184 188 106
147 80 106
122 25 106
67 101 106
67 101 96
67 101 96
2 136 106
122 35 106
122 35 96
122 35 96
122 35 96
122 35 96
122 35 96
122 35 96
122 35 96
122 35 96
122 35 96
122 35 96
113 20 106
123 14 106
11 131 106
11 131 96
11 142 106
11 142 96
138 75 106
138 86 106
138 86 96
138 86 96
138 86 96
138 86 96
147 69 106
147 69 96
147 69 96
147 69 96
193 182 106
193 182 96
193 182 96
193 182 96
184 177 106
184 177 96
184 177 96
184 177 96
184 177 96
184 177 96
184 177 96
184 177 96
184 177 96
184 177 96
193 194 106
199 188 106
199 188 96
58 106 106
58 106 96
58 106 96
58 106 96
58 106 96
58 95 106
58 95 96
58 95 96
58 95 96
58 95 96
58 95 96
58 95 96
58 95 96
58 95 96
58 95 96
58 95 96
58 95 96
67 112 106
67 112 96
67 112 96
67 112 96
67 112 96
67 112 96
67 112 96
76 95 106
2 147 106
132 19 106
132 19 96
184 199 106
49 111 106
49 111 96
49 111 96
49 111 96
138 65 106
138 65 96
113 30 106
104 25 106
174 194 106
174 194 96
129 70 106
129 60 106
129 60 96
129 60 96
129 60 96
129 60 96
129 60 96
129 60 96
129 60 96
2 125 106
2 125 96
11 120 106
11 120 96
11 120 96
11 120 96
11 120 96
11 120 96
11 120 96
11 120 96
11 120 96
11 120 96
11 120 96
11 153 106
11 153 96
11 153 96
11 153 96
11 153 96
11 153 96
11 153 96
11 153 96
11 153 96
11 153 96
11 153 96
76 106 106
85 101 106
129 81 106
129 81 96
129 81 96
129 81 96
129 81 96
129 81 96
129 81 96
129 81 96
129 81 96
129 81 96
148 91 106
148 91 96
148 91 96
148 91 96
85 111 106
85 111 96
85 111 96
21 137 106
21 137 96
21 137 96
21 137 96
21 137 96
21 137 96
21 137 96
21 137 96
21 137 96
21 137 96
21 137 96
21 137 96
103 36 106
199 199 106
94 30 106
94 30 96
94 30 96
94 30 96
94 30 96
94 30 96
94 30 96
94 30 96
94 30 96
94 30 96
94 30 96
112 41 106
112 41 96
103 46 106
103 46 96
103 46 96
120 66 106
120 66 96
120 66 96
120 66 96
120 66 96
120 66 96
120 66 96
120 66 96
94 105 106
103 110 106
94 117 106
94 117 96
199 177 106
199 177 96
199 177 96
199 177 96
199 177 96
199 177 96
199 177 96
199 177 96
199 177 96
199 177 96
199 177 96
103 122 106
103 122 96
103 122 96
103 122 96
103 122 96
103 122 96
112 51 106
112 51 96
112 51 96
112 51 96
112 51 96
112 51 96
112 51 96
112 51 96
112 51 96
112 51 96
112 51 96
104 14 106
113 9 106
104 3 106
95 8 106
95 8 96
95 8 96
95 8 96
103 99 106
103 99 96
94 95 106
94 95 96
94 95 96
85 90 106
93 84 106
93 84 96
93 84 96
93 84 96
93 84 96
93 84 96
93 84 96
93 84 96
93 84 96
174 182 106
174 182 96
174 182 96
174 182 96
174 182 96
174 182 96
174 182 96
174 182 96
174 182 96
174 182 96
138 97 106
138 97 96
138 97 96
138 97 96
138 97 96
112 104 106
112 104 96
112 104 96
112 115 106
112 115 96
112 115 96
112 115 96
112 115 96
112 115 96
2 114 106
2 114 96
2 114 96
2 114 96
2 114 96
2 114 96
2 114 96
2 114 96
2 114 96
2 114 96
2 114 96
2 114 96
2 114 96
2 114 96
2 114 96
2 114 96
2 114 96
2 114 96
123 3 106
123 3 96
123 3 96
123 3 96
123 3 96
123 3 96
123 3 96
2 158 106
2 158 96
2 158 96
2 158 96
2 158 96
2 158 96
2 158 96
2 158 96
2 158 96
2 158 96
2 158 96
2 158 96
2 158 96
2 158 96
157 75 106
157 85 106
157 85 96
167 80 106
167 80 96
167 80 96
167 80 96
167 69 106
157 64 106
157 64 96
157 64 96
167 59 106
158 54 106
158 54 96
158 54 96
158 54 96
158 54 96
164 199 106
164 199 96
164 188 106
154 193 106
154 182 106
154 182 96
154 182 96
154 182 96
154 182 96
132 8 106
132 8 96
132 8 96
132 8 96
132 8 96
132 8 96
132 8 96
132 8 96
132 8 96
132 8 96
132 8 96
132 8 96
131 30 106
131 30 96
131 30 96
131 30 96
131 30 96
168 49 106
168 49 96
168 49 96
168 49 96
168 49 96
168 49 96
168 49 96
144 188 106
144 188 96
144 199 106
134 193 106
134 182 106
134 182 96
134 182 96
144 177 106
144 177 96
144 177 96
144 177 96
144 177 96
144 177 96
144 177 96
144 177 96
144 177 96
144 177 96
144 177 96
144 177 96
124 188 106
124 188 96
124 188 96
124 177 106
124 177 96
124 177 96
124 177 96
124 177 96
124 177 96
124 177 96
124 177 96
124 177 96
124 177 96
124 177 96
141 24 106
141 24 96
141 24 96
141 24 96
141 24 96
141 24 96
141 24 96
141 24 96
141 24 96
141 24 96
121 109 106
121 109 96
121 109 96
121 109 96
121 109 96
121 109 96
121 109 96
121 109 96
121 109 96
121 109 96
177 64 106
177 54 106
177 54 96
177 54 96
177 54 96
177 75 106
177 75 96
187 70 106
187 70 96
187 70 96
187 70 96
187 70 96
187 70 96
164 177 106
164 177 96
164 177 96
164 177 96
164 177 96
164 177 96
164 177 96
164 177 96
164 177 96
164 177 96
11 120 96
11 120 96
11 120 96
11 120 96
11 120 96
11 120 96
11 120 96
11 120 96
11 120 96
11 120 96
11 120 96
11 120 96
11 120 96
148 59 106
148 59 96
148 59 96
148 59 96
148 59 96
148 59 96
148 59 96
148 59 96
148 59 96
148 59 96
148 59 96
187 59 106
187 59 96
187 59 96
187 59 96
187 59 96
187 59 96
187 59 96
187 59 96
187 59 96
187 59 96
187 59 96
76 84 106
76 84 96
85 79 106
76 74 106
76 74 96
85 68 106
85 68 96
76 63 106
76 63 96
76 63 96
76 63 96
76 63 96
76 63 96
76 63 96
76 63 96
76 63 96
76 63 96
76 63 96
76 63 96
93 73 106
93 73 96
93 73 96
93 73 96
93 73 96
94 62 106
94 62 96
94 62 96
94 62 96
94 62 96
187 81 106
187 81 96
187 81 96
187 81 96
187 81 96
187 81 96
187 81 96
187 81 96
11 153 96
11 153 96
11 153 96
11 153 96
11 153 96
11 153 96
11 153 96
11 153 96
11 153 96
11 153 96
11 153 96
94 52 106
94 52 96
94 52 96
94 52 96
94 52 96
94 52 96
94 52 96
94 52 96
94 52 96
94 52 96
94 52 96
94 52 96
94 19 106
94 19 96
94 19 96
94 19 96
94 19 96
94 19 96
94 19 96
102 67 106
102 67 96
102 67 96
102 67 96
102 67 96
102 67 96
102 67 96
102 67 96
102 67 96
102 67 96
102 67 96
102 67 96
1 170 106
1 181 106
1 181 96
1 181 96
11 176 106
11 176 96
11 176 96
11 176 96
11 176 96
11 176 96
10 187 106
10 187 96
10 187 96
10 187 96
10 187 96
10 187 96
10 187 96
10 187 96
10 187 96
10 187 96
10 187 96
10 187 96
10 187 96
10 187 96
10 187 96
10 187 96
124 199 106
124 199 96
124 199 96
124 199 96
124 199 96
124 199 96
124 199 96
124 199 96
124 199 96
124 199 96
20 170 106
20 170 96
29 176 106
30 165 106
39 171 106
39 182 106
39 182 96
39 182 96
39 182 96
39 182 96
39 182 96
39 182 96
39 182 96
39 182 96
39 182 96
39 182 96
39 182 96
39 159 106
48 165 106
48 154 106
48 154 96
48 154 96
58 160 106
58 160 96
58 160 96
58 149 106
58 149 96
58 149 96
58 149 96
58 149 96
58 149 96
58 149 96
58 149 96
58 149 96
58 149 96
58 149 96
58 149 96
58 149 96
58 171 106
58 171 96
67 166 106
67 177 106
67 177 96
76 171 106
76 182 106
76 182 96
76 182 96
76 182 96
48 176 106
48 176 96
48 176 96
48 176 96
48 176 96
48 176 96
48 176 96
48 176 96
48 176 96
48 176 96
48 176 96
48 176 96
86 177 106
86 177 96
86 177 96
86 177 96
86 177 96
86 177 96
86 177 96
86 177 96
86 177 96
86 177 96
86 177 96
86 177 96
115 194 106
115 194 96
115 194 96
115 194 96
115 194 96
115 194 96
115 194 96
115 194 96
167 91 106
167 91 96
167 91 96
167 91 96
167 91 96
167 91 96
167 91 96
167 91 96
167 91 96
167 91 96
167 91 96
167 91 96
167 91 96
167 91 96
85 13 106
85 13 96
85 13 96
85 13 96
85 13 96
85 13 96
85 13 96
85 13 96
85 13 96
85 13 96
85 13 96
85 13 96
85 13 96
85 13 96
85 13 96
85 13 96
76 161 106
95 128 106
95 128 96
95 128 96
95 128 96
95 128 96
95 128 96
95 128 96
95 128 96
95 128 96
95 128 96
95 128 96
95 128 96
95 128 96
95 128 96
111 93 106
111 93 96
120 98 106
129 103 106
129 103 96
129 103 96
129 103 96
67 188 106
67 188 96
67 188 96
67 188 96
67 188 96
67 188 96
67 188 96
67 188 96
67 188 96
67 188 96
67 188 96
67 188 96
67 188 96
86 155 106
76 150 106
140 35 106
140 35 96
140 35 96
140 35 96
140 35 96
149 39 106
149 39 96
158 44 106
158 44 96
158 44 96
158 44 96
158 44 96
158 44 96
86 144 106
86 144 96
86 144 96
86 144 96
86 144 96
86 144 96
86 144 96
86 144 96
105 199 106
105 199 96
105 199 96
105 199 96
105 199 96
95 194 106
95 194 96
95 194 96
95 194 96
86 199 106
86 199 96
86 199 96
86 199 96
86 199 96
86 199 96
86 199 96
86 199 96
86 199 96
86 199 96
86 199 96
86 199 96
86 199 96
86 199 96
105 188 106
105 188 96
114 182 179
114 182 96
114 182 96
114 182 96
114 182 96
114 182 96
114 182 96
114 182 96
114 182 96
114 182 96
67 155 185
67 155 96
95 150 106
95 150 96
95 150 96
95 150 96
95 150 96
95 150 96
95 150 96
95 150 96
95 150 96
95 150 96
39 148 106
39 148 96
39 148 96
39 148 96
39 148 96
39 148 96
39 148 96
39 148 96
105 177 106
105 177 96
105 177 96
105 177 96
105 177 96
105 177 96
105 177 96
105 166 106
105 166 96
105 166 96
105 166 96
105 166 96
105 166 96
105 166 96
105 166 96
105 166 96
105 166 96
105 166 96
105 166 96
105 166 96
105 166 96
105 166 96
105 166 96
105 166 96
95 182 258
95 182 96
95 182 96
86 188 200
86 188 96
86 188 96
86 188 96
86 188 96
129 92 106
129 92 96
129 92 96
129 92 96
129 92 96
129 92 96
129 92 96
129 92 96
129 92 96
20 181 318
20 181 96
20 181 96
20 181 96
20 181 96
20 181 96
20 181 96
29 187 106
29 187 96
29 187 96
29 187 96
29 187 96
29 187 96
29 187 96
139 108 106
148 102 106
148 102 96
148 102 96
148 102 96
148 102 96
148 102 96
148 102 96
148 102 96
148 102 96
148 102 96
38 193 106
38 193 96
38 193 96
38 193 96
38 193 96
38 193 96
38 193 96
38 193 96
38 193 96
38 193 96
38 193 96
38 193 96
38 193 96
38 193 96
38 193 96
38 193 96
38 193 96
30 154 209
30 154 96
30 154 96
30 154 96
30 154 96
30 154 96
30 154 96
30 154 96
150 29 106
150 29 96
150 29 96
150 29 96
150 29 96
150 29 96
150 29 96
150 29 96
150 29 96
150 29 96
150 29 96
150 29 96
130 114 106
130 114 96
130 114 96
130 114 96
130 114 96
140 120 106
149 114 106
150 125 106
150 125 96
150 125 96
150 125 96
150 125 96
150 125 96
150 125 96
150 125 96
150 125 96
11 164 519
11 164 96
11 164 96
11 164 96
11 164 96
11 164 96
11 164 96
11 164 96
11 164 96
11 164 96
11 164 96
11 164 96
11 164 96
76 139 106
76 139 96
76 139 96
76 139 96
76 139 96
76 139 96
76 139 96
76 139 96
76 139 96
76 139 96
76 139 96
76 139 96
76 139 96
76 139 96
76 139 96
131 126 106
122 120 106
122 120 96
122 120 96
122 120 96
122 120 96
122 120 96
122 120 96
122 120 96
122 120 96
122 120 96
132 137 106
141 131 106
142 143 106
86 166 548
95 160 159
95 160 96
95 160 96
95 171 459
95 171 96
95 171 96
151 137 106
151 137 96
151 137 96
151 137 96
151 137 96
151 137 96
151 137 96
151 137 96
151 137 96
151 137 96
151 137 96
151 137 96
151 137 96
133 149 106
143 154 106
76 193 513
76 193 96
76 193 96
76 193 96
76 193 96
76 193 96
76 193 96
76 193 96
76 193 96
76 193 96
76 193 96
76 193 96
76 193 96
76 193 96
48 176 96
48 176 96
48 176 96
48 176 96
48 176 96
48 176 96
48 176 96
48 176 96
48 176 96
48 176 96
48 176 96
48 176 96
102 88 162
102 88 96
102 88 96
102 88 96
102 88 96
102 88 96
102 88 96
102 88 96
102 88 96
102 88 96
102 88 96
102 88 96
67 79 106
67 79 96
67 79 96
67 79 96
67 79 96
67 79 96
67 79 96
67 79 96
67 79 96
159 120 106
159 120 96
159 120 96
159 120 96
159 120 96
159 120 96
67 144 703
134 160 106
134 160 96
134 171 472
134 171 96
134 171 96
134 171 96
134 171 96
134 171 96
134 171 96
134 171 96
134 171 96
3 136 15
3 136 96
3 137 15
3 137 96
3 138 15
3 138 96
3 139 15
3 139 96
3 140 15
3 140 96
2 140 15
2 140 96
2 141 15
2 141 96
2 142 15
2 142 96
2 143 15
2 143 96
2 144 15
2 144 96
2 145 15
2 145 96
2 146 31
2 146 96
30 166 15
30 166 96
30 167 15
30 167 96
30 168 15
30 168 96
30 169 15
30 169 96
30 170 15
30 170 96
29 170 15
29 170 96
29 171 15
29 171 96
28 171 15
28 171 96
28 172 15
28 172 96
28 173 15
28 173 96
27 173 15
27 173 96
26 173 15
26 173 96
25 173 15
25 173 96
24 173 19
24 173 96
23 173 44
23 173 96
22 173 72
22 173 96
21 173 106
21 174 144
20 174 180
19 174 221
18 174 267
17 174 315
16 174 364
15 174 409
14 174 448
13 174 476
13 174 96
12 174 490
12 174 96
11 174 488
11 174 96
11 174 96
10 174 467
10 174 96
10 174 96
9 174 427
9 174 96
9 174 96
9 174 96
8 174 369
8 174 96
8 174 96
8 174 96
7 174 294
7 174 96
7 174 96
7 174 96
7 174 96
6 174 207
6 174 96
6 174 96
6 174 96
6 174 96
5 174 111
5 174 96
5 174 96
5 174 96
5 174 96
4 174 15
4 174 96
4 174 96
4 174 96
3 174 15
3 174 96
3 174 96
3 174 96
3 173 15
3 173 96
3 173 96
2 173 15
2 173 96
2 173 96
2 172 15
2 172 96
2 172 96
1 172 15
1 172 96
1 171 15
1 171 96
0 170 15
0 170 96
0 169 124
0 168 259
0 167 398
0 166 536
0 165 666
0 164 782
0 163 881
0 162 958
0 161 1009
0 160 1033
0 159 1030
0 158 1001
0 157 948
0 156 874
0 155 783
0 154 682
0 153 576
0 152 470
0 151 370
0 150 281
0 149 207
0 148 151
0 147 113
1 147 90
66 166 15
65 166 15
65 166 96
64 166 15
64 166 96
63 166 15
63 166 96
62 166 15
62 166 96
61 166 15
61 166 96
60 166 15
60 166 96
59 166 15
59 166 96
58 166 15
58 166 96
58 165 15
58 165 96
58 164 15
58 164 96
57 164 15
57 164 96
56 164 15
56 164 96
55 164 15
55 164 96
54 164 15
54 164 96
53 164 15
53 164 96
52 164 15
52 164 96
52 164 96
51 164 15
51 164 96
51 164 96
50 164 15
50 164 96
50 164 96
49 164 15
49 164 96
48 164 15
48 164 96
47 164 15
47 164 96
46 164 15
46 164 96
45 164 15
45 164 96
44 164 15
44 164 96
43 164 15
43 164 96
43 165 15
43 165 96
42 165 15
42 165 96
41 165 15
41 165 96
40 165 15
40 165 96
39 165 15
39 165 96
38 165 15
38 165 96
37 165 15
37 165 96
36 165 15
36 165 96
35 165 15
35 165 96
34 165 15
34 165 96
33 165 15
33 165 96
32 165 15
32 165 96
31 165 21
31 165 96
104 188 89
104 188 96
103 188 38
103 188 96
102 188 15
102 188 96
101 188 15
101 188 96
100 188 15
100 188 96
99 188 15
99 188 96
99 188 96
99 187 15
99 187 96
99 187 96
99 186 15
99 186 96
99 186 96
99 185 15
99 185 96
99 185 96
99 184 15
99 184 96
99 184 96
99 183 15
99 183 96
99 183 96
99 182 43
99 182 96
99 182 96
99 181 93
99 181 96
99 181 96
99 180 148
99 180 96
99 180 96
99 179 207
99 179 96
99 179 96
99 178 268
99 178 96
99 178 96
99 177 329
99 177 96
99 177 96
99 177 96
99 176 390
99 176 96
99 176 96
99 176 96
98 176 440
98 176 96
98 176 96
98 176 96
98 175 483
98 175 96
98 175 96
98 175 96
98 174 520
98 174 96
98 174 96
98 173 551
98 173 96
98 173 96
98 172 577
98 172 96
97 172 583
97 172 96
97 171 579
96 171 595
95 170 582
95 169 518
95 168 455
95 167 398
95 166 350
94 166 305
94 166 96
94 165 247
94 165 96
94 164 204
94 164 96
94 164 96
93 164 151
93 164 96
93 164 96
93 163 109
93 163 96
93 163 96
93 163 96
92 163 70
92 163 96
92 163 96
92 163 96
92 162 34
92 162 96
92 162 96
92 162 96
91 162 15
91 162 96
91 162 96
91 162 96
91 161 15
91 161 96
91 161 96
91 161 96
91 160 15
91 160 96
91 160 96
91 159 15
91 159 96
91 159 96
90 159 15
90 159 96
90 159 96
89 159 15
89 159 96
88 159 15
88 159 96
87 159 15
87 159 96
86 159 15
86 159 96
85 159 15
85 159 96
84 159 26
83 159 42
82 159 54
81 159 59
80 159 60
79 159 56
78 159 50
77 159 43
76 159 38
76 160 48
75 161 56
75 162 59
75 163 59
75 164 56
75 165 49
74 165 36
74 166 18
73 166 15
72 166 15
71 166 15
70 166 15
69 166 15
68 166 15
106 188 210
107 188 276
108 188 341
109 188 405
110 188 464
111 188 516
112 188 561
113 188 596
114 188 620
115 188 632
116 188 632
117 188 620
118 188 596
119 188 561
120 188 516
121 188 463
121 188 96
122 188 402
122 188 96
123 188 337
123 188 96
125 188 200
125 188 96
126 188 133
126 188 96
127 188 70
127 188 96
128 188 15
128 188 96
129 188 15
129 188 96
130 188 15
130 188 96
131 188 15
131 188 96
132 188 15
132 188 96
132 189 15
132 189 96
132 190 15
132 190 96
132 191 15
132 191 96
133 191 15
133 191 96
133 192 15
133 192 96
134 192 15
134 192 96
134 149 15
134 149 96
134 150 15
134 150 96
134 151 15
134 151 96
134 152 15
134 152 96
134 153 15
134 153 96
134 154 15
134 154 96
134 155 15
134 155 96
134 156 15
134 156 96
134 157 15
134 157 96
134 158 25
134 158 96
134 159 89
134 159 96
134 161 258
134 161 96
134 162 359
134 162 96
134 163 468
134 163 96
134 164 583
134 164 96
134 164 96
134 165 700
134 165 96
134 165 96
134 166 814
134 166 96
134 166 96
134 167 921
134 167 96
134 167 96
134 167 96
134 168 1018
134 168 96
134 168 96
134 169 1099
134 169 96
134 169 96
134 170 1161
134 170 96
134 172 1216
134 173 1206
134 174 1170
134 175 1109
134 176 1025
134 177 922
134 178 803
134 179 675
134 180 541
134 181 408
134 183 164
134 183 96
134 184 63
134 184 96
134 184 96
134 185 15
134 185 96
134 185 96
134 186 15
134 186 96
134 187 15
134 187 96
134 188 15
134 188 96
134 189 15
134 189 96
134 190 15
134 190 96
134 191 15
134 191 96
135 149 15
135 149 96
136 149 15
136 149 96
137 149 15
137 149 96
138 149 15
138 149 96
138 148 15
138 148 96
138 147 15
138 147 96
138 146 15
138 146 96
138 145 15
138 145 96
138 144 15
138 144 96
138 143 15
138 143 96
138 142 15
138 142 96
138 141 15
138 141 96
138 140 15
138 140 96
138 139 15
138 139 96
138 138 15
138 138 96
138 137 15
138 137 96
138 136 15
138 136 96
138 135 15
138 135 96
138 134 15
138 134 96
138 133 15
138 133 96
138 132 15
138 132 96
138 131 15
138 131 96
138 130 15
138 130 96
138 129 15
138 129 96
138 128 15
138 128 96
138 127 15
138 127 96
138 126 15
138 126 96
138 125 15
138 125 96
138 124 15
138 124 96
138 123 15
138 123 96
138 122 15
138 122 96
138 121 15
138 121 96
138 120 15
138 120 96
138 119 15
138 119 96
138 118 15
138 118 96
138 117 15
138 117 96
138 116 15
138 116 96
138 115 15
138 115 96
138 114 15
138 114 96
138 113 15
138 113 96
139 113 15
139 113 96
139 112 15
139 112 96
139 111 15
139 111 96
139 110 15
139 110 96
139 109 36
139 109 96
138 108 46
138 108 96
138 107 75
138 107 96
138 106 110
138 106 96
138 105 150
138 105 96
138 104 192
138 103 237
138 102 281
138 101 323
138 100 362
138 99 397
138 98 427
139 97 439
139 97 96
140 97 440
140 97 96
140 96 435
140 96 96
140 95 424
140 95 96
140 94 407
140 94 96
140 93 387
140 93 96
141 93 356
141 93 96
141 92 323
141 92 96
141 91 290
142 91 256
142 91 96
142 90 217
142 90 96
142 89 183
142 89 96
143 89 151
143 89 96
143 88 118
143 88 96
143 87 93
143 87 96
144 87 66
144 87 96
144 86 47
144 86 96
145 86 30
145 86 96
145 85 18
145 85 96
146 85 15
146 85 96
147 85 15
147 85 96
147 84 15
147 84 96
147 83 15
147 83 96
147 82 15
147 82 96
147 81 28
148 82 15
148 82 96
149 82 15
149 82 96
150 82 15
150 82 96
151 82 15
151 82 96
152 82 15
152 82 96
153 82 15
153 82 96
154 82 15
154 82 96
155 82 15
155 82 96
156 82 15
156 82 96
156 81 15
156 81 96
157 81 15
157 81 96
158 81 15
158 81 96
158 80 15
158 80 96
159 80 15
159 80 96
159 79 15
159 79 96
160 79 15
160 79 96
160 78 15
160 78 96
160 77 15
160 77 96
161 77 15
161 77 96
161 76 15
161 76 96
161 75 15
161 75 96
162 75 20
162 75 96
162 74 25
162 73 32
163 73 36
163 72 40
163 71 44
163 70 46
163 69 47
163 68 46
163 67 45
163 66 43
163 65 41
163 64 41
163 63 43
163 62 48
163 62 96
163 61 58
163 61 96
163 60 71
163 60 96
163 59 90
163 59 96
163 58 114
163 58 96
162 58 140
162 57 169
162 56 201
161 56 236
161 55 269
161 54 305
160 54 343
159 54 395
158 53 476
158 52 485
158 51 492
158 50 496
158 49 499
158 49 96
158 48 501
158 48 96
158 47 505
158 47 96
158 46 512
158 46 96
158 45 522
158 45 96
157 44 482
157 44 96
156 44 436
156 44 96
155 44 402
155 44 96
154 44 378
154 44 96
154 43 347
154 43 96
153 43 322
153 43 96
153 42 291
153 42 96
152 42 267
152 41 242
151 41 220
151 40 206
150 40 187
149 40 182
148 39 173
148 38 180
147 38 185
146 38 202
146 37 217
145 37 237
145 36 265
144 36 287
143 36 318
143 35 344
142 35 372
141 35 406
140 34 450
140 34 96
140 33 465
139 33 482
139 33 96
139 32 491
139 32 96
138 32 497
138 32 96
138 32 96
138 31 495
138 31 96
137 31 490
137 31 96
137 31 96
137 30 477
137 30 96
136 30 460
136 30 96
136 29 437
136 29 96
135 29 409
135 28 377
134 28 341
134 27 301
133 27 261
133 26 218
132 26 175
132 25 133
132 25 96
131 25 91
131 25 96
131 24 53
131 24 96
130 24 15
130 24 96
130 24 96
129 24 15
129 24 96
129 24 96
128 24 15
128 24 96
127 24 15
127 24 96
126 24 15
126 24 96
125 24 15
125 24 96
124 24 15
124 24 96
123 24 15
123 24 96
122 24 15
122 24 96
137 108 38
137 108 96
136 108 42
136 108 96
135 108 58
135 108 96
135 108 96
135 107 75
135 107 96
134 107 99
134 107 96
134 106 119
134 106 96
134 105 147
134 105 96
133 105 172
133 105 96
133 104 205
133 104 96
132 104 233
132 104 96
131 104 266
131 104 96
131 103 297
131 103 96
130 103 326
130 103 96
128 103 376
128 103 96
128 102 393
127 102 400
126 102 398
125 102 389
124 102 372
123 102 348
123 101 315
122 101 271
121 101 224
120 101 176
120 100 124
119 100 68
118 100 17
118 100 96
117 100 15
117 100 96
116 100 15
116 100 96
115 100 15
115 100 96
114 100 15
114 100 96
113 100 15
113 100 96
112 100 15
112 100 96
111 100 15
111 100 96
110 100 15
110 100 96
109 100 15
109 100 96
108 100 21
108 100 96
108 101 52
108 101 96
107 101 75
107 101 96
106 101 95
106 101 96
105 101 114
104 101 128
103 101 138
102 101 144
101 101 145
100 101 143
99 101 139
98 101 132
98 101 96
97 101 125
97 101 96
96 101 118
96 101 96
95 101 111
94 101 106
93 101 102
92 101 100
91 101 98
90 101 95
89 101 92
88 101 86
87 101 77
86 101 64
84 101 26
83 101 15
82 101 15
81 101 15
80 101 15
79 101 15
78 101 15
77 101 15
76 101 15
75 101 15
75 101 96
74 101 15
74 101 96
73 101 15
73 101 96
72 101 15
72 101 96
71 101 15
71 101 96
70 101 43
70 101 96
69 101 111
69 101 96
68 101 186
68 101 96
135 192 15
135 192 96
136 192 15
136 192 96
137 192 15
137 192 96
138 192 15
138 192 96
139 192 15
139 192 96
140 192 15
140 192 96
141 192 15
141 192 96
142 192 15
142 192 96
143 192 15
143 192 96
144 192 15
144 192 96
145 192 15
145 192 96
146 192 15
146 192 96
147 192 15
147 192 96
148 192 17
148 192 96
149 192 27
149 192 96
150 192 33
150 192 96
151 192 36
151 192 96
152 192 36
152 192 96
153 192 32
153 192 96
154 192 24
154 192 96
155 192 15
155 192 96
156 192 15
156 192 96
157 192 15
157 192 96
158 192 15
158 192 96
159 192 15
159 192 96
159 193 15
159 193 96
160 193 15
160 193 96
161 193 15
161 193 96
162 193 15
162 193 96
163 193 15
163 193 96
164 193 18
164 193 96
164 194 28
164 194 96
165 194 39
165 194 96
165 195 49
165 195 96
166 195 59
166 195 96
166 196 70
166 196 96
167 196 77
167 196 96
168 196 86
169 196 95
170 196 103
171 196 109
172 196 113
173 196 112
174 196 108
174 196 96
175 196 100
175 196 96
176 196 89
176 196 96
177 196 76
177 196 96
178 196 62
178 196 96
179 196 49
179 196 96
180 196 38
180 196 96
181 196 29
181 196 96
182 196 24
182 196 96
183 196 23
183 196 96
183 195 19
183 195 96
184 195 19
184 195 96
184 194 15
184 194 96
185 194 15
185 194 96
185 193 15
185 193 96
185 192 15
185 192 96
185 191 15
185 191 96
185 190 15
185 190 96
185 189 16
185 189 96
185 188 32
185 188 96
