140 27 13
140 27 3
140 27 3
140 27 3
140 27 3
140 27 3
140 27 3
140 27 3
38 20 13
38 20 3
38 20 3
170 184 13
170 184 3
114 139 13
131 32 13
131 32 3
131 32 3
131 32 3
131 32 3
131 32 3
131 32 3
131 32 3
131 32 3
131 32 3
131 32 3
131 32 3
131 32 3
131 32 3
131 32 3
131 32 3
131 32 3
131 32 3
131 32 3
131 32 3
131 32 3
131 32 3
131 32 3
131 32 3
131 32 3
131 32 3
131 32 3
131 32 3
131 32 3
131 32 3
131 32 3
131 32 3
131 32 3
131 32 3
131 32 3
131 32 3
131 32 3
131 32 3
131 32 3
131 32 3
131 32 3
131 32 3
131 32 3
131 32 3
131 32 3
131 32 3
131 32 3
131 32 3
131 32 3
131 32 3
131 32 3
131 32 3
131 32 3
131 32 3
131 32 3
131 32 3
131 32 3
131 32 3
131 32 3
131 32 3
131 32 3
131 32 3
131 32 3
131 32 3
131 32 3
131 32 3
131 32 3
131 32 3
131 32 3
131 32 3
131 32 3
131 32 3
131 32 3
131 32 3
131 32 3
131 32 3
131 32 3
131 32 3
131 32 3
131 32 3
131 32 3
131 32 3
131 32 3
131 32 3
131 21 13
131 21 3
131 21 3
131 21 3
131 21 3
131 21 3
131 21 3
131 21 3
131 21 3
131 21 3
131 21 3
131 21 3
131 21 3
131 21 3
131 21 3
131 21 3
131 21 3
131 21 3
131 21 3
131 21 3
131 21 3
131 21 3
131 21 3
131 21 3
131 21 3
131 21 3
131 21 3
131 21 3
131 21 3
131 21 3
131 21 3
131 21 3
131 21 3
131 21 3
131 21 3
131 21 3
131 21 3
131 21 3
131 21 3
131 21 3
131 21 3
131 21 3
131 21 3
131 21 3
131 21 3
131 21 3
131 21 3
131 21 3
131 21 3
131 21 3
131 21 3
131 21 3
131 21 3
131 21 3
131 21 3
131 21 3
131 21 3
131 21 3
131 21 3
131 21 3
131 21 3
131 21 3
131 21 3
131 21 3
131 21 3
131 21 3
131 21 3
131 21 3
131 21 3
131 21 3
131 21 3
131 21 3
131 21 3
131 21 3
131 21 3
131 21 3
131 21 3
131 21 3
131 21 3
131 21 3
131 21 3
131 21 3
131 21 3
131 21 3
131 21 3
131 21 3
131 21 3
131 21 3
131 21 3
131 21 3
131 21 3
131 21 3
131 21 3
131 21 3
131 21 3
131 21 3
131 21 3
131 21 3
131 21 3
131 21 3
131 21 3
131 21 3
131 21 3
131 21 3
131 21 3
131 21 3
131 21 3
131 21 3
131 21 3
131 21 3
131 21 3
131 21 3
131 21 3
131 21 3
131 21 3
131 21 3
131 21 3
131 21 3
131 21 3
131 21 3
131 21 3
131 21 3
131 21 3
131 21 3
131 21 3
131 21 3
131 21 3
131 21 3
131 21 3
131 21 3
131 21 3
131 21 3
131 21 3
131 21 3
131 21 3
131 21 3
131 21 3
131 21 3
131 21 3
131 21 3
131 21 3
131 21 3
131 21 3
131 21 3
131 21 3
131 21 3
131 21 3
131 21 3
131 21 3
131 21 3
131 21 3
131 21 3
131 21 3
131 21 3
131 21 3
131 21 3
131 21 3
131 21 3
131 21 3
131 21 3
131 21 3
131 21 3
131 21 3
131 21 3
131 21 3
131 21 3
131 21 3
131 21 3
131 21 3
131 21 3
131 21 3
131 21 3
131 21 3
131 21 3
131 21 3
131 21 3
131 21 3
131 21 3
131 21 3
131 21 3
131 21 3
131 21 3
131 21 3
131 21 3
131 21 3
131 21 3
131 21 3
131 21 3
131 21 3
131 21 3
131 21 3
131 21 3
131 21 3
131 21 3
131 21 3
131 21 3
131 21 3
131 21 3
131 21 3
131 21 3
131 21 3
131 21 3
131 21 3
131 21 3
131 21 3
131 21 3
131 21 3
131 21 3
131 21 3
131 21 3
131 21 3
131 21 3
131 21 3
131 21 3
131 21 3
131 21 3
131 21 3
131 21 3
131 21 3
131 21 3
131 21 3
131 21 3
131 21 3
131 21 3
131 21 3
131 21 3
131 21 3
131 21 3
131 21 3
131 21 3
131 21 3
131 21 3
131 21 3
131 21 3
131 21 3
131 21 3
131 21 3
131 21 3
131 21 3
131 21 3
131 21 3
131 21 3
131 21 3
131 21 3
131 21 3
131 21 3
131 21 3
131 21 3
131 21 3
131 21 3
131 21 3
131 21 3
131 21 3
131 21 3
131 21 3
131 21 3
131 21 3
131 21 3
131 21 3
131 21 3
131 21 3
131 21 3
131 21 3
131 21 3
131 21 3
131 21 3
131 21 3
131 21 3
131 21 3
131 21 3
131 21 3
131 21 3
131 21 3
131 21 3
131 21 3
131 21 3
131 21 3
131 21 3
131 21 3
131 21 3
131 21 3
131 21 3
131 21 3
131 21 3
131 21 3
131 21 3
131 21 3
131 21 3
131 21 3
131 21 3
131 21 3
131 21 3
131 21 3
131 21 3
131 21 3
131 21 3
131 21 3
131 21 3
131 21 3
131 21 3
131 21 3
131 21 3
131 21 3
131 21 3
131 21 3
131 21 3
131 21 3
131 21 3
131 21 3
131 21 3
131 21 3
131 21 3
131 21 3
131 21 3
131 21 3
140 38 13
150 32 13
105 144 13
105 133 13
150 21 13
150 21 3
150 21 3
131 43 13
131 43 3
131 43 3
131 43 3
131 43 3
131 43 3
131 43 3
131 43 3
131 43 3
131 43 3
131 43 3
131 43 3
131 43 3
131 43 3
131 43 3
131 43 3
131 43 3
131 43 3
131 43 3
131 43 3
131 43 3
131 43 3
131 43 3
131 43 3
131 43 3
131 43 3
131 43 3
131 43 3
131 43 3
131 43 3
131 43 3
131 43 3
131 43 3
131 43 3
131 43 3
131 43 3
131 43 3
131 43 3
131 43 3
131 43 3
131 43 3
131 43 3
131 43 3
131 43 3
131 43 3
131 43 3
131 43 3
131 43 3
131 43 3
131 43 3
131 43 3
131 43 3
131 43 3
131 43 3
131 43 3
131 43 3
131 43 3
131 43 3
131 43 3
131 43 3
114 128 13
114 128 3
114 128 3
114 128 3
114 128 3
114 128 3
114 128 3
114 128 3
114 128 3
114 128 3
114 128 3
114 128 3
114 128 3
114 128 3
114 128 3
114 128 3
114 128 3
114 128 3
114 128 3
114 128 3
114 128 3
114 128 3
114 128 3
114 128 3
114 128 3
114 128 3
114 128 3
114 128 3
114 128 3
114 128 3
114 128 3
114 128 3
114 128 3
114 128 3
114 128 3
114 128 3
114 128 3
114 128 3
159 26 13
159 26 3
159 26 3
159 26 3
159 26 3
161 189 13
161 189 3
161 189 3
161 189 3
161 189 3
161 189 3
161 189 3
161 189 3
161 189 3
161 189 3
161 189 3
161 189 3
161 189 3
161 189 3
161 189 3
161 189 3
161 189 3
161 189 3
161 189 3
161 189 3
161 189 3
161 189 3
161 189 3
161 189 3
161 189 3
161 189 3
161 189 3
161 189 3
161 189 3
161 189 3
161 189 3
161 189 3
161 189 3
161 178 13
159 15 13
159 15 3
159 15 3
159 15 3
159 15 3
159 15 3
159 15 3
159 15 3
159 15 3
159 15 3
159 15 3
159 15 3
159 15 3
159 15 3
159 15 3
159 15 3
159 15 3
159 15 3
159 15 3
159 15 3
159 15 3
159 15 3
159 15 3
159 15 3
159 15 3
159 15 3
159 15 3
159 15 3
159 15 3
159 15 3
159 15 3
159 15 3
159 15 3
159 15 3
159 15 3
159 15 3
159 15 3
159 15 3
159 15 3
159 15 3
159 15 3
159 15 3
159 15 3
159 15 3
159 15 3
159 15 3
159 15 3
159 15 3
159 15 3
159 15 3
159 15 3
159 15 3
159 15 3
159 15 3
159 15 3
159 15 3
159 15 3
159 15 3
159 15 3
159 15 3
159 15 3
159 15 3
159 15 3
159 15 3
159 15 3
159 15 3
159 15 3
159 15 3
159 15 3
159 15 3
159 15 3
159 15 3
159 15 3
159 15 3
159 15 3
159 15 3
159 15 3
159 15 3
159 15 3
159 15 3
159 15 3
159 15 3
159 15 3
159 15 3
159 15 3
159 15 3
159 15 3
159 15 3
159 15 3
159 15 3
159 15 3
159 15 3
159 15 3
159 15 3
159 15 3
159 15 3
159 15 3
159 15 3
159 15 3
159 15 3
159 15 3
159 15 3
159 15 3
159 15 3
159 15 3
159 15 3
159 15 3
159 15 3
159 15 3
159 15 3
159 15 3
159 15 3
159 15 3
159 15 3
159 15 3
159 15 3
159 15 3
159 15 3
159 15 3
159 15 3
159 15 3
159 15 3
159 15 3
159 15 3
159 15 3
159 15 3
159 15 3
159 15 3
159 15 3
159 15 3
159 15 3
159 15 3
159 15 3
159 15 3
159 15 3
159 15 3
159 15 3
159 15 3
159 15 3
159 15 3
159 15 3
159 15 3
159 15 3
159 15 3
159 15 3
159 15 3
159 15 3
159 15 3
159 15 3
159 15 3
159 15 3
159 15 3
159 15 3
159 15 3
159 15 3
159 15 3
159 15 3
159 15 3
159 15 3
159 15 3
159 15 3
159 15 3
159 15 3
159 15 3
159 15 3
159 15 3
159 15 3
159 15 3
159 15 3
159 15 3
159 15 3
159 15 3
159 15 3
159 15 3
159 15 3
159 15 3
159 15 3
159 15 3
159 15 3
159 15 3
159 15 3
159 15 3
159 15 3
159 15 3
159 15 3
159 15 3
159 15 3
159 15 3
159 15 3
159 15 3
159 15 3
159 15 3
159 15 3
159 15 3
159 15 3
159 15 3
159 15 3
159 15 3
159 15 3
159 15 3
159 15 3
159 15 3
159 15 3
159 15 3
159 15 3
159 15 3
159 15 3
159 15 3
159 15 3
159 15 3
159 15 3
159 15 3
159 15 3
159 15 3
159 15 3
159 15 3
159 15 3
159 15 3
159 15 3
159 15 3
159 15 3
159 15 3
159 15 3
159 15 3
159 15 3
159 15 3
159 15 3
159 15 3
159 15 3
159 15 3
159 15 3
159 15 3
159 15 3
159 15 3
159 15 3
159 15 3
159 15 3
159 15 3
159 15 3
159 15 3
159 15 3
159 15 3
159 15 3
159 15 3
159 15 3
159 15 3
159 15 3
159 15 3
159 15 3
159 15 3
159 15 3
159 15 3
159 15 3
159 15 3
159 15 3
159 15 3
159 15 3
159 15 3
159 15 3
159 15 3
159 15 3
159 15 3
159 15 3
159 15 3
159 15 3
159 15 3
159 15 3
159 15 3
159 15 3
159 15 3
159 15 3
159 15 3
159 15 3
159 15 3
159 15 3
159 15 3
159 15 3
159 15 3
159 15 3
159 15 3
159 15 3
159 15 3
159 15 3
159 15 3
159 15 3
159 15 3
159 15 3
159 15 3
159 15 3
159 15 3
159 15 3
159 15 3
159 15 3
159 15 3
159 15 3
159 15 3
159 15 3
159 15 3
159 15 3
159 15 3
159 15 3
159 15 3
159 15 3
159 15 3
159 15 3
159 15 3
159 15 3
159 15 3
159 15 3
159 15 3
159 15 3
159 15 3
159 15 3
159 15 3
159 15 3
159 15 3
159 15 3
159 15 3
159 15 3
159 15 3
159 15 3
159 15 3
159 15 3
159 15 3
159 15 3
159 15 3
159 15 3
170 173 13
159 37 13
159 37 3
169 31 13
169 31 3
169 31 3
169 31 3
169 31 3
169 31 3
169 31 3
169 31 3
169 31 3
169 31 3
169 31 3
169 31 3
169 31 3
169 31 3
169 31 3
169 31 3
169 31 3
169 31 3
169 31 3
169 31 3
169 31 3
169 31 3
169 31 3
169 31 3
169 31 3
169 31 3
169 31 3
169 31 3
169 31 3
169 31 3
169 31 3
169 31 3
169 31 3
169 31 3
169 31 3
169 31 3
169 31 3
169 31 3
169 31 3
169 31 3
169 31 3
169 31 3
169 31 3
169 31 3
169 31 3
169 31 3
169 31 3
169 31 3
169 31 3
169 31 3
169 31 3
169 31 3
169 31 3
169 31 3
169 31 3
169 31 3
169 31 3
169 31 3
169 31 3
169 31 3
169 31 3
169 31 3
169 31 3
169 31 3
169 31 3
169 31 3
169 42 13
169 42 3
169 42 3
169 42 3
169 42 3
169 42 3
169 42 3
169 42 3
169 42 3
169 42 3
169 42 3
169 42 3
169 42 3
169 42 3
169 42 3
169 42 3
169 42 3
169 42 3
169 42 3
169 42 3
169 42 3
169 42 3
169 42 3
169 42 3
169 42 3
169 42 3
169 42 3
169 42 3
169 42 3
169 42 3
169 42 3
169 42 3
169 42 3
169 42 3
169 42 3
169 42 3
169 42 3
169 42 3
169 42 3
169 42 3
169 42 3
169 42 3
169 42 3
169 42 3
169 42 3
169 42 3
169 42 3
169 42 3
169 42 3
169 42 3
169 42 3
169 42 3
169 42 3
169 42 3
169 42 3
169 42 3
169 42 3
169 42 3
169 42 3
169 42 3
169 42 3
169 42 3
169 42 3
169 42 3
169 42 3
29 25 13
29 25 3
29 25 3
29 25 3
29 25 3
29 25 3
29 25 3
29 25 3
29 25 3
29 25 3
29 25 3
29 25 3
29 25 3
29 25 3
29 25 3
29 25 3
29 25 3
29 25 3
29 25 3
29 25 3
29 25 3
29 25 3
29 25 3
29 25 3
29 25 3
29 25 3
29 25 3
29 25 3
29 25 3
29 25 3
29 25 3
29 25 3
29 25 3
29 25 3
29 25 3
29 25 3
29 25 3
29 25 3
29 25 3
29 25 3
29 25 3
29 25 3
29 25 3
29 25 3
29 25 3
29 25 3
29 25 3
29 25 3
29 25 3
29 25 3
29 25 3
29 25 3
29 25 3
29 25 3
29 25 3
29 25 3
29 25 3
29 25 3
29 25 3
29 25 3
29 25 3
29 25 3
29 25 3
29 25 3
29 25 3
29 25 3
29 25 3
29 25 3
29 25 3
29 25 3
29 25 3
29 25 3
29 25 3
29 25 3
29 25 3
29 25 3
29 25 3
29 25 3
29 25 3
29 25 3
29 25 3
29 25 3
29 25 3
29 25 3
29 25 3
29 25 3
29 25 3
29 25 3
29 25 3
29 25 3
29 25 3
29 25 3
29 14 13
29 14 3
29 14 3
29 14 3
29 14 3
29 14 3
29 14 3
29 14 3
38 9 13
159 48 13
159 48 3
159 48 3
159 48 3
159 48 3
159 48 3
159 48 3
159 48 3
159 48 3
159 48 3
159 48 3
159 48 3
159 48 3
159 48 3
159 48 3
159 48 3
159 48 3
159 48 3
159 48 3
159 48 3
159 48 3
159 48 3
159 48 3
159 48 3
159 48 3
159 48 3
159 48 3
159 48 3
159 48 3
159 48 3
159 48 3
159 48 3
159 48 3
159 48 3
159 48 3
159 48 3
159 48 3
159 48 3
159 48 3
159 48 3
159 48 3
159 48 3
159 48 3
159 48 3
159 48 3
159 48 3
159 48 3
159 48 3
159 48 3
159 48 3
159 48 3
159 48 3
159 48 3
159 48 3
159 48 3
159 48 3
159 48 3
159 48 3
159 48 3
159 48 3
159 48 3
159 48 3
159 48 3
159 48 3
159 48 3
159 48 3
159 48 3
159 48 3
159 48 3
159 48 3
159 48 3
159 48 3
159 48 3
159 48 3
159 48 3
159 48 3
159 48 3
159 48 3
159 48 3
159 48 3
159 48 3
159 48 3
159 48 3
159 48 3
159 48 3
159 48 3
159 48 3
159 48 3
159 48 3
159 48 3
159 48 3
159 48 3
159 48 3
159 48 3
159 48 3
159 48 3
159 48 3
159 48 3
159 48 3
159 48 3
159 48 3
159 48 3
159 48 3
159 48 3
159 48 3
159 48 3
159 48 3
159 48 3
159 48 3
159 48 3
159 48 3
159 48 3
159 48 3
159 48 3
159 48 3
159 48 3
159 48 3
159 48 3
159 48 3
159 48 3
159 48 3
159 48 3
159 48 3
159 48 3
159 48 3
159 48 3
159 48 3
159 48 3
159 48 3
159 48 3
159 48 3
159 48 3
159 48 3
159 48 3
159 48 3
159 48 3
159 48 3
159 48 3
159 48 3
159 48 3
159 48 3
159 48 3
159 48 3
159 48 3
159 48 3
159 48 3
159 48 3
159 48 3
159 48 3
159 48 3
159 48 3
159 48 3
159 48 3
159 48 3
159 48 3
159 48 3
159 48 3
159 48 3
159 48 3
159 48 3
159 48 3
159 48 3
159 48 3
159 48 3
159 48 3
159 48 3
159 48 3
159 48 3
159 48 3
159 48 3
159 48 3
159 48 3
159 48 3
159 48 3
159 48 3
159 48 3
159 48 3
159 48 3
159 48 3
159 48 3
159 48 3
159 48 3
159 48 3
159 48 3
159 48 3
159 48 3
159 48 3
159 48 3
159 48 3
159 48 3
159 48 3
159 48 3
159 48 3
159 48 3
159 48 3
159 48 3
159 48 3
159 48 3
159 48 3
159 48 3
159 48 3
159 48 3
159 48 3
159 48 3
159 48 3
159 48 3
159 48 3
159 48 3
159 48 3
159 48 3
159 48 3
159 48 3
159 48 3
159 48 3
159 48 3
159 48 3
159 48 3
159 48 3
159 48 3
159 48 3
159 48 3
159 48 3
159 48 3
159 48 3
159 48 3
159 48 3
159 48 3
159 48 3
159 48 3
159 48 3
159 48 3
159 48 3
159 48 3
159 48 3
159 48 3
159 48 3
159 48 3
159 48 3
159 48 3
159 48 3
159 48 3
159 48 3
159 48 3
159 48 3
159 48 3
159 48 3
159 48 3
159 48 3
159 48 3
159 48 3
159 48 3
159 48 3
159 48 3
159 48 3
159 48 3
159 48 3
159 48 3
159 48 3
159 48 3
159 48 3
159 48 3
159 48 3
159 48 3
159 48 3
159 48 3
159 48 3
159 48 3
159 48 3
159 48 3
159 48 3
159 48 3
159 48 3
159 48 3
159 48 3
159 48 3
159 48 3
159 48 3
159 48 3
159 48 3
159 48 3
159 48 3
159 48 3
159 48 3
159 48 3
159 48 3
159 48 3
159 48 3
159 48 3
159 48 3
159 48 3
159 48 3
159 48 3
159 48 3
159 48 3
159 48 3
159 48 3
159 48 3
159 48 3
159 48 3
159 48 3
159 48 3
159 48 3
159 48 3
159 48 3
159 48 3
159 48 3
159 48 3
159 48 3
159 48 3
159 48 3
159 48 3
159 48 3
159 48 3
159 48 3
159 48 3
159 48 3
159 48 3
159 48 3
159 48 3
159 48 3
159 48 3
47 14 13
47 3 13
140 49 13
140 49 3
140 49 3
140 49 3
140 49 3
140 49 3
140 49 3
140 49 3
140 49 3
140 49 3
140 49 3
140 49 3
140 49 3
140 49 3
140 49 3
140 49 3
140 49 3
140 49 3
140 49 3
140 49 3
140 49 3
140 49 3
140 49 3
140 49 3
140 49 3
140 49 3
140 49 3
140 49 3
140 49 3
140 49 3
140 49 3
140 49 3
140 49 3
140 49 3
140 49 3
140 49 3
140 49 3
140 49 3
140 49 3
140 49 3
140 49 3
140 49 3
140 49 3
140 49 3
140 49 3
140 49 3
140 49 3
140 49 3
140 49 3
140 49 3
140 49 3
140 49 3
140 49 3
140 49 3
140 49 3
140 49 3
140 49 3
140 49 3
140 49 3
140 49 3
140 49 3
140 49 3
140 49 3
140 49 3
140 49 3
140 49 3
140 49 3
140 49 3
140 49 3
140 49 3
140 49 3
140 49 3
140 49 3
140 49 3
140 49 3
140 49 3
140 49 3
140 49 3
140 49 3
140 49 3
140 49 3
140 49 3
140 49 3
140 49 3
140 49 3
140 49 3
140 49 3
140 49 3
140 49 3
150 43 13
150 43 3
57 9 13
57 9 3
57 9 3
57 9 3
57 9 3
57 9 3
57 9 3
57 9 3
57 9 3
57 9 3
57 9 3
57 9 3
57 9 3
57 9 3
57 9 3
57 9 3
57 9 3
57 9 3
57 9 3
57 9 3
57 9 3
57 9 3
57 9 3
57 9 3
57 9 3
57 9 3
57 9 3
57 9 3
57 9 3
57 9 3
57 9 3
57 9 3
57 9 3
57 9 3
57 9 3
57 9 3
57 9 3
57 9 3
57 9 3
57 9 3
57 9 3
57 9 3
57 9 3
57 9 3
57 9 3
57 9 3
57 9 3
57 9 3
57 9 3
57 9 3
57 9 3
57 9 3
57 9 3
57 9 3
57 9 3
57 9 3
57 9 3
57 9 3
57 9 3
57 9 3
57 9 3
57 9 3
57 9 3
57 9 3
57 9 3
57 9 3
57 9 3
57 9 3
57 9 3
57 9 3
57 9 3
57 9 3
57 9 3
57 9 3
57 9 3
57 9 3
57 9 3
57 9 3
57 9 3
57 9 3
57 9 3
57 9 3
57 9 3
57 9 3
57 9 3
57 9 3
57 9 3
57 9 3
57 9 3
57 9 3
57 9 3
57 9 3
57 9 3
57 9 3
57 9 3
57 9 3
57 9 3
57 9 3
57 9 3
57 9 3
57 9 3
57 9 3
57 9 3
57 9 3
57 9 3
57 9 3
57 9 3
57 9 3
57 9 3
57 9 3
57 9 3
57 9 3
57 9 3
57 9 3
57 9 3
57 9 3
57 9 3
57 9 3
57 9 3
57 9 3
57 9 3
57 9 3
57 9 3
57 9 3
57 9 3
57 9 3
57 9 3
57 9 3
57 9 3
57 9 3
57 9 3
57 9 3
57 9 3
57 9 3
57 9 3
57 9 3
57 9 3
57 9 3
57 9 3
57 9 3
57 9 3
57 9 3
57 9 3
57 9 3
57 9 3
57 9 3
57 9 3
57 9 3
57 9 3
57 9 3
57 9 3
57 9 3
57 9 3
57 9 3
57 9 3
57 9 3
57 9 3
57 9 3
57 9 3
57 9 3
57 9 3
57 9 3
57 9 3
121 38 13
121 38 3
121 38 3
121 38 3
121 38 3
121 38 3
121 38 3
121 38 3
121 38 3
121 38 3
121 38 3
121 38 3
121 38 3
121 38 3
121 38 3
121 38 3
121 38 3
121 38 3
121 38 3
121 38 3
121 38 3
121 38 3
121 38 3
121 38 3
121 38 3
121 38 3
121 38 3
121 38 3
121 38 3
121 38 3
121 38 3
121 38 3
121 38 3
121 38 3
121 38 3
121 38 3
121 38 3
121 38 3
121 38 3
121 38 3
121 38 3
121 38 3
121 38 3
121 38 3
121 38 3
121 38 3
121 38 3
121 38 3
121 38 3
121 38 3
121 38 3
121 38 3
121 38 3
121 38 3
121 38 3
121 38 3
121 38 3
121 38 3
121 38 3
121 38 3
121 38 3
121 38 3
121 38 3
121 38 3
121 38 3
121 38 3
121 38 3
121 38 3
121 38 3
121 38 3
121 38 3
121 38 3
121 38 3
121 38 3
121 38 3
121 38 3
121 38 3
121 38 3
121 38 3
121 38 3
121 38 3
121 38 3
121 38 3
121 38 3
121 38 3
121 38 3
121 38 3
121 38 3
121 38 3
121 38 3
121 38 3
121 38 3
121 38 3
121 38 3
121 38 3
121 38 3
121 38 3
121 38 3
121 38 3
121 38 3
121 38 3
121 38 3
121 38 3
121 38 3
121 38 3
121 38 3
121 38 3
121 38 3
121 38 3
121 38 3
121 38 3
121 38 3
121 38 3
121 38 3
121 38 3
121 38 3
121 38 3
121 38 3
121 38 3
121 38 3
121 38 3
121 38 3
121 38 3
121 38 3
121 38 3
121 38 3
121 38 3
121 38 3
121 38 3
121 38 3
121 38 3
121 38 3
121 38 3
121 38 3
121 38 3
121 38 3
121 38 3
121 38 3
121 38 3
121 38 3
121 38 3
121 38 3
121 38 3
121 38 3
121 38 3
121 38 3
121 38 3
121 38 3
121 38 3
121 38 3
121 38 3
121 38 3
121 38 3
121 38 3
121 38 3
121 38 3
121 38 3
121 38 3
121 38 3
121 38 3
121 38 3
121 38 3
121 38 3
121 38 3
121 38 3
121 38 3
121 38 3
121 38 3
121 38 3
121 38 3
121 38 3
121 38 3
121 38 3
121 38 3
121 38 3
121 38 3
121 38 3
121 38 3
121 38 3
121 38 3
121 38 3
121 38 3
121 38 3
121 38 3
121 38 3
121 38 3
121 38 3
121 38 3
121 38 3
121 38 3
121 38 3
121 38 3
121 38 3
121 38 3
121 38 3
121 38 3
121 38 3
121 38 3
121 38 3
121 38 3
121 38 3
121 38 3
121 38 3
121 38 3
121 38 3
121 38 3
121 38 3
121 38 3
121 38 3
121 38 3
121 38 3
121 38 3
121 38 3
121 38 3
121 38 3
121 38 3
121 38 3
121 38 3
121 38 3
121 38 3
121 38 3
121 38 3
121 38 3
121 38 3
121 38 3
121 38 3
121 38 3
121 38 3
121 38 3
121 38 3
121 38 3
121 38 3
121 38 3
121 38 3
121 38 3
121 38 3
121 38 3
121 38 3
121 38 3
121 38 3
121 38 3
121 38 3
121 38 3
121 38 3
121 38 3
121 38 3
121 38 3
121 38 3
121 38 3
121 38 3
121 38 3
121 38 3
121 38 3
121 38 3
121 38 3
121 38 3
121 38 3
121 38 3
121 38 3
121 38 3
121 38 3
121 38 3
121 38 3
121 38 3
121 38 3
121 38 3
121 38 3
121 38 3
121 38 3
121 38 3
121 38 3
121 38 3
121 38 3
121 38 3
121 38 3
121 38 3
121 38 3
121 38 3
121 38 3
121 38 3
121 38 3
121 38 3
121 38 3
121 38 3
121 38 3
121 38 3
121 38 3
121 38 3
121 38 3
121 38 3
121 38 3
121 38 3
121 38 3
121 38 3
121 38 3
121 38 3
121 38 3
121 38 3
121 38 3
121 38 3
121 38 3
121 38 3
121 38 3
121 38 3
121 38 3
121 38 3
121 38 3
121 38 3
121 38 3
121 38 3
121 38 3
121 38 3
121 38 3
121 38 3
121 38 3
121 38 3
121 38 3
121 38 3
121 38 3
121 38 3
121 38 3
121 38 3
121 38 3
121 38 3
121 38 3
121 38 3
121 38 3
121 38 3
121 38 3
121 38 3
121 38 3
121 38 3
121 38 3
121 38 3
121 38 3
121 38 3
121 38 3
121 38 3
121 38 3
121 38 3
121 38 3
121 38 3
121 38 3
121 38 3
121 38 3
121 38 3
121 38 3
121 38 3
121 38 3
121 38 3
179 36 13
179 36 3
179 36 3
179 36 3
179 36 3
179 36 3
179 36 3
179 36 3
179 36 3
179 36 3
179 36 3
179 36 3
179 36 3
179 36 3
179 36 3
179 36 3
179 36 3
179 36 3
179 36 3
179 36 3
179 36 3
179 36 3
179 36 3
179 36 3
179 36 3
179 36 3
179 36 3
179 36 3
179 36 3
179 36 3
179 36 3
179 36 3
179 36 3
179 36 3
179 36 3
179 36 3
179 36 3
179 36 3
179 36 3
179 36 3
179 36 3
179 36 3
179 36 3
179 36 3
179 47 13
179 47 3
179 47 3
179 47 3
179 47 3
179 47 3
179 47 3
179 47 3
179 47 3
179 47 3
179 47 3
179 47 3
179 47 3
179 47 3
179 47 3
179 47 3
179 47 3
179 47 3
179 47 3
179 47 3
179 47 3
179 47 3
179 47 3
179 47 3
179 47 3
179 47 3
179 47 3
179 47 3
179 47 3
179 47 3
179 47 3
179 47 3
179 47 3
179 47 3
179 47 3
179 47 3
179 47 3
179 47 3
179 47 3
179 47 3
179 47 3
179 47 3
179 47 3
179 47 3
179 47 3
179 47 3
179 47 3
179 47 3
179 47 3
179 47 3
179 47 3
179 47 3
179 47 3
179 47 3
179 47 3
179 47 3
179 47 3
179 47 3
179 47 3
179 47 3
179 47 3
179 47 3
179 47 3
179 47 3
179 47 3
179 47 3
179 47 3
179 47 3
114 150 13
104 155 13
104 155 3
104 155 3
104 155 3
104 155 3
104 155 3
104 155 3
104 155 3
104 155 3
104 155 3
104 155 3
104 155 3
104 155 3
114 161 13
114 161 3
114 161 3
114 161 3
114 161 3
114 161 3
114 161 3
114 161 3
114 161 3
114 161 3
114 161 3
114 161 3
114 161 3
114 161 3
114 161 3
114 161 3
114 161 3
114 161 3
114 161 3
114 161 3
114 161 3
114 161 3
114 161 3
114 161 3
114 161 3
114 161 3
114 161 3
114 161 3
114 161 3
114 161 3
114 161 3
114 161 3
114 161 3
114 161 3
114 161 3
114 161 3
114 161 3
114 161 3
114 161 3
114 161 3
114 161 3
114 161 3
114 161 3
114 161 3
114 161 3
114 161 3
114 161 3
114 161 3
114 161 3
114 161 3
114 161 3
114 161 3
114 161 3
114 161 3
114 161 3
114 161 3
114 161 3
114 161 3
114 161 3
114 161 3
114 161 3
114 161 3
114 161 3
114 161 3
114 161 3
114 161 3
114 161 3
114 161 3
114 161 3
114 161 3
114 161 3
114 161 3
114 161 3
114 161 3
114 161 3
114 161 3
114 161 3
114 161 3
114 161 3
114 161 3
114 161 3
114 161 3
114 161 3
114 161 3
114 161 3
114 161 3
114 161 3
114 161 3
114 161 3
114 161 3
114 161 3
114 161 3
114 161 3
114 161 3
114 161 3
114 161 3
114 161 3
114 161 3
114 161 3
114 161 3
114 161 3
114 161 3
114 161 3
114 161 3
114 161 3
114 161 3
114 161 3
114 161 3
114 161 3
114 161 3
114 161 3
114 161 3
114 161 3
114 161 3
114 161 3
114 161 3
114 161 3
114 161 3
114 161 3
114 161 3
114 161 3
114 161 3
114 161 3
114 161 3
114 161 3
114 161 3
114 161 3
114 161 3
114 161 3
114 161 3
114 161 3
114 161 3
114 161 3
114 161 3
114 161 3
114 161 3
114 161 3
114 161 3
189 41 13
189 41 3
189 41 3
189 41 3
189 41 3
189 41 3
189 41 3
189 41 3
189 41 3
189 52 13
189 52 3
189 52 3
189 52 3
189 52 3
189 52 3
189 52 3
189 52 3
189 52 3
189 52 3
189 52 3
189 52 3
189 52 3
189 52 3
189 52 3
189 52 3
189 52 3
189 52 3
189 52 3
189 52 3
189 52 3
189 52 3
189 52 3
189 52 3
189 52 3
189 52 3
189 52 3
189 52 3
189 52 3
189 52 3
189 52 3
189 52 3
189 52 3
189 52 3
189 52 3
189 52 3
189 52 3
189 52 3
189 52 3
189 52 3
189 52 3
189 52 3
189 52 3
189 52 3
189 52 3
189 52 3
189 52 3
189 52 3
189 52 3
189 52 3
189 52 3
189 52 3
189 52 3
189 52 3
189 52 3
189 52 3
189 52 3
189 52 3
189 52 3
189 52 3
189 52 3
189 52 3
189 52 3
189 52 3
189 52 3
189 52 3
189 52 3
189 52 3
189 52 3
189 52 3
189 52 3
189 52 3
189 52 3
189 52 3
189 52 3
189 52 3
189 52 3
189 52 3
189 52 3
189 52 3
189 52 3
189 52 3
189 52 3
189 52 3
189 52 3
189 52 3
189 52 3
189 52 3
189 52 3
189 52 3
189 52 3
189 52 3
189 52 3
189 52 3
189 52 3
189 52 3
189 52 3
189 52 3
189 52 3
189 52 3
189 52 3
189 52 3
189 52 3
189 52 3
189 52 3
189 52 3
189 52 3
189 52 3
189 52 3
189 52 3
189 52 3
189 52 3
189 52 3
189 52 3
189 52 3
189 52 3
189 52 3
189 52 3
189 52 3
189 52 3
189 52 3
189 52 3
189 52 3
189 52 3
189 52 3
189 52 3
189 52 3
189 52 3
189 52 3
189 52 3
189 52 3
189 52 3
189 52 3
189 52 3
189 52 3
189 52 3
189 52 3
189 52 3
189 52 3
189 52 3
189 52 3
189 52 3
189 52 3
189 52 3
189 52 3
189 52 3
189 52 3
189 52 3
189 52 3
189 52 3
189 52 3
189 52 3
189 52 3
189 52 3
189 52 3
189 52 3
189 52 3
189 52 3
189 52 3
189 52 3
189 52 3
189 52 3
189 52 3
189 52 3
189 52 3
189 52 3
189 52 3
189 52 3
189 52 3
189 52 3
189 52 3
189 52 3
189 52 3
189 52 3
189 52 3
189 52 3
189 52 3
189 52 3
189 52 3
189 52 3
189 52 3
189 52 3
189 52 3
189 52 3
189 52 3
189 52 3
189 52 3
189 52 3
189 52 3
189 52 3
189 52 3
189 52 3
189 52 3
189 52 3
189 52 3
189 52 3
189 52 3
189 52 3
189 52 3
189 52 3
189 52 3
189 52 3
189 52 3
189 52 3
189 52 3
189 52 3
189 52 3
189 52 3
189 52 3
189 52 3
189 52 3
189 52 3
189 52 3
189 52 3
189 52 3
189 52 3
189 52 3
189 52 3
189 52 3
189 52 3
189 52 3
189 52 3
189 52 3
189 52 3
189 52 3
189 52 3
189 52 3
189 52 3
189 52 3
189 52 3
189 52 3
189 52 3
189 52 3
189 52 3
189 52 3
189 52 3
189 52 3
189 52 3
189 52 3
189 52 3
189 52 3
189 52 3
189 52 3
189 52 3
189 52 3
189 52 3
189 52 3
189 52 3
189 52 3
189 52 3
189 52 3
189 52 3
189 52 3
189 52 3
189 52 3
189 52 3
189 52 3
189 52 3
189 52 3
189 52 3
189 52 3
189 52 3
189 52 3
189 52 3
189 52 3
189 52 3
189 52 3
189 52 3
189 52 3
189 52 3
189 52 3
189 52 3
189 52 3
189 52 3
189 52 3
189 52 3
189 52 3
189 52 3
189 52 3
189 52 3
189 52 3
189 52 3
189 52 3
189 52 3
189 52 3
189 52 3
189 52 3
189 52 3
189 52 3
189 52 3
189 52 3
189 52 3
189 52 3
189 52 3
189 52 3
189 52 3
189 52 3
189 52 3
189 52 3
189 52 3
189 52 3
189 52 3
189 52 3
189 52 3
189 52 3
189 52 3
189 52 3
189 52 3
189 52 3
189 52 3
189 52 3
189 52 3
189 52 3
189 52 3
189 52 3
189 52 3
189 52 3
189 52 3
189 52 3
189 52 3
189 52 3
189 52 3
189 52 3
189 52 3
189 52 3
189 52 3
189 52 3
189 52 3
189 52 3
189 52 3
189 52 3
189 52 3
189 52 3
189 52 3
189 52 3
189 52 3
189 52 3
189 52 3
189 52 3
189 52 3
189 52 3
189 52 3
189 52 3
189 52 3
189 52 3
189 52 3
189 52 3
189 52 3
198 35 13
198 35 3
198 35 3
198 35 3
198 35 3
198 35 3
198 35 3
198 35 3
198 35 3
189 30 13
189 30 3
189 30 3
189 30 3
189 30 3
189 30 3
189 30 3
189 30 3
189 30 3
189 30 3
189 30 3
189 30 3
189 30 3
189 30 3
189 30 3
189 30 3
189 30 3
189 30 3
198 24 13
198 24 3
198 24 3
198 24 3
198 24 3
198 24 3
198 24 3
198 24 3
198 24 3
198 24 3
198 24 3
198 24 3
198 24 3
198 24 3
198 24 3
198 24 3
198 24 3
198 24 3
198 24 3
198 24 3
198 24 3
198 24 3
198 24 3
198 24 3
198 24 3
198 24 3
198 24 3
198 24 3
198 24 3
198 24 3
198 24 3
198 24 3
198 24 3
198 24 3
198 24 3
198 24 3
198 24 3
198 24 3
198 24 3
198 24 3
198 24 3
198 24 3
198 24 3
198 24 3
198 24 3
198 24 3
198 24 3
198 24 3
198 24 3
198 24 3
198 24 3
198 24 3
198 24 3
198 24 3
198 24 3
198 24 3
198 24 3
198 24 3
198 24 3
198 24 3
198 24 3
198 24 3
198 24 3
198 24 3
198 24 3
198 24 3
198 24 3
198 24 3
198 24 3
198 24 3
198 24 3
198 24 3
198 24 3
198 24 3
198 24 3
198 24 3
198 24 3
198 24 3
198 24 3
198 24 3
198 24 3
198 24 3
198 24 3
198 24 3
198 24 3
198 24 3
198 24 3
198 24 3
198 24 3
198 24 3
198 24 3
198 24 3
198 24 3
198 24 3
198 24 3
198 24 3
198 24 3
198 24 3
198 24 3
198 24 3
198 24 3
198 24 3
198 24 3
198 24 3
198 24 3
198 24 3
198 24 3
198 24 3
198 24 3
198 24 3
198 24 3
198 24 3
198 24 3
198 24 3
198 24 3
198 24 3
198 24 3
198 24 3
104 122 13
104 122 3
104 122 3
104 122 3
104 122 3
104 122 3
104 122 3
104 122 3
104 122 3
104 122 3
104 122 3
104 122 3
104 122 3
104 122 3
104 122 3
104 122 3
104 122 3
104 122 3
104 122 3
104 122 3
104 122 3
104 122 3
104 122 3
104 122 3
104 122 3
104 122 3
104 122 3
104 122 3
104 122 3
104 122 3
104 122 3
104 122 3
104 122 3
104 122 3
104 122 3
104 122 3
104 122 3
104 122 3
104 122 3
104 122 3
104 122 3
104 122 3
104 122 3
104 122 3
104 122 3
104 122 3
104 122 3
104 122 3
104 122 3
104 122 3
104 122 3
104 122 3
104 122 3
104 122 3
104 122 3
104 122 3
104 122 3
104 122 3
104 122 3
104 122 3
104 122 3
104 122 3
104 122 3
104 122 3
104 122 3
104 122 3
104 122 3
104 122 3
104 122 3
104 122 3
104 122 3
104 122 3
104 122 3
104 122 3
104 122 3
104 122 3
104 122 3
104 122 3
104 122 3
104 122 3
104 122 3
104 122 3
104 122 3
104 122 3
104 122 3
104 122 3
104 122 3
104 122 3
104 122 3
104 122 3
104 122 3
104 122 3
104 122 3
104 122 3
104 122 3
104 122 3
104 122 3
104 122 3
104 122 3
104 122 3
104 122 3
104 122 3
104 122 3
104 122 3
104 122 3
104 122 3
104 122 3
104 122 3
104 122 3
104 122 3
104 122 3
104 122 3
104 122 3
104 122 3
104 122 3
104 122 3
104 122 3
104 122 3
104 122 3
104 122 3
104 122 3
104 122 3
104 122 3
104 122 3
104 122 3
104 122 3
104 122 3
104 122 3
104 122 3
104 122 3
104 122 3
104 122 3
104 122 3
104 122 3
104 122 3
104 122 3
104 122 3
104 122 3
104 122 3
104 122 3
104 122 3
104 122 3
104 122 3
104 122 3
104 122 3
104 122 3
104 122 3
104 122 3
104 122 3
104 122 3
104 122 3
104 122 3
104 122 3
104 122 3
104 122 3
104 122 3
104 122 3
104 122 3
104 122 3
104 122 3
104 122 3
104 122 3
104 122 3
104 122 3
161 167 13
170 162 13
170 162 3
170 162 3
170 162 3
170 162 3
170 162 3
170 162 3
170 162 3
170 162 3
170 162 3
170 162 3
170 162 3
170 162 3
170 162 3
170 162 3
170 162 3
170 162 3
170 162 3
170 162 3
170 162 3
170 162 3
170 162 3
170 162 3
170 162 3
170 162 3
170 162 3
170 162 3
170 162 3
170 162 3
170 162 3
170 162 3
170 162 3
170 162 3
170 162 3
170 162 3
170 162 3
170 162 3
170 162 3
170 162 3
170 162 3
170 162 3
170 162 3
170 162 3
170 162 3
170 162 3
170 162 3
170 162 3
170 162 3
170 162 3
170 162 3
170 162 3
170 162 3
170 162 3
170 162 3
170 162 3
170 162 3
170 162 3
170 162 3
170 162 3
170 162 3
170 162 3
170 162 3
170 162 3
170 162 3
170 162 3
170 162 3
170 162 3
170 162 3
170 162 3
170 162 3
170 162 3
170 162 3
170 162 3
170 162 3
170 162 3
170 162 3
170 162 3
170 162 3
170 162 3
170 162 3
170 162 3
170 162 3
170 162 3
170 162 3
170 162 3
170 162 3
170 162 3
170 162 3
170 162 3
170 195 13
170 195 3
170 195 3
170 195 3
170 195 3
170 195 3
170 195 3
170 195 3
170 195 3
170 195 3
170 195 3
170 195 3
170 195 3
170 195 3
170 195 3
170 195 3
170 195 3
170 195 3
170 195 3
170 195 3
170 195 3
170 195 3
170 195 3
170 195 3
170 195 3
170 195 3
170 195 3
170 195 3
170 195 3
170 195 3
170 195 3
170 195 3
170 195 3
170 195 3
170 195 3
170 195 3
170 195 3
170 195 3
170 195 3
170 195 3
170 195 3
170 195 3
170 195 3
170 195 3
170 195 3
170 195 3
170 195 3
170 195 3
170 195 3
170 195 3
170 195 3
170 195 3
170 195 3
170 195 3
170 195 3
170 195 3
170 195 3
170 195 3
170 195 3
170 195 3
170 195 3
170 195 3
170 195 3
170 195 3
170 195 3
170 195 3
170 195 3
170 195 3
161 199 13
161 199 3
161 199 3
161 199 3
161 199 3
161 199 3
161 199 3
161 199 3
161 199 3
161 199 3
161 199 3
161 199 3
161 199 3
161 199 3
161 199 3
161 199 3
161 199 3
161 199 3
161 199 3
161 199 3
161 199 3
161 199 3
161 199 3
161 199 3
161 199 3
161 199 3
161 199 3
161 199 3
161 199 3
161 199 3
161 199 3
161 199 3
161 199 3
161 199 3
161 199 3
161 199 3
161 199 3
161 199 3
161 199 3
161 199 3
161 199 3
161 199 3
161 199 3
161 199 3
161 199 3
161 199 3
161 199 3
161 199 3
161 199 3
161 199 3
161 199 3
161 199 3
161 199 3
161 199 3
161 199 3
161 199 3
161 199 3
161 199 3
161 199 3
161 199 3
161 199 3
161 199 3
161 199 3
161 199 3
161 199 3
161 199 3
161 199 3
161 199 3
161 199 3
161 199 3
161 199 3
161 199 3
161 199 3
161 199 3
161 199 3
161 199 3
161 199 3
161 199 3
161 199 3
161 199 3
161 199 3
161 199 3
161 199 3
161 199 3
161 199 3
161 199 3
161 199 3
161 199 3
161 199 3
161 199 3
161 199 3
161 199 3
161 199 3
161 199 3
161 199 3
161 199 3
161 199 3
161 199 3
161 199 3
161 199 3
161 199 3
161 199 3
161 199 3
161 199 3
161 199 3
161 199 3
161 199 3
161 199 3
161 199 3
161 199 3
161 199 3
161 199 3
161 199 3
161 199 3
161 199 3
161 199 3
161 199 3
161 199 3
161 199 3
161 199 3
161 199 3
161 199 3
161 199 3
161 199 3
161 199 3
161 199 3
161 199 3
161 199 3
161 199 3
161 199 3
161 199 3
161 199 3
161 199 3
161 199 3
161 199 3
161 199 3
161 199 3
161 199 3
161 199 3
161 199 3
161 199 3
161 199 3
161 199 3
161 199 3
161 199 3
161 199 3
161 199 3
161 199 3
161 199 3
161 199 3
161 199 3
161 199 3
161 199 3
161 199 3
161 199 3
161 199 3
161 199 3
161 199 3
161 199 3
161 199 3
161 199 3
161 199 3
161 199 3
161 199 3
161 199 3
161 199 3
161 199 3
161 199 3
161 199 3
161 199 3
161 199 3
161 199 3
161 199 3
161 199 3
161 199 3
161 199 3
161 199 3
161 199 3
161 199 3
161 199 3
161 199 3
161 199 3
161 199 3
161 199 3
161 199 3
161 199 3
161 199 3
161 199 3
161 199 3
161 199 3
161 199 3
161 199 3
161 199 3
161 199 3
161 199 3
161 199 3
161 199 3
161 199 3
161 199 3
161 199 3
161 199 3
161 199 3
161 199 3
161 199 3
161 199 3
161 199 3
161 199 3
161 199 3
161 199 3
161 199 3
161 199 3
161 199 3
161 199 3
161 199 3
161 199 3
161 199 3
161 199 3
161 199 3
161 199 3
161 199 3
161 199 3
161 199 3
161 199 3
161 199 3
161 199 3
161 199 3
161 199 3
161 199 3
161 199 3
161 199 3
161 199 3
161 199 3
161 199 3
161 199 3
161 199 3
161 199 3
161 199 3
161 199 3
161 199 3
161 199 3
161 199 3
161 199 3
161 199 3
161 199 3
161 199 3
161 199 3
161 199 3
161 199 3
161 199 3
161 199 3
161 199 3
161 199 3
161 199 3
161 199 3
161 199 3
161 199 3
161 199 3
161 199 3
161 199 3
161 199 3
161 199 3
161 199 3
161 199 3
161 199 3
161 199 3
161 199 3
161 199 3
161 199 3
161 199 3
161 199 3
161 199 3
161 199 3
161 199 3
161 199 3
161 199 3
161 199 3
161 199 3
161 199 3
161 199 3
161 199 3
161 199 3
161 199 3
161 199 3
161 199 3
161 199 3
161 199 3
161 199 3
161 199 3
161 199 3
161 199 3
161 199 3
161 199 3
161 199 3
161 199 3
161 199 3
161 199 3
161 199 3
161 199 3
161 199 3
161 199 3
161 199 3
161 199 3
161 199 3
161 199 3
161 199 3
161 199 3
161 199 3
161 199 3
161 199 3
161 199 3
161 199 3
161 199 3
161 199 3
179 189 13
179 189 3
179 189 3
179 189 3
179 189 3
179 189 3
179 189 3
179 189 3
179 189 3
179 189 3
179 189 3
179 189 3
179 189 3
179 189 3
179 189 3
179 189 3
179 189 3
179 189 3
179 189 3
179 189 3
179 189 3
179 189 3
179 189 3
179 189 3
179 189 3
179 189 3
179 189 3
179 189 3
179 189 3
179 189 3
179 189 3
179 189 3
179 189 3
179 189 3
179 189 3
179 189 3
179 189 3
179 189 3
179 189 3
179 189 3
179 189 3
179 189 3
179 189 3
179 189 3
179 189 3
179 189 3
180 199 13
180 199 3
180 199 3
180 199 3
180 199 3
180 199 3
180 199 3
180 199 3
131 54 13
131 54 3
131 54 3
131 54 3
131 54 3
131 54 3
131 54 3
131 54 3
131 54 3
131 54 3
131 54 3
131 54 3
131 54 3
131 54 3
131 54 3
131 54 3
131 54 3
131 54 3
131 54 3
131 54 3
131 54 3
131 54 3
131 54 3
131 54 3
131 54 3
131 54 3
131 54 3
131 54 3
131 54 3
131 54 3
131 54 3
131 54 3
131 54 3
131 54 3
131 54 3
131 54 3
131 54 3
131 54 3
131 54 3
131 54 3
131 54 3
131 54 3
131 54 3
131 54 3
131 54 3
131 54 3
131 54 3
131 54 3
131 54 3
131 54 3
131 54 3
131 54 3
131 54 3
131 54 3
131 54 3
131 54 3
131 54 3
131 54 3
131 54 3
131 54 3
131 54 3
131 54 3
131 54 3
131 54 3
131 54 3
131 54 3
131 54 3
131 54 3
131 54 3
131 54 3
131 54 3
131 54 3
131 54 3
131 54 3
131 54 3
131 54 3
131 54 3
131 54 3
131 54 3
131 54 3
131 54 3
131 54 3
131 54 3
131 54 3
131 54 3
131 54 3
131 54 3
131 54 3
131 54 3
131 54 3
131 54 3
131 54 3
131 54 3
131 54 3
131 54 3
131 54 3
131 54 3
131 54 3
131 54 3
131 54 3
131 54 3
131 54 3
131 54 3
131 54 3
131 54 3
131 54 3
131 54 3
131 54 3
131 54 3
131 54 3
131 54 3
131 54 3
131 54 3
131 54 3
131 54 3
131 54 3
131 54 3
131 54 3
131 54 3
131 54 3
131 54 3
131 54 3
131 54 3
131 54 3
131 54 3
131 54 3
131 54 3
131 54 3
131 54 3
131 54 3
131 54 3
189 195 13
189 195 3
189 195 3
189 195 3
189 195 3
189 195 3
189 195 3
189 195 3
189 195 3
189 195 3
189 195 3
189 195 3
189 195 3
189 195 3
189 195 3
189 195 3
189 195 3
189 195 3
189 195 3
189 195 3
189 195 3
189 195 3
189 195 3
189 195 3
189 195 3
189 195 3
189 195 3
189 195 3
189 195 3
189 195 3
189 195 3
189 195 3
189 195 3
189 195 3
189 195 3
189 195 3
189 195 3
189 195 3
189 195 3
189 195 3
189 195 3
189 195 3
189 195 3
189 195 3
189 195 3
189 195 3
189 195 3
189 195 3
189 195 3
189 195 3
189 195 3
189 195 3
189 195 3
189 195 3
189 195 3
189 195 3
189 195 3
189 195 3
189 195 3
189 195 3
189 195 3
189 195 3
189 195 3
189 195 3
189 195 3
189 195 3
189 195 3
189 195 3
189 195 3
189 195 3
189 195 3
189 195 3
189 195 3
189 195 3
189 195 3
189 195 3
189 195 3
189 195 3
189 195 3
189 195 3
189 195 3
189 195 3
189 195 3
189 195 3
189 195 3
189 195 3
189 195 3
189 195 3
189 195 3
189 19 13
189 19 3
189 19 3
189 19 3
189 19 3
189 19 3
189 19 3
189 19 3
189 19 3
189 19 3
189 19 3
189 19 3
189 19 3
189 19 3
189 19 3
189 19 3
189 19 3
189 19 3
189 19 3
189 19 3
189 19 3
189 19 3
189 19 3
189 19 3
189 19 3
189 19 3
189 19 3
189 19 3
189 19 3
189 19 3
189 19 3
189 19 3
189 19 3
189 19 3
189 19 3
189 19 3
189 19 3
189 19 3
189 19 3
189 19 3
189 19 3
189 19 3
189 19 3
189 19 3
189 19 3
189 19 3
189 19 3
189 19 3
189 19 3
189 19 3
189 19 3
189 19 3
189 19 3
189 19 3
189 19 3
189 19 3
189 19 3
189 19 3
189 19 3
189 19 3
189 19 3
189 19 3
189 19 3
189 19 3
189 19 3
189 19 3
189 19 3
189 19 3
189 19 3
189 19 3
189 19 3
189 19 3
189 19 3
189 19 3
189 19 3
189 19 3
189 19 3
189 19 3
189 19 3
189 19 3
189 19 3
189 19 3
189 19 3
179 25 13
179 25 3
179 25 3
179 25 3
179 25 3
179 25 3
179 25 3
179 25 3
179 25 3
179 25 3
179 25 3
179 25 3
179 25 3
179 25 3
179 25 3
179 25 3
179 25 3
179 25 3
179 25 3
179 25 3
179 25 3
179 25 3
179 25 3
179 25 3
179 25 3
179 25 3
179 25 3
179 25 3
179 25 3
179 25 3
179 25 3
179 25 3
179 25 3
179 25 3
179 25 3
179 25 3
179 25 3
179 25 3
179 25 3
179 25 3
179 25 3
179 25 3
179 25 3
179 25 3
179 25 3
179 25 3
179 25 3
179 25 3
179 25 3
179 25 3
179 25 3
179 25 3
179 25 3
179 25 3
179 25 3
179 25 3
179 25 3
179 25 3
179 25 3
179 25 3
179 25 3
179 25 3
179 25 3
179 25 3
179 25 3
179 25 3
179 25 3
179 25 3
179 25 3
179 25 3
179 25 3
179 25 3
179 25 3
179 25 3
179 25 3
179 25 3
179 25 3
179 25 3
179 25 3
179 25 3
179 25 3
179 25 3
179 25 3
179 25 3
179 25 3
179 25 3
179 25 3
179 25 3
179 25 3
179 25 3
179 25 3
179 25 3
179 25 3
179 25 3
179 25 3
179 25 3
179 25 3
179 25 3
179 25 3
179 25 3
179 25 3
179 25 3
179 25 3
179 25 3
179 25 3
179 25 3
179 25 3
179 25 3
179 25 3
179 25 3
179 25 3
179 25 3
179 25 3
179 25 3
179 25 3
179 25 3
179 25 3
179 25 3
179 25 3
179 25 3
179 25 3
179 25 3
179 25 3
179 25 3
179 25 3
179 25 3
179 25 3
179 25 3
179 14 13
179 14 3
179 14 3
179 14 3
179 14 3
179 14 3
179 14 3
179 14 3
179 14 3
179 14 3
179 14 3
179 14 3
179 14 3
179 14 3
179 14 3
179 14 3
179 14 3
179 14 3
179 14 3
179 14 3
179 14 3
179 14 3
179 14 3
179 14 3
179 14 3
179 14 3
179 14 3
179 14 3
179 14 3
179 14 3
179 14 3
179 14 3
179 14 3
179 14 3
179 14 3
179 14 3
179 14 3
179 14 3
179 14 3
179 14 3
179 14 3
179 14 3
179 14 3
179 14 3
179 14 3
179 14 3
179 14 3
179 14 3
179 14 3
179 14 3
179 14 3
179 14 3
179 14 3
179 14 3
179 14 3
179 14 3
179 14 3
179 14 3
179 14 3
179 14 3
179 14 3
179 14 3
179 14 3
179 14 3
179 14 3
179 14 3
179 14 3
179 14 3
179 14 3
179 14 3
179 14 3
179 14 3
179 14 3
179 14 3
179 14 3
179 14 3
179 14 3
179 14 3
179 14 3
179 14 3
179 14 3
179 14 3
179 14 3
179 14 3
179 14 3
179 14 3
179 14 3
179 14 3
179 14 3
179 14 3
179 14 3
179 14 3
179 14 3
179 14 3
179 14 3
179 14 3
179 14 3
179 14 3
179 14 3
179 14 3
179 14 3
179 14 3
179 14 3
179 14 3
179 14 3
179 14 3
179 14 3
179 14 3
179 14 3
179 14 3
179 14 3
179 14 3
179 14 3
179 14 3
179 14 3
179 14 3
179 14 3
179 14 3
179 14 3
179 14 3
179 14 3
179 14 3
179 14 3
179 14 3
179 14 3
179 14 3
179 14 3
179 14 3
179 14 3
179 14 3
179 14 3
179 14 3
179 14 3
179 14 3
179 14 3
179 14 3
179 14 3
179 14 3
179 14 3
179 14 3
179 14 3
179 14 3
179 14 3
179 14 3
179 14 3
179 14 3
179 14 3
179 14 3
179 14 3
179 14 3
179 14 3
179 14 3
179 14 3
179 14 3
179 14 3
179 14 3
179 14 3
179 14 3
179 14 3
179 14 3
179 14 3
179 14 3
179 14 3
179 14 3
179 14 3
179 14 3
179 14 3
179 14 3
179 14 3
179 14 3
179 14 3
179 14 3
179 14 3
179 14 3
179 14 3
179 14 3
179 14 3
179 14 3
179 14 3
179 14 3
179 14 3
179 14 3
179 14 3
179 14 3
179 14 3
179 14 3
179 14 3
179 14 3
179 14 3
179 14 3
179 14 3
179 14 3
179 14 3
179 14 3
179 14 3
179 14 3
179 14 3
179 14 3
179 14 3
179 14 3
179 14 3
179 14 3
179 14 3
179 14 3
179 14 3
179 14 3
179 14 3
179 14 3
179 14 3
179 14 3
179 14 3
179 14 3
179 14 3
179 14 3
179 14 3
179 14 3
179 14 3
179 14 3
179 14 3
179 14 3
179 14 3
179 14 3
179 14 3
179 14 3
179 14 3
179 14 3
179 14 3
179 14 3
179 14 3
179 14 3
179 14 3
179 14 3
179 14 3
179 14 3
179 14 3
179 14 3
179 14 3
179 14 3
179 14 3
179 14 3
179 14 3
179 14 3
179 14 3
179 14 3
179 14 3
179 14 3
179 14 3
179 14 3
179 14 3
179 14 3
179 14 3
179 14 3
179 14 3
179 14 3
179 14 3
179 14 3
179 14 3
179 14 3
179 14 3
179 14 3
179 14 3
179 14 3
179 14 3
179 14 3
179 14 3
179 14 3
179 14 3
179 14 3
179 14 3
179 14 3
179 14 3
179 14 3
179 14 3
179 14 3
179 14 3
179 14 3
179 14 3
179 14 3
179 14 3
179 14 3
179 14 3
179 14 3
179 14 3
179 14 3
179 14 3
179 14 3
179 14 3
179 14 3
179 14 3
179 14 3
179 14 3
179 14 3
179 14 3
179 14 3
179 14 3
179 14 3
179 14 3
179 14 3
179 14 3
179 14 3
179 14 3
179 14 3
179 14 3
179 14 3
179 14 3
179 14 3
179 14 3
179 14 3
179 14 3
179 14 3
179 14 3
179 14 3
179 14 3
179 14 3
179 14 3
179 14 3
179 14 3
179 14 3
179 14 3
179 14 3
179 14 3
179 14 3
179 14 3
179 14 3
179 14 3
179 14 3
179 14 3
179 14 3
179 14 3
179 14 3
179 14 3
179 14 3
179 14 3
179 14 3
179 14 3
179 14 3
179 14 3
179 14 3
179 14 3
179 14 3
179 14 3
179 14 3
179 14 3
179 14 3
179 14 3
179 14 3
179 14 3
179 14 3
179 14 3
179 14 3
179 14 3
179 14 3
179 14 3
179 14 3
179 14 3
179 14 3
179 14 3
179 14 3
179 14 3
179 14 3
179 14 3
179 14 3
179 14 3
179 14 3
179 14 3
179 14 3
179 14 3
179 14 3
179 14 3
179 14 3
179 14 3
179 14 3
179 14 3
179 14 3
179 14 3
179 14 3
179 14 3
179 14 3
179 14 3
179 14 3
179 14 3
179 14 3
179 14 3
179 14 3
179 14 3
179 14 3
179 14 3
179 14 3
179 14 3
179 14 3
179 14 3
179 14 3
179 14 3
179 14 3
179 14 3
198 12 13
198 12 3
198 12 3
198 12 3
198 12 3
198 12 3
198 12 3
198 12 3
198 12 3
198 12 3
198 12 3
198 12 3
198 12 3
198 12 3
198 12 3
198 12 3
198 12 3
198 12 3
198 12 3
198 12 3
198 12 3
198 12 3
198 12 3
198 12 3
198 12 3
198 12 3
198 12 3
198 12 3
198 12 3
198 12 3
198 12 3
198 12 3
198 12 3
198 12 3
198 12 3
198 12 3
198 12 3
198 12 3
198 12 3
198 12 3
198 12 3
198 12 3
198 12 3
198 12 3
198 12 3
198 12 3
198 12 3
198 12 3
198 12 3
198 12 3
198 12 3
198 12 3
198 12 3
198 12 3
198 12 3
198 12 3
198 12 3
198 12 3
198 12 3
198 12 3
198 12 3
198 12 3
198 12 3
198 12 3
198 12 3
198 12 3
198 12 3
198 12 3
198 12 3
198 12 3
198 12 3
151 184 13
151 184 3
151 184 3
151 184 3
151 184 3
151 184 3
151 184 3
151 184 3
151 184 3
151 184 3
151 184 3
151 184 3
151 184 3
151 184 3
151 184 3
151 184 3
151 184 3
151 184 3
151 184 3
151 184 3
151 184 3
151 184 3
151 184 3
151 184 3
151 184 3
151 184 3
151 184 3
151 184 3
151 184 3
151 184 3
151 184 3
151 184 3
151 184 3
151 184 3
151 184 3
151 184 3
151 184 3
151 184 3
151 184 3
151 184 3
151 184 3
151 184 3
151 184 3
151 184 3
151 184 3
151 184 3
151 184 3
151 184 3
151 184 3
151 184 3
151 184 3
151 184 3
151 184 3
151 184 3
151 184 3
151 184 3
151 184 3
151 184 3
151 184 3
151 184 3
151 184 3
151 184 3
151 184 3
151 184 3
151 184 3
151 184 3
151 184 3
151 184 3
151 184 3
151 184 3
151 184 3
151 184 3
151 184 3
151 184 3
151 184 3
151 184 3
151 184 3
151 184 3
151 184 3
151 184 3
151 184 3
151 184 3
151 184 3
151 184 3
151 184 3
151 184 3
151 184 3
151 184 3
151 184 3
151 184 3
151 184 3
151 184 3
151 184 3
151 184 3
151 184 3
151 184 3
151 184 3
151 184 3
151 184 3
151 184 3
151 184 3
151 184 3
151 184 3
151 184 3
151 184 3
151 184 3
151 184 3
151 184 3
151 184 3
151 184 3
151 184 3
151 184 3
151 184 3
151 184 3
151 184 3
151 184 3
151 184 3
151 184 3
151 184 3
151 184 3
151 184 3
151 184 3
151 184 3
151 184 3
151 184 3
151 184 3
151 184 3
151 184 3
151 184 3
151 184 3
151 184 3
151 184 3
151 184 3
151 184 3
151 184 3
151 184 3
151 184 3
151 184 3
151 184 3
151 184 3
151 184 3
151 184 3
151 184 3
151 184 3
151 184 3
151 184 3
151 184 3
151 184 3
151 184 3
151 184 3
151 184 3
151 184 3
151 184 3
151 184 3
151 184 3
151 184 3
151 184 3
151 184 3
151 184 3
151 184 3
151 184 3
151 184 3
151 184 3
151 184 3
151 184 3
151 184 3
151 184 3
151 184 3
151 184 3
151 184 3
151 184 3
151 184 3
151 184 3
151 184 3
151 184 3
151 184 3
151 184 3
151 184 3
151 184 3
151 184 3
151 184 3
151 184 3
151 184 3
151 184 3
151 184 3
151 184 3
151 184 3
151 184 3
151 184 3
151 184 3
151 184 3
151 184 3
151 184 3
151 184 3
151 184 3
151 184 3
151 184 3
151 184 3
151 184 3
151 184 3
151 184 3
151 184 3
151 184 3
151 184 3
151 184 3
151 184 3
151 184 3
151 184 3
151 184 3
151 184 3
151 184 3
151 184 3
151 184 3
151 184 3
151 184 3
151 184 3
151 184 3
151 184 3
151 184 3
151 184 3
151 184 3
151 184 3
151 184 3
151 184 3
151 184 3
151 184 3
151 184 3
151 184 3
151 184 3
151 184 3
151 184 3
151 184 3
151 184 3
151 184 3
151 184 3
151 184 3
151 184 3
151 184 3
151 184 3
151 184 3
151 184 3
151 184 3
151 184 3
151 184 3
151 184 3
151 184 3
151 184 3
151 184 3
151 184 3
151 184 3
151 184 3
151 184 3
151 184 3
151 184 3
151 184 3
151 184 3
151 184 3
151 184 3
151 184 3
151 184 3
151 184 3
151 184 3
151 184 3
151 184 3
151 184 3
151 184 3
151 184 3
151 184 3
151 184 3
151 184 3
151 184 3
151 184 3
151 184 3
151 184 3
151 184 3
151 184 3
151 184 3
151 184 3
151 184 3
151 184 3
151 184 3
151 184 3
151 184 3
151 184 3
151 184 3
151 184 3
151 184 3
151 184 3
151 184 3
151 184 3
151 184 3
151 184 3
151 184 3
151 184 3
151 184 3
151 184 3
151 184 3
151 184 3
151 184 3
151 184 3
151 184 3
151 184 3
151 184 3
151 184 3
151 184 3
151 184 3
151 184 3
151 184 3
151 184 3
151 184 3
151 184 3
151 184 3
151 184 3
151 184 3
151 184 3
151 184 3
151 184 3
151 184 3
151 184 3
151 184 3
151 184 3
151 184 3
151 184 3
151 184 3
151 184 3
151 184 3
151 184 3
151 184 3
151 184 3
151 184 3
151 184 3
151 184 3
151 184 3
151 184 3
151 184 3
151 184 3
151 184 3
151 184 3
151 184 3
151 184 3
151 184 3
151 184 3
151 184 3
151 184 3
151 184 3
151 184 3
151 184 3
151 184 3
151 184 3
151 184 3
151 184 3
151 184 3
151 184 3
151 184 3
151 184 3
151 184 3
151 184 3
151 184 3
151 184 3
151 184 3
151 184 3
151 184 3
151 184 3
151 184 3
19 19 13
19 19 3
19 19 3
19 19 3
19 19 3
19 19 3
19 19 3
19 19 3
19 19 3
19 19 3
19 19 3
19 19 3
19 19 3
19 19 3
19 19 3
19 19 3
19 19 3
19 19 3
19 19 3
19 19 3
19 19 3
19 19 3
19 19 3
19 19 3
19 19 3
19 19 3
19 19 3
19 19 3
19 19 3
19 19 3
19 19 3
19 19 3
19 19 3
19 19 3
19 19 3
19 19 3
19 19 3
19 19 3
19 19 3
19 19 3
19 19 3
19 19 3
19 19 3
19 19 3
19 19 3
19 19 3
19 19 3
19 19 3
19 19 3
19 19 3
19 19 3
19 19 3
19 19 3
19 19 3
19 19 3
19 19 3
19 19 3
19 19 3
19 19 3
19 19 3
19 19 3
19 19 3
19 19 3
19 19 3
19 19 3
19 19 3
19 19 3
19 19 3
19 19 3
19 19 3
19 19 3
19 19 3
19 19 3
19 19 3
19 19 3
19 19 3
19 19 3
19 19 3
19 19 3
19 19 3
19 19 3
19 19 3
19 19 3
19 19 3
19 19 3
19 19 3
19 19 3
19 19 3
19 19 3
19 19 3
19 19 3
19 19 3
19 19 3
19 19 3
19 19 3
19 19 3
19 19 3
19 19 3
19 19 3
19 19 3
19 19 3
19 19 3
19 19 3
19 19 3
19 19 3
19 19 3
19 19 3
19 19 3
19 19 3
19 19 3
19 19 3
19 19 3
19 19 3
19 19 3
19 19 3
19 19 3
19 19 3
19 19 3
19 19 3
19 19 3
19 19 3
19 19 3
19 19 3
19 19 3
19 19 3
19 19 3
19 19 3
19 19 3
19 19 3
19 19 3
19 19 3
19 19 3
19 19 3
19 19 3
19 19 3
19 19 3
19 19 3
19 19 3
19 19 3
19 19 3
19 19 3
19 19 3
19 19 3
19 19 3
19 19 3
19 19 3
19 19 3
19 19 3
19 19 3
19 19 3
19 19 3
19 19 3
19 19 3
19 19 3
19 19 3
19 19 3
19 19 3
19 19 3
19 19 3
19 19 3
19 19 3
19 19 3
19 19 3
19 19 3
19 19 3
19 19 3
19 19 3
19 19 3
19 19 3
19 19 3
19 19 3
19 19 3
19 19 3
19 19 3
19 19 3
19 19 3
19 19 3
19 19 3
19 19 3
19 19 3
19 19 3
19 19 3
19 19 3
19 19 3
19 19 3
19 19 3
19 19 3
19 19 3
19 19 3
19 19 3
19 19 3
19 19 3
19 19 3
19 19 3
19 19 3
19 19 3
19 19 3
19 19 3
19 19 3
19 19 3
19 19 3
19 19 3
19 19 3
19 19 3
19 19 3
19 19 3
19 19 3
19 19 3
19 19 3
19 19 3
19 19 3
19 19 3
19 19 3
19 19 3
19 19 3
19 19 3
19 19 3
19 19 3
19 19 3
19 19 3
19 19 3
19 19 3
19 19 3
19 19 3
19 19 3
19 19 3
19 19 3
198 46 13
198 46 3
198 46 3
198 46 3
198 46 3
198 46 3
198 46 3
198 46 3
198 46 3
198 46 3
198 46 3
198 46 3
198 46 3
198 46 3
198 46 3
198 46 3
198 46 3
198 46 3
198 46 3
198 46 3
198 46 3
198 46 3
198 46 3
198 46 3
198 46 3
198 46 3
198 46 3
198 46 3
198 46 3
198 46 3
198 46 3
198 46 3
198 46 3
198 46 3
198 46 3
198 46 3
198 46 3
198 46 3
198 46 3
198 46 3
198 46 3
198 46 3
198 46 3
198 46 3
198 46 3
198 46 3
198 46 3
198 46 3
198 46 3
198 46 3
198 46 3
198 46 3
198 46 3
198 46 3
198 46 3
198 46 3
198 46 3
198 46 3
198 46 3
198 46 3
198 46 3
198 46 3
198 46 3
198 46 3
198 46 3
198 46 3
198 46 3
198 46 3
198 46 3
198 46 3
198 46 3
198 46 3
198 46 3
198 46 3
198 46 3
198 46 3
198 46 3
198 46 3
198 46 3
198 46 3
198 46 3
198 46 3
198 46 3
198 46 3
198 46 3
198 46 3
198 46 3
198 46 3
198 46 3
198 46 3
198 46 3
198 46 3
198 46 3
198 46 3
198 46 3
198 46 3
198 46 3
198 46 3
198 46 3
198 46 3
198 46 3
198 46 3
198 46 3
198 46 3
198 46 3
198 46 3
198 46 3
198 46 3
198 46 3
198 46 3
198 46 3
198 46 3
198 46 3
198 46 3
198 46 3
198 46 3
198 46 3
198 46 3
198 46 3
198 46 3
198 46 3
198 46 3
198 46 3
198 46 3
198 46 3
198 46 3
123 134 13
123 134 3
123 134 3
123 134 3
123 134 3
123 134 3
123 134 3
123 134 3
123 134 3
123 134 3
123 134 3
123 134 3
123 134 3
123 134 3
123 134 3
123 134 3
123 134 3
123 134 3
123 134 3
123 134 3
123 134 3
123 134 3
123 134 3
123 134 3
123 134 3
123 134 3
123 134 3
123 134 3
123 134 3
123 134 3
123 134 3
123 134 3
123 145 13
123 145 3
123 145 3
123 145 3
123 145 3
123 156 13
123 156 3
123 156 3
123 156 3
123 156 3
123 156 3
123 156 3
123 156 3
123 156 3
123 156 3
123 156 3
123 156 3
123 156 3
123 156 3
123 156 3
123 156 3
123 156 3
123 156 3
123 156 3
123 156 3
123 156 3
123 156 3
123 156 3
123 156 3
123 156 3
123 156 3
123 156 3
123 156 3
123 156 3
123 156 3
123 156 3
123 156 3
123 156 3
123 156 3
123 156 3
123 156 3
123 156 3
123 156 3
123 156 3
123 156 3
123 156 3
123 156 3
95 150 13
95 150 3
95 150 3
95 150 3
95 150 3
95 150 3
95 139 13
95 139 3
95 139 3
95 139 3
95 139 3
95 139 3
95 139 3
95 139 3
95 139 3
95 128 13
95 128 3
95 128 3
95 128 3
95 128 3
95 128 3
95 128 3
95 128 3
95 128 3
95 128 3
95 128 3
95 128 3
95 128 3
95 128 3
95 128 3
95 128 3
95 128 3
95 128 3
95 128 3
95 128 3
95 128 3
95 128 3
95 128 3
95 128 3
95 128 3
95 128 3
95 128 3
95 128 3
95 128 3
95 128 3
95 128 3
95 128 3
95 128 3
95 128 3
95 128 3
95 128 3
95 128 3
95 128 3
95 128 3
95 128 3
95 128 3
95 128 3
95 128 3
95 128 3
95 128 3
95 128 3
95 128 3
95 128 3
95 128 3
95 128 3
95 128 3
95 128 3
95 128 3
95 128 3
95 128 3
95 128 3
95 128 3
95 128 3
95 128 3
95 128 3
95 128 3
95 128 3
198 1 13
198 1 3
198 1 3
198 1 3
198 1 3
198 1 3
198 1 3
198 1 3
198 1 3
198 1 3
198 1 3
198 1 3
189 7 13
189 7 3
189 7 3
189 7 3
189 7 3
189 7 3
189 7 3
189 7 3
189 7 3
189 7 3
189 7 3
189 7 3
189 7 3
189 7 3
189 7 3
189 7 3
189 7 3
189 7 3
189 7 3
189 7 3
189 7 3
189 7 3
189 7 3
189 7 3
189 7 3
189 7 3
189 7 3
189 7 3
189 7 3
189 7 3
189 7 3
189 7 3
189 7 3
189 7 3
189 7 3
189 7 3
189 7 3
189 7 3
189 7 3
189 7 3
189 7 3
189 7 3
189 7 3
189 7 3
189 7 3
189 7 3
189 7 3
189 7 3
189 7 3
189 7 3
189 7 3
189 7 3
189 7 3
189 7 3
189 7 3
189 7 3
189 7 3
189 7 3
189 7 3
189 7 3
189 7 3
189 7 3
189 7 3
189 7 3
189 7 3
189 7 3
189 7 3
189 7 3
189 7 3
189 7 3
189 7 3
189 7 3
189 7 3
189 7 3
189 7 3
189 7 3
189 7 3
189 7 3
189 7 3
189 7 3
189 7 3
189 7 3
189 7 3
189 7 3
189 7 3
189 7 3
189 7 3
189 7 3
189 7 3
95 161 13
95 161 3
95 161 3
95 161 3
95 161 3
95 161 3
95 161 3
95 161 3
95 161 3
95 161 3
95 161 3
95 161 3
95 161 3
95 161 3
95 161 3
95 161 3
95 161 3
95 161 3
95 161 3
95 161 3
95 161 3
95 161 3
95 161 3
95 161 3
95 161 3
95 161 3
95 161 3
95 161 3
95 161 3
95 161 3
95 161 3
95 161 3
95 161 3
95 161 3
95 161 3
95 161 3
95 161 3
95 161 3
95 161 3
95 161 3
95 161 3
95 161 3
95 161 3
95 161 3
95 161 3
95 161 3
95 161 3
95 161 3
95 161 3
95 161 3
95 161 3
95 161 3
95 161 3
95 161 3
95 161 3
95 161 3
95 161 3
95 161 3
95 161 3
95 161 3
95 161 3
95 161 3
95 161 3
95 161 3
95 161 3
95 161 3
95 161 3
95 161 3
95 161 3
95 161 3
95 161 3
95 161 3
95 161 3
95 161 3
95 161 3
95 161 3
95 161 3
95 161 3
95 161 3
95 161 3
95 161 3
95 161 3
95 161 3
95 161 3
95 161 3
95 161 3
95 161 3
95 161 3
95 161 3
95 161 3
95 161 3
95 161 3
95 161 3
95 161 3
95 161 3
95 161 3
95 161 3
95 161 3
95 161 3
95 161 3
95 161 3
95 161 3
95 161 3
95 161 3
95 161 3
95 161 3
95 161 3
95 161 3
95 161 3
95 161 3
95 161 3
131 64 13
131 64 3
131 64 3
131 64 3
131 64 3
131 64 3
131 64 3
131 64 3
131 64 3
131 64 3
131 64 3
131 64 3
131 64 3
131 64 3
131 64 3
132 74 13
122 69 13
122 69 3
122 69 3
122 69 3
122 69 3
122 69 3
122 69 3
122 69 3
122 69 3
122 69 3
122 59 13
122 59 3
122 59 3
122 59 3
122 59 3
122 59 3
122 59 3
122 59 3
122 59 3
122 59 3
122 59 3
122 59 3
122 59 3
122 59 3
122 59 3
122 59 3
122 59 3
122 59 3
122 59 3
122 59 3
122 59 3
122 59 3
122 59 3
122 59 3
122 59 3
122 59 3
122 59 3
122 59 3
122 59 3
122 59 3
122 59 3
122 59 3
122 59 3
122 59 3
122 59 3
122 59 3
122 59 3
122 59 3
122 59 3
122 59 3
122 59 3
122 59 3
122 59 3
122 59 3
122 59 3
122 59 3
122 59 3
122 59 3
122 59 3
122 59 3
122 59 3
122 59 3
122 59 3
122 59 3
122 59 3
122 59 3
122 59 3
122 59 3
122 59 3
122 59 3
122 59 3
122 59 3
122 59 3
122 59 3
122 59 3
122 59 3
122 59 3
122 59 3
122 59 3
122 59 3
122 59 3
122 59 3
122 59 3
122 59 3
122 59 3
122 59 3
122 59 3
122 59 3
122 59 3
122 59 3
122 59 3
122 59 3
122 59 3
122 59 3
122 59 3
122 59 3
122 59 3
122 59 3
122 59 3
122 59 3
122 59 3
122 59 3
122 59 3
122 59 3
122 59 3
122 59 3
122 59 3
122 59 3
122 59 3
122 59 3
122 59 3
122 59 3
122 59 3
122 59 3
122 59 3
122 59 3
122 59 3
122 59 3
122 59 3
122 59 3
122 59 3
122 59 3
122 59 3
122 59 3
122 59 3
122 59 3
122 59 3
122 59 3
122 59 3
122 59 3
122 59 3
122 59 3
122 59 3
122 59 3
122 59 3
122 59 3
122 59 3
122 59 3
122 59 3
122 59 3
122 59 3
122 59 3
122 59 3
122 59 3
122 59 3
122 59 3
122 59 3
122 59 3
122 59 3
122 59 3
122 59 3
122 59 3
122 59 3
122 59 3
122 59 3
122 59 3
122 59 3
122 59 3
122 59 3
122 59 3
122 59 3
122 59 3
122 59 3
122 59 3
122 59 3
122 59 3
122 59 3
122 59 3
122 59 3
122 59 3
122 59 3
122 59 3
122 59 3
122 59 3
122 59 3
122 59 3
122 59 3
122 59 3
122 59 3
122 59 3
122 59 3
122 59 3
122 59 3
122 59 3
122 59 3
122 59 3
122 59 3
122 59 3
122 59 3
122 59 3
122 59 3
122 59 3
122 59 3
122 59 3
122 59 3
122 59 3
122 59 3
122 59 3
122 59 3
122 59 3
122 59 3
122 59 3
122 59 3
122 59 3
122 59 3
122 59 3
122 59 3
122 59 3
122 59 3
122 59 3
122 59 3
122 59 3
122 59 3
122 80 13
132 85 13
132 85 3
132 85 3
132 85 3
132 85 3
123 90 13
132 95 13
132 95 3
132 95 3
132 95 3
132 95 3
132 95 3
132 95 3
132 95 3
132 95 3
132 95 3
132 95 3
132 95 3
132 95 3
132 95 3
132 95 3
132 95 3
132 95 3
132 95 3
132 95 3
132 95 3
132 95 3
132 95 3
132 95 3
132 95 3
132 95 3
132 95 3
132 95 3
132 95 3
132 95 3
132 95 3
132 95 3
132 95 3
132 95 3
132 95 3
86 133 13
86 133 3
86 133 3
86 133 3
86 133 3
86 133 3
86 133 3
86 133 3
86 133 3
86 133 3
86 133 3
86 133 3
86 133 3
86 133 3
86 133 3
86 133 3
86 133 3
86 133 3
86 133 3
86 133 3
86 133 3
86 133 3
86 133 3
86 133 3
86 133 3
86 133 3
86 133 3
86 133 3
86 133 3
86 133 3
86 133 3
86 133 3
86 133 3
86 133 3
86 133 3
86 133 3
86 133 3
86 133 3
86 133 3
86 133 3
86 133 3
86 133 3
86 133 3
86 133 3
86 133 3
86 133 3
86 133 3
86 133 3
86 133 3
86 133 3
86 133 3
86 133 3
86 133 3
86 133 3
86 133 3
86 133 3
86 133 3
86 133 3
86 133 3
86 133 3
86 133 3
86 133 3
86 133 3
86 133 3
86 133 3
86 133 3
86 133 3
86 133 3
86 133 3
86 133 3
86 133 3
86 133 3
86 133 3
86 133 3
86 133 3
86 133 3
86 133 3
86 133 3
86 133 3
86 133 3
86 133 3
86 133 3
86 133 3
86 133 3
86 133 3
86 133 3
86 133 3
86 133 3
86 133 3
86 133 3
86 133 3
86 133 3
86 133 3
86 133 3
86 133 3
86 133 3
86 133 3
86 133 3
86 133 3
86 133 3
86 133 3
86 133 3
86 133 3
86 133 3
86 133 3
86 133 3
86 133 3
86 133 3
86 133 3
86 133 3
86 133 3
86 133 3
86 133 3
86 133 3
86 133 3
86 133 3
86 133 3
86 133 3
86 133 3
86 133 3
86 133 3
86 133 3
86 133 3
86 133 3
86 133 3
86 133 3
86 133 3
86 133 3
86 133 3
86 133 3
86 133 3
86 133 3
86 133 3
86 133 3
86 133 3
86 133 3
86 133 3
86 133 3
86 133 3
86 133 3
86 133 3
86 133 3
86 133 3
86 133 3
86 133 3
86 133 3
86 133 3
86 133 3
86 133 3
86 133 3
86 133 3
86 133 3
86 133 3
86 133 3
86 133 3
86 133 3
86 133 3
86 133 3
86 133 3
86 133 3
86 133 3
86 133 3
86 133 3
86 133 3
86 133 3
86 133 3
86 133 3
86 133 3
86 133 3
86 133 3
86 133 3
86 133 3
86 133 3
86 133 3
86 133 3
86 133 3
86 133 3
86 133 3
86 133 3
86 133 3
86 133 3
86 133 3
86 133 3
86 133 3
86 133 3
86 133 3
86 133 3
86 133 3
86 133 3
86 133 3
86 133 3
86 133 3
86 133 3
86 133 3
86 133 3
86 133 3
86 133 3
86 133 3
86 133 3
86 133 3
86 133 3
86 133 3
86 133 3
86 133 3
86 133 3
86 133 3
86 133 3
86 133 3
86 133 3
86 133 3
86 133 3
86 133 3
86 133 3
86 133 3
86 133 3
86 133 3
86 133 3
86 133 3
86 133 3
86 133 3
86 133 3
86 133 3
86 133 3
86 133 3
86 133 3
86 133 3
86 133 3
86 133 3
86 133 3
86 133 3
86 133 3
86 133 3
86 133 3
86 133 3
86 133 3
86 133 3
86 133 3
86 133 3
86 133 3
86 133 3
86 133 3
86 133 3
86 133 3
86 133 3
86 133 3
86 133 3
86 133 3
86 133 3
86 133 3
86 133 3
86 133 3
86 133 3
86 133 3
86 133 3
86 133 3
86 133 3
86 133 3
86 133 3
86 133 3
86 133 3
86 133 3
86 133 3
86 133 3
86 133 3
86 133 3
86 133 3
86 133 3
86 133 3
86 133 3
86 133 3
86 133 3
86 133 3
86 133 3
86 133 3
86 133 3
86 133 3
86 133 3
86 133 3
86 133 3
86 133 3
86 133 3
86 133 3
86 133 3
86 133 3
86 133 3
86 133 3
86 133 3
86 133 3
86 133 3
86 133 3
86 133 3
86 133 3
86 133 3
86 133 3
86 133 3
86 133 3
86 133 3
86 133 3
86 133 3
86 133 3
86 133 3
86 133 3
86 133 3
86 133 3
86 133 3
86 133 3
86 133 3
86 133 3
86 133 3
86 133 3
86 133 3
86 133 3
86 133 3
86 133 3
86 133 3
86 133 3
86 133 3
86 133 3
86 133 3
86 133 3
86 133 3
86 133 3
86 133 3
86 133 3
86 133 3
86 133 3
86 133 3
86 133 3
86 133 3
86 133 3
86 133 3
86 133 3
86 133 3
86 133 3
86 133 3
86 133 3
86 133 3
86 133 3
86 133 3
86 133 3
86 133 3
86 133 3
86 133 3
86 133 3
86 133 3
123 101 13
123 101 3
123 101 3
123 101 3
123 101 3
123 101 3
123 101 3
123 101 3
123 101 3
123 101 3
123 101 3
123 101 3
123 101 3
123 101 3
123 101 3
123 101 3
123 101 3
123 101 3
123 101 3
123 101 3
123 101 3
123 101 3
123 101 3
123 101 3
123 101 3
123 101 3
123 101 3
123 101 3
123 101 3
123 101 3
123 101 3
123 101 3
123 101 3
123 101 3
123 101 3
123 101 3
123 101 3
123 101 3
123 101 3
123 101 3
123 101 3
123 101 3
123 101 3
123 101 3
123 101 3
123 101 3
123 101 3
123 101 3
123 101 3
123 122 13
123 122 3
123 122 3
123 122 3
123 122 3
123 122 3
123 122 3
123 122 3
123 122 3
123 122 3
123 122 3
123 122 3
123 122 3
123 122 3
123 122 3
123 122 3
123 122 3
123 122 3
123 122 3
123 122 3
123 122 3
123 122 3
123 122 3
123 122 3
123 122 3
123 122 3
123 122 3
123 122 3
123 122 3
123 122 3
123 122 3
123 122 3
123 122 3
123 122 3
123 122 3
123 122 3
123 122 3
123 122 3
123 122 3
123 122 3
123 122 3
123 122 3
123 122 3
123 122 3
123 122 3
123 122 3
123 122 3
123 122 3
123 122 3
123 122 3
123 122 3
123 122 3
123 122 3
123 122 3
123 122 3
123 122 3
123 122 3
123 122 3
123 122 3
123 122 3
123 122 3
123 122 3
123 122 3
123 122 3
123 122 3
123 122 3
123 122 3
123 122 3
123 122 3
123 122 3
123 122 3
123 122 3
123 122 3
123 122 3
123 122 3
123 122 3
123 122 3
123 122 3
123 122 3
123 122 3
123 122 3
123 122 3
123 122 3
123 122 3
123 122 3
123 122 3
123 122 3
123 122 3
123 122 3
123 122 3
123 122 3
123 122 3
123 122 3
123 122 3
123 122 3
123 122 3
123 122 3
123 122 3
123 122 3
123 122 3
123 122 3
123 122 3
123 122 3
123 122 3
123 122 3
123 122 3
123 122 3
123 122 3
123 122 3
123 122 3
123 122 3
123 122 3
123 122 3
123 122 3
123 122 3
123 122 3
123 122 3
123 122 3
123 122 3
123 122 3
123 122 3
123 122 3
123 122 3
123 122 3
123 122 3
123 122 3
123 122 3
123 122 3
123 122 3
123 122 3
123 122 3
123 122 3
123 122 3
123 122 3
123 122 3
123 122 3
123 122 3
123 122 3
123 122 3
123 122 3
123 122 3
123 122 3
123 122 3
123 122 3
123 122 3
123 122 3
123 122 3
123 122 3
123 122 3
123 122 3
123 122 3
123 122 3
123 122 3
123 122 3
123 122 3
123 122 3
123 122 3
123 122 3
123 122 3
123 122 3
123 112 13
123 112 3
123 112 3
123 112 3
123 112 3
123 112 3
123 112 3
123 112 3
123 112 3
123 112 3
123 112 3
123 112 3
123 112 3
123 112 3
123 112 3
123 112 3
123 112 3
123 112 3
123 112 3
123 112 3
123 112 3
123 112 3
123 112 3
123 112 3
123 112 3
123 112 3
123 112 3
123 112 3
123 112 3
123 112 3
123 112 3
123 112 3
123 112 3
123 112 3
123 112 3
123 112 3
123 112 3
123 112 3
123 112 3
123 112 3
123 112 3
123 112 3
123 112 3
123 112 3
123 112 3
123 112 3
123 112 3
123 112 3
123 112 3
123 112 3
123 112 3
123 112 3
123 112 3
123 112 3
123 112 3
123 112 3
123 112 3
123 112 3
123 112 3
123 112 3
123 112 3
123 112 3
123 112 3
123 112 3
123 112 3
123 112 3
123 112 3
123 112 3
123 112 3
123 112 3
123 112 3
123 112 3
123 112 3
123 112 3
123 112 3
123 112 3
123 112 3
123 112 3
123 112 3
123 112 3
123 112 3
123 112 3
123 112 3
123 112 3
123 112 3
123 112 3
123 112 3
123 112 3
123 112 3
123 112 3
123 112 3
123 112 3
123 112 3
123 112 3
123 112 3
123 112 3
123 112 3
123 112 3
123 112 3
123 112 3
123 112 3
123 112 3
123 112 3
123 112 3
123 112 3
123 112 3
123 112 3
123 112 3
123 112 3
123 112 3
123 112 3
123 112 3
123 112 3
123 112 3
123 112 3
123 112 3
123 112 3
123 112 3
123 112 3
123 112 3
123 112 3
123 112 3
123 112 3
123 112 3
123 112 3
123 112 3
123 112 3
123 112 3
123 112 3
123 112 3
123 112 3
123 112 3
123 112 3
123 112 3
123 112 3
123 112 3
123 112 3
123 112 3
123 112 3
123 112 3
123 112 3
123 112 3
123 112 3
123 112 3
123 112 3
123 112 3
123 112 3
123 112 3
123 112 3
123 112 3
123 112 3
123 112 3
123 112 3
123 112 3
123 112 3
123 112 3
123 112 3
123 112 3
123 112 3
123 112 3
123 112 3
123 112 3
123 112 3
123 112 3
123 112 3
123 112 3
123 112 3
123 112 3
123 112 3
123 112 3
123 112 3
123 112 3
123 112 3
123 112 3
123 112 3
123 112 3
123 112 3
123 112 3
123 112 3
123 112 3
123 112 3
123 112 3
123 112 3
123 112 3
123 112 3
123 112 3
123 112 3
123 112 3
123 112 3
123 112 3
123 112 3
123 112 3
123 112 3
123 112 3
123 112 3
123 112 3
123 112 3
123 112 3
123 112 3
123 112 3
123 112 3
123 112 3
123 112 3
123 112 3
123 112 3
123 112 3
123 112 3
123 112 3
123 112 3
123 112 3
123 112 3
123 112 3
123 112 3
123 112 3
123 112 3
123 112 3
123 112 3
123 112 3
123 112 3
123 112 3
123 112 3
123 112 3
123 112 3
123 112 3
123 112 3
123 112 3
123 112 3
123 112 3
123 112 3
123 112 3
123 112 3
123 112 3
123 112 3
123 112 3
123 112 3
123 112 3
123 112 3
123 112 3
123 112 3
123 112 3
123 112 3
123 112 3
123 112 3
123 112 3
123 112 3
123 112 3
123 112 3
123 112 3
123 112 3
123 112 3
123 112 3
123 112 3
123 112 3
123 112 3
123 112 3
123 112 3
123 112 3
123 112 3
123 112 3
123 112 3
123 112 3
123 112 3
123 112 3
123 112 3
123 112 3
123 112 3
123 112 3
123 112 3
123 112 3
123 112 3
123 112 3
123 112 3
123 112 3
123 112 3
123 112 3
123 112 3
123 112 3
123 112 3
123 112 3
123 112 3
123 112 3
123 112 3
123 112 3
123 112 3
123 112 3
123 112 3
123 112 3
123 112 3
123 112 3
123 112 3
123 112 3
123 112 3
123 112 3
123 112 3
114 95 13
113 85 13
113 74 13
113 74 3
113 74 3
104 79 13
104 79 3
104 79 3
104 79 3
104 79 3
104 79 3
104 79 3
104 79 3
104 79 3
104 79 3
104 79 3
104 79 3
104 79 3
104 79 3
104 79 3
104 79 3
104 79 3
104 79 3
104 90 13
104 90 3
104 90 3
104 90 3
104 90 3
104 90 3
104 90 3
104 90 3
104 90 3
104 167 13
104 167 3
104 167 3
104 167 3
104 167 3
104 167 3
104 167 3
104 167 3
104 167 3
104 167 3
104 167 3
104 167 3
104 167 3
104 167 3
104 167 3
104 167 3
104 167 3
104 167 3
104 167 3
104 167 3
104 167 3
104 167 3
104 167 3
104 167 3
104 167 3
104 167 3
104 167 3
104 167 3
104 167 3
104 167 3
104 167 3
104 167 3
104 167 3
104 167 3
104 167 3
104 167 3
104 167 3
104 167 3
104 167 3
104 167 3
104 167 3
104 167 3
104 167 3
104 167 3
104 167 3
104 167 3
104 167 3
104 167 3
104 167 3
104 167 3
104 167 3
104 167 3
104 167 3
104 167 3
104 167 3
104 167 3
104 167 3
104 167 3
104 167 3
104 167 3
104 167 3
104 167 3
104 167 3
104 167 3
104 167 3
104 167 3
104 167 3
104 167 3
104 167 3
104 167 3
104 167 3
104 167 3
104 167 3
104 167 3
104 167 3
104 167 3
104 167 3
104 167 3
104 167 3
104 167 3
104 167 3
104 167 3
104 167 3
104 167 3
104 167 3
104 167 3
104 167 3
104 167 3
104 167 3
104 167 3
104 167 3
104 167 3
104 167 3
104 167 3
104 167 3
104 167 3
104 167 3
104 167 3
104 167 3
104 167 3
104 167 3
104 167 3
104 167 3
104 167 3
104 167 3
104 167 3
104 167 3
104 167 3
104 167 3
104 167 3
104 167 3
104 167 3
104 167 3
104 167 3
104 167 3
104 167 3
104 167 3
104 167 3
104 167 3
104 167 3
104 167 3
104 167 3
104 167 3
104 167 3
104 167 3
104 167 3
104 167 3
104 167 3
104 167 3
104 167 3
104 167 3
104 167 3
104 167 3
104 167 3
104 167 3
104 167 3
104 167 3
104 167 3
104 167 3
104 167 3
104 167 3
104 167 3
104 167 3
104 167 3
104 167 3
104 167 3
104 167 3
104 167 3
104 167 3
104 167 3
104 167 3
104 167 3
104 167 3
104 167 3
104 167 3
104 167 3
104 167 3
104 167 3
104 167 3
104 167 3
104 167 3
104 167 3
104 167 3
104 167 3
104 167 3
104 167 3
104 167 3
104 167 3
104 167 3
104 167 3
104 167 3
104 167 3
104 167 3
104 167 3
104 167 3
104 167 3
104 167 3
104 167 3
104 167 3
104 167 3
104 167 3
104 167 3
104 167 3
104 167 3
104 167 3
104 167 3
104 167 3
104 167 3
104 167 3
104 167 3
104 167 3
104 167 3
104 167 3
104 167 3
104 167 3
104 167 3
104 167 3
104 167 3
104 167 3
104 167 3
104 167 3
104 167 3
104 167 3
104 167 3
104 167 3
104 167 3
104 167 3
104 167 3
104 167 3
104 167 3
104 167 3
104 167 3
104 167 3
104 167 3
104 167 3
104 167 3
104 167 3
104 167 3
104 167 3
133 150 13
133 139 13
133 128 13
133 128 3
133 128 3
133 128 3
133 128 3
133 128 3
133 128 3
133 128 3
133 128 3
133 128 3
133 128 3
133 128 3
133 128 3
133 128 3
133 128 3
133 128 3
133 128 3
133 128 3
133 128 3
133 128 3
133 128 3
133 128 3
142 134 13
142 145 13
95 84 13
95 84 3
95 84 3
95 84 3
95 84 3
95 84 3
95 84 3
95 84 3
95 84 3
95 84 3
95 84 3
95 84 3
95 84 3
95 84 3
95 84 3
95 84 3
95 84 3
95 84 3
95 84 3
95 84 3
95 84 3
95 84 3
95 84 3
95 84 3
95 84 3
95 84 3
95 84 3
95 84 3
95 84 3
95 84 3
95 84 3
95 84 3
95 84 3
95 84 3
95 84 3
95 84 3
95 84 3
95 84 3
95 84 3
95 84 3
95 84 3
95 84 3
95 84 3
95 84 3
95 84 3
95 84 3
95 84 3
95 84 3
95 84 3
95 84 3
95 84 3
95 84 3
95 84 3
95 84 3
95 84 3
95 84 3
95 84 3
95 84 3
95 84 3
95 84 3
95 84 3
95 84 3
95 84 3
95 84 3
95 84 3
95 84 3
95 84 3
95 84 3
95 84 3
95 84 3
95 84 3
95 84 3
95 84 3
95 84 3
95 84 3
95 84 3
95 84 3
95 84 3
95 84 3
95 84 3
95 84 3
95 84 3
95 84 3
95 84 3
95 84 3
95 84 3
95 84 3
95 84 3
95 84 3
142 156 13
142 156 3
142 156 3
133 161 13
133 161 3
133 161 3
133 161 3
133 161 3
133 161 3
133 161 3
133 161 3
133 161 3
133 161 3
133 161 3
133 161 3
133 161 3
133 161 3
133 161 3
133 161 3
133 161 3
133 161 3
133 161 3
133 161 3
133 161 3
133 161 3
133 161 3
133 161 3
133 161 3
133 161 3
133 161 3
133 161 3
133 161 3
133 161 3
133 161 3
133 161 3
133 161 3
133 161 3
133 161 3
133 161 3
133 161 3
133 161 3
133 161 3
133 161 3
133 161 3
133 161 3
133 161 3
133 161 3
133 161 3
133 161 3
133 161 3
133 161 3
133 161 3
133 161 3
133 161 3
133 161 3
133 161 3
133 161 3
133 161 3
133 161 3
133 161 3
133 161 3
133 161 3
133 161 3
133 161 3
133 161 3
133 161 3
133 161 3
133 161 3
133 161 3
133 161 3
133 161 3
133 161 3
133 161 3
133 161 3
133 161 3
133 161 3
133 161 3
133 161 3
133 161 3
133 161 3
133 161 3
133 161 3
133 161 3
133 161 3
133 161 3
133 161 3
133 161 3
133 161 3
133 161 3
133 161 3
133 161 3
133 161 3
151 162 13
151 150 13
161 156 13
161 156 3
161 156 3
161 156 3
161 156 3
161 156 3
161 156 3
161 156 3
161 156 3
161 156 3
161 156 3
141 80 13
141 69 13
141 59 13
141 59 3
141 59 3
141 59 3
141 59 3
141 59 3
141 59 3
141 59 3
141 59 3
141 59 3
141 59 3
141 59 3
141 59 3
141 59 3
141 59 3
141 59 3
141 59 3
141 59 3
141 59 3
141 59 3
141 59 3
141 59 3
141 59 3
141 59 3
141 59 3
142 90 13
142 90 3
142 90 3
142 90 3
142 90 3
142 90 3
142 90 3
142 90 3
142 90 3
142 90 3
142 90 3
142 90 3
142 90 3
142 90 3
142 90 3
142 90 3
142 90 3
142 90 3
142 90 3
142 90 3
142 90 3
142 90 3
142 90 3
142 90 3
142 90 3
142 90 3
142 90 3
142 90 3
142 90 3
142 90 3
142 90 3
142 90 3
142 90 3
142 90 3
142 90 3
142 90 3
142 90 3
142 90 3
142 90 3
142 90 3
142 90 3
142 90 3
142 90 3
142 90 3
142 90 3
142 90 3
142 90 3
142 90 3
142 90 3
142 90 3
142 90 3
142 90 3
142 90 3
142 90 3
142 90 3
142 90 3
142 90 3
142 90 3
142 90 3
142 90 3
142 90 3
142 90 3
142 90 3
142 90 3
142 90 3
142 90 3
142 90 3
142 90 3
142 90 3
142 90 3
142 90 3
142 90 3
142 90 3
142 90 3
142 90 3
142 90 3
142 90 3
142 90 3
142 90 3
142 90 3
142 90 3
142 90 3
142 90 3
142 90 3
142 90 3
142 90 3
142 90 3
142 90 3
142 90 3
142 90 3
142 90 3
142 90 3
142 90 3
142 90 3
142 90 3
142 90 3
142 90 3
142 90 3
142 90 3
142 90 3
142 90 3
142 90 3
142 90 3
142 90 3
142 90 3
142 90 3
142 90 3
142 90 3
142 90 3
142 90 3
142 90 3
142 90 3
142 90 3
142 90 3
142 90 3
142 90 3
142 90 3
142 90 3
142 90 3
142 90 3
142 90 3
142 90 3
142 90 3
142 90 3
142 90 3
142 90 3
142 90 3
142 90 3
142 90 3
142 90 3
142 90 3
142 90 3
142 90 3
142 90 3
142 90 3
142 90 3
142 90 3
142 90 3
142 90 3
142 90 3
142 90 3
142 90 3
142 90 3
142 90 3
152 139 13
161 145 13
161 145 3
161 145 3
161 145 3
161 145 3
161 145 3
161 145 3
161 145 3
161 145 3
161 145 3
161 145 3
150 54 13
150 54 3
150 54 3
150 54 3
150 54 3
150 54 3
150 54 3
150 54 3
150 54 3
150 54 3
150 54 3
150 54 3
150 54 3
150 54 3
150 54 3
150 54 3
150 54 3
150 54 3
150 54 3
150 54 3
150 54 3
150 54 3
150 54 3
150 54 3
150 54 3
150 54 3
150 54 3
150 54 3
150 54 3
150 54 3
150 54 3
150 54 3
150 54 3
150 54 3
150 54 3
150 54 3
150 54 3
150 54 3
150 54 3
150 54 3
150 54 3
150 54 3
150 54 3
150 54 3
150 54 3
150 54 3
150 54 3
150 54 3
150 54 3
150 54 3
150 54 3
150 54 3
150 54 3
150 54 3
150 54 3
150 54 3
150 54 3
150 54 3
150 54 3
150 54 3
150 54 3
150 54 3
150 54 3
150 54 3
150 54 3
150 54 3
150 54 3
150 54 3
150 54 3
150 54 3
150 54 3
150 54 3
150 54 3
150 54 3
150 54 3
150 54 3
150 54 3
150 54 3
150 54 3
150 54 3
150 54 3
150 54 3
150 54 3
150 54 3
150 54 3
150 54 3
150 54 3
150 54 3
150 54 3
150 54 3
150 54 3
150 54 3
150 54 3
150 54 3
150 54 3
150 54 3
150 54 3
150 54 3
150 54 3
150 54 3
150 54 3
150 54 3
150 54 3
150 54 3
150 54 3
150 54 3
150 54 3
150 54 3
150 54 3
150 54 3
150 54 3
150 54 3
150 54 3
150 54 3
150 54 3
150 54 3
150 54 3
150 54 3
150 54 3
150 54 3
150 54 3
150 54 3
150 54 3
150 54 3
150 54 3
150 54 3
150 54 3
150 54 3
150 54 3
150 54 3
150 54 3
150 54 3
150 54 3
150 54 3
150 54 3
150 54 3
150 54 3
150 54 3
150 54 3
150 54 3
150 54 3
150 54 3
150 54 3
150 54 3
150 54 3
150 54 3
150 54 3
150 54 3
150 54 3
150 54 3
150 54 3
150 54 3
150 54 3
150 54 3
150 54 3
150 54 3
150 54 3
150 54 3
150 54 3
150 54 3
150 54 3
150 54 3
150 54 3
150 54 3
150 54 3
150 54 3
150 54 3
150 54 3
150 54 3
150 54 3
150 54 3
150 54 3
150 54 3
150 54 3
150 54 3
150 54 3
150 54 3
150 54 3
150 54 3
150 54 3
150 54 3
150 54 3
150 54 3
150 54 3
150 54 3
150 54 3
150 54 3
150 54 3
150 54 3
150 54 3
150 54 3
150 54 3
150 54 3
150 54 3
150 54 3
150 54 3
170 150 13
170 150 3
170 150 3
170 150 3
170 150 3
170 150 3
170 150 3
170 150 3
170 150 3
170 150 3
170 150 3
170 150 3
170 150 3
170 150 3
170 150 3
170 150 3
170 150 3
170 150 3
170 150 3
170 150 3
170 150 3
170 150 3
170 150 3
170 150 3
170 150 3
170 150 3
170 150 3
170 150 3
170 150 3
170 150 3
170 150 3
170 150 3
170 150 3
170 150 3
170 150 3
170 150 3
170 150 3
170 150 3
170 150 3
170 150 3
170 150 3
170 150 3
170 150 3
170 150 3
170 150 3
170 150 3
170 150 3
170 150 3
170 150 3
170 150 3
170 150 3
170 150 3
170 150 3
170 150 3
170 150 3
170 150 3
170 150 3
170 150 3
170 150 3
170 150 3
170 150 3
170 150 3
170 150 3
170 150 3
170 150 3
170 150 3
170 150 3
170 150 3
170 150 3
170 150 3
170 150 3
170 150 3
170 150 3
170 150 3
170 150 3
170 150 3
170 150 3
170 150 3
170 150 3
170 150 3
170 150 3
170 150 3
170 150 3
170 150 3
170 150 3
170 150 3
170 150 3
170 150 3
170 150 3
170 150 3
170 150 3
170 150 3
170 150 3
170 150 3
170 150 3
170 150 3
170 150 3
170 150 3
170 150 3
170 150 3
170 150 3
170 150 3
170 150 3
170 150 3
170 150 3
170 150 3
170 150 3
170 150 3
170 150 3
170 150 3
170 150 3
170 150 3
170 150 3
170 150 3
170 150 3
170 150 3
170 150 3
170 150 3
170 150 3
170 150 3
170 150 3
170 150 3
170 150 3
170 150 3
170 150 3
170 150 3
170 150 3
170 150 3
170 150 3
170 150 3
170 150 3
170 150 3
170 150 3
170 150 3
170 150 3
170 150 3
170 150 3
170 150 3
170 150 3
170 150 3
170 150 3
170 150 3
170 150 3
170 150 3
170 150 3
170 150 3
170 150 3
170 150 3
170 150 3
170 150 3
170 150 3
170 150 3
170 150 3
170 150 3
170 150 3
170 150 3
170 150 3
170 150 3
170 150 3
170 150 3
170 150 3
170 150 3
170 150 3
170 150 3
170 150 3
170 150 3
170 150 3
170 150 3
170 150 3
170 150 3
170 150 3
170 150 3
170 150 3
170 150 3
170 150 3
170 150 3
170 150 3
170 150 3
170 150 3
170 150 3
170 150 3
170 150 3
170 150 3
170 150 3
170 150 3
170 150 3
170 150 3
170 150 3
170 150 3
170 150 3
170 150 3
170 150 3
170 150 3
170 150 3
170 150 3
170 150 3
170 150 3
170 150 3
170 150 3
170 150 3
170 150 3
170 150 3
170 150 3
170 150 3
170 150 3
170 150 3
170 150 3
170 150 3
170 150 3
170 150 3
170 150 3
170 150 3
170 150 3
170 150 3
170 150 3
170 150 3
170 150 3
170 150 3
170 150 3
170 150 3
170 150 3
170 150 3
170 150 3
170 150 3
170 150 3
170 150 3
170 150 3
170 150 3
170 150 3
170 150 3
170 150 3
170 150 3
170 150 3
170 150 3
170 150 3
170 150 3
170 150 3
170 150 3
170 150 3
170 150 3
170 150 3
170 150 3
170 150 3
170 150 3
170 150 3
170 150 3
170 150 3
170 150 3
170 150 3
170 150 3
170 150 3
170 150 3
170 150 3
170 150 3
170 150 3
170 150 3
170 150 3
170 150 3
170 150 3
170 150 3
170 150 3
170 150 3
170 150 3
170 150 3
170 150 3
170 150 3
170 150 3
170 150 3
170 150 3
170 150 3
170 150 3
170 150 3
170 150 3
170 150 3
170 150 3
170 150 3
170 150 3
170 150 3
170 150 3
170 150 3
170 150 3
170 150 3
170 150 3
170 150 3
170 150 3
170 150 3
170 150 3
170 150 3
170 150 3
170 150 3
170 150 3
170 150 3
170 150 3
170 150 3
170 150 3
170 150 3
170 150 3
170 150 3
170 150 3
161 134 13
161 134 3
161 134 3
161 134 3
152 128 13
142 123 13
142 123 3
142 123 3
142 123 3
142 123 3
142 123 3
142 123 3
142 123 3
142 123 3
142 123 3
142 123 3
142 123 3
142 123 3
142 123 3
142 123 3
142 123 3
113 64 13
113 64 3
113 64 3
113 64 3
113 64 3
113 64 3
113 64 3
113 64 3
113 64 3
113 64 3
113 64 3
113 64 3
113 64 3
113 64 3
113 64 3
103 69 13
103 69 3
103 69 3
103 69 3
103 69 3
103 69 3
103 69 3
103 69 3
103 69 3
103 69 3
103 69 3
103 69 3
103 69 3
103 69 3
103 69 3
103 69 3
103 69 3
103 69 3
103 69 3
103 69 3
103 69 3
103 69 3
103 69 3
103 69 3
103 69 3
103 69 3
103 69 3
103 69 3
103 69 3
103 69 3
103 69 3
103 69 3
103 69 3
103 69 3
103 69 3
103 69 3
103 69 3
103 69 3
103 69 3
103 69 3
103 69 3
103 69 3
103 69 3
103 69 3
103 69 3
103 69 3
103 69 3
103 69 3
103 69 3
103 69 3
103 69 3
103 69 3
103 69 3
103 69 3
103 69 3
103 69 3
103 69 3
103 69 3
103 69 3
103 69 3
103 69 3
103 69 3
103 69 3
103 69 3
103 69 3
103 69 3
103 69 3
103 69 3
103 69 3
103 69 3
103 69 3
103 69 3
103 69 3
103 69 3
103 69 3
103 69 3
103 69 3
103 69 3
103 69 3
103 69 3
103 69 3
103 69 3
103 69 3
103 69 3
103 69 3
103 69 3
103 69 3
103 69 3
103 69 3
103 69 3
103 69 3
103 69 3
103 69 3
103 69 3
103 69 3
103 69 3
103 69 3
103 69 3
103 69 3
103 69 3
103 69 3
103 69 3
103 69 3
103 69 3
103 69 3
103 69 3
103 69 3
103 69 3
103 69 3
103 69 3
103 69 3
103 69 3
103 69 3
103 69 3
103 69 3
103 69 3
103 69 3
103 69 3
103 69 3
103 69 3
103 69 3
103 69 3
103 69 3
103 69 3
103 69 3
103 69 3
103 69 3
103 69 3
103 69 3
103 69 3
103 69 3
103 69 3
103 69 3
103 69 3
103 69 3
103 69 3
103 69 3
103 69 3
103 69 3
103 69 3
103 69 3
103 69 3
103 69 3
103 69 3
103 69 3
103 69 3
103 69 3
103 69 3
103 69 3
103 69 3
103 69 3
103 69 3
103 69 3
103 69 3
103 69 3
103 69 3
103 69 3
103 69 3
103 69 3
103 69 3
103 69 3
103 69 3
103 69 3
103 69 3
103 69 3
103 69 3
103 69 3
103 69 3
103 69 3
103 69 3
103 69 3
103 69 3
103 69 3
103 69 3
103 69 3
103 69 3
103 69 3
103 69 3
103 69 3
103 69 3
103 69 3
103 69 3
103 69 3
103 69 3
103 69 3
103 69 3
103 69 3
103 69 3
103 69 3
103 69 3
103 69 3
103 69 3
103 69 3
103 69 3
142 167 13
142 167 3
142 167 3
142 167 3
142 167 3
142 167 3
142 167 3
142 167 3
142 167 3
142 167 3
142 167 3
142 167 3
142 167 3
142 167 3
142 167 3
142 167 3
142 167 3
142 167 3
142 167 3
142 167 3
142 167 3
142 167 3
142 167 3
142 167 3
142 167 3
142 167 3
142 167 3
142 167 3
142 167 3
142 167 3
142 167 3
142 167 3
142 167 3
142 167 3
142 167 3
142 167 3
142 167 3
142 167 3
142 167 3
142 167 3
142 167 3
142 167 3
142 167 3
142 167 3
142 167 3
142 167 3
142 167 3
142 167 3
142 167 3
142 167 3
142 167 3
142 167 3
142 167 3
142 167 3
142 167 3
142 167 3
142 167 3
142 167 3
142 167 3
142 167 3
142 167 3
142 167 3
142 167 3
142 167 3
142 167 3
142 167 3
142 167 3
142 167 3
142 167 3
142 167 3
142 167 3
142 167 3
142 167 3
142 167 3
142 167 3
142 167 3
142 167 3
150 64 13
150 64 3
150 64 3
150 64 3
150 64 3
150 64 3
150 64 3
150 64 3
150 64 3
150 64 3
150 64 3
150 64 3
150 64 3
150 64 3
150 64 3
150 64 3
150 64 3
150 64 3
150 64 3
150 64 3
150 64 3
150 64 3
150 64 3
150 64 3
150 64 3
150 64 3
150 64 3
150 64 3
150 64 3
150 64 3
150 64 3
150 64 3
150 64 3
150 64 3
150 64 3
150 64 3
150 64 3
150 64 3
150 64 3
150 64 3
151 74 13
151 74 3
151 74 3
151 74 3
151 74 3
151 74 3
151 74 3
151 74 3
151 74 3
151 74 3
151 74 3
151 74 3
151 74 3
151 74 3
151 74 3
151 74 3
151 74 3
151 85 13
151 85 3
151 85 3
151 85 3
151 85 3
151 85 3
151 85 3
151 85 3
151 85 3
151 85 3
151 85 3
151 85 3
151 85 3
151 85 3
151 85 3
151 85 3
151 85 3
151 85 3
151 85 3
151 85 3
151 85 3
151 85 3
151 85 3
151 85 3
151 85 3
151 85 3
151 85 3
151 85 3
151 85 3
151 85 3
151 85 3
151 85 3
151 85 3
151 85 3
151 85 3
151 85 3
151 85 3
151 85 3
151 85 3
151 85 3
151 85 3
151 85 3
151 85 3
151 85 3
152 117 13
152 117 3
152 117 3
152 117 3
152 117 3
152 117 3
152 117 3
152 117 3
152 117 3
152 117 3
152 117 3
152 117 3
152 117 3
152 117 3
152 117 3
152 117 3
161 122 13
161 122 3
161 122 3
161 122 3
161 122 3
161 122 3
161 122 3
161 122 3
161 122 3
161 122 3
161 122 3
160 79 13
160 79 3
160 79 3
160 79 3
160 79 3
160 79 3
160 79 3
160 79 3
160 79 3
160 79 3
160 79 3
160 79 3
160 79 3
160 79 3
160 79 3
160 79 3
160 79 3
160 79 3
160 79 3
160 79 3
160 79 3
160 79 3
160 79 3
160 79 3
160 79 3
160 79 3
160 79 3
160 79 3
160 79 3
160 79 3
160 79 3
160 79 3
160 79 3
160 79 3
160 79 3
160 79 3
160 79 3
160 79 3
160 79 3
160 79 3
160 79 3
160 79 3
160 79 3
160 79 3
160 79 3
160 79 3
160 79 3
160 79 3
160 79 3
160 79 3
160 79 3
160 79 3
160 79 3
160 79 3
160 79 3
160 79 3
160 79 3
160 79 3
160 79 3
160 79 3
160 79 3
160 79 3
160 79 3
160 79 3
160 79 3
160 79 3
160 79 3
160 79 3
160 79 3
160 79 3
160 79 3
160 79 3
160 69 13
160 69 3
160 69 3
160 69 3
160 69 3
160 69 3
160 69 3
160 69 3
160 69 3
160 69 3
160 69 3
160 69 3
160 69 3
160 69 3
160 69 3
160 69 3
160 69 3
160 69 3
160 69 3
160 69 3
160 69 3
160 69 3
160 69 3
160 69 3
160 69 3
160 69 3
160 69 3
160 69 3
160 69 3
160 69 3
160 69 3
160 69 3
160 69 3
160 69 3
160 69 3
160 69 3
160 69 3
160 69 3
160 69 3
160 69 3
160 69 3
160 69 3
160 69 3
160 69 3
160 69 3
160 69 3
160 69 3
160 69 3
160 69 3
160 69 3
160 69 3
160 69 3
160 69 3
160 69 3
160 69 3
160 69 3
160 69 3
160 69 3
160 69 3
160 69 3
160 69 3
160 69 3
160 69 3
160 69 3
160 69 3
160 69 3
160 69 3
160 69 3
160 69 3
160 69 3
160 69 3
160 69 3
160 69 3
160 69 3
160 69 3
142 112 13
142 112 3
142 112 3
142 112 3
142 112 3
142 112 3
142 112 3
142 112 3
142 112 3
142 112 3
142 112 3
142 112 3
142 112 3
142 112 3
142 112 3
142 112 3
142 112 3
142 112 3
142 112 3
142 112 3
142 112 3
142 112 3
142 112 3
142 112 3
142 112 3
142 112 3
142 112 3
142 112 3
142 112 3
142 112 3
142 112 3
142 112 3
142 112 3
142 112 3
142 112 3
142 112 3
142 112 3
142 112 3
142 112 3
142 112 3
142 112 3
142 112 3
142 112 3
142 112 3
142 112 3
142 112 3
142 112 3
142 112 3
142 112 3
142 112 3
142 112 3
142 112 3
142 112 3
142 112 3
142 112 3
142 112 3
142 112 3
142 112 3
142 112 3
142 112 3
142 112 3
142 112 3
142 112 3
142 112 3
142 112 3
142 112 3
142 112 3
142 112 3
142 112 3
142 112 3
142 112 3
142 112 3
142 112 3
142 112 3
142 112 3
142 112 3
142 112 3
142 112 3
142 112 3
142 112 3
142 112 3
142 112 3
142 112 3
142 112 3
142 112 3
142 112 3
142 112 3
142 112 3
142 112 3
142 112 3
142 112 3
142 112 3
142 112 3
142 112 3
142 112 3
142 112 3
142 112 3
142 112 3
142 112 3
142 112 3
142 112 3
142 112 3
142 112 3
142 112 3
142 112 3
142 112 3
142 112 3
142 112 3
142 112 3
142 112 3
142 112 3
142 112 3
142 112 3
142 112 3
142 112 3
142 112 3
142 112 3
142 112 3
142 112 3
142 112 3
142 112 3
142 112 3
142 112 3
142 112 3
142 112 3
142 112 3
142 112 3
142 112 3
142 112 3
142 112 3
142 112 3
142 112 3
142 112 3
142 112 3
142 112 3
142 112 3
142 112 3
142 112 3
142 112 3
142 112 3
142 112 3
142 112 3
142 112 3
142 112 3
142 112 3
142 112 3
142 112 3
142 112 3
142 112 3
142 112 3
142 112 3
142 112 3
142 112 3
142 112 3
142 112 3
142 112 3
142 112 3
142 112 3
142 112 3
142 112 3
142 112 3
142 112 3
142 112 3
142 112 3
142 112 3
142 112 3
142 112 3
142 112 3
142 112 3
142 112 3
142 112 3
142 112 3
142 112 3
142 112 3
142 112 3
142 112 3
142 112 3
142 112 3
142 112 3
142 112 3
142 112 3
142 112 3
142 112 3
142 112 3
142 112 3
142 112 3
142 112 3
142 112 3
142 112 3
142 112 3
142 112 3
142 112 3
142 112 3
142 112 3
142 112 3
142 112 3
142 112 3
142 112 3
142 112 3
142 112 3
142 112 3
142 112 3
142 112 3
142 112 3
142 112 3
142 112 3
142 112 3
142 112 3
142 112 3
142 112 3
142 112 3
142 112 3
142 112 3
142 112 3
142 112 3
142 112 3
142 112 3
142 112 3
142 112 3
142 112 3
142 112 3
142 112 3
142 112 3
142 112 3
142 112 3
142 112 3
142 112 3
142 112 3
142 112 3
142 112 3
142 112 3
142 112 3
142 112 3
142 112 3
142 112 3
142 112 3
142 112 3
142 112 3
142 112 3
142 112 3
142 112 3
142 112 3
142 112 3
142 112 3
142 112 3
142 112 3
142 112 3
142 112 3
142 112 3
142 112 3
142 112 3
142 112 3
142 112 3
142 112 3
142 112 3
142 112 3
142 112 3
142 112 3
142 112 3
142 112 3
142 112 3
142 112 3
142 112 3
142 112 3
142 112 3
142 112 3
142 112 3
142 112 3
142 112 3
142 112 3
142 112 3
142 112 3
142 112 3
142 112 3
142 112 3
142 112 3
142 112 3
142 112 3
142 112 3
142 112 3
142 112 3
142 112 3
142 112 3
142 112 3
142 112 3
142 112 3
142 112 3
142 112 3
142 112 3
142 112 3
142 112 3
142 112 3
142 112 3
142 112 3
142 112 3
142 112 3
142 112 3
142 112 3
142 112 3
142 112 3
142 112 3
142 112 3
142 112 3
161 111 13
161 111 3
161 111 3
161 111 3
161 111 3
161 111 3
161 111 3
161 111 3
161 111 3
161 111 3
161 111 3
161 111 3
161 111 3
161 111 3
161 111 3
161 111 3
161 111 3
161 111 3
161 111 3
161 111 3
161 111 3
161 111 3
161 111 3
161 111 3
161 111 3
161 90 13
161 90 3
161 90 3
161 90 3
161 90 3
161 90 3
161 90 3
161 90 3
161 90 3
161 90 3
161 90 3
161 90 3
161 90 3
161 90 3
161 90 3
161 90 3
161 90 3
161 90 3
161 90 3
161 90 3
161 90 3
161 90 3
161 90 3
161 90 3
161 90 3
161 90 3
161 90 3
161 90 3
161 90 3
161 90 3
161 90 3
161 90 3
161 90 3
161 90 3
161 90 3
161 90 3
161 90 3
161 90 3
161 90 3
161 90 3
161 90 3
161 90 3
161 90 3
161 90 3
161 90 3
161 90 3
161 90 3
161 90 3
161 90 3
161 90 3
161 90 3
161 90 3
161 90 3
161 90 3
161 90 3
161 90 3
161 90 3
161 90 3
161 90 3
161 90 3
161 90 3
161 90 3
161 90 3
161 90 3
161 90 3
161 90 3
161 90 3
161 90 3
161 90 3
161 90 3
161 90 3
161 90 3
161 90 3
161 90 3
161 90 3
161 90 3
161 90 3
161 90 3
161 90 3
161 90 3
161 90 3
161 90 3
161 90 3
161 90 3
161 90 3
161 90 3
161 90 3
161 90 3
161 90 3
161 90 3
161 90 3
161 90 3
161 90 3
161 90 3
161 90 3
161 90 3
161 90 3
161 90 3
161 90 3
161 90 3
161 90 3
161 90 3
161 90 3
161 90 3
161 101 13
161 101 3
161 101 3
161 101 3
161 101 3
161 101 3
161 101 3
169 184 15
169 183 15
168 183 15
168 182 15
168 181 15
168 180 15
167 180 15
166 180 15
165 180 15
165 179 15
165 178 15
165 177 15
164 177 15
163 177 15
163 176 15
163 175 15
163 174 15
162 174 15
162 173 15
162 172 15
162 171 15
162 170 15
162 169 15
162 168 15
162 167 15
160 122 15
160 122 3
160 122 3
160 122 3
160 122 3
160 122 3
160 122 3
160 122 3
160 122 3
159 122 15
159 122 3
159 122 3
159 122 3
159 122 3
159 122 3
159 122 3
159 123 15
159 123 3
159 123 3
159 123 3
159 123 3
159 123 3
159 123 3
159 124 15
159 124 3
159 124 3
159 124 3
159 124 3
159 124 3
159 124 3
159 125 15
159 125 3
159 125 3
159 125 3
159 125 3
159 125 3
159 126 15
159 126 3
159 126 3
159 126 3
159 126 3
159 126 3
159 127 15
159 127 3
159 127 3
159 127 3
159 127 3
159 127 3
159 128 15
159 128 3
159 128 3
159 128 3
159 128 3
159 128 3
159 129 15
159 129 3
159 129 3
159 129 3
159 129 3
159 130 15
159 130 3
159 130 3
159 130 3
159 131 15
159 131 3
159 131 3
159 132 15
159 132 3
159 133 15
159 134 15
159 135 15
159 136 15
159 137 15
159 138 15
159 139 15
159 140 15
159 141 15
159 142 15
159 143 15
159 143 3
159 144 15
159 144 3
159 144 3
159 144 3
159 145 15
159 145 3
159 145 3
159 145 3
159 145 3
159 145 3
159 146 15
159 146 3
159 146 3
159 146 3
159 146 3
159 146 3
159 146 3
159 146 3
159 146 3
159 146 3
159 147 15
159 147 3
159 147 3
159 147 3
159 147 3
159 147 3
159 147 3
159 147 3
159 147 3
159 147 3
159 147 3
159 147 3
159 147 3
159 147 3
159 147 3
159 147 3
159 147 3
159 148 15
159 148 3
159 148 3
159 148 3
159 148 3
159 148 3
159 148 3
159 148 3
159 148 3
159 148 3
159 148 3
159 148 3
159 148 3
159 148 3
159 148 3
159 148 3
159 148 3
159 148 3
159 148 3
159 148 3
159 148 3
159 148 3
159 148 3
159 148 3
159 148 3
159 148 3
159 149 15
159 149 3
159 149 3
159 149 3
159 149 3
159 149 3
159 149 3
159 149 3
159 149 3
159 149 3
159 149 3
159 149 3
159 149 3
159 149 3
159 149 3
159 149 3
159 149 3
159 149 3
159 149 3
159 149 3
159 149 3
159 149 3
159 149 3
159 149 3
159 149 3
159 149 3
159 149 3
159 149 3
159 149 3
159 149 3
159 149 3
159 149 3
159 149 3
159 149 3
159 150 15
159 150 3
159 150 3
159 150 3
159 150 3
159 150 3
159 150 3
159 150 3
159 150 3
159 150 3
159 150 3
159 150 3
159 150 3
159 150 3
159 150 3
159 150 3
159 150 3
159 150 3
159 150 3
159 150 3
159 150 3
159 150 3
159 150 3
159 150 3
159 150 3
159 150 3
159 150 3
159 150 3
159 150 3
159 150 3
159 150 3
159 150 3
159 150 3
159 150 3
159 150 3
159 150 3
159 150 3
159 150 3
159 150 3
159 151 15
159 151 3
159 151 3
159 151 3
159 151 3
159 151 3
159 151 3
159 151 3
159 151 3
159 151 3
159 151 3
159 151 3
159 151 3
159 151 3
159 151 3
159 151 3
159 151 3
159 151 3
159 151 3
159 151 3
159 151 3
159 151 3
159 151 3
159 151 3
159 151 3
159 151 3
159 151 3
159 151 3
159 151 3
159 151 3
159 151 3
159 151 3
159 151 3
159 151 3
159 151 3
159 151 3
159 151 3
159 152 15
159 152 3
159 152 3
159 152 3
159 152 3
159 152 3
159 152 3
159 152 3
159 152 3
159 152 3
159 152 3
159 152 3
159 152 3
159 152 3
159 152 3
159 152 3
159 152 3
159 152 3
159 152 3
159 152 3
159 152 3
159 152 3
159 152 3
159 152 3
159 152 3
159 152 3
159 152 3
159 152 3
159 152 3
159 152 3
159 153 15
159 153 3
159 153 3
159 153 3
159 153 3
159 153 3
159 153 3
159 153 3
159 153 3
159 153 3
159 153 3
159 153 3
159 153 3
159 153 3
159 153 3
159 153 3
159 153 3
159 153 3
159 153 3
159 153 3
159 153 3
159 153 3
159 154 15
159 154 3
159 154 3
159 154 3
159 154 3
159 154 3
159 154 3
159 154 3
159 154 3
159 154 3
159 154 3
159 154 3
159 154 3
159 154 3
159 154 3
159 155 15
159 155 3
159 155 3
159 155 3
159 155 3
159 155 3
159 155 3
159 155 3
159 155 3
159 155 3
159 156 15
159 156 3
159 156 3
159 156 3
159 156 3
159 156 3
159 157 15
159 157 3
159 157 3
159 157 3
160 157 15
160 157 3
160 157 3
160 157 3
160 157 3
160 158 15
160 158 3
160 159 15
160 160 15
161 160 15
161 161 15
161 162 15
161 163 15
161 164 15
161 165 15
161 166 15
160 121 15
160 121 3
160 121 3
160 121 3
160 121 3
160 121 3
160 121 3
160 121 3
160 120 15
160 120 3
160 120 3
160 120 3
160 120 3
160 120 3
160 120 3
160 120 3
160 120 3
159 120 15
159 120 3
159 120 3
159 120 3
159 120 3
159 120 3
159 120 3
159 119 15
159 119 3
159 119 3
159 119 3
159 119 3
159 119 3
159 119 3
159 119 3
159 118 15
159 118 3
159 118 3
159 118 3
159 118 3
159 118 3
159 118 3
159 118 3
159 118 3
159 118 3
159 117 15
159 117 3
159 117 3
159 117 3
159 117 3
159 117 3
159 117 3
159 117 3
159 117 3
159 117 3
159 117 3
159 117 3
159 117 3
159 116 15
159 116 3
159 116 3
159 116 3
159 116 3
159 116 3
159 116 3
159 116 3
159 116 3
159 116 3
159 116 3
159 116 3
159 116 3
159 116 3
159 116 3
159 116 3
159 115 21
159 115 3
159 115 3
159 115 3
159 115 3
159 115 3
159 115 3
159 115 3
159 115 3
159 115 3
159 115 3
159 115 3
159 115 3
159 115 3
159 115 3
159 115 3
159 115 3
159 115 3
159 114 31
159 114 3
159 114 3
159 114 3
159 114 3
159 114 3
159 114 3
159 114 3
159 114 3
159 114 3
159 114 3
159 114 3
159 114 3
159 114 3
159 114 3
159 114 3
159 114 3
159 113 38
159 113 3
159 113 3
159 113 3
159 113 3
159 113 3
159 113 3
159 113 3
159 113 3
159 113 3
159 113 3
159 113 3
159 113 3
159 113 3
159 113 3
159 112 44
159 112 3
159 112 3
159 112 3
159 112 3
159 112 3
159 112 3
159 112 3
159 112 3
159 112 3
159 112 3
159 112 3
159 111 46
159 111 3
159 111 3
159 111 3
159 111 3
159 111 3
159 111 3
159 111 3
159 110 46
159 110 3
159 110 3
159 110 3
159 109 44
159 108 40
159 107 34
159 106 29
159 105 24
159 105 3
159 104 22
159 104 3
159 104 3
159 103 23
159 103 3
159 103 3
159 102 27
159 102 3
159 101 35
159 100 47
159 99 63
159 98 82
159 97 104
158 97 123
158 96 142
158 95 160
158 94 178
158 93 194
157 93 205
157 92 211
157 91 215
157 90 215
157 89 213
157 88 207
156 88 197
156 87 185
156 86 172
156 85 159
155 85 145
154 85 137
153 85 135
152 85 137
151 84 114
151 84 3
151 83 93
151 82 78
151 81 69
150 81 66
149 81 64
148 81 61
147 81 58
146 81 53
145 81 47
144 81 40
143 81 32
142 81 24
141 81 16
140 80 15
139 80 15
138 80 15
137 80 15
137 79 15
137 78 15
136 78 15
136 77 15
136 76 15
136 75 20
136 74 24
136 73 25
136 72 22
136 71 15
136 70 15
136 69 15
136 68 15
137 68 15
137 67 15
137 66 15
137 65 15
137 65 3
137 64 15
137 64 3
137 64 3
137 64 3
137 63 15
137 63 3
137 63 3
137 63 3
137 63 3
137 63 3
137 63 3
137 63 3
137 62 15
137 62 3
137 62 3
137 62 3
137 62 3
137 62 3
137 62 3
137 62 3
137 62 3
137 62 3
137 62 3
137 62 3
137 62 3
137 62 3
137 61 15
137 61 3
137 61 3
137 61 3
137 61 3
137 61 3
137 61 3
137 61 3
137 61 3
137 61 3
137 61 3
137 61 3
137 61 3
137 61 3
137 61 3
137 61 3
137 61 3
137 61 3
137 61 3
137 61 3
137 61 3
137 60 19
137 60 3
137 60 3
137 60 3
137 60 3
137 60 3
137 60 3
137 60 3
137 60 3
137 60 3
137 60 3
137 60 3
137 60 3
137 60 3
137 60 3
137 60 3
137 60 3
137 60 3
137 60 3
137 60 3
137 60 3
137 60 3
137 60 3
137 60 3
137 60 3
137 60 3
137 59 55
137 59 3
137 59 3
137 59 3
137 59 3
137 59 3
137 59 3
137 59 3
137 59 3
137 59 3
137 59 3
137 59 3
137 59 3
137 59 3
137 59 3
137 59 3
137 59 3
137 59 3
137 58 96
137 58 3
137 58 3
137 58 3
137 58 3
137 58 3
137 58 3
137 58 3
137 57 137
137 56 178
137 55 215
137 54 247
137 53 271
137 52 285
137 51 290
137 51 3
137 51 3
137 51 3
137 51 3
137 51 3
137 51 3
137 51 3
137 51 3
137 51 3
137 51 3
137 51 3
137 51 3
137 51 3
137 51 3
137 51 3
137 50 286
137 50 3
137 50 3
137 50 3
137 50 3
137 50 3
137 50 3
137 50 3
137 50 3
137 50 3
137 50 3
137 50 3
137 50 3
137 50 3
137 50 3
137 50 3
137 50 3
137 50 3
137 50 3
137 50 3
137 50 3
137 50 3
137 50 3
137 50 3
137 50 3
137 50 3
137 50 3
137 50 3
137 50 3
137 50 3
137 50 3
137 49 272
137 49 3
137 49 3
137 49 3
137 49 3
137 49 3
137 49 3
137 49 3
137 49 3
137 49 3
137 49 3
137 49 3
137 49 3
137 49 3
137 49 3
137 49 3
137 49 3
137 49 3
137 49 3
137 49 3
137 49 3
137 49 3
137 49 3
137 49 3
137 49 3
137 49 3
137 49 3
137 49 3
137 49 3
137 49 3
137 49 3
137 49 3
137 49 3
137 49 3
137 49 3
137 49 3
137 49 3
137 49 3
137 49 3
137 49 3
137 48 250
137 48 3
137 48 3
137 48 3
137 48 3
137 48 3
137 48 3
137 48 3
137 48 3
137 48 3
137 48 3
137 48 3
137 48 3
137 48 3
137 48 3
137 48 3
137 48 3
137 48 3
137 48 3
137 48 3
137 48 3
137 48 3
137 48 3
137 48 3
137 48 3
137 48 3
137 48 3
137 48 3
137 48 3
137 48 3
137 48 3
137 48 3
137 48 3
137 48 3
137 48 3
137 47 221
137 47 3
137 47 3
137 47 3
137 47 3
137 47 3
137 47 3
137 47 3
137 47 3
137 47 3
137 47 3
137 47 3
137 47 3
137 47 3
137 47 3
137 47 3
137 47 3
137 47 3
137 47 3
137 47 3
137 46 187
137 46 3
137 46 3
137 45 150
137 44 112
137 43 74
137 42 37
137 41 15
137 41 3
137 41 3
137 41 3
137 41 3
137 40 15
137 40 3
137 40 3
137 40 3
138 40 15
138 40 3
138 39 15
138 39 3
139 39 15
139 38 15
140 37 15
140 36 15
140 35 15
140 34 15
140 33 15
140 32 15
140 31 15
140 30 15
140 29 15
140 28 15
140 28 3
140 28 3
