12 6 22
12 6 12
12 6 12
185 178 22
185 178 12
185 178 12
185 178 12
185 178 12
185 178 12
185 178 12
185 178 12
185 178 12
185 178 12
185 178 12
185 178 12
185 178 12
185 178 12
91 6 22
91 6 12
145 58 22
145 58 12
145 58 12
145 58 12
145 58 12
145 58 12
145 58 12
145 58 12
145 58 12
18 105 22
18 105 12
18 105 12
18 105 12
18 105 12
52 0 22
52 0 12
52 0 12
52 0 12
52 0 12
52 0 12
52 0 12
52 0 12
52 0 12
52 0 12
52 0 12
52 0 12
52 0 12
52 0 12
52 0 12
52 0 12
52 0 12
52 0 12
52 0 12
52 0 12
52 0 12
52 0 12
52 0 12
52 0 12
52 0 12
52 0 12
52 0 12
52 0 12
52 0 12
52 0 12
52 0 12
52 0 12
52 0 12
52 0 12
52 0 12
52 0 12
52 0 12
52 0 12
52 0 12
52 0 12
52 0 12
52 0 12
52 0 12
52 0 12
52 0 12
52 0 12
52 0 12
52 0 12
52 0 12
52 0 12
52 0 12
52 0 12
52 0 12
52 0 12
30 162 22
30 162 12
30 162 12
30 162 12
121 192 22
16 194 22
179 15 22
179 15 12
179 15 12
179 15 12
179 15 12
179 15 12
12 0 22
12 0 12
12 0 12
121 199 22
121 199 12
121 199 12
83 1 22
83 1 12
83 1 12
83 1 12
83 1 12
83 1 12
83 1 12
83 1 12
83 1 12
83 1 12
83 1 12
83 1 12
83 1 12
83 1 12
83 1 12
83 1 12
83 1 12
83 1 12
83 1 12
83 1 12
83 1 12
83 1 12
83 1 12
83 1 12
83 1 12
83 1 12
83 1 12
83 1 12
83 1 12
83 1 12
83 1 12
83 1 12
83 1 12
83 1 12
83 1 12
83 1 12
83 1 12
83 1 12
83 1 12
83 1 12
83 1 12
83 1 12
83 1 12
83 1 12
83 1 12
83 1 12
83 1 12
83 1 12
83 1 12
22 1 22
22 1 12
22 1 12
22 1 12
22 1 12
22 1 12
22 1 12
22 1 12
22 1 12
22 1 12
22 1 12
22 1 12
22 1 12
22 1 12
22 1 12
22 1 12
22 1 12
22 1 12
22 1 12
22 1 12
22 1 12
22 1 12
22 1 12
22 1 12
22 1 12
22 1 12
22 1 12
22 1 12
22 1 12
22 1 12
22 1 12
22 1 12
22 1 12
22 1 12
22 1 12
22 1 12
22 1 12
19 115 22
19 115 12
19 115 12
19 115 12
19 115 12
19 115 12
19 115 12
19 115 12
19 115 12
19 115 12
19 115 12
19 115 12
19 115 12
19 115 12
19 115 12
19 115 12
9 110 22
9 110 12
9 110 12
9 110 12
9 110 12
9 110 12
9 110 12
9 110 12
9 110 12
9 110 12
9 110 12
9 110 12
9 110 12
9 110 12
9 110 12
9 110 12
9 110 12
9 110 12
9 110 12
9 110 12
9 110 12
9 110 12
9 110 12
9 110 12
9 110 12
9 110 12
9 110 12
9 110 12
9 110 12
9 110 12
9 110 12
9 110 12
9 110 12
9 110 12
9 110 12
9 110 12
9 110 12
9 110 12
9 110 12
9 110 12
9 110 12
9 110 12
9 110 12
9 110 12
9 110 12
9 110 12
9 110 12
9 110 12
28 110 22
28 110 12
28 100 22
28 100 12
99 0 22
99 0 12
99 0 12
99 0 12
99 0 12
99 0 12
99 0 12
100 12 22
100 12 12
100 12 12
109 6 22
109 6 12
109 6 12
109 6 12
109 6 12
109 6 12
109 6 12
109 6 12
109 6 12
109 6 12
109 6 12
109 6 12
109 6 12
109 6 12
109 6 12
109 6 12
109 6 12
109 6 12
109 6 12
109 6 12
109 6 12
109 6 12
109 6 12
109 6 12
109 6 12
109 6 12
109 6 12
131 197 22
131 197 12
154 53 22
154 53 12
154 53 12
154 53 12
154 53 12
154 53 12
154 53 12
154 53 12
154 53 12
154 53 12
154 53 12
154 53 12
155 64 22
155 64 12
155 64 12
155 64 12
155 64 12
155 64 12
155 64 12
155 64 12
155 64 12
155 64 12
155 64 12
155 64 12
155 64 12
155 64 12
155 64 12
155 64 12
155 64 12
155 64 12
155 64 12
155 64 12
155 64 12
155 64 12
155 64 12
155 64 12
155 64 12
155 64 12
155 64 12
155 64 12
155 64 12
155 64 12
155 64 12
155 64 12
155 64 12
155 64 12
155 64 12
155 64 12
155 64 12
155 64 12
155 64 12
155 64 12
155 64 12
155 64 12
155 64 12
155 64 12
155 64 12
155 64 12
155 64 12
155 64 12
155 64 12
155 64 12
155 64 12
155 64 12
155 64 12
155 64 12
155 64 12
155 64 12
155 64 12
155 64 12
155 64 12
155 64 12
155 64 12
155 64 12
155 64 12
155 64 12
155 64 12
155 64 12
155 64 12
155 64 12
155 64 12
155 64 12
155 64 12
155 64 12
155 64 12
155 64 12
155 64 12
155 64 12
155 64 12
155 64 12
155 64 12
155 64 12
155 64 12
155 64 12
155 64 12
155 64 12
155 64 12
143 47 22
153 42 22
153 42 12
39 168 22
39 168 12
39 168 12
39 168 12
39 168 12
39 168 12
39 168 12
39 168 12
39 168 12
39 168 12
39 168 12
39 168 12
39 168 12
39 168 12
39 168 12
39 168 12
39 168 12
39 168 12
39 168 12
39 168 12
39 168 12
39 168 12
39 168 12
39 168 12
39 168 12
39 168 12
39 168 12
39 168 12
40 157 22
40 157 12
40 157 12
40 157 12
40 157 12
40 157 12
40 157 12
40 157 12
40 157 12
40 157 12
40 157 12
40 157 12
30 151 22
30 151 12
30 151 12
30 151 12
30 151 12
30 151 12
30 151 12
30 151 12
30 151 12
30 151 12
30 151 12
30 151 12
30 151 12
30 151 12
30 151 12
30 151 12
30 151 12
30 151 12
30 151 12
30 151 12
30 151 12
30 151 12
30 151 12
30 151 12
30 151 12
30 151 12
30 151 12
30 151 12
30 151 12
30 151 12
30 151 12
30 151 12
30 151 12
30 151 12
30 151 12
30 151 12
30 151 12
30 151 12
30 151 12
30 151 12
30 151 12
30 151 12
30 151 12
30 151 12
30 151 12
30 151 12
30 151 12
30 151 12
30 151 12
30 151 12
30 151 12
30 151 12
30 151 12
30 151 12
30 151 12
30 151 12
30 151 12
30 151 12
30 151 12
30 151 12
30 151 12
30 151 12
30 151 12
30 151 12
30 151 12
30 151 12
30 151 12
30 151 12
30 151 12
30 151 12
30 151 12
30 151 12
30 151 12
30 151 12
30 151 12
30 151 12
30 151 12
30 151 12
30 151 12
30 151 12
30 151 12
30 151 12
194 183 22
194 183 12
194 183 12
194 183 12
194 183 12
194 183 12
194 183 12
194 183 12
194 183 12
194 183 12
194 183 12
194 183 12
194 183 12
194 183 12
194 183 12
194 183 12
194 183 12
194 183 12
194 183 12
194 183 12
194 183 12
194 183 12
194 183 12
194 183 12
194 183 12
194 183 12
194 183 12
194 183 12
194 183 12
194 183 12
194 183 12
194 183 12
194 183 12
194 183 12
194 183 12
194 183 12
194 183 12
194 183 12
194 183 12
194 183 12
194 183 12
194 172 22
194 172 12
194 172 12
194 172 12
194 172 12
194 172 12
194 172 12
194 172 12
194 172 12
194 172 12
194 172 12
194 172 12
194 172 12
194 172 12
194 172 12
194 172 12
194 172 12
194 172 12
194 172 12
194 172 12
194 172 12
194 172 12
194 172 12
194 172 12
194 172 12
194 172 12
194 172 12
194 172 12
194 172 12
194 172 12
194 172 12
194 172 12
194 172 12
194 172 12
194 172 12
194 172 12
194 172 12
194 172 12
194 172 12
194 172 12
194 172 12
194 172 12
194 172 12
194 172 12
194 172 12
194 172 12
194 172 12
194 172 12
194 172 12
194 172 12
194 172 12
194 172 12
194 172 12
194 172 12
194 172 12
194 172 12
194 172 12
194 172 12
194 172 12
194 172 12
194 172 12
194 172 12
194 172 12
194 172 12
194 172 12
194 172 12
194 172 12
194 172 12
194 172 12
194 172 12
194 172 12
194 172 12
194 172 12
194 172 12
194 172 12
194 172 12
194 172 12
194 172 12
194 172 12
194 172 12
194 172 12
194 172 12
194 172 12
194 172 12
194 172 12
194 172 12
194 172 12
194 172 12
194 172 12
194 172 12
194 172 12
184 189 22
184 189 12
184 189 12
184 189 12
184 189 12
184 189 12
184 189 12
184 189 12
184 189 12
184 189 12
184 189 12
184 189 12
184 189 12
184 189 12
184 189 12
184 189 12
184 189 12
184 189 12
184 189 12
184 189 12
184 189 12
184 189 12
184 189 12
184 189 12
184 189 12
184 189 12
184 189 12
184 189 12
184 189 12
184 189 12
184 189 12
184 189 12
184 189 12
184 189 12
184 189 12
184 189 12
184 189 12
184 189 12
184 189 12
184 189 12
184 189 12
184 189 12
184 189 12
184 189 12
184 189 12
184 189 12
184 189 12
184 189 12
184 189 12
184 189 12
184 189 12
184 189 12
184 189 12
184 189 12
184 189 12
184 189 12
184 189 12
174 173 22
174 173 12
174 173 12
132 186 22
132 186 12
91 17 22
83 12 22
83 12 12
83 12 12
83 12 12
83 12 12
83 12 12
83 12 12
83 12 12
83 12 12
83 12 12
83 12 12
83 12 12
83 12 12
83 12 12
83 23 22
83 23 12
83 23 12
83 23 12
83 23 12
75 17 22
75 17 12
75 17 12
75 17 12
75 17 12
75 17 12
75 17 12
75 17 12
75 17 12
75 17 12
75 17 12
75 17 12
75 17 12
75 17 12
75 17 12
75 17 12
75 17 12
75 17 12
75 17 12
75 17 12
75 17 12
75 17 12
75 17 12
75 17 12
75 17 12
60 6 22
60 6 12
60 6 12
60 6 12
60 6 12
60 6 12
60 6 12
60 6 12
60 6 12
60 6 12
60 6 12
60 6 12
60 6 12
60 6 12
60 6 12
60 6 12
60 6 12
60 6 12
60 6 12
60 6 12
60 6 12
60 6 12
60 6 12
60 6 12
60 6 12
60 6 12
60 6 12
60 6 12
60 6 12
60 6 12
60 6 12
60 6 12
60 6 12
60 6 12
60 6 12
60 6 12
60 6 12
60 6 12
60 6 12
60 6 12
60 6 12
60 6 12
60 6 12
60 6 12
60 6 12
60 6 12
60 6 12
60 6 12
60 6 12
60 6 12
60 6 12
60 6 12
60 6 12
60 6 12
60 6 12
60 6 12
60 6 12
60 6 12
60 6 12
60 6 12
60 6 12
60 6 12
60 6 12
60 6 12
60 6 12
60 6 12
60 6 12
60 6 12
60 6 12
60 6 12
60 6 12
60 6 12
60 6 12
60 6 12
60 6 12
60 6 12
60 6 12
60 6 12
60 6 12
60 6 12
60 6 12
60 6 12
60 6 12
60 6 12
60 6 12
60 6 12
60 6 12
60 6 12
60 6 12
60 6 12
60 6 12
60 6 12
60 6 12
60 6 12
60 6 12
60 6 12
60 6 12
60 6 12
60 6 12
60 6 12
60 6 12
60 6 12
60 6 12
60 6 12
43 4 22
43 4 12
43 4 12
43 4 12
43 4 12
43 4 12
43 4 12
43 4 12
43 4 12
43 4 12
43 4 12
43 4 12
43 4 12
43 4 12
43 4 12
43 4 12
43 4 12
43 4 12
43 4 12
43 4 12
43 4 12
43 4 12
43 4 12
43 4 12
43 4 12
43 4 12
43 4 12
43 4 12
43 4 12
43 4 12
43 4 12
43 4 12
43 4 12
43 4 12
43 4 12
43 4 12
43 4 12
43 4 12
43 4 12
43 4 12
43 4 12
43 4 12
43 4 12
43 4 12
43 4 12
43 4 12
43 4 12
43 4 12
43 4 12
43 4 12
43 4 12
43 4 12
43 4 12
43 4 12
43 4 12
43 4 12
43 4 12
43 4 12
43 4 12
43 4 12
43 4 12
43 4 12
43 4 12
43 4 12
43 4 12
43 4 12
43 4 12
43 4 12
43 4 12
43 4 12
43 4 12
43 4 12
43 4 12
43 4 12
43 4 12
43 4 12
43 4 12
43 4 12
43 4 12
43 4 12
43 4 12
43 4 12
43 4 12
43 4 12
43 4 12
43 4 12
43 4 12
43 4 12
43 4 12
43 4 12
75 28 22
75 28 12
75 28 12
75 28 12
75 28 12
75 28 12
75 28 12
75 28 12
75 28 12
75 28 12
75 28 12
75 28 12
75 28 12
75 28 12
75 28 12
75 28 12
75 28 12
75 28 12
75 28 12
75 28 12
75 28 12
75 28 12
75 28 12
75 28 12
75 28 12
75 28 12
75 28 12
75 28 12
75 28 12
75 28 12
75 28 12
75 28 12
75 28 12
75 28 12
75 28 12
75 28 12
75 28 12
75 28 12
75 28 12
75 28 12
75 28 12
75 28 12
75 28 12
75 28 12
75 28 12
75 28 12
75 28 12
75 28 12
75 28 12
75 28 12
75 28 12
75 28 12
75 28 12
75 28 12
75 28 12
75 28 12
75 28 12
75 28 12
75 28 12
75 28 12
75 28 12
75 28 12
75 28 12
75 28 12
75 28 12
75 28 12
75 28 12
75 28 12
75 28 12
75 28 12
75 28 12
75 28 12
92 28 22
92 28 12
100 23 22
109 17 22
109 17 12
109 17 12
109 17 12
109 17 12
109 17 12
109 17 12
199 189 22
199 189 12
199 189 12
199 189 12
199 189 12
199 189 12
199 189 12
199 189 12
199 189 12
199 189 12
199 189 12
199 189 12
199 189 12
199 189 12
199 189 12
199 189 12
199 189 12
199 189 12
199 189 12
199 189 12
199 189 12
199 189 12
199 189 12
199 189 12
199 189 12
199 189 12
199 189 12
199 189 12
199 189 12
199 189 12
199 189 12
199 189 12
199 189 12
199 189 12
199 189 12
199 189 12
199 189 12
199 189 12
199 189 12
199 189 12
199 189 12
199 189 12
199 189 12
199 189 12
199 189 12
199 189 12
199 189 12
199 189 12
199 189 12
199 189 12
199 189 12
199 189 12
199 189 12
199 189 12
199 189 12
199 189 12
199 189 12
199 189 12
199 189 12
199 189 12
199 189 12
199 189 12
199 189 12
199 189 12
199 189 12
199 189 12
199 189 12
199 189 12
199 189 12
199 189 12
199 189 12
199 189 12
199 189 12
199 189 12
199 189 12
199 189 12
199 189 12
199 189 12
199 189 12
199 189 12
199 189 12
199 189 12
199 189 12
199 189 12
199 189 12
199 189 12
49 163 22
49 163 12
49 163 12
49 163 12
49 163 12
49 163 12
49 163 12
49 163 12
49 163 12
49 163 12
49 163 12
49 163 12
49 163 12
49 163 12
49 163 12
49 163 12
49 163 12
49 163 12
49 163 12
49 163 12
49 163 12
49 163 12
49 163 12
49 163 12
49 163 12
49 163 12
49 163 12
49 163 12
49 163 12
49 163 12
49 163 12
49 163 12
49 163 12
49 163 12
49 163 12
49 163 12
49 163 12
49 163 12
49 163 12
49 163 12
49 163 12
49 163 12
49 163 12
49 163 12
49 163 12
49 163 12
49 163 12
49 163 12
49 163 12
49 163 12
49 163 12
49 163 12
134 52 22
134 52 12
134 52 12
134 52 12
134 52 12
134 52 12
134 52 12
134 52 12
134 52 12
134 52 12
134 52 12
134 52 12
134 52 12
134 52 12
134 52 12
134 52 12
134 52 12
134 52 12
134 52 12
134 52 12
134 52 12
134 52 12
134 52 12
134 52 12
134 52 12
134 52 12
134 52 12
134 52 12
134 52 12
134 52 12
134 52 12
134 52 12
134 52 12
134 52 12
134 52 12
134 52 12
134 52 12
134 52 12
134 52 12
134 52 12
134 52 12
134 52 12
134 52 12
134 52 12
134 52 12
134 52 12
134 52 12
134 52 12
134 52 12
134 52 12
170 20 22
170 20 12
170 20 12
170 20 12
170 20 12
170 20 12
170 20 12
170 20 12
170 20 12
170 20 12
170 20 12
170 20 12
170 20 12
170 20 12
170 20 12
170 20 12
170 20 12
170 20 12
170 20 12
170 20 12
170 20 12
170 20 12
170 20 12
170 20 12
170 20 12
170 20 12
170 20 12
170 20 12
170 20 12
170 20 12
170 20 12
170 20 12
170 20 12
170 20 12
170 20 12
170 20 12
170 20 12
170 20 12
170 20 12
170 20 12
170 20 12
170 20 12
170 20 12
170 20 12
170 20 12
170 20 12
170 20 12
38 105 22
38 105 12
38 105 12
37 94 22
37 94 12
37 94 12
37 94 12
37 94 12
37 94 12
37 94 12
37 94 12
37 94 12
37 94 12
37 94 12
37 94 12
37 94 12
37 94 12
37 94 12
37 94 12
37 94 12
37 94 12
37 94 12
37 94 12
37 94 12
37 94 12
37 94 12
37 94 12
37 94 12
37 94 12
37 94 12
37 94 12
37 94 12
37 94 12
37 94 12
37 94 12
37 94 12
163 48 22
163 48 12
163 48 12
163 48 12
163 48 12
163 48 12
163 48 12
163 48 12
163 48 12
163 48 12
163 48 12
163 48 12
163 48 12
163 48 12
163 48 12
163 48 12
163 48 12
163 48 12
163 48 12
163 48 12
163 48 12
163 48 12
163 48 12
163 48 12
163 48 12
163 48 12
163 48 12
163 48 12
163 48 12
163 48 12
163 48 12
163 48 12
163 48 12
163 48 12
163 48 12
163 48 12
163 48 12
163 48 12
163 48 12
163 48 12
163 48 12
163 48 12
163 48 12
162 37 22
162 37 12
162 37 12
162 37 12
162 37 12
162 37 12
162 37 12
162 37 12
162 37 12
162 37 12
162 37 12
162 37 12
171 32 22
171 32 12
171 32 12
171 32 12
171 32 12
171 32 12
171 32 12
171 32 12
171 32 12
171 32 12
171 32 12
171 32 12
171 32 12
171 32 12
171 32 12
171 32 12
171 32 12
171 32 12
171 32 12
171 32 12
171 32 12
171 32 12
171 32 12
171 32 12
171 32 12
171 32 12
171 32 12
171 32 12
171 32 12
171 32 12
171 32 12
171 32 12
171 32 12
171 32 12
171 32 12
171 32 12
171 32 12
171 32 12
171 32 12
171 32 12
171 32 12
171 32 12
171 32 12
171 32 12
171 32 12
171 32 12
171 32 12
171 32 12
171 32 12
171 32 12
171 32 12
171 32 12
171 32 12
171 32 12
171 32 12
171 32 12
171 32 12
171 32 12
171 32 12
171 32 12
171 32 12
171 32 12
171 32 12
171 32 12
171 32 12
171 32 12
28 175 22
28 175 12
28 175 12
28 175 12
28 175 12
28 175 12
18 181 22
19 169 22
19 169 12
19 169 12
27 187 22
27 187 12
27 187 12
27 187 12
27 187 12
27 187 12
164 168 22
164 168 12
164 179 22
153 174 22
153 174 12
153 174 12
153 174 12
153 174 12
153 174 12
153 174 12
153 174 12
153 174 12
153 174 12
142 180 22
142 180 12
142 180 12
142 180 12
142 180 12
142 180 12
142 180 12
142 180 12
142 180 12
142 180 12
142 180 12
142 180 12
142 180 12
142 180 12
142 180 12
142 180 12
142 180 12
142 180 12
142 180 12
142 180 12
142 180 12
1 0 22
1 0 12
1 0 12
1 0 12
1 0 12
1 0 12
1 11 22
153 185 22
153 185 12
153 185 12
153 185 12
153 185 12
153 185 12
153 185 12
153 185 12
153 185 12
142 192 22
142 192 12
142 192 12
142 192 12
142 192 12
142 192 12
142 192 12
142 192 12
142 192 12
142 192 12
142 192 12
142 192 12
142 192 12
142 192 12
142 192 12
142 192 12
142 192 12
142 192 12
142 192 12
142 192 12
142 192 12
142 192 12
142 192 12
142 192 12
142 192 12
142 192 12
142 192 12
142 192 12
142 192 12
142 192 12
142 192 12
38 115 22
29 120 22
29 120 12
29 120 12
29 120 12
29 120 12
29 120 12
29 120 12
29 120 12
29 120 12
29 120 12
29 120 12
29 120 12
29 120 12
29 120 12
29 120 12
39 125 22
39 125 12
39 125 12
39 125 12
39 125 12
39 125 12
39 125 12
39 125 12
39 125 12
39 125 12
39 125 12
48 120 22
48 110 22
48 110 12
48 110 12
48 110 12
48 110 12
48 110 12
47 99 22
47 99 12
47 99 12
47 99 12
47 99 12
47 99 12
47 99 12
47 99 12
47 99 12
47 99 12
47 99 12
47 99 12
47 99 12
47 99 12
47 99 12
47 99 12
47 99 12
47 99 12
47 99 12
47 99 12
47 99 12
47 99 12
47 99 12
47 99 12
47 99 12
47 99 12
47 99 12
47 99 12
47 99 12
47 99 12
47 99 12
47 99 12
47 99 12
47 99 12
47 99 12
47 99 12
47 99 12
47 99 12
47 99 12
47 99 12
47 99 12
47 99 12
47 99 12
47 99 12
47 99 12
47 99 12
47 99 12
47 99 12
47 99 12
47 99 12
47 99 12
47 99 12
47 99 12
47 99 12
47 99 12
47 99 12
47 99 12
47 99 12
47 99 12
47 99 12
47 99 12
47 99 12
47 99 12
47 99 12
47 99 12
47 99 12
47 99 12
47 99 12
47 99 12
47 99 12
47 99 12
58 115 22
58 115 12
58 115 12
58 115 12
58 115 12
58 115 12
58 115 12
58 115 12
58 115 12
58 115 12
58 115 12
58 115 12
58 115 12
58 115 12
58 115 12
58 115 12
26 199 22
26 199 12
11 18 22
11 18 12
11 18 12
11 18 12
11 18 12
11 18 12
11 18 12
11 18 12
11 18 12
11 18 12
11 18 12
11 18 12
11 18 12
11 18 12
11 18 12
11 18 12
0 23 22
0 23 12
0 23 12
0 23 12
0 23 12
0 23 12
0 23 12
0 23 12
0 23 12
0 23 12
0 23 12
0 23 12
0 23 12
0 23 12
10 29 22
10 29 12
10 29 12
10 29 12
10 29 12
10 29 12
10 29 12
10 29 12
10 29 12
10 29 12
10 29 12
10 29 12
10 29 12
10 29 12
10 29 12
10 29 12
10 29 12
10 29 12
10 29 12
10 29 12
10 29 12
10 29 12
10 29 12
10 29 12
10 29 12
10 29 12
10 29 12
10 29 12
10 29 12
10 29 12
10 29 12
10 29 12
10 29 12
10 29 12
10 29 12
10 29 12
10 29 12
10 29 12
10 29 12
10 29 12
10 29 12
10 29 12
10 29 12
10 29 12
10 29 12
10 29 12
10 29 12
10 29 12
10 29 12
10 29 12
10 29 12
10 29 12
10 29 12
10 29 12
10 29 12
10 29 12
10 29 12
10 29 12
10 29 12
10 29 12
10 29 12
10 29 12
10 29 12
10 29 12
10 29 12
10 29 12
10 29 12
10 29 12
10 29 12
10 29 12
10 29 12
10 29 12
10 29 12
10 29 12
10 29 12
10 29 12
10 29 12
10 29 12
10 29 12
10 29 12
10 29 12
10 29 12
10 29 12
10 29 12
10 29 12
10 29 12
10 29 12
10 29 12
10 29 12
10 29 12
10 29 12
22 13 22
22 13 12
22 13 12
22 13 12
22 13 12
22 13 12
22 13 12
22 13 12
22 13 12
22 13 12
22 13 12
22 13 12
22 13 12
22 13 12
22 13 12
22 13 12
22 13 12
22 13 12
22 13 12
22 13 12
22 13 12
22 13 12
22 13 12
22 13 12
22 13 12
22 13 12
22 13 12
22 13 12
22 13 12
22 13 12
22 13 12
22 13 12
22 13 12
22 13 12
22 13 12
22 13 12
22 13 12
22 13 12
22 13 12
22 13 12
22 13 12
22 13 12
22 13 12
22 13 12
22 13 12
22 13 12
22 13 12
22 13 12
22 13 12
22 13 12
22 13 12
22 13 12
22 13 12
22 13 12
22 13 12
22 13 12
22 13 12
22 13 12
22 13 12
22 13 12
22 13 12
22 13 12
22 13 12
22 13 12
22 13 12
22 13 12
22 13 12
22 13 12
22 13 12
22 13 12
22 13 12
22 13 12
22 13 12
22 13 12
22 13 12
22 13 12
22 13 12
22 13 12
22 13 12
22 13 12
22 13 12
22 13 12
22 13 12
22 13 12
22 13 12
22 13 12
22 13 12
22 13 12
22 13 12
22 13 12
22 13 12
22 13 12
30 130 22
30 130 12
30 130 12
30 130 12
30 130 12
30 130 12
30 130 12
30 130 12
30 130 12
30 130 12
30 130 12
30 130 12
30 130 12
30 130 12
30 130 12
30 130 12
30 130 12
30 130 12
30 130 12
30 130 12
30 130 12
30 130 12
30 130 12
30 130 12
30 130 12
30 130 12
30 130 12
30 130 12
30 130 12
30 130 12
30 130 12
30 130 12
30 130 12
30 130 12
30 130 12
30 130 12
30 130 12
30 130 12
30 130 12
30 130 12
30 130 12
30 130 12
30 130 12
30 130 12
30 130 12
30 130 12
30 130 12
30 130 12
30 130 12
30 130 12
30 130 12
30 130 12
30 130 12
30 130 12
30 130 12
30 130 12
30 130 12
30 130 12
30 130 12
30 130 12
30 130 12
30 130 12
30 130 12
30 130 12
30 130 12
30 130 12
30 130 12
30 130 12
30 130 12
30 130 12
30 130 12
30 130 12
30 130 12
30 130 12
30 130 12
30 130 12
30 130 12
30 130 12
30 130 12
30 130 12
30 130 12
30 130 12
49 130 22
49 130 12
49 130 12
49 130 12
49 130 12
49 130 12
49 130 12
49 130 12
58 125 22
58 125 12
58 125 12
59 135 22
59 135 12
59 135 12
59 135 12
59 135 12
59 135 12
59 135 12
59 135 12
59 135 12
59 135 12
59 135 12
59 135 12
59 135 12
59 135 12
59 135 12
59 135 12
59 135 12
59 135 12
59 135 12
59 135 12
59 135 12
59 135 12
59 135 12
59 135 12
59 135 12
59 135 12
59 135 12
59 135 12
59 135 12
59 135 12
59 135 12
59 135 12
59 135 12
59 135 12
59 135 12
27 89 22
27 89 12
27 89 12
27 89 12
18 94 22
18 94 12
8 100 22
8 100 12
8 100 12
8 100 12
8 100 12
8 100 12
8 100 12
8 100 12
8 100 12
8 100 12
8 100 12
8 100 12
8 100 12
8 100 12
8 100 12
8 100 12
8 100 12
8 100 12
8 100 12
8 100 12
8 100 12
8 100 12
8 100 12
8 100 12
8 100 12
8 100 12
8 100 12
8 100 12
8 100 12
8 100 12
8 100 12
8 100 12
8 100 12
8 100 12
101 34 22
101 34 12
101 34 12
101 34 12
101 34 12
101 34 12
101 34 12
101 34 12
101 34 12
101 34 12
110 29 22
110 29 12
110 29 12
110 29 12
110 29 12
110 29 12
110 29 12
110 29 12
110 29 12
110 29 12
110 29 12
110 29 12
110 29 12
110 29 12
110 29 12
110 29 12
110 29 12
110 29 12
110 29 12
110 29 12
110 29 12
110 29 12
110 29 12
110 29 12
110 29 12
110 29 12
110 29 12
110 29 12
110 29 12
110 29 12
110 29 12
110 29 12
110 29 12
110 29 12
110 29 12
110 29 12
110 29 12
110 29 12
110 29 12
110 29 12
110 29 12
110 29 12
110 29 12
110 29 12
110 29 12
110 29 12
110 29 12
110 29 12
110 29 12
110 29 12
93 39 22
93 39 12
93 39 12
93 39 12
93 39 12
93 39 12
18 83 22
8 89 22
8 89 12
8 78 22
0 83 22
0 83 12
0 83 12
0 83 12
0 83 12
0 83 12
0 94 22
0 94 12
0 94 12
0 94 12
0 94 12
0 94 12
0 94 12
0 94 12
0 94 12
0 94 12
0 94 12
0 94 12
0 94 12
0 94 12
0 94 12
0 94 12
0 94 12
0 94 12
0 94 12
0 94 12
0 94 12
0 94 12
0 94 12
0 94 12
0 94 12
0 94 12
0 94 12
0 94 12
0 94 12
0 94 12
0 94 12
0 94 12
0 94 12
0 94 12
103 45 22
103 45 12
103 45 12
103 45 12
103 45 12
103 45 12
103 45 12
103 45 12
103 45 12
103 45 12
103 45 12
103 45 12
103 45 12
103 45 12
103 45 12
103 45 12
103 45 12
103 45 12
103 45 12
103 45 12
103 45 12
103 45 12
103 45 12
103 45 12
103 45 12
103 45 12
103 45 12
103 45 12
103 45 12
103 45 12
103 45 12
103 45 12
103 45 12
103 45 12
103 45 12
103 45 12
103 45 12
103 45 12
103 45 12
103 45 12
103 45 12
103 45 12
103 45 12
103 45 12
103 45 12
103 45 12
103 45 12
103 45 12
103 45 12
103 45 12
103 45 12
103 45 12
103 45 12
103 45 12
103 45 12
103 45 12
103 45 12
103 45 12
103 45 12
103 45 12
103 45 12
103 45 12
103 45 12
103 45 12
103 45 12
103 45 12
103 45 12
103 45 12
103 45 12
103 45 12
103 45 12
103 45 12
103 45 12
103 45 12
103 45 12
103 45 12
103 45 12
103 45 12
103 45 12
103 45 12
103 45 12
103 45 12
103 45 12
103 45 12
103 45 12
103 45 12
103 45 12
103 45 12
103 45 12
103 45 12
103 45 12
103 45 12
0 72 22
0 72 12
0 72 12
0 72 12
0 72 12
0 72 12
0 72 12
0 72 12
27 78 22
27 78 12
27 78 12
27 78 12
27 78 12
27 78 12
27 78 12
27 78 12
27 78 12
27 78 12
27 78 12
27 78 12
27 78 12
18 72 22
18 72 12
8 66 22
8 66 12
8 66 12
8 66 12
8 66 12
8 66 12
8 66 12
8 66 12
8 66 12
8 66 12
8 66 12
8 66 12
8 66 12
8 66 12
8 66 12
8 66 12
8 66 12
8 66 12
8 66 12
8 66 12
8 66 12
8 66 12
8 66 12
8 66 12
8 66 12
8 66 12
67 120 22
67 120 12
67 120 12
67 120 12
67 120 12
67 120 12
67 120 12
67 120 12
67 120 12
67 120 12
67 120 12
67 120 12
67 120 12
67 120 12
67 120 12
68 131 22
68 131 12
68 131 12
68 131 12
68 131 12
68 131 12
68 131 12
68 131 12
68 131 12
68 131 12
68 131 12
68 131 12
68 131 12
68 131 12
68 131 12
68 131 12
68 131 12
68 131 12
68 131 12
68 131 12
68 131 12
68 131 12
68 131 12
68 131 12
68 131 12
68 131 12
68 131 12
68 131 12
68 131 12
68 131 12
68 131 12
68 131 12
68 131 12
68 131 12
68 131 12
68 131 12
68 131 12
68 131 12
68 131 12
68 131 12
68 131 12
68 131 12
68 131 12
68 131 12
68 131 12
68 131 12
68 131 12
68 131 12
68 131 12
68 131 12
68 131 12
68 131 12
68 131 12
68 131 12
68 131 12
68 131 12
68 131 12
68 131 12
68 131 12
68 131 12
68 131 12
68 131 12
68 131 12
68 131 12
68 131 12
68 131 12
68 131 12
68 131 12
68 131 12
49 140 22
49 140 12
49 140 12
49 140 12
49 140 12
49 140 12
49 140 12
49 140 12
49 140 12
49 140 12
49 140 12
49 140 12
49 140 12
49 140 12
49 140 12
49 140 12
49 140 12
49 140 12
49 140 12
49 140 12
49 140 12
49 140 12
49 140 12
49 140 12
49 140 12
49 140 12
49 140 12
49 140 12
49 140 12
49 140 12
49 140 12
49 140 12
49 140 12
49 140 12
49 140 12
49 140 12
49 140 12
49 140 12
49 140 12
49 140 12
49 140 12
49 140 12
49 140 12
49 140 12
49 140 12
49 140 12
49 151 22
49 151 12
49 151 12
49 151 12
49 151 12
49 151 12
49 151 12
49 151 12
49 151 12
49 151 12
49 151 12
49 151 12
49 151 12
49 151 12
49 151 12
49 151 12
49 151 12
49 151 12
49 151 12
49 151 12
49 151 12
49 151 12
49 151 12
49 151 12
49 151 12
49 151 12
49 151 12
49 151 12
49 151 12
49 151 12
49 151 12
49 151 12
49 151 12
49 151 12
49 151 12
49 151 12
49 151 12
49 151 12
49 151 12
49 151 12
49 151 12
49 151 12
49 151 12
49 151 12
49 151 12
49 151 12
49 151 12
49 151 12
49 151 12
49 151 12
49 151 12
49 151 12
49 151 12
49 151 12
49 151 12
49 151 12
49 151 12
49 151 12
49 151 12
49 151 12
49 151 12
49 151 12
49 151 12
49 151 12
119 12 22
119 12 12
119 12 12
119 12 12
119 12 12
119 12 12
119 12 12
119 12 12
119 12 12
119 12 12
119 12 12
119 12 12
119 12 12
119 12 12
119 12 12
119 12 12
119 12 12
119 12 12
119 12 12
119 12 12
119 12 12
119 12 12
119 12 12
119 12 12
119 12 12
119 12 12
119 12 12
119 12 12
119 12 12
119 12 12
119 12 12
119 12 12
119 12 12
119 12 12
119 12 12
119 12 12
119 12 12
119 12 12
119 12 12
119 12 12
119 12 12
119 12 12
119 12 12
119 12 12
119 12 12
119 12 12
119 12 12
119 12 12
119 12 12
119 12 12
119 12 12
119 12 12
119 12 12
119 12 12
119 12 12
119 12 12
119 12 12
119 12 12
119 12 12
119 12 12
119 12 12
119 12 12
119 12 12
119 12 12
119 12 12
119 12 12
119 12 12
119 12 12
119 12 12
119 12 12
119 12 12
119 12 12
119 12 12
119 12 12
119 12 12
119 12 12
119 12 12
119 12 12
119 12 12
119 12 12
119 12 12
119 12 12
119 12 12
119 12 12
119 12 12
119 12 12
119 12 12
119 12 12
119 12 12
119 12 12
119 12 12
119 12 12
119 12 12
119 12 12
119 12 12
37 83 22
37 83 12
37 83 12
37 83 12
37 83 12
37 83 12
37 83 12
37 83 12
37 83 12
37 83 12
37 83 12
37 83 12
37 83 12
37 83 12
37 83 12
37 83 12
37 83 12
37 83 12
37 83 12
37 83 12
37 83 12
37 83 12
37 83 12
37 83 12
37 83 12
37 83 12
37 83 12
37 83 12
37 83 12
37 83 12
37 83 12
37 83 12
37 83 12
37 83 12
37 83 12
37 83 12
37 83 12
37 83 12
37 83 12
37 83 12
37 83 12
37 83 12
37 83 12
37 83 12
37 83 12
37 83 12
37 83 12
37 83 12
37 83 12
67 110 22
67 110 12
67 110 12
67 110 12
67 110 12
67 110 12
67 110 12
67 110 12
67 110 12
67 110 12
67 110 12
67 110 12
67 110 12
67 110 12
67 110 12
67 110 12
67 110 12
67 110 12
67 110 12
67 110 12
67 110 12
67 110 12
67 110 12
67 110 12
67 110 12
67 110 12
67 110 12
67 110 12
67 110 12
67 110 12
67 110 12
67 110 12
67 110 12
67 110 12
67 110 12
67 110 12
67 110 12
67 110 12
67 110 12
67 110 12
67 110 12
67 110 12
67 110 12
67 110 12
67 110 12
67 110 12
67 110 12
67 110 12
67 110 12
67 110 12
67 110 12
67 110 12
67 110 12
67 110 12
67 110 12
67 110 12
67 110 12
67 110 12
67 110 12
43 4 12
43 4 12
43 4 12
43 4 12
43 4 12
43 4 12
43 4 12
43 4 12
43 4 12
43 4 12
43 4 12
43 4 12
43 4 12
43 4 12
43 4 12
43 4 12
43 4 12
43 4 12
43 4 12
43 4 12
43 4 12
43 4 12
43 4 12
43 4 12
43 4 12
43 4 12
43 4 12
43 4 12
43 4 12
43 4 12
43 4 12
43 4 12
43 4 12
43 4 12
43 4 12
43 4 12
43 4 12
43 4 12
43 4 12
43 4 12
43 4 12
43 4 12
43 4 12
43 4 12
43 4 12
43 4 12
43 4 12
43 4 12
43 4 12
43 4 12
43 4 12
43 4 12
43 4 12
43 4 12
43 4 12
43 4 12
43 4 12
43 4 12
43 4 12
43 4 12
43 4 12
43 4 12
43 4 12
43 4 12
43 4 12
43 4 12
43 4 12
43 4 12
43 4 12
43 4 12
43 4 12
43 4 12
43 4 12
43 4 12
43 4 12
43 4 12
43 4 12
43 4 12
43 4 12
43 4 12
43 4 12
43 4 12
43 4 12
43 4 12
43 4 12
43 4 12
43 4 12
43 4 12
43 4 12
43 4 12
43 4 12
43 4 12
43 4 12
43 4 12
43 4 12
43 4 12
43 4 12
43 4 12
43 4 12
43 4 12
43 4 12
43 4 12
43 4 12
43 4 12
43 4 12
43 4 12
43 4 12
43 4 12
43 4 12
43 4 12
43 4 12
43 4 12
43 4 12
43 4 12
43 4 12
43 4 12
43 4 12
43 4 12
43 4 12
33 0 795
33 0 12
33 0 12
33 0 12
33 0 12
33 0 12
33 0 12
33 0 12
33 0 12
33 0 12
33 0 12
33 0 12
33 0 12
33 0 12
33 0 12
33 0 12
33 0 12
33 0 12
33 0 12
33 0 12
33 0 12
33 0 12
33 0 12
33 0 12
33 0 12
33 0 12
33 0 12
33 0 12
33 0 12
33 0 12
33 0 12
33 0 12
33 0 12
33 0 12
33 0 12
33 0 12
33 0 12
33 0 12
33 0 12
33 0 12
33 0 12
33 0 12
33 0 12
33 0 12
33 0 12
33 0 12
33 0 12
33 0 12
33 0 12
33 0 12
33 0 12
33 0 12
33 0 12
33 0 12
33 0 12
33 0 12
33 0 12
33 0 12
33 0 12
33 0 12
33 0 12
33 0 12
33 0 12
33 0 12
33 0 12
33 0 12
33 0 12
33 0 12
33 0 12
33 0 12
33 0 12
33 0 12
33 0 12
33 0 12
33 0 12
33 0 12
33 0 12
33 0 12
33 0 12
33 0 12
33 0 12
33 0 12
33 0 12
33 0 12
33 0 12
33 0 12
33 0 12
33 0 12
33 0 12
33 0 12
33 0 12
33 0 12
33 0 12
33 0 12
33 0 12
33 0 12
33 0 12
33 0 12
33 0 12
33 0 12
33 0 12
33 0 12
33 0 12
33 0 12
33 0 12
33 0 12
33 0 12
33 0 12
33 0 12
33 0 12
33 0 12
33 0 12
33 0 12
33 0 12
33 0 12
33 0 12
33 0 12
33 0 12
33 0 12
33 0 12
33 0 12
33 0 12
33 0 12
60 6 12
60 6 12
60 6 12
60 6 12
60 6 12
60 6 12
60 6 12
60 6 12
60 6 12
60 6 12
60 6 12
60 6 12
60 6 12
60 6 12
60 6 12
60 6 12
60 6 12
60 6 12
60 6 12
60 6 12
60 6 12
60 6 12
60 6 12
60 6 12
60 6 12
60 6 12
60 6 12
60 6 12
60 6 12
60 6 12
60 6 12
60 6 12
60 6 12
60 6 12
60 6 12
60 6 12
60 6 12
60 6 12
60 6 12
60 6 12
60 6 12
60 6 12
60 6 12
60 6 12
60 6 12
60 6 12
60 6 12
60 6 12
60 6 12
60 6 12
60 6 12
60 6 12
60 6 12
60 6 12
60 6 12
60 6 12
60 6 12
68 12 788
68 12 12
68 12 12
68 12 12
68 12 12
68 12 12
68 12 12
68 12 12
68 12 12
68 12 12
68 12 12
68 12 12
68 12 12
68 12 12
68 12 12
68 12 12
68 12 12
68 12 12
68 12 12
68 12 12
68 12 12
68 12 12
68 12 12
68 12 12
68 12 12
68 12 12
68 12 12
68 12 12
68 12 12
68 12 12
68 12 12
68 12 12
68 12 12
0 35 191
0 35 12
0 35 12
0 35 12
0 35 12
0 35 12
0 35 12
0 35 12
0 35 12
0 35 12
0 35 12
0 35 12
0 35 12
0 35 12
0 35 12
0 35 12
0 35 12
0 35 12
0 35 12
0 35 12
0 35 12
0 35 12
0 35 12
0 35 12
0 35 12
0 35 12
0 35 12
0 35 12
0 35 12
0 35 12
0 35 12
0 35 12
0 35 12
0 35 12
0 35 12
0 35 12
0 35 12
0 35 12
0 35 12
0 35 12
0 35 12
0 35 12
0 35 12
0 35 12
0 35 12
0 35 12
0 35 12
0 35 12
0 35 12
0 35 12
0 35 12
0 35 12
0 35 12
0 35 12
0 35 12
0 35 12
0 35 12
0 35 12
0 35 12
0 35 12
0 35 12
0 35 12
0 35 12
0 35 12
0 35 12
0 35 12
0 35 12
0 35 12
0 35 12
0 35 12
0 35 12
0 35 12
0 35 12
0 35 12
0 35 12
0 35 12
0 35 12
0 35 12
0 35 12
0 35 12
0 35 12
0 35 12
0 35 12
0 35 12
0 35 12
0 35 12
0 35 12
0 35 12
0 35 12
0 35 12
0 35 12
0 35 12
0 35 12
0 35 12
0 35 12
0 35 12
0 35 12
0 35 12
0 35 12
0 35 12
0 35 12
0 35 12
0 35 12
0 35 12
0 35 12
0 35 12
0 35 12
0 35 12
0 35 12
0 35 12
0 35 12
0 47 22
0 47 12
0 47 12
0 47 12
0 47 12
0 47 12
0 47 12
0 47 12
0 47 12
0 47 12
0 47 12
0 47 12
0 47 12
0 47 12
0 47 12
0 47 12
0 47 12
0 47 12
0 47 12
0 47 12
0 47 12
0 47 12
0 47 12
0 47 12
0 47 12
0 47 12
0 47 12
0 47 12
0 47 12
0 47 12
0 47 12
0 47 12
0 47 12
0 47 12
0 47 12
0 47 12
0 47 12
0 47 12
0 47 12
0 47 12
0 47 12
0 47 12
0 47 12
0 47 12
0 47 12
0 47 12
0 47 12
0 47 12
0 47 12
0 47 12
0 47 12
0 47 12
0 47 12
0 47 12
0 47 12
0 47 12
0 47 12
0 47 12
0 47 12
0 47 12
0 47 12
0 47 12
0 47 12
0 47 12
0 47 12
0 47 12
0 47 12
0 47 12
0 47 12
0 47 12
0 47 12
0 47 12
0 47 12
0 47 12
0 47 12
0 47 12
0 47 12
0 47 12
0 47 12
0 47 12
0 47 12
0 47 12
0 47 12
0 47 12
0 47 12
0 47 12
0 47 12
0 47 12
0 47 12
0 47 12
0 47 12
0 47 12
0 47 12
0 47 12
0 47 12
0 47 12
0 47 12
0 47 12
0 47 12
0 47 12
0 47 12
0 47 12
0 47 12
0 47 12
0 47 12
0 47 12
0 47 12
0 47 12
0 47 12
0 47 12
0 47 12
0 47 12
0 47 12
0 47 12
0 47 12
0 47 12
0 47 12
0 47 12
0 47 12
0 47 12
0 47 12
0 47 12
0 47 12
0 47 12
0 47 12
0 47 12
0 47 12
0 47 12
0 47 12
0 47 12
0 47 12
0 47 12
0 47 12
0 47 12
0 47 12
0 47 12
0 47 12
0 47 12
0 47 12
0 47 12
0 47 12
0 47 12
0 47 12
0 47 12
0 47 12
0 47 12
0 47 12
0 47 12
0 47 12
0 47 12
0 47 12
0 47 12
0 47 12
0 47 12
0 47 12
0 47 12
0 47 12
0 47 12
0 47 12
0 47 12
0 47 12
0 47 12
0 47 12
0 47 12
0 47 12
0 47 12
0 47 12
0 47 12
0 47 12
0 47 12
0 47 12
0 47 12
22 13 12
22 13 12
22 13 12
22 13 12
22 13 12
22 13 12
22 13 12
22 13 12
22 13 12
22 13 12
22 13 12
22 13 12
22 13 12
22 13 12
22 13 12
22 13 12
22 13 12
22 13 12
22 13 12
22 13 12
22 13 12
22 13 12
22 13 12
22 13 12
22 13 12
22 13 12
22 13 12
22 13 12
22 13 12
22 13 12
22 13 12
22 13 12
22 13 12
22 13 12
22 13 12
22 13 12
22 13 12
22 13 12
22 13 12
22 13 12
22 13 12
22 13 12
22 13 12
22 13 12
22 13 12
22 13 12
22 13 12
22 13 12
22 13 12
10 29 12
10 29 12
10 29 12
10 29 12
10 29 12
10 29 12
10 29 12
10 29 12
10 29 12
10 29 12
10 29 12
10 29 12
10 29 12
10 29 12
10 29 12
10 29 12
10 29 12
10 29 12
10 29 12
10 29 12
10 29 12
10 29 12
10 29 12
10 29 12
10 29 12
10 29 12
10 29 12
10 29 12
10 29 12
10 29 12
10 29 12
10 29 12
10 29 12
10 29 12
10 29 12
10 29 12
10 29 12
10 29 12
10 29 12
10 29 12
10 29 12
10 29 12
10 29 12
10 29 12
10 29 12
10 29 12
10 29 12
10 29 12
10 29 12
10 29 12
83 34 22
83 34 12
83 34 12
83 34 12
83 34 12
83 34 12
83 34 12
83 34 12
83 34 12
83 34 12
83 34 12
83 34 12
83 34 12
83 34 12
83 34 12
83 34 12
83 34 12
83 34 12
83 34 12
83 34 12
83 34 12
83 34 12
83 34 12
83 34 12
83 34 12
83 34 12
83 34 12
83 34 12
83 34 12
83 34 12
83 34 12
83 34 12
83 34 12
83 34 12
83 34 12
83 34 12
83 34 12
84 45 22
84 45 12
84 45 12
84 45 12
84 45 12
84 45 12
84 45 12
84 45 12
84 45 12
84 45 12
84 45 12
84 45 12
84 45 12
84 45 12
84 45 12
84 45 12
84 45 12
84 45 12
84 45 12
84 45 12
84 45 12
84 45 12
84 45 12
84 45 12
84 45 12
84 45 12
84 45 12
75 6 160
75 6 12
75 6 12
75 6 12
75 6 12
75 6 12
75 6 12
75 6 12
75 6 12
75 6 12
75 6 12
75 6 12
75 6 12
75 6 12
75 6 12
75 6 12
75 6 12
75 6 12
75 6 12
75 6 12
75 6 12
75 6 12
75 6 12
75 6 12
75 6 12
75 6 12
75 6 12
75 6 12
75 6 12
75 6 12
75 6 12
75 6 12
75 6 12
75 6 12
75 6 12
75 6 12
75 6 12
75 6 12
75 6 12
75 6 12
75 6 12
75 6 12
75 6 12
75 6 12
75 6 12
75 6 12
75 6 12
75 6 12
75 6 12
75 6 12
75 6 12
75 6 12
75 6 12
75 6 12
75 6 12
75 6 12
75 6 12
75 6 12
75 6 12
75 6 12
75 6 12
75 6 12
75 6 12
75 6 12
75 6 12
75 6 12
75 6 12
75 6 12
75 6 12
75 6 12
75 6 12
75 6 12
75 6 12
75 6 12
75 6 12
75 6 12
21 24 830
21 24 12
21 24 12
21 24 12
21 24 12
21 24 12
21 24 12
21 24 12
21 24 12
21 24 12
21 24 12
21 24 12
21 24 12
21 24 12
21 24 12
21 24 12
21 24 12
21 24 12
21 24 12
21 24 12
21 24 12
21 24 12
21 24 12
21 24 12
21 24 12
21 24 12
21 24 12
21 24 12
21 24 12
21 24 12
21 24 12
21 24 12
21 24 12
21 24 12
21 24 12
21 24 12
21 24 12
21 24 12
21 24 12
21 24 12
21 24 12
21 24 12
21 24 12
21 24 12
21 24 12
21 24 12
21 24 12
21 24 12
21 24 12
21 24 12
21 24 12
21 24 12
21 24 12
21 24 12
21 24 12
21 24 12
21 24 12
21 24 12
21 24 12
21 24 12
21 24 12
21 24 12
21 24 12
21 24 12
21 24 12
21 24 12
21 24 12
21 24 12
21 24 12
21 24 12
21 24 12
21 24 12
21 24 12
21 24 12
21 24 12
21 24 12
21 24 12
21 24 12
21 24 12
21 24 12
21 24 12
21 24 12
21 24 12
21 24 12
21 24 12
21 24 12
21 24 12
21 24 12
21 24 12
21 24 12
21 24 12
21 24 12
21 24 12
21 24 12
21 24 12
21 24 12
21 24 12
21 24 12
21 24 12
21 24 12
21 24 12
21 24 12
21 24 12
21 24 12
21 24 12
21 24 12
21 24 12
21 24 12
21 24 12
21 24 12
21 24 12
21 24 12
21 24 12
21 24 12
21 24 12
21 24 12
21 24 12
21 24 12
21 24 12
21 24 12
21 24 12
21 24 12
21 24 12
21 24 12
21 24 12
21 24 12
21 24 12
21 24 12
21 24 12
21 24 12
21 24 12
21 24 12
21 24 12
21 24 12
21 24 12
21 24 12
75 50 22
75 50 12
75 50 12
75 50 12
75 50 12
75 50 12
75 50 12
75 50 12
75 50 12
75 50 12
75 50 12
75 50 12
75 50 12
75 50 12
75 50 12
75 50 12
75 50 12
75 50 12
75 50 12
75 50 12
75 50 12
75 50 12
75 50 12
75 50 12
75 50 12
75 50 12
75 50 12
75 50 12
75 50 12
75 50 12
75 50 12
75 50 12
75 50 12
75 50 12
75 50 12
75 50 12
75 50 12
75 50 12
75 50 12
75 50 12
75 50 12
75 50 12
75 50 12
75 50 12
75 50 12
75 50 12
75 50 12
75 50 12
75 50 12
75 50 12
75 50 12
75 50 12
75 50 12
75 50 12
75 50 12
75 50 12
75 50 12
75 50 12
75 50 12
75 50 12
75 50 12
75 50 12
75 50 12
75 50 12
75 50 12
75 50 12
75 50 12
75 50 12
75 50 12
75 50 12
75 50 12
75 50 12
75 50 12
75 50 12
75 50 12
75 50 12
75 50 12
75 50 12
75 50 12
75 50 12
75 50 12
75 50 12
85 56 22
85 56 12
85 56 12
85 67 22
85 67 12
85 67 12
85 67 12
85 67 12
85 67 12
85 67 12
85 67 12
85 67 12
85 67 12
85 67 12
85 67 12
85 67 12
85 67 12
85 67 12
85 67 12
85 67 12
85 67 12
85 67 12
85 67 12
85 67 12
85 67 12
85 67 12
85 67 12
85 67 12
75 61 22
75 61 12
75 61 12
75 61 12
75 61 12
75 61 12
75 61 12
75 61 12
75 61 12
75 61 12
75 61 12
75 61 12
75 61 12
75 61 12
75 61 12
75 61 12
75 61 12
75 61 12
75 61 12
75 61 12
75 61 12
75 61 12
75 61 12
75 61 12
75 61 12
75 61 12
75 61 12
75 61 12
75 61 12
75 61 12
75 61 12
75 61 12
75 61 12
75 61 12
75 61 12
75 61 12
75 61 12
75 61 12
75 61 12
75 61 12
75 61 12
75 61 12
75 61 12
75 61 12
75 61 12
75 61 12
75 61 12
75 61 12
75 61 12
75 61 12
75 61 12
75 61 12
75 61 12
75 61 12
75 61 12
75 61 12
75 61 12
75 61 12
94 62 22
94 50 22
94 50 12
94 50 12
94 50 12
94 50 12
94 50 12
94 50 12
95 73 22
85 78 22
85 78 12
85 78 12
85 78 12
85 78 12
85 78 12
85 78 12
85 78 12
85 78 12
85 78 12
85 78 12
85 78 12
85 78 12
85 78 12
85 78 12
95 84 22
95 84 12
86 89 22
86 89 12
86 89 12
86 89 12
86 89 12
86 89 12
86 89 12
86 89 12
86 89 12
86 89 12
86 89 12
86 89 12
86 89 12
86 89 12
86 89 12
86 89 12
86 89 12
86 89 12
86 89 12
86 89 12
86 89 12
86 89 12
86 89 12
86 89 12
86 89 12
86 89 12
86 89 12
86 89 12
86 89 12
86 89 12
86 89 12
86 89 12
86 89 12
105 78 22
105 67 22
105 67 12
105 67 12
105 67 12
115 73 22
115 73 12
115 73 12
115 73 12
115 73 12
115 73 12
115 73 12
76 72 22
76 72 12
76 72 12
76 72 12
76 72 12
76 72 12
76 72 12
76 72 12
76 72 12
76 72 12
76 72 12
76 72 12
76 72 12
76 72 12
76 72 12
76 72 12
76 72 12
76 72 12
76 72 12
76 72 12
76 72 12
76 72 12
76 72 12
76 72 12
76 72 12
76 72 12
76 72 12
76 72 12
76 72 12
76 72 12
76 72 12
76 72 12
76 72 12
76 72 12
76 72 12
76 72 12
76 72 12
76 72 12
76 72 12
76 72 12
76 72 12
76 72 12
76 72 12
76 72 12
76 72 12
76 72 12
76 72 12
76 72 12
76 72 12
76 72 12
76 72 12
76 72 12
76 72 12
76 72 12
76 72 12
76 72 12
76 72 12
76 72 12
76 72 12
76 72 12
76 72 12
76 72 12
76 72 12
76 72 12
76 72 12
76 72 12
76 72 12
76 72 12
76 72 12
76 72 12
76 72 12
76 72 12
76 72 12
76 72 12
76 72 12
76 72 12
76 72 12
76 72 12
76 72 12
76 72 12
76 72 12
76 72 12
76 72 12
76 72 12
76 72 12
76 72 12
76 72 12
76 72 12
76 72 12
76 72 12
114 62 22
114 62 12
114 62 12
114 62 12
114 62 12
114 62 12
114 62 12
114 62 12
114 62 12
114 62 12
114 62 12
114 62 12
114 62 12
114 62 12
114 62 12
114 62 12
114 62 12
114 62 12
114 62 12
114 62 12
114 62 12
114 62 12
114 62 12
114 62 12
114 62 12
114 62 12
114 62 12
114 62 12
114 62 12
114 62 12
114 62 12
114 62 12
114 62 12
114 62 12
114 62 12
114 62 12
114 62 12
114 62 12
114 62 12
114 62 12
114 62 12
114 62 12
114 62 12
114 62 12
114 62 12
114 62 12
114 62 12
114 62 12
114 62 12
114 62 12
114 62 12
114 62 12
114 62 12
114 62 12
114 62 12
10 41 1227
10 41 12
10 41 12
10 41 12
10 41 12
10 41 12
10 41 12
10 41 12
10 41 12
10 41 12
10 41 12
10 41 12
10 41 12
10 41 12
10 41 12
10 41 12
10 41 12
10 41 12
10 41 12
10 41 12
10 41 12
10 41 12
10 41 12
10 41 12
10 41 12
10 41 12
10 41 12
10 41 12
10 41 12
10 41 12
10 41 12
10 41 12
10 41 12
10 41 12
10 41 12
10 41 12
10 41 12
10 41 12
10 41 12
10 41 12
10 41 12
10 41 12
10 41 12
10 41 12
10 41 12
10 41 12
10 41 12
10 41 12
10 41 12
10 41 12
10 41 12
10 41 12
10 41 12
10 41 12
10 41 12
10 41 12
10 41 12
10 41 12
10 41 12
10 41 12
10 41 12
10 41 12
10 41 12
10 41 12
10 41 12
10 41 12
10 41 12
10 41 12
10 41 12
10 41 12
10 41 12
10 41 12
10 41 12
10 41 12
10 41 12
10 41 12
10 41 12
10 41 12
10 41 12
10 41 12
10 41 12
10 41 12
10 41 12
10 41 12
10 41 12
10 41 12
10 41 12
10 41 12
10 41 12
10 41 12
10 41 12
10 41 12
10 41 12
10 41 12
10 41 12
10 41 12
10 41 12
10 41 12
10 41 12
10 41 12
10 41 12
10 41 12
10 41 12
10 41 12
10 41 12
10 41 12
10 41 12
10 41 12
10 41 12
10 41 12
10 41 12
10 41 12
10 41 12
10 41 12
10 41 12
10 41 12
10 41 12
10 41 12
10 41 12
10 41 12
10 41 12
10 41 12
10 41 12
10 41 12
10 41 12
10 41 12
10 41 12
10 41 12
10 41 12
10 41 12
10 41 12
10 41 12
10 41 12
10 41 12
10 41 12
10 41 12
10 41 12
10 41 12
10 41 12
10 41 12
10 41 12
10 41 12
10 41 12
10 41 12
10 41 12
116 84 22
116 84 12
116 84 12
116 84 12
116 84 12
106 89 22
106 89 12
96 94 22
96 94 12
96 94 12
96 94 12
96 94 12
96 94 12
96 94 12
96 94 12
96 94 12
96 94 12
96 94 12
96 94 12
96 94 12
96 94 12
96 94 12
96 94 12
96 94 12
105 100 22
105 100 12
105 100 12
105 100 12
105 100 12
105 100 12
105 100 12
105 100 12
105 100 12
105 100 12
105 100 12
105 100 12
105 100 12
105 100 12
105 100 12
105 100 12
105 100 12
105 100 12
105 100 12
105 100 12
105 100 12
105 100 12
116 95 22
116 95 12
116 95 12
116 95 12
116 95 12
116 95 12
116 95 12
116 95 12
116 95 12
116 95 12
116 95 12
116 95 12
116 95 12
116 95 12
116 95 12
116 95 12
116 95 12
116 95 12
116 95 12
116 95 12
116 95 12
116 95 12
116 95 12
116 95 12
116 95 12
116 95 12
116 95 12
116 95 12
116 95 12
116 95 12
116 95 12
116 95 12
116 95 12
116 95 12
116 95 12
116 95 12
116 95 12
116 95 12
116 95 12
116 95 12
116 95 12
116 95 12
116 95 12
116 95 12
116 95 12
116 95 12
116 95 12
116 95 12
116 95 12
116 95 12
116 95 12
116 95 12
116 95 12
116 95 12
116 95 12
116 95 12
116 95 12
116 95 12
116 95 12
116 95 12
116 95 12
116 95 12
116 95 12
116 95 12
116 95 12
116 95 12
116 95 12
116 95 12
116 95 12
116 95 12
116 95 12
116 95 12
96 105 22
96 105 12
96 105 12
96 105 12
96 105 12
96 105 12
96 105 12
96 105 12
96 105 12
96 105 12
96 105 12
96 105 12
96 105 12
96 105 12
96 105 12
96 105 12
96 105 12
96 105 12
96 105 12
96 105 12
96 105 12
96 105 12
96 105 12
96 105 12
96 105 12
96 105 12
96 105 12
96 105 12
96 105 12
96 105 12
96 105 12
96 105 12
96 105 12
96 105 12
96 105 12
96 105 12
96 105 12
96 105 12
96 105 12
96 105 12
96 105 12
96 105 12
96 105 12
96 105 12
96 105 12
96 105 12
96 105 12
96 105 12
96 105 12
96 105 12
96 105 12
96 105 12
96 105 12
96 105 12
96 105 12
96 105 12
96 105 12
96 105 12
96 105 12
96 105 12
96 105 12
96 105 12
96 105 12
96 105 12
96 105 12
96 105 12
96 105 12
96 105 12
96 105 12
96 105 12
96 105 12
96 105 12
96 105 12
96 105 12
96 105 12
96 105 12
96 105 12
96 105 12
96 105 12
96 105 12
96 105 12
96 105 12
96 105 12
126 79 22
126 79 12
126 79 12
126 79 12
125 68 22
125 68 12
125 68 12
125 68 12
125 68 12
125 68 12
125 68 12
125 68 12
125 68 12
125 68 12
125 68 12
125 68 12
125 68 12
125 68 12
125 68 12
125 68 12
125 68 12
125 68 12
125 68 12
125 68 12
125 68 12
125 68 12
125 68 12
125 68 12
125 68 12
125 68 12
125 68 12
125 68 12
125 68 12
125 68 12
125 68 12
125 68 12
125 68 12
125 68 12
125 68 12
125 68 12
125 68 12
125 68 12
125 68 12
125 68 12
125 68 12
125 68 12
125 68 12
125 68 12
125 68 12
125 68 12
125 68 12
125 68 12
125 68 12
125 68 12
125 68 12
125 68 12
125 68 12
125 68 12
125 68 12
125 68 12
125 68 12
125 68 12
125 68 12
125 68 12
125 68 12
125 68 12
125 68 12
125 68 12
125 68 12
125 68 12
125 68 12
135 63 22
135 63 12
135 63 12
135 63 12
135 63 12
135 63 12
135 63 12
135 63 12
135 63 12
135 63 12
135 63 12
135 63 12
135 63 12
135 63 12
135 63 12
135 63 12
135 63 12
135 63 12
135 63 12
135 63 12
135 63 12
135 63 12
135 63 12
135 63 12
135 63 12
135 63 12
0 47 12
0 47 12
0 47 12
0 47 12
0 47 12
0 47 12
0 47 12
0 47 12
0 47 12
0 47 12
0 47 12
0 47 12
0 47 12
0 47 12
0 47 12
0 47 12
0 47 12
0 47 12
0 47 12
0 47 12
0 47 12
0 47 12
0 47 12
0 47 12
0 47 12
0 47 12
0 47 12
0 47 12
0 47 12
0 47 12
0 47 12
0 47 12
0 47 12
0 47 12
0 47 12
0 47 12
0 47 12
0 47 12
0 47 12
0 47 12
0 47 12
0 47 12
0 47 12
0 47 12
0 47 12
0 47 12
0 47 12
0 47 12
0 47 12
0 47 12
0 47 12
0 47 12
0 47 12
0 47 12
0 47 12
0 47 12
0 47 12
0 47 12
0 47 12
0 47 12
0 47 12
0 47 12
0 47 12
0 47 12
0 47 12
0 47 12
0 47 12
0 47 12
0 47 12
0 47 12
0 47 12
0 47 12
0 47 12
0 47 12
0 47 12
0 47 12
0 47 12
0 47 12
0 47 12
0 47 12
0 47 12
0 47 12
0 47 12
0 47 12
0 47 12
0 47 12
0 47 12
0 47 12
0 47 12
0 47 12
0 47 12
0 47 12
0 47 12
0 47 12
0 47 12
0 47 12
0 47 12
0 47 12
0 47 12
0 47 12
0 47 12
0 47 12
0 47 12
0 47 12
0 47 12
0 47 12
0 60 429
0 60 12
0 60 12
0 60 12
0 60 12
0 60 12
0 60 12
0 60 12
0 60 12
0 60 12
0 60 12
0 60 12
0 60 12
0 60 12
0 60 12
0 60 12
0 60 12
0 60 12
0 60 12
0 60 12
0 60 12
0 60 12
0 60 12
0 60 12
0 60 12
0 60 12
0 60 12
0 60 12
0 60 12
0 60 12
0 60 12
0 60 12
0 60 12
0 60 12
0 60 12
0 60 12
0 60 12
0 60 12
0 60 12
0 60 12
0 60 12
0 60 12
0 60 12
0 60 12
0 60 12
0 60 12
0 60 12
0 60 12
0 60 12
0 60 12
0 60 12
178 15 74
178 15 12
178 15 12
178 15 12
178 16 77
178 16 12
178 16 12
178 16 12
178 16 12
178 16 12
177 16 89
177 16 12
177 16 12
177 16 12
177 16 12
177 16 12
177 16 12
177 16 12
177 17 108
177 17 12
177 17 12
177 17 12
177 17 12
177 17 12
177 17 12
177 17 12
177 17 12
177 17 12
177 17 12
176 17 134
176 17 12
176 17 12
176 17 12
176 17 12
176 17 12
176 17 12
176 17 12
176 17 12
176 17 12
176 17 12
176 17 12
176 17 12
176 18 166
176 18 12
176 18 12
176 18 12
176 18 12
176 18 12
176 18 12
176 18 12
176 18 12
176 18 12
176 18 12
176 18 12
176 18 12
176 18 12
176 18 12
176 18 12
176 18 12
175 18 203
175 18 12
175 18 12
175 18 12
175 18 12
175 18 12
175 18 12
175 18 12
175 18 12
175 18 12
175 18 12
175 18 12
175 18 12
175 18 12
175 18 12
175 18 12
175 18 12
175 18 12
175 18 12
175 19 244
175 19 12
175 19 12
175 19 12
175 19 12
175 19 12
175 19 12
175 19 12
175 19 12
175 19 12
175 19 12
175 19 12
175 19 12
175 19 12
175 19 12
175 19 12
175 19 12
175 19 12
175 19 12
175 19 12
175 19 12
175 19 12
175 19 12
175 19 12
174 19 288
174 19 12
174 19 12
174 19 12
174 19 12
174 19 12
174 19 12
174 19 12
174 19 12
174 19 12
174 19 12
174 19 12
174 19 12
174 19 12
174 19 12
174 19 12
174 19 12
174 19 12
174 19 12
174 19 12
174 19 12
174 19 12
174 19 12
174 20 334
174 20 12
174 20 12
174 20 12
174 20 12
174 20 12
174 20 12
174 20 12
174 20 12
174 20 12
174 20 12
174 20 12
174 20 12
174 20 12
174 20 12
174 20 12
174 20 12
174 20 12
174 20 12
174 20 12
174 20 12
174 20 12
174 20 12
174 20 12
174 20 12
174 20 12
174 20 12
174 20 12
174 20 12
173 20 382
173 20 12
173 20 12
173 20 12
173 20 12
173 20 12
173 20 12
173 20 12
173 20 12
173 20 12
173 20 12
173 20 12
173 20 12
173 20 12
173 20 12
173 20 12
173 20 12
173 20 12
173 20 12
173 20 12
173 20 12
173 20 12
173 20 12
173 20 12
173 20 12
172 20 438
172 20 12
172 20 12
172 20 12
172 20 12
172 20 12
172 20 12
172 20 12
172 20 12
172 20 12
172 20 12
172 20 12
172 20 12
172 20 12
172 20 12
172 20 12
172 20 12
172 20 12
171 20 501
171 20 12
171 20 12
171 20 12
171 20 12
171 20 12
171 20 12
171 20 12
171 20 12
171 20 12
170 21 586
170 21 12
170 21 12
170 21 12
170 22 607
170 22 12
170 22 12
170 22 12
170 22 12
170 23 629
170 23 12
170 23 12
170 23 12
170 23 12
170 24 650
170 24 12
170 24 12
170 25 670
169 25 684
169 26 687
169 27 688
168 27 679
168 28 664
168 29 646
167 29 618
167 30 588
166 30 556
166 31 516
166 32 477
165 32 437
165 33 394
165 34 357
164 34 314
164 35 277
164 35 12
164 35 12
163 35 241
163 36 207
163 36 12
163 36 12
162 36 180
162 38 127
162 38 12
162 38 12
161 38 103
161 39 84
161 39 12
160 39 66
160 39 12
160 40 50
160 40 12
160 40 12
159 40 37
159 40 12
159 40 12
159 41 21
159 41 12
159 41 12
159 41 12
158 41 15
158 41 12
158 41 12
158 42 15
158 42 12
158 42 12
157 42 15
157 42 12
157 42 12
156 42 15
156 42 12
155 42 15
155 42 12
154 42 15
154 42 12
153 43 15
153 43 12
152 43 15
152 43 12
151 43 15
151 43 12
151 44 15
151 44 12
151 45 15
151 45 12
151 46 15
151 46 12
150 46 15
150 46 12
149 46 15
149 47 15
148 47 15
148 48 15
147 48 15
146 48 15
146 49 15
146 50 15
146 50 12
145 50 15
145 50 12
145 51 15
145 51 12
145 52 15
145 52 12
145 53 15
145 53 12
145 53 12
145 54 15
145 54 12
145 54 12
145 55 15
145 55 12
145 55 12
145 55 12
145 56 15
145 56 12
145 56 12
145 56 12
145 56 12
145 56 12
145 57 23
145 57 12
145 57 12
145 57 12
145 57 12
145 57 12
145 57 12
136 63 273
136 63 12
136 62 246
136 62 12
136 62 12
136 62 12
136 62 12
136 62 12
137 62 211
137 62 12
137 62 12
137 62 12
137 62 12
137 62 12
137 61 181
137 61 12
137 61 12
137 61 12
137 61 12
137 61 12
137 61 12
137 61 12
137 61 12
137 61 12
138 61 154
138 61 12
138 61 12
138 61 12
138 61 12
138 61 12
138 61 12
138 61 12
138 61 12
138 60 121
138 60 12
138 60 12
138 60 12
138 60 12
138 60 12
138 60 12
138 60 12
138 60 12
138 60 12
138 60 12
138 60 12
138 59 97
138 59 12
138 59 12
138 59 12
138 59 12
138 59 12
138 59 12
138 59 12
138 59 12
138 59 12
138 59 12
138 59 12
138 59 12
139 59 67
139 59 12
139 59 12
139 59 12
139 59 12
139 59 12
139 59 12
139 59 12
139 59 12
139 59 12
139 59 12
139 59 12
139 58 40
139 58 12
139 58 12
139 58 12
139 58 12
139 58 12
139 58 12
139 58 12
139 58 12
139 58 12
139 58 12
139 58 12
139 58 12
140 58 15
140 58 12
140 58 12
140 58 12
140 58 12
140 58 12
140 58 12
140 58 12
140 58 12
140 58 12
140 58 12
140 58 12
141 58 15
141 58 12
141 58 12
141 58 12
141 58 12
141 58 12
141 58 12
141 58 12
141 58 12
141 58 12
141 57 15
141 57 12
141 57 12
141 57 12
141 57 12
141 57 12
141 57 12
141 57 12
141 57 12
142 57 15
142 57 12
142 57 12
142 57 12
142 57 12
142 57 12
142 57 12
142 57 12
143 57 15
143 57 12
143 57 12
143 57 12
143 57 12
143 57 12
143 57 12
144 57 15
144 57 12
144 57 12
144 57 12
144 57 12
144 57 12
144 57 12
135 64 341
135 65 368
135 66 396
135 67 425
134 67 450
134 68 468
134 69 484
134 70 496
133 70 502
133 71 500
133 72 494
133 73 485
132 73 465
132 74 443
131 74 418
131 75 386
130 75 355
130 76 316
129 76 279
129 77 239
128 77 198
127 77 161
127 78 119
126 78 81
125 79 15
125 79 12
125 79 12
125 79 12
125 79 12
124 79 15
124 79 12
124 79 12
124 79 12
124 79 12
123 79 15
123 79 12
123 79 12
123 79 12
123 79 12
123 79 12
123 78 15
123 78 12
123 78 12
123 78 12
123 78 12
123 78 12
122 78 15
122 78 12
122 78 12
122 78 12
122 78 12
122 78 12
121 78 15
121 78 12
121 78 12
121 78 12
121 78 12
121 78 12
120 78 15
120 78 12
120 78 12
120 78 12
120 78 12
120 78 12
119 78 15
119 78 12
119 78 12
119 78 12
119 78 12
118 78 15
118 78 12
118 78 12
118 78 12
118 78 12
117 78 15
117 78 12
117 78 12
117 78 12
116 78 15
116 78 12
116 78 12
115 78 15
115 78 12
114 78 15
114 78 12
113 78 15
113 78 12
112 78 15
111 78 15
110 78 15
109 78 15
108 78 15
107 78 15
106 78 15
105 77 15
105 76 15
105 75 15
105 74 15
105 73 15
104 73 15
103 73 29
102 73 43
101 73 55
100 73 61
99 73 62
98 73 57
97 73 47
96 73 33
94 73 15
94 73 12
93 73 15
93 73 12
93 72 15
93 72 12
92 72 15
92 72 12
92 72 12
92 71 15
92 71 12
92 71 12
92 70 27
92 70 12
92 69 41
92 68 51
92 67 56
92 66 56
92 65 49
92 64 37
92 63 19
92 63 12
92 62 15
92 62 12
91 62 15
91 62 12
91 62 12
90 62 15
90 62 12
90 62 12
90 61 15
90 61 12
90 61 12
90 60 15
90 60 12
90 59 15
90 59 12
90 58 15
90 58 12
90 57 15
90 57 12
90 56 15
90 56 12
90 55 15
90 55 12
90 55 12
90 54 15
90 54 12
90 54 12
90 53 15
90 53 12
90 53 12
90 52 15
90 52 12
90 52 12
90 52 12
90 51 15
90 51 12
90 51 12
90 51 12
90 51 12
90 50 15
90 50 12
90 50 12
90 50 12
90 50 12
90 50 12
90 49 15
90 49 12
90 49 12
90 49 12
90 49 12
90 49 12
90 49 12
90 48 15
90 48 12
90 48 12
90 48 12
90 48 12
90 48 12
90 48 12
90 48 12
90 48 12
90 47 15
90 47 12
90 47 12
90 47 12
90 47 12
90 47 12
90 47 12
90 47 12
90 47 12
90 47 12
90 46 15
90 46 12
90 46 12
90 46 12
90 46 12
90 46 12
90 46 12
90 46 12
90 46 12
90 46 12
90 45 15
90 45 12
90 45 12
90 45 12
90 45 12
90 45 12
90 45 12
90 45 12
90 45 12
90 45 12
90 45 12
90 44 15
90 44 12
90 44 12
90 44 12
90 44 12
90 44 12
90 44 12
90 44 12
90 44 12
90 44 12
90 43 26
90 43 12
90 43 12
90 43 12
90 43 12
90 43 12
90 43 12
90 43 12
90 43 12
90 42 34
90 42 12
90 42 12
90 42 12
90 42 12
90 42 12
90 42 12
90 42 12
90 41 37
90 41 12
90 41 12
90 41 12
90 41 12
90 41 12
90 41 12
90 41 12
90 40 36
90 40 12
90 40 12
90 40 12
90 40 12
90 40 12
90 40 12
90 39 32
90 39 12
90 39 12
90 39 12
90 39 12
90 39 12
90 39 12
90 38 27
90 38 12
90 38 12
90 38 12
90 38 12
90 38 12
90 38 12
90 37 22
90 37 12
90 37 12
90 37 12
90 37 12
90 37 12
90 37 12
91 37 15
91 37 12
91 37 12
91 37 12
91 37 12
91 37 12
91 36 15
91 36 12
91 36 12
91 36 12
91 36 12
92 36 15
92 36 12
92 36 12
92 36 12
92 36 12
92 35 15
92 35 12
92 35 12
92 35 12
93 35 15
93 35 12
93 35 12
93 35 12
93 34 15
93 34 12
93 34 12
94 34 15
94 34 12
94 34 12
94 33 15
94 33 12
94 33 12
94 32 15
94 32 12
94 32 12
94 31 15
94 31 12
95 31 15
95 31 12
96 31 15
96 31 12
96 30 15
96 30 12
96 29 15
96 29 12
97 29 15
97 29 12
97 28 15
97 28 12
98 28 15
98 28 12
99 28 15
99 28 12
99 27 15
99 27 12
100 27 15
100 27 12
100 26 15
100 26 12
100 25 15
100 25 12
100 24 15
100 24 12
101 23 15
101 23 12
102 23 15
102 23 12
103 23 15
103 23 12
104 23 15
104 23 12
104 22 15
104 22 12
104 21 15
104 21 12
104 20 15
104 20 12
105 20 15
105 20 12
105 19 15
105 19 12
105 19 12
105 18 15
105 18 12
105 18 12
105 17 15
105 17 12
105 17 12
105 17 12
105 16 15
105 16 12
105 16 12
105 16 12
105 16 12
105 15 15
105 15 12
105 15 12
105 15 12
105 15 12
105 15 12
105 14 15
105 14 12
105 14 12
105 14 12
105 14 12
105 14 12
105 14 12
105 13 16
105 13 12
105 13 12
105 13 12
105 13 12
105 13 12
105 13 12
105 13 12
105 13 12
104 13 17
104 13 12
104 13 12
104 13 12
104 13 12
104 13 12
104 13 12
104 12 20
104 12 12
104 12 12
104 12 12
104 12 12
104 12 12
104 12 12
104 12 12
103 12 23
103 12 12
103 12 12
103 12 12
103 12 12
103 12 12
103 11 23
103 11 12
103 11 12
103 11 12
103 11 12
103 11 12
103 11 12
102 11 24
102 11 12
102 11 12
102 11 12
102 11 12
102 10 21
102 10 12
102 10 12
102 10 12
102 10 12
102 10 12
101 10 19
101 10 12
101 10 12
101 10 12
101 10 12
101 9 15
101 9 12
101 9 12
101 9 12
101 9 12
100 9 15
100 9 12
100 9 12
100 9 12
100 8 15
100 8 12
100 8 12
100 8 12
99 8 15
99 8 12
99 8 12
99 7 15
99 7 12
99 7 12
99 7 12
99 6 15
99 6 12
99 6 12
99 6 12
98 6 15
98 6 12
98 6 12
97 6 15
97 6 12
97 6 12
96 6 15
96 6 12
96 6 12
95 6 15
95 6 12
94 6 15
94 6 12
93 6 15
93 6 12
92 6 15
92 6 12
92 6 12
53 0 656
54 0 694
55 0 765
56 0 861
57 0 977
58 0 1106
59 0 1240
60 0 1374
61 0 1500
62 0 1613
63 0 1710
64 0 1787
64 0 12
64 0 12
64 0 12
64 0 12
64 0 12
64 0 12
65 0 1842
65 0 12
65 0 12
65 0 12
65 0 12
65 0 12
65 0 12
65 0 12
65 0 12
65 0 12
65 0 12
65 0 12
65 0 12
65 0 12
65 0 12
65 0 12
65 0 12
66 0 1875
66 0 12
66 0 12
66 0 12
66 0 12
66 0 12
66 0 12
66 0 12
66 0 12
66 0 12
66 0 12
66 0 12
66 0 12
66 0 12
66 0 12
66 0 12
66 0 12
66 0 12
66 0 12
66 0 12
66 0 12
66 0 12
66 0 12
66 0 12
66 0 12
66 0 12
66 0 12
67 0 1886
67 0 12
67 0 12
67 0 12
67 0 12
67 0 12
67 0 12
67 0 12
67 0 12
67 0 12
67 0 12
67 0 12
67 0 12
67 0 12
67 0 12
67 0 12
67 0 12
67 0 12
67 0 12
67 0 12
67 0 12
67 0 12
67 0 12
67 0 12
67 0 12
67 0 12
67 0 12
67 0 12
67 0 12
67 0 12
67 0 12
67 0 12
67 0 12
67 0 12
67 0 12
67 0 12
67 0 12
68 0 1876
68 0 12
68 0 12
68 0 12
68 0 12
68 0 12
68 0 12
68 0 12
68 0 12
68 0 12
68 0 12
68 0 12
68 0 12
68 0 12
68 0 12
68 0 12
68 0 12
68 0 12
68 0 12
68 0 12
68 0 12
68 0 12
68 0 12
68 0 12
68 0 12
68 0 12
68 0 12
68 0 12
68 0 12
68 0 12
68 0 12
68 0 12
68 0 12
68 0 12
68 0 12
68 0 12
68 0 12
68 0 12
68 0 12
68 0 12
68 0 12
68 0 12
68 0 12
68 0 12
69 0 1847
69 0 12
69 0 12
69 0 12
69 0 12
69 0 12
69 0 12
69 0 12
69 0 12
69 0 12
69 0 12
69 0 12
69 0 12
69 0 12
69 0 12
69 0 12
69 0 12
69 0 12
69 0 12
69 0 12
69 0 12
69 0 12
69 0 12
69 0 12
69 0 12
69 0 12
69 0 12
69 0 12
69 0 12
69 0 12
69 0 12
69 0 12
69 0 12
69 0 12
69 0 12
69 0 12
69 0 12
69 0 12
69 0 12
69 0 12
69 0 12
69 0 12
69 0 12
69 0 12
69 0 12
69 0 12
69 0 12
69 0 12
69 0 12
70 0 1801
70 0 12
70 0 12
70 0 12
70 0 12
70 0 12
70 0 12
70 0 12
70 0 12
70 0 12
70 0 12
70 0 12
70 0 12
70 0 12
70 0 12
70 0 12
70 0 12
70 0 12
70 0 12
70 0 12
70 0 12
70 0 12
70 0 12
70 0 12
70 0 12
70 0 12
70 0 12
70 0 12
70 0 12
70 0 12
70 0 12
70 0 12
70 0 12
70 0 12
70 0 12
70 0 12
70 0 12
70 0 12
70 0 12
70 0 12
70 0 12
70 0 12
70 0 12
70 0 12
70 0 12
70 0 12
70 0 12
70 0 12
70 0 12
71 0 1740
71 0 12
71 0 12
71 0 12
71 0 12
71 0 12
71 0 12
71 0 12
71 0 12
71 0 12
71 0 12
71 0 12
71 0 12
71 0 12
71 0 12
71 0 12
71 0 12
71 0 12
71 0 12
71 0 12
71 0 12
71 0 12
71 0 12
71 0 12
71 0 12
71 0 12
71 0 12
71 0 12
71 0 12
71 0 12
71 0 12
71 0 12
71 0 12
71 0 12
71 0 12
71 0 12
71 0 12
71 0 12
71 0 12
71 0 12
71 0 12
71 0 12
71 0 12
71 0 12
71 0 12
71 0 12
71 0 12
72 0 1668
72 0 12
72 0 12
72 0 12
72 0 12
72 0 12
72 0 12
72 0 12
72 0 12
72 0 12
72 0 12
72 0 12
72 0 12
72 0 12
72 0 12
72 0 12
72 0 12
72 0 12
72 0 12
72 0 12
72 0 12
72 0 12
72 0 12
72 0 12
72 0 12
72 0 12
72 0 12
72 0 12
72 0 12
72 0 12
72 0 12
72 0 12
72 0 12
72 0 12
72 0 12
72 0 12
72 0 12
72 0 12
72 0 12
72 0 12
72 0 12
72 0 12
73 0 1586
73 0 12
73 0 12
73 0 12
73 0 12
73 0 12
73 0 12
73 0 12
73 0 12
73 0 12
73 0 12
73 0 12
73 0 12
73 0 12
73 0 12
73 0 12
73 0 12
73 0 12
73 0 12
73 0 12
73 0 12
73 0 12
73 0 12
73 0 12
73 0 12
73 0 12
73 0 12
73 0 12
73 0 12
73 0 12
73 0 12
73 0 12
73 0 12
73 0 12
74 0 1497
74 0 12
74 0 12
74 0 12
74 0 12
74 0 12
74 0 12
74 0 12
74 0 12
74 0 12
74 0 12
74 0 12
74 0 12
74 0 12
74 0 12
74 0 12
74 0 12
74 0 12
74 0 12
74 0 12
74 0 12
74 0 12
74 0 12
74 0 12
74 0 12
74 0 12
75 0 1403
75 0 12
75 0 12
75 0 12
75 0 12
75 0 12
75 0 12
75 0 12
75 0 12
75 0 12
75 0 12
75 0 12
75 0 12
75 0 12
75 0 12
75 0 12
75 0 12
76 0 1306
76 0 12
76 0 12
76 0 12
76 0 12
76 0 12
76 0 12
76 0 12
76 0 12
76 0 12
77 0 1206
77 0 12
77 0 12
77 0 12
77 0 12
78 0 1105
78 0 12
78 0 12
79 0 1004
79 0 12
80 0 904
80 0 12
80 0 12
81 0 805
81 0 12
81 0 12
81 0 12
82 0 708
82 0 12
82 0 12
82 0 12
82 0 12
83 0 615
83 0 12
83 0 12
83 0 12
84 1 504
85 1 419
86 1 339
87 1 266
88 1 199
89 1 141
90 1 91
91 1 50
91 1 12
91 1 12
92 1 19
92 1 12
92 1 12
92 1 12
92 1 12
92 2 15
92 2 12
92 2 12
92 2 12
92 3 15
92 3 12
92 3 12
92 3 12
92 4 15
92 4 12
92 4 12
92 5 15
92 5 12
92 5 12
51 0 689
50 0 765
49 0 880
48 0 1031
47 0 1214
46 0 1423
45 0 1649
44 0 1885
43 0 2121
42 0 2348
41 0 2556
40 0 2738
39 0 2886
38 0 2993
37 0 3056
36 0 3071
36 0 12
36 0 12
36 0 12
36 0 12
36 0 12
36 0 12
36 0 12
35 0 3038
35 0 12
35 0 12
35 0 12
35 0 12
35 0 12
35 0 12
35 0 12
35 0 12
35 0 12
35 0 12
35 0 12
35 0 12
35 0 12
35 0 12
34 0 2957
34 0 12
34 0 12
34 0 12
34 0 12
34 0 12
34 0 12
34 0 12
34 0 12
34 0 12
34 0 12
34 0 12
34 0 12
34 0 12
34 0 12
34 0 12
34 0 12
34 0 12
34 0 12
34 0 12
34 0 12
34 0 12
34 0 12
33 0 12
33 0 12
33 0 12
33 0 12
33 0 12
33 0 12
33 0 12
33 0 12
33 0 12
33 0 12
33 0 12
33 0 12
33 0 12
33 0 12
33 0 12
33 0 12
33 0 12
33 0 12
33 0 12
33 0 12
33 0 12
33 0 12
33 0 12
33 0 12
33 0 12
33 0 12
33 0 12
33 0 12
33 0 12
33 0 12
33 0 12
33 0 12
33 0 12
33 0 12
33 0 12
33 0 12
33 0 12
33 0 12
33 0 12
33 0 12
33 0 12
33 0 12
33 0 12
33 0 12
33 0 12
33 0 12
33 0 12
33 0 12
33 0 12
33 0 12
33 0 12
33 0 12
33 0 12
33 0 12
33 0 12
33 0 12
33 0 12
33 0 12
33 0 12
33 0 12
33 0 12
33 0 12
33 0 12
33 0 12
33 0 12
33 0 12
33 0 12
33 0 12
33 0 12
33 0 12
33 0 12
33 0 12
33 0 12
33 0 12
33 0 12
33 0 12
33 0 12
32 0 2668
32 0 12
32 0 12
32 0 12
32 0 12
32 0 12
32 0 12
32 0 12
32 0 12
32 0 12
32 0 12
32 0 12
32 0 12
32 0 12
32 0 12
32 0 12
32 0 12
32 0 12
32 0 12
32 0 12
32 0 12
32 0 12
32 0 12
32 0 12
32 0 12
32 0 12
32 0 12
32 0 12
32 0 12
32 0 12
32 0 12
32 0 12
32 0 12
32 0 12
32 0 12
32 0 12
32 0 12
31 0 2470
31 0 12
31 0 12
31 0 12
31 0 12
31 0 12
31 0 12
31 0 12
31 0 12
31 0 12
31 0 12
31 0 12
31 0 12
31 0 12
31 0 12
31 0 12
31 0 12
31 0 12
31 0 12
31 0 12
31 0 12
31 0 12
31 0 12
31 0 12
31 0 12
31 0 12
31 0 12
31 0 12
31 0 12
31 0 12
31 0 12
31 0 12
31 0 12
31 0 12
31 0 12
31 0 12
31 0 12
31 0 12
31 0 12
31 0 12
31 0 12
31 0 12
31 0 12
30 0 2245
30 0 12
30 0 12
30 0 12
30 0 12
30 0 12
30 0 12
30 0 12
30 0 12
30 0 12
30 0 12
30 0 12
30 0 12
30 0 12
30 0 12
30 0 12
30 0 12
30 0 12
30 0 12
30 0 12
30 0 12
30 0 12
30 0 12
30 0 12
30 0 12
30 0 12
30 0 12
30 0 12
30 0 12
30 0 12
30 0 12
30 0 12
30 0 12
30 0 12
30 0 12
30 0 12
30 0 12
30 0 12
30 0 12
30 0 12
30 0 12
30 0 12
30 0 12
30 0 12
30 0 12
30 0 12
30 0 12
29 0 2002
29 0 12
29 0 12
29 0 12
29 0 12
29 0 12
29 0 12
29 0 12
29 0 12
29 0 12
29 0 12
29 0 12
29 0 12
29 0 12
29 0 12
29 0 12
29 0 12
29 0 12
29 0 12
29 0 12
29 0 12
29 0 12
29 0 12
29 0 12
29 0 12
29 0 12
29 0 12
29 0 12
29 0 12
29 0 12
29 0 12
29 0 12
29 0 12
29 0 12
29 0 12
29 0 12
29 0 12
29 0 12
29 0 12
29 0 12
29 0 12
29 0 12
29 0 12
29 0 12
29 0 12
29 0 12
29 0 12
29 0 12
28 0 1748
28 0 12
28 0 12
28 0 12
28 0 12
28 0 12
28 0 12
28 0 12
28 0 12
28 0 12
28 0 12
28 0 12
28 0 12
28 0 12
28 0 12
28 0 12
28 0 12
28 0 12
28 0 12
28 0 12
28 0 12
28 0 12
28 0 12
28 0 12
28 0 12
28 0 12
28 0 12
28 0 12
28 0 12
28 0 12
28 0 12
28 0 12
28 0 12
28 0 12
28 0 12
28 0 12
28 0 12
28 0 12
28 0 12
28 0 12
28 0 12
28 0 12
28 0 12
28 0 12
28 0 12
28 0 12
27 0 1492
27 0 12
27 0 12
27 0 12
27 0 12
27 0 12
27 0 12
27 0 12
27 0 12
27 0 12
27 0 12
27 0 12
27 0 12
27 0 12
27 0 12
27 0 12
27 0 12
27 0 12
27 0 12
27 0 12
27 0 12
27 0 12
27 0 12
27 0 12
27 0 12
27 0 12
27 0 12
27 0 12
27 0 12
27 0 12
27 0 12
27 0 12
27 0 12
27 0 12
27 0 12
27 0 12
27 0 12
27 0 12
27 0 12
27 0 12
26 0 1242
26 0 12
26 0 12
26 0 12
26 0 12
26 0 12
26 0 12
26 0 12
26 0 12
26 0 12
26 0 12
26 0 12
26 0 12
26 0 12
26 0 12
26 0 12
26 0 12
26 0 12
26 0 12
26 0 12
26 0 12
26 0 12
26 0 12
26 0 12
26 0 12
26 0 12
26 0 12
26 0 12
26 0 12
26 0 12
26 0 12
26 0 12
25 0 1005
25 0 12
25 0 12
25 0 12
25 0 12
25 0 12
25 0 12
25 0 12
25 0 12
25 0 12
25 0 12
25 0 12
25 0 12
25 0 12
25 0 12
25 0 12
25 0 12
25 0 12
25 0 12
25 0 12
25 0 12
25 0 12
24 0 786
24 0 12
24 0 12
24 0 12
24 0 12
24 0 12
24 0 12
24 0 12
24 0 12
24 0 12
24 0 12
24 0 12
24 0 12
24 0 12
24 0 12
23 0 592
23 0 12
23 0 12
23 0 12
23 0 12
23 0 12
23 0 12
23 0 12
23 0 12
22 0 425
22 0 12
22 0 12
22 0 12
22 0 12
22 0 12
21 0 287
21 0 12
21 0 12
21 0 12
21 0 12
20 0 179
20 0 12
20 0 12
20 0 12
20 0 12
20 0 12
19 0 98
19 0 12
19 0 12
19 0 12
19 0 12
19 0 12
19 0 12
18 0 44
18 0 12
18 0 12
18 0 12
18 0 12
18 0 12
18 0 12
18 0 12
17 0 15
17 0 12
17 0 12
17 0 12
17 0 12
17 0 12
17 0 12
17 0 12
16 0 15
16 0 12
16 0 12
16 0 12
16 0 12
16 0 12
15 0 15
15 0 12
15 0 12
15 0 12
15 0 12
15 1 15
15 1 12
15 1 12
15 1 12
15 1 12
15 2 15
15 2 12
15 2 12
15 2 12
15 2 12
14 2 15
14 2 12
14 2 12
14 2 12
13 2 15
13 2 12
13 2 12
13 3 21
13 3 12
13 3 12
12 3 23
12 3 12
12 4 28
12 4 12
12 5 34
17 194 15
18 194 15
18 193 15
18 192 15
18 191 15
18 190 15
18 189 15
18 188 15
18 187 15
18 186 15
18 185 15
18 184 15
18 183 15
18 182 15
19 181 15
19 180 15
19 180 12
19 179 15
19 179 12
19 178 15
19 178 12
19 177 15
19 177 12
19 176 15
19 176 12
19 175 15
19 175 12
19 174 15
19 174 12
19 173 15
19 173 12
19 172 15
19 172 12
19 171 15
19 171 12
19 170 15
19 170 12
19 170 12
20 169 15
20 169 12
20 169 12
21 169 15
21 169 12
22 169 15
22 169 12
23 169 15
23 169 12
23 168 15
23 168 12
23 167 15
23 167 12
23 167 12
24 167 15
24 167 12
25 167 15
25 167 12
25 167 12
26 167 15
26 167 12
26 167 12
27 167 15
27 167 12
27 167 12
27 166 15
27 166 12
27 166 12
27 165 15
27 165 12
27 165 12
28 165 15
28 165 12
28 165 12
29 165 15
29 165 12
29 165 12
29 165 12
29 164 15
29 164 12
29 164 12
29 164 12
30 164 15
30 164 12
30 164 12
30 164 12
30 163 15
30 163 12
30 163 12
30 163 12
39 115 15
39 115 12
39 116 15
39 116 12
40 116 15
40 116 12
40 117 15
40 118 15
40 118 12
40 119 15
40 119 12
40 120 15
40 120 12
41 120 15
41 120 12
42 120 15
42 120 12
43 120 15
44 120 15
45 120 15
46 120 15
47 120 15
48 121 24
48 122 30
48 123 35
48 124 40
49 124 43
49 125 46
49 126 50
49 127 57
49 128 66
49 129 81
49 131 125
49 131 12
49 132 156
49 132 12
49 132 12
49 133 193
49 133 12
49 133 12
49 133 12
49 133 12
49 134 235
49 134 12
49 134 12
49 134 12
49 134 12
49 134 12
49 135 282
49 135 12
49 135 12
49 135 12
49 135 12
49 135 12
49 135 12
49 136 333
49 136 12
49 136 12
49 136 12
49 136 12
49 136 12
49 136 12
49 136 12
49 137 387
49 137 12
49 137 12
49 137 12
49 137 12
49 137 12
49 137 12
49 138 443
49 138 12
49 138 12
49 138 12
49 138 12
49 138 12
49 139 500
49 139 12
49 139 12
49 139 12
49 141 611
49 142 661
49 143 707
49 144 746
49 145 777
49 146 799
49 147 812
49 147 12
49 148 816
49 148 12
49 148 12
49 148 12
49 149 810
49 149 12
49 149 12
49 149 12
49 150 795
49 150 12
49 150 12
48 151 736
48 151 12
48 151 12
48 151 12
48 151 12
48 151 12
48 151 12
48 151 12
48 151 12
48 152 696
48 152 12
48 152 12
48 152 12
48 152 12
48 152 12
48 153 654
48 153 12
47 153 604
47 153 12
47 153 12
47 153 12
47 153 12
47 153 12
47 153 12
47 153 12
47 153 12
47 154 550
47 154 12
47 154 12
47 154 12
47 154 12
47 155 500
47 155 12
47 155 12
46 155 441
46 155 12
46 155 12
46 155 12
46 155 12
46 155 12
46 155 12
46 156 388
46 156 12
46 156 12
46 156 12
46 156 12
46 156 12
45 156 332
45 156 12
45 156 12
45 156 12
45 156 12
45 156 12
45 156 12
45 156 12
45 157 281
45 157 12
45 157 12
45 157 12
45 157 12
45 157 12
45 157 12
45 157 12
44 157 229
44 157 12
44 157 12
44 157 12
44 157 12
44 157 12
44 157 12
44 157 12
44 157 12
44 158 186
44 158 12
44 158 12
44 158 12
44 158 12
44 158 12
44 158 12
44 158 12
44 158 12
44 158 12
43 158 139
43 158 12
43 158 12
43 158 12
43 158 12
43 158 12
43 158 12
43 158 12
43 158 12
43 158 12
42 158 105
42 158 12
42 158 12
42 158 12
42 158 12
42 158 12
42 158 12
42 158 12
42 158 12
42 159 66
42 159 12
42 159 12
42 159 12
42 159 12
42 159 12
42 159 12
42 159 12
42 159 12
42 159 12
42 159 12
42 159 12
41 159 38
41 159 12
41 159 12
41 159 12
41 159 12
41 159 12
41 159 12
41 159 12
41 159 12
41 159 12
41 159 12
41 160 15
41 160 12
41 160 12
41 160 12
41 160 12
41 160 12
41 160 12
41 160 12
41 160 12
41 160 12
41 160 12
41 160 12
41 160 12
40 160 15
40 160 12
40 160 12
40 160 12
40 160 12
40 160 12
40 160 12
40 160 12
40 160 12
40 160 12
40 160 12
39 160 15
39 160 12
39 160 12
39 160 12
39 160 12
39 160 12
39 160 12
39 160 12
39 160 12
38 160 15
38 160 12
38 160 12
38 160 12
38 160 12
38 160 12
38 160 12
38 160 12
37 160 15
37 160 12
37 160 12
37 160 12
37 160 12
37 160 12
37 160 12
36 160 15
36 160 12
36 160 12
36 160 12
36 160 12
36 160 12
36 160 12
36 161 15
36 161 12
36 161 12
36 161 12
36 161 12
36 161 12
36 161 12
36 162 15
36 162 12
36 162 12
36 162 12
36 162 12
36 162 12
36 162 12
35 162 15
35 162 12
35 162 12
35 162 12
35 162 12
35 162 12
34 162 15
34 162 12
34 162 12
34 162 12
34 162 12
34 162 12
33 162 15
33 162 12
33 162 12
33 162 12
33 162 12
33 162 12
32 162 15
32 162 12
32 162 12
32 162 12
32 162 12
31 162 21
31 162 12
31 162 12
31 162 12
37 115 27
36 115 35
35 115 40
34 115 41
33 115 40
32 115 36
31 115 31
31 115 12
30 115 25
30 115 12
30 115 12
30 115 12
29 115 20
29 115 12
29 115 12
29 115 12
29 115 12
28 115 17
28 115 12
28 115 12
28 115 12
28 115 12
28 115 12
28 115 12
28 114 15
28 114 12
28 114 12
28 114 12
28 114 12
28 114 12
27 114 15
27 114 12
27 114 12
27 114 12
27 114 12
27 114 12
27 114 12
27 113 15
27 113 12
27 113 12
27 113 12
27 113 12
27 113 12
26 113 15
26 113 12
26 113 12
26 113 12
26 113 12
26 113 12
25 113 15
25 113 12
25 113 12
25 113 12
25 113 12
25 113 12
25 113 12
24 113 15
24 113 12
24 113 12
24 113 12
24 113 12
24 113 12
24 113 12
24 113 12
24 112 15
24 112 12
24 112 12
24 112 12
24 112 12
24 112 12
23 112 15
23 112 12
23 112 12
23 112 12
23 112 12
23 112 12
23 112 12
23 111 15
23 111 12
23 111 12
23 111 12
23 111 12
23 110 15
23 110 12
23 110 12
23 110 12
23 109 15
23 109 12
23 109 12
22 109 15
22 109 12
22 109 12
22 109 12
22 108 16
22 108 12
22 108 12
21 108 21
21 108 12
21 108 12
21 107 24
21 107 12
21 107 12
21 106 29
21 106 12
21 105 33
20 105 39
19 105 49
19 105 12
122 192 15
122 191 15
123 191 15
123 190 15
124 190 15
125 190 15
126 190 15
127 190 15
127 189 15
127 188 15
128 188 15
129 188 15
130 188 15
130 187 15
130 187 12
131 187 15
131 187 12
132 187 15
132 187 12
133 187 15
133 187 12
133 187 12
134 187 15
134 187 12
134 187 12
135 187 15
135 187 12
135 187 12
135 187 12
136 187 21
136 187 12
136 187 12
136 187 12
136 187 12
137 187 39
137 187 12
137 187 12
137 187 12
137 187 12
137 187 12
137 186 56
137 186 12
137 186 12
137 186 12
137 186 12
138 186 67
138 186 12
138 186 12
138 186 12
138 186 12
139 186 78
139 186 12
139 186 12
139 186 12
139 186 12
139 186 12
140 186 89
140 186 12
140 186 12
140 186 12
140 186 12
140 186 12
140 186 12
140 185 96
140 185 12
140 185 12
140 185 12
140 185 12
140 185 12
141 185 99
141 185 12
141 185 12
141 185 12
141 185 12
141 185 12
141 185 12
142 185 100
142 185 12
142 185 12
142 185 12
142 185 12
142 185 12
142 185 12
143 185 99
143 185 12
143 185 12
143 185 12
143 185 12
143 185 12
143 185 12
144 185 98
144 185 12
144 185 12
144 185 12
144 185 12
144 185 12
144 185 12
144 184 92
144 184 12
144 184 12
144 184 12
144 184 12
144 184 12
144 184 12
145 184 84
145 184 12
145 184 12
145 184 12
145 184 12
145 184 12
145 184 12
146 184 74
146 184 12
146 184 12
146 184 12
146 184 12
146 184 12
146 184 12
146 184 12
147 184 65
147 184 12
147 184 12
147 184 12
147 184 12
147 184 12
147 184 12
147 184 12
147 183 55
147 183 12
147 183 12
147 183 12
147 183 12
147 183 12
147 183 12
147 183 12
148 183 41
148 183 12
148 183 12
148 183 12
148 183 12
148 183 12
148 183 12
148 183 12
149 183 29
149 183 12
149 183 12
149 183 12
149 183 12
149 183 12
149 183 12
149 183 12
150 183 19
150 183 12
150 183 12
150 183 12
150 183 12
150 183 12
150 183 12
150 183 12
150 182 15
150 182 12
150 182 12
150 182 12
150 182 12
150 182 12
150 182 12
150 182 12
150 181 15
150 181 12
150 181 12
150 181 12
150 181 12
150 181 12
150 181 12
151 181 15
151 181 12
151 181 12
151 181 12
151 181 12
151 181 12
151 180 15
151 180 12
151 180 12
151 180 12
151 180 12
151 180 12
152 180 15
152 180 12
152 180 12
152 180 12
152 180 12
153 180 15
153 180 12
153 180 12
153 180 12
153 180 12
154 180 15
154 180 12
154 180 12
154 180 12
154 180 12
155 180 15
155 180 12
155 180 12
155 180 12
155 180 12
155 179 15
155 179 12
155 179 12
155 179 12
155 179 12
156 179 15
156 179 12
156 179 12
156 179 12
157 179 15
157 179 12
157 179 12
157 179 12
158 179 15
158 179 12
158 179 12
159 179 15
159 179 12
159 179 12
160 179 15
160 179 12
160 179 12
161 179 15
161 179 12
162 179 15
162 179 12
163 179 15
163 179 12
164 178 15
164 178 12
165 178 15
165 178 12
166 178 15
166 177 15
166 176 15
167 176 15
168 176 15
169 176 15
170 176 15
170 176 12
171 176 15
171 176 12
171 175 15
171 175 12
172 175 15
172 175 12
173 175 15
173 175 12
174 175 39
175 175 65
175 176 87
176 176 104
177 176 120
178 176 135
179 176 150
179 177 155
180 177 159
181 177 164
181 178 168
182 178 162
183 178 159
184 178 162
