10 109 16
10 109 6
26 62 16
199 16 16
199 16 6
199 16 6
199 16 6
60 30 16
60 30 6
60 30 6
0 176 16
100 72 16
100 72 6
71 116 16
18 103 16
18 103 6
18 103 6
18 103 6
18 103 6
18 103 6
18 103 6
18 103 6
18 103 6
18 103 6
18 103 6
18 103 6
18 103 6
18 103 6
18 103 6
18 103 6
18 103 6
18 103 6
18 103 6
18 103 6
18 103 6
19 115 16
19 115 6
19 115 6
19 115 6
19 115 6
19 115 6
19 115 6
19 115 6
19 115 6
19 115 6
19 115 6
19 115 6
100 62 16
90 67 16
90 67 6
90 67 6
90 67 6
90 67 6
90 67 6
90 67 6
90 67 6
90 67 6
90 67 6
90 67 6
27 52 16
27 52 6
36 58 16
37 48 16
59 40 16
59 40 6
59 40 6
59 40 6
59 40 6
59 40 6
59 40 6
59 40 6
59 40 6
59 40 6
59 40 6
59 40 6
59 40 6
59 40 6
59 40 6
59 40 6
59 40 6
59 40 6
59 40 6
59 40 6
59 40 6
59 40 6
59 40 6
59 40 6
59 40 6
59 40 6
59 40 6
59 40 6
59 40 6
59 40 6
59 40 6
59 40 6
59 40 6
59 40 6
59 40 6
59 40 6
59 40 6
59 40 6
59 40 6
59 40 6
59 40 6
59 40 6
59 40 6
48 44 16
48 44 6
48 44 6
48 44 6
49 34 16
38 38 16
9 181 16
9 170 16
190 21 16
190 21 6
190 21 6
190 21 6
190 21 6
190 21 6
190 21 6
190 21 6
190 21 6
190 21 6
190 10 16
190 10 6
190 10 6
190 10 6
190 10 6
190 10 6
190 10 6
190 10 6
190 10 6
190 10 6
190 10 6
190 10 6
62 110 16
62 110 6
62 110 6
62 110 6
62 110 6
62 110 6
62 110 6
62 110 6
73 105 16
73 105 6
73 105 6
18 175 16
27 109 16
27 109 6
27 109 6
27 109 6
27 109 6
27 109 6
27 109 6
27 109 6
27 109 6
27 109 6
27 109 6
27 109 6
27 109 6
27 109 6
27 109 6
27 109 6
27 109 6
27 109 6
27 109 6
27 109 6
27 109 6
27 109 6
27 109 6
27 109 6
27 109 6
27 109 6
27 109 6
27 109 6
27 109 6
27 109 6
27 109 6
27 109 6
27 109 6
27 109 6
27 109 6
27 109 6
27 109 6
27 109 6
27 109 6
27 109 6
27 109 6
27 109 6
27 109 6
27 109 6
27 109 6
27 109 6
27 109 6
27 109 6
27 109 6
27 109 6
27 109 6
27 109 6
27 109 6
27 109 6
27 109 6
27 109 6
27 109 6
27 109 6
27 109 6
27 109 6
27 109 6
27 109 6
27 109 6
27 109 6
27 109 6
27 109 6
27 109 6
27 109 6
27 109 6
27 109 6
27 109 6
27 109 6
27 109 6
27 109 6
27 109 6
27 109 6
27 109 6
27 109 6
27 109 6
27 109 6
27 109 6
27 109 6
27 109 6
27 109 6
27 109 6
27 109 6
27 109 6
27 109 6
27 109 6
27 109 6
27 109 6
27 109 6
27 109 6
27 109 6
27 109 6
27 109 6
27 109 6
27 109 6
27 109 6
27 109 6
27 109 6
27 109 6
27 109 6
27 109 6
27 109 6
27 109 6
27 109 6
27 109 6
27 109 6
27 109 6
27 109 6
27 109 6
27 109 6
27 109 6
27 109 6
27 109 6
27 109 6
27 109 6
91 56 16
91 56 6
91 56 6
82 110 16
82 110 6
82 110 6
82 110 6
82 110 6
82 110 6
82 110 6
82 110 6
82 110 6
82 110 6
82 110 6
82 110 6
82 110 6
82 110 6
82 110 6
199 27 16
199 27 6
199 27 6
199 27 6
199 27 6
199 27 6
199 27 6
199 27 6
199 27 6
199 27 6
199 27 6
199 27 6
199 27 6
199 27 6
199 27 6
199 27 6
199 27 6
199 27 6
199 27 6
199 27 6
199 27 6
199 27 6
199 27 6
199 27 6
199 27 6
199 27 6
199 27 6
199 27 6
199 27 6
199 27 6
199 27 6
199 27 6
199 27 6
199 27 6
199 27 6
199 27 6
199 27 6
199 27 6
199 27 6
199 27 6
199 27 6
199 27 6
199 27 6
199 27 6
199 27 6
199 27 6
199 27 6
199 27 6
199 27 6
199 27 6
199 27 6
199 27 6
199 27 6
199 27 6
199 27 6
199 27 6
199 27 6
199 27 6
199 27 6
199 27 6
199 27 6
199 27 6
199 27 6
199 27 6
199 27 6
199 27 6
199 27 6
199 27 6
199 27 6
199 27 6
199 27 6
199 27 6
199 27 6
199 27 6
199 27 6
199 27 6
199 27 6
199 27 6
199 27 6
199 27 6
199 27 6
199 27 6
199 27 6
199 27 6
199 27 6
199 27 6
199 27 6
199 27 6
199 27 6
199 27 6
199 27 6
199 27 6
199 27 6
199 27 6
199 27 6
199 27 6
199 27 6
199 27 6
199 27 6
199 27 6
199 27 6
199 27 6
199 27 6
199 27 6
199 27 6
199 27 6
199 27 6
199 27 6
199 27 6
199 27 6
199 27 6
199 27 6
199 27 6
199 27 6
199 27 6
199 27 6
199 27 6
199 27 6
199 27 6
199 27 6
199 27 6
199 27 6
199 27 6
199 27 6
199 27 6
199 27 6
199 27 6
199 27 6
199 27 6
199 27 6
199 27 6
199 27 6
199 27 6
199 27 6
199 27 6
199 27 6
199 27 6
199 27 6
199 27 6
199 27 6
199 27 6
199 27 6
199 27 6
199 27 6
199 27 6
199 27 6
199 27 6
199 27 6
199 27 6
199 27 6
199 27 6
199 27 6
199 27 6
199 27 6
199 27 6
199 27 6
199 27 6
199 27 6
199 27 6
199 27 6
199 27 6
199 27 6
199 27 6
199 27 6
199 27 6
199 27 6
199 27 6
199 27 6
27 42 16
27 42 6
27 42 6
27 42 6
36 68 16
36 68 6
36 68 6
36 68 6
36 68 6
36 68 6
36 68 6
36 68 6
36 68 6
36 68 6
36 68 6
36 68 6
36 68 6
36 68 6
36 68 6
36 68 6
36 68 6
36 68 6
36 68 6
36 68 6
36 68 6
18 186 16
18 186 6
1 164 16
28 180 16
28 180 6
28 180 6
28 180 6
28 180 6
28 180 6
28 180 6
28 180 6
28 180 6
199 4 16
199 4 6
199 4 6
199 4 6
199 4 6
199 4 6
199 4 6
199 4 6
199 4 6
199 4 6
199 4 6
199 4 6
199 4 6
199 4 6
199 4 6
199 4 6
199 4 6
199 4 6
199 4 6
199 4 6
199 4 6
199 4 6
199 4 6
199 4 6
199 4 6
199 4 6
199 4 6
199 4 6
199 4 6
199 4 6
199 4 6
199 4 6
199 4 6
199 4 6
199 4 6
199 4 6
199 4 6
199 4 6
199 4 6
199 4 6
101 51 16
101 51 6
101 51 6
91 46 16
91 46 6
91 46 6
91 46 6
91 46 6
91 46 6
91 46 6
91 46 6
91 46 6
91 46 6
91 46 6
91 46 6
91 46 6
91 46 6
91 46 6
91 46 6
91 46 6
91 46 6
91 46 6
91 46 6
91 46 6
91 46 6
91 46 6
91 46 6
91 46 6
91 46 6
91 46 6
91 46 6
91 46 6
91 46 6
91 46 6
91 46 6
91 46 6
91 46 6
91 46 6
91 46 6
91 46 6
91 46 6
91 46 6
91 46 6
91 46 6
91 46 6
91 46 6
91 46 6
91 46 6
91 46 6
91 46 6
91 46 6
91 46 6
91 46 6
91 46 6
91 46 6
91 46 6
91 46 6
91 46 6
91 46 6
91 46 6
91 46 6
91 46 6
91 46 6
91 46 6
91 46 6
91 46 6
91 46 6
91 46 6
91 46 6
91 46 6
91 46 6
91 46 6
91 46 6
91 46 6
91 46 6
91 46 6
91 46 6
91 46 6
91 46 6
91 46 6
91 46 6
91 46 6
91 46 6
91 46 6
91 46 6
91 46 6
91 46 6
91 46 6
91 46 6
91 46 6
91 46 6
91 46 6
91 46 6
91 46 6
91 46 6
91 46 6
91 46 6
91 46 6
91 46 6
91 46 6
10 122 16
10 122 6
10 122 6
10 122 6
10 122 6
10 122 6
10 122 6
10 122 6
1 116 16
2 128 16
2 128 6
2 128 6
81 122 16
63 98 16
63 98 6
63 98 6
63 98 6
63 98 6
63 98 6
63 98 6
63 98 6
63 98 6
63 98 6
63 98 6
63 98 6
63 98 6
63 98 6
53 104 16
53 104 6
53 104 6
53 104 6
53 104 6
53 104 6
53 104 6
53 104 6
53 104 6
53 104 6
53 104 6
53 104 6
53 104 6
53 104 6
53 104 6
53 104 6
53 104 6
53 104 6
53 104 6
53 104 6
53 104 6
53 104 6
53 104 6
53 104 6
53 104 6
53 104 6
53 104 6
53 104 6
53 104 6
53 104 6
53 104 6
53 104 6
53 104 6
53 104 6
53 104 6
53 104 6
53 104 6
53 104 6
53 104 6
53 104 6
53 104 6
53 104 6
53 104 6
53 104 6
53 104 6
53 104 6
53 104 6
53 104 6
53 104 6
53 104 6
53 104 6
53 104 6
53 104 6
53 104 6
53 104 6
53 104 6
53 104 6
53 104 6
53 104 6
53 104 6
53 104 6
53 104 6
53 104 6
53 104 6
53 104 6
53 104 6
53 104 6
53 104 6
53 104 6
53 104 6
53 104 6
53 104 6
53 104 6
53 104 6
53 104 6
53 104 6
53 104 6
53 104 6
53 104 6
53 104 6
53 104 6
53 104 6
53 104 6
53 104 6
53 104 6
53 104 6
53 104 6
53 104 6
53 104 6
53 104 6
53 104 6
53 104 6
53 104 6
53 104 6
53 104 6
53 104 6
53 104 6
53 104 6
53 104 6
53 104 6
53 104 6
53 104 6
53 104 6
88 77 16
88 77 6
88 77 6
88 77 6
88 77 6
88 77 6
88 77 6
88 77 6
88 77 6
88 77 6
88 77 6
88 77 6
88 77 6
88 77 6
88 77 6
88 77 6
88 77 6
88 77 6
88 77 6
88 77 6
88 77 6
88 77 6
88 77 6
88 77 6
88 77 6
88 77 6
88 77 6
88 77 6
88 77 6
88 77 6
88 77 6
88 77 6
88 77 6
88 77 6
88 77 6
88 77 6
88 77 6
88 77 6
88 77 6
88 77 6
88 77 6
88 77 6
88 77 6
88 77 6
88 77 6
88 77 6
88 77 6
88 77 6
88 77 6
88 77 6
88 77 6
88 77 6
88 77 6
88 77 6
88 77 6
88 77 6
88 77 6
88 77 6
88 77 6
88 77 6
88 77 6
88 77 6
88 77 6
88 77 6
88 77 6
88 77 6
88 77 6
88 77 6
88 77 6
88 77 6
88 77 6
88 77 6
88 77 6
88 77 6
88 77 6
88 77 6
88 77 6
88 77 6
88 77 6
88 77 6
88 77 6
88 77 6
88 77 6
88 77 6
88 77 6
88 77 6
88 77 6
88 77 6
88 77 6
88 77 6
88 77 6
88 77 6
88 77 6
88 77 6
88 77 6
88 77 6
88 77 6
88 77 6
88 77 6
88 77 6
88 77 6
88 77 6
88 77 6
88 77 6
88 77 6
88 77 6
28 191 16
28 191 6
28 191 6
28 191 6
28 191 6
28 191 6
28 191 6
28 191 6
28 191 6
28 191 6
28 191 6
28 191 6
28 191 6
28 191 6
28 191 6
28 191 6
28 191 6
28 191 6
28 191 6
28 191 6
28 191 6
28 191 6
28 191 6
28 191 6
28 191 6
28 191 6
28 191 6
28 191 6
28 191 6
28 191 6
28 191 6
28 191 6
28 191 6
28 191 6
28 191 6
28 191 6
28 191 6
28 191 6
28 191 6
28 191 6
28 191 6
28 191 6
28 191 6
28 191 6
28 191 6
28 191 6
28 191 6
28 191 6
28 191 6
28 191 6
28 191 6
28 191 6
28 191 6
28 191 6
28 191 6
28 191 6
28 191 6
28 191 6
28 191 6
28 191 6
28 191 6
28 191 6
28 191 6
28 191 6
28 191 6
28 191 6
28 191 6
28 191 6
28 191 6
28 191 6
28 191 6
28 191 6
28 191 6
28 191 6
28 191 6
28 191 6
28 191 6
28 191 6
28 191 6
28 191 6
28 191 6
28 191 6
28 191 6
28 191 6
28 191 6
28 191 6
28 191 6
28 191 6
28 191 6
28 191 6
28 191 6
28 191 6
28 191 6
28 191 6
28 191 6
28 191 6
28 191 6
28 191 6
28 191 6
28 191 6
28 191 6
28 191 6
28 191 6
28 191 6
28 191 6
28 191 6
28 191 6
28 191 6
28 191 6
28 191 6
28 191 6
28 191 6
28 191 6
28 191 6
28 191 6
28 191 6
28 191 6
28 191 6
28 191 6
28 191 6
28 191 6
28 191 6
28 191 6
28 191 6
180 15 16
180 15 6
180 15 6
180 15 6
180 15 6
180 15 6
180 15 6
180 15 6
180 15 6
180 15 6
180 15 6
180 15 6
180 15 6
180 15 6
180 15 6
180 15 6
180 15 6
180 15 6
180 15 6
180 15 6
180 15 6
180 15 6
180 15 6
180 15 6
180 15 6
180 15 6
180 15 6
180 15 6
180 15 6
180 15 6
180 15 6
180 15 6
180 15 6
180 15 6
180 15 6
180 15 6
180 15 6
180 15 6
180 15 6
180 15 6
180 15 6
180 15 6
180 15 6
180 15 6
180 15 6
180 15 6
180 15 6
180 15 6
180 15 6
180 15 6
180 15 6
180 15 6
180 15 6
180 15 6
180 15 6
180 15 6
180 15 6
180 15 6
180 15 6
180 15 6
180 15 6
180 15 6
180 15 6
180 15 6
180 15 6
180 15 6
180 15 6
180 15 6
180 15 6
180 15 6
180 15 6
180 15 6
180 15 6
180 15 6
180 15 6
180 15 6
180 15 6
180 15 6
180 15 6
180 15 6
180 15 6
180 15 6
180 15 6
180 15 6
180 15 6
180 15 6
180 15 6
180 15 6
180 15 6
180 15 6
180 15 6
180 15 6
180 15 6
180 15 6
180 15 6
180 15 6
180 15 6
47 54 16
47 54 6
47 54 6
47 54 6
47 54 6
47 54 6
47 54 6
47 54 6
47 54 6
46 64 16
46 64 6
46 64 6
46 64 6
46 64 6
46 64 6
46 64 6
46 64 6
46 64 6
46 64 6
46 64 6
46 64 6
46 64 6
46 64 6
46 64 6
46 64 6
46 64 6
46 64 6
46 64 6
46 64 6
46 64 6
46 64 6
46 64 6
46 64 6
46 64 6
46 64 6
46 64 6
46 64 6
46 64 6
46 64 6
46 64 6
46 64 6
46 64 6
46 64 6
46 64 6
46 64 6
46 64 6
46 64 6
46 64 6
46 64 6
46 64 6
46 64 6
46 64 6
46 64 6
46 64 6
46 64 6
46 64 6
46 64 6
46 64 6
46 64 6
46 64 6
46 64 6
46 64 6
46 64 6
46 64 6
46 64 6
46 64 6
46 64 6
46 64 6
46 64 6
46 64 6
46 64 6
46 64 6
46 64 6
46 64 6
46 64 6
46 64 6
46 64 6
46 64 6
92 116 16
92 116 6
92 116 6
92 116 6
92 116 6
92 116 6
92 116 6
92 116 6
92 116 6
92 116 6
92 116 6
92 116 6
92 116 6
92 116 6
92 116 6
92 116 6
92 116 6
92 116 6
92 116 6
92 116 6
92 116 6
92 116 6
92 116 6
92 116 6
92 116 6
92 116 6
92 116 6
92 116 6
92 116 6
92 116 6
92 116 6
92 116 6
92 116 6
92 116 6
92 116 6
92 116 6
92 116 6
92 116 6
92 116 6
92 116 6
92 116 6
92 116 6
92 116 6
92 116 6
92 116 6
92 116 6
92 116 6
92 116 6
92 116 6
92 116 6
92 116 6
92 116 6
92 116 6
92 116 6
91 127 16
91 127 6
91 127 6
91 127 6
26 73 16
26 73 6
26 73 6
26 73 6
26 73 6
26 73 6
26 73 6
26 73 6
26 73 6
26 73 6
26 73 6
26 73 6
26 73 6
26 73 6
26 73 6
101 41 16
101 41 6
101 41 6
101 41 6
101 41 6
101 41 6
101 41 6
101 41 6
101 41 6
101 41 6
101 41 6
101 41 6
101 41 6
101 41 6
101 41 6
101 41 6
101 41 6
101 41 6
101 41 6
101 41 6
101 41 6
101 41 6
101 41 6
101 41 6
101 41 6
101 41 6
101 41 6
101 41 6
101 41 6
101 41 6
101 41 6
101 41 6
101 41 6
101 41 6
101 41 6
111 46 16
111 46 6
111 46 6
111 46 6
111 46 6
111 46 6
111 46 6
111 46 6
111 46 6
111 46 6
111 46 6
111 46 6
111 46 6
111 46 6
111 46 6
111 46 6
111 46 6
111 46 6
111 46 6
111 46 6
111 46 6
111 46 6
111 46 6
111 46 6
111 46 6
111 46 6
111 46 6
111 46 6
111 46 6
111 46 6
111 46 6
111 46 6
111 56 16
110 67 16
109 77 16
27 169 16
27 169 6
27 169 6
27 169 6
27 169 6
27 169 6
27 169 6
27 169 6
27 169 6
27 169 6
27 169 6
27 169 6
27 169 6
27 169 6
27 169 6
27 169 6
27 169 6
27 169 6
27 169 6
27 169 6
27 169 6
27 169 6
27 169 6
27 169 6
27 169 6
27 169 6
27 169 6
27 169 6
27 169 6
27 169 6
27 169 6
27 169 6
27 169 6
27 169 6
27 169 6
27 169 6
27 169 6
27 169 6
27 169 6
27 169 6
27 169 6
27 169 6
27 169 6
27 169 6
27 169 6
27 169 6
27 169 6
27 169 6
27 169 6
27 169 6
27 169 6
27 169 6
27 169 6
36 174 16
36 174 6
36 174 6
36 174 6
36 174 6
36 174 6
36 174 6
36 174 6
36 174 6
36 174 6
36 174 6
36 174 6
36 174 6
36 174 6
36 174 6
36 174 6
36 174 6
36 174 6
36 174 6
36 174 6
36 174 6
36 174 6
36 174 6
36 174 6
36 174 6
36 174 6
36 174 6
36 174 6
36 174 6
36 174 6
36 174 6
36 174 6
36 174 6
36 174 6
36 174 6
36 174 6
36 174 6
36 174 6
36 174 6
36 174 6
36 174 6
180 26 16
180 26 6
180 26 6
180 26 6
180 26 6
180 26 6
180 26 6
180 26 6
180 26 6
180 26 6
180 26 6
180 26 6
180 26 6
180 26 6
180 26 6
180 26 6
180 26 6
180 26 6
180 26 6
180 26 6
180 26 6
180 26 6
180 26 6
180 26 6
180 26 6
180 26 6
180 26 6
180 26 6
180 26 6
180 26 6
180 26 6
180 26 6
10 134 16
10 134 6
10 134 6
10 134 6
10 134 6
10 134 6
10 134 6
10 134 6
10 134 6
10 134 6
10 134 6
10 134 6
10 134 6
10 134 6
10 134 6
10 134 6
10 134 6
10 134 6
10 134 6
10 134 6
10 134 6
10 134 6
10 134 6
10 134 6
10 134 6
10 134 6
10 134 6
10 134 6
10 134 6
10 134 6
10 134 6
10 134 6
10 134 6
10 134 6
10 134 6
10 134 6
10 134 6
10 134 6
10 134 6
10 134 6
10 134 6
10 134 6
10 134 6
10 134 6
10 134 6
10 134 6
10 134 6
10 134 6
10 134 6
10 134 6
10 134 6
10 134 6
10 134 6
10 134 6
10 134 6
10 134 6
10 134 6
10 134 6
10 134 6
10 134 6
10 134 6
10 134 6
10 134 6
10 134 6
10 134 6
10 134 6
10 134 6
10 134 6
10 134 6
10 134 6
10 134 6
10 134 6
10 134 6
10 134 6
10 134 6
10 134 6
10 134 6
10 134 6
10 134 6
10 134 6
10 134 6
10 134 6
10 134 6
10 134 6
10 134 6
10 134 6
10 134 6
10 134 6
10 134 6
10 134 6
10 134 6
10 134 6
10 134 6
10 134 6
10 134 6
10 134 6
10 134 6
10 134 6
28 32 16
28 32 6
28 32 6
28 32 6
28 32 6
28 32 6
28 32 6
28 32 6
28 32 6
38 28 16
49 24 16
98 83 16
98 83 6
98 83 6
98 83 6
98 83 6
98 83 6
98 83 6
98 83 6
98 83 6
98 83 6
98 83 6
98 83 6
98 83 6
98 83 6
98 83 6
98 83 6
98 83 6
98 83 6
98 83 6
98 83 6
98 83 6
98 83 6
98 83 6
98 83 6
107 88 16
107 88 6
107 88 6
107 88 6
107 88 6
107 88 6
107 88 6
107 88 6
107 88 6
107 88 6
107 88 6
81 133 16
71 128 16
61 122 16
61 122 6
61 122 6
61 122 6
61 122 6
61 122 6
61 122 6
61 122 6
61 122 6
61 122 6
61 122 6
61 122 6
61 122 6
61 122 6
61 122 6
61 122 6
61 122 6
61 122 6
61 122 6
61 122 6
61 122 6
61 122 6
61 122 6
61 122 6
61 122 6
61 122 6
61 122 6
61 122 6
61 122 6
61 122 6
61 122 6
61 122 6
61 122 6
61 122 6
120 61 16
119 72 16
118 83 16
118 83 6
120 51 16
120 51 6
120 51 6
120 51 6
120 51 6
120 51 6
120 51 6
120 51 6
120 51 6
120 51 6
120 51 6
120 51 6
120 51 6
120 51 6
120 51 6
120 51 6
120 51 6
120 51 6
120 51 6
120 51 6
120 51 6
120 51 6
120 51 6
120 51 6
120 51 6
120 51 6
120 51 6
120 51 6
120 51 6
120 51 6
120 51 6
120 51 6
120 51 6
120 51 6
120 51 6
120 51 6
120 51 6
120 51 6
120 51 6
120 51 6
120 51 6
120 51 6
120 51 6
120 51 6
120 51 6
120 51 6
120 51 6
120 51 6
120 51 6
120 51 6
120 51 6
120 51 6
120 51 6
120 51 6
120 51 6
190 32 16
190 32 6
190 32 6
190 32 6
190 32 6
190 32 6
190 32 6
190 32 6
190 32 6
190 32 6
190 32 6
190 32 6
190 32 6
190 32 6
190 32 6
190 32 6
190 32 6
190 32 6
190 32 6
190 32 6
190 32 6
190 32 6
190 32 6
190 32 6
190 32 6
190 32 6
190 32 6
190 32 6
190 32 6
190 32 6
190 32 6
190 32 6
190 32 6
190 32 6
190 32 6
190 32 6
190 32 6
190 32 6
190 32 6
190 32 6
190 32 6
190 32 6
190 32 6
190 32 6
190 32 6
190 32 6
190 32 6
190 32 6
190 32 6
190 32 6
190 32 6
190 32 6
190 32 6
190 32 6
190 32 6
190 32 6
190 32 6
190 32 6
190 32 6
190 32 6
190 32 6
190 32 6
190 32 6
190 32 6
190 32 6
190 32 6
190 32 6
190 32 6
190 32 6
190 32 6
190 32 6
190 32 6
190 32 6
190 32 6
190 32 6
190 32 6
190 32 6
190 32 6
190 32 6
190 32 6
190 32 6
190 32 6
190 32 6
190 32 6
190 32 6
190 32 6
190 32 6
190 32 6
190 32 6
190 32 6
190 32 6
190 32 6
190 32 6
190 32 6
190 32 6
190 32 6
190 32 6
190 32 6
190 32 6
190 32 6
190 32 6
190 32 6
190 32 6
190 32 6
190 32 6
190 32 6
190 32 6
190 32 6
190 32 6
190 32 6
190 32 6
190 32 6
190 32 6
190 32 6
190 32 6
190 32 6
190 32 6
190 32 6
190 32 6
190 32 6
190 32 6
190 32 6
190 32 6
190 32 6
190 32 6
190 32 6
190 32 6
190 32 6
190 32 6
190 32 6
190 32 6
190 32 6
190 32 6
190 32 6
190 32 6
190 32 6
190 32 6
190 32 6
190 32 6
190 32 6
9 192 16
9 192 6
0 187 16
9 199 16
9 199 6
9 199 6
9 199 6
9 199 6
9 199 6
9 199 6
9 199 6
0 198 16
18 197 16
18 197 6
18 197 6
18 197 6
18 197 6
18 197 6
18 197 6
18 197 6
18 197 6
18 197 6
18 197 6
18 197 6
18 197 6
18 197 6
18 197 6
18 197 6
18 197 6
18 197 6
18 197 6
18 197 6
18 197 6
18 197 6
18 197 6
18 197 6
18 197 6
18 197 6
18 197 6
18 197 6
18 197 6
18 197 6
18 197 6
18 197 6
18 197 6
18 197 6
18 197 6
18 197 6
18 197 6
18 197 6
18 197 6
18 197 6
18 197 6
18 197 6
9 97 16
9 97 6
9 97 6
9 97 6
9 97 6
9 97 6
9 97 6
9 97 6
9 97 6
9 97 6
9 97 6
9 97 6
9 97 6
9 97 6
9 97 6
9 97 6
9 97 6
9 97 6
9 97 6
9 97 6
9 97 6
9 97 6
9 97 6
9 97 6
9 97 6
9 97 6
9 97 6
9 97 6
9 97 6
9 97 6
9 97 6
9 97 6
9 97 6
9 97 6
9 97 6
9 97 6
9 97 6
9 97 6
9 97 6
9 97 6
9 97 6
9 97 6
9 97 6
9 97 6
9 97 6
9 97 6
9 97 6
9 97 6
9 97 6
9 97 6
9 97 6
9 97 6
9 97 6
9 97 6
9 97 6
9 97 6
9 97 6
9 97 6
9 97 6
9 97 6
9 97 6
9 97 6
9 97 6
9 97 6
9 97 6
1 103 16
1 103 6
1 103 6
1 103 6
1 103 6
1 103 6
1 103 6
1 103 6
1 103 6
1 103 6
1 103 6
1 103 6
1 103 6
1 103 6
1 103 6
1 103 6
1 103 6
1 103 6
1 103 6
1 103 6
1 103 6
1 103 6
1 103 6
19 128 16
19 128 6
19 128 6
19 128 6
19 128 6
19 128 6
19 128 6
19 128 6
19 128 6
19 128 6
19 128 6
19 128 6
19 128 6
19 128 6
19 128 6
19 128 6
19 128 6
19 128 6
19 128 6
19 128 6
19 128 6
19 128 6
19 128 6
19 128 6
19 128 6
19 128 6
19 128 6
19 128 6
19 128 6
19 128 6
19 128 6
19 128 6
19 128 6
19 128 6
19 128 6
19 128 6
19 128 6
19 128 6
19 128 6
19 128 6
19 128 6
19 128 6
19 128 6
19 128 6
19 128 6
19 128 6
19 128 6
19 128 6
19 128 6
19 128 6
19 128 6
19 128 6
19 128 6
19 128 6
19 128 6
19 128 6
19 128 6
19 128 6
19 128 6
19 128 6
19 128 6
19 128 6
19 128 6
19 128 6
19 128 6
19 128 6
19 128 6
19 128 6
19 128 6
19 128 6
19 128 6
19 128 6
19 128 6
19 128 6
19 128 6
19 128 6
19 128 6
19 128 6
19 128 6
19 128 6
19 128 6
19 128 6
19 128 6
19 128 6
19 128 6
19 128 6
19 128 6
19 128 6
19 128 6
19 128 6
19 128 6
19 128 6
19 128 6
19 128 6
19 128 6
19 128 6
19 128 6
19 128 6
19 128 6
19 128 6
19 128 6
19 128 6
19 128 6
19 128 6
19 128 6
19 128 6
19 128 6
19 128 6
19 128 6
19 128 6
19 128 6
19 128 6
19 128 6
19 128 6
19 128 6
19 128 6
19 128 6
19 128 6
19 128 6
19 128 6
19 128 6
19 128 6
19 128 6
19 128 6
19 128 6
19 128 6
19 128 6
19 128 6
19 128 6
19 128 6
19 128 6
19 128 6
19 128 6
19 128 6
19 128 6
19 128 6
19 128 6
19 128 6
19 128 6
19 128 6
19 128 6
19 128 6
19 128 6
19 128 6
19 128 6
19 128 6
19 128 6
19 128 6
19 128 6
19 128 6
19 128 6
19 128 6
19 128 6
19 128 6
19 128 6
19 128 6
19 128 6
19 128 6
19 128 6
19 128 6
19 128 6
19 128 6
19 128 6
19 128 6
19 128 6
19 128 6
19 128 6
19 128 6
19 128 6
19 128 6
19 128 6
19 128 6
19 128 6
19 128 6
19 128 6
19 128 6
19 128 6
19 128 6
19 128 6
1 140 16
1 140 6
1 140 6
1 140 6
1 140 6
1 140 6
1 140 6
1 140 6
1 140 6
1 153 16
1 153 6
171 31 16
171 31 6
171 31 6
171 31 6
171 31 6
171 31 6
171 31 6
171 31 6
171 31 6
171 31 6
171 31 6
171 31 6
171 31 6
171 31 6
171 31 6
171 31 6
171 31 6
171 31 6
171 31 6
171 31 6
171 31 6
171 31 6
171 31 6
171 31 6
171 31 6
171 31 6
171 31 6
171 31 6
171 31 6
171 31 6
171 31 6
171 31 6
171 31 6
171 31 6
171 31 6
171 31 6
171 31 6
171 31 6
171 31 6
171 31 6
171 31 6
171 31 6
171 31 6
171 31 6
171 31 6
171 31 6
171 31 6
171 31 6
171 31 6
171 31 6
171 31 6
171 31 6
171 31 6
171 31 6
171 31 6
171 31 6
171 31 6
171 31 6
171 31 6
171 31 6
171 31 6
171 31 6
171 31 6
171 31 6
171 31 6
171 31 6
171 31 6
171 31 6
171 31 6
171 31 6
171 31 6
171 31 6
171 31 6
171 31 6
171 31 6
171 31 6
171 31 6
171 31 6
171 31 6
171 31 6
171 31 6
171 31 6
171 31 6
171 31 6
171 31 6
171 31 6
171 31 6
171 31 6
171 31 6
171 31 6
171 31 6
171 31 6
171 31 6
171 31 6
171 31 6
171 31 6
171 31 6
171 31 6
171 31 6
171 31 6
171 31 6
171 31 6
171 31 6
171 31 6
171 31 6
171 31 6
171 31 6
171 31 6
171 31 6
171 31 6
171 31 6
171 31 6
171 31 6
171 31 6
171 31 6
171 31 6
171 31 6
171 31 6
171 31 6
171 31 6
171 31 6
171 31 6
171 31 6
171 31 6
171 31 6
171 31 6
171 31 6
10 158 16
10 158 6
10 158 6
10 158 6
10 158 6
10 158 6
10 158 6
10 158 6
10 158 6
10 158 6
10 146 16
10 146 6
10 146 6
10 146 6
10 146 6
10 146 6
10 146 6
10 146 6
10 146 6
10 146 6
10 146 6
10 146 6
10 146 6
10 146 6
10 146 6
10 146 6
10 146 6
10 146 6
10 146 6
10 146 6
10 146 6
10 146 6
10 146 6
10 146 6
10 146 6
10 146 6
10 146 6
10 146 6
10 146 6
10 146 6
10 146 6
10 146 6
10 146 6
10 146 6
10 146 6
10 146 6
10 146 6
10 146 6
10 146 6
10 146 6
10 146 6
10 146 6
10 146 6
10 146 6
10 146 6
10 146 6
10 146 6
10 146 6
10 146 6
10 146 6
10 146 6
10 146 6
10 146 6
10 146 6
10 146 6
10 146 6
10 146 6
10 146 6
10 146 6
10 146 6
10 146 6
10 146 6
10 146 6
10 146 6
10 146 6
10 146 6
91 139 16
181 37 16
181 37 6
181 37 6
181 37 6
181 37 6
181 37 6
181 37 6
181 37 6
181 37 6
181 37 6
181 37 6
181 37 6
181 37 6
181 37 6
181 37 6
181 37 6
181 37 6
181 37 6
181 37 6
181 37 6
181 37 6
181 37 6
181 37 6
181 37 6
181 37 6
181 37 6
181 37 6
181 37 6
181 37 6
181 37 6
181 37 6
181 37 6
181 37 6
181 37 6
181 37 6
181 37 6
181 37 6
181 37 6
181 37 6
181 37 6
181 37 6
181 37 6
181 37 6
181 37 6
181 37 6
181 37 6
181 37 6
181 37 6
181 37 6
181 37 6
181 37 6
181 37 6
181 37 6
181 37 6
181 37 6
181 37 6
181 37 6
181 37 6
181 37 6
181 37 6
181 37 6
181 37 6
181 37 6
81 144 16
71 139 16
61 133 16
61 133 6
61 133 6
61 133 6
61 133 6
61 133 6
61 133 6
61 133 6
61 133 6
61 133 6
61 133 6
61 133 6
61 133 6
61 133 6
61 133 6
61 133 6
61 133 6
61 133 6
61 133 6
61 133 6
61 133 6
61 133 6
61 133 6
61 133 6
61 133 6
61 133 6
61 133 6
61 133 6
61 133 6
61 133 6
61 133 6
61 133 6
61 133 6
61 133 6
61 133 6
61 133 6
61 133 6
61 133 6
61 133 6
61 133 6
61 133 6
61 133 6
61 133 6
61 133 6
61 133 6
61 133 6
60 19 16
60 19 6
60 19 6
60 19 6
172 42 16
172 42 6
172 42 6
172 42 6
172 42 6
172 42 6
172 42 6
172 42 6
172 42 6
172 42 6
172 42 6
172 42 6
172 42 6
172 42 6
172 42 6
172 42 6
172 42 6
172 42 6
172 42 6
172 42 6
172 42 6
172 52 16
172 52 6
172 52 6
172 52 6
172 52 6
181 47 16
181 47 6
181 47 6
181 47 6
181 47 6
181 47 6
181 47 6
181 47 6
181 47 6
181 58 16
190 53 16
190 53 6
190 53 6
190 53 6
190 53 6
190 63 16
199 58 16
199 58 6
199 58 6
199 68 16
59 50 16
59 50 6
59 50 6
59 50 6
59 50 6
59 50 6
59 50 6
59 50 6
59 50 6
59 50 6
59 50 6
59 50 6
59 50 6
59 50 6
59 50 6
59 50 6
59 50 6
59 50 6
59 50 6
59 50 6
59 50 6
59 50 6
59 50 6
59 50 6
59 50 6
59 50 6
59 50 6
59 50 6
59 50 6
59 50 6
59 50 6
59 50 6
59 50 6
59 50 6
59 50 6
59 50 6
59 50 6
59 50 6
59 50 6
59 50 6
59 50 6
59 50 6
59 50 6
59 50 6
59 50 6
59 50 6
59 50 6
59 50 6
59 50 6
59 50 6
59 50 6
59 50 6
59 50 6
59 50 6
59 50 6
59 50 6
59 50 6
59 50 6
59 50 6
59 50 6
59 50 6
59 50 6
59 50 6
59 50 6
59 50 6
59 50 6
59 50 6
59 50 6
59 50 6
59 50 6
59 50 6
59 50 6
59 50 6
59 50 6
59 50 6
59 50 6
59 50 6
59 50 6
59 50 6
59 50 6
59 50 6
59 50 6
59 50 6
59 50 6
59 50 6
59 50 6
59 50 6
59 50 6
59 50 6
59 50 6
59 50 6
59 50 6
59 50 6
59 50 6
59 50 6
59 50 6
59 50 6
59 50 6
59 50 6
59 50 6
59 50 6
59 50 6
59 50 6
59 50 6
59 50 6
59 50 6
59 50 6
59 50 6
59 50 6
59 50 6
59 50 6
59 50 6
59 50 6
59 50 6
59 50 6
59 50 6
59 50 6
59 50 6
59 50 6
59 50 6
59 50 6
59 50 6
59 50 6
59 50 6
59 50 6
59 50 6
59 50 6
59 50 6
59 50 6
59 50 6
59 50 6
59 50 6
59 50 6
59 50 6
59 50 6
59 50 6
59 50 6
59 50 6
59 50 6
59 50 6
59 50 6
59 50 6
59 50 6
59 50 6
59 50 6
59 50 6
59 50 6
59 50 6
59 50 6
59 50 6
59 50 6
59 50 6
49 13 16
39 18 16
28 22 16
28 22 6
116 94 16
116 94 6
116 94 6
116 94 6
116 94 6
116 94 6
116 94 6
116 94 6
116 94 6
116 94 6
116 94 6
116 94 6
116 94 6
116 94 6
91 150 16
91 150 6
91 150 6
91 150 6
59 8 16
59 8 6
59 8 6
59 8 6
59 8 6
59 8 6
59 8 6
59 8 6
59 8 6
59 8 6
59 8 6
59 8 6
59 8 6
59 8 6
59 8 6
59 8 6
59 8 6
59 8 6
59 8 6
59 8 6
59 8 6
59 8 6
59 8 6
59 8 6
59 8 6
59 8 6
59 8 6
59 8 6
59 8 6
29 12 16
39 7 16
49 2 16
49 2 6
49 2 6
49 2 6
49 2 6
49 2 6
49 2 6
49 2 6
49 2 6
49 2 6
49 2 6
49 2 6
49 2 6
49 2 6
49 2 6
49 2 6
49 2 6
49 2 6
49 2 6
49 2 6
49 2 6
49 2 6
49 2 6
49 2 6
49 2 6
49 2 6
49 2 6
49 2 6
49 2 6
49 2 6
49 2 6
49 2 6
49 2 6
49 2 6
49 2 6
49 2 6
49 2 6
49 2 6
49 2 6
49 2 6
49 2 6
163 47 16
163 47 6
163 47 6
163 47 6
163 47 6
163 47 6
163 47 6
163 47 6
163 47 6
163 47 6
163 47 6
163 47 6
163 47 6
163 47 6
163 47 6
163 47 6
163 47 6
163 47 6
163 47 6
163 47 6
163 47 6
163 47 6
163 47 6
163 47 6
163 47 6
163 47 6
163 47 6
163 47 6
163 47 6
163 47 6
163 47 6
163 47 6
163 47 6
163 47 6
163 47 6
163 47 6
163 47 6
163 47 6
163 47 6
163 47 6
163 47 6
163 47 6
163 47 6
163 47 6
163 47 6
163 47 6
163 47 6
163 47 6
163 47 6
163 47 6
163 47 6
163 47 6
163 47 6
163 47 6
163 47 6
163 47 6
163 47 6
163 47 6
163 47 6
163 47 6
163 47 6
163 47 6
163 47 6
163 47 6
163 47 6
163 47 6
163 47 6
163 47 6
163 47 6
163 47 6
163 47 6
163 47 6
163 47 6
163 47 6
163 47 6
163 47 6
163 47 6
163 47 6
163 47 6
163 47 6
163 47 6
163 47 6
163 47 6
163 47 6
163 47 6
163 47 6
163 47 6
163 47 6
163 47 6
163 47 6
163 47 6
163 47 6
163 47 6
163 47 6
163 47 6
163 47 6
163 47 6
163 47 6
163 47 6
163 47 6
163 47 6
163 47 6
163 47 6
163 47 6
163 47 6
163 47 6
163 47 6
163 47 6
163 47 6
163 47 6
163 47 6
163 47 6
163 47 6
163 47 6
163 47 6
163 47 6
163 47 6
163 47 6
163 47 6
163 47 6
163 47 6
163 47 6
163 47 6
163 47 6
163 47 6
163 47 6
163 47 6
163 47 6
163 47 6
163 47 6
163 47 6
163 47 6
163 47 6
163 47 6
163 47 6
163 47 6
163 47 6
163 47 6
163 47 6
163 47 6
163 47 6
163 47 6
163 47 6
163 47 6
163 47 6
163 47 6
101 144 16
101 144 6
101 144 6
101 144 6
101 144 6
101 144 6
101 144 6
101 133 16
101 133 6
101 133 6
102 122 16
102 122 6
102 122 6
102 122 6
102 122 6
102 122 6
102 122 6
102 122 6
102 122 6
102 122 6
102 122 6
102 122 6
102 122 6
102 122 6
102 122 6
102 122 6
102 122 6
102 122 6
102 122 6
102 122 6
102 122 6
102 122 6
102 122 6
102 122 6
102 122 6
102 122 6
102 122 6
102 122 6
102 122 6
102 122 6
102 122 6
102 122 6
102 122 6
102 122 6
102 122 6
102 122 6
102 122 6
102 122 6
102 122 6
102 122 6
102 122 6
102 122 6
102 122 6
102 122 6
102 122 6
102 122 6
102 122 6
102 122 6
102 122 6
102 122 6
102 122 6
102 122 6
102 122 6
102 122 6
102 122 6
102 122 6
102 122 6
102 122 6
102 122 6
102 122 6
102 122 6
102 122 6
102 122 6
102 122 6
102 122 6
102 122 6
102 122 6
102 122 6
102 122 6
102 122 6
102 122 6
102 122 6
102 122 6
102 122 6
102 122 6
102 122 6
102 122 6
102 122 6
102 122 6
102 122 6
102 122 6
102 122 6
102 122 6
102 122 6
102 122 6
102 122 6
102 122 6
102 122 6
102 122 6
102 122 6
102 122 6
102 122 6
102 122 6
102 122 6
102 122 6
102 122 6
102 122 6
102 122 6
102 122 6
102 122 6
102 122 6
102 122 6
102 122 6
102 122 6
102 122 6
102 122 6
102 122 6
102 122 6
102 122 6
102 122 6
102 122 6
102 122 6
102 122 6
102 122 6
102 122 6
102 122 6
102 122 6
102 122 6
19 164 16
19 164 6
19 164 6
19 164 6
19 164 6
19 164 6
19 164 6
19 164 6
19 164 6
127 88 16
127 88 6
127 88 6
127 88 6
127 88 6
127 88 6
127 88 6
127 88 6
127 88 6
127 88 6
127 88 6
127 88 6
127 88 6
127 88 6
127 88 6
127 88 6
127 88 6
127 88 6
127 88 6
127 88 6
127 88 6
127 88 6
127 88 6
127 88 6
127 88 6
127 88 6
127 88 6
127 88 6
127 88 6
127 88 6
127 88 6
127 88 6
127 88 6
127 88 6
127 88 6
127 88 6
127 88 6
127 88 6
127 88 6
127 88 6
127 88 6
127 88 6
127 88 6
127 88 6
127 88 6
127 88 6
127 88 6
127 88 6
127 88 6
127 88 6
127 88 6
127 88 6
127 88 6
127 88 6
127 88 6
127 88 6
127 88 6
127 88 6
127 88 6
127 88 6
127 88 6
127 88 6
127 88 6
127 88 6
127 88 6
127 88 6
127 88 6
127 88 6
127 88 6
127 88 6
127 88 6
127 88 6
127 88 6
127 88 6
127 88 6
127 88 6
127 88 6
127 88 6
127 88 6
127 88 6
127 88 6
127 88 6
127 88 6
127 88 6
127 88 6
127 88 6
128 77 16
128 77 6
128 77 6
128 77 6
128 77 6
128 77 6
128 77 6
129 67 16
129 67 6
137 72 16
137 72 6
137 72 6
137 72 6
137 72 6
137 72 6
129 56 16
129 56 6
129 56 6
129 56 6
138 61 16
137 51 16
137 51 6
137 51 6
137 51 6
137 51 6
137 51 6
137 51 6
172 63 16
181 68 16
181 68 6
181 68 6
181 68 6
181 68 6
181 68 6
190 74 16
190 74 6
190 74 6
190 74 6
190 74 6
190 74 6
190 74 6
172 73 16
172 73 6
172 73 6
172 73 6
172 73 6
172 73 6
172 73 6
172 73 6
181 79 16
181 79 6
181 79 6
181 79 6
181 79 6
181 79 6
181 79 6
181 79 6
181 79 6
181 79 6
181 79 6
181 79 6
181 79 6
181 79 6
181 79 6
181 79 6
181 79 6
181 79 6
181 79 6
181 79 6
181 79 6
181 79 6
181 79 6
181 79 6
181 79 6
181 79 6
181 79 6
181 79 6
181 79 6
181 79 6
181 79 6
181 79 6
181 79 6
181 79 6
181 79 6
181 79 6
181 79 6
181 79 6
181 79 6
181 79 6
181 79 6
181 79 6
181 79 6
181 79 6
181 79 6
181 79 6
181 79 6
181 79 6
181 79 6
181 79 6
181 79 6
181 79 6
181 79 6
181 79 6
181 79 6
181 79 6
181 79 6
181 79 6
181 79 6
181 79 6
181 79 6
163 68 16
146 67 16
155 73 16
155 73 6
155 73 6
155 73 6
155 73 6
155 73 6
81 156 16
71 150 16
62 145 16
62 145 6
62 145 6
62 145 6
62 145 6
62 145 6
62 145 6
62 145 6
62 145 6
62 145 6
62 145 6
72 161 16
62 156 16
62 156 6
62 156 6
62 156 6
62 156 6
62 156 6
62 156 6
62 156 6
62 156 6
62 156 6
53 151 16
53 151 6
53 151 6
53 151 6
53 151 6
53 151 6
53 151 6
53 151 6
53 151 6
53 151 6
53 151 6
53 151 6
53 151 6
53 151 6
53 151 6
53 151 6
53 151 6
53 151 6
53 151 6
53 151 6
53 151 6
53 151 6
53 151 6
53 151 6
53 151 6
53 151 6
53 151 6
53 151 6
53 151 6
53 151 6
53 151 6
53 151 6
53 151 6
53 151 6
53 151 6
53 151 6
53 151 6
53 151 6
53 151 6
53 151 6
53 151 6
53 151 6
53 151 6
53 151 6
53 151 6
53 151 6
17 56 16
17 56 6
17 56 6
17 56 6
17 56 6
17 46 16
17 46 6
17 46 6
17 46 6
17 46 6
17 46 6
17 46 6
17 46 6
17 46 6
17 46 6
17 46 6
17 46 6
17 46 6
17 46 6
17 46 6
17 46 6
17 46 6
17 46 6
17 46 6
17 46 6
17 46 6
17 46 6
17 46 6
17 46 6
17 46 6
17 46 6
17 46 6
17 46 6
17 46 6
17 46 6
17 46 6
17 46 6
17 46 6
17 46 6
17 46 6
17 46 6
17 46 6
17 46 6
17 46 6
17 46 6
17 46 6
17 46 6
17 46 6
17 46 6
17 46 6
17 46 6
17 67 16
54 162 16
54 162 6
54 162 6
54 162 6
54 162 6
54 162 6
54 162 6
54 162 6
54 162 6
54 162 6
54 162 6
54 162 6
54 162 6
54 162 6
54 162 6
54 162 6
54 162 6
54 162 6
54 162 6
54 162 6
54 162 6
54 162 6
54 162 6
54 162 6
54 162 6
54 162 6
54 162 6
54 162 6
54 162 6
54 162 6
54 162 6
54 162 6
54 162 6
54 162 6
54 162 6
54 162 6
54 162 6
54 162 6
54 162 6
54 162 6
54 162 6
54 162 6
54 162 6
54 162 6
54 162 6
54 162 6
54 162 6
54 162 6
54 162 6
54 162 6
54 162 6
54 162 6
54 162 6
54 162 6
54 162 6
54 162 6
54 162 6
54 162 6
54 162 6
54 162 6
54 162 6
54 162 6
54 162 6
54 162 6
54 162 6
54 162 6
54 162 6
54 162 6
54 162 6
54 162 6
54 162 6
54 162 6
54 162 6
54 162 6
54 162 6
54 162 6
54 162 6
54 162 6
54 162 6
54 162 6
54 162 6
54 162 6
54 162 6
54 162 6
54 162 6
54 162 6
54 162 6
54 162 6
54 162 6
54 162 6
54 162 6
54 162 6
54 162 6
54 162 6
54 162 6
54 162 6
54 162 6
54 162 6
54 162 6
54 162 6
54 162 6
54 162 6
54 162 6
54 162 6
54 162 6
54 162 6
54 162 6
54 162 6
54 162 6
54 162 6
54 162 6
54 162 6
54 162 6
54 162 6
54 162 6
54 162 6
54 162 6
54 162 6
54 162 6
54 162 6
54 162 6
54 162 6
54 162 6
54 162 6
54 162 6
54 162 6
54 162 6
54 162 6
54 162 6
54 162 6
54 162 6
54 162 6
54 162 6
54 162 6
54 162 6
54 162 6
54 162 6
54 162 6
54 162 6
54 162 6
54 162 6
54 162 6
54 162 6
54 162 6
54 162 6
54 162 6
54 162 6
54 162 6
54 162 6
54 162 6
54 162 6
54 162 6
54 162 6
54 162 6
54 162 6
54 162 6
54 162 6
54 162 6
54 162 6
54 162 6
54 162 6
54 162 6
54 162 6
54 162 6
54 162 6
54 162 6
54 162 6
54 162 6
54 162 6
54 162 6
54 162 6
52 139 16
52 139 6
52 139 6
52 139 6
52 139 6
52 139 6
52 139 6
52 139 6
52 139 6
52 139 6
52 139 6
52 139 6
52 139 6
52 139 6
52 139 6
52 139 6
52 139 6
52 139 6
52 139 6
52 139 6
52 139 6
52 139 6
52 139 6
52 139 6
52 139 6
52 139 6
52 139 6
52 139 6
52 139 6
52 139 6
52 139 6
52 139 6
52 139 6
52 139 6
52 139 6
52 139 6
52 139 6
52 139 6
52 139 6
52 139 6
52 139 6
52 139 6
52 139 6
52 139 6
52 139 6
52 139 6
52 139 6
52 139 6
52 139 6
52 139 6
52 139 6
52 139 6
52 139 6
52 139 6
52 139 6
52 139 6
52 139 6
52 139 6
52 139 6
52 139 6
52 139 6
52 139 6
52 139 6
52 139 6
52 139 6
52 139 6
52 139 6
52 139 6
52 139 6
52 139 6
52 139 6
52 139 6
52 139 6
52 139 6
52 139 6
52 139 6
52 139 6
52 139 6
52 139 6
52 139 6
52 139 6
52 139 6
52 139 6
52 139 6
52 139 6
52 139 6
52 139 6
52 139 6
52 139 6
52 139 6
52 139 6
52 139 6
52 139 6
52 139 6
52 139 6
52 139 6
52 139 6
52 139 6
52 139 6
52 139 6
52 139 6
52 139 6
52 139 6
52 139 6
52 139 6
52 139 6
52 139 6
52 139 6
52 139 6
52 139 6
17 79 16
17 79 6
17 79 6
17 79 6
17 79 6
17 79 6
17 79 6
17 79 6
18 91 16
18 91 6
18 91 6
18 91 6
18 91 6
18 91 6
18 91 6
18 91 6
18 91 6
18 91 6
18 91 6
18 91 6
18 91 6
18 91 6
18 91 6
18 91 6
18 91 6
18 91 6
18 91 6
18 91 6
18 91 6
18 91 6
18 91 6
18 91 6
18 91 6
18 91 6
18 91 6
18 91 6
18 91 6
18 91 6
18 91 6
18 91 6
18 91 6
18 91 6
18 91 6
18 91 6
18 91 6
18 91 6
18 91 6
18 91 6
18 91 6
18 91 6
18 91 6
18 91 6
18 91 6
18 91 6
18 91 6
18 91 6
18 91 6
18 91 6
18 91 6
18 91 6
18 91 6
18 91 6
18 91 6
18 91 6
18 91 6
18 91 6
18 91 6
18 91 6
18 91 6
18 91 6
18 91 6
18 91 6
18 91 6
18 91 6
18 91 6
18 91 6
18 91 6
18 91 6
18 91 6
18 91 6
18 91 6
18 91 6
18 91 6
18 91 6
18 91 6
18 91 6
18 91 6
18 91 6
18 91 6
18 91 6
18 91 6
18 91 6
18 91 6
18 91 6
18 91 6
18 91 6
18 91 6
18 91 6
18 91 6
18 91 6
18 91 6
18 91 6
18 91 6
18 91 6
18 91 6
18 91 6
18 91 6
18 91 6
18 91 6
18 91 6
18 91 6
18 91 6
18 91 6
18 91 6
18 91 6
18 91 6
18 91 6
18 91 6
18 91 6
18 91 6
18 91 6
18 91 6
18 91 6
18 91 6
18 91 6
18 91 6
18 91 6
18 91 6
18 91 6
18 91 6
18 91 6
18 91 6
18 91 6
8 73 16
8 73 6
8 73 6
9 85 16
9 85 6
9 85 6
9 85 6
9 85 6
9 85 6
9 85 6
9 85 6
9 85 6
9 85 6
9 85 6
9 85 6
9 85 6
9 85 6
9 85 6
9 85 6
92 161 16
92 161 6
92 161 6
92 161 6
92 161 6
92 161 6
92 161 6
92 161 6
92 161 6
92 161 6
92 161 6
92 161 6
92 161 6
92 161 6
92 161 6
92 161 6
92 161 6
92 161 6
92 161 6
92 161 6
92 161 6
92 161 6
92 161 6
92 161 6
92 161 6
92 161 6
82 167 16
82 167 6
82 167 6
82 167 6
82 167 6
82 167 6
82 167 6
82 167 6
82 167 6
82 167 6
82 167 6
82 167 6
82 167 6
82 167 6
82 167 6
82 167 6
82 167 6
82 167 6
82 167 6
82 167 6
82 167 6
82 167 6
82 167 6
82 167 6
82 167 6
82 167 6
82 167 6
82 167 6
82 167 6
82 167 6
82 167 6
82 167 6
82 167 6
82 167 6
82 167 6
82 167 6
82 167 6
82 167 6
82 167 6
82 167 6
82 167 6
82 167 6
82 167 6
82 167 6
82 167 6
82 167 6
82 167 6
82 167 6
82 167 6
102 155 16
102 155 6
102 155 6
102 155 6
102 155 6
102 155 6
102 155 6
102 155 6
102 155 6
102 155 6
102 155 6
102 155 6
102 155 6
102 155 6
102 155 6
102 155 6
102 155 6
102 155 6
102 155 6
102 155 6
102 155 6
102 155 6
102 155 6
102 155 6
102 155 6
102 155 6
102 155 6
102 155 6
102 155 6
102 155 6
102 155 6
102 155 6
102 155 6
102 155 6
102 155 6
102 155 6
102 155 6
102 155 6
102 155 6
102 155 6
102 155 6
74 93 16
74 93 6
74 93 6
74 93 6
74 93 6
74 93 6
74 93 6
74 93 6
74 93 6
74 93 6
74 93 6
74 93 6
74 93 6
74 93 6
74 93 6
74 93 6
74 93 6
74 93 6
74 93 6
74 93 6
74 93 6
74 93 6
74 93 6
74 93 6
74 93 6
74 93 6
74 93 6
74 93 6
74 93 6
74 93 6
74 93 6
74 93 6
74 93 6
74 93 6
74 93 6
74 93 6
74 93 6
74 93 6
74 93 6
74 93 6
74 93 6
74 93 6
74 93 6
74 93 6
74 93 6
74 93 6
74 93 6
74 93 6
74 93 6
74 93 6
74 93 6
74 93 6
74 93 6
74 93 6
74 93 6
74 93 6
74 93 6
74 93 6
74 93 6
74 93 6
74 93 6
74 93 6
74 93 6
74 93 6
74 93 6
74 93 6
74 93 6
74 93 6
74 93 6
74 93 6
74 93 6
74 93 6
74 93 6
74 93 6
74 93 6
74 93 6
74 93 6
74 93 6
74 93 6
74 93 6
74 93 6
74 93 6
74 93 6
74 93 6
74 93 6
74 93 6
74 93 6
74 93 6
74 93 6
74 93 6
74 93 6
74 93 6
74 93 6
74 93 6
74 93 6
74 93 6
74 93 6
74 93 6
74 93 6
74 93 6
74 93 6
74 93 6
74 93 6
74 93 6
74 93 6
74 93 6
74 93 6
74 93 6
74 93 6
74 93 6
74 93 6
74 93 6
74 93 6
74 93 6
74 93 6
74 93 6
74 93 6
74 93 6
74 93 6
74 93 6
74 93 6
74 93 6
74 93 6
74 93 6
74 93 6
74 93 6
74 93 6
74 93 6
74 93 6
74 93 6
74 93 6
74 93 6
74 93 6
74 93 6
74 93 6
74 93 6
74 93 6
74 93 6
74 93 6
74 93 6
74 93 6
74 93 6
74 93 6
74 93 6
74 93 6
74 93 6
74 93 6
74 93 6
74 93 6
74 93 6
74 93 6
74 93 6
74 93 6
74 93 6
74 93 6
74 93 6
74 93 6
74 93 6
74 93 6
74 93 6
74 93 6
74 93 6
74 93 6
74 93 6
74 93 6
74 93 6
74 93 6
74 93 6
74 93 6
74 93 6
74 93 6
74 93 6
74 93 6
74 93 6
74 93 6
74 93 6
74 93 6
74 93 6
74 93 6
74 93 6
74 93 6
74 93 6
74 93 6
74 93 6
74 93 6
74 93 6
74 93 6
74 93 6
74 93 6
74 93 6
74 93 6
74 93 6
74 93 6
74 93 6
74 93 6
74 93 6
74 93 6
74 93 6
74 93 6
74 93 6
74 93 6
52 128 16
52 128 6
52 128 6
52 128 6
52 128 6
52 128 6
52 128 6
52 128 6
52 128 6
52 128 6
52 128 6
52 128 6
52 128 6
52 128 6
52 128 6
52 128 6
52 128 6
52 128 6
52 128 6
52 128 6
52 128 6
52 128 6
52 128 6
52 128 6
52 128 6
52 128 6
52 128 6
52 128 6
52 128 6
52 128 6
52 128 6
52 128 6
52 128 6
52 128 6
52 128 6
52 128 6
52 128 6
52 128 6
52 128 6
52 128 6
52 128 6
52 128 6
52 128 6
52 128 6
52 128 6
52 128 6
52 128 6
52 128 6
52 128 6
52 128 6
52 128 6
52 128 6
52 128 6
52 128 6
52 128 6
52 128 6
52 128 6
52 128 6
52 128 6
52 128 6
52 128 6
52 128 6
52 128 6
52 128 6
52 128 6
52 128 6
52 128 6
52 128 6
52 128 6
52 128 6
52 128 6
52 128 6
52 128 6
52 128 6
52 128 6
52 128 6
52 128 6
52 128 6
52 128 6
52 128 6
52 128 6
52 128 6
52 128 6
52 128 6
52 128 6
52 128 6
52 128 6
52 128 6
52 128 6
52 128 6
52 128 6
52 128 6
52 128 6
52 128 6
52 128 6
52 128 6
52 128 6
52 128 6
52 128 6
52 128 6
52 128 6
52 128 6
52 128 6
52 128 6
52 128 6
52 128 6
52 128 6
52 128 6
52 128 6
52 128 6
52 128 6
52 128 6
52 128 6
52 128 6
52 128 6
52 128 6
52 128 6
52 128 6
52 128 6
52 128 6
52 128 6
52 128 6
52 128 6
52 128 6
52 128 6
52 128 6
52 128 6
52 128 6
52 128 6
52 128 6
52 128 6
52 128 6
52 128 6
52 128 6
52 128 6
52 128 6
52 128 6
52 128 6
52 128 6
52 128 6
52 128 6
52 128 6
52 128 6
52 128 6
52 128 6
52 128 6
52 128 6
52 128 6
52 128 6
52 128 6
52 128 6
52 128 6
52 128 6
52 128 6
52 128 6
52 128 6
52 128 6
52 128 6
52 128 6
52 128 6
52 128 6
52 128 6
52 128 6
52 128 6
52 128 6
52 128 6
52 128 6
52 128 6
52 128 6
52 128 6
52 128 6
52 128 6
52 128 6
52 128 6
52 128 6
52 128 6
52 128 6
52 128 6
52 128 6
52 128 6
52 128 6
52 128 6
52 128 6
52 128 6
52 128 6
52 128 6
52 128 6
52 128 6
52 128 6
52 128 6
52 128 6
52 128 6
52 128 6
52 128 6
44 145 16
44 145 6
44 145 6
44 145 6
44 145 6
44 145 6
44 145 6
44 145 6
44 145 6
44 145 6
44 145 6
44 145 6
44 145 6
44 145 6
44 145 6
44 145 6
44 145 6
44 145 6
44 145 6
44 145 6
44 145 6
44 145 6
44 145 6
44 145 6
44 145 6
44 145 6
44 145 6
44 145 6
44 145 6
44 145 6
44 145 6
44 145 6
44 145 6
44 145 6
44 145 6
44 145 6
44 145 6
44 145 6
44 145 6
44 145 6
44 145 6
44 145 6
44 145 6
44 145 6
44 145 6
44 145 6
44 145 6
44 145 6
44 145 6
44 145 6
44 145 6
44 145 6
44 145 6
44 145 6
44 145 6
44 145 6
44 145 6
44 145 6
44 145 6
44 145 6
44 145 6
44 145 6
44 145 6
44 145 6
44 145 6
44 145 6
44 145 6
44 145 6
44 145 6
44 145 6
44 145 6
44 145 6
44 145 6
44 145 6
44 145 6
44 145 6
44 145 6
44 145 6
44 145 6
44 145 6
44 145 6
44 145 6
44 145 6
44 145 6
44 145 6
44 145 6
44 145 6
44 145 6
44 145 6
44 145 6
44 145 6
44 145 6
44 145 6
44 145 6
44 145 6
44 145 6
44 145 6
44 145 6
44 145 6
44 145 6
44 145 6
44 145 6
44 145 6
44 145 6
44 145 6
44 145 6
44 145 6
44 145 6
44 145 6
44 145 6
44 145 6
44 145 6
44 145 6
44 145 6
44 145 6
44 145 6
44 145 6
44 145 6
44 145 6
44 145 6
44 145 6
44 145 6
44 145 6
44 145 6
44 145 6
44 145 6
44 145 6
44 145 6
44 145 6
44 145 6
44 145 6
44 145 6
44 145 6
44 145 6
44 145 6
44 145 6
44 145 6
44 145 6
44 145 6
44 145 6
44 145 6
44 145 6
44 145 6
44 145 6
44 145 6
44 145 6
44 145 6
44 145 6
44 145 6
44 145 6
44 145 6
44 145 6
44 145 6
44 145 6
44 145 6
44 145 6
44 145 6
44 145 6
44 145 6
44 145 6
44 145 6
44 145 6
44 145 6
44 145 6
44 145 6
44 145 6
44 145 6
44 145 6
44 145 6
44 145 6
44 145 6
44 145 6
44 145 6
44 145 6
44 145 6
44 145 6
44 145 6
44 145 6
44 145 6
44 145 6
44 145 6
44 145 6
44 145 6
44 145 6
44 145 6
44 145 6
44 145 6
44 145 6
44 145 6
44 145 6
44 145 6
54 92 16
54 92 6
54 92 6
54 92 6
54 92 6
54 92 6
54 92 6
54 92 6
54 92 6
54 92 6
54 92 6
54 92 6
54 92 6
54 92 6
54 92 6
54 92 6
54 92 6
54 92 6
54 92 6
54 92 6
54 92 6
54 92 6
54 92 6
54 92 6
54 92 6
54 92 6
54 92 6
54 92 6
54 92 6
54 92 6
54 92 6
54 92 6
54 92 6
54 92 6
54 92 6
54 92 6
54 92 6
54 92 6
54 92 6
54 92 6
54 92 6
54 92 6
54 92 6
54 92 6
54 92 6
54 92 6
54 92 6
54 92 6
54 92 6
54 92 6
54 92 6
54 92 6
54 92 6
54 92 6
54 92 6
54 92 6
54 92 6
54 92 6
54 92 6
54 92 6
54 92 6
54 92 6
54 92 6
54 92 6
54 92 6
54 92 6
54 92 6
54 92 6
54 92 6
54 92 6
54 92 6
54 92 6
54 92 6
54 92 6
54 92 6
54 92 6
54 92 6
54 92 6
54 92 6
54 92 6
54 92 6
54 92 6
54 92 6
54 92 6
54 92 6
54 92 6
54 92 6
54 92 6
54 92 6
54 92 6
54 92 6
54 92 6
54 92 6
54 92 6
54 92 6
54 92 6
54 92 6
54 92 6
54 92 6
54 92 6
54 92 6
54 92 6
54 92 6
54 92 6
54 92 6
54 92 6
54 92 6
54 92 6
54 92 6
54 92 6
54 92 6
54 92 6
54 92 6
54 92 6
54 92 6
54 92 6
54 92 6
54 92 6
54 92 6
54 92 6
54 92 6
54 92 6
54 92 6
54 92 6
54 92 6
54 92 6
54 92 6
54 92 6
54 92 6
54 92 6
54 92 6
54 92 6
54 92 6
54 92 6
54 92 6
54 92 6
54 92 6
54 92 6
54 92 6
54 92 6
54 92 6
54 92 6
54 92 6
54 92 6
54 92 6
54 92 6
54 92 6
54 92 6
54 92 6
54 92 6
54 92 6
54 92 6
54 92 6
54 92 6
54 92 6
54 92 6
54 92 6
54 92 6
54 92 6
54 92 6
54 92 6
54 92 6
54 92 6
54 92 6
54 92 6
54 92 6
54 92 6
54 92 6
54 92 6
54 92 6
54 92 6
54 92 6
54 92 6
54 92 6
54 92 6
54 92 6
54 92 6
54 92 6
54 92 6
54 92 6
54 92 6
54 92 6
54 92 6
54 92 6
54 92 6
54 92 6
54 92 6
54 92 6
54 92 6
54 92 6
54 92 6
54 92 6
54 92 6
54 92 6
54 92 6
54 92 6
54 92 6
54 92 6
54 92 6
54 92 6
54 92 6
54 92 6
54 92 6
54 92 6
54 92 6
112 138 16
112 138 6
112 138 6
112 138 6
112 138 6
112 138 6
112 138 6
112 138 6
112 138 6
112 138 6
112 138 6
112 150 16
112 150 6
112 150 6
112 150 6
112 150 6
112 150 6
112 150 6
112 150 6
112 150 6
112 150 6
112 150 6
112 150 6
112 150 6
112 150 6
112 150 6
112 150 6
112 150 6
112 150 6
122 144 16
122 144 6
122 144 6
122 155 16
122 155 6
122 155 6
122 155 6
122 155 6
122 155 6
122 155 6
122 155 6
122 155 6
122 155 6
122 155 6
112 161 16
112 161 6
112 161 6
112 161 6
112 161 6
112 161 6
112 161 6
112 161 6
112 161 6
112 161 6
112 161 6
112 161 6
112 161 6
112 161 6
112 161 6
112 161 6
112 161 6
112 161 6
112 161 6
112 161 6
112 161 6
112 161 6
112 161 6
112 161 6
112 161 6
112 161 6
112 161 6
112 161 6
112 161 6
112 161 6
112 161 6
112 161 6
112 161 6
112 161 6
112 161 6
112 161 6
112 161 6
112 161 6
112 161 6
112 161 6
112 161 6
112 161 6
112 161 6
112 161 6
112 161 6
112 161 6
112 161 6
112 161 6
112 161 6
112 161 6
112 161 6
112 161 6
112 161 6
112 161 6
112 161 6
112 161 6
112 161 6
112 161 6
112 161 6
112 161 6
112 161 6
112 161 6
112 161 6
112 161 6
112 161 6
112 161 6
112 161 6
112 161 6
112 161 6
112 161 6
112 161 6
112 161 6
112 161 6
112 161 6
112 161 6
112 161 6
112 161 6
112 161 6
112 161 6
112 161 6
112 161 6
112 161 6
112 161 6
112 161 6
112 161 6
112 161 6
112 161 6
112 161 6
112 161 6
112 161 6
112 161 6
112 161 6
112 161 6
112 161 6
112 161 6
112 161 6
112 161 6
112 161 6
112 161 6
112 161 6
112 161 6
112 161 6
112 161 6
112 161 6
112 161 6
112 161 6
112 161 6
112 161 6
112 161 6
112 161 6
112 161 6
112 161 6
112 161 6
112 161 6
112 161 6
112 161 6
112 161 6
112 161 6
112 161 6
112 161 6
112 161 6
112 161 6
112 161 6
112 161 6
112 161 6
112 161 6
112 161 6
112 161 6
112 161 6
112 161 6
112 161 6
112 161 6
112 161 6
112 161 6
112 161 6
112 161 6
112 161 6
112 161 6
112 161 6
112 161 6
112 161 6
112 161 6
112 161 6
112 161 6
112 161 6
112 161 6
112 161 6
112 161 6
112 161 6
132 149 16
132 149 6
132 149 6
132 149 6
132 149 6
132 149 6
132 149 6
132 149 6
132 149 6
132 149 6
132 149 6
132 149 6
132 149 6
132 149 6
132 149 6
132 149 6
132 149 6
132 149 6
132 149 6
132 149 6
132 149 6
132 149 6
132 149 6
132 149 6
132 149 6
132 149 6
132 149 6
132 149 6
132 149 6
132 149 6
132 149 6
132 149 6
132 149 6
132 149 6
132 149 6
132 160 16
132 160 6
132 160 6
132 160 6
132 160 6
132 160 6
132 160 6
132 160 6
132 160 6
132 160 6
132 160 6
132 160 6
132 160 6
132 160 6
132 160 6
132 160 6
132 160 6
132 160 6
132 160 6
132 160 6
132 160 6
132 160 6
132 160 6
132 160 6
132 160 6
132 160 6
132 160 6
132 160 6
132 160 6
132 160 6
132 160 6
132 160 6
132 160 6
132 160 6
132 160 6
132 160 6
132 160 6
132 160 6
132 160 6
132 160 6
132 160 6
132 160 6
132 160 6
132 160 6
132 160 6
132 160 6
132 160 6
132 160 6
132 160 6
132 160 6
132 160 6
132 160 6
132 160 6
132 160 6
132 160 6
132 160 6
132 160 6
132 160 6
132 160 6
132 160 6
132 160 6
132 160 6
132 160 6
132 160 6
132 160 6
132 160 6
132 160 6
132 160 6
132 160 6
132 160 6
132 160 6
132 160 6
132 160 6
132 160 6
132 160 6
132 160 6
132 160 6
132 160 6
132 160 6
132 160 6
132 160 6
132 160 6
132 160 6
132 160 6
132 160 6
132 160 6
132 160 6
132 160 6
132 160 6
155 62 16
146 56 16
112 127 16
112 127 6
112 127 6
112 127 6
112 127 6
112 127 6
112 127 6
112 127 6
112 127 6
112 127 6
112 127 6
112 127 6
112 127 6
112 127 6
112 127 6
112 127 6
112 127 6
112 127 6
112 127 6
112 127 6
112 127 6
112 127 6
112 127 6
122 133 16
122 133 6
122 133 6
122 133 6
122 133 6
122 133 6
122 133 6
122 133 6
122 133 6
122 133 6
122 133 6
122 133 6
122 133 6
122 133 6
122 133 6
122 133 6
122 133 6
122 133 6
122 133 6
122 133 6
122 133 6
122 133 6
122 133 6
122 133 6
122 133 6
122 133 6
122 133 6
122 133 6
122 133 6
122 133 6
122 133 6
122 133 6
122 133 6
122 133 6
122 133 6
122 133 6
122 133 6
122 133 6
122 133 6
122 133 6
122 133 6
122 133 6
122 133 6
122 133 6
122 133 6
122 133 6
122 133 6
122 133 6
122 133 6
122 133 6
122 133 6
122 133 6
122 133 6
122 133 6
146 78 16
146 78 6
146 78 6
146 78 6
146 78 6
146 78 6
146 78 6
146 78 6
146 78 6
146 78 6
146 78 6
146 78 6
146 78 6
146 78 6
146 78 6
146 78 6
146 78 6
146 78 6
146 78 6
146 78 6
146 78 6
146 78 6
146 78 6
146 78 6
146 78 6
146 78 6
146 78 6
146 78 6
146 78 6
146 78 6
146 78 6
146 78 6
146 78 6
146 78 6
146 78 6
146 78 6
146 78 6
146 78 6
146 78 6
146 78 6
146 78 6
146 78 6
146 78 6
146 78 6
146 78 6
146 78 6
146 78 6
146 78 6
146 78 6
146 78 6
146 78 6
146 78 6
146 78 6
146 78 6
146 78 6
146 78 6
146 78 6
146 78 6
132 138 16
132 138 6
132 138 6
132 138 6
132 138 6
132 138 6
132 138 6
132 138 6
132 138 6
132 138 6
132 138 6
132 138 6
132 138 6
132 138 6
132 138 6
132 138 6
132 138 6
132 138 6
132 138 6
132 138 6
132 138 6
132 138 6
132 138 6
132 138 6
132 138 6
132 138 6
132 138 6
132 138 6
132 138 6
132 138 6
132 138 6
132 138 6
132 138 6
132 138 6
132 138 6
132 138 6
132 138 6
132 138 6
132 138 6
132 138 6
132 138 6
132 138 6
132 138 6
132 138 6
163 57 16
163 57 6
163 57 6
163 78 16
163 78 6
163 78 6
163 78 6
163 78 6
163 78 6
0 91 16
0 91 6
0 91 6
0 91 6
0 91 6
0 91 6
0 91 6
0 91 6
0 91 6
0 91 6
0 91 6
0 91 6
0 91 6
0 91 6
0 91 6
0 91 6
0 91 6
0 91 6
0 91 6
0 91 6
0 91 6
0 91 6
0 91 6
0 91 6
0 91 6
0 91 6
0 91 6
0 91 6
0 91 6
0 91 6
0 91 6
0 91 6
0 91 6
0 91 6
0 91 6
0 91 6
0 91 6
0 91 6
0 91 6
0 91 6
0 91 6
0 91 6
0 91 6
0 91 6
0 91 6
0 91 6
0 91 6
0 91 6
0 91 6
0 91 6
0 91 6
0 91 6
0 91 6
0 91 6
0 91 6
0 91 6
0 91 6
0 91 6
0 91 6
0 91 6
0 91 6
0 91 6
0 91 6
0 91 6
0 91 6
0 91 6
0 91 6
0 91 6
0 91 6
0 91 6
0 91 6
0 91 6
0 91 6
0 91 6
0 91 6
0 91 6
0 91 6
0 91 6
0 91 6
0 91 6
0 91 6
0 91 6
0 91 6
0 91 6
0 91 6
0 91 6
0 91 6
0 91 6
0 91 6
0 91 6
0 91 6
0 91 6
0 91 6
0 91 6
0 91 6
0 91 6
0 91 6
0 91 6
0 91 6
0 91 6
0 91 6
0 91 6
0 91 6
0 91 6
0 91 6
0 91 6
0 91 6
0 91 6
0 91 6
0 91 6
0 91 6
0 91 6
0 91 6
0 91 6
0 91 6
123 122 16
123 122 6
123 122 6
123 122 6
123 122 6
123 122 6
123 122 6
123 122 6
123 122 6
123 122 6
123 122 6
123 122 6
123 122 6
123 122 6
123 122 6
123 122 6
123 122 6
123 122 6
123 122 6
123 122 6
123 122 6
123 122 6
123 122 6
123 122 6
123 122 6
123 122 6
123 122 6
123 122 6
123 122 6
123 122 6
123 122 6
123 122 6
123 122 6
123 122 6
123 122 6
123 122 6
123 122 6
123 122 6
123 122 6
132 127 16
132 127 6
132 127 6
132 127 6
132 127 6
132 127 6
132 127 6
132 127 6
132 127 6
132 127 6
132 127 6
132 127 6
132 127 6
132 127 6
132 127 6
132 127 6
132 127 6
132 127 6
132 127 6
132 127 6
132 127 6
132 127 6
132 127 6
132 127 6
132 127 6
132 127 6
132 127 6
132 127 6
132 127 6
132 127 6
132 127 6
132 127 6
132 127 6
132 127 6
132 127 6
132 127 6
132 127 6
132 127 6
132 127 6
132 127 6
132 127 6
132 127 6
132 127 6
132 127 6
132 127 6
132 127 6
132 127 6
132 127 6
132 127 6
132 127 6
132 127 6
132 127 6
132 127 6
132 127 6
132 127 6
132 127 6
132 127 6
132 127 6
132 127 6
132 127 6
132 127 6
132 127 6
132 127 6
132 127 6
132 127 6
132 127 6
132 127 6
132 127 6
132 127 6
132 127 6
132 127 6
132 127 6
132 127 6
132 127 6
132 127 6
132 127 6
132 127 6
132 127 6
132 127 6
132 127 6
132 127 6
132 127 6
132 127 6
132 127 6
132 127 6
132 127 6
132 127 6
132 127 6
132 127 6
132 127 6
132 127 6
132 127 6
132 127 6
132 127 6
132 127 6
132 127 6
132 127 6
132 127 6
132 127 6
132 127 6
132 127 6
132 127 6
132 127 6
132 127 6
132 127 6
132 127 6
132 127 6
132 127 6
132 127 6
132 127 6
132 127 6
132 127 6
132 127 6
132 127 6
132 127 6
132 127 6
132 127 6
132 127 6
132 127 6
132 127 6
132 127 6
132 127 6
132 127 6
132 127 6
132 127 6
132 127 6
132 127 6
132 127 6
132 127 6
132 127 6
132 127 6
132 127 6
132 127 6
132 127 6
132 127 6
132 127 6
132 127 6
132 127 6
132 127 6
132 127 6
132 127 6
132 127 6
132 127 6
132 127 6
132 127 6
132 127 6
132 127 6
132 127 6
132 127 6
132 127 6
132 127 6
132 127 6
113 116 16
113 116 6
113 116 6
113 116 6
113 116 6
113 116 6
113 116 6
113 116 6
113 116 6
113 116 6
113 116 6
113 116 6
113 116 6
113 116 6
113 116 6
113 116 6
113 116 6
113 116 6
113 116 6
113 116 6
113 116 6
113 116 6
113 116 6
113 116 6
113 116 6
113 116 6
113 116 6
113 116 6
113 116 6
113 116 6
113 116 6
113 116 6
113 116 6
113 116 6
113 116 6
113 116 6
113 116 6
113 116 6
113 116 6
113 116 6
113 116 6
113 116 6
113 116 6
113 116 6
113 116 6
113 116 6
113 116 6
113 116 6
113 116 6
113 116 6
113 116 6
113 116 6
113 116 6
113 116 6
113 116 6
113 116 6
113 116 6
113 116 6
113 116 6
113 116 6
113 116 6
113 116 6
113 116 6
113 116 6
113 116 6
113 116 6
113 116 6
113 116 6
113 116 6
113 116 6
113 116 6
113 116 6
113 116 6
113 116 6
113 116 6
113 116 6
113 116 6
113 116 6
113 116 6
113 116 6
113 116 6
113 116 6
113 116 6
113 116 6
113 116 6
113 116 6
113 116 6
113 116 6
124 110 16
124 110 6
124 110 6
125 99 16
125 99 6
125 99 6
125 99 6
125 99 6
125 99 6
125 99 6
125 99 6
125 99 6
125 99 6
125 99 6
125 99 6
125 99 6
125 99 6
125 99 6
125 99 6
125 99 6
125 99 6
125 99 6
37 185 16
37 185 6
37 185 6
37 185 6
37 185 6
37 185 6
37 185 6
37 185 6
37 185 6
37 185 6
37 185 6
37 185 6
37 185 6
37 185 6
37 185 6
37 185 6
37 185 6
37 185 6
37 185 6
37 185 6
37 185 6
37 185 6
37 185 6
37 185 6
37 185 6
37 185 6
37 185 6
37 185 6
37 185 6
37 185 6
37 185 6
37 185 6
29 1 16
29 1 6
29 1 6
29 1 6
29 1 6
29 1 6
29 1 6
29 1 6
29 1 6
29 1 6
29 1 6
29 1 6
29 1 6
29 1 6
29 1 6
29 1 6
29 1 6
29 1 6
29 1 6
29 1 6
29 1 6
7 62 16
7 62 6
7 51 16
7 51 6
7 51 6
7 51 6
7 51 6
7 51 6
7 51 6
7 51 6
7 51 6
7 51 6
7 51 6
7 51 6
7 51 6
7 51 6
7 51 6
7 51 6
7 51 6
7 51 6
7 51 6
7 51 6
7 51 6
7 51 6
7 51 6
7 51 6
7 51 6
7 51 6
7 51 6
7 51 6
7 51 6
7 51 6
7 51 6
7 51 6
7 51 6
7 51 6
7 51 6
7 51 6
7 51 6
7 51 6
7 51 6
7 51 6
7 51 6
7 51 6
7 51 6
7 51 6
7 51 6
7 51 6
7 51 6
7 51 6
7 51 6
7 51 6
7 51 6
7 51 6
7 51 6
0 57 16
0 57 6
0 57 6
0 57 6
0 57 6
0 57 6
0 68 16
0 68 6
0 79 16
0 79 6
0 79 6
0 79 6
0 79 6
0 79 6
0 79 6
0 79 6
0 79 6
0 79 6
0 79 6
0 79 6
0 79 6
0 79 6
0 79 6
0 79 6
0 79 6
0 79 6
0 79 6
0 79 6
0 79 6
0 79 6
0 79 6
0 79 6
0 79 6
0 79 6
0 79 6
0 79 6
0 79 6
0 79 6
0 79 6
0 79 6
0 79 6
0 79 6
0 79 6
0 79 6
0 79 6
0 79 6
0 79 6
0 79 6
0 79 6
0 79 6
0 79 6
0 79 6
0 79 6
0 79 6
0 79 6
0 79 6
0 79 6
0 79 6
0 79 6
0 79 6
0 79 6
0 79 6
0 79 6
0 79 6
0 79 6
0 79 6
0 79 6
0 79 6
17 36 16
17 36 6
17 36 6
17 36 6
17 36 6
17 36 6
17 36 6
17 36 6
17 36 6
17 36 6
17 36 6
17 36 6
17 36 6
17 36 6
17 36 6
17 36 6
17 36 6
17 36 6
17 36 6
17 36 6
17 36 6
17 36 6
17 36 6
17 36 6
17 36 6
17 36 6
17 36 6
17 36 6
17 36 6
17 36 6
17 36 6
17 36 6
17 36 6
17 36 6
17 36 6
17 36 6
17 36 6
17 36 6
17 36 6
17 36 6
17 36 6
17 36 6
17 36 6
17 36 6
17 36 6
17 36 6
17 36 6
17 36 6
17 36 6
17 36 6
17 36 6
17 36 6
17 36 6
17 36 6
17 36 6
17 36 6
17 36 6
17 36 6
17 36 6
17 36 6
17 36 6
17 36 6
17 36 6
17 36 6
17 36 6
17 36 6
17 36 6
17 36 6
17 36 6
17 36 6
17 36 6
17 36 6
17 36 6
17 36 6
17 36 6
17 36 6
17 36 6
17 36 6
17 36 6
17 36 6
17 36 6
17 36 6
17 36 6
17 36 6
17 36 6
17 36 6
17 36 6
17 36 6
17 36 6
17 36 6
17 36 6
17 36 6
17 36 6
17 36 6
17 36 6
17 36 6
17 36 6
17 36 6
17 36 6
17 36 6
17 36 6
17 36 6
17 36 6
17 36 6
17 36 6
17 36 6
17 36 6
17 36 6
17 36 6
17 36 6
17 36 6
17 36 6
17 36 6
17 36 6
17 36 6
17 36 6
17 36 6
17 36 6
17 36 6
17 36 6
17 36 6
17 36 6
17 36 6
17 36 6
17 36 6
17 36 6
17 36 6
17 36 6
17 36 6
17 36 6
17 36 6
17 36 6
17 36 6
17 36 6
17 36 6
17 36 6
17 36 6
17 36 6
17 36 6
17 36 6
17 36 6
17 36 6
17 36 6
17 36 6
17 36 6
17 36 6
17 36 6
17 36 6
17 36 6
17 36 6
17 36 6
17 36 6
17 36 6
17 36 6
17 36 6
17 36 6
17 36 6
17 36 6
17 36 6
17 36 6
17 36 6
17 36 6
17 36 6
17 36 6
17 36 6
17 36 6
17 36 6
17 36 6
17 36 6
17 36 6
17 36 6
17 36 6
17 36 6
17 36 6
17 36 6
17 36 6
17 36 6
17 36 6
46 179 16
46 179 6
46 179 6
46 179 6
46 179 6
46 179 6
46 179 6
46 179 6
46 179 6
46 179 6
46 179 6
46 179 6
46 179 6
46 179 6
46 179 6
46 179 6
46 179 6
46 179 6
46 179 6
46 179 6
46 179 6
46 179 6
46 179 6
46 179 6
46 179 6
46 179 6
46 179 6
46 179 6
46 179 6
46 190 16
46 190 6
46 190 6
46 190 6
46 190 6
55 184 16
55 184 6
55 184 6
55 184 6
55 184 6
55 184 6
55 184 6
55 184 6
55 184 6
55 184 6
55 184 6
55 184 6
55 184 6
55 184 6
55 184 6
55 184 6
55 184 6
55 184 6
55 184 6
55 184 6
55 184 6
55 184 6
55 184 6
55 184 6
55 184 6
55 184 6
55 184 6
55 184 6
55 184 6
55 184 6
55 184 6
55 184 6
55 184 6
56 195 16
56 195 6
56 195 6
56 195 6
56 195 6
56 195 6
56 195 6
56 195 6
56 195 6
56 195 6
56 195 6
56 195 6
56 195 6
56 195 6
56 195 6
56 195 6
56 195 6
56 195 6
56 195 6
56 195 6
56 195 6
56 195 6
56 195 6
56 195 6
56 195 6
56 195 6
56 195 6
56 195 6
56 195 6
56 195 6
56 195 6
56 195 6
56 195 6
56 195 6
56 195 6
56 195 6
56 195 6
56 195 6
56 195 6
56 195 6
56 195 6
56 195 6
56 195 6
56 195 6
56 195 6
56 195 6
56 195 6
56 195 6
56 195 6
47 199 16
47 199 6
47 199 6
47 199 6
47 199 6
47 199 6
47 199 6
47 199 6
47 199 6
47 199 6
47 199 6
47 199 6
47 199 6
47 199 6
47 199 6
47 199 6
47 199 6
47 199 6
37 196 16
37 196 6
37 196 6
37 196 6
37 196 6
37 196 6
37 196 6
37 196 6
37 196 6
37 196 6
37 196 6
37 196 6
37 196 6
37 196 6
37 196 6
37 196 6
37 196 6
37 196 6
37 196 6
37 196 6
37 196 6
37 196 6
37 196 6
37 196 6
37 196 6
37 196 6
37 196 6
37 196 6
37 196 6
37 196 6
37 196 6
37 196 6
37 196 6
37 196 6
37 196 6
37 196 6
37 196 6
37 196 6
37 196 6
37 196 6
37 196 6
37 196 6
37 196 6
37 196 6
37 196 6
37 196 6
37 196 6
37 196 6
37 196 6
37 196 6
37 196 6
37 196 6
37 196 6
37 196 6
37 196 6
37 196 6
37 196 6
37 196 6
37 196 6
37 196 6
37 196 6
37 196 6
37 196 6
37 196 6
37 196 6
37 196 6
37 196 6
37 196 6
37 196 6
37 196 6
37 196 6
37 196 6
37 196 6
37 196 6
37 196 6
37 196 6
37 196 6
19 152 16
19 152 6
19 152 6
19 152 6
19 152 6
19 152 6
19 152 6
19 152 6
19 152 6
19 152 6
19 152 6
19 152 6
19 152 6
19 152 6
19 152 6
19 152 6
19 152 6
19 152 6
19 152 6
19 152 6
19 152 6
19 152 6
19 152 6
19 152 6
19 152 6
19 152 6
19 152 6
19 152 6
19 152 6
19 152 6
19 152 6
19 152 6
19 152 6
19 152 6
19 152 6
19 152 6
19 152 6
19 152 6
19 152 6
19 152 6
19 152 6
19 152 6
19 152 6
19 152 6
19 152 6
19 152 6
19 152 6
19 152 6
19 152 6
19 152 6
19 152 6
19 152 6
19 152 6
19 152 6
19 152 6
19 152 6
19 152 6
19 152 6
19 152 6
19 152 6
19 152 6
19 152 6
19 152 6
19 152 6
19 152 6
19 152 6
19 152 6
19 152 6
19 152 6
19 152 6
19 152 6
19 152 6
19 152 6
19 152 6
19 152 6
19 152 6
19 152 6
19 152 6
19 152 6
19 152 6
19 152 6
19 152 6
19 152 6
19 152 6
19 152 6
19 152 6
19 152 6
19 152 6
19 152 6
19 152 6
19 152 6
19 152 6
19 152 6
19 152 6
19 152 6
19 152 6
19 152 6
19 152 6
19 152 6
19 152 6
19 152 6
19 152 6
19 152 6
19 152 6
19 152 6
19 152 6
19 152 6
19 152 6
19 152 6
19 152 6
19 152 6
19 152 6
19 152 6
19 152 6
19 152 6
19 152 6
19 152 6
19 152 6
19 152 6
19 152 6
19 152 6
19 152 6
19 152 6
19 152 6
19 152 6
19 152 6
19 152 6
19 152 6
19 152 6
19 152 6
19 152 6
19 152 6
19 152 6
19 152 6
19 152 6
19 152 6
19 152 6
19 152 6
19 152 6
19 152 6
19 152 6
19 152 6
19 152 6
19 152 6
19 152 6
19 152 6
19 152 6
19 152 6
19 152 6
19 152 6
19 152 6
19 152 6
19 152 6
19 152 6
19 152 6
19 152 6
19 152 6
19 152 6
19 152 6
19 152 6
19 152 6
19 152 6
19 152 6
19 152 6
19 152 6
19 152 6
19 152 6
19 152 6
19 152 6
19 152 6
19 152 6
19 152 6
19 152 6
19 152 6
19 152 6
19 152 6
19 152 6
19 152 6
19 152 6
19 152 6
19 152 6
19 152 6
19 152 6
19 152 6
19 152 6
19 152 6
19 152 6
19 152 6
19 152 6
19 152 6
19 152 6
28 199 106
28 199 6
28 199 6
28 199 6
28 199 6
28 199 6
28 199 6
28 199 6
28 199 6
28 199 6
28 199 6
28 199 6
28 199 6
28 199 6
28 199 6
28 199 6
28 199 6
28 199 6
28 199 6
28 199 6
28 199 6
28 199 6
28 199 6
28 199 6
28 199 6
28 199 6
28 199 6
28 199 6
28 199 6
28 199 6
28 199 6
28 199 6
28 199 6
28 199 6
28 199 6
28 199 6
28 199 6
28 199 6
28 199 6
28 199 6
28 199 6
28 199 6
28 199 6
28 199 6
28 199 6
28 199 6
28 199 6
28 199 6
28 199 6
28 199 6
28 199 6
28 199 6
28 199 6
28 199 6
28 199 6
28 199 6
28 199 6
28 199 6
28 199 6
28 199 6
28 199 6
28 199 6
28 199 6
28 199 6
28 199 6
28 199 6
28 199 6
28 199 6
28 199 6
28 199 6
28 199 6
28 199 6
28 199 6
28 199 6
28 199 6
28 199 6
28 199 6
28 199 6
28 199 6
28 199 6
28 199 6
28 199 6
28 199 6
28 199 6
28 199 6
28 199 6
28 199 6
28 199 6
28 199 6
28 199 6
28 199 6
28 199 6
28 199 6
28 199 6
28 199 6
28 199 6
28 199 6
28 199 6
28 199 6
28 199 6
28 199 6
28 199 6
28 199 6
28 199 6
28 199 6
28 199 6
28 199 6
28 199 6
28 199 6
28 199 6
28 199 6
28 199 6
28 199 6
28 199 6
28 199 6
28 199 6
28 199 6
28 199 6
28 199 6
28 199 6
28 199 6
28 199 6
28 199 6
28 199 6
28 199 6
28 199 6
28 199 6
28 199 6
28 199 6
28 199 6
28 199 6
28 199 6
28 199 6
28 199 6
28 199 6
28 199 6
28 199 6
28 199 6
28 199 6
28 199 6
28 199 6
28 199 6
28 199 6
28 199 6
28 199 6
28 199 6
28 199 6
28 199 6
28 199 6
28 199 6
28 199 6
28 199 6
28 199 6
28 199 6
28 199 6
28 199 6
28 199 6
28 199 6
28 199 6
28 199 6
65 189 16
65 189 6
65 189 6
65 189 6
65 189 6
65 189 6
65 189 6
65 189 6
65 189 6
65 189 6
65 189 6
65 189 6
65 189 6
65 189 6
65 189 6
65 189 6
65 189 6
65 189 6
65 189 6
65 189 6
65 189 6
65 189 6
65 189 6
65 189 6
65 189 6
65 189 6
65 189 6
65 189 6
65 189 6
65 189 6
65 189 6
65 189 6
65 189 6
65 189 6
65 189 6
65 189 6
65 189 6
65 189 6
65 189 6
65 189 6
65 189 6
65 189 6
65 189 6
65 189 6
65 189 6
65 189 6
65 189 6
65 189 6
65 189 6
65 189 6
65 189 6
65 189 6
65 189 6
65 189 6
65 189 6
65 189 6
65 189 6
65 189 6
65 189 6
65 189 6
65 189 6
65 189 6
65 189 6
65 189 6
65 189 6
65 189 6
65 189 6
65 189 6
65 189 6
65 189 6
65 189 6
65 189 6
65 189 6
65 189 6
65 189 6
65 189 6
65 189 6
65 189 6
65 189 6
65 189 6
65 189 6
65 189 6
65 189 6
65 189 6
65 189 6
65 189 6
65 189 6
65 189 6
65 189 6
65 189 6
65 189 6
65 189 6
65 189 6
65 189 6
65 189 6
65 189 6
65 189 6
65 189 6
65 189 6
65 189 6
65 189 6
65 189 6
65 189 6
65 189 6
65 189 6
65 189 6
65 189 6
65 189 6
65 189 6
65 189 6
65 189 6
65 189 6
65 189 6
65 189 6
65 189 6
65 189 6
65 189 6
65 189 6
65 189 6
65 189 6
65 189 6
65 189 6
65 189 6
65 189 6
65 189 6
65 189 6
65 189 6
65 189 6
65 189 6
65 189 6
65 189 6
65 189 6
65 189 6
19 6 16
19 6 6
19 6 6
19 6 6
19 6 6
19 6 6
19 6 6
19 6 6
19 6 6
19 6 6
19 6 6
19 6 6
19 6 6
19 6 6
19 6 6
19 6 6
19 6 6
19 6 6
19 6 6
19 6 6
19 6 6
19 6 6
19 6 6
19 6 6
19 6 6
19 6 6
19 6 6
19 6 6
19 6 6
19 6 6
19 6 6
19 6 6
19 6 6
18 16 16
18 16 6
18 16 6
18 16 6
18 16 6
18 16 6
18 16 6
18 16 6
18 16 6
18 16 6
18 16 6
18 16 6
18 16 6
18 16 6
18 16 6
18 16 6
18 16 6
18 16 6
18 16 6
18 16 6
18 16 6
18 16 6
18 16 6
18 16 6
18 16 6
18 16 6
18 16 6
9 11 16
9 11 6
9 11 6
9 11 6
9 11 6
9 11 6
9 11 6
9 11 6
9 11 6
9 11 6
9 11 6
9 11 6
9 11 6
9 11 6
9 11 6
9 11 6
9 11 6
9 11 6
9 11 6
9 11 6
9 11 6
9 11 6
9 11 6
9 11 6
9 11 6
9 11 6
9 11 6
9 11 6
9 11 6
9 11 6
9 11 6
9 11 6
9 11 6
9 11 6
9 11 6
9 11 6
9 11 6
9 11 6
9 11 6
9 11 6
9 11 6
9 11 6
9 11 6
9 11 6
9 11 6
9 11 6
9 11 6
9 11 6
9 11 6
9 11 6
9 11 6
9 11 6
9 11 6
9 11 6
9 11 6
9 11 6
9 11 6
9 11 6
9 11 6
9 11 6
9 11 6
9 11 6
9 11 6
9 11 6
9 11 6
9 11 6
9 11 6
9 11 6
9 11 6
9 11 6
9 11 6
9 11 6
9 11 6
9 11 6
9 11 6
9 11 6
9 11 6
9 11 6
9 11 6
9 11 6
9 11 6
9 11 6
9 11 6
9 11 6
9 11 6
9 11 6
9 11 6
9 11 6
9 11 6
9 11 6
9 11 6
9 11 6
9 11 6
9 11 6
9 11 6
9 11 6
9 11 6
9 11 6
9 11 6
9 11 6
9 11 6
9 11 6
9 11 6
9 11 6
9 11 6
9 11 6
9 11 6
9 11 6
9 11 6
9 11 6
9 11 6
9 11 6
9 11 6
9 11 6
9 11 6
9 11 6
9 11 6
9 11 6
9 11 6
9 11 6
9 11 6
9 11 6
9 11 6
9 11 6
9 11 6
9 11 6
9 11 6
9 11 6
9 11 6
9 11 6
9 11 6
9 11 6
9 11 6
9 11 6
9 11 6
9 11 6
9 11 6
9 11 6
9 11 6
9 11 6
9 11 6
9 11 6
9 11 6
9 11 6
9 11 6
9 11 6
9 11 6
9 11 6
9 11 6
9 11 6
9 11 6
9 11 6
9 11 6
9 11 6
9 11 6
9 11 6
9 11 6
9 11 6
9 11 6
9 11 6
9 11 6
9 11 6
9 11 6
9 11 6
9 11 6
9 11 6
9 11 6
9 11 6
9 11 6
9 11 6
9 11 6
9 11 6
9 11 6
9 11 6
9 11 6
9 11 6
9 11 6
9 11 6
9 11 6
9 11 6
9 11 6
9 11 6
9 11 6
9 11 6
9 11 6
9 11 6
9 11 6
9 11 6
9 11 6
9 11 6
9 11 6
9 11 6
9 11 6
9 11 6
9 11 6
9 11 6
9 11 6
9 11 6
9 11 6
70 14 16
70 14 6
70 14 6
70 14 6
70 14 6
70 14 6
70 14 6
70 14 6
70 14 6
70 14 6
70 14 6
70 14 6
70 14 6
70 14 6
70 14 6
70 14 6
70 14 6
70 14 6
70 14 6
70 14 6
70 14 6
70 14 6
70 14 6
70 14 6
70 14 6
70 14 6
70 14 6
70 14 6
70 14 6
70 14 6
70 14 6
70 14 6
70 14 6
70 14 6
70 14 6
70 14 6
70 14 6
70 14 6
70 14 6
70 14 6
70 14 6
70 14 6
70 14 6
70 14 6
70 14 6
70 14 6
70 14 6
70 14 6
70 14 6
70 14 6
70 14 6
70 14 6
70 14 6
70 14 6
70 14 6
70 14 6
70 14 6
70 14 6
70 14 6
70 14 6
70 14 6
70 14 6
70 14 6
70 14 6
70 14 6
70 14 6
70 14 6
70 14 6
70 14 6
70 14 6
70 14 6
70 14 6
70 14 6
70 14 6
70 14 6
70 14 6
70 14 6
70 14 6
70 14 6
70 14 6
70 14 6
70 14 6
70 14 6
70 14 6
70 14 6
70 14 6
70 14 6
70 14 6
70 14 6
70 14 6
70 14 6
70 14 6
70 14 6
70 14 6
70 14 6
70 14 6
70 14 6
70 14 6
70 14 6
70 14 6
70 14 6
70 14 6
70 14 6
70 14 6
70 14 6
70 14 6
70 14 6
70 14 6
70 14 6
70 14 6
70 14 6
70 14 6
70 14 6
70 14 6
70 14 6
70 14 6
70 14 6
70 14 6
70 14 6
70 14 6
70 14 6
70 14 6
70 14 6
70 14 6
70 14 6
70 14 6
70 14 6
70 14 6
70 14 6
70 14 6
70 14 6
70 14 6
70 14 6
70 14 6
70 14 6
70 14 6
70 14 6
70 14 6
70 14 6
70 14 6
70 14 6
70 14 6
70 14 6
70 14 6
70 14 6
70 14 6
70 14 6
70 14 6
70 14 6
70 14 6
70 14 6
70 14 6
70 14 6
70 14 6
70 14 6
70 14 6
70 14 6
70 14 6
70 14 6
70 14 6
70 14 6
70 14 6
70 14 6
70 14 6
70 14 6
70 14 6
70 14 6
70 14 6
70 14 6
70 14 6
70 14 6
70 14 6
70 14 6
70 14 6
70 14 6
70 14 6
70 14 6
70 14 6
70 14 6
70 14 6
70 14 6
70 14 6
70 14 6
70 14 6
70 14 6
70 14 6
70 14 6
70 14 6
70 14 6
70 14 6
70 14 6
70 14 6
70 14 6
70 14 6
70 14 6
70 14 6
70 14 6
70 14 6
70 14 6
70 14 6
70 14 6
70 14 6
70 14 6
70 14 6
70 14 6
70 14 6
70 14 6
70 14 6
70 14 6
70 14 6
115 105 16
115 105 6
115 105 6
115 105 6
115 105 6
115 105 6
115 105 6
115 105 6
115 105 6
115 105 6
115 105 6
115 105 6
115 105 6
115 105 6
115 105 6
115 105 6
115 105 6
115 105 6
115 105 6
115 105 6
115 105 6
115 105 6
115 105 6
115 105 6
115 105 6
115 105 6
115 105 6
115 105 6
115 105 6
115 105 6
115 105 6
115 105 6
115 105 6
115 105 6
115 105 6
115 105 6
115 105 6
115 105 6
115 105 6
115 105 6
115 105 6
115 105 6
115 105 6
115 105 6
115 105 6
115 105 6
115 105 6
115 105 6
115 105 6
115 105 6
115 105 6
115 105 6
115 105 6
115 105 6
115 105 6
115 105 6
115 105 6
115 105 6
115 105 6
115 105 6
115 105 6
115 105 6
115 105 6
115 105 6
64 178 16
64 178 6
64 178 6
64 178 6
64 178 6
64 178 6
64 178 6
64 178 6
64 178 6
64 178 6
64 178 6
64 178 6
64 178 6
64 178 6
64 178 6
64 178 6
64 178 6
64 178 6
64 178 6
64 178 6
64 178 6
64 178 6
64 178 6
64 178 6
64 178 6
64 178 6
64 178 6
64 178 6
64 178 6
64 178 6
64 178 6
64 178 6
64 178 6
64 178 6
64 178 6
64 178 6
64 178 6
64 178 6
64 178 6
64 178 6
64 178 6
64 178 6
64 178 6
64 178 6
64 178 6
64 178 6
64 178 6
64 178 6
64 178 6
64 178 6
64 178 6
64 178 6
64 178 6
64 178 6
64 178 6
64 178 6
64 178 6
64 178 6
64 178 6
73 172 16
73 172 6
73 172 6
73 172 6
73 172 6
73 172 6
73 172 6
73 172 6
73 172 6
73 172 6
73 172 6
73 172 6
73 172 6
73 172 6
73 172 6
73 172 6
73 172 6
73 172 6
73 172 6
73 172 6
73 172 6
73 172 6
73 172 6
73 172 6
73 172 6
73 172 6
73 172 6
73 172 6
73 172 6
73 172 6
73 172 6
73 172 6
73 172 6
73 172 6
73 172 6
73 172 6
73 172 6
73 172 6
73 172 6
73 172 6
73 172 6
73 172 6
73 172 6
73 172 6
73 172 6
73 172 6
73 172 6
73 172 6
73 172 6
73 172 6
73 172 6
73 172 6
73 172 6
73 172 6
73 172 6
73 172 6
73 172 6
73 172 6
73 172 6
73 172 6
73 172 6
73 172 6
73 172 6
73 172 6
73 172 6
73 172 6
73 172 6
73 172 6
73 172 6
73 172 6
73 172 6
73 172 6
73 172 6
73 172 6
73 172 6
73 172 6
73 172 6
73 172 6
73 172 6
73 172 6
73 172 6
73 172 6
73 172 6
73 172 6
73 172 6
73 172 6
73 172 6
73 172 6
73 172 6
73 172 6
73 172 6
73 172 6
73 172 6
73 172 6
73 172 6
73 172 6
73 172 6
73 172 6
73 172 6
73 172 6
73 172 6
73 172 6
63 167 16
63 167 6
63 167 6
63 167 6
63 167 6
63 167 6
63 167 6
63 167 6
63 167 6
63 167 6
63 167 6
63 167 6
63 167 6
63 167 6
63 167 6
63 167 6
63 167 6
63 167 6
63 167 6
63 167 6
63 167 6
63 167 6
63 167 6
63 167 6
63 167 6
63 167 6
63 167 6
63 167 6
63 167 6
63 167 6
63 167 6
63 167 6
63 167 6
63 167 6
63 167 6
63 167 6
63 167 6
63 167 6
63 167 6
63 167 6
63 167 6
63 167 6
63 167 6
63 167 6
63 167 6
63 167 6
63 167 6
63 167 6
63 167 6
63 167 6
63 167 6
63 167 6
63 167 6
63 167 6
63 167 6
63 167 6
63 167 6
63 167 6
63 167 6
63 167 6
63 167 6
63 167 6
63 167 6
63 167 6
63 167 6
63 167 6
63 167 6
63 167 6
63 167 6
63 167 6
63 167 6
63 167 6
63 167 6
63 167 6
63 167 6
63 167 6
63 167 6
63 167 6
63 167 6
63 167 6
63 167 6
63 167 6
63 167 6
63 167 6
63 167 6
63 167 6
63 167 6
63 167 6
63 167 6
63 167 6
63 167 6
63 167 6
63 167 6
63 167 6
63 167 6
63 167 6
63 167 6
63 167 6
63 167 6
63 167 6
63 167 6
63 167 6
63 167 6
63 167 6
63 167 6
63 167 6
63 167 6
63 167 6
63 167 6
63 167 6
63 167 6
63 167 6
63 167 6
63 167 6
70 116 15
70 116 6
70 117 15
70 117 6
70 118 15
70 118 6
70 119 15
70 119 6
70 120 15
70 120 6
70 121 15
70 121 6
70 122 15
70 122 6
70 123 15
70 123 6
70 124 15
70 124 6
70 125 15
70 126 15
70 127 15
70 128 15
71 129 15
71 130 15
71 131 15
72 131 15
72 132 15
73 132 15
74 132 15
74 133 15
75 133 15
76 133 15
77 133 15
78 133 15
79 133 15
80 133 15
81 134 15
81 135 15
81 136 15
81 137 15
81 138 15
81 139 15
81 140 15
81 141 15
81 142 15
81 143 15
80 144 15
79 144 15
78 144 15
77 144 15
76 144 15
75 144 15
75 145 27
75 146 41
75 147 50
75 148 54
75 149 51
75 150 42
75 151 27
75 152 15
74 152 15
73 152 15
73 153 15
72 153 15
72 154 15
71 154 15
71 155 15
71 156 15
71 157 15
70 157 15
69 157 15
69 158 15
68 158 15
68 158 6
67 158 15
67 158 6
66 158 15
66 158 6
66 158 6
65 158 15
65 158 6
65 158 6
65 158 6
65 158 6
65 159 66
65 160 134
65 161 208
65 162 284
65 163 358
65 164 427
65 165 488
65 166 539
65 167 577
64 167 626
63 168 691
63 168 6
63 168 6
63 168 6
63 168 6
63 168 6
63 168 6
63 168 6
63 168 6
63 168 6
63 168 6
63 168 6
63 169 674
63 169 6
63 169 6
63 169 6
63 169 6
63 169 6
63 169 6
63 169 6
63 169 6
63 169 6
63 169 6
63 169 6
63 169 6
63 169 6
63 169 6
63 169 6
63 169 6
63 169 6
63 169 6
63 169 6
63 169 6
63 170 643
63 170 6
63 170 6
63 170 6
63 170 6
63 170 6
63 170 6
63 170 6
63 170 6
63 170 6
63 170 6
63 170 6
63 170 6
63 170 6
63 170 6
63 170 6
63 170 6
63 170 6
63 170 6
63 170 6
63 170 6
63 170 6
63 170 6
63 170 6
63 170 6
63 170 6
63 170 6
63 170 6
63 171 601
63 171 6
63 171 6
63 171 6
63 171 6
63 171 6
63 171 6
63 171 6
63 171 6
63 171 6
63 171 6
63 171 6
63 171 6
63 171 6
63 171 6
63 171 6
63 171 6
63 171 6
63 171 6
63 171 6
63 171 6
63 171 6
63 171 6
63 171 6
63 171 6
63 171 6
63 171 6
63 171 6
63 171 6
63 171 6
63 171 6
63 172 552
63 172 6
63 172 6
63 172 6
63 172 6
63 172 6
63 172 6
63 172 6
63 172 6
63 172 6
63 172 6
63 172 6
63 172 6
63 172 6
63 172 6
63 172 6
63 172 6
63 172 6
63 172 6
63 172 6
63 172 6
63 172 6
63 172 6
63 172 6
63 172 6
63 172 6
63 172 6
63 172 6
63 172 6
63 172 6
63 172 6
63 173 499
63 173 6
63 173 6
63 173 6
63 173 6
63 173 6
63 173 6
63 173 6
63 173 6
63 173 6
63 173 6
63 173 6
63 173 6
63 173 6
63 173 6
63 173 6
63 173 6
63 173 6
63 173 6
63 173 6
63 173 6
63 173 6
63 173 6
63 173 6
63 173 6
63 173 6
63 173 6
63 174 445
63 174 6
63 174 6
63 174 6
63 174 6
63 174 6
63 174 6
63 174 6
63 174 6
63 174 6
63 174 6
63 174 6
63 174 6
63 174 6
63 174 6
63 174 6
63 174 6
63 174 6
63 174 6
63 174 6
63 174 6
63 174 6
63 174 6
63 175 395
63 175 6
63 175 6
63 175 6
63 175 6
63 175 6
63 175 6
63 175 6
63 175 6
63 175 6
63 175 6
63 175 6
63 175 6
63 175 6
63 175 6
63 175 6
63 175 6
63 175 6
63 176 352
63 176 6
63 176 6
63 176 6
63 176 6
63 176 6
63 176 6
63 176 6
63 176 6
63 176 6
63 176 6
63 176 6
63 176 6
63 177 318
63 177 6
63 177 6
63 177 6
63 177 6
63 177 6
63 177 6
63 177 6
63 177 6
63 177 6
62 177 278
62 177 6
62 177 6
62 177 6
62 177 6
62 177 6
62 177 6
62 177 6
62 177 6
62 177 6
62 177 6
62 177 6
62 177 6
62 178 250
62 178 6
62 178 6
62 178 6
62 178 6
62 178 6
62 178 6
62 178 6
62 178 6
62 178 6
62 178 6
61 178 221
61 178 6
61 178 6
61 178 6
61 178 6
61 178 6
61 178 6
61 178 6
61 178 6
61 178 6
61 178 6
61 178 6
61 178 6
61 178 6
61 178 6
61 179 201
61 179 6
61 179 6
61 179 6
61 179 6
61 179 6
61 179 6
61 179 6
61 179 6
61 179 6
61 179 6
61 179 6
61 179 6
61 179 6
60 179 184
60 179 6
60 179 6
60 179 6
60 179 6
60 179 6
60 179 6
60 179 6
60 179 6
60 179 6
60 179 6
60 179 6
60 179 6
60 179 6
60 179 6
60 179 6
60 179 6
60 180 175
60 180 6
60 180 6
60 180 6
60 180 6
60 180 6
60 180 6
60 180 6
60 180 6
60 180 6
60 180 6
60 180 6
60 180 6
60 180 6
60 180 6
59 180 167
59 180 6
59 180 6
59 180 6
59 180 6
59 180 6
59 180 6
59 180 6
59 180 6
59 180 6
59 180 6
59 180 6
59 180 6
59 180 6
59 180 6
59 180 6
59 180 6
59 181 167
59 181 6
59 181 6
59 181 6
59 181 6
59 181 6
59 181 6
59 181 6
59 181 6
59 181 6
59 181 6
59 181 6
59 181 6
59 181 6
59 181 6
58 181 165
58 181 6
58 181 6
58 181 6
58 181 6
58 181 6
58 181 6
58 181 6
58 181 6
58 181 6
58 181 6
58 181 6
58 181 6
58 181 6
58 181 6
58 181 6
57 181 171
57 181 6
57 181 6
57 181 6
57 181 6
57 181 6
57 181 6
57 181 6
57 181 6
57 181 6
57 181 6
57 181 6
57 181 6
57 181 6
56 181 181
56 181 6
56 181 6
56 181 6
56 181 6
56 181 6
56 181 6
56 181 6
56 181 6
55 181 192
55 181 6
55 181 6
54 181 202
53 181 209
52 181 211
51 181 208
50 181 200
49 181 186
48 181 169
47 181 149
46 181 128
46 181 6
45 181 108
45 181 6
45 181 6
45 181 6
45 181 6
45 181 6
45 181 6
45 181 6
44 181 89
44 181 6
44 181 6
44 181 6
44 181 6
44 181 6
44 181 6
44 181 6
44 181 6
44 181 6
44 181 6
44 181 6
44 181 6
44 181 6
43 181 74
43 181 6
43 181 6
43 181 6
43 181 6
43 181 6
43 181 6
43 181 6
43 181 6
43 181 6
43 181 6
43 181 6
43 181 6
43 181 6
43 181 6
43 181 6
43 181 6
43 181 6
42 181 64
42 181 6
42 181 6
42 181 6
42 181 6
42 181 6
42 181 6
42 181 6
42 181 6
42 181 6
42 181 6
42 181 6
42 181 6
42 181 6
42 181 6
42 181 6
42 181 6
42 181 6
42 181 6
42 181 6
42 181 6
41 181 57
41 181 6
41 181 6
41 181 6
41 181 6
41 181 6
41 181 6
41 181 6
41 181 6
41 181 6
41 181 6
41 181 6
41 181 6
41 181 6
41 181 6
41 181 6
41 181 6
41 181 6
41 181 6
41 181 6
41 181 6
41 181 6
40 181 56
40 181 6
40 181 6
40 181 6
40 181 6
40 181 6
40 181 6
40 181 6
40 181 6
40 181 6
40 181 6
40 181 6
40 181 6
40 181 6
40 181 6
40 181 6
40 181 6
40 181 6
40 181 6
40 181 6
40 181 6
40 180 51
40 180 6
40 180 6
40 180 6
40 180 6
40 180 6
40 180 6
40 180 6
40 180 6
40 180 6
40 180 6
40 180 6
40 180 6
40 180 6
40 180 6
40 180 6
40 180 6
40 180 6
40 180 6
40 180 6
40 180 6
40 180 6
40 180 6
40 180 6
39 180 49
39 180 6
39 180 6
39 180 6
39 180 6
39 180 6
39 180 6
39 180 6
39 180 6
39 180 6
39 180 6
39 180 6
39 180 6
39 180 6
39 180 6
39 180 6
39 180 6
39 180 6
39 180 6
39 180 6
39 180 6
39 180 6
38 180 51
38 180 6
38 180 6
38 180 6
38 180 6
38 180 6
38 180 6
38 180 6
38 180 6
38 180 6
38 180 6
38 180 6
38 180 6
38 180 6
38 180 6
38 180 6
38 180 6
38 180 6
38 179 49
38 179 6
38 179 6
38 179 6
38 179 6
38 179 6
38 179 6
38 179 6
38 179 6
38 179 6
38 179 6
38 179 6
38 179 6
38 179 6
38 179 6
38 179 6
38 179 6
38 179 6
38 179 6
38 179 6
37 179 49
37 179 6
37 179 6
37 179 6
37 179 6
37 179 6
37 179 6
37 179 6
37 179 6
37 179 6
37 179 6
37 179 6
37 179 6
37 179 6
37 179 6
37 179 6
37 179 6
36 179 51
36 179 6
36 179 6
36 179 6
36 179 6
36 179 6
36 179 6
36 179 6
36 179 6
36 179 6
36 179 6
36 179 6
36 179 6
36 179 6
35 179 53
35 179 6
35 179 6
35 179 6
35 179 6
35 179 6
35 179 6
35 179 6
35 179 6
35 179 6
35 179 6
35 178 55
35 178 6
35 178 6
35 178 6
35 178 6
35 178 6
35 178 6
35 178 6
35 178 6
35 178 6
35 178 6
35 178 6
35 178 6
34 178 54
34 178 6
34 178 6
34 178 6
34 178 6
34 178 6
34 178 6
34 178 6
34 178 6
34 178 6
34 178 6
33 178 53
33 178 6
33 178 6
33 178 6
33 178 6
33 178 6
33 178 6
33 178 6
33 178 6
33 178 6
32 178 51
32 178 6
32 178 6
32 178 6
32 178 6
32 178 6
32 178 6
32 178 6
32 178 6
32 178 6
31 178 48
31 178 6
31 178 6
31 178 6
31 178 6
31 178 6
31 178 6
31 178 6
31 178 6
31 178 6
30 178 43
30 178 6
30 178 6
30 178 6
30 178 6
30 178 6
30 178 6
30 178 6
30 178 6
29 178 36
29 178 6
29 178 6
29 178 6
29 178 6
29 178 6
29 178 6
29 178 6
29 178 6
28 178 29
28 178 6
28 178 6
28 178 6
28 178 6
28 178 6
28 178 6
28 178 6
27 178 22
27 178 6
27 178 6
27 178 6
27 178 6
27 178 6
27 178 6
26 178 15
26 178 6
26 178 6
26 178 6
26 178 6
26 178 6
25 178 15
25 178 6
25 178 6
25 178 6
25 177 15
25 177 6
25 177 6
25 177 6
25 177 6
25 176 15
25 176 6
25 176 6
25 176 6
25 176 6
25 176 6
24 176 15
24 176 6
24 176 6
24 176 6
24 175 15
24 175 6
24 175 6
24 175 6
24 175 6
23 175 15
23 175 6
23 175 6
22 175 15
22 175 6
21 175 15
21 175 6
20 175 15
19 175 15
18 174 15
18 173 15
18 172 15
18 171 15
18 171 6
18 170 15
18 170 6
17 170 15
16 170 15
15 170 15
14 170 15
13 170 15
12 170 15
11 170 15
10 170 15
9 122 15
9 122 6
9 122 6
9 122 6
9 122 6
9 122 6
8 122 15
8 122 6
8 122 6
8 122 6
7 122 15
7 122 6
7 122 6
7 123 15
7 123 6
7 123 6
7 124 15
7 124 6
7 124 6
7 124 6
7 125 15
7 125 6
7 125 6
7 125 6
7 125 6
6 125 15
6 125 6
6 125 6
6 125 6
5 125 15
5 125 6
5 125 6
4 125 15
4 125 6
4 125 6
4 126 15
4 126 6
4 126 6
4 127 15
4 127 6
4 127 6
4 127 6
4 128 15
4 128 6
4 128 6
4 128 6
4 129 16
4 129 6
4 129 6
4 129 6
4 129 6
4 130 39
4 131 57
4 132 71
4 133 78
4 134 78
4 135 72
4 135 6
4 136 60
4 136 6
4 136 6
4 136 6
4 136 6
4 136 6
4 136 6
4 137 43
4 137 6
4 137 6
4 137 6
4 137 6
4 137 6
4 137 6
4 137 6
4 137 6
4 137 6
4 137 6
4 137 6
4 138 23
4 138 6
4 138 6
4 138 6
4 138 6
4 138 6
4 138 6
4 138 6
4 138 6
4 138 6
4 138 6
4 138 6
4 138 6
4 138 6
4 138 6
4 138 6
4 138 6
4 138 6
4 139 15
4 139 6
4 139 6
4 139 6
4 139 6
4 139 6
4 139 6
4 139 6
4 139 6
4 139 6
4 139 6
4 139 6
4 139 6
4 139 6
4 139 6
4 139 6
4 139 6
4 139 6
4 139 6
4 139 6
4 139 6
4 140 15
4 140 6
4 140 6
4 140 6
4 140 6
4 140 6
4 140 6
4 140 6
4 140 6
4 140 6
4 140 6
4 140 6
4 140 6
4 140 6
4 140 6
4 140 6
4 140 6
4 140 6
4 140 6
4 140 6
4 140 6
4 140 6
4 141 15
4 141 6
4 141 6
4 141 6
4 141 6
4 141 6
4 141 6
4 141 6
4 141 6
4 141 6
4 141 6
4 141 6
4 141 6
4 141 6
4 141 6
4 141 6
4 141 6
4 141 6
4 141 6
4 141 6
4 141 6
4 141 6
4 142 15
4 142 6
4 142 6
4 142 6
4 142 6
4 142 6
4 142 6
4 142 6
4 142 6
4 142 6
4 142 6
4 142 6
4 142 6
4 142 6
4 142 6
4 142 6
4 142 6
4 142 6
4 142 6
4 142 6
4 142 6
4 143 15
4 143 6
4 143 6
4 143 6
4 143 6
4 143 6
4 143 6
4 143 6
4 143 6
4 143 6
4 143 6
4 143 6
4 143 6
4 143 6
4 143 6
4 143 6
4 143 6
4 143 6
4 143 6
4 143 6
4 144 15
4 144 6
4 144 6
4 144 6
4 144 6
4 144 6
4 144 6
4 144 6
4 144 6
4 144 6
4 144 6
4 144 6
4 144 6
4 144 6
4 144 6
4 144 6
4 144 6
4 144 6
4 144 6
4 145 15
4 145 6
4 145 6
4 145 6
4 145 6
4 145 6
4 145 6
4 145 6
4 145 6
4 145 6
4 145 6
4 145 6
4 145 6
4 145 6
4 145 6
4 145 6
4 145 6
4 146 15
4 146 6
4 146 6
4 146 6
4 146 6
4 146 6
4 146 6
4 146 6
4 146 6
4 146 6
4 146 6
4 146 6
4 146 6
4 146 6
4 147 15
4 147 6
4 147 6
4 147 6
4 147 6
4 147 6
4 147 6
4 147 6
4 147 6
4 147 6
4 147 6
4 147 6
5 147 15
5 147 6
5 147 6
5 147 6
5 147 6
5 147 6
5 147 6
5 147 6
5 147 6
5 147 6
5 147 6
5 147 6
5 147 6
5 147 6
5 147 6
5 147 6
5 148 15
5 148 6
5 148 6
5 148 6
5 148 6
5 148 6
5 148 6
5 148 6
5 148 6
5 148 6
5 148 6
5 148 6
5 148 6
5 148 6
6 148 15
6 148 6
6 148 6
6 148 6
6 148 6
6 148 6
6 148 6
6 148 6
6 148 6
6 148 6
6 148 6
6 148 6
6 148 6
6 148 6
6 148 6
6 148 6
6 148 6
6 148 6
6 149 15
6 149 6
6 149 6
6 149 6
6 149 6
6 149 6
6 149 6
6 149 6
6 149 6
6 149 6
6 149 6
6 149 6
6 149 6
6 149 6
6 149 6
6 150 15
6 150 6
6 150 6
6 150 6
6 150 6
6 150 6
6 150 6
6 150 6
6 150 6
6 150 6
6 150 6
6 150 6
6 150 6
6 151 15
6 151 6
6 151 6
6 151 6
6 151 6
6 151 6
6 151 6
6 151 6
6 151 6
6 151 6
6 151 6
6 152 15
6 152 6
6 152 6
6 152 6
6 152 6
6 152 6
6 152 6
6 152 6
6 152 6
6 152 6
6 153 15
6 153 6
6 153 6
6 153 6
6 153 6
6 153 6
6 153 6
6 153 6
6 154 15
6 154 6
6 154 6
6 154 6
6 154 6
6 154 6
6 154 6
6 155 15
6 155 6
6 155 6
6 155 6
6 155 6
6 155 6
6 156 15
6 156 6
6 156 6
6 156 6
6 156 6
7 156 15
7 156 6
7 156 6
7 156 6
7 156 6
7 156 6
7 156 6
7 157 15
7 157 6
7 157 6
7 157 6
7 157 6
8 157 15
8 157 6
8 157 6
8 157 6
8 157 6
8 157 6
8 157 6
8 158 15
8 158 6
8 158 6
8 158 6
8 158 6
8 159 15
8 159 6
8 159 6
8 159 6
8 160 15
8 160 6
8 160 6
8 161 15
8 161 6
8 162 15
8 163 15
8 164 15
8 165 15
8 166 15
8 167 15
8 168 15
9 168 15
9 169 15
10 121 24
10 121 6
10 121 6
10 121 6
10 121 6
10 120 15
10 120 6
10 120 6
10 120 6
10 120 6
10 119 15
10 119 6
10 119 6
10 118 15
10 118 6
11 118 15
11 118 6
11 118 6
11 118 6
11 117 15
11 117 6
11 117 6
11 116 15
11 116 6
11 115 15
11 115 6
11 114 15
11 113 15
11 112 15
11 111 15
11 111 6
11 110 15
11 110 6
11 109 15
11 109 6
17 68 15
17 69 15
17 70 15
17 71 15
17 72 15
17 73 15
17 74 15
17 74 6
17 75 15
17 75 6
17 75 6
17 76 15
17 76 6
17 76 6
17 76 6
17 77 15
17 77 6
17 77 6
17 77 6
17 77 6
17 78 15
17 78 6
17 78 6
17 78 6
17 78 6
17 78 6
16 79 15
16 79 6
16 79 6
16 79 6
16 79 6
16 79 6
16 79 6
15 79 15
15 79 6
15 79 6
15 79 6
15 79 6
15 79 6
15 80 15
15 80 6
15 80 6
15 80 6
15 80 6
15 80 6
15 80 6
14 80 15
14 80 6
14 80 6
14 80 6
14 80 6
14 80 6
14 81 15
14 81 6
14 81 6
14 81 6
14 81 6
14 81 6
14 81 6
13 81 15
13 81 6
13 81 6
13 81 6
13 81 6
13 81 6
13 81 6
12 81 15
12 81 6
12 81 6
12 81 6
12 81 6
12 81 6
12 81 6
12 82 15
12 82 6
12 82 6
12 82 6
12 82 6
12 82 6
12 82 6
12 82 6
11 82 15
11 82 6
11 82 6
11 82 6
11 82 6
11 82 6
11 82 6
11 82 6
11 83 15
11 83 6
11 83 6
11 83 6
11 83 6
11 83 6
11 83 6
11 83 6
11 83 6
10 83 15
10 83 6
10 83 6
10 83 6
10 83 6
10 83 6
10 83 6
10 83 6
10 83 6
10 83 6
9 83 15
9 83 6
9 83 6
9 83 6
9 83 6
9 83 6
9 83 6
9 83 6
9 83 6
9 83 6
9 83 6
9 83 6
9 84 24
9 84 6
9 84 6
9 84 6
9 84 6
9 84 6
9 84 6
9 84 6
9 84 6
9 84 6
9 84 6
9 84 6
9 86 188
9 87 273
9 88 354
9 89 425
9 90 482
9 91 523
9 92 546
9 93 548
9 94 533
9 95 500
9 96 454
9 98 336
9 98 6
9 98 6
9 98 6
9 98 6
9 98 6
9 98 6
9 99 273
9 99 6
9 99 6
9 99 6
9 99 6
9 99 6
9 99 6
9 99 6
9 99 6
9 99 6
9 100 212
9 100 6
9 100 6
9 100 6
9 100 6
9 100 6
9 100 6
9 100 6
9 100 6
9 100 6
9 101 158
9 101 6
9 101 6
9 101 6
9 101 6
9 101 6
9 101 6
9 101 6
9 102 112
9 102 6
9 102 6
9 102 6
9 102 6
9 102 6
9 102 6
9 103 76
9 103 6
9 103 6
9 103 6
9 103 6
9 104 51
9 104 6
9 104 6
9 104 6
9 105 36
9 105 6
9 105 6
10 105 26
10 105 6
10 105 6
10 105 6
10 105 6
10 106 16
10 106 6
10 106 6
10 106 6
10 106 6
10 107 15
10 107 6
10 107 6
10 107 6
10 108 16
10 108 6
10 108 6
18 67 15
19 67 15
20 67 15
20 66 15
21 66 15
22 66 15
23 66 15
23 65 15
23 64 15
24 64 15
24 63 15
25 63 15
26 63 15
59 30 15
59 30 6
59 30 6
58 30 15
58 30 6
57 30 15
57 30 6
57 31 15
57 31 6
56 31 15
56 31 6
56 32 15
56 32 6
56 33 15
56 33 6
55 33 15
55 33 6
54 33 15
54 33 6
53 33 15
53 33 6
53 34 15
53 34 6
52 34 15
52 34 6
51 34 15
50 34 15
49 35 15
49 36 15
49 36 6
49 37 15
49 37 6
49 38 15
49 38 6
49 39 15
49 39 6
49 39 6
49 40 15
49 40 6
49 40 6
49 41 15
49 41 6
49 41 6
49 41 6
48 41 15
48 41 6
48 41 6
48 42 18
48 42 6
48 42 6
48 43 24
48 43 6
47 44 15
47 44 6
47 44 6
46 44 15
46 44 6
46 45 15
46 45 6
45 45 15
45 45 6
44 45 15
44 45 6
43 45 15
43 46 15
43 46 6
42 46 15
42 47 15
41 47 15
40 47 15
39 47 15
38 47 15
38 48 15
37 49 15
37 50 15
37 51 15
37 52 15
37 53 15
37 54 15
37 55 15
37 56 15
37 57 15
37 57 6
37 58 15
37 58 6
36 59 15
36 59 6
36 60 15
36 60 6
36 61 15
36 61 6
36 61 6
36 62 15
36 62 6
36 62 6
36 63 15
36 63 6
36 63 6
36 63 6
35 63 15
35 63 6
35 63 6
34 63 15
34 63 6
34 63 6
33 63 15
33 63 6
32 63 15
32 63 6
31 63 15
31 63 6
30 63 15
30 63 6
29 63 15
29 63 6
28 63 15
28 63 6
27 63 15
27 63 6
8 170 15
7 170 15
6 170 15
5 170 15
4 170 15
3 170 15
3 171 15
3 172 15
3 173 15
3 174 15
2 174 15
2 175 15
1 175 15
1 176 15
112 128 119
112 129 98
112 129 6
112 130 82
112 130 6
112 130 6
112 131 70
112 131 6
112 131 6
112 131 6
112 132 63
112 132 6
112 132 6
112 132 6
112 132 6
111 132 56
111 132 6
111 132 6
111 132 6
111 133 49
111 133 6
111 133 6
111 133 6
111 133 6
110 133 40
110 133 6
110 133 6
110 133 6
110 133 6
110 134 34
110 134 6
110 134 6
110 134 6
110 134 6
109 134 25
109 134 6
109 134 6
109 134 6
109 134 6
108 134 18
108 134 6
108 134 6
108 134 6
108 134 6
107 134 15
107 134 6
107 134 6
107 134 6
107 134 6
106 134 15
106 134 6
106 134 6
106 134 6
105 134 15
105 134 6
105 134 6
104 134 15
104 134 6
104 134 6
103 134 15
103 134 6
103 134 6
102 134 15
102 134 6
101 134 15
101 134 6
100 134 15
100 134 6
99 134 15
99 134 6
98 134 15
98 134 6
97 134 15
97 134 6
96 134 15
96 134 6
95 134 15
95 134 6
94 134 15
93 134 15
92 134 15
91 134 15
90 134 15
89 134 15
88 134 15
87 134 15
86 134 15
85 134 15
84 134 15
83 134 15
82 134 15
113 127 119
113 127 6
113 127 6
113 127 6
113 127 6
113 127 6
113 127 6
113 127 6
113 127 6
114 127 97
114 127 6
114 127 6
114 127 6
114 127 6
114 127 6
114 127 6
114 127 6
114 127 6
114 127 6
114 127 6
114 127 6
114 127 6
114 127 6
114 127 6
114 127 6
114 127 6
115 127 82
115 127 6
115 127 6
115 127 6
115 127 6
115 127 6
115 127 6
115 127 6
115 127 6
115 127 6
115 127 6
115 127 6
115 127 6
115 127 6
115 127 6
115 127 6
115 127 6
115 127 6
115 127 6
115 127 6
115 127 6
115 127 6
115 127 6
115 127 6
115 127 6
115 127 6
116 127 77
116 127 6
116 127 6
116 127 6
116 127 6
116 127 6
116 127 6
116 127 6
116 127 6
116 127 6
116 127 6
116 127 6
116 127 6
116 127 6
116 127 6
116 127 6
116 127 6
116 127 6
116 127 6
116 127 6
116 127 6
116 127 6
116 127 6
116 127 6
116 127 6
116 127 6
116 127 6
116 127 6
116 127 6
116 127 6
116 127 6
116 127 6
116 127 6
116 127 6
116 127 6
116 127 6
116 126 72
116 126 6
116 126 6
116 126 6
116 126 6
116 126 6
116 126 6
116 126 6
116 126 6
116 126 6
116 126 6
116 126 6
116 126 6
116 126 6
116 126 6
116 126 6
116 126 6
116 126 6
116 126 6
116 126 6
116 126 6
116 126 6
116 126 6
116 126 6
116 126 6
116 126 6
116 126 6
116 126 6
116 126 6
116 126 6
116 126 6
116 126 6
116 126 6
116 126 6
116 126 6
116 126 6
116 126 6
116 126 6
116 126 6
116 126 6
116 126 6
116 126 6
117 126 69
117 126 6
117 126 6
117 126 6
117 126 6
117 126 6
117 126 6
117 126 6
117 126 6
117 126 6
117 126 6
117 126 6
117 126 6
117 126 6
117 126 6
117 126 6
117 126 6
117 126 6
117 126 6
117 126 6
117 126 6
117 126 6
117 126 6
117 126 6
117 126 6
117 126 6
117 126 6
117 126 6
117 126 6
117 126 6
117 126 6
117 126 6
117 126 6
117 126 6
117 126 6
117 126 6
117 126 6
117 126 6
117 126 6
117 126 6
117 126 6
117 126 6
117 126 6
117 126 6
117 126 6
117 126 6
117 126 6
117 126 6
117 126 6
117 126 6
117 126 6
117 126 6
117 126 6
117 125 59
117 125 6
117 125 6
117 125 6
117 125 6
117 125 6
117 125 6
117 125 6
117 125 6
117 125 6
117 125 6
117 125 6
117 125 6
117 125 6
117 125 6
117 125 6
117 125 6
117 125 6
117 125 6
117 125 6
117 125 6
117 125 6
117 125 6
117 125 6
117 125 6
117 125 6
117 125 6
117 125 6
117 125 6
117 125 6
117 125 6
117 125 6
117 125 6
117 125 6
117 125 6
117 125 6
117 125 6
117 125 6
117 125 6
117 125 6
117 125 6
117 125 6
117 125 6
117 125 6
117 125 6
117 125 6
117 125 6
117 125 6
117 125 6
117 125 6
117 125 6
117 125 6
117 125 6
117 125 6
117 125 6
117 125 6
117 125 6
117 125 6
117 124 52
117 124 6
117 124 6
117 124 6
117 124 6
117 124 6
117 124 6
117 124 6
117 124 6
117 124 6
117 124 6
117 124 6
117 124 6
117 124 6
117 124 6
117 124 6
117 124 6
117 124 6
117 124 6
117 124 6
117 124 6
117 124 6
117 124 6
117 124 6
117 124 6
117 124 6
117 124 6
117 124 6
117 124 6
117 124 6
117 124 6
117 124 6
117 124 6
117 124 6
117 124 6
117 124 6
117 124 6
117 124 6
117 124 6
117 124 6
117 124 6
117 124 6
117 124 6
117 124 6
117 124 6
117 124 6
117 124 6
117 124 6
117 124 6
117 124 6
117 124 6
117 124 6
117 124 6
117 124 6
117 124 6
117 124 6
117 124 6
117 124 6
117 124 6
117 124 6
117 124 6
117 124 6
118 124 49
118 124 6
118 124 6
118 124 6
118 124 6
118 124 6
118 124 6
118 124 6
118 124 6
118 124 6
118 124 6
118 124 6
118 124 6
118 124 6
118 124 6
118 124 6
118 124 6
118 124 6
118 124 6
118 124 6
118 124 6
118 124 6
118 124 6
118 124 6
118 124 6
118 124 6
118 124 6
118 124 6
118 124 6
118 124 6
118 124 6
118 124 6
118 124 6
118 124 6
118 124 6
118 124 6
118 124 6
118 124 6
118 124 6
118 124 6
118 124 6
118 124 6
118 124 6
118 124 6
118 124 6
118 124 6
118 124 6
118 124 6
118 124 6
118 124 6
118 124 6
118 124 6
118 124 6
118 124 6
118 124 6
118 124 6
118 124 6
118 124 6
118 124 6
118 124 6
118 124 6
118 124 6
118 124 6
118 124 6
118 124 6
118 124 6
118 124 6
118 123 37
118 123 6
118 123 6
118 123 6
118 123 6
118 123 6
118 123 6
118 123 6
118 123 6
118 123 6
118 123 6
118 123 6
118 123 6
118 123 6
118 123 6
118 123 6
118 123 6
118 123 6
118 123 6
118 123 6
118 123 6
118 123 6
118 123 6
118 123 6
118 123 6
118 123 6
118 123 6
118 123 6
118 123 6
118 123 6
118 123 6
118 123 6
118 123 6
118 123 6
118 123 6
118 123 6
118 123 6
118 123 6
118 123 6
118 123 6
118 123 6
118 123 6
118 123 6
118 123 6
118 123 6
118 123 6
118 123 6
118 123 6
118 123 6
118 123 6
118 123 6
118 123 6
118 123 6
118 123 6
118 123 6
118 123 6
118 123 6
118 123 6
118 123 6
118 123 6
118 123 6
118 123 6
118 123 6
118 123 6
118 123 6
118 123 6
118 123 6
118 122 30
118 122 6
118 122 6
118 122 6
118 122 6
118 122 6
118 122 6
118 122 6
118 122 6
118 122 6
118 122 6
118 122 6
118 122 6
118 122 6
118 122 6
118 122 6
118 122 6
118 122 6
118 122 6
118 122 6
118 122 6
118 122 6
118 122 6
118 122 6
118 122 6
118 122 6
118 122 6
118 122 6
118 122 6
118 122 6
118 122 6
118 122 6
118 122 6
118 122 6
118 122 6
118 122 6
118 122 6
118 122 6
118 122 6
118 122 6
118 122 6
118 122 6
118 122 6
118 122 6
118 122 6
118 122 6
118 122 6
118 122 6
118 122 6
118 122 6
118 122 6
118 122 6
118 122 6
118 122 6
118 122 6
118 122 6
118 122 6
118 122 6
118 122 6
118 122 6
118 122 6
118 122 6
118 122 6
118 122 6
118 122 6
118 121 28
118 121 6
118 121 6
118 121 6
118 121 6
118 121 6
118 121 6
118 121 6
118 121 6
118 121 6
118 121 6
118 121 6
118 121 6
118 121 6
118 121 6
118 121 6
118 121 6
118 121 6
118 121 6
118 121 6
118 121 6
118 121 6
118 121 6
118 121 6
118 121 6
118 121 6
118 121 6
118 121 6
118 121 6
118 121 6
118 121 6
118 121 6
118 121 6
118 121 6
118 121 6
118 121 6
118 121 6
118 121 6
118 121 6
118 121 6
118 121 6
118 121 6
118 121 6
118 121 6
118 121 6
118 121 6
118 121 6
118 121 6
118 121 6
118 121 6
118 121 6
118 121 6
118 121 6
118 121 6
118 121 6
118 121 6
118 121 6
118 121 6
118 121 6
118 121 6
118 121 6
119 121 18
119 121 6
119 121 6
119 121 6
119 121 6
119 121 6
119 121 6
119 121 6
119 121 6
119 121 6
119 121 6
119 121 6
119 121 6
119 121 6
119 121 6
119 121 6
119 121 6
119 121 6
119 121 6
119 121 6
119 121 6
119 121 6
119 121 6
119 121 6
119 121 6
119 121 6
119 121 6
119 121 6
119 121 6
119 121 6
119 121 6
119 121 6
119 121 6
119 121 6
119 121 6
119 121 6
119 121 6
119 121 6
119 121 6
119 121 6
119 121 6
119 121 6
119 121 6
119 121 6
119 121 6
119 121 6
119 121 6
119 121 6
119 121 6
119 121 6
119 121 6
119 121 6
119 121 6
119 121 6
119 121 6
119 121 6
119 120 15
119 120 6
119 120 6
119 120 6
119 120 6
119 120 6
119 120 6
119 120 6
119 120 6
119 120 6
119 120 6
119 120 6
119 120 6
119 120 6
119 120 6
119 120 6
119 120 6
119 120 6
119 120 6
119 120 6
119 120 6
119 120 6
119 120 6
119 120 6
119 120 6
119 120 6
119 120 6
119 120 6
119 120 6
119 120 6
119 120 6
119 120 6
119 120 6
119 120 6
119 120 6
119 120 6
119 120 6
119 120 6
119 120 6
119 120 6
119 120 6
119 120 6
119 120 6
119 120 6
119 120 6
119 120 6
119 120 6
119 120 6
119 120 6
119 120 6
119 119 15
119 119 6
119 119 6
119 119 6
119 119 6
119 119 6
119 119 6
119 119 6
119 119 6
119 119 6
119 119 6
119 119 6
119 119 6
119 119 6
119 119 6
119 119 6
119 119 6
119 119 6
119 119 6
119 119 6
119 119 6
119 119 6
119 119 6
119 119 6
119 119 6
119 119 6
119 119 6
119 119 6
119 119 6
119 119 6
119 119 6
119 119 6
119 119 6
119 119 6
119 119 6
119 119 6
119 119 6
119 119 6
119 119 6
119 119 6
119 119 6
119 119 6
120 119 15
120 119 6
120 119 6
120 119 6
120 119 6
120 119 6
120 119 6
120 119 6
120 119 6
120 119 6
120 119 6
120 119 6
120 119 6
120 119 6
120 119 6
120 119 6
120 119 6
120 119 6
120 119 6
120 119 6
120 119 6
120 119 6
120 119 6
120 119 6
120 119 6
120 119 6
120 119 6
120 119 6
120 119 6
120 119 6
120 119 6
120 119 6
120 119 6
120 119 6
120 118 15
120 118 6
120 118 6
120 118 6
120 118 6
120 118 6
120 118 6
120 118 6
120 118 6
120 118 6
120 118 6
120 118 6
120 118 6
120 118 6
120 118 6
120 118 6
120 118 6
120 118 6
120 118 6
120 118 6
120 118 6
120 118 6
120 118 6
120 118 6
120 118 6
120 118 6
120 117 15
120 117 6
120 117 6
120 117 6
120 117 6
120 117 6
120 117 6
120 117 6
120 117 6
120 117 6
120 117 6
120 117 6
120 117 6
120 117 6
120 117 6
120 117 6
120 117 6
120 117 6
120 117 6
121 117 15
121 117 6
121 117 6
121 117 6
121 117 6
121 117 6
121 117 6
121 117 6
121 117 6
121 117 6
121 117 6
121 117 6
121 117 6
121 117 6
121 116 15
121 116 6
121 116 6
121 116 6
121 116 6
121 116 6
121 116 6
121 116 6
121 116 6
121 116 6
121 115 15
121 115 6
121 115 6
121 115 6
121 115 6
121 115 6
121 115 6
121 115 6
121 114 15
121 114 6
121 114 6
121 114 6
121 114 6
121 114 6
121 113 15
121 113 6
121 113 6
121 113 6
121 113 6
121 112 15
121 112 6
121 112 6
121 112 6
121 112 6
121 111 15
121 111 6
121 111 6
121 111 6
121 111 6
121 110 15
121 110 6
121 110 6
121 110 6
121 110 6
121 109 15
121 109 6
121 109 6
121 109 6
121 109 6
121 108 15
121 108 6
121 108 6
121 108 6
121 108 6
121 108 6
121 107 15
121 107 6
121 107 6
121 107 6
121 107 6
121 107 6
121 107 6
121 106 15
121 106 6
121 106 6
121 106 6
121 106 6
121 106 6
121 106 6
121 106 6
121 106 6
121 105 15
121 105 6
121 105 6
121 105 6
121 105 6
121 105 6
121 105 6
121 105 6
121 105 6
121 105 6
121 104 15
121 104 6
121 104 6
121 104 6
121 104 6
121 104 6
121 104 6
121 104 6
121 104 6
121 104 6
121 104 6
121 104 6
121 103 15
121 103 6
121 103 6
121 103 6
121 103 6
121 103 6
121 103 6
121 103 6
121 103 6
121 103 6
121 103 6
121 103 6
121 103 6
121 102 15
121 102 6
121 102 6
121 102 6
121 102 6
121 102 6
121 102 6
121 102 6
121 102 6
121 102 6
121 102 6
121 102 6
121 102 6
121 101 15
121 101 6
121 101 6
121 101 6
121 101 6
121 101 6
121 101 6
121 101 6
121 101 6
121 101 6
121 101 6
121 101 6
121 101 6
121 100 15
121 100 6
121 100 6
121 100 6
121 100 6
121 100 6
121 100 6
121 100 6
121 100 6
121 100 6
121 100 6
121 100 6
121 100 6
121 99 15
121 99 6
121 99 6
121 99 6
121 99 6
121 99 6
121 99 6
121 99 6
121 99 6
121 99 6
121 99 6
121 99 6
120 99 19
120 99 6
120 99 6
120 99 6
120 99 6
120 99 6
120 99 6
120 99 6
120 99 6
120 99 6
120 99 6
120 99 6
120 99 6
120 98 29
120 98 6
120 98 6
120 98 6
120 98 6
120 98 6
120 98 6
120 98 6
120 98 6
120 98 6
120 97 42
120 97 6
120 97 6
120 97 6
120 97 6
120 97 6
120 97 6
119 97 50
119 97 6
119 97 6
119 97 6
119 97 6
119 97 6
119 97 6
119 96 57
119 96 6
119 96 6
119 96 6
119 96 6
119 95 64
119 95 6
119 95 6
118 95 69
118 95 6
118 95 6
118 94 70
118 94 6
117 94 76
117 94 6
116 93 78
116 93 6
116 92 65
116 92 6
116 92 6
116 92 6
116 91 52
116 91 6
116 91 6
116 91 6
116 91 6
116 90 40
116 90 6
116 90 6
116 90 6
116 90 6
116 90 6
116 89 29
116 89 6
116 89 6
116 89 6
116 89 6
116 89 6
116 89 6
116 88 19
116 88 6
116 88 6
116 88 6
116 88 6
116 88 6
116 88 6
116 87 15
116 87 6
116 87 6
116 87 6
116 87 6
116 87 6
116 86 15
116 86 6
116 86 6
116 86 6
116 86 6
116 85 15
116 85 6
116 85 6
116 85 6
116 84 15
116 84 6
116 84 6
117 84 15
117 84 6
117 84 6
117 83 15
117 83 6
138 60 15
137 60 15
136 60 15
136 59 15
135 59 15
135 59 6
134 59 15
134 59 6
133 59 15
133 59 6
132 59 15
132 59 6
131 59 15
131 59 6
130 59 17
130 59 6
129 59 21
129 60 26
129 61 31
129 62 36
129 63 39
129 64 39
129 65 35
129 66 29
129 68 15
129 68 6
129 69 15
129 69 6
129 70 15
129 70 6
129 71 15
129 71 6
129 72 15
129 72 6
129 72 6
128 72 15
128 72 6
127 72 15
127 72 6
126 72 15
125 72 15
124 72 15
123 72 15
122 72 15
121 72 15
120 72 15
119 73 15
119 74 15
119 75 15
119 76 15
119 77 15
118 77 15
118 78 15
118 79 15
118 80 15
118 81 15
118 82 15
139 61 15
140 61 15
141 61 15
142 61 15
143 61 15
144 61 15
145 61 15
146 61 15
147 61 15
148 61 15
149 61 15
150 61 15
151 61 15
152 61 17
153 61 19
154 61 18
155 61 15
156 61 15
157 61 15
157 60 15
158 60 15
159 60 15
159 60 6
160 60 15
160 60 6
160 59 15
160 59 6
161 59 15
161 59 6
162 59 15
162 59 6
163 59 15
163 59 6
163 58 15
163 58 6
164 57 15
164 57 6
164 57 6
165 57 15
165 57 6
165 57 6
166 57 15
166 57 6
166 57 6
167 57 15
167 57 6
167 57 6
168 57 15
168 57 6
169 57 15
169 57 6
170 57 15
170 57 6
171 57 15
171 57 6
172 57 15
172 57 6
173 57 15
174 57 15
175 57 15
176 57 15
177 57 15
177 56 15
177 55 15
177 54 15
177 53 15
177 52 15
177 51 15
177 51 6
177 50 15
177 50 6
177 49 15
177 49 6
177 49 6
177 48 15
177 48 6
177 48 6
177 48 6
177 47 15
177 47 6
177 47 6
177 47 6
177 47 6
177 46 15
177 46 6
177 46 6
177 46 6
177 46 6
177 46 6
177 45 15
177 45 6
177 45 6
177 45 6
177 45 6
177 45 6
177 45 6
177 45 6
177 44 15
177 44 6
177 44 6
177 44 6
177 44 6
177 44 6
177 44 6
177 44 6
177 44 6
177 44 6
177 43 15
177 43 6
177 43 6
177 43 6
177 43 6
177 43 6
177 43 6
177 43 6
177 43 6
177 43 6
177 43 6
177 43 6
177 43 6
177 42 41
177 42 6
177 42 6
177 42 6
177 42 6
177 42 6
177 42 6
177 42 6
177 42 6
177 42 6
177 42 6
177 42 6
177 41 70
177 41 6
177 41 6
177 41 6
177 41 6
177 41 6
177 41 6
177 41 6
177 41 6
177 41 6
177 41 6
177 40 101
177 40 6
177 40 6
177 40 6
177 40 6
177 40 6
177 40 6
177 40 6
177 40 6
177 39 135
177 39 6
177 39 6
177 39 6
177 39 6
177 39 6
177 39 6
177 38 169
177 38 6
177 38 6
177 38 6
178 38 200
178 38 6
178 38 6
178 38 6
178 37 228
178 36 253
178 35 273
178 34 289
178 33 299
178 32 304
179 32 304
179 31 295
179 30 284
179 29 270
180 29 255
180 28 233
180 27 214
181 26 171
181 26 6
181 26 6
181 26 6
181 26 6
181 25 156
181 25 6
181 25 6
181 25 6
181 25 6
181 25 6
181 25 6
181 25 6
181 25 6
182 25 133
182 25 6
182 25 6
182 25 6
182 25 6
182 25 6
182 25 6
182 25 6
182 25 6
182 25 6
182 25 6
182 24 119
182 24 6
182 24 6
182 24 6
182 24 6
182 24 6
182 24 6
182 24 6
182 24 6
182 24 6
182 24 6
182 24 6
182 24 6
182 24 6
182 24 6
182 24 6
183 24 102
183 24 6
183 24 6
183 24 6
183 24 6
183 24 6
183 24 6
183 24 6
183 24 6
183 24 6
183 24 6
183 24 6
183 24 6
183 24 6
183 24 6
183 24 6
183 23 90
183 23 6
183 23 6
183 23 6
183 23 6
183 23 6
183 23 6
183 23 6
183 23 6
183 23 6
183 23 6
183 23 6
183 23 6
183 23 6
183 23 6
183 23 6
183 23 6
183 23 6
183 23 6
183 23 6
184 23 77
184 23 6
184 23 6
184 23 6
184 23 6
184 23 6
184 23 6
184 23 6
184 23 6
184 23 6
184 23 6
184 23 6
184 23 6
184 23 6
184 23 6
184 23 6
184 23 6
184 23 6
184 22 68
184 22 6
184 22 6
184 22 6
184 22 6
184 22 6
184 22 6
184 22 6
184 22 6
184 22 6
184 22 6
184 22 6
184 22 6
184 22 6
184 22 6
184 22 6
184 22 6
184 22 6
184 22 6
184 22 6
184 22 6
185 22 57
185 22 6
185 22 6
185 22 6
185 22 6
185 22 6
185 22 6
185 22 6
185 22 6
185 22 6
185 22 6
185 22 6
185 22 6
185 22 6
185 22 6
185 22 6
185 22 6
185 22 6
185 22 6
185 21 51
185 21 6
185 21 6
185 21 6
185 21 6
185 21 6
185 21 6
185 21 6
185 21 6
185 21 6
185 21 6
185 21 6
185 21 6
185 21 6
185 21 6
185 21 6
185 21 6
185 21 6
185 21 6
185 21 6
185 21 6
186 21 40
186 21 6
186 21 6
186 21 6
186 21 6
186 21 6
186 21 6
186 21 6
186 21 6
186 21 6
186 21 6
186 21 6
186 21 6
186 21 6
186 21 6
186 21 6
186 21 6
186 20 35
186 20 6
186 20 6
186 20 6
186 20 6
186 20 6
186 20 6
186 20 6
186 20 6
186 20 6
186 20 6
186 20 6
186 20 6
186 20 6
186 20 6
186 20 6
186 20 6
186 20 6
186 20 6
187 20 22
187 20 6
187 20 6
187 20 6
187 20 6
187 20 6
187 20 6
187 20 6
187 20 6
187 20 6
187 20 6
187 20 6
187 20 6
187 20 6
187 20 6
187 20 6
188 20 17
188 20 6
188 20 6
188 20 6
188 20 6
188 20 6
188 20 6
188 20 6
188 20 6
188 20 6
188 20 6
188 20 6
188 20 6
188 19 15
188 19 6
188 19 6
188 19 6
188 19 6
188 19 6
188 19 6
188 19 6
188 19 6
188 19 6
188 19 6
188 19 6
188 19 6
189 19 15
189 19 6
189 19 6
189 19 6
189 19 6
189 19 6
189 19 6
189 19 6
189 19 6
189 19 6
190 19 15
190 19 6
190 19 6
190 19 6
190 19 6
190 19 6
190 19 6
190 19 6
191 19 15
191 19 6
191 19 6
191 19 6
191 19 6
191 19 6
191 19 6
192 19 15
192 19 6
192 19 6
192 19 6
192 19 6
192 19 6
192 18 15
192 18 6
192 18 6
192 18 6
192 18 6
192 17 15
192 17 6
192 17 6
192 17 6
192 17 6
192 16 15
192 16 6
192 16 6
192 16 6
193 16 15
193 16 6
193 16 6
193 16 6
194 16 15
194 16 6
194 16 6
195 16 15
195 16 6
195 16 6
196 16 15
196 16 6
196 16 6
197 16 15
197 16 6
197 16 6
198 16 15
198 16 6
198 16 6
198 16 6
117 82 15
117 81 15
116 81 15
116 80 15
116 79 15
115 79 15
114 79 15
113 79 15
112 79 15
112 78 15
111 78 15
110 78 15
109 78 15
108 77 15
107 77 15
106 77 15
105 77 15
105 76 15
104 76 15
103 76 15
103 76 6
102 76 15
102 76 6
101 76 15
101 76 6
101 75 15
101 75 6
100 75 15
100 75 6
100 75 6
100 74 15
100 74 6
100 73 17
100 73 6
