103 161 202
39 18 202
39 18 192
39 18 192
94 156 202
94 167 202
48 23 202
48 23 192
39 29 202
48 34 202
103 150 202
39 40 202
39 40 192
39 40 192
94 145 202
103 139 202
94 134 202
48 45 202
48 45 192
48 45 192
48 45 192
48 45 192
48 45 192
103 129 202
58 29 202
94 124 202
58 40 202
58 40 192
67 34 202
104 119 202
94 114 202
67 45 202
76 39 202
76 50 202
104 108 202
94 103 202
104 98 202
86 45 202
95 93 202
86 56 202
86 56 192
104 88 202
95 50 202
95 61 202
104 55 202
104 66 202
104 66 192
104 77 202
39 19 462
39 20 402
39 21 348
39 22 300
39 23 257
39 24 220
40 24 188
40 24 192
40 25 155
40 25 192
40 26 128
40 26 192
41 26 102
41 26 192
41 27 79
41 27 192
42 27 62
42 27 192
42 28 45
42 28 192
43 28 34
43 28 192
43 29 24
43 29 192
44 29 19
44 29 192
44 29 192
44 30 16
44 30 192
44 30 192
45 30 16
45 30 192
45 30 192
46 30 20
46 30 192
46 30 192
46 31 26
46 31 192
46 31 192
47 31 31
47 31 192
47 31 192
48 31 38
48 31 192
48 31 192
49 31 45
49 31 192
50 31 51
50 31 192
51 31 55
51 31 192
52 31 58
52 31 192
53 31 60
53 31 192
54 31 60
54 31 192
54 32 59
54 32 192
55 32 55
55 32 192
56 32 51
56 32 192
57 32 48
57 32 192
57 33 46
57 33 192
58 33 40
58 33 192
59 33 36
59 33 192
59 34 35
59 34 192
60 34 28
60 34 192
61 34 25
61 34 192
61 35 23
61 35 192
62 35 17
62 35 192
63 35 17
63 35 192
63 36 15
63 36 192
64 36 15
64 36 192
64 37 15
64 37 192
65 37 15
65 37 192
66 37 15
66 37 192
66 38 15
66 38 192
66 39 15
66 39 192
66 40 15
66 40 192
67 40 15
67 40 192
68 40 15
68 40 192
69 40 15
69 40 192
70 40 15
70 40 192
71 40 15
71 40 192
72 40 15
72 40 192
73 40 15
73 40 192
74 40 15
74 40 192
75 40 30
76 40 57
76 41 15
76 41 192
76 42 15
76 42 192
76 43 15
76 43 192
76 44 15
76 44 192
76 45 15
76 45 192
76 46 15
76 46 192
76 47 15
76 47 192
76 48 15
76 48 192
77 48 15
77 48 192
78 48 15
78 48 192
79 48 15
79 48 192
80 48 15
80 48 192
81 48 15
81 48 192
82 48 15
82 48 192
83 48 15
83 48 192
84 48 23
84 48 192
84 49 32
84 49 192
85 49 40
85 49 192
86 49 49
86 50 55
87 50 58
88 50 61
88 51 64
89 51 60
90 51 56
90 51 192
90 52 54
90 52 192
91 52 43
91 52 192
92 52 34
92 52 192
92 53 26
92 53 192
93 53 15
93 53 192
93 54 15
93 54 192
94 54 15
94 54 192
94 55 15
94 55 192
95 55 15
95 55 192
96 55 15
96 55 192
96 55 192
96 56 15
96 56 192
96 56 192
97 56 15
97 56 192
97 56 192
98 56 15
98 56 192
98 56 192
99 56 15
99 56 192
99 56 192
100 56 15
100 56 192
100 56 192
100 57 15
100 57 192
100 57 192
100 58 15
100 58 192
100 59 15
100 59 192
101 59 15
101 59 192
101 60 31
101 60 192
101 61 58
101 61 192
101 62 89
101 62 192
101 63 121
101 63 192
101 64 152
101 64 192
101 65 181
101 65 192
101 66 206
101 66 192
101 67 226
101 67 192
101 68 240
101 69 247
101 70 249
101 71 245
101 72 236
101 73 223
101 74 207
101 75 189
101 76 170
101 77 151
101 78 132
101 79 115
101 80 100
101 81 86
101 82 74
101 83 64
101 83 192
101 84 55
101 84 192
101 85 47
101 85 192
101 86 40
101 86 192
101 87 33
101 87 192
101 88 27
101 88 192
101 89 20
101 89 192
101 90 15
101 90 192
101 91 15
101 91 192
101 92 15
101 92 192
101 93 15
101 93 192
101 94 15
101 94 192
101 95 15
101 95 192
100 95 15
100 95 192
100 96 15
100 96 192
100 97 15
100 97 192
100 98 15
100 98 192
100 99 15
100 99 192
100 100 15
100 100 192
100 101 15
100 102 15
100 103 15
100 104 15
100 105 15
100 106 15
100 107 15
100 108 15
100 109 15
100 110 15
100 111 15
100 112 15
100 113 15
100 114 15
100 115 15
100 116 15
100 117 15
100 118 15
100 119 15
100 120 15
100 121 15
100 122 15
100 123 15
100 124 15
100 125 15
100 126 15
100 127 15
100 128 15
100 129 15
100 130 15
100 131 15
100 132 15
100 133 15
100 134 15
100 135 15
100 136 15
100 137 15
100 138 15
100 139 15
100 140 15
100 141 15
100 142 15
100 143 15
100 144 15
100 145 15
100 146 15
100 147 15
100 148 15
100 149 15
100 150 15
100 151 15
100 152 15
100 153 15
100 154 15
100 155 15
100 156 15
100 157 15
101 157 15
101 158 15
101 159 15
101 160 15
101 161 15
102 161 60
