127 10 106
165 199 106
50 123 106
168 20 106
76 15 106
199 71 106
141 133 106
138 80 106
12 158 106
146 43 106
17 64 106
161 24 106
154 39 106
154 28 106
146 32 106
146 32 96
146 32 96
146 32 96
146 32 96
162 35 106
169 31 106
176 26 106
175 16 106
154 50 106
154 50 96
154 50 96
144 55 106
144 55 96
144 55 96
144 55 96
144 55 96
144 55 96
135 5 106
126 0 106
131 73 106
131 73 96
131 73 96
131 73 96
129 85 106
138 91 106
139 123 106
150 128 106
148 118 106
148 118 96
148 118 96
148 118 96
148 118 96
148 118 96
148 118 96
148 118 96
148 118 96
59 128 106
50 134 106
50 134 96
50 134 96
50 134 96
50 134 96
50 134 96
50 134 96
50 134 96
50 134 96
59 117 106
68 122 106
117 4 106
118 14 106
108 9 106
108 9 96
108 9 96
108 9 96
108 9 96
108 9 96
108 9 96
108 9 96
108 9 96
108 9 96
143 1 106
143 1 96
143 1 96
143 1 96
143 1 96
143 1 96
143 1 96
143 1 96
143 1 96
174 193 106
174 193 96
174 193 96
174 193 96
174 193 96
174 193 96
174 193 96
174 193 96
174 193 96
174 193 96
174 193 96
174 193 96
155 193 106
155 193 96
155 193 96
155 193 96
155 193 96
76 26 106
76 26 96
76 26 96
76 26 96
76 26 96
76 26 96
76 26 96
76 26 96
76 26 96
76 26 96
12 147 106
12 147 96
12 147 96
12 147 96
12 147 96
199 82 106
189 76 106
189 87 106
2 152 106
2 152 96
2 163 106
76 4 106
66 10 106
66 0 106
66 0 96
66 0 96
152 138 106
67 112 106
76 117 106
75 106 106
75 106 96
75 106 96
75 106 96
143 143 106
199 92 106
189 98 106
189 98 96
199 103 106
12 169 106
2 174 106
11 180 106
11 180 96
153 149 106
153 149 96
153 149 96
153 149 96
153 149 96
153 149 96
153 149 96
153 149 96
153 149 96
153 149 96
153 149 96
153 149 96
138 113 106
137 103 106
129 118 106
129 118 96
129 118 96
129 118 96
129 118 96
129 118 96
127 97 106
127 97 96
127 97 96
127 97 96
127 97 96
127 97 96
127 97 96
127 97 96
127 97 96
127 97 96
147 97 106
147 108 106
66 21 106
66 21 96
84 112 106
189 108 106
199 113 106
189 118 106
199 123 106
199 123 96
199 123 96
1 185 106
1 185 96
1 185 96
1 185 96
1 185 96
1 185 96
1 185 96
1 185 96
1 185 96
1 185 96
1 185 96
1 185 96
85 122 106
85 122 96
85 122 96
85 122 96
93 117 106
93 117 96
93 117 96
93 117 96
93 117 96
93 117 96
93 117 96
93 117 96
93 117 96
93 117 96
77 128 106
77 128 96
77 128 96
77 128 96
77 128 96
77 128 96
137 15 106
137 15 96
137 15 96
144 11 106
144 11 96
144 11 96
144 11 96
144 11 96
144 11 96
144 11 96
144 11 96
144 11 96
128 20 106
128 20 96
118 25 106
118 25 96
118 25 96
118 25 96
146 199 106
146 199 96
146 199 96
146 199 96
146 199 96
146 199 96
146 199 96
146 199 96
146 199 96
146 199 96
146 199 96
146 199 96
146 199 96
146 199 96
146 199 96
146 199 96
146 199 96
165 188 106
165 188 96
165 188 96
165 188 96
165 188 96
155 182 106
155 182 96
155 182 96
155 182 96
155 182 96
155 182 96
21 174 106
21 185 106
21 185 96
22 163 106
22 152 106
22 152 96
22 152 96
22 152 96
22 152 96
22 152 96
22 152 96
22 152 96
22 152 96
31 168 106
31 168 96
31 168 96
31 168 96
31 168 96
31 168 96
31 168 96
31 168 96
31 168 96
31 168 96
2 141 106
2 141 96
2 141 96
2 141 96
2 141 96
2 141 96
2 141 96
2 141 96
2 141 96
2 141 96
2 141 96
2 141 96
189 65 106
189 65 96
189 65 96
189 65 96
189 65 96
189 65 96
189 65 96
189 65 96
189 65 96
189 65 96
189 65 96
189 65 96
56 16 106
56 16 96
56 5 106
56 5 96
56 5 96
56 5 96
56 5 96
56 5 96
55 27 106
55 27 96
55 27 96
55 27 96
55 27 96
55 27 96
55 27 96
55 27 96
55 27 96
55 27 96
55 27 96
55 27 96
185 22 106
185 22 96
185 22 96
185 22 96
185 22 96
185 22 96
185 22 96
83 101 106
92 96 106
92 107 106
100 101 106
190 129 106
190 129 96
165 176 106
174 171 106
174 171 96
174 171 96
164 165 106
173 160 106
173 160 96
173 160 96
173 160 96
173 160 96
173 160 96
173 160 96
173 160 96
173 160 96
173 160 96
155 171 106
46 11 106
46 11 96
8 69 106
17 75 106
17 75 96
17 75 96
17 75 96
17 75 96
17 75 96
17 75 96
17 75 96
7 58 106
0 64 106
130 128 106
130 128 96
130 128 96
130 128 96
130 128 96
161 133 106
161 133 96
161 133 96
161 133 96
161 133 96
161 133 96
161 133 96
161 133 96
161 133 96
161 133 96
199 134 106
199 134 96
190 139 106
190 139 96
190 139 96
199 144 106
145 22 109
145 22 96
145 22 96
145 22 96
145 22 96
145 22 96
145 22 96
145 22 96
145 22 96
145 22 96
145 22 96
145 22 96
145 22 96
132 138 106
134 149 106
123 143 106
122 133 106
122 133 96
113 138 106
113 138 96
191 149 106
199 155 106
192 160 106
183 165 106
183 165 96
183 165 96
183 165 96
183 165 96
183 165 96
183 165 96
183 165 96
128 31 106
128 31 96
128 31 96
128 31 96
128 31 96
128 31 96
128 31 96
128 31 96
128 31 96
128 31 96
128 31 96
128 31 96
128 31 96
128 31 96
128 31 96
36 6 106
36 6 96
36 6 96
36 6 96
36 6 96
36 6 96
36 6 96
36 6 96
36 6 96
36 6 96
36 6 96
36 6 96
36 6 96
199 166 106
192 171 106
100 90 106
100 90 96
100 90 96
100 90 96
100 90 96
100 90 96
120 79 106
120 79 96
120 79 96
120 79 96
120 79 96
120 79 96
120 79 96
108 20 106
108 20 96
108 20 96
108 20 96
108 31 106
108 31 96
108 31 96
108 31 96
108 31 96
108 31 96
108 31 96
108 31 96
108 31 96
108 31 96
108 31 96
108 31 96
30 190 106
30 190 96
30 190 96
30 190 96
30 190 96
30 190 96
30 190 96
30 190 96
30 190 96
30 190 96
30 190 96
30 190 96
30 190 96
30 190 96
30 190 96
11 190 106
11 190 96
11 190 96
11 190 96
11 190 96
11 190 96
11 190 96
11 190 96
11 190 96
11 190 96
11 190 96
11 190 96
11 190 96
11 190 96
0 52 106
0 52 96
7 47 106
7 47 96
7 47 96
7 47 96
7 47 96
7 47 96
7 47 96
7 47 96
46 0 106
46 0 96
46 0 96
46 0 96
46 0 96
46 0 96
46 0 96
46 0 96
46 0 96
46 0 96
46 0 96
46 0 96
46 0 96
46 0 96
46 0 96
36 17 106
36 17 96
36 17 96
36 17 96
46 22 106
46 22 96
36 29 106
36 29 96
36 29 96
36 29 96
36 29 96
36 29 96
36 29 96
36 29 96
58 106 106
66 101 106
66 101 96
66 101 96
66 101 96
66 101 96
66 101 96
66 101 96
66 101 96
49 112 106
48 101 106
48 101 96
48 101 96
48 101 96
48 101 96
48 101 96
48 101 96
40 118 106
41 129 106
41 129 96
41 129 96
41 129 96
41 129 96
41 129 96
41 129 96
41 129 96
41 129 96
41 129 96
39 107 106
39 107 96
39 107 96
30 113 106
199 177 106
193 182 106
183 177 106
162 46 106
162 46 96
162 46 96
170 41 106
178 37 106
186 32 106
186 32 96
186 32 96
186 32 96
186 32 96
186 32 96
186 32 96
186 32 96
186 32 96
186 32 96
184 10 106
184 10 96
184 10 96
184 10 96
184 10 96
199 188 106
179 48 106
179 48 96
171 52 106
171 52 96
171 52 96
171 52 96
171 52 96
148 86 106
86 0 106
87 9 106
87 20 106
87 20 96
87 20 96
97 25 106
22 152 96
22 152 96
22 152 96
69 133 106
69 133 96
60 139 106
69 144 106
69 144 96
69 144 96
69 144 96
69 144 96
69 144 96
69 144 96
69 144 96
69 144 96
69 144 96
69 144 96
29 102 106
20 108 106
19 97 106
19 97 96
19 97 96
19 97 96
19 97 96
19 97 96
19 97 96
19 97 96
19 97 96
19 97 96
19 97 96
97 14 106
115 149 106
115 149 96
115 149 96
115 149 96
115 149 96
115 149 96
115 149 96
115 149 96
115 149 96
115 149 96
115 149 96
115 149 96
115 149 96
112 128 106
104 133 106
120 123 106
120 123 96
120 123 96
120 123 96
120 123 96
120 123 96
120 123 96
120 123 96
120 123 96
120 123 96
38 96 106
38 96 96
38 96 96
38 96 96
38 96 96
38 96 96
38 96 96
38 96 96
38 96 96
38 96 96
38 96 96
38 96 96
162 57 106
162 57 96
162 57 96
162 57 96
162 57 96
162 57 96
162 57 96
162 57 96
162 57 96
162 57 96
162 57 96
162 57 96
162 57 96
31 157 361
31 157 96
31 157 96
31 157 96
31 157 96
31 157 96
31 157 96
31 157 96
31 157 96
31 157 96
31 157 96
31 157 96
31 157 96
31 157 96
31 157 96
31 157 96
31 157 96
31 168 96
31 179 168
31 179 96
31 179 96
31 179 96
31 179 96
31 179 96
31 179 96
31 179 96
31 179 96
31 179 96
31 179 96
31 179 96
31 179 96
31 179 96
31 179 96
0 75 106
0 75 96
17 52 106
26 58 106
26 46 106
26 46 96
26 46 96
26 46 96
26 46 96
26 46 96
26 46 96
26 46 96
26 46 96
26 46 96
26 46 96
27 69 106
36 63 106
36 63 96
36 63 96
94 128 106
94 128 96
94 128 96
94 128 96
94 128 96
94 128 96
94 128 96
94 128 96
94 128 96
94 128 96
94 128 96
94 128 96
157 103 106
157 103 96
157 103 96
158 92 106
159 81 106
159 81 96
169 87 106
169 87 96
169 87 96
169 87 96
169 87 96
169 87 96
169 87 96
169 87 96
169 87 96
169 87 96
169 87 96
169 87 96
150 74 106
142 67 106
22 141 261
22 141 96
22 141 96
22 141 96
22 141 96
22 141 96
22 141 96
22 141 96
22 141 96
22 141 96
22 141 96
22 141 96
22 141 96
22 141 96
22 141 96
22 141 96
22 141 96
22 141 96
22 141 96
22 141 96
2 141 96
2 141 96
2 141 96
2 141 96
2 141 96
2 141 96
2 141 96
2 141 96
2 141 96
2 141 96
2 141 96
2 141 96
2 141 96
2 141 96
2 141 96
2 141 96
2 141 96
2 141 96
2 141 96
109 96 106
109 96 96
109 96 96
109 96 96
109 96 96
109 96 96
109 96 96
109 96 96
109 96 96
109 96 96
109 96 96
109 96 96
109 96 96
109 96 96
174 182 106
174 182 96
174 182 96
174 182 96
174 182 96
174 182 96
174 182 96
1 185 96
1 185 96
1 185 96
1 185 96
193 194 106
193 194 96
193 194 96
193 194 96
193 194 96
193 194 96
193 194 96
193 194 96
193 194 96
193 194 96
193 194 96
193 194 96
11 113 106
21 119 106
11 124 106
1 119 106
0 108 106
0 108 96
0 108 96
97 4 138
107 0 106
107 0 96
107 0 96
107 0 96
107 0 96
107 0 96
107 0 96
107 0 96
107 0 96
107 0 96
11 190 96
20 196 331
20 196 96
20 196 96
20 196 96
20 196 96
20 196 96
20 196 96
20 196 96
20 196 96
20 196 96
20 196 96
20 196 96
20 196 96
20 196 96
20 196 96
20 196 96
20 196 96
20 196 96
179 113 106
179 123 106
179 123 96
169 118 106
169 118 96
169 118 96
169 118 96
169 118 96
169 118 96
169 118 96
169 118 96
169 118 96
169 118 96
169 118 96
169 118 96
178 103 106
178 103 96
178 103 96
178 103 96
178 103 96
178 103 96
180 134 106
180 134 96
180 134 96
180 134 96
180 134 96
180 134 96
180 134 96
180 134 96
180 134 96
180 134 96
110 85 106
110 85 96
110 85 96
110 85 96
110 85 96
40 174 658
40 174 96
40 174 96
40 174 96
40 174 96
40 174 96
40 174 96
40 174 96
40 174 96
40 174 96
40 174 96
40 174 96
40 174 96
40 174 96
40 174 96
40 174 96
40 174 96
40 174 96
40 174 96
12 136 1129
86 31 106
86 31 96
86 31 96
86 31 96
86 31 96
86 31 96
86 31 96
86 31 96
86 31 96
86 31 96
86 31 96
86 31 96
86 31 96
86 31 96
86 31 96
86 31 96
144 11 96
144 11 96
144 11 96
144 11 96
144 11 96
144 11 96
144 11 96
144 11 96
144 11 96
144 11 96
144 11 96
144 11 96
144 11 96
144 11 96
27 12 106
27 12 96
27 12 96
27 12 96
27 12 96
27 12 96
27 12 96
27 12 96
27 12 96
27 12 96
27 12 96
27 12 96
27 12 96
27 12 96
27 12 96
27 12 96
27 12 96
27 12 96
143 1 96
143 1 96
143 1 96
143 1 96
143 1 96
143 1 96
143 1 96
143 1 96
168 98 144
168 98 96
168 98 96
168 98 96
168 98 96
168 98 96
168 98 96
168 98 96
168 98 96
168 98 96
168 98 96
168 98 96
168 98 96
168 98 96
137 26 833
137 26 96
137 26 96
137 26 96
137 26 96
137 26 96
137 26 96
137 26 96
137 26 96
137 26 96
146 176 106
146 176 96
146 176 96
146 176 96
146 176 96
146 176 96
146 176 96
146 176 96
146 176 96
146 176 96
146 176 96
108 9 96
145 165 106
145 165 96
135 159 106
145 22 96
145 22 96
145 22 96
145 22 96
145 22 96
145 22 96
145 22 96
145 22 96
145 22 96
145 22 96
145 22 96
145 22 96
145 22 96
145 22 96
145 22 96
145 22 96
145 22 96
145 22 96
145 22 96
145 22 96
145 22 96
145 22 96
145 22 96
145 22 96
147 43 43
147 43 96
147 44 42
147 44 96
147 45 47
147 45 96
147 46 59
147 46 96
147 47 78
147 47 96
147 48 106
147 48 96
147 48 96
147 49 142
147 49 96
147 49 96
146 49 180
146 49 96
146 49 96
146 50 222
146 50 96
146 50 96
146 51 271
146 51 96
146 51 96
145 51 318
145 51 96
145 51 96
145 52 366
145 52 96
145 52 96
145 53 412
145 53 96
145 53 96
145 54 456
145 54 96
145 54 96
145 55 492
145 55 96
145 55 96
144 56 546
144 57 553
144 58 548
144 59 529
144 60 498
144 61 456
144 62 405
144 63 346
144 64 283
144 65 220
144 65 96
144 66 158
144 66 96
144 67 102
144 67 96
144 68 52
144 68 96
144 69 15
144 69 96
144 70 15
144 70 96
145 70 15
145 70 96
145 71 15
145 71 96
146 71 15
146 71 96
146 72 15
146 72 96
146 73 15
146 73 96
147 73 15
147 73 96
147 74 15
147 74 96
148 74 15
148 74 96
149 74 26
149 74 96
150 75 19
150 75 96
149 75 15
149 75 96
148 75 15
148 75 96
147 75 15
147 75 96
146 75 15
145 75 15
144 75 15
143 75 15
142 75 15
141 75 15
140 75 15
139 75 16
139 76 27
138 76 35
138 77 39
138 78 43
138 79 44
101 90 523
102 90 519
103 90 525
103 89 532
103 89 96
104 89 532
104 88 524
104 88 96
104 87 519
104 87 96
105 87 502
105 86 491
106 86 473
106 85 462
107 85 446
108 85 442
109 85 449
110 84 438
110 83 433
111 83 446
112 83 465
113 83 489
113 83 96
114 83 514
114 83 96
115 83 537
115 83 96
116 83 556
116 83 96
117 83 568
117 83 96
118 83 571
118 83 96
119 83 563
120 83 543
121 83 512
122 83 470
123 83 417
124 83 357
125 83 292
126 83 225
127 83 159
128 83 96
128 83 96
129 83 41
129 83 96
130 83 15
130 83 96
130 82 15
130 82 96
131 82 15
131 82 96
131 81 15
131 81 96
132 81 15
132 81 96
132 80 15
132 80 96
133 80 15
133 80 96
134 80 15
134 80 96
135 80 15
135 80 96
136 80 15
137 80 24
100 91 481
100 92 422
100 93 361
100 94 300
100 95 240
100 96 184
99 96 121
99 97 61
98 97 15
98 97 96
97 97 15
97 97 96
96 97 15
96 97 96
96 98 15
96 98 96
96 99 15
96 99 96
95 99 15
95 99 96
94 99 15
94 100 15
93 100 15
92 100 15
92 101 15
91 101 15
90 101 15
89 101 15
88 101 15
87 101 15
86 101 15
85 101 15
84 101 15
49 113 15
49 113 96
50 113 15
51 113 15
52 113 15
53 113 15
53 114 15
54 114 15
55 114 15
56 114 15
57 114 15
58 114 15
58 115 15
59 115 15
60 115 15
61 115 15
62 115 15
63 115 15
64 115 15
65 115 15
66 115 19
67 115 32
68 115 47
69 115 60
70 115 71
71 115 79
72 115 81
73 115 78
74 115 69
75 115 55
76 115 38
77 115 19
78 115 15
79 115 15
79 114 15
80 114 15
80 113 15
80 112 15
81 112 15
81 111 15
82 111 15
83 111 15
83 110 15
83 109 15
83 108 15
83 107 15
83 106 15
83 105 15
83 104 15
83 103 15
83 103 96
83 102 15
83 102 96
30 112 15
30 112 96
31 112 15
31 112 96
32 112 15
32 112 96
32 111 15
32 111 96
33 111 15
33 111 96
34 111 15
34 111 96
35 111 24
35 111 96
36 111 42
36 111 96
36 112 54
37 112 59
38 112 60
38 113 58
39 113 47
40 113 36
41 113 27
42 113 19
42 113 96
43 113 15
43 113 96
44 113 15
44 113 96
45 113 15
45 113 96
46 113 15
46 113 96
47 113 15
47 113 96
48 113 15
48 113 96
12 135 1054
12 134 971
12 133 875
12 132 771
12 131 663
12 130 553
12 129 446
12 128 344
12 127 249
12 126 163
12 125 87
12 124 21
12 124 96
12 123 15
12 123 96
13 123 15
13 123 96
14 123 15
14 123 96
15 123 15
15 123 96
15 122 15
15 122 96
15 121 15
15 121 96
16 121 15
16 121 96
17 121 15
17 121 96
18 121 15
18 121 96
18 120 15
18 120 96
18 119 15
18 119 96
19 119 15
19 118 15
20 118 15
20 117 15
20 116 15
20 115 15
20 114 15
21 114 15
22 114 15
23 114 15
23 113 15
24 113 15
25 113 15
26 113 15
27 113 15
28 113 15
28 113 96
29 113 15
29 113 96
12 137 1168
12 137 96
12 138 1192
12 138 96
12 139 1191
12 139 96
12 140 1165
12 140 96
12 141 1114
12 141 96
12 142 1039
12 142 96
12 142 96
12 143 944
12 143 96
12 143 96
12 144 833
12 144 96
12 145 711
12 145 96
12 146 584
12 146 96
12 148 336
12 149 227
12 150 133
12 151 57
12 152 15
12 152 96
12 153 15
12 153 96
12 154 15
12 154 96
12 155 15
12 156 15
12 157 15
49 114 15
49 114 96
49 115 15
49 115 96
50 115 15
50 116 15
50 117 15
50 117 96
50 118 15
50 118 96
50 119 15
50 119 96
50 120 15
50 120 96
50 121 15
50 121 96
50 122 43
150 76 15
150 76 96
150 77 15
150 77 96
150 78 15
150 78 96
150 79 15
150 79 96
150 80 15
150 80 96
150 81 15
150 81 96
150 82 15
150 83 15
150 84 15
150 85 15
150 86 15
150 87 15
150 88 15
150 89 15
150 90 15
150 91 15
150 92 15
150 93 15
150 94 15
150 95 15
150 96 15
149 96 15
149 97 15
148 97 15
147 98 15
146 98 15
146 99 15
146 100 15
146 101 15
146 102 15
146 102 96
145 102 15
145 103 15
145 104 15
145 105 15
145 106 15
145 107 15
144 107 15
144 108 15
143 108 15
142 108 15
142 109 15
141 109 15
140 109 15
140 110 15
140 110 96
139 110 15
139 110 96
138 110 15
138 110 96
138 111 20
138 111 96
138 112 30
137 113 36
137 113 96
137 114 36
137 114 96
137 115 34
137 115 96
137 116 31
137 116 96
137 117 29
137 117 96
137 118 27
137 118 96
137 119 27
137 119 96
137 120 30
137 120 96
137 121 36
137 121 96
137 122 47
138 122 59
138 123 69
139 124 90
139 125 98
140 125 105
140 126 104
141 126 104
141 127 92
141 128 83
142 128 61
142 129 40
142 130 21
142 131 15
142 132 15
142 133 15
144 165 146
144 165 96
143 165 128
143 165 96
143 164 103
143 164 96
143 164 96
142 164 81
142 164 96
142 164 96
142 163 64
142 163 96
142 163 96
141 163 41
141 163 96
141 163 96
140 163 28
140 163 96
140 163 96
140 162 15
140 162 96
140 162 96
139 162 15
139 162 96
139 162 96
139 161 15
139 161 96
139 161 96
139 160 15
139 160 96
139 160 96
138 160 15
138 160 96
138 160 96
138 159 15
138 159 96
137 159 15
137 159 96
137 158 22
137 158 96
137 157 37
137 157 96
136 157 48
136 157 96
136 156 60
136 156 96
136 155 71
136 155 96
136 154 80
136 153 85
136 152 85
136 151 79
136 150 69
136 149 55
136 148 39
136 147 23
136 146 15
136 145 15
136 144 15
136 143 15
137 143 15
137 142 15
138 142 15
139 142 15
140 142 15
140 141 15
141 141 15
141 140 15
141 139 15
141 138 15
141 137 15
141 136 15
141 135 15
141 134 19
146 165 186
146 166 200
147 166 207
148 166 209
149 166 204
150 166 193
151 166 174
152 166 148
153 166 115
154 166 77
155 166 36
155 167 15
155 168 15
155 169 15
155 170 15
156 171 15
157 171 15
157 172 15
158 172 15
159 172 15
160 172 15
161 172 15
161 173 15
162 173 15
162 174 15
163 174 15
164 174 15
164 175 15
164 175 96
165 175 15
165 175 96
192 172 42
192 173 33
192 174 24
192 175 17
191 175 19
190 175 22
189 175 25
189 175 96
188 175 28
188 175 96
187 175 31
187 175 96
186 175 35
186 175 96
185 175 39
185 175 96
184 175 43
184 175 96
183 175 49
183 175 96
182 175 57
182 175 96
181 175 65
181 175 96
180 175 74
180 175 96
179 175 83
179 175 96
178 175 92
178 175 96
177 175 99
177 175 96
176 175 105
176 175 96
175 175 108
175 175 96
174 175 108
173 175 104
172 175 96
171 175 84
170 175 70
170 174 49
169 174 26
169 174 96
168 174 15
168 174 96
167 174 15
167 174 96
166 174 15
166 174 96
166 175 15
166 175 96
193 171 42
194 171 38
194 170 38
194 169 35
194 168 31
194 167 25
194 166 18
194 165 15
194 165 96
194 164 15
194 164 96
194 163 15
194 162 15
194 161 15
194 160 15
194 159 15
194 158 15
194 157 15
194 156 15
194 155 15
194 154 15
194 153 15
194 152 15
194 151 15
194 150 15
194 149 15
194 148 15
194 147 15
194 146 15
194 145 15
194 145 96
194 144 15
194 144 96
194 143 15
194 143 96
194 142 15
194 142 96
194 141 15
194 141 96
194 140 15
194 140 96
194 140 96
194 139 26
194 139 96
194 139 96
194 138 42
194 138 96
194 138 96
194 137 57
194 137 96
194 137 96
194 136 72
194 136 96
194 136 96
194 135 86
194 135 96
194 135 96
194 134 98
194 134 96
194 134 96
194 133 110
194 133 96
194 133 96
194 132 121
194 132 96
194 132 96
194 131 131
194 131 96
194 131 96
193 131 138
193 131 96
193 131 96
193 130 143
193 130 96
193 129 146
193 129 96
192 129 148
192 129 96
191 129 152
191 129 96
190 128 142
190 127 128
190 126 115
189 126 101
189 125 85
188 125 66
187 125 48
187 124 24
187 123 15
187 122 15
187 121 15
187 120 15
187 119 15
187 118 15
187 117 15
187 116 15
187 115 15
187 114 15
187 113 15
187 112 15
187 111 15
187 110 15
187 109 15
187 108 15
187 107 15
187 107 96
187 106 23
187 105 39
188 105 55
189 105 69
190 105 81
191 105 87
192 105 89
193 105 85
194 105 78
195 105 68
196 105 59
196 104 55
196 103 50
196 102 43
196 101 35
196 100 26
196 99 17
196 99 96
196 98 15
196 98 96
196 97 15
196 97 96
196 96 15
196 96 96
196 95 15
196 95 96
196 94 15
196 94 96
196 93 15
196 93 96
196 92 15
196 92 96
197 92 15
197 92 96
197 91 15
197 91 96
197 90 15
197 90 96
197 89 15
197 89 96
197 88 15
197 88 96
197 87 15
197 87 96
197 86 15
197 86 96
197 85 15
197 85 96
197 84 15
197 84 96
197 83 15
197 83 96
197 82 15
197 82 96
198 82 15
198 82 96
199 81 15
199 81 96
199 80 15
199 80 96
199 79 15
199 79 96
199 78 15
199 78 96
199 77 15
199 77 96
199 76 15
199 75 15
199 74 15
199 73 15
199 72 15
163 175 15
163 175 96
162 175 15
162 175 96
161 175 17
161 176 77
161 177 133
161 178 183
161 179 226
161 180 259
161 181 282
161 182 294
161 183 297
161 183 96
161 184 289
161 184 96
161 184 96
161 185 272
161 185 96
161 185 96
161 185 96
161 186 247
161 186 96
161 186 96
161 186 96
161 187 215
161 187 96
161 187 96
161 187 96
161 187 96
161 188 177
161 188 96
161 188 96
161 188 96
161 188 96
161 189 134
161 189 96
161 189 96
161 189 96
161 190 89
161 190 96
161 190 96
161 190 96
161 191 43
161 191 96
161 191 96
161 191 96
161 192 15
161 192 96
161 192 96
161 192 96
161 193 15
161 193 96
161 193 96
162 193 15
162 193 96
162 193 96
162 194 15
162 194 96
162 194 96
162 195 15
162 195 96
163 195 15
163 195 96
163 196 15
163 196 96
163 197 15
163 197 96
163 198 15
163 198 96
163 199 15
163 199 96
164 199 15
164 199 96
148 43 19
148 43 96
149 43 15
149 43 96
149 42 15
149 42 96
149 41 15
149 41 96
150 41 15
150 41 96
150 40 15
150 40 96
151 40 15
151 40 96
151 39 15
151 39 96
152 39 15
152 39 96
153 39 15
153 39 96
154 38 15
154 38 96
153 38 15
153 38 96
152 38 15
152 38 96
152 37 15
151 37 15
151 37 96
151 36 15
151 36 96
151 35 15
151 35 96
151 34 15
151 34 96
150 34 51
149 34 183
148 34 324
147 34 471
146 34 620
145 34 768
144 34 913
143 34 1052
143 34 96
143 34 96
143 34 96
142 34 1185
142 34 96
142 34 96
142 34 96
142 34 96
142 34 96
142 34 96
141 34 1312
141 34 96
141 34 96
141 34 96
141 34 96
141 34 96
141 34 96
141 34 96
141 34 96
141 34 96
140 34 1434
140 34 96
140 34 96
140 34 96
140 34 96
140 34 96
140 34 96
140 34 96
140 34 96
140 34 96
140 34 96
140 34 96
139 34 1551
139 34 96
139 34 96
139 34 96
139 34 96
139 34 96
139 34 96
139 34 96
139 34 96
139 34 96
139 34 96
139 34 96
139 34 96
139 34 96
138 34 1663
138 34 96
138 34 96
138 34 96
138 34 96
138 34 96
138 34 96
138 34 96
138 34 96
138 34 96
138 34 96
138 34 96
138 34 96
138 34 96
138 34 96
138 34 96
138 33 1766
138 33 96
138 33 96
138 33 96
138 33 96
138 33 96
138 33 96
138 33 96
138 33 96
138 33 96
138 33 96
138 33 96
138 33 96
138 33 96
138 33 96
138 33 96
137 33 1852
137 33 96
137 33 96
137 33 96
137 33 96
137 33 96
137 33 96
137 33 96
137 33 96
137 33 96
137 33 96
137 33 96
137 33 96
137 33 96
137 33 96
137 33 96
137 32 1925
137 32 96
137 32 96
137 32 96
137 32 96
137 32 96
137 32 96
137 32 96
137 32 96
137 32 96
137 32 96
137 32 96
137 32 96
137 32 96
137 32 96
136 32 1980
136 32 96
136 32 96
136 32 96
136 32 96
136 32 96
136 32 96
136 32 96
136 32 96
136 32 96
136 32 96
136 32 96
136 32 96
136 32 96
136 32 96
136 31 2013
136 31 96
136 31 96
136 31 96
136 31 96
136 31 96
136 31 96
136 31 96
136 31 96
136 31 96
136 31 96
136 31 96
136 31 96
136 30 2030
136 30 96
136 30 96
136 30 96
136 30 96
136 30 96
136 30 96
136 30 96
136 30 96
136 30 96
135 30 2021
135 30 96
135 30 96
135 30 96
135 30 96
135 30 96
135 30 96
135 30 96
135 30 96
135 29 1987
135 29 96
135 29 96
135 29 96
135 29 96
135 28 1930
135 28 96
135 27 1850
135 26 1747
135 25 1621
135 24 1475
135 23 1311
135 22 1132
135 21 945
135 20 753
135 19 562
135 18 379
134 18 206
134 18 96
134 17 49
134 17 96
134 17 96
133 17 15
133 17 96
133 17 96
133 16 15
133 16 96
133 15 15
133 15 96
132 15 15
132 15 96
132 14 15
132 14 96
131 14 15
131 14 96
130 14 15
130 14 96
130 13 15
130 13 96
130 12 15
130 11 15
129 11 15
129 10 15
128 10 15
127 11 15
127 12 15
126 12 15
126 13 15
126 14 15
126 15 15
126 15 96
126 16 15
126 16 96
126 17 15
126 17 96
126 18 15
126 18 96
125 18 15
125 18 96
124 18 15
124 18 96
123 18 15
123 18 96
123 19 15
123 19 96
122 19 15
122 19 96
121 19 15
121 19 96
120 19 15
120 19 96
119 19 15
119 19 96
119 20 15
119 20 96
118 20 15
118 20 96
117 20 15
117 20 96
117 20 96
116 20 15
116 20 96
116 20 96
115 20 15
115 20 96
115 20 96
115 20 96
114 20 15
114 20 96
114 20 96
114 20 96
114 20 96
113 20 58
113 20 96
113 20 96
113 20 96
113 20 96
112 20 124
112 20 96
112 20 96
112 20 96
112 20 96
111 20 192
111 20 96
111 20 96
111 20 96
110 20 255
110 20 96
110 20 96
109 20 309
109 20 96
107 20 369
106 20 370
105 20 350
104 20 311
103 20 254
102 20 185
101 20 109
101 20 96
100 20 31
100 20 96
99 20 15
99 20 96
99 19 15
99 19 96
98 19 15
98 19 96
98 18 15
98 18 96
98 17 15
98 17 96
97 17 15
97 17 96
97 16 15
97 16 96
97 15 16
97 15 96
96 14 15
96 14 96
95 14 15
95 14 96
95 13 15
95 13 96
94 13 15
94 13 96
94 12 15
94 12 96
94 11 15
94 11 96
94 10 15
94 10 96
93 10 15
93 10 96
93 9 15
93 9 96
92 9 15
92 8 15
91 8 15
90 8 15
89 8 15
89 7 15
89 6 15
89 5 15
89 4 15
88 4 15
87 4 15
86 4 15
85 4 17
84 4 43
83 4 64
82 4 78
81 4 86
80 4 88
79 4 86
78 4 82
77 4 76
75 4 66
75 5 61
74 5 58
74 6 54
74 7 51
74 8 47
74 9 41
74 10 33
74 11 22
74 12 15
74 13 15
74 14 15
74 14 96
74 15 15
74 15 96
75 15 26
154 37 15
154 36 15
154 35 15
154 34 15
154 33 15
154 32 15
154 31 15
154 31 96
154 30 15
154 30 96
154 29 15
154 29 96
155 28 15
155 28 96
156 28 15
156 28 96
157 28 15
157 28 96
158 28 15
158 28 96
159 28 15
159 28 96
160 28 15
160 28 96
161 28 15
161 27 15
161 27 96
161 26 15
161 26 96
161 25 15
161 25 96
162 24 15
162 24 96
163 24 15
163 24 96
164 24 15
164 24 96
165 24 15
166 24 15
166 23 15
167 23 15
167 22 15
168 22 15
168 21 16
