62 77 106
62 77 96
146 38 106
146 38 96
124 183 106
124 183 96
60 115 106
60 115 96
59 152 106
157 84 106
157 84 96
157 84 96
157 84 96
157 84 96
157 84 96
157 84 96
157 84 96
157 84 96
157 84 96
157 84 96
157 84 96
157 84 96
157 84 96
157 84 96
157 84 96
157 84 96
157 84 96
157 84 96
119 10 106
119 10 96
119 10 96
119 10 96
29 122 106
29 122 96
29 122 96
29 122 96
76 173 106
19 172 106
19 172 96
187 194 106
187 194 96
67 168 106
68 157 106
77 162 106
58 163 106
49 157 106
54 82 106
54 82 96
54 82 96
54 82 96
54 82 96
54 82 96
54 82 96
54 82 96
50 146 106
50 122 106
50 122 96
40 128 106
50 134 106
40 140 106
60 127 106
39 151 106
60 140 106
29 167 106
39 163 106
29 156 106
19 161 106
29 134 106
29 145 106
48 169 106
38 174 106
38 174 96
28 178 106
28 178 96
19 150 106
19 139 106
19 128 106
19 128 96
19 128 96
19 128 96
138 44 106
138 44 96
138 44 96
138 44 96
138 44 96
138 44 96
138 44 96
138 44 96
133 178 106
133 178 96
133 178 96
133 178 96
133 189 106
133 189 96
127 15 106
127 15 96
127 15 96
127 15 96
127 15 96
123 194 106
123 194 96
65 87 106
65 87 96
65 87 96
65 87 96
65 87 96
65 87 96
65 87 96
136 32 106
136 32 96
136 32 96
136 32 96
146 27 106
146 27 96
136 21 106
136 21 96
136 21 96
136 21 96
72 72 106
74 82 106
74 82 96
74 82 96
74 82 96
74 82 96
114 189 106
114 189 96
114 189 96
114 189 96
61 66 106
61 66 96
61 66 96
61 66 96
61 66 96
142 184 106
142 184 96
142 184 96
142 184 96
142 184 96
142 184 96
142 184 96
142 184 96
142 184 96
142 184 96
142 184 96
142 184 96
70 61 106
70 61 96
57 174 106
66 179 106
70 145 106
79 151 106
81 66 106
81 66 96
80 55 106
80 55 96
47 180 106
56 185 106
38 184 106
38 184 96
47 190 106
47 190 96
70 133 106
70 133 96
70 121 106
70 121 96
70 121 96
80 139 106
80 139 96
156 33 106
127 27 106
127 27 96
127 27 96
118 21 106
118 21 96
118 21 96
118 21 96
118 21 96
118 21 96
118 21 96
118 21 96
118 21 96
120 0 106
120 0 96
120 0 96
128 4 106
128 4 96
128 4 96
128 4 96
128 4 96
128 4 96
128 4 96
110 5 106
110 5 96
110 5 96
110 5 96
110 5 96
110 5 96
110 5 96
124 172 106
124 172 96
124 172 96
124 172 96
124 172 96
124 172 96
83 77 106
83 77 96
83 77 96
83 77 96
83 77 96
83 77 96
70 50 106
70 50 96
70 50 96
75 184 106
75 184 96
75 184 96
75 184 96
75 184 96
75 184 96
75 184 96
134 167 106
134 167 96
134 167 96
134 167 96
134 167 96
127 38 106
127 38 96
127 38 96
127 38 96
127 38 96
127 38 96
127 38 96
127 38 96
127 38 96
127 38 96
127 38 96
156 21 106
156 21 96
146 16 106
146 16 96
146 16 96
146 16 96
60 56 106
60 56 96
60 56 96
60 56 96
60 56 96
60 56 96
60 56 96
125 162 106
125 162 96
125 162 96
125 162 96
125 162 96
125 162 96
125 162 96
90 61 106
92 72 106
92 72 96
92 72 96
92 72 96
89 50 106
80 44 106
80 44 96
89 39 106
89 39 96
80 127 106
80 127 96
80 127 96
80 127 96
99 44 106
99 44 96
99 44 96
99 44 96
99 44 96
100 55 106
100 55 96
100 55 96
101 66 106
101 66 96
101 66 96
101 66 96
101 66 96
101 66 96
101 66 96
56 195 106
56 195 96
66 190 106
66 190 96
66 190 96
66 190 96
47 199 106
47 199 96
47 199 96
47 199 96
47 199 96
47 199 96
47 199 96
86 166 106
86 166 96
86 166 96
88 155 106
88 155 96
89 144 106
89 144 96
90 132 106
90 132 96
90 132 96
90 132 96
90 132 96
90 132 96
90 132 96
90 132 96
90 132 96
90 132 96
85 177 106
85 177 96
85 177 96
85 177 96
65 199 106
65 199 96
65 199 96
65 199 96
65 199 96
65 199 96
65 199 96
65 199 96
104 185 106
104 185 96
104 185 96
104 185 96
104 185 96
104 185 96
95 181 106
95 181 96
95 181 96
95 181 96
95 181 96
80 33 106
80 33 96
80 33 96
80 33 96
80 33 96
70 39 106
70 39 96
70 39 96
70 39 96
70 39 96
70 39 96
70 39 96
70 39 96
70 39 96
70 39 96
70 39 96
158 44 106
158 44 96
158 44 96
149 50 106
149 50 96
149 50 96
149 50 96
154 73 106
154 73 96
154 73 96
154 73 96
154 73 96
154 73 96
154 73 96
154 73 96
154 73 96
154 73 96
154 73 96
154 73 96
154 73 96
154 73 96
154 73 96
154 73 96
154 73 96
151 61 106
151 61 96
151 61 96
151 61 96
151 61 96
151 61 96
151 61 96
151 61 96
151 61 96
151 61 96
151 61 96
151 61 96
151 61 96
156 10 106
156 10 96
156 10 96
156 10 96
156 10 96
156 10 96
137 10 106
137 10 96
137 10 96
137 10 96
137 10 96
137 10 96
147 4 106
147 4 96
147 4 96
147 4 96
147 4 96
52 72 106
52 72 96
52 72 96
52 72 96
52 72 96
52 72 96
52 72 96
52 72 96
52 72 96
52 72 96
52 72 96
52 72 96
166 27 106
167 38 106
167 38 96
166 16 106
166 16 96
166 16 96
176 22 106
176 22 96
176 22 96
176 22 96
176 22 96
176 22 96
176 22 96
90 27 106
90 27 96
90 27 96
90 27 96
99 33 106
99 33 96
99 33 96
99 33 96
177 33 106
177 33 96
177 33 96
177 33 96
177 33 96
81 22 106
81 22 96
81 22 96
81 22 96
81 22 96
81 22 96
81 22 96
81 22 96
81 22 96
138 0 106
138 0 96
138 0 96
138 0 96
138 0 96
138 0 96
138 0 96
138 0 96
138 0 96
109 50 106
109 50 96
109 50 96
109 50 96
109 50 96
109 50 96
108 38 106
108 38 96
108 38 96
108 38 96
108 38 96
108 38 96
110 61 106
110 61 96
110 61 96
110 61 96
110 61 96
110 61 96
110 61 96
110 61 96
110 61 96
110 61 96
110 61 96
110 61 96
178 44 106
178 44 96
178 44 96
178 44 96
169 50 106
169 50 96
169 50 96
169 50 96
169 50 96
160 55 106
160 55 96
160 55 96
160 55 96
160 55 96
118 44 112
118 44 96
118 44 96
118 44 96
118 44 96
118 44 96
118 44 96
118 44 96
96 170 106
96 170 96
105 174 106
105 174 96
105 174 96
105 174 96
105 174 96
105 174 96
105 174 96
105 174 96
97 160 106
97 160 96
97 160 96
98 149 106
98 149 96
39 116 106
39 116 96
39 116 96
39 116 96
39 116 96
39 116 96
39 116 96
107 153 106
107 153 96
107 153 96
107 153 96
107 153 96
106 164 106
106 164 96
106 164 96
106 164 96
106 164 96
106 164 96
116 157 106
116 157 96
116 157 96
116 157 96
117 32 195
117 32 96
117 32 96
117 32 96
19 183 106
19 183 96
19 183 96
19 183 96
28 189 106
28 189 96
28 189 96
28 189 96
28 189 96
28 189 96
37 195 106
37 195 96
37 195 96
37 195 96
37 195 96
37 195 96
37 195 96
37 195 96
37 195 96
37 195 96
37 195 96
166 5 106
166 5 96
166 5 96
166 5 96
166 5 96
166 5 96
166 5 96
166 5 96
166 5 96
166 5 96
166 5 96
166 5 96
166 5 96
166 5 96
166 5 96
140 55 106
140 55 96
140 55 96
140 55 96
140 55 96
140 55 96
140 55 96
140 55 96
140 55 96
140 55 96
140 55 96
140 55 96
140 55 96
140 55 96
140 55 96
115 168 106
115 168 96
115 168 96
115 168 96
114 178 106
114 178 96
114 178 96
114 178 96
188 39 106
188 39 96
188 39 96
188 39 96
188 39 96
188 39 96
188 39 96
188 39 96
188 39 96
61 45 106
61 45 96
61 45 96
61 45 96
61 45 96
61 45 96
61 45 96
61 45 96
61 45 96
61 45 96
61 45 96
61 45 96
61 45 96
61 45 96
61 45 96
9 144 106
9 155 106
9 166 106
9 133 106
9 133 96
9 177 106
9 177 96
9 177 96
9 177 96
100 22 106
100 22 96
100 22 96
100 22 96
100 22 96
100 22 96
91 16 106
91 16 96
91 16 96
91 16 96
101 10 106
101 10 96
101 10 96
101 10 96
92 5 106
92 5 96
92 5 96
92 5 96
92 5 96
92 5 96
92 5 96
92 5 96
92 5 96
0 160 106
0 149 106
0 138 106
0 171 106
108 27 382
83 11 106
83 11 96
83 11 96
83 11 96
83 11 96
83 11 96
109 16 325
109 16 96
109 16 96
109 16 96
109 16 96
109 16 96
109 16 96
109 16 96
109 16 96
0 127 106
0 127 96
0 127 96
9 122 106
9 122 96
9 122 96
9 122 96
9 122 96
9 122 96
9 122 96
9 122 96
9 122 96
9 122 96
9 122 96
56 93 106
56 93 96
56 93 96
56 93 96
56 93 96
56 93 96
56 93 96
56 93 96
56 93 96
56 93 96
56 93 96
58 104 106
58 104 96
58 104 96
58 104 96
58 104 96
58 104 96
19 171 143
19 170 126
19 169 110
19 168 97
19 167 85
19 166 76
20 166 66
21 166 57
21 165 48
21 165 96
22 165 40
22 165 96
23 165 34
23 165 96
23 164 27
23 164 96
24 164 22
24 164 96
24 163 19
24 163 96
25 163 16
25 163 96
25 162 15
25 162 96
25 161 18
25 161 96
25 160 22
25 160 96
25 159 29
25 159 96
25 158 36
25 158 96
25 157 43
25 157 96
25 156 50
25 156 96
25 155 55
25 155 96
25 154 59
25 153 62
25 152 63
25 151 63
25 150 61
25 149 59
25 148 56
25 147 53
25 146 50
25 145 47
25 144 45
25 143 44
25 142 43
25 141 43
25 140 43
25 139 44
25 138 46
25 137 48
26 137 49
26 136 52
27 136 53
27 135 55
28 135 56
28 134 57
28 134 96
30 134 58
30 134 96
31 134 59
31 134 96
32 134 59
32 134 96
33 134 59
33 134 96
34 134 59
34 134 96
35 134 58
35 134 96
36 134 57
36 134 96
37 134 56
37 134 96
38 134 55
38 134 96
39 134 54
39 134 96
40 134 54
41 134 53
42 134 54
43 134 54
44 134 55
45 134 56
46 134 57
47 134 58
48 134 59
49 134 59
50 133 59
50 132 58
51 132 58
52 132 58
52 131 58
53 131 57
53 130 57
54 130 57
54 129 56
55 129 56
55 128 55
55 128 96
56 128 55
56 128 96
56 127 54
56 127 96
57 127 54
57 127 96
58 127 55
58 127 96
59 127 59
60 126 60
60 126 96
60 125 58
60 125 96
60 124 58
60 124 96
60 123 60
60 123 96
60 122 65
60 122 96
60 121 72
60 121 96
60 120 81
60 120 96
60 119 92
60 119 96
60 118 105
60 118 96
60 117 121
60 117 96
60 116 138
60 116 96
61 115 170
61 114 193
61 113 218
61 112 246
61 111 276
61 110 309
61 109 346
61 109 96
61 108 386
61 108 96
61 107 430
61 107 96
61 107 96
61 106 477
61 106 96
61 106 96
61 105 528
61 105 96
61 105 96
61 104 581
61 104 96
61 104 96
61 104 96
61 103 635
61 103 96
61 103 96
61 103 96
61 102 690
61 102 96
61 102 96
61 102 96
61 101 744
61 101 96
61 101 96
61 100 796
61 100 96
61 99 843
61 98 885
61 97 918
61 96 942
61 95 955
61 94 957
61 93 946
61 92 924
61 91 889
61 90 844
61 89 790
61 88 729
61 87 662
61 86 593
61 85 524
61 84 458
61 83 396
61 82 341
61 81 295
61 80 258
62 80 219
62 79 189
62 78 170
62 78 96
71 72 49
71 72 96
70 72 41
70 72 96
70 73 31
70 73 96
69 73 26
69 73 96
69 73 96
69 74 19
69 74 96
69 74 96
68 74 18
68 74 96
68 74 96
68 75 16
68 75 96
68 75 96
67 75 21
67 75 96
67 75 96
67 76 24
67 76 96
67 76 96
66 76 34
66 76 96
66 76 96
66 77 45
66 77 96
66 77 96
65 77 61
65 77 96
65 77 96
64 77 86
64 77 96
64 77 96
63 77 119
63 77 96
90 62 62
90 62 96
89 62 65
89 62 96
89 63 67
89 63 96
89 64 71
89 64 96
88 64 76
88 64 96
88 65 82
88 65 96
87 65 90
87 65 96
87 66 98
87 66 96
86 66 107
86 66 96
85 66 119
85 66 96
84 66 130
84 66 96
83 66 142
83 66 96
82 66 152
82 66 96
81 67 161
81 67 96
80 67 165
80 67 96
79 67 166
78 67 165
77 67 161
76 67 155
76 68 148
75 68 139
74 68 129
74 69 118
74 69 96
73 69 107
73 69 96
73 70 95
73 70 96
72 70 84
72 70 96
72 71 71
72 71 96
89 51 61
89 51 96
90 51 56
90 51 96
90 52 51
90 52 96
90 53 49
90 53 96
90 54 48
90 54 96
90 55 49
90 55 96
90 56 50
90 56 96
90 57 52
90 57 96
90 58 54
90 58 96
90 59 56
90 59 96
90 60 58
90 60 96
89 40 147
89 40 96
89 41 143
89 41 96
89 42 137
89 42 96
89 43 130
89 43 96
89 44 121
89 44 96
89 45 111
89 45 96
89 46 100
89 46 96
89 47 90
89 47 96
89 48 80
89 48 96
89 49 72
89 49 96
116 32 420
116 32 96
115 32 387
115 32 96
115 32 96
114 32 354
114 32 96
114 32 96
114 32 96
113 32 320
113 32 96
113 32 96
113 32 96
113 32 96
112 32 289
112 32 96
112 32 96
112 32 96
112 32 96
111 32 262
111 32 96
111 32 96
111 32 96
111 32 96
110 32 241
110 32 96
110 32 96
110 32 96
110 32 96
109 32 226
109 32 96
109 32 96
109 32 96
108 32 219
108 32 96
108 32 96
108 32 96
107 32 218
107 32 96
107 32 96
106 32 224
106 32 96
105 32 236
105 32 96
104 32 252
103 32 271
102 32 289
101 32 307
100 32 321
99 32 331
98 33 348
98 33 96
97 33 342
97 33 96
97 33 96
96 33 330
96 33 96
96 33 96
95 33 312
95 33 96
95 33 96
95 33 96
94 33 292
94 33 96
94 33 96
94 33 96
93 33 269
93 33 96
93 33 96
93 33 96
93 33 96
92 33 245
92 33 96
92 33 96
92 33 96
91 33 223
91 33 96
91 33 96
91 33 96
90 33 203
90 33 96
90 33 96
90 33 96
89 33 189
89 33 96
89 33 96
89 33 96
89 34 175
89 34 96
89 34 96
89 34 96
89 35 165
89 35 96
89 35 96
89 36 158
89 36 96
89 36 96
89 37 154
89 37 96
89 38 152
89 38 96
118 32 474
119 32 493
120 32 506
121 32 514
122 32 515
122 31 507
123 31 490
124 31 470
125 31 446
125 30 417
126 30 382
127 30 350
127 29 317
127 28 299
128 27 246
129 27 206
130 27 179
131 27 164
132 27 160
133 27 165
134 27 177
135 27 193
135 27 96
136 27 210
136 27 96
137 27 226
138 27 239
139 27 248
140 27 251
141 27 248
142 27 240
143 27 228
144 27 212
145 27 194
146 28 155
146 28 96
146 29 140
146 29 96
146 30 129
146 30 96
146 31 123
146 31 96
146 32 121
146 32 96
146 33 122
146 33 96
146 34 125
146 34 96
146 35 129
146 35 96
146 36 133
146 36 96
146 37 137
146 37 96
147 38 124
147 38 96
148 38 115
148 38 96
149 38 111
149 38 96
150 38 112
150 38 96
150 39 118
150 39 96
150 40 121
150 40 96
150 41 123
150 41 96
150 42 125
150 42 96
150 43 128
150 43 96
150 43 96
150 44 133
150 44 96
150 44 96
151 44 137
151 44 96
151 44 96
151 45 142
151 45 96
151 45 96
152 45 148
152 45 96
152 45 96
152 46 155
152 46 96
152 46 96
153 46 162
153 46 96
153 46 96
153 47 169
153 47 96
154 47 178
154 47 96
154 48 186
154 48 96
155 48 195
155 48 96
155 49 206
155 49 96
156 49 216
156 49 96
156 50 230
156 50 96
157 50 242
157 50 96
157 51 261
157 51 96
157 52 287
157 52 96
157 53 322
157 53 96
157 54 365
157 54 96
157 55 418
157 55 96
157 56 478
157 56 96
157 57 545
157 57 96
157 58 618
157 58 96
157 59 695
157 60 774
157 61 855
157 62 936
157 63 1014
157 64 1090
157 65 1162
157 66 1229
157 67 1291
157 68 1348
157 69 1399
157 70 1446
157 71 1487
157 72 1524
157 73 1557
157 74 1586
157 74 96
157 74 96
157 75 1613
157 75 96
157 75 96
157 75 96
157 75 96
157 75 96
157 76 1637
157 76 96
157 76 96
157 76 96
157 76 96
157 76 96
157 76 96
157 76 96
157 77 1659
157 77 96
157 77 96
157 77 96
157 77 96
157 77 96
157 77 96
157 77 96
157 77 96
157 78 1680
157 78 96
157 78 96
157 78 96
157 78 96
157 78 96
157 78 96
157 78 96
157 78 96
157 78 96
157 79 1700
157 79 96
157 79 96
157 79 96
157 79 96
157 79 96
157 79 96
157 79 96
157 79 96
157 79 96
157 80 1718
157 80 96
157 80 96
157 80 96
157 80 96
157 80 96
157 80 96
157 80 96
157 80 96
157 81 1736
157 81 96
157 81 96
157 81 96
157 81 96
157 81 96
157 81 96
157 82 1754
157 82 96
157 82 96
157 82 96
157 82 96
157 83 1771
157 83 96
157 83 96
128 26 250
128 25 266
128 24 290
128 23 320
128 23 96
128 22 351
128 22 96
128 21 380
128 21 96
128 20 405
128 20 96
128 19 424
128 19 96
128 18 435
128 18 96
128 17 440
128 17 96
128 16 438
128 16 96
128 15 431
127 14 438
127 13 415
127 12 394
127 11 378
126 11 360
126 10 337
126 10 96
125 10 312
125 10 96
124 10 297
124 10 96
124 10 96
123 10 292
123 10 96
123 10 96
122 10 299
122 10 96
122 10 96
121 10 318
121 10 96
120 10 347
120 10 96
51 134 59
52 134 59
52 135 60
52 136 59
52 137 59
52 138 58
52 139 57
52 140 55
53 140 54
53 141 52
54 141 50
54 142 49
55 142 47
55 143 45
56 143 44
57 143 43
57 144 41
58 144 40
58 145 39
59 145 39
59 146 39
59 147 40
59 148 43
59 149 46
59 150 51
59 151 56
75 173 50
75 173 96
74 173 32
74 173 96
74 172 15
74 172 96
74 171 15
74 171 96
74 170 15
74 170 96
74 169 15
74 169 96
74 168 15
74 168 96
74 167 15
74 167 96
74 166 15
74 166 96
73 166 15
73 166 96
73 165 15
73 165 96
73 164 15
73 164 96
73 163 15
73 163 96
73 162 18
73 162 96
73 161 21
73 160 23
73 159 24
73 158 24
73 157 24
73 156 24
73 155 24
73 154 24
73 153 25
72 153 25
72 152 26
71 152 29
70 152 32
69 152 37
68 152 42
67 152 46
66 152 51
65 152 54
64 152 57
63 152 59
62 152 60
61 152 61
60 152 61
76 172 52
77 172 76
78 172 102
79 172 127
80 172 150
81 172 169
82 172 182
83 172 189
84 172 189
85 172 181
86 172 168
87 172 149
87 172 96
88 172 129
88 172 96
89 172 108
89 172 96
90 172 91
90 172 96
91 172 81
91 172 96
92 172 79
92 172 96
92 173 89
92 173 96
93 173 99
93 173 96
93 174 117
93 174 96
94 174 139
94 174 96
94 175 164
94 175 96
94 176 196
94 176 96
95 176 226
95 177 260
95 178 300
95 179 344
95 180 393
96 181 454
97 181 469
98 181 487
99 181 507
100 181 528
101 181 546
102 181 559
103 181 566
104 181 565
105 181 556
106 181 539
107 181 515
108 181 486
109 181 452
110 181 417
111 181 382
112 181 350
113 181 322
114 181 300
114 181 96
114 182 281
114 182 96
115 182 264
115 182 96
115 183 250
115 183 96
115 183 96
116 183 236
116 183 96
116 183 96
117 183 226
117 183 96
117 183 96
118 183 217
118 183 96
118 183 96
119 183 209
119 183 96
120 183 201
120 183 96
121 183 190
121 183 96
122 183 177
123 183 161
29 133 58
29 133 96
29 132 60
29 132 96
29 131 65
29 131 96
29 130 73
29 130 96
29 129 86
29 129 96
29 128 103
29 128 96
29 128 96
29 127 127
29 127 96
29 127 96
29 126 157
29 126 96
29 125 195
29 125 96
29 124 240
29 124 96
29 123 292
