120 189 22
120 189 12
120 189 12
120 189 12
103 9 22
176 19 22
194 74 22
33 22 22
63 147 22
199 68 22
199 80 22
199 80 12
103 0 22
103 0 12
103 0 12
94 4 22
94 4 12
94 4 12
94 4 12
94 4 12
194 85 22
194 85 12
194 85 12
194 85 12
194 85 12
194 85 12
199 91 22
199 91 12
199 91 12
199 91 12
199 91 12
199 91 12
199 91 12
199 91 12
199 91 12
199 91 12
199 91 12
199 91 12
199 91 12
199 91 12
199 91 12
199 91 12
199 91 12
199 91 12
199 91 12
199 91 12
199 91 12
199 91 12
199 91 12
199 91 12
199 91 12
199 91 12
199 91 12
199 91 12
199 91 12
199 91 12
120 199 22
111 195 22
42 27 22
42 16 22
72 152 22
63 158 22
167 25 22
167 25 12
167 25 12
167 25 12
167 25 12
167 25 12
167 25 12
167 25 12
167 25 12
166 13 22
51 22 22
54 152 22
176 8 22
112 3 22
112 3 12
110 184 22
112 14 22
120 8 22
120 8 12
176 0 22
166 2 22
121 0 22
121 0 12
121 0 12
121 0 12
121 0 12
121 0 12
121 0 12
129 3 22
129 3 12
129 3 12
129 3 12
129 3 12
129 3 12
129 3 12
129 3 12
129 3 12
129 3 12
129 3 12
129 3 12
129 3 12
129 3 12
129 3 12
129 3 12
129 3 12
129 3 12
129 3 12
129 3 12
129 3 12
129 3 12
129 3 12
129 3 12
129 3 12
129 3 12
129 3 12
129 3 12
129 3 12
129 3 12
129 3 12
129 3 12
129 3 12
129 3 12
129 3 12
129 3 12
129 3 12
129 3 12
129 3 12
129 3 12
129 3 12
129 3 12
129 3 12
129 3 12
129 3 12
129 3 12
129 3 12
129 3 12
129 3 12
129 3 12
129 3 12
129 3 12
129 3 12
192 62 22
199 56 22
199 56 12
199 56 12
199 56 12
199 56 12
199 56 12
199 56 12
101 189 22
101 179 22
72 163 22
82 158 22
82 168 22
91 174 22
91 184 22
51 11 22
51 11 12
51 11 12
51 11 12
51 11 12
51 11 12
60 16 22
60 16 12
60 16 12
60 16 12
60 16 12
60 16 12
60 16 12
60 16 12
60 16 12
60 16 12
60 16 12
60 16 12
60 16 12
60 16 12
60 16 12
60 16 12
60 16 12
60 16 12
60 16 12
60 16 12
60 16 12
60 16 12
60 16 12
60 16 12
60 16 12
60 16 12
60 16 12
60 16 12
60 16 12
60 16 12
60 16 12
60 16 12
60 16 12
60 16 12
60 16 12
60 16 12
60 16 12
60 16 12
60 16 12
60 16 12
60 16 12
60 16 12
60 16 12
60 16 12
60 16 12
60 16 12
60 16 12
60 16 12
60 16 12
60 16 12
60 16 12
33 33 22
23 28 22
91 163 22
91 163 12
91 163 12
91 163 12
91 163 12
91 163 12
191 50 22
191 50 12
191 50 12
178 31 22
178 31 12
178 31 12
178 31 12
178 31 12
178 31 12
178 31 12
178 31 12
178 31 12
189 38 22
189 38 12
189 38 12
23 39 22
103 20 22
94 15 22
94 15 12
86 10 22
86 10 12
86 10 12
86 10 12
86 10 12
86 10 12
86 10 12
86 10 12
86 10 12
86 10 12
86 10 12
86 10 12
86 10 12
86 10 12
86 10 12
86 10 12
86 10 12
86 10 12
86 10 12
32 44 22
42 39 22
51 33 22
51 44 22
51 44 12
51 44 12
41 50 22
95 26 22
86 21 22
199 44 22
199 44 12
199 44 12
199 44 12
199 44 12
199 44 12
199 44 12
199 44 12
199 44 12
199 44 12
199 44 12
199 44 12
103 31 22
112 26 22
121 20 22
82 179 22
72 174 22
63 169 22
54 163 22
60 38 22
60 38 12
60 27 22
60 27 12
60 27 12
60 27 12
69 32 22
69 32 12
69 32 12
69 32 12
69 32 12
69 32 12
69 32 12
77 27 22
77 27 12
77 27 12
77 27 12
77 27 12
77 27 12
77 27 12
77 27 12
77 27 12
187 26 22
198 32 22
198 32 12
198 32 12
198 32 12
198 32 12
198 32 12
198 32 12
101 168 22
101 168 12
101 168 12
101 168 12
101 168 12
101 168 12
101 168 12
110 173 22
110 173 12
110 173 12
110 173 12
110 173 12
110 173 12
110 173 12
110 173 12
110 173 12
110 173 12
110 173 12
186 14 22
186 3 22
197 20 22
196 9 22
196 0 22
196 0 12
196 0 12
63 179 22
54 174 22
54 174 12
54 174 12
54 174 12
73 185 22
82 190 22
92 195 22
101 199 22
180 43 22
180 43 12
180 43 12
180 43 12
180 43 12
180 43 12
180 43 12
180 43 12
180 43 12
180 43 12
180 43 12
180 43 12
180 43 12
180 43 12
180 43 12
180 43 12
180 43 12
180 43 12
180 43 12
180 43 12
169 37 22
169 37 12
169 37 12
169 37 12
169 37 12
169 37 12
169 37 12
169 37 12
169 37 12
169 37 12
169 37 12
169 37 12
169 37 12
169 37 12
169 37 12
169 37 12
169 37 12
169 37 12
169 37 12
169 37 12
169 37 12
169 37 12
169 37 12
169 37 12
169 37 12
169 37 12
169 37 12
169 37 12
169 37 12
169 37 12
169 37 12
169 37 12
169 37 12
169 37 12
169 37 12
169 37 12
169 37 12
169 37 12
169 37 12
169 37 12
169 37 12
169 37 12
169 37 12
169 37 12
169 37 12
169 37 12
169 37 12
169 37 12
169 37 12
169 37 12
169 37 12
169 37 12
169 37 12
169 37 12
169 37 12
169 37 12
169 37 12
169 37 12
169 37 12
169 37 12
169 37 12
169 37 12
169 37 12
169 37 12
169 37 12
169 37 12
169 37 12
169 37 12
169 37 12
169 37 12
169 37 12
169 37 12
169 37 12
169 37 12
169 37 12
169 37 12
169 37 12
181 55 22
181 55 12
181 55 12
181 55 12
181 55 12
181 55 12
181 55 12
183 67 22
184 79 22
120 178 22
120 178 12
120 178 12
120 178 12
120 178 12
120 178 12
120 178 12
120 178 12
120 178 12
120 178 12
120 178 12
120 178 12
120 178 12
120 178 12
120 178 12
120 178 12
120 178 12
120 178 12
120 178 12
120 178 12
120 178 12
120 178 12
120 178 12
120 178 12
120 178 12
120 178 12
120 178 12
120 178 12
120 178 12
120 178 12
120 178 12
120 178 12
120 178 12
120 178 12
120 178 12
120 178 12
120 178 12
120 178 12
120 178 12
120 178 12
120 178 12
120 178 12
120 178 12
120 178 12
120 178 12
120 178 12
120 178 12
120 178 12
120 178 12
120 178 12
120 178 12
120 178 12
120 178 12
120 178 12
120 178 12
120 178 12
120 178 12
120 178 12
120 178 12
120 178 12
120 178 12
120 178 12
120 178 12
120 178 12
120 178 12
120 178 12
120 178 12
120 178 12
120 178 12
120 178 12
130 194 22
130 194 12
130 194 12
130 194 12
86 32 22
95 37 22
45 168 22
45 168 12
45 168 12
45 168 12
45 168 12
45 168 12
45 168 12
45 168 12
45 168 12
45 168 12
45 168 12
45 168 12
45 168 12
45 168 12
45 168 12
45 168 12
45 168 12
45 168 12
45 168 12
45 168 12
45 168 12
45 158 22
45 158 12
157 19 22
157 19 12
157 19 12
157 19 12
157 19 12
157 19 12
157 19 12
157 19 12
157 19 12
157 19 12
157 19 12
157 19 12
157 19 12
157 19 12
157 19 12
157 19 12
157 19 12
157 19 12
157 19 12
157 19 12
157 19 12
157 19 12
157 19 12
157 19 12
157 19 12
157 19 12
157 19 12
157 19 12
157 19 12
157 19 12
157 19 12
157 19 12
157 19 12
157 19 12
157 19 12
157 19 12
157 19 12
157 19 12
157 19 12
157 19 12
157 19 12
157 19 12
157 19 12
157 19 12
157 19 12
157 19 12
157 19 12
157 19 12
83 199 22
73 195 22
64 190 22
64 190 12
64 190 12
54 185 22
54 185 12
54 185 12
54 185 12
54 185 12
54 185 12
54 185 12
54 185 12
54 185 12
54 185 12
54 185 12
54 185 12
54 185 12
54 185 12
54 185 12
54 185 12
54 185 12
54 185 12
54 185 12
54 185 12
54 185 12
54 185 12
54 185 12
54 185 12
54 185 12
54 185 12
54 185 12
54 185 12
54 185 12
54 185 12
54 185 12
54 185 12
54 185 12
54 185 12
54 185 12
54 185 12
54 185 12
54 185 12
54 185 12
54 185 12
54 185 12
54 185 12
54 185 12
54 185 12
54 185 12
54 185 12
54 185 12
54 185 12
54 185 12
54 185 12
54 185 12
54 185 12
64 199 22
64 199 12
64 199 12
64 199 12
173 73 22
172 61 22
172 61 12
77 38 22
77 38 12
77 38 12
77 38 12
86 43 22
86 43 12
68 44 22
68 44 12
68 44 12
68 44 12
68 44 12
68 44 12
68 44 12
68 44 12
68 44 12
68 44 12
68 44 12
68 44 12
68 44 12
68 44 12
68 44 12
68 44 12
68 44 12
68 44 12
68 44 12
68 44 12
68 44 12
68 44 12
68 44 12
68 44 12
68 44 12
68 44 12
68 44 12
68 44 12
68 44 12
68 44 12
68 44 12
68 44 12
68 44 12
68 44 12
68 44 12
68 44 12
68 44 12
68 44 12
68 44 12
68 44 12
68 44 12
68 44 12
68 44 12
68 44 12
68 44 12
68 44 12
68 44 12
68 44 12
68 44 12
68 44 12
68 44 12
68 44 12
68 44 12
68 44 12
68 44 12
68 44 12
68 44 12
68 44 12
68 44 12
68 44 12
68 44 12
68 44 12
68 44 12
68 44 12
157 8 22
157 0 22
147 2 22
147 2 12
147 2 12
147 2 12
147 2 12
147 2 12
77 15 22
77 15 12
77 15 12
77 15 12
77 15 12
77 15 12
77 15 12
77 15 12
77 15 12
77 15 12
77 15 12
77 15 12
77 15 12
77 15 12
77 15 12
77 15 12
77 15 12
77 15 12
77 15 12
77 15 12
77 15 12
77 15 12
77 15 12
77 15 12
77 15 12
77 15 12
77 15 12
77 15 12
77 15 12
77 15 12
77 15 12
77 15 12
77 15 12
77 15 12
77 15 12
77 15 12
77 15 12
69 21 22
69 21 12
69 21 12
69 21 12
69 21 12
69 21 12
69 21 12
69 21 12
69 21 12
69 21 12
69 21 12
69 21 12
69 21 12
69 21 12
69 21 12
69 21 12
69 21 12
69 21 12
69 21 12
69 21 12
69 21 12
69 21 12
69 21 12
69 21 12
69 21 12
69 21 12
69 21 12
69 21 12
55 195 22
55 195 12
55 195 12
55 195 12
55 195 12
55 195 12
55 195 12
55 195 12
55 195 12
55 195 12
55 195 12
55 195 12
55 195 12
55 195 12
55 195 12
55 195 12
55 195 12
55 195 12
55 195 12
55 195 12
55 195 12
55 195 12
55 195 12
55 195 12
55 195 12
55 195 12
55 195 12
55 195 12
55 195 12
55 195 12
55 195 12
55 195 12
55 195 12
55 195 12
55 195 12
55 195 12
55 195 12
55 195 12
55 195 12
55 195 12
55 195 12
55 195 12
55 195 12
55 195 12
55 195 12
55 195 12
55 195 12
55 195 12
55 195 12
55 195 12
55 195 12
55 195 12
55 195 12
55 195 12
55 195 12
55 195 12
55 195 12
55 195 12
55 195 12
55 195 12
55 195 12
55 195 12
55 195 12
55 195 12
55 195 12
148 13 22
148 13 12
148 13 12
148 13 12
148 13 12
148 13 12
148 13 12
148 13 12
148 13 12
148 13 12
148 13 12
148 13 12
148 13 12
148 13 12
148 13 12
148 13 12
148 13 12
148 13 12
148 13 12
148 13 12
148 13 12
148 13 12
148 13 12
148 13 12
148 13 12
148 13 12
148 13 12
148 13 12
148 13 12
148 13 12
148 13 12
148 13 12
148 13 12
148 13 12
148 13 12
148 13 12
148 13 12
148 13 12
148 13 12
148 13 12
148 13 12
148 13 12
148 13 12
148 13 12
148 13 12
148 13 12
148 13 12
148 13 12
148 13 12
148 13 12
148 13 12
148 13 12
148 13 12
148 13 12
148 13 12
148 13 12
148 13 12
148 13 12
148 13 12
148 13 12
148 13 12
148 13 12
148 13 12
148 13 12
148 13 12
148 13 12
148 13 12
148 13 12
148 13 12
148 13 12
148 13 12
148 13 12
148 13 12
148 13 12
148 13 12
148 13 12
148 13 12
148 13 12
148 13 12
148 13 12
148 13 12
138 0 22
138 0 12
138 0 12
138 0 12
138 0 12
138 0 12
138 0 12
138 0 12
138 0 12
138 0 12
45 147 22
45 147 12
54 141 22
54 141 12
63 136 22
63 136 12
63 136 12
63 136 12
63 136 12
63 136 12
63 136 12
63 136 12
63 136 12
63 136 12
63 136 12
73 141 22
73 141 12
73 141 12
73 141 12
73 141 12
73 141 12
73 141 12
73 141 12
73 141 12
82 147 22
82 147 12
82 147 12
82 147 12
82 147 12
82 147 12
82 147 12
82 147 12
82 147 12
82 147 12
82 147 12
82 147 12
82 147 12
92 152 22
92 152 12
92 152 12
92 152 12
92 152 12
92 152 12
92 152 12
92 152 12
92 152 12
92 152 12
92 152 12
92 152 12
92 152 12
92 152 12
92 152 12
92 152 12
92 152 12
92 152 12
92 152 12
92 152 12
92 152 12
92 152 12
92 152 12
92 152 12
92 152 12
101 157 22
101 157 12
101 157 12
101 157 12
101 157 12
101 157 12
101 157 12
101 157 12
101 157 12
101 157 12
101 157 12
101 157 12
101 157 12
101 157 12
101 157 12
101 157 12
101 157 12
101 157 12
101 157 12
101 157 12
101 157 12
101 157 12
101 157 12
101 157 12
101 157 12
101 157 12
101 157 12
101 157 12
101 157 12
101 157 12
101 157 12
101 157 12
101 157 12
111 162 22
111 162 12
111 162 12
111 162 12
111 162 12
111 162 12
111 162 12
111 162 12
111 162 12
111 162 12
111 162 12
111 162 12
111 162 12
111 162 12
111 162 12
111 162 12
111 162 12
111 162 12
111 162 12
111 162 12
111 162 12
111 162 12
111 162 12
111 162 12
111 162 12
111 162 12
111 162 12
111 162 12
111 162 12
111 162 12
111 162 12
111 162 12
111 162 12
111 162 12
111 162 12
111 162 12
111 162 12
111 162 12
111 162 12
111 162 12
111 162 12
111 162 12
111 162 12
111 162 12
111 162 12
111 162 12
111 162 12
111 162 12
111 162 12
111 162 12
111 162 12
111 162 12
111 162 12
111 162 12
111 162 12
111 162 12
111 162 12
111 162 12
111 162 12
111 162 12
111 162 12
111 162 12
111 162 12
111 162 12
111 162 12
111 162 12
111 162 12
111 162 12
111 162 12
111 162 12
111 162 12
111 162 12
111 162 12
111 162 12
35 152 22
35 152 12
35 152 12
35 152 12
35 152 12
35 152 12
35 152 12
35 152 12
35 152 12
35 152 12
35 152 12
35 152 12
35 152 12
35 152 12
35 152 12
35 152 12
36 163 22
36 163 12
36 163 12
36 163 12
36 163 12
36 163 12
36 163 12
36 163 12
36 163 12
36 163 12
36 163 12
36 163 12
36 163 12
36 163 12
36 163 12
36 163 12
36 163 12
36 163 12
36 163 12
36 163 12
36 163 12
36 163 12
36 163 12
36 163 12
36 163 12
36 163 12
36 163 12
36 163 12
36 163 12
36 163 12
36 163 12
36 163 12
36 163 12
36 163 12
36 163 12
36 141 22
36 141 12
36 141 12
36 141 12
45 135 22
45 135 12
45 135 12
45 135 12
45 135 12
45 135 12
45 135 12
45 135 12
45 135 12
45 135 12
45 135 12
45 135 12
45 135 12
45 135 12
54 130 22
54 130 12
54 130 12
54 130 12
54 130 12
54 130 12
54 130 12
54 130 12
54 130 12
54 130 12
54 130 12
54 130 12
54 130 12
54 130 12
54 130 12
54 130 12
54 130 12
54 130 12
54 130 12
54 130 12
54 130 12
54 130 12
54 130 12
54 130 12
54 130 12
54 130 12
54 130 12
54 130 12
54 130 12
54 130 12
54 130 12
54 130 12
54 130 12
54 130 12
54 130 12
54 130 12
54 130 12
54 130 12
54 130 12
54 130 12
54 130 12
54 130 12
54 130 12
54 130 12
54 130 12
54 130 12
54 130 12
54 130 12
54 130 12
54 130 12
54 130 12
54 130 12
54 130 12
54 130 12
54 130 12
54 130 12
54 130 12
54 130 12
54 130 12
54 130 12
54 130 12
54 130 12
54 130 12
54 130 12
54 130 12
54 130 12
54 130 12
54 130 12
54 130 12
36 129 22
36 129 12
36 129 12
36 129 12
36 129 12
36 129 12
36 129 12
27 135 22
27 135 12
27 135 12
27 135 12
27 135 12
27 135 12
26 146 22
26 146 12
26 146 12
26 146 12
26 146 12
26 146 12
26 146 12
26 146 12
26 146 12
26 146 12
26 146 12
26 146 12
26 146 12
26 146 12
26 146 12
26 146 12
26 146 12
26 146 12
26 146 12
26 146 12
26 146 12
26 146 12
26 146 12
26 146 12
26 146 12
26 146 12
26 146 12
26 146 12
26 146 12
26 146 12
26 146 12
26 146 12
26 146 12
27 123 22
27 123 12
27 123 12
18 129 22
18 129 12
18 140 22
18 140 12
18 140 12
18 140 12
18 140 12
18 140 12
18 140 12
8 134 22
8 134 12
8 134 12
8 134 12
8 134 12
8 134 12
8 134 12
8 134 12
8 134 12
8 134 12
8 134 12
8 134 12
8 134 12
8 145 22
8 145 12
8 145 12
8 145 12
8 145 12
8 145 12
8 145 12
8 145 12
8 145 12
8 145 12
8 145 12
8 145 12
8 145 12
8 145 12
8 145 12
8 145 12
8 145 12
8 145 12
8 145 12
8 145 12
8 145 12
8 145 12
8 145 12
8 145 12
8 145 12
8 145 12
8 145 12
8 145 12
8 145 12
8 145 12
8 145 12
8 145 12
8 145 12
8 145 12
8 145 12
8 145 12
8 145 12
8 145 12
8 145 12
8 145 12
8 145 12
8 145 12
8 145 12
8 145 12
36 118 22
36 118 12
36 118 12
36 118 12
28 112 22
18 117 22
9 123 22
45 124 22
45 124 12
45 124 12
45 124 12
45 124 12
45 124 12
45 124 12
45 124 12
45 124 12
45 124 12
45 124 12
45 124 12
45 124 12
45 124 12
45 124 12
45 124 12
45 124 12
45 124 12
45 124 12
45 124 12
45 124 12
45 124 12
45 124 12
45 124 12
45 124 12
45 124 12
45 124 12
45 124 12
45 124 12
45 124 12
0 128 22
0 128 12
0 117 22
0 117 12
9 111 22
19 106 22
0 139 22
0 139 12
0 139 12
0 139 12
0 139 12
0 139 12
0 139 12
0 139 12
0 139 12
0 139 12
0 139 12
0 139 12
0 139 12
0 139 12
28 101 22
37 106 22
46 112 22
46 112 12
46 112 12
46 112 12
46 112 12
46 112 12
46 112 12
46 112 12
46 112 12
46 112 12
46 112 12
46 112 12
46 112 12
19 95 22
10 100 22
0 106 22
10 89 22
0 94 22
1 83 22
42 5 22
42 5 12
42 5 12
42 5 12
42 5 12
42 5 12
42 5 12
42 5 12
42 5 12
42 5 12
42 5 12
42 5 12
42 5 12
42 5 12
42 5 12
42 5 12
42 5 12
42 5 12
42 5 12
42 5 12
33 11 22
23 17 22
23 6 22
32 0 22
11 78 22
20 83 22
29 89 22
38 95 22
47 101 22
47 101 12
47 101 12
50 55 22
50 55 12
50 55 12
50 55 12
50 55 12
50 55 12
50 55 12
50 55 12
50 55 12
50 55 12
50 55 12
50 55 12
50 55 12
50 55 12
50 55 12
50 55 12
50 55 12
50 55 12
50 55 12
50 55 12
59 50 22
59 50 12
59 50 12
59 50 12
59 50 12
59 50 12
59 50 12
59 50 12
59 50 12
59 50 12
59 50 12
59 50 12
59 50 12
59 50 12
59 50 12
59 50 12
59 50 12
59 50 12
59 50 12
59 50 12
59 50 12
59 50 12
59 50 12
59 50 12
59 50 12
59 50 12
59 50 12
59 50 12
59 50 12
59 50 12
59 50 12
59 50 12
59 50 12
59 50 12
59 50 12
59 50 12
59 50 12
59 50 12
59 50 12
59 50 12
59 50 12
59 50 12
59 50 12
59 50 12
59 50 12
59 50 12
59 50 12
59 50 12
59 50 12
59 50 12
59 50 12
59 50 12
59 50 12
59 50 12
59 50 12
59 50 12
59 50 12
59 50 12
59 50 12
59 50 12
59 50 12
59 50 12
59 50 12
59 50 12
59 50 12
59 50 12
59 50 12
59 50 12
59 50 12
59 50 12
59 50 12
59 50 12
59 50 12
59 50 12
59 50 12
59 50 12
59 50 12
59 50 12
59 50 12
59 50 12
1 72 22
11 67 22
21 72 22
30 78 22
39 84 22
39 84 12
39 84 12
39 84 12
39 84 12
48 89 22
48 89 12
48 89 12
48 89 12
48 89 12
48 89 12
48 89 12
48 89 12
48 89 12
48 89 12
48 89 12
40 61 22
40 61 12
40 61 12
40 61 12
31 67 22
62 147 15
61 147 15
60 147 15
59 147 15
58 147 15
57 147 15
56 147 15
55 147 15
54 147 15
53 147 15
52 147 15
51 147 15
50 147 18
49 147 23
48 147 26
47 147 28
46 147 29
28 135 88
29 135 95
30 135 99
30 135 12
31 135 99
31 135 12
31 135 12
32 135 94
32 135 12
32 135 12
32 135 12
32 135 12
33 135 87
33 135 12
33 135 12
33 135 12
33 135 12
33 135 12
34 135 78
34 135 12
34 135 12
34 135 12
34 135 12
34 135 12
35 135 68
35 135 12
35 135 12
35 135 12
35 135 12
35 135 12
36 135 58
36 135 12
36 135 12
36 135 12
36 135 12
36 135 12
37 135 51
37 135 12
37 135 12
37 135 12
37 135 12
37 136 45
37 136 12
37 136 12
37 136 12
37 136 12
37 136 12
37 137 39
37 137 12
37 137 12
37 137 12
37 137 12
37 137 12
38 137 33
38 137 12
38 137 12
38 137 12
38 137 12
38 137 12
38 138 28
38 138 12
38 138 12
38 138 12
38 138 12
38 138 12
39 138 24
39 138 12
39 138 12
39 138 12
39 138 12
39 138 12
39 139 19
39 139 12
39 139 12
39 139 12
39 139 12
39 139 12
39 140 17
39 140 12
39 140 12
39 140 12
39 140 12
39 140 12
40 140 15
40 140 12
40 140 12
40 140 12
40 140 12
40 140 12
40 140 12
40 141 15
40 141 12
40 141 12
40 141 12
40 141 12
40 141 12
41 141 15
41 141 12
41 141 12
41 141 12
41 141 12
41 141 12
41 141 12
41 142 15
41 142 12
41 142 12
41 142 12
41 142 12
41 142 12
42 142 15
42 142 12
42 142 12
42 142 12
42 142 12
42 142 12
42 143 16
42 143 12
42 143 12
42 143 12
42 143 12
42 143 12
42 144 18
42 144 12
42 144 12
42 144 12
42 144 12
42 144 12
43 144 20
43 144 12
43 144 12
43 144 12
43 145 22
43 145 12
43 145 12
43 145 12
43 145 12
44 145 23
44 145 12
44 145 12
45 145 25
45 145 12
45 146 27
45 146 12
28 102 15
28 103 15
28 104 15
28 105 15
28 106 15
28 107 15
28 108 15
28 109 15
28 110 15
28 111 15
27 112 15
26 112 15
25 112 15
24 112 15
23 112 15
23 113 15
23 114 15
23 115 15
23 116 15
23 117 15
22 117 15
22 118 15
22 119 15
22 120 15
22 121 15
22 122 15
22 123 15
22 124 15
22 124 12
22 125 15
22 125 12
22 126 15
22 126 12
22 127 15
22 127 12
22 128 15
22 128 12
22 129 15
22 129 12
22 130 15
22 130 12
22 130 12
22 131 15
22 131 12
22 131 12
22 132 15
22 132 12
22 132 12
22 132 12
22 133 15
22 133 12
22 133 12
22 133 12
22 133 12
22 133 12
22 134 15
22 134 12
22 134 12
22 134 12
22 134 12
22 134 12
22 134 12
22 134 12
22 135 15
22 135 12
22 135 12
22 135 12
22 135 12
22 135 12
22 135 12
22 135 12
22 135 12
22 135 12
23 135 18
23 135 12
23 135 12
23 135 12
23 135 12
23 135 12
23 135 12
23 135 12
23 135 12
24 135 32
24 135 12
24 135 12
24 135 12
24 135 12
24 135 12
24 135 12
25 135 47
25 135 12
25 135 12
25 135 12
25 135 12
26 135 62
26 135 12
26 135 12
29 78 15
29 79 15
29 80 15
29 81 15
29 82 15
29 83 15
29 84 15
29 85 15
29 86 15
29 87 15
29 88 15
28 89 15
27 89 15
27 90 15
26 90 15
26 91 15
26 92 15
26 93 15
26 94 15
26 95 15
26 96 15
26 97 15
26 98 15
26 99 15
26 100 15
26 101 15
27 101 15
31 68 15
31 68 12
30 68 15
30 69 15
30 70 15
30 71 15
30 72 15
30 73 15
30 74 15
30 75 15
30 76 15
30 77 15
32 67 20
32 67 12
33 67 26
33 67 12
34 67 36
34 67 12
34 66 44
35 66 52
35 65 60
36 65 66
37 65 73
37 64 74
38 64 77
38 63 75
39 63 72
39 62 68
40 62 60
41 61 40
41 61 12
41 60 30
41 60 12
42 60 16
42 60 12
42 60 12
42 59 15
42 59 12
42 59 12
42 58 15
42 58 12
42 58 12
42 57 15
42 57 12
42 56 15
42 56 12
42 55 15
42 55 12
42 54 15
42 54 12
42 53 15
42 53 12
42 52 15
42 52 12
42 51 15
42 50 15
42 49 15
42 49 12
42 48 15
42 47 15
42 46 15
42 45 15
42 44 15
42 43 15
42 42 15
42 41 15
42 40 15
59 38 15
59 38 12
58 38 15
58 38 12
57 38 15
56 38 15
55 38 15
54 38 15
54 39 15
53 39 15
52 39 15
51 39 15
50 39 15
49 39 15
48 39 15
47 39 15
46 39 15
45 39 15
44 39 15
43 39 15
60 37 15
60 37 12
61 37 15
61 37 12
61 37 12
61 36 15
61 36 12
61 36 12
62 36 15
62 36 12
62 36 12
62 36 12
62 35 15
62 35 12
62 35 12
62 35 12
63 35 15
63 35 12
63 35 12
63 35 12
63 35 12
64 35 15
64 35 12
64 35 12
64 35 12
64 35 12
64 35 12
65 35 15
65 35 12
65 35 12
65 35 12
65 35 12
65 35 12
65 35 12
66 35 38
66 35 12
66 35 12
66 35 12
66 35 12
66 35 12
67 35 63
67 35 12
67 35 12
67 35 12
67 35 12
68 35 84
68 35 12
68 35 12
68 35 12
69 35 103
69 35 12
69 35 12
70 35 117
70 35 12
70 35 12
71 35 126
71 35 12
71 35 12
72 35 129
72 35 12
72 35 12
73 35 127
73 35 12
73 35 12
73 35 12
74 35 121
74 35 12
74 35 12
75 35 110
75 35 12
76 35 95
77 35 79
78 35 61
79 35 42
80 35 24
81 35 15
82 35 15
83 35 15
83 34 15
84 34 15
85 34 15
86 34 15
86 33 15
87 32 15
88 32 15
89 32 15
90 32 15
91 32 15
92 32 15
93 32 15
93 31 15
94 31 15
95 31 15
96 31 15
97 31 15
98 31 15
99 31 15
100 31 15
101 31 15
102 31 15
103 30 15
104 30 15
104 29 15
104 28 15
104 27 15
105 27 15
105 26 15
106 26 15
107 26 15
108 26 15
109 26 15
110 26 15
111 26 15
112 25 15
112 24 15
112 23 15
112 22 15
112 21 15
112 20 15
112 19 15
112 18 15
112 17 15
112 16 15
112 15 15
113 14 15
114 14 15
114 13 15
114 12 15
114 11 15
114 10 15
114 10 12
114 9 15
114 9 12
114 8 15
114 8 12
114 7 15
114 7 12
114 7 12
114 6 15
114 6 12
114 6 12
114 5 15
114 5 12
114 5 12
113 5 15
113 5 12
113 5 12
113 4 15
113 4 12
113 4 12
113 3 15
113 3 12
113 3 12
137 0 183
136 0 243
135 0 302
134 0 357
133 0 405
132 0 441
131 0 463
130 0 471
129 0 463
128 0 440
127 0 404
126 0 358
125 0 303
124 0 246
123 0 188
122 0 135
120 0 52
120 0 12
120 0 12
119 0 26
119 0 12
119 0 12
119 0 12
119 0 12
119 1 15
119 1 12
119 1 12
119 1 12
119 1 12
119 2 15
119 2 12
119 2 12
119 2 12
119 2 12
119 3 15
119 3 12
119 3 12
119 3 12
118 3 15
118 3 12
118 3 12
118 3 12
117 3 15
117 3 12
117 3 12
117 3 12
116 3 15
116 3 12
116 3 12
116 3 12
115 3 15
115 3 12
115 3 12
114 3 15
114 3 12
114 3 12
139 0 73
139 0 12
139 0 12
139 0 12
139 0 12
139 0 12
140 0 28
140 0 12
140 0 12
140 0 12
140 0 12
140 0 12
140 0 12
140 0 12
140 0 12
140 0 12
141 0 15
141 0 12
141 0 12
141 0 12
141 0 12
141 0 12
141 0 12
141 0 12
141 0 12
141 0 12
142 0 15
142 0 12
142 0 12
142 0 12
142 0 12
142 0 12
142 0 12
142 0 12
142 0 12
143 0 15
143 0 12
143 0 12
143 0 12
143 0 12
143 0 12
143 0 12
143 0 12
144 0 15
144 0 12
144 0 12
144 0 12
144 0 12
144 0 12
144 0 12
145 0 15
145 0 12
145 0 12
145 0 12
145 0 12
145 0 12
146 0 15
146 0 12
146 0 12
146 0 12
146 0 12
147 0 15
147 0 12
147 0 12
147 0 12
148 0 15
148 0 12
148 0 12
148 0 12
149 0 15
149 0 12
149 0 12
149 0 12
150 0 15
150 0 12
150 0 12
150 0 12
151 0 15
151 0 12
151 0 12
152 0 15
152 0 12
152 0 12
153 0 15
153 0 12
153 0 12
154 0 15
154 0 12
155 0 15
155 0 12
156 0 15
156 0 12
157 1 15
157 2 15
157 3 15
157 4 15
157 5 15
157 6 15
157 7 15
157 7 12
158 8 15
158 8 12
159 8 15
159 8 12
159 9 15
159 9 12
160 9 15
160 9 12
161 9 15
161 10 15
161 10 12
161 11 15
161 11 12
162 11 15
162 11 12
162 12 15
162 12 12
163 12 15
163 12 12
164 12 15
165 12 15
165 13 15
166 14 15
166 15 15
166 16 15
166 16 12
166 17 15
166 17 12
166 18 15
166 18 12
167 18 15
167 18 12
167 19 15
167 19 12
168 19 15
168 19 12
169 19 15
169 19 12
170 19 15
170 19 12
171 19 15
172 19 15
173 19 15
174 19 15
175 19 15
176 20 15
177 20 15
178 20 15
178 21 15
178 22 15
178 23 15
179 23 15
180 23 15
180 24 15
181 24 15
182 24 15
183 24 15
183 25 15
184 25 15
184 26 15
184 27 15
184 28 15
184 29 15
184 29 12
184 30 18
184 31 24
185 31 29
185 32 33
185 33 36
185 34 38
185 35 40
186 35 40
186 36 38
186 37 36
186 38 33
186 39 29
186 40 26
186 40 12
186 41 23
186 41 12
186 41 12
186 41 12
186 42 20
186 42 12
186 42 12
186 42 12
186 42 12
187 42 18
187 42 12
187 42 12
187 42 12
187 42 12
187 43 17
187 43 12
187 43 12
187 43 12
187 43 12
187 43 12
187 44 17
187 44 12
187 44 12
187 44 12
187 44 12
187 44 12
188 44 18
188 44 12
188 44 12
188 44 12
188 44 12
188 44 12
188 45 19
188 45 12
188 45 12
188 45 12
188 45 12
188 45 12
189 45 22
189 45 12
189 45 12
189 45 12
189 45 12
189 45 12
189 46 24
189 46 12
189 46 12
189 46 12
189 46 12
190 46 27
190 46 12
190 46 12
190 46 12
190 47 30
190 47 12
190 47 12
191 47 33
191 47 12
191 47 12
191 48 35
191 48 12
191 49 38
191 49 12
192 50 39
192 50 12
193 50 39
193 50 12
193 51 38
193 51 12
193 52 36
193 52 12
193 52 12
193 53 32
193 53 12
193 53 12
193 54 28
193 54 12
193 54 12
193 54 12
193 55 23
193 55 12
193 55 12
193 55 12
194 55 17
194 55 12
194 55 12
194 55 12
194 55 12
194 56 15
194 56 12
194 56 12
194 56 12
194 56 12
194 57 15
194 57 12
194 57 12
194 57 12
194 57 12
195 57 15
195 57 12
195 57 12
195 57 12
195 57 12
195 58 15
195 58 12
195 58 12
195 58 12
195 58 12
195 59 15
195 59 12
195 59 12
195 59 12
195 59 12
195 60 15
195 60 12
195 60 12
195 60 12
195 61 15
195 61 12
195 61 12
195 62 15
195 62 12
195 62 12
195 63 15
195 63 12
195 64 15
195 64 12
195 65 15
195 66 15
195 67 15
195 68 15
195 69 15
195 70 15
195 71 15
195 72 15
195 72 12
195 73 15
195 73 12
195 74 15
195 74 12
111 3 42
110 3 51
109 3 53
108 3 48
107 3 37
106 3 21
105 3 15
104 3 15
103 3 15
103 3 12
103 4 15
103 4 12
103 5 15
103 5 12
103 6 15
103 6 12
103 7 15
103 7 12
103 8 15
103 8 12
41 40 15
40 40 19
39 40 23
38 40 24
37 40 20
36 40 15
35 40 15
35 39 15
34 39 15
33 39 15
33 38 15
33 37 15
33 36 15
33 35 15
33 34 15
32 33 15
32 32 15
32 31 15
32 30 15
32 29 15
32 28 15
32 27 15
32 26 15
32 25 15
32 24 15
32 23 15
32 22 15
58 148 15
58 149 15
58 150 15
58 151 16
58 152 19
58 153 19
58 154 18
58 155 16
58 156 15
58 157 15
58 158 15
59 158 15
60 158 15
61 158 15
62 158 15
63 159 15
63 160 15
64 160 15
65 160 15
66 160 16
67 160 16
68 160 16
69 160 15
70 160 15
71 160 15
72 160 15
72 161 15
72 162 15
73 163 15
74 163 15
75 163 15
76 163 15
77 163 15
78 163 15
79 163 15
79 164 15
79 165 16
80 165 17
80 166 18
80 167 18
80 168 18
81 168 17
82 169 15
82 170 15
82 171 15
82 172 15
82 173 15
82 174 15
82 175 15
82 176 15
82 177 15
82 178 15
83 179 15
84 179 15
85 179 15
86 179 15
87 179 15
88 179 15
88 180 15
88 181 15
88 182 15
88 183 15
88 184 15
88 185 15
88 186 15
88 187 15
88 188 15
88 189 15
88 190 15
88 191 15
88 192 15
89 192 15
90 192 15
91 192 15
92 192 16
93 192 16
94 192 15
95 192 15
96 192 15
97 192 15
98 192 15
99 192 15
100 192 15
100 191 15
101 191 15
102 191 15
102 190 15
103 190 15
104 190 15
105 190 15
106 190 15
107 190 15
108 190 15
109 190 15
110 190 15
111 190 15
112 190 15
113 190 15
114 190 15
115 190 15
116 190 15
117 190 15
117 190 12
118 190 15
118 190 12
119 190 15
119 190 12
120 190 15
120 190 12
120 190 12
