188 118 16
2 161 16
11 166 16
11 166 6
11 166 6
11 166 6
11 166 6
11 166 6
11 166 6
11 166 6
11 166 6
11 166 6
11 166 6
11 166 6
11 166 6
11 166 6
11 166 6
11 166 6
11 166 6
11 166 6
11 166 6
11 166 6
11 166 6
11 166 6
11 166 6
11 166 6
11 166 6
11 166 6
11 166 6
11 166 6
11 166 6
11 166 6
11 166 6
179 123 16
179 112 16
179 112 6
179 112 6
179 112 6
179 112 6
179 112 6
11 155 16
11 155 6
11 155 6
11 155 6
11 155 6
11 155 6
11 155 6
11 155 6
11 155 6
11 155 6
11 155 6
11 155 6
11 155 6
11 155 6
11 155 6
2 150 16
2 150 6
2 150 6
2 150 6
188 107 16
188 107 6
188 129 16
188 129 6
179 134 16
11 144 16
11 144 6
11 144 6
11 144 6
11 144 6
11 144 6
11 144 6
11 144 6
11 144 6
11 144 6
11 144 6
11 144 6
11 144 6
11 144 6
11 144 6
11 144 6
11 144 6
11 144 6
11 144 6
11 144 6
11 144 6
11 144 6
11 144 6
11 144 6
11 144 6
11 144 6
11 144 6
11 144 6
11 144 6
11 144 6
11 144 6
11 144 6
11 144 6
11 144 6
11 144 6
11 144 6
11 144 6
11 144 6
11 144 6
11 144 6
11 144 6
11 144 6
11 144 6
11 144 6
11 144 6
11 144 6
11 144 6
11 144 6
11 144 6
11 144 6
11 144 6
11 144 6
2 172 16
2 172 6
2 172 6
2 172 6
2 172 6
2 172 6
2 172 6
2 172 6
2 172 6
2 172 6
2 172 6
2 172 6
2 172 6
2 172 6
2 172 6
2 172 6
2 172 6
2 172 6
2 172 6
2 172 6
2 172 6
2 172 6
2 172 6
2 172 6
2 172 6
2 172 6
188 140 16
188 140 6
188 140 6
188 140 6
188 140 6
188 140 6
188 140 6
188 140 6
188 140 6
188 140 6
188 140 6
188 140 6
188 140 6
188 140 6
188 140 6
188 140 6
188 140 6
188 140 6
188 140 6
188 140 6
188 140 6
188 140 6
188 140 6
188 140 6
188 140 6
188 140 6
188 140 6
188 140 6
188 140 6
188 140 6
188 140 6
188 140 6
188 140 6
188 140 6
188 140 6
188 140 6
188 140 6
188 140 6
11 177 16
11 177 6
11 177 6
11 177 6
11 177 6
11 177 6
11 177 6
11 177 6
11 177 6
11 177 6
11 177 6
11 177 6
11 177 6
11 177 6
11 177 6
11 177 6
11 177 6
11 177 6
11 177 6
11 177 6
11 177 6
11 177 6
11 177 6
11 177 6
11 177 6
11 177 6
11 177 6
11 177 6
11 177 6
11 177 6
11 177 6
11 177 6
11 177 6
11 177 6
11 177 6
11 177 6
11 177 6
11 177 6
11 177 6
11 177 6
11 177 6
11 177 6
11 177 6
11 177 6
11 177 6
11 177 6
11 177 6
11 177 6
11 177 6
11 177 6
11 177 6
11 177 6
11 177 6
11 177 6
11 177 6
11 177 6
11 177 6
11 177 6
11 177 6
11 177 6
11 177 6
11 177 6
11 177 6
11 177 6
11 177 6
11 177 6
11 177 6
11 177 6
11 177 6
11 177 6
11 177 6
11 177 6
11 177 6
11 177 6
11 177 6
11 177 6
11 177 6
11 177 6
11 177 6
11 177 6
11 177 6
11 177 6
11 177 6
11 177 6
11 177 6
11 177 6
11 177 6
11 177 6
11 177 6
11 177 6
11 177 6
11 177 6
11 177 6
11 177 6
11 177 6
11 177 6
11 177 6
11 177 6
11 177 6
11 177 6
11 177 6
11 177 6
11 177 6
11 177 6
11 177 6
11 177 6
11 177 6
11 177 6
11 177 6
11 177 6
11 177 6
11 177 6
11 177 6
11 177 6
11 177 6
11 177 6
11 177 6
179 101 16
179 101 6
179 101 6
179 101 6
179 101 6
179 101 6
179 101 6
179 101 6
179 101 6
179 101 6
179 101 6
179 101 6
179 101 6
179 101 6
179 101 6
179 101 6
179 101 6
179 101 6
179 101 6
179 101 6
179 101 6
179 101 6
179 101 6
179 101 6
179 101 6
179 101 6
179 101 6
179 101 6
179 101 6
179 101 6
179 101 6
179 101 6
179 101 6
179 101 6
179 101 6
179 101 6
179 101 6
179 101 6
179 101 6
179 101 6
179 101 6
179 101 6
179 101 6
179 101 6
179 101 6
179 101 6
179 101 6
179 101 6
179 101 6
179 101 6
179 101 6
179 101 6
179 101 6
179 101 6
179 101 6
179 101 6
179 101 6
179 101 6
179 101 6
179 101 6
179 101 6
179 101 6
179 101 6
179 101 6
179 101 6
179 101 6
179 101 6
179 101 6
179 101 6
179 101 6
179 101 6
179 101 6
179 101 6
179 101 6
179 101 6
179 101 6
179 101 6
179 101 6
179 101 6
179 101 6
179 101 6
179 101 6
179 101 6
179 101 6
179 101 6
179 101 6
179 101 6
179 101 6
179 101 6
179 101 6
179 101 6
179 101 6
179 101 6
179 101 6
179 101 6
179 101 6
179 101 6
179 101 6
179 101 6
179 101 6
2 139 16
2 139 6
2 139 6
2 139 6
2 139 6
179 145 16
11 133 16
11 133 6
11 133 6
11 133 6
11 133 6
11 133 6
11 133 6
11 133 6
11 133 6
11 133 6
11 133 6
11 133 6
11 133 6
11 133 6
11 133 6
1 128 16
1 128 6
1 128 6
1 128 6
1 128 6
1 128 6
1 128 6
1 128 6
1 128 6
1 128 6
1 128 6
1 128 6
1 128 6
1 128 6
1 128 6
1 128 6
1 128 6
1 128 6
1 128 6
1 128 6
1 128 6
1 128 6
1 128 6
1 128 6
169 140 16
170 150 16
170 150 6
170 150 6
170 150 6
170 150 6
170 150 6
170 150 6
170 150 6
170 150 6
170 150 6
170 150 6
170 150 6
170 150 6
170 150 6
170 150 6
170 150 6
170 150 6
170 150 6
170 150 6
170 150 6
170 150 6
11 122 16
11 122 6
11 122 6
11 122 6
11 122 6
11 122 6
11 122 6
11 122 6
11 122 6
11 122 6
11 122 6
11 122 6
11 122 6
11 122 6
11 122 6
11 122 6
11 122 6
11 122 6
11 122 6
11 122 6
11 122 6
11 122 6
11 122 6
11 122 6
11 122 6
11 122 6
11 122 6
11 122 6
11 122 6
11 122 6
11 122 6
11 122 6
11 122 6
11 122 6
11 122 6
11 122 6
11 122 6
11 122 6
11 122 6
11 122 6
11 122 6
11 122 6
11 122 6
11 122 6
11 122 6
11 122 6
11 122 6
11 122 6
11 122 6
11 122 6
11 122 6
11 122 6
11 122 6
11 122 6
11 122 6
11 122 6
11 122 6
11 122 6
11 122 6
11 122 6
11 122 6
11 122 6
11 122 6
11 122 6
11 122 6
11 122 6
11 122 6
11 122 6
11 122 6
11 122 6
11 122 6
11 122 6
11 122 6
11 122 6
11 122 6
11 122 6
11 122 6
11 122 6
11 122 6
11 122 6
11 122 6
11 122 6
11 122 6
11 122 6
11 122 6
11 122 6
11 122 6
11 122 6
11 122 6
11 122 6
11 122 6
11 122 6
11 122 6
11 122 6
11 122 6
11 122 6
11 122 6
11 122 6
11 122 6
11 122 6
11 122 6
11 122 6
11 122 6
169 129 16
169 129 6
169 129 6
169 129 6
169 129 6
169 129 6
169 129 6
169 129 6
169 129 6
169 129 6
169 129 6
169 129 6
169 129 6
169 129 6
169 129 6
169 129 6
169 129 6
169 129 6
169 129 6
169 129 6
169 129 6
169 129 6
169 129 6
169 129 6
169 129 6
169 129 6
169 129 6
169 129 6
169 129 6
169 129 6
169 129 6
169 129 6
169 129 6
169 129 6
169 129 6
169 129 6
169 129 6
169 129 6
169 129 6
169 129 6
169 129 6
169 129 6
169 129 6
169 129 6
169 129 6
169 129 6
169 129 6
169 129 6
169 129 6
169 129 6
169 129 6
169 129 6
169 129 6
169 118 16
169 118 6
169 118 6
169 118 6
169 118 6
169 118 6
169 118 6
169 118 6
169 118 6
169 118 6
169 118 6
169 118 6
169 118 6
169 118 6
169 118 6
169 118 6
169 118 6
169 118 6
169 118 6
169 118 6
169 118 6
169 118 6
169 118 6
169 118 6
169 118 6
169 118 6
169 118 6
169 118 6
169 118 6
169 118 6
169 118 6
169 118 6
169 118 6
169 118 6
169 118 6
169 118 6
169 118 6
169 118 6
169 118 6
169 118 6
169 118 6
169 118 6
169 118 6
169 118 6
169 118 6
169 118 6
169 118 6
169 118 6
169 118 6
169 118 6
169 118 6
169 118 6
169 118 6
169 118 6
169 118 6
169 118 6
169 118 6
169 118 6
169 118 6
169 118 6
169 118 6
169 118 6
169 118 6
169 118 6
169 118 6
169 118 6
169 118 6
169 118 6
169 118 6
169 118 6
169 118 6
169 118 6
169 118 6
169 118 6
169 118 6
169 118 6
169 118 6
169 118 6
169 118 6
169 118 6
169 118 6
169 118 6
169 118 6
169 118 6
169 118 6
169 118 6
169 118 6
169 118 6
169 118 6
169 118 6
169 118 6
169 118 6
169 118 6
169 118 6
169 118 6
169 118 6
169 118 6
169 118 6
169 118 6
169 118 6
169 118 6
169 118 6
169 118 6
169 118 6
169 118 6
169 118 6
169 118 6
169 118 6
169 118 6
169 118 6
169 118 6
169 118 6
169 118 6
169 118 6
169 118 6
169 118 6
160 145 16
160 145 6
160 145 6
160 145 6
160 145 6
160 145 6
160 145 6
160 145 6
160 145 6
160 145 6
160 145 6
160 145 6
160 145 6
160 145 6
160 145 6
160 145 6
160 145 6
160 145 6
160 145 6
160 145 6
160 145 6
160 145 6
160 145 6
160 145 6
160 145 6
160 145 6
160 145 6
160 145 6
160 145 6
160 145 6
160 145 6
160 145 6
160 145 6
160 145 6
160 145 6
160 145 6
160 145 6
160 145 6
160 145 6
160 145 6
160 145 6
160 145 6
160 145 6
160 145 6
160 145 6
160 145 6
160 145 6
160 145 6
160 145 6
160 145 6
160 145 6
160 145 6
160 145 6
160 145 6
160 145 6
160 145 6
160 145 6
160 145 6
160 145 6
160 145 6
160 145 6
160 145 6
160 145 6
160 145 6
160 145 6
160 145 6
160 145 6
160 145 6
160 145 6
160 145 6
160 145 6
160 145 6
160 145 6
160 145 6
160 145 6
160 145 6
160 145 6
160 145 6
160 145 6
160 145 6
160 145 6
160 145 6
160 145 6
160 145 6
160 145 6
20 128 16
20 128 6
20 128 6
20 128 6
20 128 6
20 128 6
20 128 6
20 128 6
20 128 6
20 128 6
20 128 6
20 128 6
20 128 6
20 128 6
20 128 6
20 128 6
20 128 6
20 128 6
20 128 6
20 128 6
20 128 6
20 128 6
20 128 6
20 128 6
20 128 6
20 128 6
20 128 6
20 128 6
20 128 6
20 128 6
20 128 6
20 128 6
20 128 6
20 128 6
20 128 6
20 128 6
20 128 6
20 128 6
20 128 6
20 128 6
20 128 6
20 128 6
20 128 6
20 128 6
20 128 6
20 128 6
20 128 6
20 128 6
20 128 6
20 128 6
20 128 6
20 128 6
20 128 6
20 128 6
20 128 6
20 128 6
20 128 6
20 128 6
20 128 6
20 128 6
20 128 6
20 128 6
20 128 6
20 128 6
20 128 6
20 128 6
20 128 6
20 128 6
20 128 6
20 128 6
20 128 6
20 128 6
20 128 6
20 128 6
20 128 6
20 128 6
20 128 6
20 128 6
20 128 6
20 128 6
20 128 6
20 128 6
20 128 6
20 128 6
20 128 6
20 128 6
20 128 6
20 128 6
20 128 6
20 128 6
20 128 6
20 128 6
20 128 6
20 128 6
20 128 6
20 128 6
20 128 6
20 128 6
20 128 6
20 128 6
20 128 6
20 128 6
20 128 6
20 128 6
20 128 6
20 128 6
20 128 6
20 128 6
20 128 6
20 128 6
20 128 6
20 128 6
20 128 6
20 128 6
20 128 6
20 128 6
20 128 6
20 128 6
20 128 6
20 128 6
20 128 6
20 128 6
20 128 6
20 128 6
20 128 6
20 128 6
20 128 6
20 128 6
20 128 6
20 128 6
20 128 6
20 128 6
20 128 6
20 128 6
20 128 6
20 128 6
20 128 6
20 128 6
20 128 6
20 128 6
20 128 6
20 128 6
20 128 6
20 128 6
20 128 6
20 128 6
20 128 6
20 128 6
20 128 6
20 128 6
20 128 6
20 128 6
20 128 6
20 128 6
20 128 6
20 128 6
20 128 6
20 128 6
20 128 6
20 128 6
20 128 6
20 128 6
20 128 6
20 128 6
20 128 6
20 128 6
20 128 6
160 134 16
160 134 6
160 134 6
160 134 6
160 134 6
160 134 6
160 134 6
160 134 6
160 134 6
160 134 6
160 134 6
160 134 6
160 134 6
160 134 6
160 134 6
160 134 6
160 134 6
160 134 6
160 134 6
160 134 6
160 134 6
160 134 6
160 134 6
160 134 6
2 183 16
2 183 6
2 183 6
2 183 6
2 183 6
2 183 6
2 183 6
2 183 6
2 183 6
2 183 6
2 183 6
2 183 6
2 183 6
2 183 6
2 183 6
2 183 6
2 183 6
2 183 6
2 183 6
2 183 6
2 183 6
2 183 6
2 183 6
2 183 6
2 183 6
2 183 6
2 183 6
2 183 6
2 183 6
2 183 6
2 183 6
2 183 6
179 156 16
179 156 6
188 151 16
189 161 16
1 194 16
1 194 6
1 194 6
1 194 6
1 194 6
1 194 6
1 194 6
1 194 6
1 194 6
1 194 6
1 194 6
1 194 6
1 194 6
1 194 6
1 194 6
1 194 6
1 194 6
1 194 6
1 194 6
1 194 6
1 194 6
1 194 6
1 194 6
1 194 6
1 194 6
1 194 6
1 194 6
1 194 6
1 194 6
1 194 6
1 194 6
1 194 6
1 194 6
1 194 6
1 194 6
1 194 6
1 194 6
1 194 6
1 194 6
1 194 6
1 194 6
1 194 6
1 194 6
1 194 6
1 194 6
1 194 6
1 194 6
1 194 6
1 194 6
1 194 6
1 194 6
1 194 6
1 194 6
1 194 6
1 194 6
1 194 6
1 194 6
1 194 6
1 194 6
1 194 6
1 194 6
1 194 6
1 194 6
1 194 6
1 194 6
1 194 6
1 194 6
1 194 6
1 194 6
1 194 6
1 194 6
1 194 6
1 194 6
1 194 6
1 194 6
1 194 6
1 194 6
1 194 6
1 194 6
1 194 6
1 194 6
1 194 6
1 194 6
1 194 6
1 194 6
1 194 6
1 194 6
1 194 6
1 194 6
1 194 6
1 194 6
1 194 6
1 194 6
1 194 6
1 194 6
1 194 6
1 194 6
1 194 6
1 194 6
1 194 6
1 194 6
1 194 6
1 194 6
1 194 6
1 194 6
1 194 6
1 194 6
1 194 6
1 194 6
1 194 6
1 194 6
1 194 6
1 194 6
1 194 6
1 194 6
1 194 6
1 194 6
1 194 6
1 194 6
1 194 6
1 194 6
1 194 6
1 194 6
1 194 6
1 194 6
1 194 6
1 194 6
1 194 6
1 194 6
1 194 6
1 194 6
1 194 6
1 194 6
1 194 6
1 194 6
1 194 6
1 194 6
1 194 6
1 194 6
1 194 6
1 194 6
1 194 6
1 194 6
1 194 6
1 194 6
1 194 6
1 194 6
1 194 6
1 194 6
1 194 6
1 194 6
1 194 6
1 194 6
1 194 6
1 194 6
1 194 6
1 194 6
1 194 6
1 194 6
1 194 6
1 194 6
1 194 6
1 194 6
1 194 6
1 194 6
1 194 6
1 194 6
1 194 6
1 194 6
1 194 6
1 194 6
1 194 6
1 194 6
1 194 6
1 194 6
1 194 6
1 194 6
1 194 6
1 194 6
1 194 6
1 194 6
1 194 6
1 194 6
1 194 6
1 194 6
1 194 6
1 194 6
1 194 6
1 194 6
1 194 6
1 194 6
1 194 6
1 194 6
1 194 6
1 194 6
1 194 6
1 194 6
1 194 6
1 194 6
1 194 6
1 194 6
1 194 6
1 194 6
1 194 6
1 194 6
1 194 6
1 194 6
21 161 16
21 161 6
21 161 6
21 161 6
21 161 6
21 161 6
21 161 6
21 161 6
21 161 6
21 161 6
21 161 6
21 161 6
21 161 6
21 161 6
21 161 6
21 161 6
21 161 6
21 161 6
21 161 6
21 161 6
21 161 6
21 161 6
21 161 6
21 161 6
21 161 6
21 161 6
21 161 6
21 161 6
21 161 6
21 161 6
21 161 6
21 150 16
21 150 6
21 150 6
21 150 6
21 150 6
21 150 6
21 150 6
21 150 6
21 150 6
21 150 6
21 150 6
21 150 6
21 150 6
21 150 6
21 150 6
21 150 6
21 150 6
21 150 6
21 150 6
21 150 6
21 150 6
21 150 6
21 150 6
21 150 6
21 150 6
21 150 6
21 150 6
21 150 6
21 150 6
21 150 6
21 150 6
21 150 6
21 150 6
21 150 6
21 150 6
21 150 6
21 150 6
21 150 6
21 150 6
21 150 6
21 150 6
21 150 6
21 150 6
21 150 6
21 150 6
21 150 6
21 150 6
21 150 6
21 150 6
21 150 6
21 150 6
21 150 6
21 150 6
21 150 6
21 150 6
21 150 6
21 150 6
21 150 6
21 150 6
21 150 6
21 150 6
21 150 6
21 150 6
21 150 6
21 150 6
21 150 6
21 150 6
21 150 6
21 150 6
21 150 6
21 150 6
21 150 6
21 150 6
21 150 6
21 150 6
21 150 6
21 150 6
21 150 6
21 150 6
21 150 6
21 150 6
21 150 6
21 150 6
21 150 6
21 150 6
21 150 6
21 150 6
21 150 6
21 150 6
21 150 6
21 150 6
21 150 6
21 150 6
21 150 6
21 150 6
21 150 6
21 150 6
21 150 6
21 150 6
21 150 6
21 150 6
21 150 6
21 150 6
21 150 6
21 150 6
21 150 6
21 150 6
21 150 6
21 150 6
21 150 6
21 150 6
21 150 6
21 150 6
21 150 6
21 150 6
21 150 6
21 150 6
21 150 6
21 150 6
21 150 6
21 150 6
21 150 6
21 150 6
21 150 6
21 150 6
21 150 6
21 150 6
21 150 6
21 150 6
21 150 6
21 150 6
21 150 6
21 150 6
21 150 6
21 150 6
21 150 6
21 150 6
21 150 6
21 150 6
21 150 6
21 150 6
21 150 6
21 150 6
21 150 6
21 150 6
21 150 6
21 150 6
21 150 6
21 150 6
21 150 6
21 150 6
21 150 6
21 150 6
21 150 6
21 150 6
21 150 6
21 150 6
21 150 6
21 150 6
21 150 6
21 150 6
21 150 6
21 150 6
21 150 6
30 166 16
30 166 6
21 172 16
21 172 6
21 172 6
21 172 6
21 172 6
21 172 6
21 172 6
21 172 6
21 172 6
21 172 6
21 172 6
21 172 6
21 172 6
21 172 6
21 172 6
21 172 6
21 172 6
21 172 6
21 172 6
21 172 6
21 172 6
21 172 6
21 172 6
21 172 6
30 177 16
30 177 6
30 177 6
30 177 6
30 177 6
30 177 6
30 177 6
30 177 6
30 177 6
30 177 6
30 177 6
30 177 6
30 177 6
30 177 6
30 177 6
30 177 6
30 177 6
30 177 6
30 177 6
30 177 6
30 177 6
30 177 6
30 177 6
30 177 6
30 177 6
30 177 6
30 177 6
30 177 6
30 177 6
30 177 6
30 177 6
30 177 6
30 177 6
30 177 6
30 177 6
30 177 6
30 177 6
30 177 6
30 177 6
30 177 6
30 177 6
30 177 6
30 177 6
30 177 6
30 177 6
30 177 6
30 177 6
30 177 6
30 177 6
30 177 6
30 177 6
30 177 6
30 177 6
30 177 6
30 177 6
30 177 6
30 177 6
30 177 6
30 177 6
30 177 6
30 177 6
30 177 6
30 177 6
30 177 6
30 177 6
30 177 6
30 177 6
30 177 6
30 177 6
30 177 6
30 177 6
30 177 6
30 177 6
30 177 6
30 177 6
30 177 6
30 177 6
30 177 6
30 177 6
30 177 6
30 177 6
30 177 6
30 177 6
30 177 6
30 177 6
30 177 6
30 177 6
30 177 6
30 177 6
30 177 6
198 156 16
198 156 6
198 156 6
198 156 6
198 156 6
198 156 6
198 156 6
198 156 6
198 156 6
198 156 6
198 156 6
198 156 6
198 156 6
198 156 6
198 156 6
198 156 6
198 156 6
198 156 6
198 156 6
198 156 6
198 156 6
198 156 6
198 156 6
198 156 6
198 156 6
198 156 6
198 156 6
198 156 6
198 156 6
198 156 6
198 156 6
198 156 6
198 156 6
198 156 6
198 156 6
198 156 6
198 156 6
198 156 6
198 156 6
198 156 6
198 156 6
198 156 6
198 156 6
198 156 6
198 156 6
198 156 6
198 156 6
198 156 6
198 156 6
198 156 6
198 156 6
198 156 6
198 156 6
198 156 6
198 156 6
198 156 6
198 156 6
198 156 6
198 156 6
198 156 6
198 156 6
198 156 6
198 156 6
198 156 6
198 156 6
179 167 16
179 167 6
179 167 6
179 167 6
179 167 6
179 167 6
179 167 6
179 167 6
179 167 6
179 167 6
179 167 6
179 167 6
179 167 6
179 167 6
179 167 6
179 167 6
179 167 6
179 167 6
179 167 6
179 167 6
179 167 6
179 167 6
179 167 6
179 167 6
179 167 6
179 167 6
179 167 6
179 167 6
179 167 6
179 167 6
179 167 6
179 167 6
179 167 6
179 167 6
179 167 6
179 167 6
179 167 6
179 167 6
179 167 6
179 167 6
179 167 6
179 167 6
179 167 6
179 167 6
179 167 6
179 167 6
179 167 6
179 167 6
179 167 6
179 167 6
179 167 6
179 167 6
179 167 6
179 167 6
179 167 6
179 167 6
179 167 6
179 167 6
179 167 6
179 167 6
179 167 6
179 167 6
179 167 6
179 167 6
179 167 6
179 167 6
179 167 6
179 167 6
179 167 6
179 167 6
179 167 6
179 167 6
179 167 6
179 167 6
179 167 6
179 167 6
179 167 6
179 167 6
179 167 6
179 167 6
179 167 6
179 167 6
179 167 6
179 167 6
179 167 6
179 167 6
179 167 6
179 167 6
179 167 6
179 167 6
179 167 6
179 167 6
179 167 6
179 167 6
179 167 6
179 167 6
179 167 6
179 167 6
179 167 6
179 167 6
179 167 6
179 167 6
179 167 6
179 167 6
179 167 6
179 167 6
179 167 6
179 167 6
179 167 6
179 167 6
179 167 6
179 167 6
179 167 6
179 167 6
179 167 6
179 167 6
179 167 6
179 167 6
179 167 6
179 167 6
179 167 6
179 167 6
179 167 6
179 167 6
179 167 6
179 167 6
39 172 16
39 172 6
39 161 16
39 161 6
48 166 16
48 177 16
48 177 6
170 161 16
170 161 6
170 161 6
170 161 6
170 161 6
170 161 6
170 161 6
170 161 6
170 161 6
170 161 6
170 161 6
170 161 6
170 161 6
170 161 6
170 161 6
170 161 6
170 161 6
170 161 6
170 161 6
170 161 6
170 161 6
170 161 6
170 161 6
170 161 6
170 161 6
170 161 6
170 161 6
170 161 6
170 161 6
170 161 6
170 161 6
170 161 6
170 161 6
170 161 6
170 161 6
170 161 6
170 161 6
170 161 6
170 161 6
170 161 6
170 161 6
170 161 6
170 161 6
170 161 6
170 161 6
170 161 6
170 161 6
170 161 6
170 161 6
170 161 6
170 161 6
170 161 6
170 161 6
170 161 6
170 161 6
170 161 6
170 161 6
170 161 6
170 161 6
170 161 6
170 161 6
170 161 6
170 161 6
170 161 6
170 161 6
170 161 6
170 161 6
170 161 6
170 161 6
170 161 6
170 161 6
170 161 6
170 161 6
170 161 6
170 161 6
170 161 6
170 161 6
170 161 6
170 161 6
170 161 6
170 161 6
170 161 6
170 161 6
170 161 6
170 161 6
170 161 6
170 161 6
170 161 6
170 161 6
170 161 6
170 161 6
170 161 6
170 161 6
170 161 6
170 161 6
170 161 6
170 161 6
170 161 6
170 161 6
170 161 6
170 161 6
170 161 6
170 161 6
170 161 6
170 161 6
170 161 6
170 161 6
170 161 6
170 161 6
170 161 6
170 161 6
170 161 6
170 161 6
170 161 6
170 161 6
170 161 6
170 161 6
170 161 6
170 161 6
170 161 6
170 161 6
170 161 6
170 161 6
170 161 6
170 161 6
170 161 6
170 161 6
170 161 6
170 161 6
170 161 6
170 161 6
170 161 6
170 161 6
170 161 6
170 161 6
170 161 6
170 161 6
198 145 16
198 145 6
198 145 6
198 145 6
198 145 6
198 145 6
198 145 6
198 145 6
198 145 6
198 145 6
198 145 6
198 145 6
198 145 6
198 145 6
198 145 6
198 145 6
198 145 6
198 145 6
198 145 6
198 145 6
198 145 6
198 145 6
198 145 6
198 145 6
198 145 6
198 145 6
198 145 6
198 145 6
198 145 6
198 145 6
198 145 6
198 145 6
198 145 6
198 145 6
198 145 6
198 145 6
198 145 6
198 145 6
198 145 6
198 145 6
198 145 6
198 145 6
198 145 6
198 145 6
198 145 6
198 145 6
198 145 6
198 145 6
198 145 6
198 145 6
198 145 6
198 145 6
198 145 6
198 145 6
198 145 6
198 145 6
198 145 6
198 145 6
198 145 6
198 145 6
198 145 6
198 145 6
198 145 6
198 145 6
198 145 6
198 145 6
198 145 6
198 145 6
198 145 6
198 145 6
198 145 6
198 145 6
198 145 6
198 145 6
198 145 6
198 145 6
198 145 6
198 145 6
198 145 6
198 145 6
198 145 6
198 145 6
198 145 6
198 145 6
198 145 6
198 145 6
198 145 6
198 145 6
198 145 6
198 145 6
198 145 6
198 145 6
198 145 6
198 145 6
198 145 6
198 145 6
198 145 6
198 145 6
198 145 6
198 145 6
198 145 6
198 145 6
198 145 6
198 145 6
198 145 6
198 145 6
198 145 6
198 145 6
198 145 6
198 145 6
198 145 6
198 145 6
198 145 6
198 145 6
198 145 6
198 145 6
198 145 6
198 145 6
198 145 6
198 145 6
198 145 6
198 145 6
198 145 6
198 145 6
198 145 6
198 145 6
198 145 6
198 145 6
198 145 6
198 145 6
198 145 6
198 145 6
198 145 6
198 145 6
198 145 6
198 145 6
198 145 6
198 145 6
198 145 6
198 145 6
198 145 6
198 145 6
198 145 6
198 145 6
198 145 6
198 145 6
198 145 6
198 145 6
198 145 6
198 145 6
198 145 6
198 145 6
198 145 6
198 145 6
198 145 6
198 145 6
198 145 6
198 145 6
198 145 6
198 145 6
198 145 6
198 145 6
198 145 6
198 145 6
198 145 6
198 145 6
198 145 6
198 145 6
198 145 6
198 145 6
198 145 6
198 145 6
198 145 6
198 145 6
198 145 6
198 145 6
198 167 16
198 167 6
198 167 6
198 167 6
198 167 6
198 167 6
198 167 6
198 167 6
198 167 6
198 167 6
198 167 6
198 167 6
198 167 6
198 167 6
198 167 6
198 167 6
198 167 6
198 167 6
198 167 6
198 167 6
198 167 6
198 167 6
198 167 6
198 167 6
198 167 6
198 167 6
198 167 6
198 167 6
198 167 6
198 167 6
198 167 6
198 167 6
198 167 6
198 167 6
198 167 6
198 167 6
198 167 6
198 167 6
198 167 6
198 167 6
198 167 6
198 167 6
198 167 6
198 167 6
198 167 6
198 167 6
198 167 6
198 167 6
198 167 6
198 167 6
198 167 6
58 172 16
58 183 16
58 183 6
58 183 6
58 183 6
58 183 6
58 183 6
67 177 16
67 177 6
67 177 6
67 177 6
67 177 6
67 177 6
67 177 6
67 177 6
67 177 6
67 177 6
67 177 6
67 177 6
198 112 16
198 101 16
198 101 6
198 101 6
198 101 6
198 101 6
198 101 6
198 101 6
198 101 6
198 101 6
198 101 6
198 101 6
198 101 6
198 101 6
198 101 6
198 101 6
198 101 6
198 101 6
198 101 6
198 101 6
198 101 6
198 101 6
198 101 6
198 101 6
198 101 6
198 101 6
198 101 6
198 101 6
198 101 6
198 101 6
198 101 6
198 101 6
198 101 6
198 101 6
198 101 6
198 101 6
198 101 6
198 101 6
198 101 6
198 101 6
198 101 6
198 101 6
198 101 6
198 101 6
198 101 6
198 101 6
198 101 6
198 101 6
198 101 6
198 101 6
198 101 6
198 101 6
198 101 6
198 101 6
198 101 6
198 101 6
198 101 6
198 101 6
198 101 6
198 101 6
198 101 6
198 101 6
198 101 6
198 101 6
198 101 6
198 101 6
198 101 6
198 101 6
198 101 6
198 101 6
198 101 6
198 101 6
198 101 6
198 101 6
198 101 6
198 101 6
198 101 6
198 101 6
198 101 6
198 101 6
198 101 6
198 101 6
198 101 6
198 101 6
198 101 6
198 101 6
198 101 6
198 101 6
198 101 6
198 101 6
198 101 6
198 101 6
198 101 6
198 101 6
198 101 6
198 101 6
198 101 6
198 101 6
198 101 6
198 101 6
198 101 6
198 101 6
198 101 6
198 101 6
198 101 6
198 101 6
198 101 6
198 101 6
198 101 6
198 101 6
198 101 6
198 101 6
198 101 6
198 101 6
198 101 6
198 101 6
198 101 6
198 101 6
198 101 6
198 101 6
198 123 16
198 123 6
198 123 6
198 123 6
198 123 6
198 123 6
198 123 6
67 188 16
67 188 6
67 188 6
67 188 6
67 188 6
67 188 6
67 188 6
67 188 6
67 188 6
67 188 6
67 188 6
67 188 6
67 188 6
67 188 6
67 188 6
67 188 6
67 188 6
67 188 6
67 188 6
67 188 6
67 188 6
67 188 6
67 188 6
67 188 6
67 188 6
67 188 6
67 188 6
67 188 6
67 188 6
67 188 6
67 188 6
67 188 6
67 188 6
67 188 6
67 188 6
67 188 6
67 188 6
67 188 6
67 188 6
67 188 6
67 188 6
67 188 6
67 188 6
67 188 6
67 188 6
67 188 6
67 188 6
67 188 6
67 188 6
67 188 6
67 188 6
67 188 6
67 188 6
67 188 6
67 188 6
67 188 6
67 188 6
67 188 6
67 188 6
67 188 6
67 188 6
67 188 6
67 188 6
67 188 6
67 188 6
67 188 6
67 188 6
67 188 6
67 188 6
67 188 6
67 188 6
67 188 6
67 188 6
67 188 6
67 188 6
67 188 6
67 188 6
67 188 6
67 188 6
67 188 6
67 188 6
67 188 6
67 188 6
67 188 6
67 188 6
67 188 6
67 188 6
67 188 6
67 188 6
67 188 6
67 188 6
67 188 6
67 188 6
67 188 6
67 188 6
67 188 6
67 188 6
67 188 6
67 188 6
67 188 6
67 188 6
67 188 6
67 188 6
67 188 6
67 188 6
67 188 6
67 188 6
67 188 6
67 188 6
67 188 6
67 188 6
67 188 6
67 188 6
67 188 6
67 188 6
67 188 6
67 188 6
67 188 6
67 188 6
67 188 6
67 188 6
67 188 6
67 188 6
67 188 6
67 188 6
67 188 6
67 188 6
67 188 6
67 188 6
67 188 6
67 188 6
67 188 6
67 188 6
67 188 6
67 188 6
67 188 6
67 188 6
67 188 6
67 188 6
67 188 6
67 188 6
67 188 6
67 188 6
67 188 6
67 188 6
67 188 6
67 188 6
67 188 6
67 188 6
67 188 6
67 188 6
67 188 6
67 188 6
67 188 6
67 188 6
67 188 6
67 188 6
67 188 6
67 188 6
67 188 6
67 188 6
67 188 6
67 188 6
48 188 16
48 188 6
48 188 6
48 188 6
48 188 6
48 188 6
48 188 6
48 188 6
48 188 6
48 188 6
48 188 6
48 188 6
48 188 6
48 188 6
48 188 6
48 188 6
48 188 6
48 188 6
48 188 6
48 188 6
48 188 6
48 188 6
48 188 6
48 188 6
48 188 6
48 188 6
48 188 6
48 188 6
48 188 6
48 188 6
48 188 6
48 188 6
48 188 6
48 188 6
48 188 6
48 188 6
48 188 6
48 188 6
48 188 6
48 188 6
48 188 6
48 188 6
48 188 6
48 188 6
48 188 6
48 188 6
48 188 6
48 188 6
48 188 6
48 188 6
48 188 6
48 188 6
48 188 6
48 188 6
48 188 6
48 188 6
48 188 6
48 188 6
48 188 6
48 188 6
48 188 6
48 188 6
48 188 6
48 188 6
48 188 6
48 188 6
48 188 6
48 188 6
48 188 6
48 188 6
48 188 6
48 188 6
48 188 6
48 188 6
48 188 6
48 188 6
48 188 6
48 188 6
48 188 6
48 188 6
48 188 6
48 188 6
48 188 6
48 188 6
48 188 6
48 188 6
48 188 6
48 188 6
48 188 6
48 188 6
48 188 6
48 188 6
48 188 6
48 188 6
48 188 6
48 188 6
48 188 6
48 188 6
48 188 6
48 188 6
48 188 6
48 188 6
48 188 6
48 188 6
48 188 6
48 188 6
48 188 6
48 188 6
48 188 6
48 188 6
48 188 6
48 188 6
48 188 6
48 188 6
48 188 6
48 188 6
48 188 6
48 188 6
48 188 6
48 188 6
48 188 6
48 188 6
48 188 6
48 188 6
48 188 6
48 188 6
48 188 6
48 188 6
48 188 6
48 188 6
48 188 6
48 188 6
48 188 6
48 188 6
48 188 6
48 188 6
48 188 6
48 188 6
48 188 6
48 188 6
48 188 6
48 188 6
48 188 6
48 188 6
48 188 6
48 188 6
48 188 6
48 188 6
48 188 6
48 188 6
48 188 6
48 188 6
48 188 6
48 188 6
48 188 6
48 188 6
48 188 6
48 188 6
48 188 6
48 188 6
48 188 6
48 188 6
48 188 6
48 188 6
48 188 6
48 188 6
48 188 6
48 188 6
48 188 6
48 188 6
48 188 6
48 188 6
48 188 6
48 188 6
48 155 16
48 155 6
48 155 6
48 155 6
48 155 6
48 155 6
48 155 6
48 155 6
48 155 6
48 155 6
48 155 6
48 155 6
48 155 6
48 155 6
48 155 6
48 155 6
48 155 6
48 155 6
48 155 6
48 155 6
48 155 6
48 155 6
48 155 6
48 155 6
48 155 6
48 155 6
48 155 6
48 155 6
48 155 6
48 155 6
48 155 6
48 155 6
48 155 6
48 155 6
48 155 6
48 155 6
48 155 6
48 155 6
48 155 6
48 155 6
48 155 6
48 155 6
48 155 6
48 155 6
48 155 6
48 155 6
48 155 6
48 155 6
48 155 6
48 155 6
48 155 6
48 155 6
48 155 6
48 155 6
48 155 6
48 155 6
48 155 6
48 155 6
48 155 6
48 155 6
48 155 6
48 155 6
48 155 6
48 155 6
48 155 6
48 155 6
48 155 6
48 155 6
48 155 6
48 155 6
48 155 6
48 155 6
48 155 6
48 155 6
48 155 6
48 155 6
48 155 6
48 155 6
48 155 6
48 155 6
48 155 6
48 155 6
48 155 6
48 155 6
48 155 6
48 155 6
48 155 6
48 155 6
48 155 6
48 155 6
48 155 6
48 155 6
48 155 6
48 155 6
48 155 6
48 155 6
30 155 16
30 155 6
30 155 6
30 155 6
30 155 6
30 155 6
30 155 6
30 155 6
30 155 6
39 150 16
39 150 6
39 150 6
39 150 6
39 150 6
39 150 6
39 150 6
39 150 6
39 150 6
39 150 6
39 150 6
39 150 6
39 150 6
39 150 6
39 150 6
39 150 6
39 150 6
39 150 6
39 150 6
39 150 6
39 150 6
39 150 6
39 150 6
39 150 6
39 150 6
39 150 6
39 150 6
39 150 6
39 150 6
39 150 6
39 150 6
39 150 6
39 150 6
39 150 6
39 150 6
39 150 6
39 150 6
39 150 6
39 150 6
39 150 6
39 150 6
39 150 6
39 150 6
39 150 6
39 150 6
39 150 6
39 150 6
39 150 6
39 150 6
39 150 6
39 150 6
39 150 6
39 150 6
39 150 6
39 150 6
39 150 6
39 150 6
39 150 6
39 150 6
39 150 6
39 150 6
39 150 6
39 150 6
39 150 6
39 150 6
39 150 6
39 150 6
39 150 6
39 150 6
39 150 6
39 150 6
39 150 6
39 150 6
39 150 6
39 150 6
39 150 6
39 150 6
39 150 6
39 150 6
39 150 6
39 150 6
39 150 6
39 150 6
39 150 6
39 150 6
39 150 6
39 150 6
39 150 6
39 150 6
39 150 6
39 150 6
39 150 6
39 150 6
39 150 6
39 150 6
39 150 6
39 150 6
39 150 6
39 150 6
189 172 16
189 172 6
189 172 6
189 172 6
189 172 6
189 172 6
189 172 6
189 172 6
189 172 6
189 172 6
189 172 6
189 172 6
189 172 6
189 172 6
189 172 6
189 172 6
189 172 6
189 172 6
189 172 6
189 172 6
189 172 6
189 172 6
189 172 6
189 172 6
189 172 6
189 172 6
189 172 6
189 172 6
189 172 6
189 172 6
189 172 6
189 172 6
189 172 6
189 172 6
189 172 6
189 172 6
189 172 6
189 172 6
189 172 6
189 172 6
189 172 6
189 172 6
189 172 6
189 172 6
189 172 6
189 172 6
189 172 6
189 172 6
189 172 6
189 172 6
189 172 6
189 172 6
189 172 6
189 172 6
189 172 6
189 172 6
189 172 6
189 172 6
189 172 6
189 172 6
189 172 6
189 172 6
189 172 6
189 172 6
189 172 6
189 172 6
189 172 6
189 172 6
189 172 6
189 172 6
189 172 6
189 172 6
189 172 6
189 172 6
189 172 6
189 172 6
189 172 6
189 172 6
189 172 6
189 172 6
189 172 6
189 172 6
189 172 6
189 172 6
189 172 6
189 172 6
189 172 6
189 172 6
189 172 6
189 172 6
189 172 6
189 172 6
189 172 6
189 172 6
189 172 6
189 172 6
189 172 6
189 172 6
189 172 6
189 172 6
189 172 6
189 172 6
189 172 6
189 172 6
189 172 6
189 172 6
189 172 6
189 172 6
189 172 6
189 172 6
189 172 6
189 172 6
189 172 6
189 172 6
189 172 6
189 172 6
189 172 6
189 172 6
189 172 6
189 172 6
189 172 6
189 172 6
189 172 6
189 172 6
189 172 6
189 172 6
189 172 6
189 172 6
189 172 6
189 172 6
189 172 6
189 172 6
189 172 6
189 172 6
189 172 6
189 172 6
189 172 6
189 172 6
189 172 6
189 172 6
189 172 6
189 172 6
189 172 6
189 172 6
189 172 6
189 172 6
189 172 6
189 172 6
189 172 6
189 172 6
189 172 6
189 172 6
189 172 6
189 172 6
189 172 6
189 172 6
189 172 6
189 172 6
189 172 6
189 172 6
189 172 6
189 172 6
189 172 6
189 172 6
189 172 6
189 172 6
189 172 6
189 172 6
189 172 6
189 172 6
189 172 6
189 172 6
189 172 6
189 172 6
189 172 6
189 172 6
189 172 6
189 172 6
189 172 6
189 172 6
189 172 6
189 172 6
189 172 6
189 172 6
189 172 6
189 172 6
151 128 16
151 128 6
151 128 6
151 128 6
151 128 6
151 128 6
151 128 6
151 128 6
151 128 6
160 123 16
160 123 6
160 123 6
160 123 6
160 123 6
160 123 6
160 123 6
160 123 6
160 123 6
160 123 6
160 123 6
160 123 6
160 123 6
160 123 6
160 123 6
160 123 6
160 123 6
160 123 6
160 123 6
160 123 6
160 123 6
160 123 6
160 123 6
160 123 6
160 123 6
160 123 6
160 123 6
160 123 6
160 123 6
160 123 6
160 123 6
160 123 6
160 123 6
160 123 6
160 123 6
160 123 6
160 123 6
160 123 6
160 123 6
160 123 6
160 123 6
160 123 6
160 123 6
160 123 6
160 123 6
160 123 6
160 123 6
160 123 6
160 123 6
160 123 6
160 123 6
160 123 6
160 123 6
160 123 6
160 123 6
160 123 6
160 123 6
160 123 6
160 123 6
160 123 6
160 123 6
160 123 6
160 123 6
160 123 6
160 123 6
160 123 6
160 123 6
160 123 6
160 123 6
160 123 6
160 123 6
160 123 6
160 123 6
160 123 6
160 123 6
160 123 6
160 123 6
160 123 6
160 123 6
160 123 6
160 123 6
160 123 6
160 123 6
160 123 6
160 123 6
160 123 6
160 123 6
160 123 6
160 123 6
160 123 6
160 123 6
160 123 6
160 123 6
160 123 6
160 123 6
160 123 6
160 123 6
160 123 6
160 123 6
160 123 6
160 123 6
160 123 6
160 123 6
160 123 6
160 123 6
160 123 6
160 123 6
160 123 6
160 123 6
160 123 6
160 123 6
160 123 6
160 123 6
160 123 6
160 123 6
160 123 6
160 123 6
160 123 6
160 123 6
160 123 6
160 123 6
160 123 6
160 123 6
160 123 6
160 123 6
160 123 6
160 123 6
160 123 6
160 123 6
160 123 6
160 123 6
160 123 6
160 123 6
160 123 6
160 123 6
160 123 6
160 123 6
151 139 16
151 139 6
151 139 6
151 139 6
151 139 6
151 139 6
151 139 6
151 139 6
151 139 6
151 139 6
151 139 6
151 139 6
151 139 6
151 139 6
151 139 6
151 139 6
151 139 6
151 139 6
151 139 6
151 139 6
151 139 6
151 139 6
151 139 6
151 139 6
151 139 6
151 139 6
151 139 6
151 139 6
151 139 6
151 139 6
151 139 6
151 139 6
151 139 6
151 139 6
141 134 16
141 134 6
141 134 6
141 134 6
141 134 6
141 134 6
141 134 6
141 134 6
141 134 6
141 134 6
141 134 6
141 134 6
141 134 6
141 134 6
141 134 6
141 134 6
141 134 6
141 134 6
141 134 6
141 134 6
141 134 6
141 134 6
141 134 6
141 134 6
141 134 6
141 134 6
141 134 6
141 134 6
141 134 6
141 134 6
141 134 6
141 134 6
141 134 6
141 134 6
141 134 6
141 134 6
141 134 6
141 134 6
141 134 6
141 134 6
141 134 6
141 134 6
141 134 6
141 134 6
141 134 6
141 134 6
141 123 16
141 123 6
141 123 6
141 123 6
141 123 6
141 123 6
141 123 6
141 123 6
141 123 6
141 123 6
141 123 6
141 123 6
141 123 6
141 123 6
141 123 6
141 123 6
141 123 6
141 123 6
141 123 6
141 123 6
141 123 6
141 123 6
141 123 6
141 123 6
141 123 6
141 123 6
141 123 6
141 123 6
141 123 6
141 123 6
141 123 6
141 123 6
141 123 6
141 123 6
141 123 6
141 123 6
141 123 6
141 123 6
141 123 6
141 123 6
141 123 6
141 123 6
141 123 6
141 123 6
141 123 6
141 123 6
141 123 6
141 123 6
141 123 6
141 123 6
141 123 6
141 123 6
141 123 6
141 123 6
141 123 6
141 123 6
141 123 6
141 123 6
141 123 6
141 123 6
141 123 6
141 123 6
141 123 6
141 123 6
141 123 6
141 123 6
141 123 6
141 123 6
141 123 6
141 123 6
141 123 6
141 123 6
141 123 6
141 123 6
141 123 6
141 123 6
141 123 6
141 123 6
141 123 6
141 123 6
141 123 6
141 123 6
141 123 6
141 123 6
141 123 6
141 123 6
141 123 6
141 123 6
141 123 6
141 123 6
141 123 6
141 123 6
141 123 6
141 123 6
141 123 6
141 123 6
141 123 6
141 123 6
141 123 6
141 123 6
141 123 6
141 123 6
141 123 6
141 123 6
141 123 6
141 123 6
141 123 6
141 123 6
141 123 6
141 123 6
141 123 6
141 123 6
141 123 6
141 123 6
141 123 6
141 123 6
141 123 6
141 123 6
141 123 6
141 123 6
141 123 6
141 123 6
141 123 6
141 123 6
141 123 6
141 123 6
141 123 6
141 123 6
141 123 6
141 123 6
141 123 6
141 123 6
141 123 6
141 123 6
141 123 6
141 123 6
141 123 6
141 123 6
141 123 6
141 123 6
141 123 6
141 123 6
141 123 6
141 123 6
141 123 6
141 123 6
141 123 6
141 123 6
141 123 6
141 123 6
141 123 6
141 123 6
141 123 6
141 123 6
141 123 6
141 123 6
58 161 16
67 166 16
67 155 16
67 155 6
67 155 6
67 155 6
67 155 6
67 155 6
67 155 6
67 155 6
67 155 6
67 155 6
67 155 6
67 155 6
67 155 6
67 155 6
67 155 6
67 155 6
67 155 6
67 155 6
67 155 6
67 155 6
67 155 6
67 155 6
67 155 6
67 155 6
67 155 6
67 155 6
67 155 6
67 155 6
67 155 6
67 155 6
67 155 6
67 155 6
67 155 6
67 155 6
67 155 6
67 155 6
67 155 6
67 155 6
67 155 6
67 155 6
67 155 6
67 155 6
67 155 6
67 155 6
67 155 6
67 155 6
58 150 16
58 150 6
58 150 6
58 150 6
58 150 6
58 150 6
58 150 6
58 150 6
58 150 6
58 150 6
58 150 6
58 150 6
58 150 6
58 150 6
58 150 6
58 150 6
58 150 6
58 150 6
58 150 6
58 150 6
58 150 6
58 150 6
58 150 6
58 150 6
58 150 6
58 150 6
58 150 6
58 150 6
58 150 6
58 150 6
58 150 6
76 171 16
76 171 6
76 171 6
76 171 6
76 171 6
76 171 6
76 171 6
76 171 6
76 171 6
76 171 6
76 171 6
76 171 6
76 171 6
76 171 6
76 171 6
76 171 6
76 171 6
76 171 6
76 171 6
76 171 6
76 171 6
76 171 6
76 171 6
76 171 6
76 171 6
76 171 6
76 171 6
76 171 6
76 171 6
76 171 6
76 171 6
76 171 6
76 171 6
76 171 6
76 171 6
76 171 6
76 171 6
76 171 6
76 171 6
188 96 16
188 96 6
188 96 6
188 96 6
188 96 6
188 96 6
188 96 6
188 96 6
188 96 6
188 96 6
188 96 6
188 96 6
188 96 6
188 96 6
188 96 6
188 96 6
188 96 6
188 96 6
188 96 6
188 96 6
188 96 6
188 96 6
188 96 6
188 96 6
188 96 6
188 96 6
188 96 6
188 96 6
188 96 6
188 96 6
188 96 6
188 96 6
188 96 6
188 96 6
188 96 6
188 96 6
188 96 6
188 96 6
188 96 6
188 96 6
188 96 6
188 96 6
188 96 6
188 96 6
188 96 6
188 96 6
188 96 6
188 96 6
188 96 6
188 96 6
188 96 6
188 96 6
188 96 6
188 96 6
188 96 6
188 96 6
188 96 6
188 96 6
188 96 6
188 96 6
188 96 6
188 96 6
188 96 6
188 96 6
188 96 6
188 96 6
188 96 6
188 96 6
188 96 6
188 96 6
188 96 6
188 96 6
188 96 6
188 96 6
188 96 6
188 96 6
188 96 6
188 96 6
188 96 6
188 96 6
188 96 6
188 96 6
188 96 6
188 96 6
188 96 6
188 96 6
188 96 6
188 96 6
188 96 6
188 96 6
188 96 6
188 96 6
188 96 6
188 96 6
188 96 6
188 96 6
188 96 6
188 96 6
188 96 6
188 96 6
188 96 6
188 96 6
188 96 6
188 96 6
188 96 6
188 96 6
188 96 6
188 96 6
188 96 6
188 96 6
188 96 6
188 96 6
188 96 6
188 96 6
188 96 6
188 96 6
188 96 6
188 96 6
188 96 6
188 96 6
188 96 6
188 96 6
188 96 6
188 96 6
188 96 6
188 96 6
188 96 6
188 96 6
188 96 6
188 96 6
188 96 6
188 96 6
188 96 6
188 96 6
188 96 6
188 96 6
188 96 6
188 96 6
188 96 6
188 96 6
188 96 6
188 96 6
188 96 6
188 96 6
188 96 6
188 96 6
188 96 6
188 96 6
188 96 6
188 96 6
188 96 6
188 96 6
188 96 6
188 96 6
188 96 6
188 96 6
188 96 6
188 96 6
188 96 6
188 96 6
188 96 6
188 96 6
188 96 6
188 96 6
188 96 6
188 96 6
188 96 6
188 96 6
188 96 6
188 96 6
188 96 6
188 96 6
188 96 6
188 96 6
188 96 6
188 96 6
188 96 6
188 96 6
188 96 6
188 96 6
188 96 6
188 96 6
188 96 6
188 96 6
188 96 6
188 96 6
188 96 6
188 96 6
188 96 6
188 96 6
188 96 6
188 96 6
188 96 6
169 107 16
169 107 6
169 107 6
169 107 6
169 107 6
169 107 6
169 107 6
169 107 6
169 107 6
169 107 6
169 107 6
169 107 6
169 107 6
169 107 6
160 101 16
169 95 16
169 95 6
169 95 6
169 95 6
169 95 6
169 95 6
169 95 6
169 95 6
169 95 6
169 95 6
169 95 6
169 95 6
169 95 6
169 95 6
169 95 6
169 95 6
169 95 6
169 95 6
169 95 6
169 95 6
169 95 6
169 95 6
169 95 6
169 95 6
169 95 6
169 95 6
169 95 6
169 95 6
169 95 6
169 95 6
169 95 6
169 95 6
169 95 6
169 95 6
169 95 6
169 95 6
169 95 6
169 95 6
169 95 6
169 95 6
169 95 6
169 95 6
169 95 6
169 95 6
169 95 6
169 95 6
169 95 6
169 95 6
169 95 6
169 95 6
169 95 6
169 95 6
169 95 6
169 95 6
169 95 6
169 95 6
169 95 6
169 95 6
169 95 6
169 95 6
169 95 6
169 95 6
169 95 6
169 95 6
169 95 6
169 95 6
169 95 6
169 95 6
169 95 6
169 95 6
169 95 6
169 95 6
169 95 6
169 95 6
169 95 6
169 95 6
169 95 6
169 95 6
169 95 6
169 95 6
169 95 6
169 95 6
169 95 6
169 95 6
169 95 6
169 95 6
169 95 6
169 95 6
169 95 6
169 95 6
169 95 6
169 95 6
169 95 6
169 95 6
169 95 6
169 95 6
169 95 6
169 95 6
169 95 6
169 95 6
169 95 6
169 95 6
169 95 6
169 95 6
76 160 16
76 160 6
76 160 6
76 160 6
76 160 6
76 160 6
76 160 6
76 160 6
76 160 6
76 160 6
76 160 6
76 160 6
76 160 6
76 160 6
76 160 6
76 160 6
76 160 6
76 160 6
76 160 6
76 160 6
76 160 6
76 160 6
76 160 6
76 160 6
76 160 6
76 160 6
76 160 6
76 160 6
76 160 6
76 160 6
76 160 6
76 160 6
76 160 6
76 160 6
76 160 6
76 160 6
76 160 6
76 160 6
76 160 6
76 160 6
76 160 6
76 160 6
76 160 6
76 160 6
76 160 6
76 160 6
76 160 6
76 160 6
76 160 6
76 160 6
76 160 6
76 160 6
76 160 6
76 160 6
76 160 6
76 160 6
76 160 6
76 160 6
76 160 6
76 160 6
76 160 6
76 160 6
76 160 6
76 160 6
76 160 6
76 160 6
76 160 6
76 160 6
76 160 6
76 160 6
76 160 6
76 160 6
76 160 6
76 160 6
76 160 6
76 160 6
76 160 6
76 160 6
76 160 6
76 160 6
76 160 6
76 160 6
76 160 6
76 160 6
76 160 6
76 160 6
76 160 6
76 160 6
76 160 6
76 160 6
76 160 6
151 95 16
160 90 16
151 84 16
142 89 16
142 89 6
142 78 16
142 78 6
142 78 6
142 78 6
142 78 6
142 78 6
142 78 6
142 78 6
142 78 6
142 78 6
142 78 6
142 78 6
142 78 6
142 78 6
142 78 6
142 78 6
142 78 6
142 78 6
142 78 6
142 78 6
142 78 6
142 78 6
142 78 6
142 78 6
142 78 6
142 78 6
142 78 6
142 78 6
142 78 6
132 83 16
132 83 6
132 83 6
132 83 6
132 83 6
132 83 6
132 83 6
132 83 6
132 83 6
132 83 6
132 83 6
132 83 6
132 83 6
132 83 6
132 83 6
132 83 6
132 83 6
132 83 6
85 166 16
85 166 6
85 166 6
85 166 6
85 166 6
85 166 6
85 166 6
85 166 6
85 166 6
85 166 6
85 166 6
85 166 6
85 166 6
85 166 6
85 166 6
85 166 6
85 166 6
85 166 6
85 166 6
85 166 6
85 166 6
85 166 6
85 166 6
85 166 6
85 166 6
85 166 6
85 166 6
85 166 6
85 166 6
85 166 6
85 166 6
85 166 6
85 166 6
85 166 6
85 166 6
85 166 6
85 166 6
85 166 6
85 166 6
85 166 6
85 166 6
85 166 6
85 166 6
85 166 6
85 166 6
85 166 6
85 166 6
85 166 6
85 166 6
85 166 6
85 166 6
85 166 6
85 166 6
85 166 6
85 166 6
132 72 16
132 72 6
132 72 6
132 72 6
132 72 6
132 72 6
132 72 6
132 72 6
132 72 6
132 72 6
132 72 6
132 72 6
132 72 6
132 72 6
132 72 6
132 72 6
132 72 6
132 72 6
132 72 6
132 72 6
132 72 6
132 72 6
132 72 6
132 72 6
132 72 6
132 72 6
132 72 6
132 72 6
132 72 6
132 72 6
132 72 6
132 72 6
132 72 6
132 72 6
132 72 6
132 72 6
132 72 6
132 72 6
132 72 6
132 72 6
132 72 6
132 72 6
132 72 6
132 72 6
132 72 6
132 72 6
132 72 6
132 72 6
132 72 6
132 72 6
132 72 6
132 72 6
132 72 6
132 72 6
132 72 6
132 72 6
132 72 6
132 72 6
132 72 6
132 72 6
132 72 6
132 72 6
132 72 6
132 72 6
132 72 6
132 72 6
132 72 6
132 72 6
132 72 6
132 72 6
132 72 6
132 72 6
132 72 6
132 72 6
132 72 6
132 72 6
132 72 6
132 72 6
132 72 6
132 72 6
132 72 6
132 72 6
132 72 6
132 72 6
132 72 6
132 72 6
132 72 6
132 72 6
132 72 6
132 72 6
132 72 6
132 72 6
132 72 6
132 72 6
132 72 6
132 72 6
132 72 6
132 72 6
132 72 6
132 72 6
132 72 6
132 72 6
132 72 6
132 72 6
132 72 6
132 72 6
132 72 6
132 72 6
132 72 6
132 72 6
132 72 6
132 72 6
132 72 6
132 72 6
132 72 6
132 72 6
132 72 6
132 72 6
132 72 6
132 72 6
132 72 6
132 72 6
132 72 6
132 72 6
132 72 6
132 72 6
132 72 6
132 72 6
132 72 6
132 72 6
132 72 6
132 72 6
132 72 6
132 72 6
132 72 6
132 72 6
132 72 6
132 72 6
132 72 6
132 72 6
132 72 6
132 72 6
132 72 6
132 72 6
132 72 6
132 72 6
132 72 6
132 72 6
132 72 6
132 72 6
132 72 6
132 72 6
132 72 6
132 72 6
132 72 6
132 72 6
132 72 6
132 72 6
132 72 6
132 72 6
132 72 6
132 72 6
132 72 6
132 72 6
132 72 6
132 72 6
132 72 6
132 72 6
132 72 6
132 72 6
132 72 6
132 72 6
132 72 6
132 72 6
132 72 6
132 72 6
132 72 6
132 72 6
132 72 6
132 72 6
132 72 6
132 72 6
132 72 6
132 72 6
132 72 6
132 72 6
132 72 6
132 72 6
132 72 6
132 72 6
132 95 16
132 95 6
132 95 6
132 95 6
132 95 6
132 95 6
132 95 6
132 95 6
132 95 6
132 95 6
132 95 6
132 95 6
132 95 6
132 95 6
132 95 6
132 95 6
132 95 6
132 95 6
132 95 6
132 95 6
132 95 6
132 95 6
132 95 6
132 95 6
132 95 6
132 95 6
132 95 6
132 95 6
132 95 6
132 95 6
132 95 6
132 95 6
132 95 6
132 95 6
132 95 6
132 95 6
132 95 6
132 95 6
132 95 6
132 95 6
132 95 6
132 95 6
132 95 6
132 95 6
132 95 6
132 95 6
132 95 6
132 95 6
132 95 6
132 95 6
132 95 6
132 95 6
132 95 6
132 95 6
132 95 6
132 95 6
132 95 6
132 95 6
132 95 6
132 95 6
132 95 6
132 95 6
132 95 6
132 95 6
132 95 6
132 95 6
132 95 6
132 95 6
132 95 6
132 95 6
132 95 6
132 95 6
132 95 6
132 95 6
132 95 6
132 95 6
132 95 6
132 95 6
132 95 6
132 95 6
132 95 6
132 95 6
132 95 6
132 95 6
132 95 6
132 95 6
132 95 6
132 95 6
132 95 6
132 95 6
132 95 6
132 95 6
132 95 6
132 95 6
132 95 6
132 95 6
132 95 6
132 95 6
132 95 6
132 95 6
132 95 6
132 95 6
132 95 6
132 95 6
132 95 6
132 95 6
132 95 6
132 95 6
132 95 6
132 95 6
132 95 6
132 95 6
132 95 6
132 95 6
132 95 6
132 95 6
132 95 6
132 95 6
132 95 6
132 95 6
132 95 6
132 95 6
132 95 6
132 95 6
132 95 6
132 95 6
132 95 6
132 95 6
132 95 6
132 95 6
132 95 6
132 95 6
132 95 6
132 95 6
132 95 6
132 95 6
132 95 6
132 95 6
132 95 6
132 95 6
132 95 6
132 95 6
132 95 6
132 95 6
132 95 6
132 95 6
132 95 6
132 95 6
132 95 6
132 95 6
132 95 6
132 95 6
132 95 6
132 95 6
132 95 6
132 95 6
132 95 6
132 95 6
132 95 6
132 95 6
132 95 6
132 95 6
132 95 6
132 95 6
132 95 6
132 95 6
132 95 6
132 95 6
132 95 6
132 95 6
132 95 6
132 95 6
132 95 6
132 95 6
132 95 6
132 95 6
132 95 6
132 95 6
132 95 6
132 95 6
132 95 6
132 95 6
132 95 6
132 95 6
132 95 6
132 95 6
132 95 6
132 95 6
95 171 16
95 171 6
95 171 6
95 171 6
95 171 6
95 171 6
95 171 6
95 171 6
95 171 6
95 171 6
95 171 6
95 171 6
95 171 6
95 171 6
95 171 6
95 171 6
95 171 6
95 171 6
95 171 6
95 171 6
95 171 6
95 171 6
95 171 6
95 171 6
95 171 6
95 171 6
95 171 6
95 171 6
95 171 6
95 171 6
95 171 6
95 171 6
95 171 6
95 171 6
95 171 6
95 171 6
95 171 6
95 171 6
95 171 6
95 171 6
95 171 6
95 171 6
95 171 6
95 171 6
95 171 6
95 171 6
95 171 6
95 171 6
95 171 6
95 171 6
95 171 6
95 171 6
95 171 6
95 171 6
95 171 6
95 171 6
95 171 6
95 171 6
95 171 6
95 171 6
95 171 6
95 171 6
95 171 6
95 171 6
95 171 6
95 171 6
95 171 6
95 171 6
95 171 6
95 171 6
95 171 6
95 171 6
95 171 6
95 171 6
95 171 6
95 171 6
95 171 6
95 171 6
95 171 6
95 171 6
95 171 6
95 171 6
95 171 6
95 171 6
95 171 6
95 171 6
95 171 6
95 171 6
95 171 6
95 171 6
95 171 6
95 171 6
95 171 6
95 171 6
95 171 6
95 171 6
95 171 6
95 171 6
95 171 6
95 171 6
95 171 6
95 171 6
95 171 6
95 171 6
95 171 6
95 171 6
95 171 6
95 171 6
95 171 6
95 171 6
95 171 6
95 171 6
95 171 6
95 171 6
95 171 6
95 171 6
95 171 6
95 171 6
95 171 6
95 171 6
95 171 6
95 171 6
95 171 6
95 171 6
95 171 6
95 171 6
85 177 16
85 177 6
85 177 6
85 177 6
85 177 6
85 177 6
85 177 6
85 177 6
85 177 6
85 177 6
85 177 6
85 177 6
85 177 6
85 177 6
85 177 6
85 177 6
85 177 6
85 177 6
85 177 6
85 177 6
85 177 6
85 177 6
85 177 6
85 177 6
85 177 6
85 177 6
85 177 6
85 177 6
85 177 6
85 177 6
85 177 6
85 177 6
85 177 6
85 177 6
85 177 6
85 177 6
95 182 16
95 182 6
95 182 6
95 182 6
95 182 6
95 182 6
95 182 6
95 182 6
95 182 6
95 182 6
95 182 6
95 182 6
95 182 6
95 182 6
95 182 6
95 182 6
95 182 6
95 182 6
95 182 6
95 182 6
95 182 6
95 182 6
95 182 6
95 182 6
95 182 6
95 182 6
95 182 6
95 182 6
95 182 6
95 182 6
95 182 6
95 182 6
95 182 6
95 182 6
95 182 6
95 182 6
95 182 6
95 182 6
95 182 6
95 182 6
95 182 6
95 182 6
95 182 6
95 182 6
95 182 6
95 182 6
95 182 6
95 182 6
95 182 6
95 182 6
95 182 6
95 182 6
95 182 6
95 182 6
95 182 6
95 182 6
95 182 6
95 182 6
95 182 6
95 182 6
95 182 6
95 182 6
95 182 6
95 182 6
95 182 6
95 182 6
95 182 6
95 182 6
95 182 6
95 182 6
95 182 6
95 182 6
95 182 6
95 182 6
95 182 6
95 182 6
198 134 16
198 134 6
198 134 6
198 134 6
198 134 6
198 134 6
198 134 6
198 134 6
198 134 6
198 134 6
198 134 6
198 134 6
198 134 6
198 134 6
198 134 6
198 134 6
198 134 6
198 134 6
198 134 6
198 134 6
198 134 6
198 134 6
198 134 6
198 134 6
198 134 6
198 134 6
198 134 6
198 134 6
198 134 6
198 134 6
198 134 6
198 134 6
198 134 6
198 134 6
198 134 6
198 134 6
198 134 6
198 134 6
198 134 6
198 134 6
198 134 6
198 134 6
198 134 6
198 134 6
198 134 6
198 134 6
198 134 6
198 134 6
198 134 6
198 134 6
198 134 6
198 134 6
198 134 6
198 134 6
198 134 6
198 134 6
198 134 6
198 134 6
198 134 6
198 134 6
198 134 6
198 134 6
198 134 6
198 134 6
198 134 6
198 134 6
198 134 6
198 134 6
198 134 6
198 134 6
198 134 6
198 134 6
198 134 6
198 134 6
198 134 6
198 134 6
198 134 6
198 134 6
198 134 6
198 134 6
198 134 6
198 134 6
198 134 6
198 134 6
198 134 6
198 134 6
198 134 6
198 134 6
198 134 6
198 134 6
198 134 6
198 134 6
198 134 6
198 134 6
198 134 6
198 134 6
198 134 6
198 134 6
198 134 6
198 134 6
198 134 6
198 134 6
198 134 6
198 134 6
198 134 6
198 134 6
198 134 6
198 134 6
198 134 6
198 134 6
198 134 6
198 134 6
198 134 6
198 134 6
198 134 6
198 134 6
198 134 6
198 134 6
198 134 6
198 134 6
198 134 6
198 134 6
198 134 6
198 134 6
198 134 6
198 134 6
198 134 6
198 134 6
198 134 6
198 134 6
198 134 6
198 134 6
198 134 6
198 134 6
198 134 6
198 134 6
198 134 6
198 134 6
198 134 6
198 134 6
198 134 6
198 134 6
198 134 6
198 134 6
198 134 6
198 134 6
198 134 6
198 134 6
198 134 6
198 134 6
198 134 6
198 134 6
198 134 6
198 134 6
198 134 6
198 134 6
198 134 6
198 134 6
198 134 6
198 134 6
198 134 6
198 134 6
198 134 6
198 134 6
198 134 6
198 134 6
198 134 6
198 134 6
198 134 6
198 134 6
198 134 6
198 134 6
198 134 6
198 134 6
198 134 6
198 134 6
198 134 6
198 134 6
198 134 6
198 134 6
198 134 6
198 134 6
198 134 6
198 134 6
198 134 6
198 134 6
198 134 6
198 134 6
198 134 6
198 134 6
198 134 6
198 134 6
160 78 16
151 72 16
151 72 6
151 72 6
151 72 6
151 72 6
151 72 6
151 72 6
161 67 16
161 67 6
151 61 16
151 61 6
151 61 6
161 56 16
151 50 16
151 50 6
161 44 16
161 44 6
161 44 6
161 44 6
161 44 6
161 44 6
151 39 16
151 39 6
151 39 6
151 39 6
151 39 6
151 39 6
151 39 6
151 39 6
151 39 6
151 39 6
151 39 6
151 39 6
151 39 6
151 39 6
151 39 6
151 39 6
151 39 6
151 39 6
151 39 6
151 39 6
151 39 6
151 39 6
151 39 6
151 39 6
151 39 6
67 144 16
67 144 6
67 144 6
67 144 6
67 144 6
67 144 6
67 144 6
67 144 6
67 144 6
67 144 6
67 144 6
67 144 6
67 144 6
67 144 6
67 144 6
67 144 6
67 144 6
67 144 6
67 144 6
67 144 6
67 144 6
67 144 6
67 144 6
67 144 6
67 144 6
67 144 6
67 144 6
67 144 6
67 144 6
67 144 6
67 144 6
67 144 6
67 144 6
67 144 6
67 144 6
67 144 6
67 144 6
67 144 6
67 144 6
67 144 6
67 144 6
67 144 6
67 144 6
67 144 6
67 144 6
67 144 6
67 144 6
67 144 6
67 144 6
67 144 6
67 144 6
67 144 6
67 144 6
67 144 6
67 144 6
67 144 6
67 144 6
67 144 6
67 144 6
67 144 6
67 144 6
67 144 6
67 144 6
67 144 6
67 144 6
67 144 6
67 144 6
67 144 6
67 144 6
67 144 6
67 144 6
67 144 6
67 144 6
67 144 6
67 144 6
67 144 6
67 144 6
67 144 6
67 144 6
67 144 6
67 144 6
67 144 6
67 144 6
67 144 6
67 144 6
67 144 6
67 144 6
67 144 6
67 144 6
67 144 6
67 144 6
67 144 6
67 144 6
67 144 6
67 144 6
67 144 6
67 144 6
67 144 6
67 144 6
67 144 6
67 144 6
67 144 6
67 144 6
67 144 6
67 144 6
67 144 6
67 144 6
67 144 6
67 144 6
67 144 6
67 144 6
67 144 6
67 144 6
67 144 6
67 144 6
67 144 6
67 144 6
67 144 6
67 144 6
67 144 6
67 144 6
67 144 6
67 144 6
67 144 6
67 144 6
67 144 6
67 144 6
67 144 6
67 144 6
67 144 6
67 144 6
67 144 6
67 144 6
67 144 6
67 144 6
67 144 6
67 144 6
67 144 6
67 144 6
67 144 6
67 144 6
67 144 6
67 144 6
67 144 6
67 144 6
67 144 6
67 144 6
67 144 6
67 144 6
67 144 6
67 144 6
67 144 6
67 144 6
67 144 6
67 144 6
67 144 6
67 144 6
67 144 6
67 144 6
67 144 6
67 144 6
67 144 6
67 144 6
67 144 6
67 144 6
67 144 6
67 144 6
67 144 6
67 144 6
67 144 6
67 144 6
67 144 6
67 144 6
67 144 6
67 144 6
67 144 6
67 144 6
67 144 6
67 144 6
67 144 6
67 144 6
67 144 6
67 144 6
67 144 6
67 144 6
67 144 6
67 144 6
67 144 6
67 144 6
67 144 6
67 144 6
67 144 6
67 144 6
85 188 16
95 194 16
85 199 16
85 199 6
85 199 6
85 199 6
85 199 6
85 199 6
85 199 6
85 199 6
85 199 6
85 199 6
85 199 6
85 199 6
85 199 6
85 199 6
85 199 6
161 33 16
161 33 6
161 33 6
161 33 6
161 33 6
161 33 6
161 33 6
161 33 6
161 33 6
161 33 6
161 33 6
161 33 6
161 33 6
161 33 6
161 33 6
161 33 6
161 33 6
161 33 6
161 33 6
161 33 6
161 33 6
161 33 6
161 33 6
161 33 6
161 33 6
161 33 6
161 33 6
161 33 6
161 33 6
161 33 6
161 33 6
161 33 6
161 33 6
161 33 6
161 33 6
161 33 6
161 33 6
161 33 6
161 33 6
161 33 6
161 33 6
161 33 6
161 33 6
161 33 6
161 33 6
161 33 6
161 33 6
161 33 6
161 33 6
161 33 6
161 33 6
161 33 6
161 33 6
161 33 6
161 33 6
161 33 6
161 33 6
161 33 6
161 33 6
161 33 6
161 33 6
161 33 6
161 33 6
161 33 6
161 33 6
161 33 6
161 33 6
161 33 6
161 33 6
76 183 199
76 183 6
76 183 6
76 183 6
76 183 6
76 183 6
76 183 6
76 183 6
76 183 6
76 183 6
76 183 6
76 183 6
76 183 6
76 183 6
76 183 6
76 183 6
76 183 6
76 183 6
76 183 6
76 183 6
76 183 6
76 183 6
76 183 6
76 183 6
76 183 6
76 183 6
76 183 6
76 183 6
76 183 6
76 183 6
76 183 6
76 183 6
76 183 6
76 183 6
76 183 6
76 183 6
76 183 6
76 183 6
76 183 6
76 183 6
76 183 6
76 183 6
76 183 6
76 183 6
76 183 6
76 183 6
76 183 6
76 183 6
76 183 6
76 183 6
76 183 6
76 183 6
76 183 6
76 183 6
76 183 6
76 183 6
76 183 6
76 183 6
76 183 6
76 183 6
76 183 6
76 183 6
76 183 6
76 183 6
76 183 6
76 183 6
76 183 6
76 183 6
76 183 6
76 183 6
76 183 6
76 183 6
76 183 6
76 183 6
76 183 6
76 183 6
76 183 6
76 183 6
76 183 6
76 183 6
76 183 6
76 183 6
76 183 6
76 183 6
76 183 6
76 183 6
76 183 6
76 183 6
76 183 6
76 183 6
76 183 6
104 188 16
104 188 6
104 188 6
104 188 6
104 188 6
104 188 6
104 199 16
104 199 6
104 199 6
104 199 6
104 199 6
104 199 6
104 199 6
104 199 6
104 199 6
104 199 6
104 199 6
104 199 6
104 199 6
104 199 6
104 199 6
104 199 6
104 199 6
104 199 6
104 199 6
104 199 6
114 194 16
114 194 6
114 194 6
114 194 6
114 194 6
114 194 6
114 194 6
114 194 6
114 194 6
114 194 6
114 194 6
114 194 6
114 194 6
114 194 6
114 194 6
114 194 6
114 194 6
114 194 6
114 194 6
114 194 6
114 194 6
114 194 6
114 194 6
114 194 6
114 194 6
114 194 6
114 194 6
114 194 6
114 194 6
114 194 6
114 194 6
114 194 6
114 194 6
114 183 16
114 183 6
114 183 6
114 183 6
114 183 6
114 183 6
114 183 6
114 183 6
104 177 16
104 177 6
104 177 6
104 177 6
104 177 6
104 177 6
104 177 6
104 177 6
104 177 6
104 177 6
104 177 6
104 177 6
104 177 6
104 177 6
104 177 6
104 177 6
104 177 6
104 177 6
104 177 6
104 177 6
104 177 6
104 177 6
104 177 6
104 177 6
104 177 6
104 177 6
104 177 6
104 177 6
104 177 6
104 177 6
104 177 6
104 177 6
104 177 6
104 177 6
104 177 6
104 177 6
104 177 6
104 177 6
104 177 6
104 177 6
104 177 6
104 177 6
104 177 6
104 177 6
104 177 6
104 177 6
104 177 6
104 177 6
104 177 6
104 177 6
104 177 6
104 177 6
104 177 6
104 177 6
104 177 6
104 177 6
104 177 6
104 177 6
104 177 6
104 177 6
104 177 6
104 177 6
104 177 6
104 177 6
104 177 6
104 177 6
104 177 6
104 177 6
104 177 6
104 177 6
104 177 6
104 177 6
104 177 6
104 177 6
104 177 6
104 177 6
104 177 6
104 177 6
104 177 6
104 177 6
104 177 6
104 177 6
104 177 6
104 177 6
104 177 6
104 177 6
104 177 6
104 177 6
104 177 6
104 177 6
104 177 6
104 177 6
104 177 6
104 177 6
104 177 6
104 177 6
104 177 6
104 177 6
104 177 6
104 177 6
104 177 6
104 177 6
104 177 6
104 177 6
104 177 6
104 177 6
104 177 6
104 177 6
104 177 6
104 177 6
104 177 6
104 177 6
104 177 6
104 177 6
104 177 6
104 177 6
104 177 6
104 177 6
104 177 6
104 177 6
104 177 6
104 177 6
104 177 6
104 177 6
104 177 6
104 177 6
104 177 6
104 177 6
104 177 6
104 177 6
104 177 6
104 177 6
104 177 6
104 177 6
104 177 6
104 177 6
104 177 6
104 177 6
104 177 6
104 177 6
104 177 6
104 177 6
104 177 6
104 177 6
104 177 6
104 177 6
104 177 6
104 177 6
104 177 6
104 177 6
104 177 6
104 177 6
104 177 6
104 177 6
104 177 6
104 177 6
104 177 6
104 177 6
104 177 6
123 188 16
123 188 6
123 188 6
123 188 6
123 188 6
123 188 6
123 188 6
123 188 6
123 188 6
123 188 6
123 188 6
123 188 6
123 188 6
123 188 6
123 188 6
123 188 6
123 188 6
123 188 6
123 188 6
123 188 6
123 188 6
123 188 6
123 188 6
123 188 6
123 188 6
123 188 6
123 188 6
123 188 6
123 188 6
123 188 6
123 188 6
123 188 6
123 188 6
123 188 6
123 188 6
123 188 6
123 188 6
123 188 6
123 188 6
123 188 6
123 188 6
123 188 6
123 188 6
123 188 6
123 188 6
123 177 16
123 177 6
123 177 6
123 177 6
123 177 6
123 177 6
123 177 6
123 177 6
123 177 6
123 177 6
123 177 6
123 177 6
123 177 6
123 177 6
123 177 6
123 177 6
123 177 6
123 177 6
123 177 6
123 177 6
123 177 6
123 177 6
123 177 6
123 177 6
123 177 6
123 177 6
123 177 6
123 177 6
123 177 6
123 177 6
123 177 6
123 177 6
123 177 6
123 177 6
123 177 6
123 177 6
123 177 6
123 177 6
123 177 6
123 177 6
123 177 6
123 177 6
123 177 6
123 177 6
123 177 6
123 177 6
123 177 6
123 177 6
123 177 6
123 177 6
123 177 6
123 177 6
123 177 6
123 177 6
123 177 6
123 177 6
123 177 6
123 177 6
123 177 6
123 177 6
123 177 6
123 177 6
123 177 6
123 177 6
123 177 6
123 177 6
123 177 6
123 177 6
123 177 6
123 177 6
123 177 6
123 177 6
123 177 6
123 177 6
123 177 6
123 177 6
123 177 6
123 177 6
123 177 6
123 177 6
123 177 6
123 177 6
123 177 6
123 177 6
123 177 6
123 177 6
123 177 6
123 177 6
123 177 6
123 177 6
123 177 6
123 177 6
123 177 6
123 177 6
123 177 6
123 177 6
123 177 6
123 177 6
123 177 6
123 177 6
123 177 6
123 177 6
123 177 6
123 177 6
123 177 6
123 177 6
123 177 6
123 177 6
123 177 6
123 177 6
123 177 6
123 177 6
123 177 6
123 177 6
123 177 6
123 177 6
123 177 6
123 177 6
123 177 6
123 177 6
123 177 6
123 177 6
123 177 6
123 177 6
123 177 6
123 177 6
123 177 6
123 177 6
123 177 6
123 177 6
123 177 6
123 177 6
123 177 6
123 177 6
123 177 6
123 177 6
123 177 6
123 177 6
123 177 6
123 177 6
123 177 6
123 177 6
123 177 6
123 177 6
123 177 6
123 177 6
123 177 6
123 177 6
123 177 6
123 177 6
123 177 6
123 177 6
123 177 6
123 177 6
123 177 6
123 177 6
123 177 6
123 177 6
123 177 6
123 177 6
123 177 6
123 177 6
123 177 6
123 177 6
123 177 6
170 73 16
170 73 6
170 73 6
170 73 6
170 73 6
170 73 6
170 73 6
170 73 6
170 73 6
170 73 6
170 73 6
170 73 6
170 73 6
170 73 6
170 73 6
170 73 6
170 73 6
170 73 6
170 73 6
170 73 6
170 73 6
170 73 6
170 73 6
170 73 6
170 73 6
170 73 6
170 73 6
170 73 6
170 73 6
170 73 6
170 73 6
170 73 6
170 73 6
170 73 6
170 73 6
170 73 6
170 73 6
170 73 6
170 73 6
170 73 6
170 73 6
170 73 6
170 73 6
170 73 6
170 73 6
170 73 6
170 73 6
170 73 6
170 73 6
170 73 6
170 73 6
170 73 6
170 73 6
170 73 6
170 73 6
170 73 6
170 73 6
170 73 6
170 73 6
170 73 6
170 73 6
170 73 6
170 73 6
170 73 6
170 73 6
170 73 6
170 73 6
170 73 6
170 73 6
170 73 6
170 73 6
170 73 6
170 73 6
170 73 6
170 73 6
170 73 6
170 73 6
170 73 6
170 73 6
170 73 6
170 73 6
170 73 6
170 73 6
170 73 6
170 73 6
170 73 6
170 73 6
170 61 16
170 61 6
170 61 6
170 61 6
170 61 6
170 61 6
170 61 6
170 61 6
170 61 6
170 61 6
170 61 6
170 61 6
170 61 6
170 61 6
170 61 6
170 61 6
170 61 6
170 61 6
170 61 6
170 61 6
170 61 6
170 61 6
170 61 6
170 61 6
170 61 6
170 61 6
170 61 6
170 61 6
170 61 6
170 61 6
170 61 6
170 61 6
170 61 6
170 61 6
170 61 6
170 61 6
170 61 6
170 61 6
170 61 6
170 61 6
170 61 6
170 50 16
170 50 6
170 50 6
170 50 6
170 50 6
170 50 6
170 50 6
170 50 6
170 50 6
170 50 6
170 50 6
170 50 6
170 50 6
170 50 6
170 50 6
170 50 6
170 50 6
170 50 6
170 50 6
170 50 6
170 50 6
170 50 6
170 50 6
170 50 6
170 50 6
170 50 6
170 50 6
170 50 6
170 50 6
170 50 6
170 50 6
170 50 6
170 50 6
170 50 6
170 39 16
170 39 6
170 39 6
170 39 6
170 39 6
170 39 6
170 39 6
170 39 6
170 39 6
170 39 6
170 39 6
170 39 6
170 39 6
170 39 6
170 39 6
170 39 6
170 39 6
170 39 6
170 39 6
170 39 6
170 39 6
170 39 6
170 39 6
170 39 6
170 39 6
170 39 6
170 39 6
170 39 6
170 39 6
170 39 6
170 39 6
170 39 6
170 39 6
170 39 6
170 39 6
170 39 6
170 39 6
170 39 6
170 39 6
170 39 6
170 39 6
170 39 6
170 39 6
170 39 6
170 39 6
170 39 6
170 39 6
170 39 6
170 39 6
170 39 6
170 39 6
170 39 6
170 39 6
170 39 6
170 39 6
170 39 6
170 39 6
170 39 6
170 39 6
170 39 6
170 39 6
170 39 6
170 39 6
170 39 6
170 39 6
170 39 6
170 39 6
170 39 6
170 39 6
170 39 6
170 39 6
170 39 6
170 39 6
170 39 6
170 39 6
170 39 6
170 39 6
170 39 6
170 39 6
170 39 6
170 39 6
170 39 6
170 39 6
170 39 6
170 39 6
170 39 6
170 39 6
170 39 6
170 39 6
170 39 6
170 39 6
170 39 6
170 39 6
170 39 6
170 39 6
170 39 6
170 39 6
170 39 6
170 39 6
170 39 6
170 39 6
170 39 6
170 39 6
170 39 6
170 39 6
170 39 6
170 39 6
170 39 6
170 39 6
170 39 6
170 39 6
170 39 6
170 39 6
170 39 6
170 39 6
170 39 6
170 39 6
170 39 6
170 39 6
170 39 6
170 39 6
170 39 6
170 39 6
170 39 6
170 39 6
170 39 6
170 39 6
170 39 6
170 39 6
170 39 6
170 39 6
170 39 6
170 39 6
170 39 6
170 39 6
170 39 6
170 39 6
170 39 6
170 39 6
170 39 6
170 39 6
170 39 6
170 39 6
170 39 6
170 39 6
170 39 6
170 39 6
170 39 6
170 39 6
170 39 6
170 39 6
170 39 6
170 39 6
170 39 6
170 39 6
170 39 6
152 28 16
152 28 6
152 28 6
152 28 6
152 28 6
152 28 6
152 28 6
152 28 6
152 28 6
152 28 6
152 28 6
152 28 6
152 28 6
152 28 6
152 28 6
152 28 6
152 28 6
152 28 6
152 28 6
152 28 6
152 28 6
152 28 6
152 28 6
152 28 6
152 28 6
152 28 6
152 28 6
152 28 6
152 28 6
152 28 6
152 28 6
152 28 6
152 28 6
152 28 6
152 28 6
152 28 6
152 28 6
152 28 6
152 28 6
152 28 6
152 28 6
152 28 6
152 28 6
152 28 6
152 28 6
152 28 6
152 28 6
152 28 6
152 28 6
152 28 6
152 28 6
152 28 6
152 28 6
152 28 6
152 28 6
152 28 6
152 28 6
152 28 6
152 28 6
152 28 6
152 28 6
152 28 6
152 28 6
152 28 6
152 28 6
152 28 6
152 28 6
152 28 6
152 28 6
152 28 6
152 28 6
152 28 6
152 28 6
152 28 6
152 28 6
152 28 6
152 28 6
152 28 6
152 28 6
152 28 6
152 28 6
152 28 6
152 28 6
152 28 6
152 28 6
152 28 6
152 28 6
152 28 6
152 28 6
152 28 6
152 28 6
152 28 6
152 28 6
152 28 6
152 28 6
152 28 6
152 28 6
152 28 6
152 28 6
152 28 6
152 28 6
152 28 6
152 28 6
152 28 6
152 28 6
152 28 6
152 28 6
152 28 6
152 28 6
152 28 6
152 28 6
152 28 6
152 28 6
152 28 6
152 28 6
152 28 6
152 28 6
152 28 6
152 28 6
152 28 6
152 28 6
180 56 16
180 56 6
180 56 6
180 56 6
180 56 6
180 56 6
180 56 6
180 56 6
180 56 6
180 56 6
180 56 6
180 56 6
180 56 6
180 56 6
180 56 6
180 56 6
180 56 6
180 56 6
180 56 6
180 56 6
180 56 6
180 56 6
180 56 6
180 56 6
180 56 6
95 160 16
95 160 6
95 160 6
95 160 6
95 160 6
95 160 6
95 160 6
95 160 6
95 160 6
95 160 6
95 160 6
95 160 6
95 160 6
95 160 6
95 160 6
95 160 6
85 155 16
85 155 6
85 155 6
85 155 6
85 155 6
85 155 6
85 155 6
85 155 6
85 155 6
85 155 6
85 155 6
85 155 6
85 155 6
85 155 6
85 155 6
85 155 6
85 155 6
85 155 6
85 155 6
85 155 6
85 155 6
85 155 6
85 155 6
85 155 6
85 155 6
85 155 6
85 155 6
85 155 6
85 155 6
85 155 6
85 155 6
85 155 6
85 155 6
85 155 6
85 155 6
85 155 6
85 155 6
85 155 6
85 155 6
85 155 6
85 155 6
85 155 6
85 155 6
85 155 6
85 155 6
85 155 6
85 155 6
85 155 6
85 155 6
85 155 6
85 155 6
85 155 6
85 155 6
85 155 6
85 155 6
85 155 6
85 155 6
85 155 6
85 155 6
85 155 6
85 155 6
85 155 6
85 155 6
85 155 6
85 155 6
85 155 6
85 155 6
85 155 6
85 155 6
85 155 6
85 155 6
85 155 6
85 155 6
85 155 6
85 155 6
85 155 6
85 155 6
85 155 6
85 155 6
85 155 6
85 155 6
85 155 6
85 155 6
85 155 6
85 155 6
85 155 6
85 155 6
85 155 6
85 155 6
85 155 6
85 155 6
85 155 6
85 155 6
85 155 6
85 155 6
85 155 6
85 155 6
85 155 6
85 155 6
85 155 6
85 155 6
85 155 6
85 155 6
85 155 6
85 155 6
85 155 6
85 155 6
85 155 6
85 155 6
85 155 6
85 155 6
85 155 6
85 155 6
85 155 6
85 155 6
85 155 6
85 155 6
85 155 6
85 155 6
85 155 6
85 155 6
85 155 6
85 155 6
85 155 6
85 155 6
85 155 6
85 155 6
85 155 6
85 155 6
85 155 6
85 155 6
85 155 6
85 155 6
85 155 6
85 155 6
85 155 6
85 155 6
85 155 6
85 155 6
85 155 6
85 155 6
85 155 6
85 155 6
85 155 6
85 155 6
85 155 6
85 155 6
104 155 16
104 155 6
104 155 6
104 155 6
104 155 6
104 155 6
104 155 6
104 155 6
104 155 6
104 155 6
104 155 6
104 155 6
104 155 6
104 155 6
104 155 6
104 155 6
104 155 6
104 155 6
104 155 6
95 149 16
95 149 6
95 149 6
95 149 6
95 149 6
95 149 6
95 149 6
95 149 6
95 149 6
95 149 6
95 149 6
95 149 6
95 149 6
95 149 6
95 149 6
95 149 6
95 149 6
95 149 6
95 149 6
95 149 6
95 149 6
95 149 6
95 149 6
95 149 6
95 149 6
95 149 6
95 149 6
95 149 6
95 149 6
95 149 6
95 149 6
95 149 6
95 149 6
95 149 6
95 149 6
95 149 6
95 149 6
95 149 6
95 149 6
95 149 6
95 149 6
95 149 6
95 149 6
95 149 6
95 149 6
95 149 6
95 149 6
95 149 6
95 149 6
95 149 6
95 149 6
95 149 6
95 149 6
95 149 6
95 149 6
95 149 6
95 149 6
95 149 6
95 149 6
95 149 6
95 149 6
95 149 6
95 149 6
95 149 6
95 149 6
95 149 6
95 149 6
95 149 6
95 149 6
95 149 6
95 149 6
95 149 6
95 149 6
95 149 6
95 149 6
95 149 6
95 149 6
95 149 6
95 149 6
95 149 6
95 149 6
95 149 6
95 149 6
95 149 6
95 149 6
95 149 6
179 67 16
179 67 6
179 67 6
179 67 6
179 67 6
179 67 6
179 67 6
179 67 6
179 67 6
179 67 6
179 67 6
179 67 6
179 67 6
179 67 6
179 67 6
179 67 6
179 67 6
179 67 6
179 67 6
179 67 6
179 67 6
179 67 6
179 67 6
179 67 6
179 67 6
179 67 6
179 67 6
179 67 6
179 67 6
179 67 6
179 67 6
179 67 6
179 67 6
179 67 6
179 67 6
179 67 6
179 67 6
179 67 6
179 67 6
179 67 6
179 67 6
179 67 6
179 67 6
179 67 6
179 67 6
179 67 6
179 67 6
179 67 6
179 67 6
179 67 6
179 67 6
179 67 6
179 67 6
179 67 6
179 67 6
179 67 6
179 67 6
179 67 6
179 67 6
179 67 6
179 67 6
179 67 6
179 67 6
179 67 6
179 67 6
179 67 6
179 67 6
179 67 6
179 67 6
179 67 6
179 67 6
179 67 6
179 67 6
179 67 6
179 67 6
179 67 6
179 67 6
179 67 6
179 67 6
179 67 6
179 67 6
179 67 6
179 67 6
179 67 6
179 67 6
179 67 6
179 67 6
179 67 6
179 67 6
179 67 6
179 67 6
179 67 6
179 67 6
179 67 6
179 67 6
179 67 6
179 67 6
179 67 6
179 67 6
179 67 6
179 67 6
179 67 6
179 67 6
179 67 6
179 67 6
179 67 6
179 67 6
179 67 6
179 67 6
179 67 6
179 67 6
179 67 6
179 67 6
179 67 6
179 67 6
179 67 6
179 67 6
179 67 6
179 67 6
179 67 6
179 67 6
179 67 6
179 67 6
179 67 6
179 67 6
179 67 6
179 67 6
179 67 6
104 144 16
104 144 6
104 144 6
104 144 6
104 144 6
104 144 6
104 144 6
104 144 6
104 144 6
104 144 6
104 144 6
104 144 6
104 144 6
104 144 6
104 144 6
104 144 6
104 144 6
104 144 6
104 144 6
104 144 6
104 144 6
104 144 6
104 144 6
104 144 6
104 144 6
114 150 16
114 150 6
114 150 6
114 150 6
114 150 6
114 150 6
114 150 6
114 150 6
114 150 6
114 150 6
114 150 6
114 150 6
114 150 6
114 150 6
114 150 6
114 150 6
114 150 6
114 150 6
114 150 6
114 150 6
114 150 6
114 150 6
114 150 6
114 150 6
114 150 6
114 150 6
114 150 6
114 150 6
114 150 6
114 150 6
114 150 6
114 150 6
114 150 6
114 150 6
114 138 16
123 144 16
132 139 16
132 139 6
132 139 6
132 139 6
132 139 6
132 139 6
132 139 6
132 139 6
132 139 6
132 139 6
132 139 6
132 139 6
132 139 6
132 139 6
132 139 6
132 139 6
132 139 6
132 139 6
132 139 6
132 139 6
132 139 6
132 139 6
132 139 6
132 139 6
132 139 6
3 161 15
4 161 15
5 161 15
5 162 15
6 162 15
7 162 15
7 162 6
8 162 15
8 162 6
8 162 6
9 162 15
9 162 6
9 162 6
9 162 6
10 162 35
10 163 65
11 163 89
12 163 112
13 163 133
13 164 148
14 164 157
15 164 162
16 164 162
17 164 157
17 164 6
18 164 149
18 164 6
18 164 6
18 164 6
18 164 6
19 164 137
19 164 6
19 164 6
19 164 6
19 164 6
19 164 6
19 164 6
19 164 6
20 164 122
20 164 6
20 164 6
20 164 6
20 164 6
20 164 6
20 164 6
20 164 6
20 164 6
21 164 105
21 164 6
21 164 6
21 164 6
21 164 6
21 164 6
21 164 6
21 164 6
22 164 87
22 164 6
22 164 6
22 164 6
22 164 6
22 164 6
23 164 68
23 164 6
23 164 6
23 164 6
23 164 6
24 164 50
24 164 6
24 164 6
24 164 6
25 164 32
25 164 6
25 164 6
25 164 6
26 164 15
26 164 6
26 164 6
26 164 6
26 164 6
27 164 15
27 164 6
27 164 6
27 164 6
28 164 15
28 164 6
28 164 6
28 165 15
28 165 6
28 165 6
29 165 15
29 165 6
30 165 15
30 165 6
57 172 15
56 172 15
55 172 15
54 172 15
53 172 15
52 172 15
52 171 15
51 171 15
51 170 15
50 170 15
49 170 15
49 169 15
49 168 15
48 168 15
48 167 15
47 166 15
46 166 15
45 166 15
44 166 15
43 166 15
42 166 15
41 166 15
40 166 15
39 166 15
38 166 15
37 166 15
36 166 15
35 166 15
34 166 15
33 166 15
32 166 15
32 166 6
31 166 15
31 166 6
84 166 357
83 166 373
82 166 383
81 166 386
80 166 381
79 166 368
78 166 346
77 166 318
76 166 283
75 166 245
74 166 204
73 166 163
72 166 123
71 166 88
70 166 58
69 166 35
68 166 20
67 167 15
67 168 15
67 169 15
67 170 15
67 171 15
67 172 15
67 172 6
66 172 15
65 172 15
64 172 15
63 172 15
62 172 15
61 172 15
60 172 15
59 172 15
86 166 316
86 166 6
86 166 6
86 166 6
86 166 6
86 166 6
86 166 6
87 166 296
87 166 6
87 166 6
87 166 6
87 166 6
87 166 6
87 166 6
87 166 6
87 166 6
87 166 6
87 166 6
87 166 6
88 166 279
88 166 6
88 166 6
88 166 6
88 166 6
88 166 6
88 166 6
88 166 6
88 166 6
88 166 6
88 166 6
88 166 6
88 166 6
88 166 6
88 166 6
88 166 6
88 166 6
88 166 6
89 166 268
89 166 6
89 166 6
89 166 6
89 166 6
89 166 6
89 166 6
89 166 6
89 166 6
89 166 6
89 166 6
89 166 6
89 166 6
89 166 6
89 166 6
89 166 6
89 166 6
89 166 6
89 166 6
89 166 6
89 166 6
89 166 6
89 165 254
89 165 6
89 165 6
89 165 6
89 165 6
89 165 6
89 165 6
89 165 6
89 165 6
89 165 6
89 165 6
89 165 6
89 165 6
89 165 6
89 165 6
89 165 6
89 165 6
89 165 6
89 165 6
89 165 6
89 165 6
89 165 6
89 165 6
89 165 6
90 165 243
90 165 6
90 165 6
90 165 6
90 165 6
90 165 6
90 165 6
90 165 6
90 165 6
90 165 6
90 165 6
90 165 6
90 165 6
90 165 6
90 165 6
90 165 6
90 165 6
90 165 6
90 165 6
90 165 6
90 165 6
90 165 6
90 165 6
90 165 6
90 165 6
90 165 6
90 164 226
90 164 6
90 164 6
90 164 6
90 164 6
90 164 6
90 164 6
90 164 6
90 164 6
90 164 6
90 164 6
90 164 6
90 164 6
90 164 6
90 164 6
90 164 6
90 164 6
90 164 6
90 164 6
90 164 6
90 164 6
90 164 6
90 164 6
90 164 6
90 164 6
90 164 6
91 164 215
91 164 6
91 164 6
91 164 6
91 164 6
91 164 6
91 164 6
91 164 6
91 164 6
91 164 6
91 164 6
91 164 6
91 164 6
91 164 6
91 164 6
91 164 6
91 164 6
91 164 6
91 164 6
91 164 6
91 164 6
91 164 6
91 164 6
91 164 6
91 164 6
91 164 6
91 164 6
91 163 197
91 163 6
91 163 6
91 163 6
91 163 6
91 163 6
91 163 6
91 163 6
91 163 6
91 163 6
91 163 6
91 163 6
91 163 6
91 163 6
91 163 6
91 163 6
91 163 6
91 163 6
91 163 6
91 163 6
91 163 6
91 163 6
91 163 6
91 163 6
92 163 186
92 163 6
92 163 6
92 163 6
92 163 6
92 163 6
92 163 6
92 163 6
92 163 6
92 163 6
92 163 6
92 163 6
92 163 6
92 163 6
92 163 6
92 163 6
92 163 6
92 163 6
92 163 6
92 163 6
92 163 6
92 163 6
92 163 6
92 162 167
92 162 6
92 162 6
92 162 6
92 162 6
92 162 6
92 162 6
92 162 6
92 162 6
92 162 6
92 162 6
92 162 6
92 162 6
92 162 6
92 162 6
92 162 6
92 162 6
92 162 6
92 162 6
93 162 157
93 162 6
93 162 6
93 162 6
93 162 6
93 162 6
93 162 6
93 162 6
93 162 6
93 162 6
93 162 6
93 162 6
93 162 6
93 162 6
93 162 6
93 161 138
93 161 6
93 161 6
93 161 6
93 161 6
93 161 6
93 161 6
93 161 6
93 161 6
93 161 6
93 161 6
94 161 129
94 161 6
94 161 6
94 161 6
94 161 6
94 161 6
94 161 6
94 160 111
94 160 6
94 160 6
94 160 6
94 160 6
95 159 87
95 159 6
96 159 81
96 158 67
97 158 62
97 157 50
97 157 6
98 157 47
98 156 38
98 156 6
98 156 6
99 156 35
99 156 6
99 156 6
99 156 6
99 155 28
99 155 6
99 155 6
99 155 6
99 155 6
99 155 6
100 155 26
100 155 6
100 155 6
100 155 6
100 155 6
100 155 6
100 155 6
100 154 22
100 154 6
100 154 6
100 154 6
100 154 6
100 154 6
100 154 6
100 154 6
100 154 6
100 154 6
100 154 6
101 154 20
101 154 6
101 154 6
101 154 6
101 154 6
101 154 6
101 154 6
101 154 6
101 154 6
101 154 6
101 154 6
101 154 6
101 153 16
101 153 6
101 153 6
101 153 6
101 153 6
101 153 6
101 153 6
101 153 6
101 153 6
101 153 6
101 153 6
101 153 6
101 153 6
101 153 6
101 153 6
101 153 6
101 153 6
101 153 6
102 153 15
102 153 6
102 153 6
102 153 6
102 153 6
102 153 6
102 153 6
102 153 6
102 153 6
102 153 6
102 153 6
102 153 6
102 153 6
102 153 6
102 153 6
102 153 6
102 153 6
102 153 6
102 153 6
102 153 6
102 153 6
102 152 15
102 152 6
102 152 6
102 152 6
102 152 6
102 152 6
102 152 6
102 152 6
102 152 6
102 152 6
102 152 6
102 152 6
102 152 6
102 152 6
102 152 6
102 152 6
102 152 6
102 152 6
102 152 6
102 152 6
102 152 6
102 152 6
102 152 6
102 152 6
102 152 6
102 152 6
102 152 6
102 152 6
103 152 15
103 152 6
103 152 6
103 152 6
103 152 6
103 152 6
103 152 6
103 152 6
103 152 6
103 152 6
103 152 6
103 152 6
103 152 6
103 152 6
103 152 6
103 152 6
103 152 6
103 152 6
103 152 6
103 152 6
103 152 6
103 152 6
103 152 6
103 152 6
103 152 6
103 152 6
103 152 6
103 152 6
103 152 6
103 152 6
103 152 6
103 152 6
103 151 15
103 151 6
103 151 6
103 151 6
103 151 6
103 151 6
103 151 6
103 151 6
103 151 6
103 151 6
103 151 6
103 151 6
103 151 6
103 151 6
103 151 6
103 151 6
103 151 6
103 151 6
103 151 6
103 151 6
103 151 6
103 151 6
103 151 6
103 151 6
103 151 6
103 151 6
103 151 6
103 151 6
103 151 6
103 151 6
103 151 6
103 151 6
103 151 6
103 151 6
103 151 6
103 151 6
103 151 6
103 151 6
103 151 6
103 151 6
103 151 6
104 151 15
104 151 6
104 151 6
104 151 6
104 151 6
104 151 6
104 151 6
104 151 6
104 151 6
104 151 6
104 151 6
104 151 6
104 151 6
104 151 6
104 151 6
104 151 6
104 151 6
104 151 6
104 151 6
104 151 6
104 151 6
104 151 6
104 151 6
104 151 6
104 151 6
104 151 6
104 151 6
104 151 6
104 151 6
104 151 6
104 151 6
104 151 6
104 151 6
104 151 6
104 151 6
104 151 6
104 151 6
104 151 6
104 151 6
104 151 6
104 151 6
104 151 6
104 151 6
105 151 15
105 151 6
105 151 6
105 151 6
105 151 6
105 151 6
105 151 6
105 151 6
105 151 6
105 151 6
105 151 6
105 151 6
105 151 6
105 151 6
105 151 6
105 151 6
105 151 6
105 151 6
105 151 6
105 151 6
105 151 6
105 151 6
105 151 6
105 151 6
105 151 6
105 151 6
105 151 6
105 151 6
105 151 6
105 151 6
105 151 6
105 151 6
105 151 6
105 151 6
105 151 6
105 151 6
105 151 6
105 151 6
105 151 6
105 151 6
105 151 6
105 151 6
105 151 6
105 151 6
105 151 6
105 150 15
105 150 6
105 150 6
105 150 6
105 150 6
105 150 6
105 150 6
105 150 6
105 150 6
105 150 6
105 150 6
105 150 6
105 150 6
105 150 6
105 150 6
105 150 6
105 150 6
105 150 6
105 150 6
105 150 6
105 150 6
105 150 6
105 150 6
105 150 6
105 150 6
105 150 6
105 150 6
105 150 6
105 150 6
105 150 6
105 150 6
105 150 6
105 150 6
105 150 6
105 150 6
105 150 6
105 150 6
105 150 6
105 150 6
105 150 6
105 150 6
105 150 6
105 150 6
105 150 6
105 150 6
105 150 6
105 150 6
105 150 6
105 150 6
106 150 15
106 150 6
106 150 6
106 150 6
106 150 6
106 150 6
106 150 6
106 150 6
106 150 6
106 150 6
106 150 6
106 150 6
106 150 6
106 150 6
106 150 6
106 150 6
106 150 6
106 150 6
106 150 6
106 150 6
106 150 6
106 150 6
106 150 6
106 150 6
106 150 6
106 150 6
106 150 6
106 150 6
106 150 6
106 150 6
106 150 6
106 150 6
106 150 6
106 150 6
106 150 6
106 150 6
106 150 6
106 150 6
106 150 6
106 150 6
106 150 6
106 150 6
106 150 6
106 150 6
106 150 6
106 150 6
106 150 6
106 149 15
106 149 6
106 149 6
106 149 6
106 149 6
106 149 6
106 149 6
106 149 6
106 149 6
106 149 6
106 149 6
106 149 6
106 149 6
106 149 6
106 149 6
106 149 6
106 149 6
106 149 6
106 149 6
106 149 6
106 149 6
106 149 6
106 149 6
106 149 6
106 149 6
106 149 6
106 149 6
106 149 6
106 149 6
106 149 6
106 149 6
106 149 6
106 149 6
106 149 6
106 149 6
106 149 6
106 149 6
106 149 6
106 149 6
106 149 6
106 149 6
106 149 6
106 149 6
106 149 6
106 149 6
106 148 15
106 148 6
106 148 6
106 148 6
106 148 6
106 148 6
106 148 6
106 148 6
106 148 6
106 148 6
106 148 6
106 148 6
106 148 6
106 148 6
106 148 6
106 148 6
106 148 6
106 148 6
106 148 6
106 148 6
106 148 6
106 148 6
106 148 6
106 148 6
106 148 6
106 148 6
106 148 6
106 148 6
106 148 6
106 148 6
106 148 6
106 148 6
106 148 6
106 148 6
106 148 6
106 148 6
106 148 6
106 148 6
106 148 6
106 148 6
106 147 15
106 147 6
106 147 6
106 147 6
106 147 6
106 147 6
106 147 6
106 147 6
106 147 6
106 147 6
106 147 6
106 147 6
106 147 6
106 147 6
106 147 6
106 147 6
106 147 6
106 147 6
106 147 6
106 147 6
106 147 6
106 147 6
106 147 6
106 147 6
106 147 6
106 147 6
106 147 6
106 147 6
106 147 6
106 147 6
106 147 6
106 147 6
106 147 6
106 146 15
106 146 6
106 146 6
106 146 6
106 146 6
106 146 6
106 146 6
106 146 6
106 146 6
106 146 6
106 146 6
106 146 6
106 146 6
106 146 6
106 146 6
106 146 6
106 146 6
106 146 6
106 146 6
106 146 6
106 146 6
106 146 6
106 146 6
106 146 6
106 146 6
107 146 15
107 146 6
107 146 6
107 146 6
107 146 6
107 146 6
107 146 6
107 146 6
107 146 6
107 146 6
107 146 6
107 146 6
107 146 6
107 146 6
107 146 6
107 146 6
107 146 6
107 146 6
107 146 6
108 146 15
108 146 6
108 146 6
108 146 6
108 146 6
108 146 6
108 146 6
108 146 6
108 146 6
108 146 6
108 146 6
108 146 6
108 146 6
108 146 6
108 146 6
108 145 15
108 145 6
108 145 6
108 145 6
108 145 6
108 145 6
108 145 6
108 145 6
108 145 6
108 145 6
109 145 15
109 145 6
109 145 6
109 145 6
109 145 6
109 145 6
109 145 6
109 145 6
110 145 15
110 145 6
110 145 6
110 145 6
110 145 6
110 145 6
111 145 15
111 145 6
111 145 6
111 145 6
111 145 6
112 145 15
112 145 6
112 145 6
112 145 6
112 145 6
113 145 15
113 145 6
113 145 6
113 145 6
114 145 15
114 145 6
114 145 6
114 145 6
115 145 15
115 145 6
115 145 6
115 145 6
116 145 15
116 145 6
116 145 6
116 144 15
116 144 6
116 144 6
117 144 15
117 144 6
118 144 15
118 144 6
119 144 15
119 144 6
120 144 15
121 144 15
122 144 15
123 143 15
124 143 15
125 143 15
125 142 15
126 142 15
126 141 15
127 141 15
127 140 15
127 140 6
127 139 15
127 139 6
127 139 6
128 139 39
129 139 66
130 139 95
131 139 126
133 139 190
133 139 6
133 139 6
133 139 6
133 139 6
133 139 6
133 138 219
133 138 6
133 138 6
133 138 6
133 138 6
133 138 6
133 138 6
133 138 6
133 138 6
133 138 6
133 138 6
133 138 6
133 138 6
133 138 6
133 138 6
133 138 6
133 138 6
133 138 6
133 138 6
133 138 6
133 138 6
133 138 6
133 138 6
133 138 6
133 138 6
133 138 6
133 138 6
134 138 245
134 138 6
134 138 6
134 138 6
134 138 6
134 138 6
134 138 6
134 138 6
134 138 6
134 138 6
134 138 6
134 138 6
134 138 6
134 138 6
134 138 6
134 138 6
134 138 6
134 138 6
134 138 6
134 138 6
134 138 6
134 138 6
134 138 6
134 138 6
134 138 6
134 138 6
134 138 6
134 138 6
134 138 6
134 138 6
134 138 6
134 138 6
134 138 6
134 138 6
134 138 6
134 138 6
134 138 6
134 138 6
135 138 267
135 138 6
135 138 6
135 138 6
135 138 6
135 138 6
135 138 6
135 138 6
135 138 6
135 138 6
135 138 6
135 138 6
135 138 6
135 138 6
135 138 6
135 138 6
135 138 6
135 138 6
135 138 6
135 138 6
135 138 6
135 138 6
135 138 6
135 138 6
135 138 6
135 138 6
135 138 6
135 138 6
135 138 6
135 138 6
135 138 6
135 138 6
135 138 6
135 138 6
135 138 6
135 138 6
135 138 6
135 138 6
135 138 6
135 138 6
135 138 6
135 138 6
135 138 6
135 138 6
135 138 6
135 138 6
136 138 286
136 138 6
136 138 6
136 138 6
136 138 6
136 138 6
136 138 6
136 138 6
136 138 6
136 138 6
136 138 6
136 138 6
136 138 6
136 138 6
136 138 6
136 138 6
136 138 6
136 138 6
136 138 6
136 138 6
136 138 6
136 138 6
136 138 6
136 138 6
136 138 6
136 138 6
136 138 6
136 138 6
136 138 6
136 138 6
136 138 6
136 138 6
136 138 6
136 138 6
136 138 6
136 138 6
136 138 6
136 138 6
136 138 6
136 138 6
136 138 6
136 138 6
136 138 6
136 138 6
136 138 6
136 138 6
136 138 6
136 138 6
136 138 6
136 138 6
137 138 298
137 138 6
137 138 6
137 138 6
137 138 6
137 138 6
137 138 6
137 138 6
137 138 6
137 138 6
137 138 6
137 138 6
137 138 6
137 138 6
137 138 6
137 138 6
137 138 6
137 138 6
137 138 6
137 138 6
137 138 6
137 138 6
137 138 6
137 138 6
137 138 6
137 138 6
137 138 6
137 138 6
137 138 6
137 138 6
137 138 6
137 138 6
137 138 6
137 138 6
137 138 6
137 138 6
137 138 6
137 138 6
137 138 6
137 138 6
137 138 6
137 138 6
137 138 6
137 138 6
137 138 6
137 138 6
137 138 6
137 138 6
137 138 6
137 138 6
138 138 305
138 138 6
138 138 6
138 138 6
138 138 6
138 138 6
138 138 6
138 138 6
138 138 6
138 138 6
138 138 6
138 138 6
138 138 6
138 138 6
138 138 6
138 138 6
138 138 6
138 138 6
138 138 6
138 138 6
138 138 6
138 138 6
138 138 6
138 138 6
138 138 6
138 138 6
138 138 6
138 138 6
138 138 6
138 138 6
138 138 6
138 138 6
138 138 6
138 138 6
138 138 6
138 138 6
138 138 6
138 138 6
138 138 6
138 138 6
138 138 6
138 138 6
138 138 6
138 138 6
138 138 6
138 138 6
139 138 305
139 138 6
139 138 6
139 138 6
139 138 6
139 138 6
139 138 6
139 138 6
139 138 6
139 138 6
139 138 6
139 138 6
139 138 6
139 138 6
139 138 6
139 138 6
139 138 6
139 138 6
139 138 6
139 138 6
139 138 6
139 138 6
139 138 6
139 138 6
139 138 6
139 138 6
139 138 6
139 138 6
139 138 6
139 138 6
139 138 6
139 138 6
139 138 6
139 138 6
139 138 6
139 138 6
139 138 6
139 138 6
139 138 6
139 138 6
140 138 298
140 138 6
140 138 6
140 138 6
140 138 6
140 138 6
140 138 6
140 138 6
140 138 6
140 138 6
140 138 6
140 138 6
140 138 6
140 138 6
140 138 6
140 138 6
140 138 6
140 138 6
140 138 6
140 138 6
140 138 6
140 138 6
140 138 6
140 138 6
140 138 6
140 138 6
140 138 6
140 138 6
140 138 6
140 138 6
140 138 6
140 138 6
140 138 6
140 138 6
140 137 282
140 137 6
140 137 6
140 137 6
140 137 6
140 137 6
140 137 6
140 137 6
140 137 6
140 137 6
140 137 6
140 137 6
140 137 6
140 137 6
140 137 6
140 137 6
140 137 6
140 137 6
140 137 6
140 137 6
140 137 6
140 137 6
140 137 6
140 137 6
140 137 6
140 137 6
140 137 6
140 137 6
140 137 6
140 137 6
140 137 6
140 137 6
140 137 6
140 137 6
141 137 256
141 137 6
141 137 6
141 137 6
141 137 6
141 137 6
141 137 6
141 137 6
141 137 6
141 137 6
141 137 6
141 137 6
141 137 6
141 137 6
141 137 6
141 137 6
141 137 6
141 137 6
141 137 6
141 137 6
141 137 6
141 137 6
141 137 6
141 137 6
141 137 6
142 137 224
142 137 6
142 137 6
142 137 6
142 137 6
142 137 6
142 137 6
142 137 6
142 137 6
142 137 6
142 137 6
142 137 6
142 137 6
142 137 6
142 137 6
142 137 6
142 137 6
142 137 6
142 137 6
143 137 187
143 137 6
143 137 6
143 137 6
143 137 6
143 137 6
143 137 6
143 137 6
143 137 6
143 137 6
143 137 6
143 137 6
143 137 6
143 137 6
143 137 6
143 137 6
144 137 149
144 137 6
144 137 6
144 137 6
144 137 6
144 137 6
144 137 6
144 137 6
144 137 6
144 137 6
144 137 6
144 137 6
144 137 6
144 136 98
144 136 6
144 136 6
144 136 6
144 136 6
144 136 6
144 136 6
144 136 6
144 136 6
144 136 6
144 136 6
145 136 48
145 136 6
145 136 6
145 136 6
145 136 6
145 136 6
145 136 6
145 136 6
145 136 6
145 136 6
145 136 6
145 136 6
146 136 15
146 136 6
146 136 6
146 136 6
146 136 6
146 136 6
146 136 6
146 136 6
146 136 6
146 136 6
146 136 6
146 136 6
147 136 15
147 136 6
147 136 6
147 136 6
147 136 6
147 136 6
147 136 6
147 136 6
148 136 15
148 136 6
148 136 6
148 136 6
148 136 6
148 136 6
149 136 15
149 136 6
149 136 6
149 136 6
149 136 6
150 136 15
150 136 6
150 136 6
150 136 6
150 136 6
151 136 15
151 136 6
151 136 6
151 136 6
151 136 6
152 136 15
152 136 6
152 136 6
152 136 6
152 136 6
153 136 15
153 136 6
153 136 6
153 136 6
153 136 6
153 136 6
154 136 15
154 136 6
154 136 6
154 136 6
154 136 6
154 136 6
155 136 15
155 136 6
155 136 6
155 136 6
155 136 6
155 136 6
155 136 6
155 136 6
156 136 15
156 136 6
156 136 6
156 136 6
156 136 6
156 136 6
156 136 6
156 136 6
156 136 6
157 136 46
157 136 6
157 136 6
157 136 6
157 136 6
157 136 6
158 136 76
158 136 6
158 136 6
159 136 101
159 137 119
160 137 127
161 137 130
162 137 127
163 137 119
164 137 108
165 137 96
165 138 81
166 138 65
167 138 52
167 139 39
168 139 29
168 140 19
169 141 15
169 142 15
170 142 15
170 143 15
171 143 15
172 143 15
172 144 15
172 145 15
172 146 15
172 146 6
173 146 15
173 146 6
174 146 15
174 146 6
175 146 15
176 146 15
177 146 15
178 146 15
179 146 15
180 145 15
181 145 15
182 145 15
183 145 15
183 144 15
183 143 15
183 142 15
183 141 20
183 140 23
183 139 25
183 138 23
183 137 19
183 136 15
183 135 15
183 134 15
184 134 15
184 133 15
184 132 15
185 132 15
185 131 15
186 131 15
186 131 6
186 130 15
186 129 15
187 129 15
188 128 15
188 127 15
188 126 15
188 125 15
188 124 15
188 123 15
188 122 15
188 121 15
188 120 15
188 119 15
