33 35 16
33 35 6
156 158 16
165 153 16
156 147 16
42 40 16
33 46 16
33 46 6
33 46 6
33 46 6
33 46 6
33 46 6
33 46 6
33 46 6
33 46 6
33 46 6
33 46 6
33 46 6
33 46 6
33 46 6
33 46 6
33 46 6
33 46 6
33 46 6
33 46 6
33 46 6
33 46 6
33 46 6
33 46 6
33 46 6
33 46 6
33 46 6
33 46 6
33 46 6
33 46 6
33 46 6
165 142 16
165 142 6
165 142 6
165 142 6
165 142 6
165 142 6
165 142 6
165 142 6
165 142 6
165 142 6
165 142 6
165 142 6
165 142 6
165 142 6
165 142 6
165 142 6
165 142 6
165 142 6
165 142 6
165 142 6
165 142 6
165 142 6
165 142 6
165 142 6
165 142 6
165 142 6
165 142 6
42 29 16
42 29 6
42 29 6
42 29 6
42 29 6
42 29 6
42 29 6
42 29 6
42 29 6
42 29 6
33 24 16
33 24 6
33 24 6
33 24 6
33 24 6
33 24 6
33 24 6
33 24 6
33 24 6
33 24 6
33 24 6
33 24 6
33 24 6
33 24 6
33 24 6
33 24 6
33 24 6
33 24 6
33 24 6
33 24 6
33 24 6
33 24 6
33 24 6
33 24 6
33 24 6
33 24 6
33 24 6
33 24 6
33 24 6
33 24 6
33 24 6
33 24 6
33 24 6
33 24 6
33 24 6
33 24 6
33 24 6
33 24 6
33 24 6
33 24 6
33 24 6
33 24 6
33 24 6
33 24 6
33 24 6
33 24 6
33 24 6
33 24 6
33 24 6
33 24 6
33 24 6
33 24 6
33 24 6
33 24 6
33 24 6
33 24 6
33 24 6
33 24 6
33 24 6
33 24 6
33 24 6
33 24 6
33 24 6
33 24 6
33 24 6
33 24 6
33 24 6
33 24 6
33 24 6
33 24 6
33 24 6
33 24 6
33 24 6
33 24 6
33 24 6
33 24 6
33 24 6
33 24 6
33 24 6
33 24 6
33 24 6
33 24 6
33 24 6
33 24 6
33 24 6
165 164 16
156 169 16
156 169 6
156 169 6
156 169 6
156 169 6
156 169 6
156 169 6
156 169 6
156 169 6
156 169 6
156 169 6
156 169 6
156 169 6
156 169 6
156 169 6
156 169 6
156 169 6
156 169 6
156 169 6
156 169 6
156 169 6
156 169 6
156 169 6
156 169 6
156 169 6
156 169 6
156 169 6
42 51 16
42 51 6
42 51 6
42 51 6
42 51 6
42 51 6
42 51 6
42 51 6
165 175 16
165 175 6
165 175 6
165 175 6
51 46 16
52 35 16
174 169 16
61 40 16
175 158 16
174 147 16
174 147 6
174 147 6
174 147 6
174 147 6
174 147 6
174 147 6
174 147 6
174 147 6
174 147 6
174 147 6
174 147 6
60 51 16
60 51 6
60 51 6
60 51 6
60 51 6
60 51 6
60 51 6
60 51 6
60 51 6
60 51 6
60 51 6
60 51 6
60 51 6
60 51 6
60 51 6
60 51 6
60 51 6
60 51 6
60 51 6
60 51 6
60 51 6
60 51 6
60 51 6
60 51 6
51 57 16
51 57 6
51 57 6
51 57 6
51 57 6
51 57 6
51 57 6
146 153 16
146 164 16
146 164 6
146 164 6
146 164 6
146 164 6
146 164 6
146 164 6
146 164 6
146 164 6
146 164 6
146 164 6
146 164 6
146 164 6
146 164 6
146 164 6
146 164 6
146 164 6
146 164 6
146 164 6
146 164 6
146 164 6
146 164 6
146 164 6
146 164 6
146 164 6
146 164 6
146 164 6
146 164 6
146 164 6
146 164 6
146 164 6
146 164 6
146 164 6
146 164 6
146 164 6
146 164 6
146 164 6
146 164 6
146 164 6
146 164 6
146 164 6
146 164 6
146 164 6
146 164 6
146 164 6
146 164 6
146 164 6
146 164 6
146 164 6
146 164 6
146 164 6
146 164 6
146 164 6
146 164 6
146 164 6
146 164 6
146 164 6
146 164 6
146 164 6
146 164 6
146 164 6
146 164 6
146 164 6
146 164 6
146 164 6
146 164 6
146 164 6
146 164 6
146 164 6
146 164 6
146 164 6
146 164 6
61 29 16
61 29 6
61 29 6
61 29 6
61 29 6
61 29 6
61 29 6
51 24 16
51 24 6
51 24 6
51 24 6
51 24 6
51 24 6
51 24 6
51 24 6
51 24 6
51 24 6
51 24 6
51 24 6
51 24 6
51 24 6
51 24 6
51 24 6
51 24 6
51 24 6
51 24 6
51 24 6
51 24 6
51 24 6
51 24 6
51 24 6
51 24 6
51 24 6
51 24 6
51 24 6
51 24 6
51 24 6
51 24 6
51 24 6
51 24 6
51 24 6
51 24 6
51 24 6
51 24 6
51 24 6
51 24 6
51 24 6
51 24 6
51 24 6
51 24 6
51 24 6
51 24 6
51 24 6
51 24 6
51 24 6
51 24 6
51 24 6
51 24 6
51 24 6
51 24 6
51 24 6
51 24 6
51 24 6
51 24 6
51 24 6
51 24 6
51 24 6
51 24 6
51 24 6
51 24 6
51 24 6
51 24 6
51 24 6
51 24 6
51 24 6
51 24 6
51 24 6
51 24 6
51 24 6
51 24 6
51 24 6
51 24 6
51 24 6
51 24 6
51 24 6
51 24 6
51 24 6
51 24 6
51 24 6
51 24 6
51 24 6
51 24 6
51 24 6
51 24 6
51 24 6
51 24 6
51 24 6
51 24 6
51 24 6
51 24 6
51 24 6
51 24 6
51 24 6
51 24 6
51 24 6
51 24 6
51 24 6
51 24 6
51 24 6
51 24 6
51 24 6
51 24 6
51 24 6
51 24 6
51 24 6
69 34 16
69 34 6
69 34 6
69 34 6
69 34 6
69 34 6
69 34 6
69 34 6
69 34 6
69 34 6
69 34 6
69 34 6
69 34 6
69 34 6
69 34 6
69 34 6
69 34 6
69 34 6
69 34 6
146 142 16
155 136 16
155 136 6
155 136 6
155 136 6
155 136 6
69 23 16
69 23 6
69 23 6
69 23 6
69 23 6
69 23 6
69 23 6
69 23 6
69 23 6
69 23 6
69 23 6
69 23 6
69 23 6
69 23 6
69 23 6
145 131 16
145 131 6
145 131 6
145 131 6
145 131 6
145 131 6
145 131 6
145 131 6
145 131 6
145 131 6
145 131 6
145 131 6
41 62 16
41 62 6
41 62 6
41 62 6
41 62 6
41 62 6
41 62 6
41 62 6
41 62 6
41 62 6
41 62 6
41 62 6
41 62 6
41 62 6
41 62 6
41 62 6
41 62 6
41 62 6
41 62 6
41 62 6
41 62 6
41 62 6
41 62 6
41 62 6
41 62 6
41 62 6
41 62 6
41 62 6
41 62 6
41 62 6
41 62 6
41 62 6
41 62 6
41 62 6
41 62 6
41 62 6
41 62 6
41 62 6
41 62 6
41 62 6
41 62 6
41 62 6
41 62 6
41 62 6
41 62 6
41 62 6
41 62 6
41 62 6
41 62 6
41 62 6
41 62 6
41 62 6
41 62 6
41 62 6
41 62 6
41 62 6
41 62 6
41 62 6
41 62 6
41 62 6
41 62 6
41 62 6
41 62 6
41 62 6
41 62 6
41 62 6
41 62 6
41 62 6
41 62 6
41 62 6
41 62 6
41 62 6
41 62 6
41 62 6
41 62 6
41 62 6
41 62 6
41 62 6
41 62 6
41 62 6
41 62 6
41 62 6
41 62 6
41 62 6
41 62 6
41 62 6
41 62 6
41 62 6
41 62 6
41 62 6
41 62 6
41 62 6
41 62 6
41 62 6
41 62 6
41 62 6
41 62 6
41 62 6
41 62 6
41 62 6
41 62 6
41 62 6
41 62 6
41 62 6
41 62 6
41 62 6
41 62 6
41 62 6
41 62 6
41 62 6
41 62 6
41 62 6
41 62 6
41 62 6
41 62 6
41 62 6
41 62 6
41 62 6
41 62 6
41 62 6
41 62 6
41 62 6
41 62 6
41 62 6
41 62 6
41 62 6
41 62 6
41 62 6
41 62 6
41 62 6
41 62 6
41 62 6
41 62 6
41 62 6
41 62 6
41 62 6
41 62 6
41 62 6
41 62 6
41 62 6
41 62 6
41 62 6
41 62 6
41 62 6
41 62 6
41 62 6
41 62 6
41 62 6
41 62 6
41 62 6
41 62 6
41 62 6
41 62 6
41 62 6
41 62 6
41 62 6
41 62 6
41 62 6
60 62 16
155 125 16
155 125 6
155 125 6
155 125 6
155 125 6
155 125 6
155 125 6
155 125 6
155 125 6
155 125 6
155 125 6
155 125 6
155 125 6
155 125 6
155 125 6
155 125 6
155 125 6
155 125 6
155 125 6
155 125 6
155 125 6
155 125 6
155 125 6
155 125 6
155 125 6
155 125 6
155 125 6
155 125 6
155 125 6
155 125 6
155 125 6
155 125 6
155 125 6
155 125 6
155 125 6
155 125 6
155 125 6
155 125 6
155 125 6
155 125 6
155 125 6
155 125 6
155 125 6
155 125 6
155 125 6
155 125 6
155 125 6
155 125 6
155 125 6
155 125 6
155 125 6
155 125 6
155 125 6
155 125 6
155 125 6
155 125 6
155 125 6
155 125 6
155 125 6
155 125 6
155 125 6
155 125 6
155 125 6
155 125 6
155 125 6
155 125 6
155 125 6
155 125 6
155 125 6
155 125 6
155 125 6
155 125 6
155 125 6
155 125 6
155 125 6
155 125 6
155 125 6
155 125 6
155 125 6
155 125 6
155 125 6
155 125 6
155 125 6
155 125 6
155 125 6
155 125 6
155 125 6
155 125 6
155 125 6
155 125 6
155 125 6
155 125 6
155 125 6
155 125 6
155 125 6
155 125 6
155 125 6
155 125 6
155 125 6
155 125 6
155 125 6
155 125 6
155 125 6
155 125 6
155 125 6
155 125 6
155 125 6
155 125 6
155 125 6
155 125 6
155 125 6
155 125 6
155 125 6
155 125 6
155 125 6
155 125 6
155 125 6
155 125 6
155 125 6
155 125 6
155 125 6
155 125 6
155 125 6
155 125 6
155 125 6
155 125 6
155 125 6
155 125 6
155 125 6
155 125 6
155 125 6
155 125 6
155 125 6
155 125 6
155 125 6
155 125 6
155 125 6
155 125 6
155 125 6
155 125 6
155 125 6
155 125 6
155 125 6
155 125 6
155 125 6
155 125 6
155 125 6
155 125 6
155 125 6
155 125 6
155 125 6
155 125 6
155 125 6
155 125 6
155 125 6
155 125 6
155 125 6
155 125 6
155 125 6
155 125 6
155 125 6
155 125 6
155 125 6
155 125 6
174 181 16
174 181 6
174 181 6
174 181 6
183 175 16
183 175 6
183 175 6
184 164 16
184 164 6
184 164 6
184 164 6
184 164 6
184 153 16
184 153 6
184 153 6
184 153 6
184 153 6
184 153 6
184 153 6
184 153 6
184 153 6
184 153 6
184 153 6
184 153 6
184 153 6
184 153 6
78 29 16
78 29 6
78 29 6
78 29 6
78 29 6
78 29 6
78 29 6
78 29 6
78 29 6
78 29 6
78 29 6
78 29 6
78 29 6
78 29 6
78 29 6
78 29 6
78 29 6
78 29 6
78 29 6
78 29 6
78 29 6
78 29 6
78 29 6
78 29 6
78 29 6
78 29 6
78 29 6
78 29 6
78 29 6
78 29 6
78 29 6
78 29 6
78 29 6
78 29 6
78 29 6
78 29 6
78 29 6
78 29 6
78 29 6
78 29 6
78 29 6
78 29 6
78 29 6
78 29 6
78 29 6
78 29 6
78 29 6
78 29 6
78 29 6
78 29 6
78 29 6
78 29 6
78 29 6
78 29 6
78 29 6
78 29 6
78 29 6
78 17 16
87 23 16
87 23 6
87 23 6
87 23 6
87 23 6
87 23 6
87 23 6
87 23 6
87 23 6
87 23 6
87 23 6
87 23 6
87 23 6
87 23 6
87 23 6
87 23 6
87 23 6
87 23 6
87 23 6
87 23 6
87 23 6
87 23 6
87 23 6
87 23 6
87 23 6
87 23 6
87 23 6
87 23 6
87 23 6
87 12 16
192 170 16
192 170 6
192 170 6
192 170 6
192 170 6
192 170 6
192 170 6
192 170 6
192 170 6
192 170 6
192 170 6
192 170 6
192 170 6
192 170 6
193 159 16
193 159 6
193 159 6
193 159 6
193 159 6
193 159 6
193 159 6
193 159 6
193 159 6
193 159 6
193 159 6
193 159 6
193 159 6
193 159 6
193 159 6
193 159 6
193 159 6
193 159 6
193 159 6
193 159 6
193 159 6
193 159 6
193 159 6
193 159 6
193 159 6
193 159 6
193 159 6
193 159 6
193 159 6
193 159 6
193 159 6
193 159 6
193 159 6
193 159 6
193 159 6
193 159 6
193 159 6
193 159 6
193 159 6
193 159 6
193 159 6
193 159 6
193 159 6
193 159 6
193 159 6
193 159 6
193 159 6
193 159 6
193 159 6
193 159 6
193 159 6
193 159 6
193 159 6
193 159 6
193 159 6
193 159 6
193 159 6
193 159 6
193 159 6
193 159 6
193 159 6
193 159 6
193 159 6
193 159 6
193 159 6
193 159 6
193 159 6
193 159 6
193 159 6
193 159 6
193 159 6
193 159 6
193 159 6
193 159 6
193 159 6
193 159 6
193 159 6
193 159 6
193 159 6
193 159 6
193 159 6
193 159 6
193 159 6
193 159 6
193 159 6
193 159 6
193 159 6
193 159 6
193 159 6
193 159 6
193 159 6
193 159 6
193 159 6
193 159 6
193 159 6
193 159 6
193 159 6
193 159 6
193 159 6
193 159 6
193 159 6
193 159 6
193 159 6
193 159 6
193 159 6
193 159 6
193 159 6
193 159 6
193 159 6
193 159 6
193 159 6
96 17 16
96 17 6
96 17 6
96 17 6
96 17 6
96 17 6
96 17 6
96 17 6
96 17 6
96 17 6
96 17 6
96 17 6
96 17 6
96 17 6
96 17 6
96 17 6
96 17 6
96 17 6
96 17 6
96 17 6
96 17 6
96 17 6
96 17 6
96 17 6
96 17 6
96 17 6
96 17 6
96 17 6
96 17 6
96 17 6
96 17 6
96 17 6
96 17 6
96 17 6
96 17 6
96 17 6
96 17 6
96 17 6
96 17 6
96 17 6
96 17 6
96 17 6
96 17 6
199 176 16
199 176 6
199 176 6
199 176 6
199 176 6
199 176 6
199 176 6
199 176 6
192 181 16
192 181 6
192 181 6
192 181 6
192 181 6
192 181 6
192 181 6
192 181 6
192 181 6
192 181 6
192 181 6
192 181 6
192 181 6
192 181 6
183 142 16
183 142 6
183 142 6
183 142 6
69 56 16
69 56 6
69 56 6
69 56 6
69 56 6
69 56 6
69 56 6
69 56 6
69 56 6
69 56 6
69 56 6
69 56 6
69 56 6
69 56 6
69 56 6
69 56 6
69 56 6
69 56 6
69 56 6
69 56 6
69 56 6
69 56 6
69 56 6
69 56 6
69 56 6
69 56 6
69 56 6
69 56 6
69 56 6
69 56 6
69 56 6
69 56 6
69 56 6
69 56 6
69 56 6
69 56 6
69 56 6
69 56 6
69 56 6
69 56 6
69 56 6
69 56 6
69 56 6
69 56 6
69 56 6
69 56 6
69 56 6
69 56 6
69 56 6
69 56 6
69 56 6
69 56 6
69 56 6
69 56 6
69 56 6
69 56 6
69 56 6
69 56 6
69 56 6
69 56 6
69 56 6
69 56 6
69 56 6
69 56 6
69 56 6
69 56 6
69 56 6
69 56 6
69 56 6
69 56 6
69 56 6
69 56 6
69 56 6
69 56 6
69 56 6
69 56 6
69 56 6
69 56 6
69 56 6
69 56 6
69 56 6
69 56 6
69 56 6
69 56 6
69 56 6
69 56 6
69 56 6
69 56 6
69 56 6
69 56 6
69 56 6
69 56 6
69 56 6
69 56 6
69 56 6
69 56 6
69 56 6
69 56 6
69 56 6
69 56 6
69 56 6
69 56 6
69 56 6
69 56 6
69 56 6
69 56 6
69 56 6
69 56 6
69 56 6
69 56 6
69 56 6
69 56 6
69 56 6
69 56 6
69 56 6
69 56 6
69 56 6
69 56 6
69 56 6
69 56 6
69 56 6
69 56 6
69 56 6
69 56 6
69 56 6
183 187 16
183 187 6
183 187 6
183 187 6
183 187 6
183 187 6
183 187 6
183 187 6
183 187 6
183 187 6
183 187 6
183 187 6
183 187 6
183 187 6
183 187 6
183 187 6
183 187 6
183 187 6
183 187 6
183 187 6
183 187 6
183 187 6
183 187 6
183 187 6
183 187 6
183 187 6
183 187 6
183 187 6
183 187 6
183 187 6
183 187 6
183 187 6
183 187 6
183 187 6
183 187 6
183 187 6
183 187 6
183 187 6
183 187 6
183 187 6
183 187 6
183 187 6
183 187 6
183 187 6
183 187 6
183 187 6
183 187 6
183 187 6
183 187 6
183 187 6
183 187 6
183 187 6
183 187 6
183 187 6
183 187 6
183 187 6
183 187 6
183 187 6
183 187 6
183 187 6
183 187 6
183 187 6
183 187 6
183 187 6
183 187 6
183 187 6
183 187 6
183 187 6
183 187 6
183 187 6
183 187 6
183 187 6
183 187 6
183 187 6
183 187 6
183 187 6
183 187 6
183 187 6
183 187 6
183 187 6
183 187 6
183 187 6
183 187 6
183 187 6
183 187 6
183 187 6
183 187 6
183 187 6
183 187 6
183 187 6
183 187 6
183 187 6
96 6 16
87 1 16
78 6 16
69 12 16
164 186 16
164 186 6
164 186 6
164 186 6
164 186 6
164 186 6
164 186 6
164 186 6
164 186 6
164 186 6
164 186 6
164 186 6
164 186 6
164 186 6
164 186 6
164 186 6
164 186 6
164 186 6
164 186 6
164 186 6
164 186 6
164 186 6
164 186 6
164 186 6
164 186 6
164 186 6
164 186 6
164 186 6
164 186 6
164 186 6
164 186 6
164 186 6
164 186 6
164 186 6
164 186 6
164 186 6
164 186 6
164 186 6
164 186 6
164 186 6
164 186 6
164 186 6
164 186 6
164 186 6
164 186 6
164 186 6
164 186 6
164 186 6
164 186 6
164 186 6
164 186 6
164 186 6
164 186 6
164 186 6
164 186 6
164 186 6
164 186 6
164 186 6
164 186 6
164 186 6
164 186 6
164 186 6
164 186 6
164 186 6
164 186 6
164 186 6
164 186 6
164 186 6
164 186 6
164 186 6
164 186 6
164 186 6
164 186 6
164 186 6
164 186 6
164 186 6
164 186 6
164 186 6
164 186 6
164 186 6
164 186 6
164 186 6
164 186 6
164 186 6
164 186 6
164 186 6
164 186 6
164 186 6
164 186 6
68 1 16
136 137 16
136 137 6
136 137 6
136 137 6
136 137 6
136 137 6
136 137 6
136 137 6
136 137 6
136 137 6
136 137 6
136 137 6
136 137 6
136 137 6
136 137 6
136 137 6
136 137 6
136 137 6
136 137 6
136 137 6
136 137 6
136 137 6
136 137 6
136 137 6
136 137 6
136 137 6
136 137 6
136 137 6
136 137 6
136 137 6
136 137 6
136 137 6
136 137 6
136 137 6
136 137 6
136 137 6
136 137 6
136 137 6
136 137 6
136 137 6
136 137 6
136 137 6
136 137 6
136 137 6
136 137 6
136 137 6
136 137 6
136 137 6
136 137 6
136 137 6
136 137 6
136 137 6
136 137 6
136 137 6
136 137 6
136 137 6
136 137 6
136 137 6
136 137 6
136 137 6
136 137 6
136 137 6
136 137 6
136 137 6
136 137 6
136 137 6
136 137 6
136 137 6
136 137 6
136 137 6
136 137 6
136 137 6
136 137 6
136 137 6
136 137 6
136 137 6
136 137 6
136 137 6
136 137 6
136 137 6
136 137 6
136 137 6
136 137 6
174 136 16
174 136 6
174 136 6
174 136 6
174 136 6
174 136 6
174 136 6
174 136 6
174 136 6
174 136 6
174 136 6
174 136 6
174 136 6
174 136 6
174 136 6
174 136 6
174 136 6
174 136 6
174 136 6
174 136 6
174 136 6
174 136 6
174 136 6
174 136 6
174 136 6
174 136 6
174 136 6
174 136 6
174 136 6
174 136 6
174 136 6
174 136 6
174 136 6
174 136 6
174 136 6
174 136 6
174 136 6
174 136 6
174 136 6
174 136 6
174 136 6
174 136 6
174 136 6
174 136 6
174 136 6
174 136 6
174 136 6
174 136 6
174 136 6
174 136 6
174 136 6
174 136 6
174 136 6
174 136 6
174 136 6
174 136 6
174 136 6
174 136 6
174 136 6
174 136 6
174 136 6
174 136 6
174 136 6
174 136 6
174 136 6
174 136 6
174 136 6
174 136 6
174 136 6
174 136 6
174 136 6
174 136 6
174 136 6
174 136 6
174 136 6
174 136 6
174 136 6
174 136 6
174 136 6
174 136 6
174 136 6
174 136 6
174 136 6
174 136 6
174 136 6
174 136 6
174 136 6
174 136 6
174 136 6
174 136 6
174 136 6
174 136 6
174 136 6
174 136 6
174 136 6
174 136 6
174 136 6
174 136 6
174 136 6
174 136 6
174 136 6
174 136 6
174 136 6
174 136 6
174 136 6
174 136 6
174 136 6
174 136 6
174 136 6
174 136 6
174 136 6
174 136 6
174 136 6
174 136 6
174 136 6
174 136 6
174 136 6
174 136 6
174 136 6
174 136 6
174 136 6
174 136 6
174 136 6
174 136 6
174 136 6
174 136 6
174 136 6
174 136 6
174 136 6
174 136 6
174 136 6
174 136 6
174 136 6
174 136 6
174 136 6
174 136 6
174 136 6
174 136 6
174 136 6
174 136 6
174 136 6
174 136 6
174 136 6
174 136 6
174 136 6
174 136 6
174 136 6
174 136 6
174 136 6
174 136 6
174 136 6
174 136 6
174 136 6
174 136 6
192 137 16
192 148 16
192 148 6
192 148 6
192 148 6
192 148 6
199 143 16
60 7 16
60 7 6
60 7 6
60 7 6
105 11 16
105 11 6
105 11 6
105 11 6
105 11 6
105 11 6
105 11 6
105 11 6
105 11 6
105 11 6
105 11 6
105 11 6
105 11 6
105 11 6
105 11 6
105 11 6
105 11 6
105 11 6
105 0 16
114 6 16
114 6 6
114 6 6
114 6 6
136 147 16
136 147 6
136 147 6
136 147 6
136 147 6
136 147 6
136 147 6
136 147 6
136 147 6
136 147 6
136 147 6
136 147 6
136 147 6
136 147 6
136 147 6
136 147 6
136 147 6
136 147 6
136 147 6
136 147 6
136 147 6
136 147 6
136 147 6
136 147 6
136 147 6
136 147 6
136 147 6
136 147 6
136 147 6
136 147 6
136 147 6
136 147 6
136 147 6
136 147 6
136 147 6
136 147 6
136 147 6
136 147 6
136 147 6
136 147 6
136 147 6
136 147 6
136 147 6
136 147 6
136 147 6
136 147 6
136 147 6
136 147 6
136 147 6
136 147 6
136 147 6
136 147 6
136 147 6
136 147 6
136 147 6
136 147 6
136 147 6
136 147 6
136 147 6
136 147 6
136 147 6
136 147 6
136 147 6
136 147 6
136 147 6
136 147 6
136 147 6
136 147 6
136 147 6
136 147 6
136 147 6
136 147 6
136 147 6
136 147 6
136 147 6
136 147 6
136 147 6
136 147 6
136 147 6
136 147 6
136 147 6
136 147 6
136 147 6
136 147 6
136 147 6
136 147 6
136 147 6
136 147 6
136 147 6
136 147 6
136 147 6
136 147 6
136 147 6
136 147 6
136 147 6
136 147 6
136 147 6
136 147 6
136 147 6
136 147 6
136 147 6
136 147 6
136 147 6
136 147 6
136 147 6
136 147 6
136 147 6
136 147 6
136 147 6
136 147 6
136 147 6
136 147 6
136 147 6
136 147 6
136 147 6
136 147 6
136 147 6
136 147 6
136 147 6
136 147 6
136 147 6
136 147 6
136 147 6
136 147 6
136 147 6
136 147 6
136 147 6
136 147 6
136 147 6
136 147 6
136 147 6
136 147 6
136 147 6
136 147 6
136 147 6
136 147 6
136 147 6
136 147 6
136 147 6
136 147 6
136 147 6
136 147 6
136 147 6
136 147 6
136 147 6
136 147 6
136 147 6
136 147 6
136 147 6
136 147 6
136 147 6
136 147 6
136 147 6
136 147 6
136 147 6
136 147 6
136 147 6
135 126 16
135 126 6
135 126 6
135 126 6
135 126 6
135 126 6
135 126 6
135 126 6
135 126 6
135 126 6
135 126 6
135 126 6
135 126 6
135 126 6
135 126 6
135 126 6
135 126 6
135 126 6
135 126 6
135 126 6
135 126 6
135 126 6
135 126 6
135 126 6
199 187 16
199 187 6
199 187 6
199 187 6
199 187 6
199 187 6
199 187 6
199 187 6
199 187 6
199 187 6
199 187 6
199 187 6
199 187 6
199 187 6
199 187 6
199 187 6
199 187 6
199 187 6
199 187 6
199 187 6
199 187 6
192 192 16
192 192 6
192 192 6
192 192 6
192 192 6
192 192 6
199 198 16
199 198 6
199 198 6
199 198 6
199 198 6
199 198 6
199 198 6
199 198 6
199 198 6
199 198 6
199 198 6
199 198 6
199 198 6
114 17 16
114 17 6
105 22 16
105 22 6
105 22 6
105 22 6
105 22 6
105 22 6
105 22 6
105 22 6
105 22 6
105 22 6
105 22 6
105 22 6
105 22 6
105 22 6
105 22 6
105 22 6
105 22 6
105 22 6
105 22 6
105 22 6
105 22 6
105 22 6
105 22 6
105 22 6
105 22 6
105 22 6
105 22 6
105 22 6
105 22 6
105 22 6
105 22 6
105 22 6
105 22 6
105 22 6
105 22 6
105 22 6
105 22 6
105 22 6
105 22 6
105 22 6
105 22 6
105 22 6
105 22 6
105 22 6
105 22 6
105 22 6
105 22 6
105 22 6
105 22 6
105 22 6
105 22 6
105 22 6
105 22 6
105 22 6
105 22 6
105 22 6
105 22 6
105 22 6
105 22 6
105 22 6
105 22 6
105 22 6
105 22 6
105 22 6
105 22 6
105 22 6
105 22 6
105 22 6
105 22 6
105 22 6
105 22 6
105 22 6
105 22 6
105 22 6
105 22 6
105 22 6
105 22 6
105 22 6
105 22 6
105 22 6
105 22 6
105 22 6
105 22 6
105 22 6
105 22 6
105 22 6
105 22 6
105 22 6
105 22 6
105 22 6
105 22 6
105 22 6
105 22 6
105 22 6
105 22 6
105 22 6
105 22 6
105 22 6
105 22 6
105 22 6
105 22 6
105 22 6
105 22 6
105 22 6
105 22 6
105 22 6
105 22 6
105 22 6
105 22 6
105 22 6
105 22 6
105 22 6
105 22 6
105 22 6
105 22 6
105 22 6
105 22 6
105 22 6
105 22 6
105 22 6
105 22 6
105 22 6
105 22 6
123 11 16
123 11 6
123 11 6
123 11 6
123 11 6
123 11 6
123 11 6
124 22 16
199 132 16
133 17 16
133 17 6
133 17 6
133 17 6
133 17 6
133 17 6
133 28 16
142 22 16
142 33 16
173 192 16
173 192 6
173 192 6
173 192 6
173 192 6
173 192 6
173 192 6
173 192 6
173 192 6
173 192 6
173 192 6
173 192 6
173 192 6
173 192 6
173 192 6
173 192 6
173 192 6
173 192 6
173 192 6
173 192 6
173 192 6
173 192 6
173 192 6
173 192 6
173 192 6
173 192 6
173 192 6
173 192 6
173 192 6
173 192 6
173 192 6
173 192 6
173 192 6
173 192 6
173 192 6
173 192 6
173 192 6
173 192 6
173 192 6
173 192 6
173 192 6
173 192 6
173 192 6
173 192 6
173 192 6
173 192 6
173 192 6
173 192 6
173 192 6
173 192 6
173 192 6
173 192 6
173 192 6
173 192 6
173 192 6
173 192 6
173 192 6
173 192 6
173 192 6
173 192 6
173 192 6
173 192 6
173 192 6
173 192 6
173 192 6
173 192 6
173 192 6
173 192 6
173 192 6
173 192 6
173 192 6
173 192 6
173 192 6
173 192 6
173 192 6
173 192 6
173 192 6
173 192 6
173 192 6
173 192 6
173 192 6
173 192 6
173 192 6
173 192 6
173 192 6
173 192 6
173 192 6
173 192 6
173 192 6
173 192 6
173 192 6
173 192 6
173 192 6
173 192 6
173 192 6
173 192 6
173 192 6
173 192 6
173 192 6
173 192 6
173 192 6
173 192 6
173 192 6
173 192 6
173 192 6
173 192 6
173 192 6
173 192 6
173 192 6
173 192 6
173 192 6
173 192 6
173 192 6
173 192 6
173 192 6
173 192 6
173 192 6
173 192 6
173 192 6
173 192 6
173 192 6
173 192 6
173 192 6
173 192 6
173 192 6
173 192 6
173 192 6
173 192 6
173 192 6
173 192 6
173 192 6
173 192 6
173 192 6
173 192 6
173 192 6
173 192 6
173 192 6
173 192 6
173 192 6
173 192 6
173 192 6
173 192 6
173 192 6
173 192 6
173 192 6
173 192 6
173 192 6
173 192 6
173 192 6
173 192 6
173 192 6
173 192 6
173 192 6
173 192 6
173 192 6
173 192 6
173 192 6
173 192 6
173 192 6
173 192 6
173 192 6
173 192 6
173 192 6
173 192 6
173 192 6
173 192 6
173 192 6
173 192 6
173 192 6
173 192 6
173 192 6
173 192 6
173 192 6
173 192 6
173 192 6
173 192 6
173 192 6
173 192 6
173 192 6
173 192 6
173 192 6
173 192 6
155 181 16
155 181 6
155 181 6
155 181 6
155 181 6
155 181 6
155 181 6
155 181 6
146 175 16
146 175 6
146 175 6
146 175 6
146 175 6
146 175 6
146 175 6
146 175 6
146 175 6
146 175 6
146 175 6
146 175 6
146 175 6
146 175 6
146 175 6
146 175 6
146 175 6
146 175 6
146 175 6
146 175 6
146 175 6
146 175 6
146 175 6
146 175 6
146 175 6
146 175 6
145 186 16
136 181 16
152 28 16
152 39 16
161 33 16
161 33 6
161 44 16
161 44 6
161 44 6
161 44 6
161 44 6
161 44 6
161 44 6
161 44 6
161 44 6
161 44 6
161 44 6
161 44 6
161 44 6
161 44 6
161 44 6
161 44 6
161 44 6
161 44 6
161 44 6
161 44 6
161 44 6
161 44 6
161 44 6
161 44 6
161 44 6
161 44 6
161 44 6
161 44 6
161 44 6
161 44 6
161 44 6
161 44 6
161 44 6
161 44 6
161 44 6
161 44 6
161 44 6
161 44 6
161 44 6
161 44 6
161 44 6
161 44 6
161 44 6
161 44 6
161 44 6
161 44 6
161 44 6
161 44 6
161 44 6
161 44 6
161 44 6
161 44 6
161 44 6
161 44 6
161 44 6
161 44 6
161 44 6
161 44 6
161 44 6
161 44 6
161 44 6
161 44 6
161 44 6
161 44 6
161 44 6
161 44 6
161 44 6
161 44 6
161 44 6
161 44 6
161 44 6
161 44 6
161 44 6
161 44 6
161 44 6
161 44 6
161 44 6
161 44 6
161 44 6
161 44 6
161 44 6
161 44 6
161 44 6
161 44 6
161 44 6
161 44 6
161 44 6
161 44 6
161 44 6
161 44 6
161 44 6
161 44 6
161 44 6
161 44 6
161 44 6
161 44 6
161 44 6
161 44 6
161 44 6
161 44 6
161 44 6
161 44 6
161 44 6
161 44 6
161 44 6
161 44 6
161 44 6
161 44 6
161 44 6
161 44 6
161 44 6
161 44 6
161 44 6
161 44 6
161 44 6
161 44 6
161 44 6
161 44 6
161 44 6
161 44 6
161 44 6
161 44 6
161 44 6
161 44 6
161 44 6
161 44 6
161 44 6
161 44 6
135 192 16
135 192 6
125 187 16
125 187 6
125 187 6
125 187 6
125 187 6
125 187 6
125 187 6
125 187 6
125 187 6
125 187 6
125 187 6
125 187 6
125 187 6
125 187 6
125 187 6
125 187 6
125 187 6
125 187 6
125 187 6
125 187 6
125 187 6
125 187 6
125 187 6
125 187 6
125 187 6
125 187 6
125 187 6
125 187 6
125 187 6
125 187 6
125 187 6
125 187 6
125 187 6
125 187 6
125 187 6
125 187 6
125 187 6
125 187 6
125 187 6
125 187 6
125 187 6
125 187 6
125 187 6
125 187 6
125 187 6
125 187 6
125 187 6
125 187 6
125 187 6
125 187 6
125 187 6
125 187 6
125 187 6
125 187 6
125 187 6
125 187 6
125 187 6
125 187 6
125 187 6
125 187 6
125 198 16
125 198 6
125 198 6
125 198 6
125 198 6
161 22 16
152 17 16
152 17 6
142 11 16
142 11 6
142 11 6
142 11 6
142 11 6
142 11 6
142 11 6
142 11 6
142 11 6
142 11 6
142 11 6
142 11 6
142 11 6
142 11 6
142 11 6
142 11 6
142 11 6
142 11 6
142 11 6
142 11 6
142 11 6
142 11 6
142 11 6
142 11 6
142 11 6
142 11 6
142 11 6
142 11 6
142 44 16
142 44 6
142 44 6
142 44 6
142 44 6
142 44 6
133 39 16
133 39 6
133 39 6
133 39 6
124 33 16
126 131 16
126 131 6
126 131 6
126 131 6
125 121 16
125 121 6
125 121 6
125 121 6
125 121 6
125 121 6
125 121 6
116 126 16
133 6 16
133 6 6
133 6 6
133 6 6
133 6 6
133 6 6
133 6 6
133 6 6
133 6 6
133 6 6
133 6 6
133 6 6
133 6 6
133 6 6
133 6 6
133 6 6
133 6 6
133 6 6
133 6 6
133 6 6
133 6 6
133 6 6
133 6 6
133 6 6
133 6 6
133 6 6
133 6 6
133 6 6
133 6 6
133 6 6
133 6 6
133 6 6
133 6 6
133 6 6
133 6 6
133 6 6
133 6 6
133 6 6
133 6 6
133 6 6
133 6 6
133 6 6
133 6 6
133 6 6
133 6 6
133 6 6
133 6 6
133 6 6
133 6 6
133 6 6
133 6 6
133 6 6
133 6 6
133 6 6
133 6 6
133 6 6
133 6 6
133 6 6
133 6 6
133 6 6
133 6 6
133 6 6
133 6 6
133 6 6
133 6 6
133 6 6
133 6 6
133 6 6
133 6 6
133 6 6
133 6 6
133 6 6
133 6 6
133 6 6
133 6 6
133 6 6
133 6 6
133 6 6
133 6 6
133 6 6
133 6 6
133 6 6
133 6 6
133 6 6
133 6 6
133 6 6
133 6 6
133 6 6
133 6 6
133 6 6
133 6 6
133 6 6
133 6 6
133 6 6
133 6 6
133 6 6
133 6 6
133 6 6
133 6 6
133 6 6
133 6 6
133 6 6
133 6 6
133 6 6
133 6 6
133 6 6
133 6 6
133 6 6
133 6 6
133 6 6
133 6 6
133 6 6
133 6 6
133 6 6
133 6 6
133 6 6
133 6 6
133 6 6
133 6 6
133 6 6
133 6 6
133 6 6
133 6 6
133 6 6
115 115 16
115 115 6
115 115 6
115 115 6
115 115 6
115 115 6
115 115 6
115 115 6
115 115 6
115 115 6
115 115 6
115 115 6
115 115 6
115 115 6
115 115 6
115 115 6
115 115 6
115 115 6
115 115 6
115 115 6
115 115 6
115 115 6
115 115 6
115 115 6
115 115 6
115 115 6
115 115 6
115 115 6
115 115 6
115 115 6
115 115 6
115 115 6
115 115 6
115 115 6
115 115 6
115 115 6
115 115 6
115 115 6
115 115 6
115 115 6
115 115 6
115 115 6
115 115 6
115 115 6
115 115 6
115 115 6
115 115 6
115 115 6
115 115 6
115 115 6
115 115 6
115 115 6
115 115 6
115 115 6
115 115 6
115 115 6
115 115 6
115 115 6
115 115 6
115 115 6
115 115 6
115 115 6
115 115 6
115 115 6
115 115 6
115 115 6
115 115 6
115 115 6
115 115 6
115 115 6
115 115 6
115 115 6
115 115 6
115 115 6
115 115 6
115 115 6
115 115 6
115 115 6
115 115 6
115 115 6
115 115 6
115 115 6
115 115 6
115 115 6
115 115 6
115 115 6
115 115 6
115 115 6
115 115 6
115 115 6
115 115 6
115 115 6
115 115 6
115 115 6
115 115 6
115 115 6
115 115 6
115 115 6
115 115 6
115 115 6
115 115 6
115 115 6
115 115 6
115 115 6
115 115 6
115 115 6
115 115 6
115 115 6
115 115 6
115 115 6
115 115 6
115 115 6
115 115 6
115 115 6
115 115 6
115 115 6
115 115 6
115 115 6
115 115 6
115 115 6
115 115 6
115 115 6
115 115 6
115 115 6
115 115 6
115 115 6
115 115 6
115 115 6
115 115 6
115 115 6
115 115 6
115 115 6
115 115 6
115 115 6
115 115 6
115 115 6
115 115 6
115 115 6
115 115 6
115 115 6
115 115 6
115 115 6
115 115 6
115 115 6
115 115 6
115 115 6
115 115 6
115 115 6
115 115 6
115 115 6
115 115 6
115 115 6
115 115 6
115 115 6
115 115 6
115 115 6
115 115 6
115 115 6
115 115 6
115 115 6
115 115 6
115 115 6
115 115 6
115 115 6
115 115 6
115 115 6
115 115 6
115 115 6
115 115 6
115 115 6
115 115 6
115 115 6
115 115 6
115 115 6
115 115 6
124 44 16
124 44 6
124 44 6
124 44 6
133 50 16
133 50 6
133 50 6
133 50 6
133 50 6
133 50 6
133 50 6
133 50 6
133 50 6
133 50 6
133 50 6
133 50 6
133 50 6
133 50 6
133 50 6
133 50 6
133 50 6
133 50 6
133 50 6
133 50 6
133 50 6
133 50 6
133 50 6
133 50 6
133 50 6
133 50 6
133 50 6
133 50 6
133 50 6
133 50 6
133 50 6
133 50 6
133 50 6
133 50 6
133 50 6
133 50 6
133 50 6
133 50 6
133 50 6
133 50 6
133 50 6
133 50 6
133 50 6
133 50 6
133 50 6
133 50 6
133 50 6
133 50 6
133 50 6
133 50 6
133 50 6
133 50 6
133 50 6
133 50 6
133 50 6
133 50 6
133 50 6
133 50 6
133 50 6
133 50 6
133 50 6
133 50 6
133 50 6
133 50 6
133 50 6
133 50 6
133 50 6
133 50 6
133 50 6
133 50 6
133 50 6
133 50 6
133 50 6
133 50 6
133 50 6
133 50 6
133 50 6
133 50 6
133 50 6
133 50 6
133 50 6
133 50 6
133 50 6
133 50 6
133 50 6
133 50 6
133 50 6
133 50 6
133 50 6
133 50 6
133 50 6
133 50 6
133 50 6
133 50 6
133 50 6
133 50 6
133 50 6
133 50 6
133 50 6
133 50 6
133 50 6
133 50 6
133 50 6
133 50 6
133 50 6
133 50 6
133 50 6
133 50 6
133 50 6
133 50 6
133 50 6
133 50 6
133 50 6
133 50 6
133 50 6
133 50 6
133 50 6
133 50 6
133 50 6
133 50 6
133 50 6
133 50 6
133 50 6
133 50 6
133 50 6
133 50 6
133 50 6
133 50 6
133 50 6
133 50 6
133 50 6
133 50 6
133 50 6
133 50 6
114 39 16
114 50 16
116 137 16
106 132 16
106 143 16
96 138 16
96 138 6
96 138 6
96 138 6
96 138 6
96 138 6
96 138 6
96 138 6
96 138 6
96 138 6
96 138 6
96 138 6
96 138 6
96 138 6
96 138 6
96 138 6
96 138 6
96 138 6
96 138 6
96 138 6
96 138 6
96 138 6
96 138 6
96 138 6
96 138 6
152 50 16
152 50 6
152 50 6
152 50 6
152 50 6
152 50 6
152 50 6
152 50 6
152 50 6
152 50 6
152 50 6
152 50 6
152 50 6
152 50 6
152 50 6
152 50 6
152 50 6
152 50 6
152 50 6
152 50 6
152 50 6
152 50 6
152 50 6
152 50 6
152 50 6
105 45 16
96 149 16
96 149 6
96 149 6
96 149 6
96 149 6
96 149 6
96 149 6
96 149 6
96 149 6
96 149 6
96 149 6
96 149 6
96 149 6
96 149 6
96 149 6
96 149 6
96 149 6
96 149 6
96 149 6
96 149 6
96 149 6
171 28 16
171 28 6
171 28 6
171 28 6
171 28 6
171 28 6
171 28 6
171 28 6
171 28 6
171 28 6
171 28 6
171 28 6
171 28 6
171 28 6
171 28 6
171 28 6
171 28 6
171 28 6
171 28 6
171 28 6
171 28 6
171 28 6
171 28 6
171 28 6
171 28 6
171 28 6
171 28 6
171 28 6
171 28 6
171 28 6
171 28 6
171 28 6
171 28 6
171 28 6
171 28 6
171 28 6
171 28 6
171 28 6
171 28 6
171 28 6
171 28 6
171 28 6
171 28 6
171 28 6
171 28 6
171 28 6
171 28 6
171 28 6
171 28 6
171 28 6
171 28 6
171 28 6
171 28 6
171 28 6
171 28 6
171 28 6
171 28 6
171 28 6
171 28 6
171 28 6
171 28 6
171 28 6
171 28 6
171 28 6
171 28 6
171 28 6
171 28 6
171 28 6
171 28 6
171 28 6
171 28 6
171 28 6
171 28 6
171 28 6
171 28 6
171 28 6
171 28 6
171 28 6
171 28 6
171 28 6
171 28 6
171 28 6
171 28 6
171 28 6
171 28 6
171 28 6
171 28 6
171 28 6
171 28 6
171 28 6
171 28 6
171 28 6
171 28 6
171 28 6
171 28 6
171 28 6
171 28 6
171 28 6
171 28 6
171 28 6
171 28 6
171 28 6
171 28 6
171 28 6
171 28 6
171 28 6
171 28 6
171 28 6
171 28 6
171 28 6
171 28 6
171 28 6
171 28 6
171 28 6
171 28 6
171 28 6
171 28 6
171 28 6
171 28 6
171 28 6
171 28 6
171 28 6
171 28 6
171 28 6
171 28 6
171 28 6
171 28 6
171 28 6
171 28 6
171 28 6
171 28 6
171 28 6
171 28 6
171 28 6
171 28 6
171 28 6
171 28 6
171 28 6
171 28 6
171 28 6
171 28 6
171 28 6
171 28 6
171 28 6
171 28 6
171 28 6
171 28 6
171 28 6
86 143 16
86 143 6
86 143 6
86 143 6
86 143 6
86 143 6
86 143 6
86 143 6
86 143 6
86 143 6
86 143 6
86 143 6
86 143 6
86 143 6
86 143 6
86 143 6
86 143 6
86 143 6
86 143 6
86 143 6
86 143 6
86 143 6
86 143 6
86 143 6
86 143 6
86 143 6
86 143 6
86 143 6
86 143 6
86 143 6
86 143 6
86 143 6
86 143 6
86 143 6
86 143 6
86 143 6
86 143 6
86 143 6
86 143 6
86 143 6
86 143 6
86 143 6
86 143 6
86 143 6
86 143 6
86 143 6
86 143 6
86 143 6
86 143 6
86 143 6
86 143 6
86 143 6
86 143 6
86 143 6
86 143 6
86 143 6
86 143 6
86 143 6
86 143 6
86 143 6
86 143 6
86 143 6
86 143 6
86 143 6
86 143 6
86 143 6
86 143 6
86 143 6
86 143 6
86 143 6
86 143 6
86 143 6
86 143 6
86 143 6
86 143 6
105 56 16
96 50 16
96 50 6
96 50 6
96 61 16
96 61 6
96 61 6
96 61 6
96 61 6
96 61 6
96 61 6
96 61 6
96 61 6
96 61 6
96 61 6
96 61 6
96 61 6
96 61 6
87 56 16
87 56 6
87 56 6
87 56 6
87 56 6
87 56 6
87 56 6
87 56 6
87 56 6
87 56 6
87 56 6
87 56 6
87 56 6
87 56 6
87 56 6
87 56 6
87 56 6
87 56 6
87 56 6
87 56 6
87 56 6
87 56 6
87 56 6
87 56 6
87 56 6
87 56 6
87 56 6
87 56 6
87 56 6
87 56 6
87 56 6
87 56 6
87 56 6
87 56 6
87 56 6
87 56 6
87 56 6
87 56 6
87 56 6
87 56 6
87 56 6
86 154 16
86 154 6
86 154 6
86 154 6
86 154 6
86 154 6
86 154 6
86 154 6
86 154 6
86 154 6
86 154 6
86 154 6
86 154 6
86 154 6
86 154 6
86 154 6
86 154 6
86 154 6
86 154 6
86 154 6
96 160 16
86 165 16
86 165 6
86 165 6
86 165 6
86 165 6
86 165 6
86 165 6
86 165 6
86 165 6
86 165 6
86 165 6
86 165 6
86 165 6
86 165 6
86 165 6
86 165 6
86 165 6
86 165 6
86 165 6
86 165 6
86 165 6
86 165 6
86 165 6
86 165 6
86 165 6
86 165 6
86 165 6
86 165 6
86 165 6
86 165 6
86 165 6
86 165 6
86 165 6
86 165 6
86 165 6
86 165 6
86 165 6
106 154 16
106 154 6
106 154 6
106 154 6
106 154 6
106 165 16
106 165 6
106 165 6
96 171 16
96 171 6
96 171 6
96 171 6
96 171 6
96 171 6
96 171 6
96 171 6
96 171 6
96 171 6
96 171 6
96 171 6
96 171 6
96 171 6
96 171 6
96 171 6
96 171 6
96 171 6
96 171 6
96 171 6
96 171 6
96 171 6
96 171 6
96 171 6
96 171 6
96 171 6
96 171 6
96 171 6
96 171 6
96 171 6
96 171 6
96 171 6
96 171 6
96 171 6
96 171 6
96 171 6
96 171 6
96 171 6
96 171 6
96 171 6
96 171 6
96 171 6
96 171 6
96 171 6
96 171 6
96 171 6
116 148 16
116 148 6
116 148 6
116 148 6
116 148 6
116 148 6
116 148 6
116 148 6
116 148 6
116 148 6
116 148 6
116 148 6
116 148 6
116 148 6
116 148 6
116 148 6
116 148 6
116 148 6
116 148 6
116 148 6
116 148 6
116 148 6
116 148 6
116 148 6
116 148 6
116 148 6
116 148 6
116 148 6
116 148 6
116 148 6
116 148 6
116 148 6
116 148 6
116 148 6
116 148 6
116 148 6
116 148 6
116 148 6
116 148 6
116 148 6
116 148 6
116 148 6
116 148 6
116 148 6
116 148 6
116 148 6
116 148 6
116 148 6
116 148 6
116 148 6
116 148 6
116 148 6
116 148 6
116 148 6
116 148 6
116 148 6
116 148 6
116 148 6
116 148 6
116 148 6
116 148 6
116 148 6
116 148 6
116 148 6
116 148 6
116 148 6
116 148 6
116 148 6
116 148 6
116 148 6
116 148 6
116 148 6
116 148 6
116 148 6
116 148 6
116 148 6
116 148 6
116 148 6
116 148 6
116 148 6
116 148 6
116 148 6
116 148 6
116 148 6
116 148 6
116 148 6
116 148 6
116 148 6
116 148 6
116 148 6
116 148 6
116 148 6
116 148 6
116 148 6
116 148 6
116 148 6
116 148 6
116 148 6
116 148 6
116 148 6
116 148 6
116 148 6
116 148 6
116 148 6
116 148 6
116 148 6
116 148 6
116 159 16
116 159 6
116 159 6
116 159 6
116 159 6
116 159 6
116 159 6
116 159 6
116 159 6
116 159 6
116 159 6
116 159 6
116 159 6
116 159 6
116 159 6
116 159 6
116 159 6
116 159 6
116 159 6
116 159 6
116 159 6
116 159 6
116 159 6
116 159 6
116 159 6
116 159 6
116 159 6
116 159 6
116 159 6
116 159 6
116 159 6
116 159 6
116 159 6
116 159 6
116 159 6
116 159 6
116 159 6
116 159 6
116 159 6
116 159 6
116 159 6
116 159 6
116 159 6
116 159 6
116 159 6
116 159 6
116 159 6
116 159 6
116 159 6
116 159 6
116 159 6
116 159 6
116 159 6
116 159 6
116 159 6
116 159 6
116 159 6
116 159 6
116 159 6
116 159 6
116 159 6
116 159 6
116 159 6
116 159 6
116 159 6
116 159 6
116 159 6
116 159 6
116 159 6
116 159 6
116 159 6
116 159 6
116 159 6
116 159 6
116 159 6
116 159 6
116 159 6
116 159 6
116 159 6
116 159 6
116 159 6
116 159 6
116 159 6
116 159 6
116 159 6
116 159 6
116 159 6
116 159 6
116 159 6
116 159 6
116 159 6
116 159 6
116 159 6
116 159 6
116 159 6
116 159 6
116 159 6
116 159 6
116 159 6
116 159 6
116 159 6
116 159 6
116 159 6
116 159 6
116 159 6
116 159 6
116 159 6
116 159 6
116 159 6
116 159 6
116 159 6
116 159 6
116 159 6
116 159 6
116 159 6
116 159 6
116 159 6
116 159 6
116 159 6
116 159 6
116 159 6
116 159 6
116 159 6
116 159 6
116 159 6
116 159 6
116 159 6
116 159 6
116 159 6
116 159 6
116 159 6
116 159 6
116 159 6
116 159 6
116 159 6
116 159 6
152 6 16
152 6 6
152 6 6
152 6 6
152 6 6
152 6 6
152 6 6
152 6 6
152 6 6
152 6 6
152 6 6
152 6 6
152 6 6
152 6 6
152 6 6
152 6 6
152 6 6
152 6 6
152 6 6
152 6 6
152 6 6
152 6 6
152 6 6
152 6 6
152 6 6
152 6 6
152 6 6
152 6 6
152 6 6
152 6 6
152 6 6
152 6 6
152 6 6
152 6 6
152 6 6
152 6 6
152 6 6
152 6 6
152 6 6
152 6 6
152 6 6
152 6 6
152 6 6
152 6 6
152 6 6
152 6 6
152 6 6
152 6 6
152 6 6
152 6 6
152 6 6
152 6 6
152 6 6
152 6 6
152 6 6
152 6 6
152 6 6
152 6 6
152 6 6
152 6 6
152 6 6
152 6 6
152 6 6
152 6 6
152 6 6
152 6 6
152 6 6
161 11 16
161 11 6
161 11 6
161 11 6
161 11 6
161 11 6
161 11 6
161 11 6
161 11 6
161 11 6
161 11 6
161 11 6
161 11 6
161 11 6
161 11 6
161 11 6
161 11 6
161 11 6
161 11 6
161 11 6
161 11 6
161 11 6
161 11 6
161 11 6
161 11 6
161 11 6
161 11 6
161 11 6
161 11 6
161 11 6
161 11 6
161 11 6
161 11 6
161 11 6
161 11 6
161 11 6
161 11 6
161 11 6
161 11 6
161 11 6
161 11 6
161 11 6
161 11 6
161 11 6
161 11 6
161 11 6
161 11 6
161 11 6
161 11 6
161 11 6
161 11 6
161 11 6
161 11 6
161 11 6
161 11 6
161 11 6
161 11 6
161 11 6
161 11 6
161 11 6
161 11 6
161 11 6
161 11 6
161 11 6
161 11 6
161 11 6
161 11 6
161 11 6
161 11 6
161 11 6
161 11 6
161 11 6
161 11 6
161 11 6
161 11 6
161 11 6
161 11 6
161 11 6
161 11 6
161 11 6
161 11 6
161 11 6
161 11 6
161 11 6
161 11 6
161 11 6
161 11 6
161 11 6
161 11 6
161 11 6
161 11 6
161 11 6
161 11 6
161 11 6
161 11 6
161 11 6
161 11 6
161 11 6
161 11 6
161 11 6
161 11 6
161 11 6
161 11 6
161 11 6
161 11 6
161 11 6
161 11 6
161 11 6
161 11 6
161 11 6
161 11 6
161 11 6
161 11 6
161 11 6
161 11 6
161 11 6
161 11 6
161 11 6
161 11 6
161 11 6
161 11 6
161 11 6
161 11 6
161 11 6
161 11 6
161 11 6
161 11 6
161 11 6
161 11 6
161 11 6
161 11 6
161 11 6
161 11 6
161 11 6
161 11 6
161 11 6
161 11 6
161 11 6
161 11 6
161 11 6
161 11 6
161 11 6
161 11 6
161 11 6
161 11 6
161 11 6
106 176 16
106 176 6
106 176 6
106 176 6
106 176 6
106 176 6
106 176 6
106 176 6
106 176 6
106 176 6
106 176 6
116 181 16
116 181 6
116 181 6
116 181 6
116 181 6
116 181 6
116 181 6
116 181 6
116 181 6
116 181 6
116 181 6
116 181 6
116 181 6
116 181 6
116 181 6
116 181 6
116 181 6
116 181 6
116 181 6
116 181 6
116 181 6
116 181 6
116 181 6
116 181 6
116 181 6
116 181 6
116 181 6
116 181 6
116 181 6
116 181 6
116 181 6
116 181 6
116 181 6
116 181 6
116 181 6
116 181 6
116 181 6
116 181 6
116 181 6
116 181 6
116 181 6
116 181 6
116 170 16
116 170 6
116 170 6
116 170 6
116 170 6
116 170 6
116 170 6
116 170 6
116 170 6
116 170 6
116 170 6
116 170 6
116 170 6
116 170 6
116 170 6
116 170 6
116 170 6
116 170 6
116 170 6
116 170 6
116 170 6
116 170 6
116 170 6
116 170 6
116 170 6
116 170 6
116 170 6
116 170 6
116 170 6
116 170 6
116 170 6
116 170 6
116 170 6
116 170 6
116 170 6
116 170 6
116 170 6
116 170 6
116 170 6
116 170 6
116 170 6
116 170 6
116 170 6
116 170 6
116 170 6
116 170 6
116 170 6
116 170 6
116 170 6
116 170 6
116 170 6
116 170 6
116 170 6
116 170 6
126 175 16
136 170 16
142 0 16
142 0 6
142 0 6
142 0 6
142 0 6
142 0 6
142 0 6
142 0 6
142 0 6
142 0 6
142 0 6
142 0 6
142 0 6
142 0 6
142 0 6
142 0 6
142 0 6
115 193 16
115 193 6
115 193 6
115 193 6
115 193 6
115 193 6
115 193 6
115 193 6
115 193 6
115 193 6
115 193 6
115 193 6
115 193 6
115 193 6
115 193 6
115 193 6
115 193 6
115 193 6
115 193 6
115 193 6
115 193 6
115 193 6
115 193 6
115 193 6
115 193 6
115 193 6
115 193 6
115 193 6
115 193 6
115 193 6
115 193 6
115 193 6
115 193 6
115 193 6
115 193 6
115 193 6
115 193 6
115 193 6
115 193 6
115 193 6
115 193 6
115 193 6
115 193 6
115 193 6
115 193 6
115 193 6
115 193 6
115 193 6
115 193 6
115 193 6
115 193 6
115 193 6
115 193 6
115 193 6
115 193 6
115 193 6
115 193 6
115 193 6
115 193 6
115 193 6
115 193 6
115 193 6
115 193 6
115 193 6
115 193 6
115 193 6
115 193 6
115 193 6
115 193 6
115 193 6
115 193 6
115 193 6
115 193 6
115 193 6
115 193 6
115 193 6
115 193 6
115 193 6
115 193 6
115 193 6
115 193 6
115 193 6
115 193 6
115 193 6
115 193 6
115 193 6
115 193 6
115 193 6
115 193 6
115 193 6
115 193 6
115 193 6
115 193 6
115 193 6
115 193 6
115 193 6
115 193 6
115 193 6
115 193 6
115 193 6
115 193 6
115 193 6
115 193 6
115 193 6
115 193 6
115 193 6
115 193 6
115 193 6
115 193 6
115 193 6
115 193 6
115 193 6
115 193 6
115 193 6
115 193 6
115 193 6
115 193 6
115 193 6
115 193 6
115 193 6
115 193 6
115 193 6
115 193 6
115 193 6
115 193 6
115 193 6
115 193 6
115 193 6
115 193 6
115 193 6
115 193 6
115 193 6
115 193 6
115 193 6
115 193 6
115 193 6
115 193 6
115 193 6
115 193 6
115 193 6
115 193 6
115 193 6
115 193 6
115 193 6
115 193 6
115 193 6
115 193 6
115 193 6
115 193 6
115 193 6
115 193 6
115 193 6
115 193 6
115 193 6
115 193 6
115 193 6
115 193 6
115 193 6
115 193 6
115 193 6
115 193 6
115 193 6
115 193 6
115 193 6
115 193 6
115 193 6
115 193 6
115 193 6
115 193 6
115 193 6
69 45 16
69 45 6
69 45 6
69 45 6
69 45 6
69 45 6
69 45 6
69 45 6
69 45 6
69 45 6
69 45 6
69 45 6
69 45 6
69 45 6
69 45 6
69 45 6
69 45 6
69 45 6
69 45 6
69 45 6
69 45 6
69 45 6
69 45 6
69 45 6
69 45 6
69 45 6
69 45 6
69 45 6
69 45 6
69 45 6
69 45 6
69 45 6
69 45 6
69 45 6
69 45 6
69 45 6
69 45 6
69 45 6
78 40 16
78 40 6
78 40 6
78 40 6
78 40 6
78 40 6
78 40 6
78 40 6
78 40 6
78 40 6
78 40 6
78 40 6
78 40 6
78 40 6
78 40 6
78 40 6
78 40 6
78 40 6
78 40 6
78 40 6
78 40 6
78 40 6
78 40 6
78 40 6
78 40 6
78 40 6
78 40 6
78 40 6
78 40 6
78 40 6
78 40 6
78 40 6
78 40 6
78 40 6
78 40 6
78 40 6
78 40 6
78 40 6
78 40 6
78 40 6
78 40 6
78 40 6
78 40 6
78 40 6
78 40 6
78 40 6
78 40 6
78 40 6
78 40 6
78 40 6
78 40 6
78 40 6
78 40 6
78 40 6
78 40 6
78 40 6
78 40 6
78 40 6
78 40 6
78 40 6
78 40 6
78 40 6
78 40 6
78 40 6
78 40 6
78 40 6
78 40 6
78 40 6
78 40 6
78 40 6
78 40 6
78 40 6
78 40 6
78 40 6
78 40 6
78 40 6
78 40 6
78 40 6
78 40 6
78 40 6
78 40 6
78 40 6
78 40 6
78 40 6
78 40 6
78 40 6
78 40 6
78 40 6
78 40 6
78 40 6
78 40 6
78 40 6
78 40 6
78 40 6
78 40 6
78 40 6
78 40 6
78 40 6
78 40 6
78 40 6
78 40 6
78 40 6
78 40 6
78 40 6
78 40 6
78 40 6
78 40 6
78 40 6
78 40 6
78 40 6
78 40 6
78 40 6
78 40 6
78 40 6
78 40 6
78 40 6
78 40 6
78 40 6
78 40 6
78 40 6
78 40 6
78 40 6
78 40 6
59 73 16
50 68 16
50 68 6
50 68 6
50 68 6
50 68 6
50 68 6
50 68 6
50 68 6
50 68 6
50 78 16
50 78 6
50 78 6
50 78 6
50 78 6
50 78 6
50 78 6
50 78 6
50 78 6
154 192 16
154 192 6
154 192 6
154 192 6
145 198 16
60 18 119
60 18 6
60 18 6
60 18 6
60 18 6
60 18 6
60 18 6
60 18 6
60 18 6
60 18 6
60 18 6
60 18 6
60 18 6
60 18 6
60 18 6
60 18 6
60 18 6
60 18 6
60 18 6
60 18 6
60 18 6
60 18 6
60 18 6
60 18 6
60 18 6
60 18 6
60 18 6
60 18 6
60 18 6
60 18 6
60 18 6
60 18 6
60 18 6
60 18 6
60 18 6
60 18 6
60 18 6
60 18 6
60 18 6
60 18 6
60 18 6
60 18 6
60 18 6
60 18 6
60 18 6
60 18 6
60 18 6
60 18 6
60 18 6
60 18 6
60 18 6
60 18 6
60 18 6
60 18 6
60 18 6
60 18 6
60 18 6
60 18 6
60 18 6
60 18 6
60 18 6
60 18 6
60 18 6
60 18 6
60 18 6
60 18 6
60 18 6
60 18 6
60 18 6
60 18 6
60 18 6
60 18 6
60 18 6
60 18 6
60 18 6
60 18 6
60 18 6
60 18 6
60 18 6
60 18 6
60 18 6
60 18 6
60 18 6
60 18 6
60 18 6
60 18 6
60 18 6
60 18 6
60 18 6
60 18 6
60 18 6
60 18 6
60 18 6
60 18 6
60 18 6
60 18 6
60 18 6
60 18 6
60 18 6
60 18 6
60 18 6
60 18 6
60 18 6
60 18 6
60 18 6
60 18 6
60 18 6
60 18 6
60 18 6
60 18 6
60 18 6
60 18 6
60 18 6
60 18 6
60 18 6
60 18 6
60 18 6
60 18 6
60 18 6
60 18 6
60 18 6
60 18 6
60 18 6
60 18 6
60 18 6
60 18 6
60 18 6
60 18 6
60 18 6
60 18 6
60 18 6
60 18 6
60 18 6
60 18 6
60 18 6
60 18 6
60 18 6
60 18 6
60 18 6
60 18 6
60 18 6
60 18 6
60 18 6
60 18 6
60 18 6
60 18 6
60 18 6
60 18 6
60 18 6
60 18 6
60 18 6
60 18 6
60 18 6
60 18 6
60 18 6
50 1 16
50 1 6
50 1 6
78 51 106
78 51 6
78 51 6
78 51 6
78 51 6
78 51 6
78 51 6
78 51 6
78 51 6
78 51 6
78 51 6
78 51 6
78 51 6
78 51 6
78 51 6
78 51 6
78 51 6
78 51 6
78 51 6
78 51 6
78 51 6
78 51 6
78 51 6
78 51 6
78 51 6
78 51 6
78 51 6
78 51 6
78 51 6
78 51 6
78 51 6
78 51 6
78 51 6
78 51 6
78 51 6
78 51 6
78 51 6
78 51 6
78 51 6
78 51 6
78 51 6
78 51 6
78 51 6
78 51 6
78 51 6
78 51 6
78 51 6
78 51 6
78 51 6
78 51 6
78 51 6
78 51 6
78 51 6
78 51 6
78 51 6
78 51 6
78 51 6
78 51 6
78 51 6
78 51 6
78 51 6
78 51 6
78 51 6
78 51 6
78 51 6
78 51 6
78 51 6
78 51 6
78 51 6
78 51 6
78 51 6
78 51 6
78 51 6
78 51 6
78 51 6
78 51 6
78 51 6
78 51 6
78 51 6
78 51 6
78 51 6
78 51 6
78 51 6
78 51 6
78 51 6
78 51 6
78 51 6
78 51 6
78 51 6
78 51 6
78 51 6
78 51 6
78 51 6
78 51 6
78 51 6
78 51 6
78 51 6
78 51 6
78 51 6
78 51 6
78 51 6
78 51 6
78 51 6
78 51 6
78 51 6
78 51 6
78 51 6
78 51 6
78 51 6
78 51 6
78 51 6
78 51 6
78 51 6
78 51 6
78 51 6
78 51 6
78 51 6
78 51 6
78 51 6
78 51 6
78 51 6
78 51 6
78 51 6
78 51 6
78 51 6
78 51 6
78 51 6
78 51 6
78 51 6
78 51 6
78 51 6
78 51 6
78 51 6
78 51 6
78 51 6
78 51 6
78 51 6
78 51 6
78 51 6
78 51 6
78 51 6
78 51 6
78 51 6
78 51 6
78 51 6
78 51 6
78 51 6
78 51 6
78 51 6
78 51 6
78 51 6
78 51 6
87 67 16
87 67 6
87 67 6
87 67 6
87 67 6
87 67 6
87 67 6
87 67 6
87 67 6
87 67 6
87 67 6
87 67 6
87 67 6
87 67 6
87 67 6
87 67 6
87 67 6
87 67 6
87 67 6
87 67 6
87 67 6
87 67 6
87 67 6
87 67 6
87 67 6
87 67 6
87 67 6
87 67 6
87 67 6
87 67 6
87 67 6
87 67 6
87 67 6
87 67 6
87 67 6
87 67 6
87 67 6
87 67 6
87 67 6
87 67 6
87 67 6
87 67 6
87 67 6
87 67 6
87 67 6
87 67 6
87 67 6
87 67 6
87 67 6
87 67 6
87 67 6
87 67 6
87 67 6
87 67 6
87 67 6
87 67 6
87 67 6
87 67 6
87 67 6
87 67 6
87 67 6
87 67 6
87 67 6
87 67 6
87 67 6
87 67 6
87 67 6
87 67 6
87 67 6
87 67 6
87 67 6
87 67 6
87 67 6
87 67 6
87 67 6
87 67 6
87 67 6
87 67 6
87 67 6
87 67 6
87 67 6
87 67 6
87 67 6
87 67 6
87 67 6
87 67 6
87 67 6
87 67 6
87 67 6
87 67 6
87 67 6
87 67 6
87 67 6
87 67 6
87 67 6
87 67 6
87 67 6
87 67 6
87 67 6
87 67 6
87 67 6
87 67 6
87 67 6
87 67 6
87 67 6
87 67 6
87 67 6
87 67 6
87 67 6
87 67 6
87 67 6
87 67 6
87 67 6
87 67 6
87 67 6
87 67 6
87 67 6
87 67 6
87 67 6
87 67 6
87 67 6
87 67 6
87 67 6
87 67 6
87 67 6
87 67 6
87 67 6
87 67 6
87 67 6
87 67 6
87 67 6
87 67 6
87 67 6
87 67 6
87 67 6
87 67 6
87 67 6
87 67 6
87 67 6
87 67 6
87 67 6
87 67 6
87 67 6
87 67 6
87 67 6
87 67 6
87 67 6
87 67 6
87 67 6
87 67 6
87 67 6
87 67 6
87 67 6
87 67 6
87 67 6
87 67 6
87 67 6
87 67 6
87 67 6
87 67 6
87 67 6
87 67 6
87 67 6
87 67 6
87 67 6
87 67 6
87 67 6
87 67 6
87 67 6
87 67 6
87 67 6
87 67 6
23 40 16
23 40 6
23 40 6
23 40 6
23 40 6
23 40 6
23 40 6
23 40 6
23 40 6
23 40 6
23 40 6
23 40 6
23 40 6
23 40 6
23 40 6
23 40 6
23 40 6
23 40 6
23 40 6
23 40 6
23 40 6
23 40 6
23 40 6
23 40 6
23 40 6
23 40 6
23 40 6
23 40 6
23 40 6
23 40 6
23 40 6
23 40 6
23 40 6
23 40 6
23 40 6
23 40 6
23 40 6
23 40 6
23 40 6
23 40 6
23 40 6
23 40 6
23 40 6
23 40 6
23 40 6
23 40 6
23 40 6
23 40 6
23 40 6
23 40 6
23 40 6
23 40 6
23 40 6
23 40 6
23 40 6
23 40 6
23 40 6
23 40 6
23 40 6
23 40 6
23 40 6
23 40 6
23 40 6
23 40 6
23 40 6
23 40 6
23 40 6
23 40 6
23 40 6
23 40 6
23 40 6
23 40 6
23 40 6
23 40 6
23 40 6
23 40 6
23 40 6
23 40 6
23 40 6
23 40 6
23 40 6
23 40 6
23 40 6
23 40 6
23 40 6
23 40 6
23 40 6
23 40 6
23 40 6
23 40 6
23 40 6
23 40 6
23 40 6
23 40 6
23 40 6
23 40 6
23 40 6
23 40 6
23 40 6
23 40 6
23 40 6
23 40 6
23 40 6
23 40 6
23 40 6
23 40 6
23 40 6
23 40 6
23 40 6
23 40 6
23 40 6
23 40 6
23 40 6
23 40 6
23 40 6
23 40 6
23 40 6
23 40 6
23 40 6
23 40 6
23 40 6
23 40 6
23 40 6
23 40 6
23 40 6
23 40 6
23 40 6
23 40 6
23 40 6
23 40 6
23 40 6
23 40 6
23 40 6
23 40 6
23 40 6
23 40 6
23 40 6
23 40 6
23 40 6
23 40 6
23 40 6
23 40 6
23 40 6
23 40 6
23 40 6
23 40 6
23 40 6
23 40 6
23 40 6
23 40 6
23 40 6
23 40 6
23 40 6
96 127 16
96 127 6
96 127 6
86 132 16
86 132 6
86 132 6
86 132 6
86 132 6
86 132 6
86 132 6
86 132 6
86 132 6
86 132 6
86 132 6
86 132 6
86 132 6
86 132 6
86 132 6
86 132 6
86 132 6
86 132 6
86 132 6
86 132 6
86 132 6
86 132 6
86 132 6
86 132 6
86 132 6
86 121 16
86 121 6
86 121 6
96 116 16
96 116 6
96 116 6
96 116 6
96 116 6
96 116 6
96 116 6
96 116 6
96 116 6
96 116 6
96 116 6
96 116 6
96 116 6
96 116 6
96 116 6
96 116 6
96 116 6
96 116 6
96 116 6
96 116 6
96 116 6
96 116 6
96 116 6
96 116 6
96 116 6
96 116 6
96 116 6
96 116 6
96 116 6
96 116 6
96 116 6
96 116 6
96 116 6
96 116 6
96 116 6
96 116 6
96 116 6
96 116 6
96 116 6
96 116 6
96 116 6
96 116 6
96 116 6
96 116 6
106 121 16
106 121 6
106 121 6
106 121 6
106 121 6
106 121 6
106 121 6
76 127 16
76 116 16
76 116 6
67 122 16
67 111 16
67 111 6
67 111 6
67 111 6
67 111 6
59 84 16
59 84 6
59 84 6
59 84 6
59 84 6
59 84 6
59 84 6
59 84 6
59 84 6
59 84 6
59 84 6
59 84 6
59 84 6
59 84 6
59 84 6
59 84 6
59 84 6
59 84 6
59 84 6
59 84 6
59 84 6
59 84 6
59 84 6
59 84 6
59 84 6
59 84 6
59 84 6
59 84 6
59 84 6
59 84 6
59 84 6
59 84 6
59 84 6
59 84 6
59 84 6
59 84 6
59 84 6
59 84 6
59 84 6
59 84 6
58 94 16
58 94 6
58 94 6
58 94 6
58 94 6
58 94 6
58 94 6
58 94 6
58 94 6
58 94 6
58 94 6
58 94 6
58 94 6
58 94 6
58 94 6
58 94 6
58 94 6
58 94 6
58 94 6
58 94 6
58 94 6
58 94 6
58 94 6
58 94 6
58 94 6
58 94 6
58 94 6
58 94 6
58 94 6
58 94 6
58 94 6
58 94 6
58 94 6
58 94 6
58 94 6
58 94 6
58 94 6
58 94 6
58 94 6
58 105 16
156 157 15
156 156 15
155 156 15
154 156 15
153 156 15
152 156 15
151 156 15
150 156 15
149 156 15
149 155 15
148 155 15
148 154 15
148 153 15
148 152 15
148 151 15
148 150 15
148 149 15
148 148 15
148 147 15
148 146 15
148 145 15
148 144 15
148 143 15
148 142 15
147 142 15
116 127 15
117 127 15
118 127 15
118 128 15
118 129 15
119 129 15
120 129 15
121 129 15
122 129 15
123 129 15
124 129 15
124 129 6
125 129 15
125 129 6
125 129 6
126 129 15
126 129 6
126 129 6
126 129 6
127 129 15
127 129 6
127 129 6
127 129 6
127 129 6
127 129 6
127 129 6
128 129 15
128 129 6
128 129 6
128 129 6
128 129 6
128 129 6
128 129 6
128 129 6
128 129 6
128 129 6
129 129 15
129 129 6
129 129 6
129 129 6
129 129 6
129 129 6
129 129 6
129 129 6
129 129 6
129 129 6
129 129 6
129 129 6
129 129 6
129 129 6
130 129 15
130 129 6
130 129 6
130 129 6
130 129 6
130 129 6
130 129 6
130 129 6
130 129 6
130 129 6
130 129 6
130 129 6
130 129 6
130 129 6
130 129 6
130 129 6
130 129 6
130 129 6
130 129 6
131 129 15
131 129 6
131 129 6
131 129 6
131 129 6
131 129 6
131 129 6
131 129 6
131 129 6
131 129 6
131 129 6
131 129 6
131 129 6
131 129 6
131 129 6
131 129 6
131 129 6
131 129 6
131 129 6
131 129 6
131 129 6
131 129 6
131 129 6
132 129 30
132 129 6
132 129 6
132 129 6
132 129 6
132 129 6
132 129 6
132 129 6
132 129 6
132 129 6
132 129 6
132 129 6
132 129 6
132 129 6
132 129 6
132 129 6
132 129 6
132 129 6
132 129 6
132 129 6
132 129 6
132 129 6
132 129 6
133 129 46
133 129 6
133 129 6
133 129 6
133 129 6
133 129 6
133 129 6
133 129 6
133 129 6
133 129 6
133 129 6
133 129 6
133 129 6
133 129 6
133 129 6
133 129 6
133 129 6
133 129 6
133 129 6
133 129 6
133 129 6
133 129 6
134 129 60
134 129 6
134 129 6
134 129 6
134 129 6
134 129 6
134 129 6
134 129 6
134 129 6
134 129 6
134 129 6
134 129 6
134 129 6
134 129 6
134 129 6
134 129 6
134 129 6
134 129 6
134 129 6
134 129 6
135 129 73
135 129 6
135 129 6
135 129 6
135 129 6
135 129 6
135 129 6
135 129 6
135 129 6
135 129 6
135 129 6
135 129 6
135 129 6
135 129 6
135 129 6
135 129 6
135 129 6
135 129 6
135 130 75
135 130 6
135 130 6
135 130 6
135 130 6
135 130 6
135 130 6
135 130 6
135 130 6
135 130 6
135 130 6
135 130 6
135 130 6
135 130 6
135 130 6
135 130 6
135 130 6
135 130 6
135 130 6
135 130 6
136 130 76
136 130 6
136 130 6
136 130 6
136 130 6
136 130 6
136 130 6
136 130 6
136 130 6
136 130 6
136 130 6
136 130 6
136 130 6
136 130 6
136 130 6
136 130 6
136 130 6
136 130 6
137 130 75
137 130 6
137 130 6
137 130 6
137 130 6
137 130 6
137 130 6
137 130 6
137 130 6
137 130 6
137 130 6
137 130 6
137 130 6
137 130 6
137 130 6
137 130 6
137 131 72
137 131 6
137 131 6
137 131 6
137 131 6
137 131 6
137 131 6
137 131 6
137 131 6
137 131 6
137 131 6
137 131 6
137 131 6
137 131 6
137 131 6
137 131 6
138 131 59
138 131 6
138 131 6
138 131 6
138 131 6
138 131 6
138 131 6
138 131 6
138 131 6
138 131 6
138 131 6
138 131 6
138 131 6
138 131 6
138 131 6
139 131 48
139 131 6
139 131 6
139 131 6
139 131 6
139 131 6
139 131 6
139 131 6
139 131 6
139 131 6
139 131 6
139 131 6
139 131 6
139 131 6
139 132 39
139 132 6
139 132 6
139 132 6
139 132 6
139 132 6
139 132 6
139 132 6
139 132 6
139 132 6
139 132 6
139 132 6
139 132 6
139 132 6
140 132 18
140 132 6
140 132 6
140 132 6
140 132 6
140 132 6
140 132 6
140 132 6
140 132 6
140 132 6
140 132 6
140 132 6
140 132 6
140 132 6
141 132 15
141 132 6
141 132 6
141 132 6
141 132 6
141 132 6
141 132 6
141 132 6
141 132 6
141 132 6
141 132 6
141 132 6
141 133 15
141 133 6
141 133 6
141 133 6
141 133 6
141 133 6
141 133 6
141 133 6
141 133 6
141 133 6
141 134 15
141 134 6
141 134 6
141 134 6
141 134 6
141 134 6
141 134 6
141 134 6
141 134 6
142 134 15
142 134 6
142 134 6
142 134 6
142 134 6
142 134 6
143 134 15
143 134 6
143 134 6
143 134 6
143 135 15
143 135 6
143 135 6
143 135 6
144 135 15
144 135 6
144 136 15
144 136 6
144 137 15
144 137 6
144 138 15
144 138 6
145 138 15
145 139 15
146 139 15
146 140 15
146 141 15
115 127 15
114 127 15
113 127 15
112 127 15
111 127 15
110 127 15
109 127 15
108 127 15
107 127 15
106 127 15
105 127 15
104 127 15
103 127 15
102 127 15
101 127 15
100 127 15
99 127 15
98 127 15
98 127 6
97 127 16
97 127 6
96 126 15
96 126 6
96 126 6
96 125 15
96 125 6
96 125 6
96 124 15
96 124 6
96 124 6
95 124 15
95 124 6
95 124 6
95 124 6
95 124 6
94 124 15
94 124 6
94 124 6
94 124 6
94 124 6
94 124 6
93 124 20
93 124 6
93 124 6
93 124 6
93 124 6
93 124 6
93 124 6
92 124 24
92 124 6
92 124 6
92 124 6
92 124 6
92 124 6
92 124 6
92 124 6
91 124 24
91 124 6
91 124 6
91 124 6
91 124 6
91 124 6
91 124 6
91 124 6
91 124 6
90 124 21
90 124 6
90 124 6
90 124 6
90 124 6
90 124 6
90 124 6
90 124 6
90 124 6
89 124 15
89 124 6
89 124 6
89 124 6
89 124 6
89 124 6
89 124 6
89 124 6
89 124 6
88 124 15
88 124 6
88 124 6
88 124 6
88 124 6
88 124 6
88 124 6
88 124 6
87 124 15
87 124 6
87 124 6
87 124 6
87 124 6
87 124 6
87 123 15
87 123 6
87 123 6
87 123 6
87 123 6
86 123 15
86 123 6
86 123 6
86 123 6
86 122 15
86 122 6
86 122 6
85 121 15
85 121 6
84 121 15
84 121 6
83 121 15
82 121 15
81 121 15
80 121 15
79 121 15
78 121 15
77 121 15
76 121 15
76 120 15
76 119 15
76 118 15
76 117 15
75 116 15
75 116 6
74 116 15
74 116 6
73 116 15
73 116 6
73 115 15
73 115 6
73 115 6
72 115 15
72 115 6
72 115 6
71 115 15
71 115 6
70 115 15
70 115 6
69 115 15
68 115 15
68 114 15
68 114 6
67 114 15
67 113 15
67 113 6
67 112 15
67 112 6
67 112 6
58 95 224
58 96 202
58 97 178
58 98 151
58 99 123
58 100 96
58 101 71
58 102 49
58 103 31
58 104 19
59 105 15
59 106 15
59 107 15
59 108 15
60 108 15
60 109 15
60 110 15
61 110 15
61 111 15
62 111 15
63 111 15
64 111 15
65 111 15
65 111 6
66 111 15
66 111 6
66 111 6
57 94 246
57 93 256
57 92 262
57 91 262
57 90 258
57 89 249
57 88 236
57 87 219
57 86 200
57 85 178
57 84 155
57 83 130
56 83 101
56 82 69
56 81 37
56 81 6
56 80 15
56 80 6
56 80 6
56 80 6
56 79 15
56 79 6
56 79 6
55 79 15
55 79 6
55 79 6
54 79 15
54 79 6
54 79 6
53 79 15
53 79 6
53 79 6
53 79 6
53 78 15
53 78 6
53 78 6
53 78 6
53 77 15
53 77 6
53 77 6
53 76 15
53 76 6
53 76 6
53 75 15
53 75 6
53 75 6
53 74 15
53 74 6
53 74 6
53 73 15
53 73 6
53 72 15
53 72 6
53 71 15
53 71 6
53 70 15
53 70 6
53 69 15
53 69 6
53 68 15
53 68 6
53 67 15
53 67 6
53 66 15
53 66 6
53 65 15
53 65 6
53 64 15
53 64 6
53 64 6
53 63 15
53 63 6
53 63 6
53 62 15
53 62 6
53 62 6
53 62 6
53 61 15
53 61 6
53 61 6
53 61 6
53 60 15
53 60 6
53 60 6
53 60 6
53 60 6
53 59 15
53 59 6
53 59 6
53 59 6
53 59 6
53 58 15
53 58 6
53 58 6
53 58 6
53 58 6
53 57 15
53 57 6
53 57 6
53 57 6
53 57 6
53 56 15
53 56 6
53 56 6
53 56 6
53 55 15
53 55 6
53 55 6
53 55 6
53 54 15
53 54 6
53 54 6
52 54 15
52 54 6
52 54 6
52 53 15
52 53 6
51 53 15
51 53 6
50 53 15
50 53 6
50 52 15
50 51 15
49 51 15
48 51 15
47 51 15
46 51 15
45 51 15
45 51 6
44 51 15
44 51 6
43 51 15
43 51 6
43 51 6
43 51 6
42 50 15
42 50 6
42 50 6
42 50 6
42 50 6
42 49 15
42 49 6
42 49 6
42 48 15
42 48 6
42 47 15
42 46 15
42 45 15
42 44 15
42 43 15
42 42 15
42 41 15
41 40 15
40 40 15
40 39 15
39 39 15
39 38 15
39 37 15
39 36 15
39 35 15
38 35 15
37 35 15
36 35 15
35 35 15
35 35 6
34 35 15
34 35 6
