163 135 16
163 135 6
163 135 6
163 135 6
163 135 6
163 135 6
163 135 6
163 135 6
163 135 6
163 135 6
163 135 6
163 135 6
98 174 16
188 182 16
11 76 16
100 20 16
61 61 16
194 88 16
194 88 6
194 88 6
163 32 16
92 26 16
91 15 16
69 55 16
60 50 16
68 44 16
82 21 16
84 32 16
76 38 16
74 27 16
67 32 16
59 38 16
77 49 16
85 43 16
85 43 6
85 43 6
93 37 16
93 37 6
93 37 6
93 37 6
93 37 6
93 37 6
93 37 6
93 37 6
93 37 6
93 37 6
93 37 6
93 37 6
93 37 6
93 37 6
93 37 6
93 37 6
102 31 16
102 31 6
102 31 6
102 31 6
102 31 6
102 31 6
179 177 16
188 171 16
180 166 16
107 179 16
108 169 16
172 140 16
172 140 6
172 140 6
172 140 6
172 140 6
172 140 6
172 140 6
172 140 6
172 140 6
172 140 6
171 129 16
171 129 6
171 129 6
171 129 6
171 129 6
171 129 6
171 129 6
171 129 6
171 129 6
171 129 6
171 129 6
171 129 6
171 129 6
171 129 6
171 129 6
171 129 6
171 129 6
180 134 16
180 134 6
180 134 6
180 134 6
180 134 6
180 134 6
180 134 6
180 134 6
180 134 6
180 134 6
180 145 16
180 156 16
189 161 16
189 150 16
189 139 16
189 139 6
189 139 6
189 139 6
189 139 6
189 139 6
189 139 6
189 139 6
189 139 6
189 139 6
189 139 6
189 139 6
189 139 6
189 139 6
189 139 6
189 139 6
172 38 16
172 38 6
172 38 6
172 38 6
172 38 6
162 43 16
162 43 6
162 43 6
162 43 6
162 43 6
162 43 6
162 43 6
162 43 6
162 43 6
162 43 6
162 43 6
162 43 6
162 43 6
162 43 6
162 43 6
162 43 6
162 43 6
162 43 6
162 43 6
162 43 6
162 43 6
162 43 6
162 43 6
162 43 6
162 43 6
162 43 6
162 43 6
162 43 6
162 43 6
162 43 6
162 43 6
185 94 16
185 94 6
185 94 6
185 94 6
185 94 6
185 94 6
185 94 6
185 94 6
185 94 6
185 94 6
185 94 6
185 94 6
185 94 6
185 94 6
185 94 6
185 94 6
185 94 6
185 94 6
185 94 6
185 94 6
185 94 6
185 94 6
185 94 6
185 94 6
185 94 6
194 99 16
194 99 6
194 99 6
194 99 6
194 99 6
194 99 6
11 65 16
21 71 16
21 60 16
173 27 16
98 163 16
98 163 6
186 105 16
186 105 6
186 105 6
186 105 6
186 105 6
186 105 6
186 105 6
186 105 6
186 105 6
186 105 6
186 105 6
186 105 6
186 105 6
186 105 6
186 105 6
186 105 6
186 105 6
182 32 16
182 32 6
182 32 6
182 32 6
182 32 6
182 32 6
182 32 6
182 32 6
182 32 6
182 32 6
182 32 6
182 32 6
182 32 6
182 32 6
182 32 6
153 37 16
153 37 6
153 37 6
153 37 6
153 37 6
153 37 6
153 37 6
153 37 6
153 37 6
153 37 6
178 111 16
178 111 6
178 111 6
178 111 6
178 111 6
178 111 6
178 111 6
178 111 6
178 111 6
178 111 6
178 111 6
178 111 6
178 111 6
178 111 6
178 111 6
179 123 16
179 123 6
179 123 6
179 123 6
179 123 6
179 123 6
179 123 6
179 123 6
179 123 6
179 123 6
179 123 6
179 123 6
179 123 6
179 123 6
179 123 6
179 123 6
179 123 6
179 123 6
179 123 6
179 123 6
179 123 6
179 123 6
179 123 6
179 123 6
179 123 6
179 123 6
179 123 6
179 123 6
179 123 6
179 123 6
179 123 6
179 123 6
179 123 6
179 123 6
179 123 6
179 123 6
179 123 6
179 123 6
179 123 6
179 123 6
179 123 6
179 123 6
179 123 6
179 123 6
179 123 6
179 123 6
179 123 6
179 123 6
179 123 6
179 123 6
179 123 6
179 123 6
179 123 6
179 123 6
179 123 6
179 123 6
179 123 6
179 123 6
179 123 6
179 123 6
179 123 6
179 123 6
179 123 6
179 123 6
179 123 6
179 123 6
179 123 6
179 123 6
179 123 6
179 123 6
179 123 6
179 123 6
179 123 6
179 123 6
179 123 6
117 174 16
117 185 16
126 179 16
21 82 16
11 87 16
21 93 16
126 190 16
126 190 6
126 190 6
182 21 16
182 21 6
182 21 6
182 21 6
182 21 6
182 21 6
135 184 16
135 184 6
135 184 6
135 184 6
135 184 6
135 184 6
135 184 6
135 184 6
134 195 16
134 195 6
134 195 6
134 195 6
134 195 6
134 195 6
134 195 6
134 195 6
134 195 6
134 195 6
134 195 6
134 195 6
134 195 6
134 195 6
134 195 6
134 195 6
134 195 6
134 195 6
134 195 6
134 195 6
134 195 6
134 195 6
191 27 16
191 27 6
191 27 6
191 27 6
191 27 6
191 27 6
191 27 6
191 27 6
191 27 6
191 27 6
191 27 6
191 27 6
191 27 6
11 54 16
21 49 16
21 49 6
21 49 6
21 49 6
21 49 6
21 49 6
21 49 6
21 49 6
21 49 6
21 49 6
21 49 6
21 49 6
21 49 6
21 49 6
21 49 6
21 49 6
21 49 6
21 49 6
21 49 6
21 49 6
21 49 6
21 49 6
21 49 6
21 49 6
21 49 6
21 49 6
21 49 6
21 49 6
21 49 6
21 49 6
21 49 6
21 49 6
21 49 6
21 49 6
21 49 6
21 49 6
21 49 6
21 49 6
21 49 6
21 49 6
192 16 16
192 16 6
192 16 6
192 16 6
192 16 6
192 16 6
192 16 6
192 16 6
192 16 6
192 16 6
192 16 6
192 16 6
192 16 6
192 16 6
192 16 6
192 16 6
192 16 6
192 16 6
192 16 6
192 16 6
192 16 6
192 16 6
192 16 6
192 16 6
192 16 6
192 16 6
192 16 6
192 16 6
199 22 16
199 22 6
199 22 6
199 22 6
199 22 6
199 22 6
199 22 6
199 22 6
199 22 6
199 22 6
199 22 6
199 22 6
199 22 6
199 22 6
199 22 6
199 22 6
10 98 16
20 104 16
20 104 6
88 168 16
88 168 6
88 168 6
88 168 6
88 168 6
88 168 6
88 168 6
88 168 6
88 168 6
88 168 6
177 100 16
177 100 6
177 100 6
177 100 6
177 100 6
177 100 6
177 100 6
177 100 6
177 100 6
177 100 6
177 100 6
177 100 6
177 100 6
177 100 6
177 100 6
177 100 6
177 100 6
177 100 6
177 100 6
177 100 6
177 100 6
177 100 6
177 100 6
177 100 6
177 100 6
177 100 6
177 100 6
177 100 6
177 100 6
177 100 6
177 100 6
177 100 6
177 100 6
177 100 6
177 100 6
177 100 6
177 100 6
177 100 6
177 100 6
177 100 6
177 100 6
177 100 6
177 100 6
177 100 6
177 100 6
177 100 6
177 100 6
177 100 6
177 100 6
177 100 6
177 100 6
177 100 6
177 100 6
177 100 6
144 189 16
144 189 6
144 189 6
144 189 6
144 189 6
144 189 6
144 189 6
144 189 6
144 189 6
144 189 6
144 189 6
144 189 6
144 189 6
144 189 6
144 189 6
144 189 6
144 189 6
144 189 6
144 189 6
144 189 6
144 189 6
144 189 6
144 189 6
144 189 6
144 189 6
144 189 6
144 189 6
144 189 6
144 189 6
143 199 16
143 199 6
143 199 6
143 199 6
143 199 6
143 199 6
143 199 6
143 199 6
143 199 6
143 199 6
143 199 6
143 199 6
143 199 6
143 199 6
143 199 6
143 199 6
143 199 6
143 199 6
143 199 6
143 199 6
143 199 6
143 199 6
143 199 6
143 199 6
143 199 6
143 199 6
143 199 6
143 199 6
143 199 6
143 199 6
143 199 6
143 199 6
199 11 16
199 11 6
199 11 6
199 11 6
199 11 6
199 11 6
199 11 6
199 11 6
199 11 6
199 11 6
199 11 6
199 11 6
199 11 6
199 11 6
199 11 6
199 11 6
199 11 6
199 11 6
199 11 6
199 11 6
199 11 6
199 11 6
199 11 6
199 11 6
199 11 6
199 11 6
199 11 6
199 11 6
199 11 6
199 11 6
199 11 6
10 110 16
20 115 16
20 115 6
20 115 6
20 115 6
20 115 6
20 115 6
20 115 6
20 115 6
20 115 6
20 115 6
20 115 6
20 115 6
20 115 6
20 115 6
20 115 6
199 32 16
199 32 6
199 32 6
199 32 6
199 32 6
199 32 6
199 32 6
199 32 6
199 32 6
199 32 6
199 32 6
199 32 6
199 32 6
199 32 6
199 32 6
199 32 6
199 32 6
199 32 6
199 32 6
199 32 6
199 32 6
199 32 6
199 32 6
199 32 6
199 32 6
199 32 6
199 32 6
199 32 6
199 32 6
199 32 6
199 32 6
199 32 6
199 32 6
199 32 6
199 32 6
199 32 6
199 32 6
199 32 6
199 32 6
199 32 6
199 32 6
199 32 6
199 32 6
199 32 6
199 32 6
190 38 16
190 38 6
190 38 6
190 38 6
190 38 6
190 38 6
190 38 6
190 38 6
190 38 6
190 38 6
190 38 6
190 38 6
190 38 6
190 38 6
190 38 6
190 38 6
190 38 6
190 38 6
190 38 6
190 38 6
190 38 6
190 38 6
190 38 6
190 38 6
190 38 6
190 38 6
180 43 16
180 43 6
180 43 6
180 43 6
180 43 6
180 43 6
180 43 6
180 43 6
180 43 6
180 43 6
180 43 6
180 43 6
180 43 6
180 43 6
180 43 6
180 43 6
180 43 6
180 43 6
180 43 6
180 43 6
180 43 6
180 43 6
180 43 6
180 43 6
180 43 6
180 43 6
180 43 6
180 43 6
180 43 6
180 43 6
180 43 6
180 43 6
180 43 6
180 43 6
180 43 6
180 43 6
180 43 6
180 43 6
173 16 16
173 16 6
173 16 6
173 16 6
163 21 16
163 21 6
163 21 6
153 26 16
153 26 6
153 26 6
153 26 6
153 26 6
153 26 6
153 26 6
153 26 6
153 26 6
153 26 6
153 26 6
153 26 6
153 26 6
152 194 16
152 194 6
152 194 6
152 194 6
152 194 6
152 194 6
152 194 6
152 194 6
152 194 6
152 194 6
152 194 6
152 194 6
152 194 6
152 194 6
152 194 6
152 194 6
152 194 6
152 194 6
152 194 6
152 194 6
152 194 6
152 194 6
152 194 6
152 194 6
152 194 6
152 194 6
152 194 6
152 194 6
152 194 6
152 194 6
152 194 6
152 194 6
152 194 6
152 194 6
152 194 6
152 194 6
152 194 6
152 194 6
152 194 6
152 194 6
152 194 6
152 194 6
152 194 6
152 194 6
152 194 6
152 194 6
152 194 6
152 194 6
152 194 6
152 194 6
152 194 6
152 194 6
152 194 6
152 194 6
152 194 6
152 194 6
152 194 6
152 194 6
152 194 6
152 194 6
152 194 6
152 194 6
152 194 6
152 194 6
152 194 6
152 194 6
152 194 6
152 194 6
152 194 6
152 194 6
152 194 6
152 194 6
152 194 6
152 194 6
152 194 6
152 194 6
152 194 6
152 194 6
152 194 6
152 194 6
152 194 6
152 194 6
152 194 6
152 194 6
152 194 6
152 194 6
152 194 6
152 194 6
152 194 6
152 194 6
152 194 6
152 194 6
152 194 6
152 194 6
152 194 6
152 194 6
152 194 6
152 194 6
152 194 6
152 194 6
152 194 6
152 194 6
152 194 6
10 121 16
10 121 6
10 121 6
10 121 6
170 118 16
170 118 6
170 118 6
170 118 6
170 118 6
170 118 6
170 118 6
170 118 6
170 118 6
170 118 6
162 124 16
162 124 6
162 124 6
162 124 6
162 124 6
162 124 6
162 124 6
162 124 6
162 124 6
162 124 6
162 124 6
162 124 6
162 124 6
162 124 6
162 124 6
162 124 6
162 124 6
162 124 6
162 124 6
162 124 6
162 124 6
162 124 6
162 124 6
162 124 6
162 124 6
162 124 6
162 124 6
162 124 6
162 124 6
162 124 6
162 124 6
162 124 6
162 124 6
162 124 6
162 124 6
162 124 6
169 106 16
169 106 6
169 106 6
169 106 6
169 106 6
169 106 6
169 106 6
169 106 6
169 106 6
169 106 6
169 106 6
169 106 6
169 106 6
169 106 6
169 106 6
169 106 6
169 106 6
169 106 6
161 112 16
161 112 6
161 112 6
161 112 6
161 112 6
161 112 6
161 112 6
161 112 6
161 112 6
161 112 6
88 157 16
88 157 6
88 157 6
88 157 6
88 157 6
88 157 6
88 157 6
88 157 6
88 157 6
88 157 6
88 157 6
88 157 6
88 157 6
88 157 6
88 157 6
88 157 6
88 157 6
88 157 6
88 157 6
88 157 6
88 157 6
88 157 6
88 157 6
88 157 6
88 157 6
88 157 6
88 157 6
88 157 6
88 157 6
88 157 6
88 157 6
88 157 6
88 157 6
182 10 16
182 10 6
182 10 6
182 10 6
182 10 6
182 10 6
182 10 6
182 10 6
182 10 6
182 10 6
182 10 6
182 10 6
182 10 6
192 5 16
192 5 6
192 5 6
192 5 6
192 5 6
192 5 6
192 5 6
192 5 6
192 5 6
192 5 6
192 5 6
192 5 6
192 5 6
192 5 6
192 5 6
192 5 6
192 5 6
192 5 6
192 5 6
192 5 6
192 5 6
192 5 6
192 5 6
192 5 6
192 5 6
192 5 6
192 5 6
192 5 6
192 5 6
192 5 6
192 5 6
192 5 6
192 5 6
192 5 6
192 5 6
192 5 6
192 5 6
192 5 6
192 5 6
192 5 6
192 5 6
192 5 6
192 5 6
192 5 6
192 5 6
192 5 6
192 5 6
192 5 6
192 5 6
192 5 6
192 5 6
192 5 6
192 5 6
192 5 6
192 5 6
192 5 6
192 5 6
192 5 6
192 5 6
192 5 6
192 5 6
192 5 6
192 5 6
192 5 6
192 5 6
192 5 6
51 55 16
50 44 16
50 44 6
41 49 16
31 55 16
31 55 6
171 49 16
171 49 6
171 49 6
171 49 6
171 49 6
171 49 6
171 49 6
171 49 6
171 49 6
171 49 6
171 49 6
171 49 6
42 60 16
32 66 16
78 162 16
78 162 6
78 162 6
78 162 6
78 162 6
78 162 6
78 162 6
78 162 6
78 162 6
78 162 6
78 162 6
78 162 6
78 162 6
78 162 6
78 162 6
78 162 6
78 162 6
78 162 6
78 162 6
78 162 6
78 162 6
78 162 6
78 162 6
78 162 6
78 162 6
78 162 6
78 162 6
78 162 6
78 162 6
78 162 6
78 162 6
78 162 6
78 162 6
78 162 6
78 162 6
78 162 6
78 162 6
78 162 6
78 162 6
78 162 6
78 162 6
78 162 6
78 162 6
78 162 6
78 162 6
78 162 6
78 162 6
78 162 6
78 162 6
78 162 6
172 151 16
163 146 16
163 146 6
163 146 6
163 146 6
163 146 6
163 146 6
163 146 6
163 146 6
163 146 6
163 146 6
163 146 6
163 146 6
163 146 6
163 146 6
163 146 6
163 146 6
163 146 6
163 146 6
163 146 6
163 146 6
163 146 6
163 146 6
163 146 6
163 146 6
163 146 6
163 146 6
163 146 6
163 146 6
163 146 6
163 146 6
163 146 6
163 146 6
163 146 6
163 146 6
163 146 6
163 146 6
163 146 6
163 146 6
163 146 6
163 146 6
163 146 6
163 146 6
163 146 6
163 146 6
163 146 6
163 146 6
163 146 6
163 146 6
163 146 6
163 146 6
163 146 6
163 146 6
163 146 6
163 146 6
163 146 6
163 146 6
163 146 6
163 146 6
163 146 6
163 146 6
163 146 6
163 146 6
163 146 6
163 146 6
163 146 6
171 162 16
171 172 16
163 167 16
163 157 16
163 157 6
144 179 16
144 179 6
144 179 6
144 179 6
144 179 6
144 179 6
153 173 16
153 173 6
153 173 6
153 173 6
153 173 6
153 173 6
153 173 6
153 173 6
153 173 6
173 5 16
173 5 6
173 5 6
173 5 6
173 5 6
173 5 6
173 5 6
173 5 6
173 5 6
173 5 6
173 5 6
173 5 6
173 5 6
173 5 6
173 5 6
173 5 6
173 5 6
173 5 6
173 5 6
173 5 6
173 5 6
173 5 6
173 5 6
173 5 6
173 5 6
173 5 6
173 5 6
173 5 6
173 5 6
173 5 6
173 5 6
173 5 6
173 5 6
173 5 6
173 5 6
173 5 6
173 5 6
173 5 6
173 5 6
173 5 6
173 5 6
173 5 6
173 5 6
173 5 6
173 5 6
173 5 6
173 5 6
173 5 6
173 5 6
173 5 6
173 5 6
173 5 6
173 5 6
173 5 6
173 5 6
173 5 6
173 5 6
173 5 6
173 5 6
173 5 6
173 5 6
173 5 6
173 5 6
173 5 6
173 5 6
173 5 6
173 5 6
173 5 6
173 5 6
173 5 6
173 5 6
173 5 6
173 5 6
173 5 6
173 5 6
173 5 6
173 5 6
173 5 6
173 5 6
173 5 6
173 5 6
173 5 6
173 5 6
173 5 6
173 5 6
173 5 6
173 5 6
173 5 6
173 5 6
173 5 6
173 5 6
173 5 6
173 5 6
173 5 6
173 5 6
173 5 6
173 5 6
173 5 6
173 5 6
173 5 6
173 5 6
173 5 6
173 5 6
173 5 6
173 5 6
173 5 6
173 5 6
173 5 6
173 5 6
173 5 6
173 5 6
173 5 6
173 5 6
173 5 6
173 5 6
173 5 6
173 5 6
173 5 6
173 5 6
173 5 6
173 5 6
173 5 6
173 5 6
173 5 6
173 5 6
173 5 6
173 5 6
173 5 6
173 5 6
173 5 6
173 5 6
173 5 6
173 5 6
173 5 6
173 5 6
173 5 6
173 5 6
173 5 6
173 5 6
173 5 6
173 5 6
173 5 6
173 5 6
173 5 6
173 5 6
173 5 6
173 5 6
173 5 6
173 5 6
173 5 6
173 5 6
173 5 6
173 5 6
173 5 6
173 5 6
173 5 6
173 5 6
173 5 6
173 5 6
173 5 6
173 5 6
173 5 6
173 5 6
173 5 6
173 5 6
173 5 6
173 5 6
173 5 6
173 5 6
173 5 6
173 5 6
173 5 6
173 5 6
173 5 6
179 54 16
179 54 6
179 54 6
179 54 6
179 54 6
179 54 6
179 54 6
179 54 6
179 54 6
179 54 6
179 54 6
179 54 6
179 54 6
179 54 6
179 54 6
179 54 6
179 54 6
179 54 6
179 54 6
179 54 6
179 54 6
179 54 6
179 54 6
179 54 6
179 54 6
179 54 6
179 54 6
179 54 6
179 54 6
179 54 6
179 54 6
179 54 6
179 54 6
179 54 6
179 54 6
179 54 6
179 54 6
179 54 6
179 54 6
179 54 6
179 54 6
179 54 6
179 54 6
179 54 6
179 54 6
179 54 6
179 54 6
179 54 6
179 54 6
179 54 6
179 54 6
179 54 6
179 54 6
179 54 6
179 54 6
179 54 6
179 54 6
179 54 6
179 54 6
179 54 6
179 54 6
179 54 6
179 54 6
179 54 6
179 54 6
179 54 6
179 54 6
179 54 6
179 54 6
179 54 6
179 54 6
179 54 6
179 54 6
179 54 6
179 54 6
179 54 6
179 54 6
179 54 6
179 54 6
179 54 6
179 54 6
179 54 6
179 54 6
179 54 6
179 54 6
179 54 6
179 54 6
179 54 6
179 54 6
179 54 6
179 54 6
179 54 6
179 54 6
179 54 6
179 54 6
179 54 6
179 54 6
179 54 6
179 54 6
179 54 6
179 54 6
179 54 6
179 54 6
179 54 6
179 54 6
179 54 6
179 54 6
179 54 6
179 54 6
179 54 6
179 54 6
179 54 6
179 54 6
179 54 6
179 54 6
179 54 6
179 54 6
179 54 6
179 54 6
179 54 6
179 54 6
179 54 6
179 54 6
179 54 6
179 54 6
179 54 6
179 54 6
179 54 6
179 54 6
179 54 6
179 54 6
179 54 6
179 54 6
179 54 6
179 54 6
179 54 6
179 54 6
179 54 6
179 54 6
179 54 6
179 54 6
179 54 6
179 54 6
179 54 6
179 54 6
179 54 6
179 54 6
179 54 6
179 54 6
179 54 6
179 54 6
179 54 6
179 54 6
179 54 6
179 54 6
179 54 6
179 54 6
179 54 6
179 54 6
179 54 6
179 54 6
179 54 6
179 54 6
179 54 6
179 54 6
179 54 6
179 54 6
179 54 6
179 54 6
179 54 6
179 54 6
179 54 6
179 54 6
179 54 6
179 54 6
179 54 6
179 54 6
179 54 6
161 54 16
161 54 6
161 54 6
161 54 6
161 54 6
161 54 6
161 54 6
161 54 6
161 54 6
161 54 6
161 54 6
161 54 6
161 54 6
161 54 6
161 54 6
161 54 6
161 54 6
161 54 6
161 54 6
161 54 6
161 54 6
161 54 6
161 54 6
161 54 6
161 54 6
161 54 6
161 54 6
161 54 6
161 54 6
161 54 6
161 54 6
161 54 6
161 54 6
161 54 6
161 54 6
161 54 6
161 54 6
161 54 6
161 54 6
161 54 6
161 54 6
161 54 6
161 54 6
161 54 6
161 54 6
161 54 6
161 54 6
161 54 6
161 54 6
161 54 6
161 54 6
161 54 6
161 54 6
161 54 6
161 54 6
161 54 6
161 54 6
161 54 6
161 54 6
161 54 6
161 54 6
161 54 6
161 54 6
161 54 6
161 54 6
161 54 6
161 54 6
161 54 6
161 54 6
161 54 6
161 54 6
161 54 6
161 54 6
161 54 6
161 54 6
161 54 6
161 54 6
161 54 6
161 54 6
161 54 6
161 54 6
161 54 6
161 54 6
161 54 6
161 54 6
161 54 6
161 54 6
161 54 6
161 54 6
161 54 6
161 54 6
161 54 6
161 54 6
161 54 6
161 54 6
161 54 6
161 54 6
161 54 6
161 54 6
161 54 6
161 54 6
161 54 6
161 54 6
161 54 6
161 54 6
142 32 16
142 32 6
142 32 6
142 32 6
142 32 6
142 32 6
142 32 6
142 32 6
142 32 6
142 32 6
142 32 6
142 32 6
142 32 6
142 32 6
142 32 6
142 32 6
142 32 6
142 32 6
142 32 6
142 32 6
142 32 6
142 32 6
142 32 6
142 32 6
142 32 6
142 32 6
142 32 6
142 32 6
142 32 6
142 32 6
142 32 6
142 32 6
142 32 6
142 32 6
142 32 6
142 32 6
142 32 6
142 32 6
142 32 6
142 32 6
142 32 6
142 32 6
142 32 6
142 32 6
142 32 6
142 32 6
142 32 6
142 32 6
142 32 6
142 32 6
142 32 6
142 32 6
142 32 6
142 32 6
142 32 6
142 32 6
142 32 6
142 32 6
142 32 6
142 32 6
142 32 6
142 32 6
142 32 6
142 32 6
142 32 6
142 32 6
142 32 6
142 32 6
142 32 6
142 32 6
142 32 6
142 32 6
142 32 6
142 32 6
142 32 6
142 32 6
142 32 6
142 32 6
142 32 6
142 32 6
142 32 6
142 32 6
142 32 6
142 32 6
142 43 16
142 43 6
142 43 6
142 43 6
142 43 6
142 43 6
142 43 6
142 43 6
142 43 6
142 43 6
142 43 6
142 43 6
142 43 6
142 43 6
142 43 6
142 43 6
142 43 6
142 43 6
142 43 6
142 43 6
142 43 6
142 43 6
142 43 6
142 43 6
142 43 6
142 43 6
142 43 6
142 43 6
142 43 6
142 43 6
142 43 6
142 43 6
142 43 6
142 43 6
142 43 6
142 43 6
142 43 6
142 43 6
142 43 6
142 43 6
142 43 6
142 43 6
142 43 6
142 43 6
142 43 6
142 43 6
142 43 6
142 43 6
142 43 6
142 43 6
142 43 6
142 43 6
142 43 6
142 43 6
142 43 6
142 43 6
142 43 6
142 43 6
142 43 6
142 43 6
142 43 6
142 43 6
142 43 6
142 43 6
142 43 6
142 43 6
142 43 6
142 43 6
142 43 6
142 43 6
142 43 6
142 43 6
142 43 6
142 43 6
142 43 6
142 43 6
142 43 6
142 43 6
142 43 6
142 43 6
142 43 6
142 43 6
142 43 6
142 43 6
142 43 6
142 43 6
142 43 6
142 43 6
142 43 6
142 43 6
142 43 6
142 43 6
142 43 6
142 43 6
142 43 6
142 43 6
142 43 6
142 43 6
142 43 6
142 43 6
142 43 6
142 43 6
142 43 6
142 43 6
142 43 6
142 43 6
142 43 6
142 43 6
142 43 6
142 43 6
142 43 6
142 43 6
142 43 6
142 43 6
142 43 6
142 43 6
142 43 6
142 43 6
142 43 6
142 43 6
142 43 6
142 43 6
142 43 6
142 43 6
142 43 6
142 43 6
142 43 6
152 49 16
152 49 6
152 49 6
152 49 6
152 49 6
152 49 6
152 49 6
152 49 6
152 49 6
152 49 6
152 49 6
152 49 6
152 49 6
152 49 6
152 49 6
152 49 6
152 49 6
152 49 6
152 49 6
152 49 6
152 49 6
152 49 6
152 49 6
152 49 6
152 49 6
152 49 6
152 49 6
152 49 6
152 49 6
152 49 6
152 49 6
152 49 6
152 49 6
152 49 6
152 49 6
152 49 6
152 49 6
152 49 6
152 49 6
152 49 6
152 49 6
152 49 6
152 49 6
152 49 6
152 49 6
152 49 6
152 49 6
152 49 6
152 49 6
152 49 6
152 49 6
152 49 6
152 49 6
152 49 6
152 49 6
152 49 6
152 49 6
152 49 6
152 49 6
152 49 6
152 49 6
152 49 6
152 49 6
152 49 6
152 49 6
152 49 6
152 49 6
152 49 6
152 49 6
152 49 6
152 49 6
152 49 6
152 49 6
152 49 6
152 49 6
152 49 6
152 49 6
152 49 6
152 49 6
152 49 6
152 49 6
152 49 6
152 49 6
152 49 6
152 49 6
152 49 6
152 49 6
152 49 6
152 49 6
152 49 6
152 49 6
152 49 6
152 49 6
152 49 6
152 49 6
152 49 6
152 49 6
152 49 6
152 49 6
152 49 6
152 49 6
152 49 6
152 49 6
152 49 6
152 49 6
152 49 6
152 49 6
152 49 6
152 49 6
152 49 6
152 49 6
152 49 6
152 49 6
152 49 6
152 49 6
152 49 6
152 49 6
152 49 6
152 49 6
152 49 6
152 49 6
152 49 6
152 49 6
152 49 6
152 49 6
152 49 6
152 49 6
152 49 6
152 49 6
152 49 6
152 49 6
152 49 6
152 49 6
152 49 6
152 49 6
152 49 6
152 49 6
152 49 6
152 49 6
152 49 6
152 49 6
152 49 6
152 49 6
152 49 6
152 49 6
152 49 6
152 49 6
152 49 6
152 49 6
152 49 6
152 49 6
152 49 6
152 49 6
152 49 6
152 49 6
152 49 6
152 49 6
152 49 6
52 66 16
42 71 16
31 77 16
162 178 16
162 178 6
153 184 16
153 184 6
153 184 6
153 184 6
153 184 6
153 184 6
153 184 6
153 184 6
199 0 16
199 0 6
199 0 6
199 0 6
199 0 6
199 0 6
199 0 6
199 0 6
199 0 6
199 0 6
199 0 6
199 0 6
199 0 6
199 0 6
199 0 6
199 0 6
199 0 6
199 0 6
199 0 6
199 0 6
199 0 6
199 0 6
199 0 6
199 0 6
199 0 6
199 0 6
199 0 6
199 0 6
199 0 6
199 0 6
199 0 6
199 0 6
199 0 6
199 0 6
199 0 6
198 43 16
198 43 6
198 43 6
198 43 6
198 43 6
198 43 6
198 43 6
198 43 6
198 43 6
198 43 6
198 43 6
198 43 6
198 43 6
198 43 6
198 43 6
198 43 6
198 43 6
198 43 6
198 43 6
198 43 6
198 43 6
198 43 6
198 43 6
198 43 6
198 43 6
198 43 6
198 43 6
198 43 6
198 43 6
198 43 6
198 43 6
198 43 6
198 43 6
198 43 6
198 43 6
198 43 6
198 43 6
198 43 6
198 43 6
198 43 6
198 43 6
198 43 6
198 43 6
198 43 6
198 43 6
198 43 6
198 43 6
198 43 6
198 43 6
198 43 6
198 43 6
198 43 6
198 43 6
198 43 6
198 43 6
198 43 6
198 43 6
198 43 6
198 43 6
198 43 6
198 43 6
198 43 6
198 43 6
198 43 6
198 43 6
198 43 6
198 43 6
198 43 6
198 43 6
198 43 6
198 43 6
198 43 6
198 43 6
198 43 6
198 43 6
198 43 6
198 43 6
198 43 6
198 43 6
198 43 6
198 43 6
198 43 6
198 43 6
198 43 6
198 43 6
198 43 6
198 43 6
198 43 6
198 43 6
198 43 6
198 43 6
198 43 6
198 43 6
198 43 6
198 43 6
198 43 6
198 43 6
198 43 6
198 43 6
198 43 6
198 43 6
198 43 6
198 43 6
198 43 6
198 43 6
198 43 6
198 43 6
198 43 6
198 43 6
198 43 6
198 43 6
198 43 6
198 43 6
198 43 6
198 43 6
198 43 6
198 43 6
198 43 6
198 43 6
198 43 6
198 43 6
198 43 6
198 43 6
198 43 6
198 43 6
198 43 6
198 43 6
198 43 6
198 43 6
198 43 6
198 43 6
198 43 6
198 43 6
198 43 6
198 43 6
198 43 6
198 43 6
198 43 6
198 43 6
198 43 6
198 43 6
198 43 6
198 43 6
198 43 6
198 43 6
198 43 6
198 43 6
198 43 6
198 43 6
198 43 6
198 43 6
198 43 6
198 43 6
198 43 6
198 43 6
198 43 6
198 43 6
198 43 6
198 43 6
198 43 6
198 43 6
198 43 6
198 43 6
198 43 6
198 43 6
198 43 6
198 43 6
198 43 6
198 43 6
31 44 16
31 44 6
31 44 6
31 44 6
31 44 6
31 44 6
31 44 6
31 44 6
31 44 6
31 44 6
31 44 6
31 44 6
31 44 6
31 44 6
31 44 6
31 44 6
31 44 6
31 44 6
31 44 6
31 44 6
31 44 6
31 44 6
31 44 6
31 44 6
31 44 6
31 44 6
31 44 6
31 44 6
31 44 6
31 44 6
31 44 6
31 44 6
31 44 6
31 44 6
31 44 6
31 44 6
31 44 6
31 44 6
31 44 6
31 44 6
31 44 6
31 44 6
31 44 6
31 44 6
31 44 6
31 44 6
31 44 6
31 44 6
31 44 6
31 44 6
40 38 16
40 38 6
40 38 6
40 38 6
40 38 6
40 38 6
40 38 6
40 38 6
49 33 16
49 33 6
49 33 6
49 33 6
49 33 6
49 33 6
49 33 6
49 33 6
49 33 6
49 33 6
49 33 6
49 33 6
57 27 16
57 27 6
57 27 6
65 21 16
65 21 6
73 15 16
73 15 6
73 15 6
73 15 6
81 9 16
153 15 16
153 15 6
153 15 6
153 15 6
153 15 6
153 15 6
153 15 6
153 15 6
153 15 6
153 15 6
153 15 6
153 15 6
153 15 6
153 15 6
153 15 6
153 15 6
153 15 6
153 15 6
153 15 6
142 20 16
142 20 6
142 20 6
142 20 6
142 20 6
142 20 6
142 20 6
142 20 6
142 20 6
142 20 6
142 20 6
142 20 6
142 20 6
142 20 6
142 20 6
142 20 6
142 20 6
142 20 6
142 20 6
142 20 6
142 9 16
142 9 6
142 9 6
142 9 6
142 9 6
142 9 6
142 9 6
142 9 6
142 9 6
142 9 6
142 9 6
152 4 16
152 4 6
152 4 6
152 4 6
152 4 6
152 4 6
152 4 6
152 4 6
152 4 6
152 4 6
152 4 6
152 4 6
152 4 6
152 4 6
152 4 6
152 4 6
152 4 6
152 4 6
152 4 6
152 4 6
152 4 6
152 4 6
152 4 6
152 4 6
152 4 6
152 4 6
142 0 16
142 0 6
142 0 6
142 0 6
142 0 6
142 0 6
142 0 6
142 0 6
142 0 6
142 0 6
142 0 6
136 174 16
136 174 6
136 174 6
136 174 6
136 174 6
136 174 6
136 174 6
136 174 6
136 174 6
136 174 6
136 174 6
136 174 6
136 174 6
136 174 6
136 174 6
136 174 6
136 174 6
136 174 6
136 174 6
136 174 6
136 174 6
136 174 6
136 174 6
136 174 6
136 174 6
136 174 6
136 174 6
136 174 6
136 174 6
136 174 6
136 174 6
136 174 6
136 174 6
136 174 6
136 174 6
136 174 6
136 174 6
136 174 6
154 162 16
154 162 6
154 162 6
154 162 6
154 162 6
154 162 6
154 162 6
154 162 6
154 162 6
154 162 6
154 162 6
154 162 6
154 162 6
154 162 6
154 162 6
154 162 6
154 162 6
145 168 16
145 168 6
145 168 6
145 168 6
145 168 6
145 168 6
145 168 6
145 168 6
145 168 6
145 168 6
145 168 6
145 168 6
145 168 6
145 168 6
145 168 6
145 168 6
145 168 6
145 168 6
145 168 6
145 168 6
145 168 6
145 168 6
145 168 6
145 168 6
145 168 6
145 168 6
145 168 6
145 168 6
145 168 6
145 168 6
145 168 6
145 168 6
145 168 6
145 168 6
145 168 6
145 168 6
145 168 6
145 168 6
145 168 6
145 168 6
145 168 6
145 168 6
145 168 6
145 168 6
145 168 6
145 168 6
145 168 6
145 168 6
145 168 6
145 168 6
145 168 6
170 183 16
170 183 6
170 183 6
161 188 16
161 188 6
161 188 6
161 188 6
161 188 6
161 188 6
161 188 6
161 188 6
161 188 6
161 188 6
161 188 6
161 188 6
161 188 6
161 188 6
161 188 6
161 188 6
161 188 6
161 188 6
161 188 6
161 188 6
161 188 6
161 188 6
161 188 6
161 188 6
161 188 6
161 188 6
161 188 6
161 188 6
161 188 6
161 188 6
161 188 6
161 188 6
161 188 6
161 188 6
161 188 6
161 188 6
161 188 6
161 188 6
161 188 6
161 188 6
161 188 6
161 188 6
161 188 6
161 188 6
161 188 6
161 188 6
161 188 6
161 188 6
161 188 6
161 188 6
161 188 6
161 188 6
161 188 6
161 188 6
161 188 6
161 188 6
161 188 6
161 188 6
161 188 6
161 188 6
161 188 6
161 188 6
161 188 6
161 188 6
161 188 6
161 188 6
179 188 16
179 188 6
179 188 6
179 188 6
179 188 6
179 188 6
179 188 6
179 188 6
179 188 6
179 188 6
179 188 6
179 188 6
179 188 6
179 188 6
179 188 6
179 188 6
179 188 6
179 188 6
179 188 6
179 188 6
179 188 6
179 188 6
179 188 6
179 188 6
179 188 6
179 188 6
179 188 6
179 188 6
179 188 6
179 188 6
179 188 6
179 188 6
179 188 6
179 188 6
179 188 6
179 188 6
179 188 6
179 188 6
179 188 6
179 188 6
179 188 6
179 188 6
179 188 6
179 188 6
179 188 6
179 188 6
179 188 6
179 188 6
179 188 6
179 188 6
179 188 6
179 188 6
179 188 6
179 188 6
179 188 6
179 188 6
179 188 6
179 188 6
31 88 16
31 88 6
31 88 6
42 83 16
42 83 6
42 83 6
42 83 6
42 83 6
52 77 16
61 72 16
70 67 16
79 61 16
79 61 6
87 55 16
87 55 6
87 55 6
87 55 6
87 55 6
87 55 6
87 55 6
87 55 6
87 55 6
87 55 6
87 55 6
87 55 6
87 55 6
87 55 6
87 55 6
87 55 6
87 55 6
87 55 6
87 55 6
87 55 6
87 55 6
87 55 6
87 55 6
87 55 6
87 55 6
87 55 6
87 55 6
87 55 6
87 55 6
87 55 6
163 10 127
163 10 6
163 10 6
163 10 6
163 10 6
163 10 6
163 10 6
163 10 6
163 10 6
131 4 16
131 4 6
131 4 6
131 15 16
131 15 6
131 15 6
131 15 6
131 15 6
131 15 6
131 15 6
131 15 6
132 26 16
132 26 6
132 26 6
132 26 6
132 26 6
132 26 6
132 26 6
132 26 6
132 26 6
132 26 6
132 26 6
132 26 6
132 26 6
132 26 6
132 26 6
132 26 6
132 26 6
132 26 6
132 26 6
132 26 6
132 26 6
132 26 6
132 26 6
132 26 6
132 26 6
132 26 6
132 26 6
132 26 6
132 26 6
132 26 6
132 26 6
132 26 6
132 26 6
132 26 6
132 26 6
132 26 6
132 26 6
132 26 6
132 26 6
132 26 6
132 26 6
132 26 6
132 26 6
132 26 6
132 26 6
132 26 6
132 26 6
132 26 6
132 26 6
132 26 6
132 26 6
132 26 6
132 26 6
132 26 6
132 26 6
132 26 6
132 26 6
132 26 6
132 26 6
132 26 6
132 26 6
132 26 6
132 26 6
132 26 6
132 26 6
132 26 6
132 26 6
132 26 6
132 26 6
132 26 6
132 26 6
132 26 6
132 26 6
132 26 6
132 26 6
132 26 6
132 26 6
132 26 6
132 26 6
132 26 6
132 26 6
132 26 6
132 26 6
132 26 6
132 26 6
132 26 6
132 26 6
132 26 6
132 26 6
132 26 6
132 26 6
132 26 6
132 26 6
132 26 6
132 26 6
132 26 6
132 26 6
132 26 6
132 26 6
121 20 16
121 20 6
121 20 6
121 20 6
121 20 6
121 20 6
121 20 6
121 20 6
121 20 6
121 20 6
121 20 6
121 20 6
121 20 6
121 20 6
121 20 6
121 20 6
121 20 6
121 20 6
121 20 6
121 20 6
121 20 6
121 20 6
121 20 6
121 20 6
121 20 6
121 20 6
121 20 6
121 20 6
111 26 16
111 26 6
111 26 6
111 26 6
111 26 6
111 26 6
111 26 6
111 26 6
111 26 6
111 26 6
111 26 6
111 26 6
111 26 6
111 26 6
197 176 16
198 166 16
198 155 16
198 155 6
198 155 6
198 155 6
198 144 16
198 144 6
198 144 6
198 144 6
198 144 6
198 144 6
198 144 6
198 144 6
198 144 6
198 144 6
198 144 6
198 144 6
198 144 6
198 144 6
198 144 6
198 144 6
198 144 6
198 144 6
198 144 6
198 144 6
198 144 6
197 187 16
197 187 6
197 187 6
197 187 6
197 187 6
197 187 6
197 187 6
197 187 6
197 187 6
197 187 6
197 187 6
197 187 6
197 187 6
197 187 6
197 187 6
197 187 6
197 187 6
197 187 6
197 187 6
197 187 6
197 187 6
197 187 6
197 187 6
197 187 6
197 187 6
197 187 6
197 187 6
197 187 6
197 187 6
197 187 6
197 187 6
197 187 6
197 187 6
197 187 6
197 187 6
197 187 6
197 187 6
197 187 6
197 187 6
197 187 6
197 187 6
197 187 6
197 187 6
197 187 6
197 187 6
197 187 6
197 187 6
197 187 6
197 187 6
197 187 6
197 187 6
197 187 6
197 187 6
197 187 6
197 187 6
197 187 6
197 187 6
197 187 6
197 187 6
197 187 6
127 169 16
127 169 6
127 169 6
127 169 6
127 169 6
117 163 16
117 163 6
117 163 6
117 163 6
127 158 16
127 158 6
127 158 6
127 158 6
127 158 6
127 158 6
127 158 6
127 158 6
127 158 6
127 158 6
127 158 6
127 158 6
127 158 6
127 158 6
127 158 6
127 158 6
127 158 6
127 158 6
127 158 6
127 158 6
127 158 6
127 158 6
127 158 6
127 158 6
127 158 6
127 158 6
127 158 6
127 158 6
127 158 6
127 158 6
127 158 6
127 158 6
127 158 6
127 158 6
127 158 6
127 158 6
127 158 6
127 158 6
127 158 6
127 158 6
127 158 6
127 158 6
127 158 6
127 158 6
127 158 6
127 158 6
127 158 6
127 158 6
127 158 6
127 158 6
127 158 6
127 158 6
127 158 6
127 158 6
127 158 6
127 158 6
127 158 6
127 158 6
127 158 6
127 158 6
127 158 6
127 158 6
127 158 6
127 158 6
127 158 6
127 158 6
127 158 6
127 158 6
127 158 6
127 158 6
127 158 6
127 158 6
127 158 6
127 158 6
127 158 6
127 158 6
127 158 6
127 158 6
127 158 6
127 158 6
127 158 6
127 158 6
127 158 6
127 158 6
136 163 16
136 163 6
136 163 6
136 163 6
136 163 6
136 163 6
136 163 6
136 163 6
136 163 6
136 163 6
136 163 6
136 163 6
136 163 6
145 157 16
145 157 6
145 157 6
145 157 6
145 157 6
145 157 6
145 157 6
145 157 6
145 157 6
145 157 6
145 157 6
145 157 6
145 157 6
145 157 6
145 157 6
145 157 6
145 157 6
145 157 6
145 157 6
145 157 6
145 157 6
145 157 6
145 157 6
145 157 6
145 157 6
145 157 6
145 157 6
145 157 6
145 157 6
145 157 6
145 157 6
145 157 6
145 157 6
145 157 6
145 157 6
145 157 6
145 157 6
145 157 6
145 157 6
145 157 6
145 157 6
145 157 6
145 157 6
145 157 6
145 157 6
145 157 6
145 157 6
145 157 6
145 157 6
145 157 6
145 157 6
145 157 6
145 157 6
145 157 6
145 157 6
145 157 6
145 157 6
145 157 6
145 157 6
145 157 6
145 157 6
145 157 6
145 157 6
145 157 6
145 157 6
145 157 6
145 157 6
145 157 6
145 157 6
108 157 16
108 157 6
108 157 6
108 157 6
108 157 6
108 157 6
108 157 6
108 157 6
154 152 16
154 152 6
154 152 6
154 152 6
154 152 6
154 152 6
154 152 6
154 152 6
154 152 6
154 152 6
154 152 6
154 152 6
154 152 6
154 152 6
154 152 6
154 152 6
154 152 6
154 152 6
154 152 6
154 152 6
154 152 6
154 152 6
154 152 6
154 152 6
154 152 6
154 152 6
154 152 6
154 152 6
154 152 6
154 152 6
154 152 6
154 152 6
154 152 6
154 152 6
154 152 6
154 152 6
154 152 6
154 152 6
154 152 6
154 152 6
154 152 6
154 152 6
154 152 6
154 152 6
154 152 6
154 152 6
154 152 6
154 152 6
154 152 6
154 152 6
154 152 6
154 152 6
154 152 6
154 152 6
98 152 16
98 152 6
98 152 6
98 152 6
98 152 6
98 152 6
98 152 6
98 152 6
98 152 6
98 152 6
98 152 6
98 152 6
98 152 6
98 152 6
98 152 6
98 152 6
98 152 6
98 152 6
98 152 6
98 152 6
98 152 6
154 141 16
154 141 6
154 141 6
154 141 6
154 141 6
154 141 6
154 141 6
154 141 6
154 141 6
154 141 6
154 141 6
154 141 6
154 141 6
154 141 6
154 141 6
154 141 6
154 141 6
154 141 6
154 141 6
154 141 6
154 141 6
154 141 6
154 141 6
154 141 6
154 141 6
154 141 6
154 141 6
154 141 6
154 141 6
154 141 6
154 141 6
154 141 6
154 141 6
154 141 6
154 141 6
154 141 6
154 141 6
154 141 6
154 141 6
154 141 6
154 141 6
154 141 6
154 141 6
154 141 6
154 141 6
154 141 6
154 141 6
154 141 6
154 141 6
154 141 6
154 141 6
154 141 6
154 141 6
154 141 6
154 141 6
154 141 6
154 141 6
154 141 6
154 141 6
154 141 6
154 141 6
154 141 6
154 141 6
154 141 6
154 141 6
154 141 6
154 141 6
154 141 6
154 141 6
154 141 6
154 141 6
154 141 6
154 141 6
154 141 6
154 141 6
154 141 6
154 141 6
154 141 6
154 141 6
154 141 6
154 141 6
154 141 6
154 141 6
154 141 6
154 141 6
154 141 6
154 141 6
154 141 6
154 141 6
154 141 6
154 141 6
154 141 6
154 141 6
154 141 6
154 141 6
154 130 16
154 130 6
154 130 6
154 130 6
154 130 6
154 130 6
154 130 6
154 130 6
154 130 6
154 130 6
154 130 6
154 130 6
154 130 6
154 130 6
154 130 6
154 130 6
154 130 6
154 130 6
154 130 6
154 130 6
154 130 6
154 130 6
154 130 6
154 130 6
154 130 6
154 130 6
154 130 6
154 130 6
154 130 6
154 130 6
154 130 6
154 130 6
153 118 16
153 118 6
153 118 6
153 118 6
153 118 6
153 118 6
153 118 6
145 124 16
145 124 6
145 124 6
145 124 6
145 124 6
145 124 6
145 124 6
145 124 6
145 124 6
145 124 6
145 124 6
145 124 6
145 124 6
145 124 6
145 124 6
145 124 6
145 124 6
145 124 6
145 124 6
144 112 16
152 107 16
152 107 6
152 107 6
152 107 6
152 107 6
160 100 16
160 100 6
160 100 6
160 100 6
160 100 6
160 100 6
160 100 6
160 100 6
160 100 6
160 100 6
160 100 6
160 100 6
160 100 6
160 100 6
160 100 6
160 100 6
160 100 6
160 100 6
160 100 6
160 100 6
160 100 6
160 100 6
160 100 6
160 100 6
160 100 6
160 100 6
160 100 6
160 100 6
160 100 6
160 100 6
160 100 6
160 100 6
160 100 6
160 100 6
160 100 6
160 100 6
160 100 6
160 100 6
160 100 6
160 100 6
160 100 6
160 100 6
160 100 6
160 100 6
160 100 6
160 100 6
160 100 6
160 100 6
160 100 6
160 100 6
160 100 6
160 100 6
160 100 6
160 100 6
160 100 6
160 100 6
160 100 6
160 100 6
160 100 6
160 100 6
160 100 6
160 100 6
160 100 6
160 100 6
160 100 6
160 100 6
160 100 6
160 100 6
160 100 6
160 100 6
160 100 6
160 100 6
160 100 6
160 100 6
160 100 6
160 100 6
160 100 6
160 100 6
160 100 6
160 100 6
160 100 6
160 100 6
160 100 6
160 100 6
160 100 6
160 100 6
160 100 6
160 100 6
160 100 6
160 100 6
160 100 6
160 100 6
160 100 6
160 100 6
160 100 6
160 100 6
160 100 6
160 100 6
98 185 16
107 190 16
116 195 16
116 195 6
116 195 6
116 195 6
116 195 6
125 199 16
125 199 6
125 199 6
125 199 6
125 199 6
125 199 6
125 199 6
125 199 6
125 199 6
88 179 16
78 173 16
78 173 6
78 173 6
78 173 6
78 173 6
78 173 6
106 199 16
106 199 6
97 196 16
88 190 16
78 184 16
87 199 16
78 195 16
110 14 16
120 9 16
100 9 16
90 4 16
100 0 16
110 3 16
120 0 16
188 128 16
188 128 6
188 128 6
188 128 6
188 128 6
188 128 6
188 128 6
188 128 6
188 128 6
188 128 6
188 128 6
188 128 6
188 128 6
188 128 6
188 128 6
188 128 6
188 128 6
188 128 6
188 128 6
188 128 6
188 128 6
188 128 6
188 128 6
188 128 6
188 128 6
188 128 6
188 128 6
188 128 6
188 128 6
188 128 6
188 128 6
188 128 6
188 128 6
197 133 16
197 133 6
197 133 6
197 133 6
197 133 6
197 133 6
197 133 6
197 133 6
197 133 6
197 133 6
197 133 6
197 133 6
197 133 6
197 133 6
197 133 6
197 133 6
197 133 6
197 133 6
197 133 6
197 133 6
197 133 6
197 133 6
197 133 6
197 133 6
197 133 6
197 133 6
197 133 6
197 133 6
197 133 6
197 133 6
197 133 6
197 133 6
197 133 6
197 133 6
197 133 6
197 133 6
197 133 6
197 133 6
197 133 6
197 133 6
197 133 6
197 133 6
197 133 6
197 133 6
197 133 6
197 133 6
197 133 6
197 133 6
197 133 6
197 133 6
197 133 6
197 133 6
197 133 6
197 133 6
197 133 6
197 133 6
197 133 6
197 133 6
197 133 6
197 133 6
197 133 6
197 133 6
197 133 6
197 133 6
197 133 6
197 133 6
197 133 6
197 133 6
197 133 6
197 133 6
197 133 6
197 133 6
197 133 6
197 133 6
197 133 6
197 133 6
197 133 6
197 133 6
197 133 6
197 133 6
197 133 6
197 133 6
197 133 6
197 133 6
197 133 6
197 133 6
197 133 6
197 133 6
197 133 6
197 133 6
197 133 6
197 133 6
197 133 6
197 133 6
197 133 6
187 117 16
187 117 6
187 117 6
187 117 6
187 117 6
187 117 6
187 117 6
187 117 6
187 117 6
187 117 6
187 117 6
187 117 6
187 117 6
187 117 6
187 117 6
187 117 6
187 117 6
187 117 6
187 117 6
187 117 6
187 117 6
187 117 6
187 117 6
187 117 6
187 117 6
187 117 6
187 117 6
187 117 6
187 117 6
187 117 6
187 117 6
187 117 6
195 111 16
195 111 6
195 111 6
195 111 6
195 111 6
195 111 6
195 111 6
195 111 6
195 111 6
195 111 6
195 111 6
195 111 6
195 111 6
195 111 6
195 111 6
195 111 6
195 111 6
195 111 6
195 111 6
195 111 6
195 111 6
195 111 6
195 111 6
195 111 6
195 111 6
195 111 6
195 111 6
195 111 6
195 111 6
195 111 6
195 111 6
195 111 6
195 111 6
195 111 6
195 111 6
195 111 6
195 111 6
195 111 6
195 111 6
195 111 6
195 111 6
195 111 6
195 111 6
195 111 6
195 111 6
195 111 6
195 111 6
195 111 6
195 111 6
195 111 6
195 111 6
195 111 6
195 111 6
195 111 6
195 111 6
195 111 6
195 111 6
196 122 16
196 122 6
196 122 6
196 122 6
196 122 6
196 122 6
196 122 6
196 122 6
196 122 6
196 122 6
196 122 6
196 122 6
196 122 6
196 122 6
196 122 6
196 122 6
196 122 6
196 122 6
196 122 6
196 122 6
196 122 6
196 122 6
196 122 6
196 122 6
196 122 6
196 122 6
196 122 6
196 122 6
196 122 6
196 122 6
196 122 6
196 122 6
196 122 6
196 122 6
196 122 6
196 122 6
196 122 6
196 122 6
196 122 6
196 122 6
196 122 6
196 122 6
196 122 6
196 122 6
196 122 6
196 122 6
196 122 6
196 122 6
196 122 6
196 122 6
196 122 6
196 122 6
196 122 6
196 122 6
196 122 6
196 122 6
196 122 6
196 122 6
196 122 6
196 122 6
196 122 6
196 122 6
196 122 6
196 122 6
196 122 6
196 122 6
196 122 6
196 122 6
196 122 6
196 122 6
196 122 6
196 122 6
196 122 6
196 122 6
196 122 6
196 122 6
196 122 6
196 122 6
196 122 6
196 122 6
196 122 6
196 122 6
196 122 6
196 122 6
196 122 6
196 122 6
196 122 6
196 122 6
196 122 6
196 122 6
196 122 6
196 122 6
196 122 6
196 122 6
196 122 6
196 122 6
196 122 6
196 122 6
196 122 6
196 122 6
196 122 6
196 122 6
196 122 6
196 122 6
196 122 6
196 122 6
196 122 6
196 122 6
196 122 6
196 122 6
196 122 6
196 122 6
196 122 6
196 122 6
196 122 6
196 122 6
196 122 6
31 99 16
31 99 6
31 99 6
31 99 6
31 99 6
31 99 6
31 99 6
31 99 6
31 99 6
41 94 16
41 94 6
41 94 6
41 94 6
41 94 6
41 94 6
41 94 6
41 94 6
41 94 6
41 94 6
41 94 6
41 94 6
41 94 6
41 94 6
41 94 6
41 94 6
41 94 6
41 94 6
41 94 6
51 88 16
51 88 6
51 88 6
51 88 6
51 88 6
51 88 6
51 88 6
51 88 6
51 88 6
51 88 6
61 83 16
71 78 16
80 72 16
88 66 16
88 66 6
88 66 6
88 66 6
88 66 6
88 66 6
88 66 6
88 66 6
188 193 16
188 193 6
188 193 6
188 193 6
188 193 6
188 193 6
188 193 6
188 193 6
188 193 6
188 193 6
188 193 6
188 193 6
188 193 6
188 193 6
188 193 6
188 193 6
188 193 6
188 193 6
188 193 6
188 193 6
188 193 6
188 193 6
188 193 6
188 193 6
188 193 6
188 193 6
188 193 6
188 193 6
188 193 6
188 193 6
188 193 6
188 193 6
188 193 6
188 193 6
188 193 6
188 193 6
188 193 6
188 193 6
188 193 6
188 193 6
188 193 6
188 193 6
188 193 6
188 193 6
188 193 6
188 193 6
188 193 6
188 193 6
188 193 6
188 193 6
188 193 6
188 193 6
188 193 6
188 193 6
188 193 6
188 193 6
188 193 6
188 193 6
188 193 6
188 193 6
188 193 6
188 193 6
188 193 6
188 193 6
188 193 6
188 193 6
188 193 6
188 193 6
188 193 6
188 193 6
188 193 6
188 193 6
188 193 6
188 193 6
188 193 6
188 193 6
188 193 6
188 193 6
188 193 6
188 193 6
188 193 6
188 193 6
188 193 6
188 193 6
188 193 6
188 193 6
188 193 6
188 193 6
188 193 6
188 193 6
188 193 6
188 193 6
188 193 6
188 193 6
188 193 6
188 193 6
188 193 6
188 193 6
188 193 6
188 193 6
188 193 6
188 193 6
188 193 6
188 193 6
188 193 6
188 193 6
188 193 6
188 193 6
188 193 6
188 193 6
188 193 6
188 193 6
188 193 6
188 193 6
188 193 6
188 193 6
188 193 6
188 193 6
188 193 6
188 193 6
188 193 6
188 193 6
188 193 6
188 193 6
188 193 6
188 193 6
188 193 6
188 193 6
188 193 6
188 193 6
188 193 6
188 193 6
188 193 6
188 193 6
188 193 6
188 193 6
188 193 6
188 193 6
188 193 6
188 193 6
188 193 6
188 193 6
188 193 6
188 193 6
188 193 6
188 193 6
188 193 6
188 193 6
188 193 6
188 193 6
188 193 6
188 193 6
188 193 6
188 193 6
188 193 6
188 193 6
188 193 6
188 193 6
188 193 6
188 193 6
188 193 6
188 193 6
188 193 6
188 193 6
188 193 6
188 193 6
188 193 6
188 193 6
188 193 6
188 193 6
188 193 6
188 193 6
188 193 6
188 193 6
188 193 6
188 193 6
170 193 16
170 193 6
170 193 6
170 193 6
170 193 6
170 193 6
170 193 6
170 193 6
170 193 6
170 193 6
170 193 6
170 193 6
170 193 6
170 193 6
170 193 6
170 193 6
170 193 6
170 193 6
170 193 6
170 193 6
170 193 6
170 193 6
170 193 6
170 193 6
170 193 6
170 193 6
170 193 6
170 193 6
170 193 6
170 193 6
170 193 6
170 193 6
170 193 6
170 193 6
170 193 6
170 193 6
170 193 6
170 193 6
170 193 6
170 193 6
170 193 6
170 193 6
170 193 6
170 193 6
170 193 6
170 193 6
170 193 6
170 193 6
170 193 6
170 193 6
170 193 6
170 193 6
170 193 6
170 193 6
170 193 6
170 193 6
170 193 6
170 193 6
170 193 6
170 193 6
170 193 6
170 193 6
170 193 6
170 193 6
170 193 6
170 193 6
170 193 6
170 193 6
170 193 6
170 193 6
170 193 6
170 193 6
170 193 6
170 193 6
170 193 6
170 193 6
170 193 6
170 193 6
170 193 6
170 193 6
170 193 6
170 193 6
170 193 6
170 193 6
170 193 6
170 193 6
170 193 6
170 193 6
170 193 6
170 193 6
170 193 6
170 193 6
170 193 6
170 193 6
170 193 6
170 193 6
170 193 6
170 193 6
170 193 6
170 193 6
170 193 6
170 193 6
170 193 6
170 193 6
170 193 6
170 193 6
170 193 6
170 193 6
170 193 6
170 193 6
170 193 6
170 193 6
170 193 6
170 193 6
170 193 6
170 193 6
170 193 6
170 193 6
170 193 6
170 193 6
170 193 6
170 193 6
170 193 6
170 193 6
170 193 6
170 193 6
170 193 6
170 193 6
170 193 6
170 193 6
170 193 6
170 193 6
170 193 6
170 193 6
170 193 6
170 193 6
170 193 6
170 193 6
170 193 6
170 193 6
170 193 6
170 193 6
170 193 6
170 193 6
170 193 6
170 193 6
145 135 16
145 135 6
145 135 6
145 135 6
145 135 6
145 135 6
145 135 6
145 135 6
145 135 6
145 135 6
145 135 6
145 135 6
145 135 6
145 135 6
145 135 6
145 135 6
145 135 6
145 135 6
145 135 6
145 135 6
145 135 6
145 135 6
145 135 6
145 135 6
145 135 6
145 135 6
145 135 6
145 135 6
145 135 6
145 135 6
145 135 6
145 135 6
145 135 6
145 135 6
145 135 6
145 135 6
145 135 6
145 135 6
145 135 6
145 135 6
145 135 6
145 135 6
145 135 6
145 135 6
145 135 6
145 135 6
145 135 6
145 135 6
145 135 6
145 135 6
145 135 6
145 135 6
145 135 6
145 135 6
145 135 6
145 135 6
145 135 6
145 135 6
145 135 6
145 135 6
145 135 6
145 135 6
145 135 6
145 135 6
145 135 6
145 135 6
145 135 6
145 135 6
145 135 6
145 135 6
145 135 6
145 135 6
145 135 6
145 135 6
145 135 6
145 135 6
145 135 6
145 135 6
145 135 6
145 135 6
145 135 6
145 135 6
145 135 6
145 135 6
145 135 6
145 135 6
145 135 6
145 135 6
145 135 6
145 135 6
145 135 6
145 135 6
145 135 6
145 135 6
145 135 6
145 135 6
145 135 6
145 135 6
145 135 6
145 135 6
145 135 6
145 135 6
145 135 6
145 135 6
145 135 6
145 135 6
145 135 6
145 135 6
145 135 6
145 135 6
145 135 6
145 135 6
145 135 6
145 135 6
145 135 6
145 135 6
145 135 6
145 135 6
145 135 6
145 135 6
145 135 6
145 135 6
145 135 6
145 135 6
145 135 6
145 135 6
145 135 6
145 135 6
145 135 6
145 135 6
145 135 6
145 135 6
145 135 6
145 135 6
145 135 6
145 135 6
145 135 6
145 135 6
145 135 6
145 135 6
145 135 6
145 135 6
145 135 6
145 135 6
145 135 6
145 135 6
145 135 6
145 135 6
145 135 6
145 135 6
145 135 6
145 135 6
145 135 6
145 135 6
145 135 6
30 110 16
30 110 6
30 110 6
30 110 6
30 110 6
30 110 6
30 110 6
30 110 6
30 110 6
30 110 6
30 110 6
30 110 6
30 110 6
30 110 6
30 110 6
30 110 6
30 110 6
30 110 6
30 110 6
30 110 6
30 110 6
30 110 6
40 105 16
40 105 6
40 105 6
40 105 6
40 105 6
40 105 6
40 105 6
40 105 6
40 105 6
40 105 6
40 105 6
40 105 6
40 105 6
40 105 6
40 105 6
40 105 6
40 105 6
40 105 6
40 105 6
40 105 6
40 105 6
40 105 6
40 105 6
40 105 6
40 105 6
40 105 6
40 105 6
40 105 6
40 105 6
40 105 6
40 105 6
40 105 6
40 105 6
40 105 6
40 105 6
40 105 6
40 105 6
40 105 6
40 105 6
40 105 6
40 105 6
40 105 6
40 105 6
40 105 6
40 105 6
40 105 6
40 105 6
40 105 6
40 105 6
40 105 6
40 105 6
40 105 6
40 105 6
40 105 6
40 105 6
40 105 6
40 105 6
40 105 6
40 105 6
40 105 6
40 105 6
40 105 6
40 105 6
40 105 6
40 105 6
40 105 6
40 105 6
40 105 6
40 105 6
40 105 6
40 105 6
40 105 6
40 105 6
40 105 6
40 105 6
40 105 6
40 105 6
40 105 6
40 105 6
40 105 6
40 105 6
40 105 6
40 105 6
40 105 6
40 105 6
40 105 6
40 105 6
40 105 6
40 105 6
40 105 6
40 105 6
40 105 6
40 105 6
40 105 6
40 105 6
40 105 6
40 105 6
40 105 6
40 105 6
40 105 6
40 105 6
40 105 6
40 105 6
185 82 16
185 82 6
185 82 6
185 82 6
185 82 6
185 82 6
185 82 6
185 82 6
185 82 6
185 82 6
185 82 6
185 82 6
185 82 6
185 82 6
185 82 6
185 82 6
185 82 6
185 82 6
185 82 6
185 82 6
185 82 6
185 82 6
185 82 6
185 82 6
185 82 6
185 82 6
185 82 6
185 82 6
185 82 6
185 82 6
185 82 6
185 82 6
185 82 6
185 82 6
185 82 6
185 82 6
185 82 6
185 82 6
185 82 6
185 82 6
185 82 6
185 82 6
185 82 6
185 82 6
185 82 6
185 82 6
185 82 6
185 82 6
185 82 6
185 82 6
185 82 6
185 82 6
185 82 6
185 82 6
185 82 6
185 82 6
185 82 6
185 82 6
185 82 6
185 82 6
185 82 6
185 82 6
185 82 6
185 82 6
185 82 6
185 82 6
185 82 6
185 82 6
185 82 6
185 82 6
185 82 6
185 82 6
185 82 6
185 82 6
185 82 6
185 82 6
185 82 6
177 88 16
177 88 6
177 88 6
177 88 6
177 88 6
177 88 6
177 88 6
177 88 6
177 88 6
177 88 6
177 88 6
177 88 6
177 88 6
177 88 6
177 88 6
177 88 6
177 88 6
177 88 6
177 88 6
177 88 6
177 88 6
177 88 6
177 88 6
177 88 6
177 88 6
177 88 6
177 88 6
177 88 6
177 88 6
177 88 6
177 88 6
177 88 6
177 88 6
177 88 6
177 88 6
177 88 6
177 88 6
177 88 6
177 88 6
177 88 6
177 88 6
177 88 6
177 88 6
177 88 6
177 88 6
177 88 6
177 88 6
177 88 6
177 88 6
177 88 6
177 88 6
177 88 6
177 88 6
177 88 6
177 88 6
177 88 6
177 88 6
177 88 6
177 88 6
177 88 6
177 88 6
177 88 6
177 88 6
177 88 6
177 88 6
177 88 6
177 88 6
177 88 6
177 88 6
177 88 6
177 88 6
177 88 6
177 88 6
177 88 6
177 88 6
177 88 6
177 88 6
177 88 6
177 88 6
177 88 6
177 88 6
177 88 6
177 88 6
177 88 6
177 88 6
177 88 6
177 88 6
177 88 6
177 88 6
177 88 6
177 88 6
177 88 6
177 88 6
177 88 6
177 88 6
177 88 6
177 88 6
177 88 6
177 88 6
177 88 6
177 88 6
177 88 6
177 88 6
177 88 6
177 88 6
177 88 6
177 88 6
177 88 6
177 88 6
177 88 6
177 88 6
177 88 6
177 88 6
177 88 6
177 88 6
177 88 6
177 88 6
135 118 16
135 118 6
135 118 6
135 118 6
135 118 6
135 118 6
135 118 6
135 118 6
135 118 6
135 107 16
135 107 6
135 107 6
143 101 16
143 101 6
143 101 6
143 101 6
143 101 6
143 101 6
143 101 6
143 101 6
126 112 16
126 112 6
126 112 6
126 112 6
126 112 6
126 112 6
126 112 6
126 112 6
126 112 6
126 112 6
126 112 6
126 112 6
126 112 6
126 112 6
126 112 6
126 112 6
126 112 6
126 112 6
126 112 6
126 112 6
152 95 16
152 95 6
152 95 6
152 95 6
152 95 6
152 95 6
152 95 6
152 95 6
152 95 6
152 95 6
152 95 6
152 95 6
152 95 6
152 95 6
152 95 6
152 95 6
152 95 6
152 95 6
152 95 6
152 95 6
152 95 6
152 95 6
152 95 6
152 95 6
152 95 6
152 95 6
152 95 6
152 95 6
152 95 6
152 95 6
152 95 6
152 95 6
152 95 6
152 95 6
152 95 6
152 95 6
152 95 6
152 95 6
81 0 16
81 0 6
81 0 6
81 0 6
81 0 6
81 0 6
81 0 6
72 4 16
72 4 6
72 4 6
72 4 6
72 4 6
72 4 6
72 4 6
72 4 6
72 4 6
72 4 6
72 4 6
72 4 6
72 4 6
72 4 6
72 4 6
64 10 16
64 10 6
64 10 6
64 10 6
64 10 6
64 10 6
64 10 6
64 10 6
64 10 6
64 10 6
64 10 6
64 10 6
64 10 6
64 10 6
64 10 6
64 10 6
64 10 6
64 10 6
64 10 6
64 10 6
64 10 6
64 10 6
64 10 6
64 10 6
64 10 6
64 10 6
64 10 6
64 10 6
64 10 6
64 10 6
64 10 6
64 10 6
64 10 6
64 10 6
64 10 6
64 10 6
64 10 6
64 10 6
64 10 6
64 10 6
64 10 6
64 10 6
64 10 6
64 10 6
64 10 6
64 10 6
64 10 6
64 10 6
64 10 6
64 10 6
64 10 6
64 10 6
64 10 6
64 10 6
64 10 6
64 10 6
64 10 6
64 10 6
64 10 6
64 10 6
64 10 6
64 10 6
64 10 6
56 16 16
56 16 6
56 16 6
56 16 6
56 16 6
56 16 6
56 16 6
56 16 6
56 16 6
56 16 6
56 16 6
56 16 6
56 16 6
56 16 6
56 16 6
56 16 6
56 16 6
56 16 6
56 16 6
56 16 6
56 16 6
56 16 6
56 16 6
56 16 6
56 16 6
56 16 6
56 16 6
56 16 6
56 16 6
56 16 6
56 16 6
56 16 6
56 16 6
56 16 6
56 16 6
56 16 6
56 16 6
56 16 6
56 16 6
56 16 6
56 16 6
56 16 6
56 16 6
56 16 6
56 16 6
56 16 6
56 16 6
56 16 6
56 16 6
56 16 6
56 16 6
56 16 6
56 16 6
56 16 6
56 16 6
56 16 6
56 16 6
56 16 6
56 16 6
56 16 6
56 16 6
56 16 6
56 16 6
56 16 6
56 16 6
56 16 6
56 16 6
56 16 6
56 16 6
56 16 6
56 16 6
56 16 6
56 16 6
56 16 6
56 16 6
56 16 6
56 16 6
56 16 6
56 16 6
56 16 6
56 16 6
56 16 6
56 16 6
56 16 6
56 16 6
56 16 6
56 16 6
56 16 6
56 16 6
56 16 6
56 16 6
56 16 6
56 16 6
56 16 6
56 16 6
56 16 6
56 16 6
56 16 6
56 16 6
56 16 6
56 16 6
56 16 6
56 16 6
56 16 6
56 16 6
56 16 6
56 16 6
56 16 6
56 16 6
56 16 6
56 16 6
56 16 6
56 16 6
56 16 6
56 16 6
56 16 6
56 16 6
56 16 6
56 16 6
56 16 6
56 16 6
56 16 6
56 16 6
56 16 6
56 16 6
56 16 6
56 16 6
56 16 6
56 16 6
56 16 6
56 16 6
56 16 6
56 16 6
56 16 6
56 16 6
56 16 6
56 16 6
56 16 6
56 16 6
56 16 6
56 16 6
56 16 6
56 16 6
56 16 6
56 16 6
56 16 6
56 16 6
56 16 6
56 16 6
56 16 6
56 16 6
143 89 16
143 89 6
143 89 6
143 89 6
143 89 6
143 89 6
143 89 6
143 89 6
143 89 6
143 89 6
143 89 6
143 89 6
143 89 6
143 89 6
143 89 6
143 89 6
143 89 6
143 89 6
143 89 6
143 89 6
143 89 6
143 89 6
143 89 6
143 89 6
143 89 6
143 89 6
143 89 6
143 89 6
143 89 6
143 89 6
143 89 6
143 89 6
143 89 6
143 89 6
143 89 6
143 89 6
143 89 6
143 89 6
143 89 6
143 89 6
143 89 6
143 89 6
143 89 6
143 89 6
143 89 6
143 89 6
143 89 6
143 89 6
143 89 6
143 89 6
143 89 6
143 89 6
143 89 6
143 89 6
143 89 6
143 89 6
143 89 6
143 89 6
143 89 6
143 89 6
143 89 6
143 89 6
143 89 6
143 89 6
143 89 6
143 89 6
143 89 6
143 89 6
143 89 6
143 89 6
143 89 6
143 89 6
143 89 6
143 89 6
143 89 6
143 89 6
143 89 6
143 89 6
143 89 6
143 89 6
143 89 6
143 89 6
143 89 6
143 89 6
143 89 6
143 89 6
143 89 6
143 89 6
143 89 6
143 89 6
143 89 6
143 89 6
143 89 6
143 89 6
143 89 6
143 89 6
143 89 6
143 89 6
143 89 6
143 89 6
143 89 6
134 95 16
134 95 6
134 95 6
134 95 6
134 95 6
134 95 6
134 95 6
134 95 6
134 95 6
134 95 6
134 95 6
125 101 16
125 101 6
125 101 6
125 101 6
125 101 6
125 101 6
125 101 6
125 101 6
125 101 6
125 101 6
125 101 6
125 101 6
95 49 16
95 49 6
95 49 6
95 49 6
95 49 6
95 49 6
95 49 6
95 49 6
95 49 6
95 49 6
95 49 6
95 49 6
95 49 6
95 49 6
95 49 6
95 49 6
95 49 6
95 49 6
95 49 6
95 49 6
95 49 6
95 49 6
95 49 6
95 49 6
95 49 6
95 49 6
95 49 6
95 49 6
95 49 6
95 49 6
95 49 6
95 49 6
95 49 6
95 49 6
95 49 6
95 49 6
95 49 6
95 49 6
95 49 6
95 49 6
95 49 6
95 49 6
95 49 6
95 49 6
95 49 6
95 49 6
95 49 6
95 49 6
95 49 6
95 49 6
95 49 6
95 49 6
95 49 6
95 49 6
95 49 6
95 49 6
95 49 6
95 49 6
95 49 6
96 60 16
96 60 6
96 60 6
96 60 6
96 60 6
96 60 6
96 60 6
96 60 6
96 60 6
96 60 6
96 60 6
96 60 6
96 60 6
96 60 6
96 60 6
96 60 6
96 60 6
96 60 6
96 60 6
96 60 6
96 60 6
96 60 6
96 60 6
96 60 6
96 60 6
96 60 6
96 60 6
96 60 6
96 60 6
96 60 6
96 60 6
96 60 6
96 60 6
96 60 6
96 60 6
96 60 6
96 60 6
96 60 6
96 60 6
96 60 6
96 60 6
96 60 6
96 60 6
96 60 6
96 60 6
96 60 6
96 60 6
103 43 16
103 43 6
103 43 6
103 43 6
103 43 6
103 43 6
103 43 6
103 43 6
103 43 6
103 43 6
103 43 6
103 43 6
103 43 6
103 43 6
103 43 6
103 43 6
103 43 6
103 43 6
103 43 6
103 43 6
103 43 6
103 43 6
103 43 6
103 43 6
103 43 6
103 43 6
103 43 6
103 43 6
103 43 6
103 43 6
103 43 6
103 43 6
103 43 6
103 43 6
103 43 6
103 43 6
103 43 6
103 43 6
103 43 6
103 43 6
103 43 6
103 43 6
103 43 6
103 43 6
103 43 6
103 43 6
103 43 6
103 43 6
103 43 6
103 43 6
103 43 6
103 43 6
103 43 6
103 43 6
103 43 6
103 43 6
103 43 6
112 37 16
112 37 6
112 37 6
112 37 6
112 37 6
112 37 6
112 37 6
112 37 6
112 37 6
112 37 6
112 37 6
112 37 6
112 37 6
112 37 6
112 37 6
112 37 6
112 37 6
112 37 6
112 37 6
112 37 6
112 37 6
112 37 6
112 37 6
112 37 6
112 37 6
112 37 6
112 37 6
112 37 6
112 37 6
112 37 6
112 37 6
112 37 6
112 37 6
112 37 6
112 37 6
112 37 6
112 37 6
112 37 6
112 37 6
112 37 6
112 37 6
112 37 6
112 37 6
112 37 6
112 37 6
112 37 6
112 37 6
112 37 6
112 37 6
112 37 6
112 37 6
112 37 6
112 37 6
112 37 6
112 37 6
112 37 6
112 37 6
112 37 6
112 37 6
112 37 6
112 37 6
112 37 6
112 37 6
112 37 6
112 37 6
112 37 6
112 37 6
112 37 6
112 37 6
112 37 6
112 37 6
112 37 6
112 37 6
112 37 6
112 37 6
112 37 6
112 37 6
112 37 6
112 37 6
112 37 6
112 37 6
112 37 6
112 37 6
112 37 6
112 37 6
112 37 6
112 37 6
112 37 6
112 37 6
112 37 6
112 37 6
112 37 6
112 37 6
112 37 6
112 37 6
112 37 6
112 37 6
112 37 6
112 37 6
112 37 6
112 37 6
112 37 6
112 37 6
112 37 6
112 37 6
112 37 6
112 37 6
112 37 6
112 37 6
112 37 6
112 37 6
112 37 6
112 37 6
112 37 6
112 37 6
112 37 6
112 37 6
112 37 6
112 37 6
112 37 6
112 37 6
112 37 6
112 37 6
112 37 6
112 37 6
112 37 6
112 37 6
112 37 6
112 37 6
112 37 6
112 37 6
112 37 6
112 37 6
112 37 6
112 37 6
112 37 6
112 37 6
112 37 6
112 37 6
112 37 6
112 37 6
112 37 6
112 37 6
112 37 6
112 37 6
112 37 6
112 37 6
112 37 6
112 37 6
112 37 6
104 54 16
104 54 6
104 54 6
104 54 6
104 54 6
104 54 6
104 54 6
104 54 6
104 54 6
104 54 6
104 54 6
104 54 6
104 54 6
104 54 6
104 54 6
104 54 6
104 54 6
104 54 6
104 54 6
104 54 6
104 54 6
104 54 6
104 54 6
104 54 6
104 54 6
104 54 6
104 54 6
104 54 6
104 54 6
104 54 6
104 54 6
104 54 6
104 54 6
104 54 6
104 54 6
104 54 6
104 54 6
104 54 6
104 54 6
104 54 6
104 54 6
104 54 6
104 54 6
104 54 6
104 54 6
104 54 6
104 54 6
104 54 6
104 54 6
104 54 6
104 54 6
104 54 6
104 54 6
104 54 6
104 54 6
104 54 6
104 54 6
104 54 6
104 54 6
104 54 6
104 54 6
104 54 6
104 54 6
104 54 6
104 54 6
104 54 6
104 54 6
104 54 6
104 54 6
104 54 6
104 54 6
104 54 6
104 54 6
104 54 6
104 54 6
104 54 6
104 54 6
104 54 6
104 54 6
104 54 6
104 54 6
104 54 6
104 54 6
104 54 6
104 54 6
104 54 6
104 54 6
104 54 6
104 54 6
104 54 6
104 54 6
104 54 6
104 54 6
104 54 6
104 54 6
104 54 6
104 54 6
104 54 6
104 54 6
104 54 6
104 54 6
104 54 6
104 54 6
104 54 6
104 54 6
104 54 6
104 54 6
104 54 6
104 54 6
104 54 6
104 54 6
104 54 6
104 54 6
104 54 6
104 54 6
104 54 6
104 54 6
104 54 6
104 54 6
104 54 6
104 54 6
104 54 6
104 54 6
104 54 6
104 54 6
104 54 6
104 54 6
104 54 6
104 54 6
104 54 6
104 54 6
104 54 6
104 54 6
104 54 6
104 54 6
104 54 6
104 54 6
104 54 6
104 54 6
104 54 6
104 54 6
104 54 6
104 54 6
104 54 6
104 54 6
104 54 6
104 54 6
104 54 6
104 54 6
125 89 16
125 89 6
125 89 6
125 89 6
125 89 6
125 89 6
125 89 6
125 89 6
125 89 6
125 89 6
125 89 6
125 89 6
125 89 6
125 89 6
125 89 6
125 89 6
125 89 6
125 89 6
125 89 6
125 89 6
116 95 16
116 95 6
116 95 6
116 95 6
116 95 6
116 95 6
116 95 6
116 95 6
116 95 6
116 95 6
116 95 6
116 95 6
116 95 6
116 95 6
116 95 6
116 95 6
116 95 6
116 95 6
116 95 6
116 95 6
116 95 6
116 95 6
116 95 6
116 95 6
116 95 6
116 95 6
116 95 6
116 95 6
116 95 6
116 95 6
116 95 6
116 95 6
116 95 6
116 95 6
116 95 6
116 95 6
116 95 6
116 95 6
116 95 6
116 95 6
116 95 6
116 95 6
116 95 6
116 95 6
116 95 6
116 95 6
116 95 6
116 95 6
116 95 6
116 95 6
116 95 6
116 95 6
116 95 6
116 95 6
116 95 6
116 95 6
116 106 16
116 106 6
116 106 6
116 106 6
116 106 6
116 106 6
116 106 6
116 106 6
116 106 6
116 106 6
116 106 6
116 106 6
116 106 6
116 106 6
116 106 6
116 106 6
116 106 6
116 106 6
116 106 6
116 106 6
116 106 6
116 106 6
116 106 6
116 106 6
116 106 6
116 106 6
116 106 6
116 106 6
116 106 6
116 106 6
116 106 6
116 106 6
116 106 6
116 106 6
116 106 6
116 106 6
116 106 6
116 106 6
116 106 6
116 106 6
116 106 6
116 106 6
116 106 6
116 106 6
116 106 6
116 106 6
116 106 6
116 106 6
116 106 6
116 106 6
116 106 6
116 106 6
116 106 6
116 106 6
116 106 6
116 106 6
116 106 6
116 106 6
116 106 6
116 106 6
116 106 6
116 106 6
116 106 6
116 106 6
116 106 6
116 106 6
116 106 6
116 106 6
116 106 6
116 106 6
116 106 6
116 106 6
116 106 6
116 106 6
116 106 6
116 106 6
116 106 6
116 106 6
116 106 6
116 106 6
116 106 6
116 106 6
116 106 6
116 106 6
116 106 6
116 106 6
116 106 6
116 106 6
116 106 6
116 106 6
116 106 6
116 106 6
116 106 6
116 106 6
116 106 6
116 106 6
116 106 6
116 106 6
116 106 6
116 106 6
116 106 6
116 106 6
116 106 6
116 106 6
116 106 6
116 106 6
116 106 6
116 106 6
116 106 6
116 106 6
116 106 6
116 106 6
116 106 6
116 106 6
116 106 6
116 106 6
116 106 6
116 106 6
116 106 6
116 106 6
116 106 6
116 106 6
116 106 6
116 106 6
116 106 6
116 106 6
116 106 6
116 106 6
116 106 6
116 106 6
116 106 6
116 106 6
68 189 16
68 189 6
68 179 16
68 179 6
68 167 16
68 167 6
68 167 6
68 167 6
68 167 6
68 167 6
68 199 16
68 199 6
68 199 6
68 199 6
68 199 6
68 199 6
68 199 6
68 199 6
68 199 6
59 173 16
58 184 16
58 184 6
58 184 6
58 184 6
58 195 16
58 195 6
58 195 6
58 195 6
58 195 6
58 195 6
58 195 6
58 195 6
58 195 6
58 195 6
58 195 6
58 195 6
58 195 6
58 195 6
58 195 6
58 195 6
58 195 6
58 195 6
58 195 6
58 195 6
58 195 6
58 195 6
58 195 6
58 195 6
58 195 6
58 195 6
58 195 6
58 195 6
58 195 6
58 195 6
58 195 6
58 195 6
58 195 6
58 195 6
58 195 6
58 195 6
58 195 6
58 195 6
58 195 6
58 195 6
58 195 6
58 195 6
58 195 6
58 195 6
58 195 6
58 195 6
58 195 6
58 195 6
58 195 6
58 195 6
58 195 6
58 195 6
58 195 6
58 195 6
58 195 6
58 195 6
58 195 6
58 195 6
58 195 6
58 195 6
58 195 6
58 195 6
58 195 6
58 195 6
58 195 6
58 195 6
58 195 6
58 195 6
58 195 6
58 195 6
58 195 6
58 195 6
58 195 6
58 195 6
58 195 6
58 195 6
58 195 6
58 195 6
58 195 6
58 195 6
58 195 6
58 195 6
58 195 6
49 178 16
49 178 6
48 189 16
48 189 6
48 189 6
48 189 6
48 189 6
48 189 6
48 189 6
48 189 6
48 189 6
48 189 6
48 189 6
48 189 6
48 189 6
48 189 6
48 189 6
48 189 6
48 189 6
48 189 6
48 189 6
48 189 6
48 189 6
48 189 6
48 189 6
48 189 6
48 189 6
39 183 16
39 183 6
39 183 6
39 183 6
39 183 6
39 183 6
39 183 6
39 183 6
39 183 6
39 183 6
39 183 6
39 183 6
39 183 6
39 183 6
39 183 6
39 183 6
39 183 6
39 183 6
39 183 6
39 183 6
39 183 6
39 183 6
39 183 6
39 183 6
39 183 6
39 183 6
39 183 6
39 183 6
39 183 6
39 183 6
39 183 6
39 183 6
39 183 6
39 183 6
39 183 6
39 183 6
59 162 16
59 162 6
59 162 6
59 162 6
59 162 6
59 162 6
59 162 6
59 162 6
49 167 16
49 167 6
49 167 6
39 172 16
39 172 6
39 172 6
39 172 6
39 172 6
39 172 6
39 172 6
39 172 6
39 172 6
39 172 6
39 172 6
39 172 6
39 172 6
39 172 6
39 172 6
39 172 6
0 115 16
0 104 16
0 93 16
1 81 16
1 70 16
1 59 16
1 49 16
1 49 6
1 49 6
1 49 6
11 43 16
11 43 6
11 43 6
11 43 6
11 43 6
11 43 6
11 43 6
11 43 6
11 43 6
11 43 6
11 43 6
11 43 6
11 43 6
11 43 6
11 43 6
11 43 6
11 43 6
11 43 6
11 43 6
11 43 6
11 43 6
11 43 6
11 43 6
11 43 6
11 43 6
11 43 6
11 43 6
11 43 6
11 43 6
11 43 6
11 43 6
11 43 6
11 43 6
11 43 6
11 43 6
11 43 6
11 43 6
11 43 6
11 43 6
11 43 6
11 43 6
11 43 6
11 43 6
11 43 6
11 43 6
11 43 6
11 43 6
69 156 16
69 156 6
69 156 6
69 156 6
69 156 6
69 156 6
69 156 6
69 156 6
69 156 6
69 156 6
69 156 6
69 156 6
69 156 6
69 156 6
69 156 6
69 156 6
69 156 6
69 156 6
69 156 6
69 156 6
69 156 6
69 156 6
69 156 6
69 156 6
69 156 6
69 156 6
69 156 6
69 156 6
78 151 16
78 151 6
78 151 6
78 151 6
78 151 6
78 151 6
78 151 6
78 151 6
78 151 6
78 151 6
78 151 6
78 151 6
78 151 6
78 151 6
78 151 6
78 151 6
78 151 6
78 151 6
78 151 6
78 151 6
78 151 6
78 151 6
78 151 6
78 151 6
78 151 6
78 151 6
78 151 6
78 151 6
78 151 6
78 151 6
78 151 6
78 151 6
78 151 6
78 151 6
78 151 6
78 151 6
78 151 6
78 151 6
78 151 6
78 151 6
78 151 6
78 151 6
78 151 6
78 151 6
78 151 6
78 151 6
78 151 6
78 151 6
78 151 6
78 151 6
78 151 6
78 151 6
78 151 6
78 151 6
78 151 6
78 151 6
78 151 6
78 151 6
78 151 6
78 151 6
78 151 6
78 151 6
78 151 6
78 151 6
78 151 6
78 151 6
78 151 6
78 151 6
78 151 6
78 151 6
78 151 6
78 151 6
78 151 6
78 151 6
78 151 6
78 151 6
78 151 6
78 151 6
78 151 6
78 151 6
78 151 6
78 151 6
78 151 6
78 151 6
78 151 6
78 151 6
78 151 6
78 151 6
78 151 6
78 151 6
78 151 6
78 151 6
78 151 6
78 151 6
78 151 6
78 151 6
78 151 6
78 151 6
78 151 6
78 151 6
78 151 6
78 151 6
78 151 6
78 151 6
78 151 6
78 151 6
78 151 6
78 151 6
78 151 6
78 151 6
78 151 6
78 151 6
78 151 6
78 151 6
78 151 6
78 151 6
78 151 6
78 151 6
78 151 6
78 151 6
78 151 6
78 151 6
78 151 6
78 151 6
78 151 6
78 151 6
78 151 6
78 151 6
78 151 6
78 151 6
78 151 6
78 151 6
78 151 6
78 151 6
78 151 6
78 151 6
78 151 6
78 151 6
78 151 6
78 151 6
78 151 6
78 151 6
78 151 6
78 151 6
78 151 6
78 151 6
78 151 6
78 151 6
78 151 6
78 151 6
78 151 6
78 151 6
78 151 6
78 151 6
78 151 6
78 151 6
78 151 6
78 151 6
78 151 6
78 151 6
78 151 6
78 151 6
78 151 6
78 151 6
78 151 6
78 151 6
78 151 6
78 151 6
0 126 16
0 126 6
39 161 16
39 161 6
39 161 6
49 156 16
49 156 6
49 156 6
49 156 6
49 156 6
49 156 6
49 156 6
59 150 16
59 150 6
59 150 6
59 150 6
59 150 6
59 150 6
59 150 6
59 150 6
59 150 6
59 150 6
59 150 6
59 150 6
59 150 6
59 150 6
59 150 6
59 150 6
59 150 6
59 150 6
59 150 6
59 150 6
59 150 6
59 150 6
59 150 6
59 150 6
39 194 16
39 194 6
39 194 6
39 194 6
39 194 6
39 194 6
39 194 6
39 194 6
39 194 6
39 194 6
39 194 6
39 194 6
39 194 6
39 194 6
39 194 6
39 194 6
39 194 6
39 194 6
39 194 6
39 194 6
39 194 6
39 194 6
39 194 6
39 194 6
39 194 6
39 194 6
39 194 6
39 194 6
39 194 6
39 194 6
39 194 6
39 194 6
39 194 6
39 194 6
39 194 6
39 194 6
39 194 6
39 194 6
39 194 6
39 194 6
39 194 6
39 194 6
39 194 6
39 194 6
39 194 6
39 194 6
39 194 6
39 194 6
39 194 6
39 194 6
39 194 6
39 194 6
39 194 6
39 194 6
39 194 6
39 194 6
39 194 6
39 194 6
39 194 6
39 194 6
39 194 6
39 194 6
39 194 6
39 194 6
39 194 6
39 194 6
39 194 6
39 194 6
39 194 6
39 194 6
39 194 6
39 194 6
39 194 6
39 194 6
39 194 6
39 194 6
39 194 6
39 194 6
39 194 6
39 194 6
39 194 6
39 194 6
39 194 6
39 194 6
39 194 6
39 194 6
39 194 6
39 194 6
39 194 6
39 194 6
39 194 6
39 194 6
39 194 6
39 194 6
39 194 6
39 194 6
39 194 6
39 194 6
39 194 6
39 194 6
39 194 6
39 194 6
39 194 6
10 132 16
10 132 6
10 132 6
10 132 6
10 132 6
10 132 6
10 132 6
10 132 6
10 132 6
10 132 6
10 132 6
10 132 6
10 132 6
10 132 6
10 132 6
10 132 6
10 132 6
10 132 6
10 132 6
10 132 6
10 132 6
10 132 6
10 132 6
10 132 6
10 132 6
10 132 6
10 132 6
10 132 6
10 132 6
10 132 6
10 132 6
10 132 6
10 132 6
10 132 6
10 132 6
10 132 6
10 132 6
10 132 6
10 132 6
10 132 6
10 132 6
10 132 6
10 132 6
10 132 6
10 132 6
10 132 6
10 132 6
10 132 6
10 132 6
10 132 6
10 132 6
10 132 6
10 132 6
10 132 6
10 132 6
10 132 6
10 132 6
10 132 6
10 132 6
10 132 6
10 132 6
10 132 6
10 132 6
10 132 6
10 132 6
10 132 6
10 132 6
20 127 16
20 127 6
20 127 6
20 127 6
20 127 6
20 127 6
20 127 6
20 127 6
20 127 6
20 127 6
20 127 6
20 127 6
20 127 6
20 127 6
20 127 6
20 127 6
20 127 6
20 127 6
20 127 6
20 127 6
20 127 6
20 127 6
20 127 6
20 127 6
20 127 6
20 127 6
20 127 6
20 127 6
20 127 6
20 127 6
20 127 6
20 127 6
20 127 6
20 127 6
20 127 6
20 127 6
20 127 6
20 127 6
20 127 6
20 127 6
20 127 6
20 127 6
20 127 6
20 127 6
20 127 6
20 127 6
20 127 6
20 127 6
20 127 6
20 127 6
20 127 6
20 127 6
20 127 6
20 127 6
20 127 6
20 127 6
20 127 6
20 127 6
20 127 6
20 127 6
20 127 6
20 127 6
20 127 6
20 127 6
20 127 6
20 127 6
20 127 6
20 127 6
20 127 6
20 127 6
20 127 6
20 127 6
20 127 6
20 127 6
20 127 6
20 127 6
20 127 6
20 127 6
20 127 6
20 127 6
20 127 6
20 127 6
20 127 6
20 127 6
20 127 6
20 127 6
20 127 6
20 127 6
20 127 6
20 127 6
20 127 6
20 127 6
20 127 6
20 127 6
20 127 6
20 127 6
20 127 6
20 127 6
20 127 6
20 127 6
20 127 6
20 127 6
20 127 6
20 127 6
20 127 6
20 127 6
20 127 6
20 127 6
20 127 6
20 127 6
20 127 6
20 127 6
20 127 6
20 127 6
20 127 6
20 127 6
20 127 6
20 127 6
20 127 6
20 127 6
20 127 6
20 127 6
20 127 6
20 127 6
20 127 6
20 127 6
20 127 6
20 127 6
20 127 6
20 127 6
20 127 6
20 127 6
20 127 6
20 127 6
20 127 6
20 127 6
20 127 6
20 127 6
20 127 6
20 127 6
20 127 6
20 127 6
20 127 6
20 127 6
20 127 6
20 127 6
20 127 6
20 127 6
20 127 6
20 127 6
20 127 6
20 127 6
20 127 6
20 127 6
20 127 6
20 127 6
20 127 6
20 127 6
20 127 6
20 127 6
20 127 6
20 127 6
20 127 6
20 127 6
20 127 6
20 127 6
20 127 6
20 127 6
20 127 6
20 127 6
20 127 6
20 127 6
20 127 6
20 127 6
20 127 6
20 127 6
20 127 6
20 127 6
20 127 6
20 127 6
20 127 6
20 127 6
20 127 6
20 127 6
20 127 6
20 127 6
20 127 6
20 127 6
20 127 6
20 127 6
20 127 6
20 127 6
20 127 6
20 127 6
20 127 6
0 138 16
0 138 6
0 138 6
0 138 6
0 138 6
0 138 6
0 138 6
0 138 6
0 138 6
0 138 6
0 138 6
0 138 6
0 138 6
0 138 6
0 138 6
0 138 6
0 138 6
0 138 6
0 138 6
0 138 6
0 138 6
0 138 6
0 138 6
0 138 6
0 138 6
0 138 6
0 138 6
0 138 6
97 72 16
97 72 6
97 72 6
97 72 6
97 72 6
97 72 6
97 72 6
97 72 6
97 72 6
97 72 6
97 72 6
97 72 6
97 72 6
97 72 6
97 72 6
97 72 6
89 78 16
89 78 6
89 78 6
89 78 6
89 78 6
89 78 6
80 84 16
71 89 16
61 94 16
61 94 6
61 94 6
61 94 6
61 94 6
61 94 6
61 94 6
61 94 6
61 94 6
61 94 6
61 94 6
61 94 6
61 94 6
61 94 6
61 94 6
61 94 6
61 94 6
61 94 6
61 94 6
61 94 6
61 94 6
61 94 6
61 94 6
61 94 6
61 94 6
61 94 6
61 94 6
61 94 6
61 94 6
61 94 6
61 94 6
51 100 16
51 100 6
51 100 6
51 100 6
51 100 6
51 100 6
51 100 6
51 100 6
51 100 6
51 100 6
51 100 6
51 100 6
51 100 6
51 100 6
51 100 6
51 100 6
51 100 6
51 100 6
51 100 6
51 100 6
51 100 6
51 100 6
51 100 6
51 100 6
51 100 6
51 100 6
51 100 6
51 100 6
51 100 6
51 100 6
51 100 6
51 100 6
51 100 6
51 100 6
51 100 6
51 100 6
51 100 6
51 100 6
51 100 6
51 100 6
51 100 6
51 100 6
51 100 6
51 100 6
51 100 6
98 83 16
98 83 6
98 83 6
107 89 16
107 89 6
107 89 6
107 89 6
107 89 6
107 89 6
107 89 6
107 89 6
107 89 6
107 89 6
107 89 6
107 89 6
107 89 6
107 89 6
107 89 6
107 89 6
107 89 6
107 89 6
107 89 6
107 89 6
107 89 6
107 89 6
107 89 6
107 89 6
107 89 6
107 89 6
107 89 6
107 89 6
107 89 6
107 89 6
107 89 6
107 89 6
107 89 6
107 89 6
107 89 6
107 89 6
107 89 6
107 89 6
107 89 6
107 89 6
107 89 6
107 89 6
107 89 6
107 89 6
107 89 6
107 89 6
107 89 6
107 89 6
107 89 6
107 89 6
107 89 6
107 89 6
107 89 6
107 89 6
107 89 6
107 89 6
107 89 6
107 89 6
107 89 6
107 89 6
107 89 6
107 89 6
107 89 6
107 89 6
107 89 6
107 89 6
107 89 6
107 89 6
107 89 6
107 89 6
107 89 6
107 89 6
107 89 6
107 89 6
107 89 6
107 89 6
107 89 6
107 89 6
107 89 6
107 89 6
107 89 6
107 89 6
107 89 6
107 89 6
107 89 6
107 89 6
163 31 15
163 30 15
163 30 6
164 30 15
164 30 6
164 29 15
164 29 6
165 29 15
165 29 6
165 28 15
165 28 6
165 27 15
165 27 6
165 26 15
165 26 6
165 26 6
165 25 15
165 25 6
165 25 6
165 24 15
165 24 6
165 24 6
165 23 15
165 23 6
165 23 6
165 22 15
165 22 6
165 22 6
165 21 15
165 21 6
164 21 15
164 21 6
164 21 6
163 20 15
163 20 6
163 20 6
163 19 15
163 19 6
163 19 6
163 18 15
163 18 6
163 18 6
162 18 15
162 18 6
162 18 6
161 18 15
161 18 6
161 18 6
161 17 15
161 17 6
161 17 6
161 16 15
161 16 6
161 16 6
161 15 15
161 15 6
161 15 6
161 15 6
161 14 15
161 14 6
161 14 6
161 14 6
161 14 6
161 13 15
161 13 6
161 13 6
161 13 6
161 13 6
161 13 6
160 13 15
160 13 6
160 13 6
160 13 6
160 13 6
160 13 6
159 13 15
159 13 6
159 13 6
159 13 6
159 13 6
159 13 6
158 13 15
158 13 6
158 13 6
158 13 6
158 13 6
158 13 6
158 13 6
158 13 6
157 13 15
157 13 6
157 13 6
157 13 6
157 13 6
157 13 6
157 13 6
157 13 6
157 13 6
157 13 6
157 12 15
157 12 6
157 12 6
157 12 6
157 12 6
157 12 6
157 12 6
157 12 6
157 12 6
157 12 6
157 12 6
157 11 15
157 11 6
157 11 6
157 11 6
157 11 6
157 11 6
157 11 6
157 11 6
157 11 6
157 11 6
157 11 6
157 11 6
157 10 15
157 10 6
157 10 6
157 10 6
157 10 6
157 10 6
157 10 6
157 10 6
157 10 6
157 10 6
157 10 6
157 10 6
157 10 6
157 9 15
157 9 6
157 9 6
157 9 6
157 9 6
157 9 6
157 9 6
157 9 6
157 9 6
157 9 6
157 9 6
157 9 6
157 9 6
157 9 6
156 9 15
156 9 6
156 9 6
156 9 6
156 9 6
156 9 6
156 9 6
156 9 6
156 9 6
156 9 6
156 9 6
156 9 6
156 9 6
156 9 6
156 9 6
156 9 6
155 9 15
155 9 6
155 9 6
155 9 6
155 9 6
155 9 6
155 9 6
155 9 6
155 9 6
155 9 6
155 9 6
155 9 6
155 9 6
155 9 6
155 9 6
155 9 6
155 9 6
155 9 6
154 9 15
154 9 6
154 9 6
154 9 6
154 9 6
154 9 6
154 9 6
154 9 6
154 9 6
154 9 6
154 9 6
154 9 6
154 9 6
154 9 6
154 9 6
154 9 6
154 9 6
154 9 6
154 9 6
154 9 6
154 9 6
154 8 24
154 8 6
154 8 6
154 8 6
154 8 6
154 8 6
154 8 6
154 8 6
154 8 6
154 8 6
154 8 6
154 8 6
154 8 6
154 8 6
154 8 6
154 8 6
154 8 6
154 8 6
153 8 40
153 8 6
153 8 6
153 8 6
153 8 6
153 8 6
153 8 6
153 8 6
153 8 6
153 8 6
153 8 6
153 8 6
153 8 6
153 8 6
153 8 6
153 8 6
153 8 6
153 8 6
152 8 58
152 8 6
152 8 6
152 8 6
152 8 6
152 8 6
152 8 6
152 8 6
152 8 6
152 8 6
152 8 6
152 8 6
152 8 6
152 8 6
152 8 6
152 8 6
152 8 6
152 8 6
152 7 70
152 7 6
152 7 6
152 7 6
152 7 6
152 7 6
152 7 6
152 7 6
152 7 6
152 7 6
152 7 6
152 7 6
152 7 6
152 7 6
151 7 81
151 7 6
151 7 6
151 7 6
151 7 6
151 7 6
151 7 6
151 7 6
151 7 6
151 7 6
151 7 6
151 7 6
151 7 6
150 7 91
150 7 6
150 7 6
150 7 6
150 7 6
150 7 6
150 7 6
150 7 6
150 7 6
150 7 6
150 7 6
149 7 97
149 7 6
149 7 6
149 7 6
149 7 6
149 7 6
149 7 6
149 6 98
149 6 6
149 6 6
149 6 6
149 6 6
149 6 6
148 6 95
148 6 6
148 6 6
147 6 90
146 6 81
145 6 70
144 6 58
143 6 45
142 6 33
142 6 6
142 6 6
142 5 23
142 5 6
142 5 6
142 5 6
141 5 15
141 5 6
141 5 6
141 5 6
141 5 6
140 5 15
140 5 6
140 5 6
140 5 6
140 5 6
139 5 15
139 5 6
139 5 6
139 5 6
139 5 6
138 5 15
138 5 6
138 5 6
138 5 6
138 5 6
137 5 15
137 5 6
137 5 6
137 5 6
137 5 6
136 5 15
136 5 6
136 5 6
136 5 6
136 5 6
135 5 15
135 5 6
135 5 6
135 5 6
135 5 6
134 5 15
134 5 6
134 5 6
134 5 6
133 5 17
133 5 6
133 5 6
133 5 6
132 5 20
132 5 6
132 5 6
131 5 20
131 5 6
131 5 6
130 4 23
130 4 6
129 4 18
129 4 6
129 4 6
128 4 15
128 4 6
128 4 6
127 4 15
127 4 6
127 4 6
126 4 15
126 4 6
125 4 15
125 4 6
125 5 15
125 5 6
124 5 15
124 5 6
124 6 15
124 6 6
123 6 15
123 6 6
122 6 15
121 6 15
120 6 15
119 6 15
118 6 15
118 7 15
118 8 15
117 8 15
116 8 15
116 9 23
116 10 31
116 11 35
116 12 34
116 13 29
116 14 19
115 14 15
114 14 15
113 14 15
112 14 15
111 14 15
110 15 15
109 15 15
109 16 15
108 16 15
107 16 15
107 17 15
107 18 15
106 18 15
105 18 15
105 19 15
105 20 15
104 20 15
103 20 15
102 20 15
101 20 15
77 38 15
78 38 15
78 37 15
78 36 15
79 36 15
79 35 15
79 34 15
80 34 15
81 34 15
81 33 15
82 33 15
83 33 15
83 32 15
84 31 15
84 30 15
85 30 15
85 29 15
86 29 15
86 28 15
86 27 15
87 27 15
87 26 15
88 26 15
89 26 15
90 26 15
91 26 15
92 25 15
93 25 15
93 24 15
93 23 15
93 22 15
94 22 15
95 22 15
96 22 15
97 22 15
98 22 15
99 22 15
99 21 15
100 21 15
76 39 15
76 40 15
75 40 15
75 41 15
74 41 15
74 42 15
74 43 15
74 44 15
74 45 15
74 46 15
74 47 15
74 48 15
73 48 15
73 49 15
73 50 15
72 50 15
72 51 15
71 51 15
70 51 15
69 51 15
69 52 15
69 53 15
69 54 15
69 56 15
69 57 15
69 58 15
69 59 15
70 59 15
71 59 15
72 59 15
73 59 15
74 59 15
74 60 15
74 61 15
75 61 15
76 61 15
76 61 6
77 61 15
77 61 6
78 61 15
78 61 6
79 62 15
79 62 6
79 62 6
79 63 15
79 63 6
79 63 6
79 64 15
79 64 6
79 64 6
79 65 15
79 65 6
79 65 6
79 66 15
79 66 6
79 66 6
79 67 15
79 67 6
79 67 6
79 68 15
79 68 6
79 68 6
79 69 15
79 69 6
79 70 15
79 70 6
79 71 15
79 71 6
79 72 15
79 72 6
80 73 15
80 74 15
80 75 15
80 76 15
80 76 6
80 77 15
80 77 6
80 78 15
80 78 6
80 79 15
80 79 6
81 79 15
81 79 6
81 80 15
81 80 6
82 80 15
83 80 17
84 80 29
85 80 38
86 80 43
87 80 44
88 80 41
89 80 34
90 80 23
90 80 6
90 80 6
90 80 6
91 80 15
91 80 6
91 80 6
91 80 6
91 80 6
91 80 6
92 80 15
92 80 6
92 80 6
92 80 6
92 80 6
92 80 6
92 80 6
92 81 15
92 81 6
92 81 6
92 81 6
92 81 6
93 81 15
93 81 6
93 81 6
93 81 6
93 81 6
93 81 6
94 81 15
94 81 6
94 81 6
94 81 6
94 81 6
94 81 6
95 81 15
95 81 6
95 81 6
95 81 6
95 81 6
95 81 6
96 81 15
96 81 6
96 81 6
96 81 6
96 81 6
97 81 15
97 81 6
97 81 6
97 81 6
97 81 6
97 82 15
97 82 6
97 82 6
97 82 6
98 82 15
98 82 6
98 82 6
98 82 6
99 83 50
99 84 79
100 84 109
100 85 147
101 85 181
102 85 222
102 86 261
103 86 301
104 86 342
104 87 378
105 87 413
106 87 446
106 88 475
107 88 495
107 88 6
107 88 6
107 88 6
107 88 6
107 88 6
107 88 6
107 88 6
107 88 6
108 89 530
108 89 6
108 89 6
108 89 6
108 89 6
108 89 6
108 89 6
108 89 6
108 89 6
108 89 6
108 89 6
108 89 6
108 89 6
108 89 6
108 89 6
108 89 6
108 89 6
108 89 6
108 89 6
109 89 531
109 89 6
109 89 6
109 89 6
109 89 6
109 89 6
109 89 6
109 89 6
109 89 6
109 89 6
109 89 6
109 89 6
109 89 6
109 89 6
109 89 6
109 89 6
109 89 6
109 89 6
109 89 6
109 89 6
109 89 6
109 89 6
109 89 6
109 89 6
109 89 6
109 89 6
109 89 6
109 89 6
109 89 6
109 89 6
109 89 6
110 89 525
110 89 6
110 89 6
110 89 6
110 89 6
110 89 6
110 89 6
110 89 6
110 89 6
110 89 6
110 89 6
110 89 6
110 89 6
110 89 6
110 89 6
110 89 6
110 89 6
110 89 6
110 89 6
110 89 6
110 89 6
110 89 6
110 89 6
110 89 6
110 89 6
110 89 6
110 89 6
110 89 6
110 89 6
110 89 6
110 89 6
110 89 6
110 89 6
110 89 6
110 89 6
110 89 6
110 89 6
111 89 513
111 89 6
111 89 6
111 89 6
111 89 6
111 89 6
111 89 6
111 89 6
111 89 6
111 89 6
111 89 6
111 89 6
111 89 6
111 89 6
111 89 6
111 89 6
111 89 6
111 89 6
111 89 6
111 89 6
111 89 6
111 89 6
111 89 6
111 89 6
111 89 6
111 89 6
111 89 6
111 89 6
111 89 6
111 89 6
111 89 6
111 89 6
111 89 6
111 89 6
111 89 6
111 89 6
111 89 6
111 89 6
111 89 6
111 89 6
111 89 6
111 89 6
111 89 6
111 89 6
112 89 495
112 89 6
112 89 6
112 89 6
112 89 6
112 89 6
112 89 6
112 89 6
112 89 6
112 89 6
112 89 6
112 89 6
112 89 6
112 89 6
112 89 6
112 89 6
112 89 6
112 89 6
112 89 6
112 89 6
112 89 6
112 89 6
112 89 6
112 89 6
112 89 6
112 89 6
112 89 6
112 89 6
112 89 6
112 89 6
112 89 6
112 89 6
112 89 6
112 89 6
112 89 6
112 89 6
112 89 6
112 89 6
112 89 6
112 89 6
112 89 6
112 89 6
112 89 6
112 89 6
112 89 6
112 89 6
112 89 6
112 89 6
112 89 6
112 89 6
112 89 6
113 89 470
113 89 6
113 89 6
113 89 6
113 89 6
113 89 6
113 89 6
113 89 6
113 89 6
113 89 6
113 89 6
113 89 6
113 89 6
113 89 6
113 89 6
113 89 6
113 89 6
113 89 6
113 89 6
113 89 6
113 89 6
113 89 6
113 89 6
113 89 6
113 89 6
113 89 6
113 89 6
113 89 6
113 89 6
113 89 6
113 89 6
113 89 6
113 89 6
113 89 6
113 89 6
113 89 6
113 89 6
113 89 6
113 89 6
113 89 6
113 89 6
113 89 6
113 89 6
113 89 6
113 89 6
113 89 6
113 89 6
114 89 440
114 89 6
114 89 6
114 89 6
114 89 6
114 89 6
114 89 6
114 89 6
114 89 6
114 89 6
114 89 6
114 89 6
114 89 6
114 89 6
114 89 6
114 89 6
114 89 6
114 89 6
114 89 6
114 89 6
114 89 6
114 89 6
114 89 6
114 89 6
114 89 6
114 89 6
114 89 6
114 89 6
114 89 6
114 89 6
114 89 6
114 89 6
114 89 6
115 89 406
115 89 6
115 89 6
115 89 6
115 89 6
115 89 6
115 89 6
115 89 6
115 89 6
115 89 6
115 89 6
115 89 6
115 89 6
115 89 6
115 89 6
115 89 6
115 89 6
115 89 6
115 89 6
115 89 6
116 89 369
116 89 6
116 89 6
116 89 6
116 89 6
116 89 6
116 89 6
116 89 6
116 89 6
116 89 6
116 89 6
117 89 331
117 89 6
117 89 6
117 89 6
117 89 6
117 89 6
118 89 292
118 89 6
118 89 6
118 89 6
118 89 6
118 90 252
118 90 6
118 90 6
118 90 6
118 90 6
118 90 6
118 90 6
118 90 6
118 90 6
118 90 6
118 90 6
118 90 6
118 90 6
119 90 211
119 90 6
119 90 6
119 90 6
119 90 6
119 90 6
119 90 6
119 90 6
119 90 6
119 90 6
119 90 6
120 90 173
120 90 6
120 90 6
120 90 6
120 90 6
120 90 6
120 90 6
120 90 6
120 90 6
120 91 139
120 91 6
120 91 6
120 91 6
120 91 6
120 91 6
120 91 6
120 91 6
120 91 6
120 91 6
120 91 6
120 91 6
120 91 6
120 91 6
121 91 103
121 91 6
121 91 6
121 91 6
121 91 6
121 91 6
121 91 6
121 91 6
121 91 6
121 91 6
121 91 6
121 91 6
122 91 73
122 91 6
122 91 6
122 91 6
122 91 6
122 91 6
122 91 6
122 91 6
122 91 6
122 91 6
122 91 6
122 91 6
122 92 47
122 92 6
122 92 6
122 92 6
122 92 6
122 92 6
122 92 6
122 92 6
122 92 6
122 92 6
122 92 6
122 92 6
122 92 6
122 92 6
123 92 21
123 92 6
123 92 6
123 92 6
123 92 6
123 92 6
123 92 6
123 92 6
123 92 6
123 92 6
123 92 6
123 92 6
123 92 6
123 92 6
123 92 6
123 93 15
123 93 6
123 93 6
123 93 6
123 93 6
123 93 6
123 93 6
123 93 6
123 93 6
123 93 6
123 93 6
123 93 6
123 93 6
123 93 6
123 94 15
123 94 6
123 94 6
123 94 6
123 94 6
123 94 6
123 94 6
123 94 6
123 94 6
123 94 6
123 94 6
124 94 15
124 94 6
124 94 6
124 94 6
124 94 6
124 94 6
124 94 6
124 94 6
124 94 6
124 94 6
124 95 15
124 95 6
124 95 6
124 95 6
124 95 6
124 95 6
124 95 6
124 95 6
124 95 6
125 95 15
125 95 6
125 95 6
125 95 6
125 95 6
125 95 6
125 95 6
125 95 6
125 95 6
126 95 15
126 95 6
126 95 6
126 95 6
126 95 6
126 95 6
126 95 6
126 95 6
126 95 6
126 95 6
127 95 15
127 95 6
127 95 6
127 95 6
127 95 6
127 95 6
127 95 6
127 95 6
127 95 6
127 95 6
127 95 6
128 95 15
128 95 6
128 95 6
128 95 6
128 95 6
128 95 6
128 95 6
128 95 6
128 95 6
128 95 6
128 95 6
128 95 6
129 95 15
129 95 6
129 95 6
129 95 6
129 95 6
129 95 6
129 95 6
129 95 6
129 95 6
129 95 6
129 95 6
129 95 6
129 95 6
129 96 15
129 96 6
129 96 6
129 96 6
129 96 6
129 96 6
129 96 6
129 96 6
129 96 6
129 96 6
129 96 6
130 96 15
130 96 6
130 96 6
130 96 6
130 96 6
130 96 6
130 96 6
130 96 6
130 96 6
130 96 6
130 96 6
130 96 6
130 97 15
130 97 6
130 97 6
130 97 6
130 97 6
130 97 6
130 97 6
130 97 6
130 97 6
130 97 6
130 97 6
130 98 15
130 98 6
130 98 6
130 98 6
130 98 6
130 98 6
130 98 6
130 98 6
130 98 6
130 98 6
130 98 6
130 98 6
131 98 15
131 98 6
131 98 6
131 98 6
131 98 6
131 98 6
131 98 6
131 98 6
131 98 6
131 98 6
131 98 6
131 98 6
131 99 15
131 99 6
131 99 6
131 99 6
131 99 6
131 99 6
131 99 6
131 99 6
131 99 6
131 99 6
131 99 6
131 99 6
131 100 15
131 100 6
131 100 6
131 100 6
131 100 6
131 100 6
131 100 6
131 100 6
131 100 6
131 100 6
131 100 6
131 100 6
131 100 6
131 101 15
131 101 6
131 101 6
131 101 6
131 101 6
131 101 6
131 101 6
131 101 6
131 101 6
131 101 6
131 101 6
131 101 6
131 101 6
131 101 6
131 102 15
131 102 6
131 102 6
131 102 6
131 102 6
131 102 6
131 102 6
131 102 6
131 102 6
131 102 6
131 102 6
131 102 6
131 102 6
131 102 6
131 102 6
131 103 15
131 103 6
131 103 6
131 103 6
131 103 6
131 103 6
131 103 6
131 103 6
131 103 6
131 103 6
131 103 6
131 103 6
131 103 6
131 103 6
131 104 15
131 104 6
131 104 6
131 104 6
131 104 6
131 104 6
131 104 6
131 104 6
131 104 6
131 104 6
131 104 6
131 104 6
131 104 6
131 105 15
131 105 6
131 105 6
131 105 6
131 105 6
131 105 6
131 105 6
131 105 6
131 105 6
131 105 6
131 105 6
132 105 15
132 105 6
132 105 6
132 105 6
132 105 6
132 105 6
132 105 6
132 105 6
132 105 6
132 105 6
132 106 15
132 106 6
132 106 6
132 106 6
132 106 6
132 106 6
132 106 6
132 106 6
132 107 15
132 107 6
132 107 6
132 107 6
132 107 6
132 107 6
132 107 6
133 107 15
133 107 6
133 107 6
133 107 6
133 107 6
133 107 6
134 107 15
134 107 6
134 107 6
134 107 6
135 108 15
135 108 6
135 108 6
135 109 15
135 109 6
135 109 6
135 110 15
135 110 6
135 110 6
135 111 15
135 111 6
135 111 6
136 111 15
136 111 6
136 112 15
136 112 6
137 112 15
138 112 15
138 113 15
139 113 15
140 113 15
141 113 15
142 113 15
143 113 15
144 113 15
144 113 6
145 112 15
145 112 6
146 112 15
146 112 6
147 112 15
147 112 6
148 112 15
148 112 6
149 112 15
149 112 6
150 112 15
150 112 6
151 112 15
151 112 6
152 112 15
152 112 6
153 112 17
153 112 6
154 112 34
155 112 52
156 112 68
157 112 80
158 112 87
159 112 88
160 112 81
162 112 47
162 112 6
162 112 6
162 112 6
162 112 6
163 112 22
163 112 6
163 112 6
163 112 6
163 112 6
163 112 6
163 112 6
163 112 6
164 112 15
164 112 6
164 112 6
164 112 6
164 112 6
164 112 6
164 112 6
164 112 6
164 112 6
165 112 15
165 112 6
165 112 6
165 112 6
165 112 6
165 112 6
165 112 6
165 112 6
165 113 15
165 113 6
165 113 6
165 113 6
165 113 6
165 113 6
165 113 6
165 113 6
165 113 6
165 114 15
165 114 6
165 114 6
165 114 6
165 114 6
165 114 6
165 114 6
165 114 6
165 114 6
165 114 6
166 114 15
166 114 6
166 114 6
166 114 6
166 114 6
166 114 6
166 114 6
166 114 6
166 114 6
166 115 15
166 115 6
166 115 6
166 115 6
166 115 6
166 115 6
166 115 6
166 115 6
166 115 6
166 115 6
166 115 6
166 116 15
166 116 6
166 116 6
166 116 6
166 116 6
166 116 6
166 116 6
166 116 6
166 116 6
166 116 6
166 116 6
166 116 6
166 116 6
167 116 15
167 116 6
167 116 6
167 116 6
167 116 6
167 116 6
167 116 6
167 116 6
167 116 6
167 116 6
167 116 6
167 117 15
167 117 6
167 117 6
167 117 6
167 117 6
167 117 6
167 117 6
167 117 6
167 117 6
167 117 6
167 117 6
167 117 6
167 117 6
167 118 44
167 118 6
167 118 6
167 118 6
167 118 6
167 118 6
167 118 6
167 118 6
167 118 6
167 118 6
167 119 81
167 119 6
167 119 6
167 119 6
167 119 6
167 119 6
167 119 6
167 119 6
167 120 114
167 120 6
167 120 6
167 120 6
167 120 6
167 120 6
167 120 6
167 121 142
167 121 6
167 121 6
167 121 6
167 121 6
167 121 6
167 121 6
167 121 6
167 121 6
167 121 6
167 122 161
167 122 6
167 122 6
167 122 6
167 122 6
167 122 6
167 122 6
167 122 6
167 122 6
167 122 6
167 122 6
167 122 6
167 122 6
167 122 6
167 123 171
167 123 6
167 123 6
167 123 6
167 123 6
167 123 6
167 123 6
167 123 6
167 123 6
167 123 6
167 123 6
167 123 6
167 123 6
167 123 6
167 123 6
167 123 6
167 123 6
167 123 6
167 123 6
167 124 172
167 124 6
167 124 6
167 124 6
167 124 6
167 124 6
167 124 6
167 124 6
167 124 6
167 124 6
167 124 6
167 124 6
167 124 6
167 124 6
167 124 6
167 124 6
167 124 6
167 124 6
167 124 6
167 124 6
167 124 6
167 124 6
167 125 163
167 125 6
167 125 6
167 125 6
167 125 6
167 125 6
167 125 6
167 125 6
167 125 6
167 125 6
167 125 6
167 125 6
167 125 6
167 125 6
167 125 6
167 125 6
167 125 6
167 125 6
167 125 6
167 125 6
167 125 6
167 125 6
167 125 6
167 126 145
167 126 6
167 126 6
167 126 6
167 126 6
167 126 6
167 126 6
167 126 6
167 126 6
167 126 6
167 126 6
167 126 6
167 126 6
167 126 6
167 126 6
167 126 6
167 126 6
167 126 6
167 126 6
167 126 6
167 126 6
167 126 6
167 127 121
167 127 6
167 127 6
167 127 6
167 127 6
167 127 6
167 127 6
167 127 6
167 127 6
167 127 6
167 127 6
167 127 6
167 127 6
167 127 6
167 127 6
167 127 6
167 127 6
167 127 6
167 127 6
167 127 6
167 128 94
167 128 6
167 128 6
167 128 6
167 128 6
167 128 6
167 128 6
167 128 6
167 128 6
167 128 6
167 128 6
167 128 6
167 128 6
167 128 6
167 128 6
167 128 6
167 128 6
167 128 6
167 128 6
167 129 66
167 129 6
167 129 6
167 129 6
167 129 6
167 129 6
167 129 6
167 129 6
167 129 6
167 129 6
167 129 6
167 129 6
167 129 6
167 129 6
167 129 6
167 129 6
167 129 6
167 129 6
167 129 6
167 130 39
167 130 6
167 130 6
167 130 6
167 130 6
167 130 6
167 130 6
167 130 6
167 130 6
167 130 6
167 130 6
167 130 6
167 130 6
167 130 6
167 130 6
167 130 6
167 130 6
167 130 6
167 130 6
167 131 18
167 131 6
167 131 6
167 131 6
167 131 6
167 131 6
167 131 6
167 131 6
167 131 6
167 131 6
167 131 6
167 131 6
167 131 6
167 131 6
167 131 6
167 131 6
167 131 6
167 131 6
167 132 15
167 132 6
167 132 6
167 132 6
167 132 6
167 132 6
167 132 6
167 132 6
167 132 6
167 132 6
167 132 6
167 132 6
167 132 6
167 132 6
167 132 6
167 133 15
167 133 6
167 133 6
167 133 6
167 133 6
167 133 6
167 133 6
167 133 6
167 133 6
167 133 6
167 133 6
167 134 15
167 134 6
167 134 6
167 134 6
167 134 6
167 134 6
167 134 6
167 134 6
167 134 6
166 134 15
166 134 6
166 134 6
166 134 6
166 134 6
166 134 6
166 134 6
166 134 6
166 134 6
165 134 27
165 134 6
165 134 6
165 134 6
165 134 6
165 134 6
165 134 6
165 134 6
164 134 42
164 134 6
164 134 6
164 134 6
164 134 6
164 134 6
163 134 59
163 134 6
163 134 6
163 134 6
171 161 15
171 160 15
171 159 15
171 158 15
171 157 15
172 157 15
172 156 15
172 155 15
172 154 15
172 153 15
172 152 15
173 151 15
173 150 15
174 150 15
175 150 15
176 150 15
176 149 15
176 148 15
176 147 15
176 146 15
176 145 15
176 144 16
176 144 6
176 143 22
176 142 25
176 142 6
176 141 26
176 141 6
176 141 6
176 140 24
176 140 6
176 140 6
176 140 6
176 140 6
176 139 20
176 139 6
176 139 6
176 139 6
176 139 6
176 139 6
176 139 6
176 139 6
176 138 18
176 138 6
176 138 6
176 138 6
176 138 6
176 138 6
176 138 6
176 138 6
176 138 6
176 137 17
176 137 6
176 137 6
176 137 6
176 137 6
176 137 6
176 137 6
176 137 6
176 137 6
176 137 6
175 137 15
175 137 6
175 137 6
175 137 6
175 137 6
175 137 6
175 137 6
175 137 6
175 137 6
175 137 6
175 137 6
175 137 6
174 137 15
174 137 6
174 137 6
174 137 6
174 137 6
174 137 6
174 137 6
174 137 6
174 137 6
174 137 6
174 137 6
174 137 6
174 136 15
174 136 6
174 136 6
174 136 6
174 136 6
174 136 6
174 136 6
174 136 6
174 136 6
174 136 6
174 136 6
173 136 15
173 136 6
173 136 6
173 136 6
173 136 6
173 136 6
173 136 6
173 136 6
173 136 6
173 136 6
173 136 6
172 136 15
172 136 6
172 136 6
172 136 6
172 136 6
172 136 6
172 136 6
172 136 6
172 136 6
172 136 6
171 136 15
171 136 6
171 136 6
171 136 6
171 136 6
171 136 6
171 136 6
171 136 6
171 136 6
171 135 15
171 135 6
171 135 6
171 135 6
171 135 6
171 135 6
171 135 6
171 135 6
170 135 15
170 135 6
170 135 6
170 135 6
170 135 6
170 135 6
170 135 6
170 135 6
169 135 15
169 135 6
169 135 6
169 135 6
169 135 6
169 135 6
169 135 6
169 135 6
168 135 15
168 135 6
168 135 6
168 135 6
168 135 6
168 135 6
168 135 6
167 135 19
167 135 6
167 135 6
167 135 6
167 135 6
167 135 6
167 135 6
166 135 31
166 135 6
166 135 6
166 135 6
166 135 6
165 135 45
165 135 6
165 135 6
165 135 6
164 135 61
164 135 6
171 171 15
171 170 15
171 169 15
171 168 15
171 167 15
171 166 15
171 165 15
171 164 15
171 163 15
163 178 24
164 178 26
165 178 26
166 178 24
167 178 21
168 178 16
168 178 6
168 178 6
169 178 15
169 178 6
169 178 6
170 178 15
170 178 6
170 178 6
171 178 15
171 178 6
171 178 6
171 177 15
171 177 6
171 177 6
171 176 15
171 176 6
171 175 15
171 175 6
171 174 15
171 173 15
161 178 15
161 178 6
160 178 15
160 178 6
160 178 6
159 178 15
159 178 6
159 178 6
159 178 6
158 178 15
158 178 6
158 178 6
158 178 6
158 178 6
157 178 15
157 178 6
157 178 6
157 178 6
157 178 6
157 178 6
157 179 15
157 179 6
157 179 6
157 179 6
157 179 6
157 179 6
157 180 15
157 180 6
157 180 6
157 180 6
157 180 6
157 180 6
156 180 15
156 180 6
156 180 6
156 180 6
156 180 6
156 180 6
156 181 15
156 181 6
156 181 6
156 181 6
156 181 6
156 181 6
155 181 15
155 181 6
155 181 6
155 181 6
155 181 6
155 181 6
155 182 15
155 182 6
155 182 6
155 182 6
155 182 6
155 182 6
154 182 15
154 182 6
154 182 6
154 182 6
154 182 6
154 182 6
153 182 15
153 182 6
153 182 6
153 182 6
153 182 6
152 182 15
152 182 6
152 182 6
152 182 6
152 182 6
151 182 15
151 182 6
151 182 6
151 182 6
150 182 15
150 182 6
150 182 6
150 182 6
149 182 15
149 182 6
149 182 6
149 182 6
148 182 15
148 182 6
148 182 6
148 182 6
148 182 6
147 182 15
147 182 6
147 182 6
147 182 6
147 182 6
147 182 6
146 182 15
146 182 6
146 182 6
146 182 6
146 182 6
146 182 6
146 182 6
146 182 6
145 182 15
145 182 6
145 182 6
145 182 6
145 182 6
145 182 6
145 182 6
145 182 6
145 182 6
145 182 6
144 182 15
144 182 6
144 182 6
144 182 6
144 182 6
144 182 6
144 182 6
144 182 6
144 182 6
144 182 6
144 182 6
144 182 6
144 183 22
144 183 6
144 183 6
144 183 6
144 183 6
144 183 6
144 183 6
144 183 6
144 183 6
144 183 6
144 183 6
144 183 6
144 183 6
144 183 6
144 183 6
143 183 30
143 183 6
143 183 6
143 183 6
143 183 6
143 183 6
143 183 6
143 183 6
143 183 6
143 183 6
143 183 6
143 183 6
143 183 6
143 183 6
143 183 6
143 183 6
142 183 39
142 183 6
142 183 6
142 183 6
142 183 6
142 183 6
142 183 6
142 183 6
142 183 6
142 183 6
142 183 6
142 183 6
142 183 6
142 183 6
141 183 46
141 183 6
141 183 6
141 183 6
141 183 6
141 183 6
141 183 6
141 183 6
141 183 6
141 183 6
141 183 6
141 183 6
140 183 53
140 183 6
140 183 6
140 183 6
140 183 6
140 183 6
140 183 6
140 183 6
140 183 6
139 183 58
139 183 6
139 183 6
139 183 6
139 183 6
139 183 6
139 183 6
138 183 61
138 183 6
138 183 6
138 183 6
138 183 6
137 183 62
137 183 6
137 183 6
137 183 6
136 183 61
136 183 6
135 183 58
134 184 49
133 184 42
132 184 32
131 184 22
131 184 6
130 184 15
130 184 6
129 184 15
129 184 6
128 184 15
127 184 15
126 184 15
126 183 15
126 182 15
126 181 15
126 180 15
125 179 15
124 179 15
123 179 15
122 179 15
121 179 15
120 179 15
119 179 15
118 179 15
117 179 15
116 179 18
115 179 24
114 179 29
113 179 33
112 179 35
111 179 35
110 179 32
109 179 27
108 179 21
106 179 15
105 179 15
105 178 15
105 177 15
104 177 15
103 177 15
103 176 15
103 175 15
102 175 15
101 175 15
100 175 15
99 175 15
98 175 15
172 172 15
173 172 15
173 173 15
173 174 15
173 175 15
173 176 15
173 177 15
173 177 6
174 177 15
175 177 15
176 177 15
177 177 15
178 177 15
179 178 15
179 179 15
180 179 15
181 179 15
182 179 15
182 180 15
183 180 15
183 181 15
183 181 6
184 181 15
185 181 15
186 181 15
187 181 15
188 181 15
165 111 15
165 111 6
165 111 6
165 111 6
165 111 6
165 111 6
165 111 6
165 111 6
165 111 6
166 111 15
166 111 6
166 111 6
166 111 6
166 111 6
166 111 6
166 111 6
166 111 6
167 111 15
167 111 6
167 111 6
167 111 6
167 111 6
167 111 6
167 111 6
168 111 15
168 111 6
168 111 6
168 111 6
168 111 6
168 111 6
168 111 6
169 111 15
169 111 6
169 111 6
169 111 6
169 111 6
169 111 6
169 111 6
170 111 15
170 111 6
170 111 6
170 111 6
170 111 6
170 111 6
170 111 6
170 111 6
171 111 15
171 111 6
171 111 6
171 111 6
171 111 6
171 111 6
171 111 6
171 111 6
172 111 15
172 111 6
172 111 6
172 111 6
172 111 6
172 111 6
172 111 6
172 111 6
173 111 15
173 111 6
173 111 6
173 111 6
173 111 6
173 111 6
173 111 6
173 111 6
174 111 15
174 111 6
174 111 6
174 111 6
174 111 6
174 111 6
174 111 6
174 111 6
175 111 15
175 111 6
175 111 6
175 111 6
175 111 6
175 111 6
175 111 6
175 111 6
175 111 6
176 111 40
176 111 6
176 111 6
176 111 6
176 111 6
176 111 6
176 111 6
177 111 71
177 111 6
177 111 6
177 111 6
179 111 117
180 111 128
181 111 130
182 111 123
183 111 110
184 111 90
185 111 69
186 111 48
186 111 6
186 111 6
187 111 31
187 111 6
187 111 6
187 111 6
187 111 6
187 111 6
188 111 22
188 111 6
188 111 6
188 111 6
188 111 6
188 111 6
188 111 6
188 111 6
188 111 6
188 110 15
188 110 6
188 110 6
188 110 6
188 110 6
188 110 6
188 110 6
188 110 6
188 110 6
188 110 6
189 110 15
189 110 6
189 110 6
189 110 6
189 110 6
189 110 6
189 110 6
189 110 6
189 110 6
189 110 6
189 110 6
189 110 6
189 109 15
189 109 6
189 109 6
189 109 6
189 109 6
189 109 6
189 109 6
189 109 6
189 109 6
189 109 6
189 109 6
189 109 6
189 109 6
190 109 15
190 109 6
190 109 6
190 109 6
190 109 6
190 109 6
190 109 6
190 109 6
190 109 6
190 109 6
190 109 6
190 109 6
190 109 6
190 109 6
190 109 6
190 109 6
190 108 15
190 108 6
190 108 6
190 108 6
190 108 6
190 108 6
190 108 6
190 108 6
190 108 6
190 108 6
190 108 6
190 108 6
190 108 6
190 108 6
190 108 6
190 108 6
190 108 6
190 108 6
190 107 15
190 107 6
190 107 6
190 107 6
190 107 6
190 107 6
190 107 6
190 107 6
190 107 6
190 107 6
190 107 6
190 107 6
190 107 6
190 107 6
190 107 6
190 107 6
190 107 6
190 107 6
190 107 6
190 107 6
191 107 15
191 107 6
191 107 6
191 107 6
191 107 6
191 107 6
191 107 6
191 107 6
191 107 6
191 107 6
191 107 6
191 107 6
191 107 6
191 107 6
191 107 6
191 107 6
191 107 6
191 107 6
191 107 6
191 107 6
191 107 6
191 107 6
191 107 6
191 107 6
191 106 16
191 106 6
191 106 6
191 106 6
191 106 6
191 106 6
191 106 6
191 106 6
191 106 6
191 106 6
191 106 6
191 106 6
191 106 6
191 106 6
191 106 6
191 106 6
191 106 6
191 106 6
191 106 6
191 106 6
191 106 6
191 106 6
191 106 6
191 106 6
191 106 6
191 106 6
191 105 22
191 105 6
191 105 6
191 105 6
191 105 6
191 105 6
191 105 6
191 105 6
191 105 6
191 105 6
191 105 6
191 105 6
191 105 6
191 105 6
191 105 6
191 105 6
191 105 6
191 105 6
191 105 6
191 105 6
191 105 6
191 105 6
191 105 6
191 105 6
191 105 6
191 105 6
192 105 28
192 105 6
192 105 6
192 105 6
192 105 6
192 105 6
192 105 6
192 105 6
192 105 6
192 105 6
192 105 6
192 105 6
192 105 6
192 105 6
192 105 6
192 105 6
192 105 6
192 105 6
192 105 6
192 105 6
192 105 6
192 105 6
192 105 6
192 105 6
192 105 6
192 105 6
192 105 6
192 105 6
192 105 6
192 104 31
192 104 6
192 104 6
192 104 6
192 104 6
192 104 6
192 104 6
192 104 6
192 104 6
192 104 6
192 104 6
192 104 6
192 104 6
192 104 6
192 104 6
192 104 6
192 104 6
192 104 6
192 104 6
192 104 6
192 104 6
192 104 6
192 104 6
192 104 6
192 104 6
192 104 6
192 104 6
192 104 6
192 103 34
192 103 6
192 103 6
192 103 6
192 103 6
192 103 6
192 103 6
192 103 6
192 103 6
192 103 6
192 103 6
192 103 6
192 103 6
192 103 6
192 103 6
192 103 6
192 103 6
192 103 6
192 103 6
192 103 6
192 103 6
192 103 6
192 103 6
192 103 6
192 103 6
192 103 6
192 103 6
192 102 37
192 102 6
192 102 6
192 102 6
192 102 6
192 102 6
192 102 6
192 102 6
192 102 6
192 102 6
192 102 6
192 102 6
192 102 6
192 102 6
192 102 6
192 102 6
192 102 6
192 102 6
192 102 6
192 102 6
192 102 6
192 102 6
192 102 6
192 102 6
192 101 37
192 101 6
192 101 6
192 101 6
192 101 6
192 101 6
192 101 6
192 101 6
192 101 6
192 101 6
192 101 6
192 101 6
192 101 6
192 101 6
192 101 6
192 101 6
192 101 6
192 101 6
192 101 6
192 101 6
192 101 6
192 100 34
192 100 6
192 100 6
192 100 6
192 100 6
192 100 6
192 100 6
192 100 6
192 100 6
192 100 6
192 100 6
192 100 6
192 100 6
192 100 6
192 100 6
192 100 6
192 99 27
192 99 6
192 99 6
192 99 6
192 99 6
192 99 6
192 99 6
192 99 6
192 99 6
192 99 6
192 99 6
192 99 6
192 98 17
192 98 6
192 98 6
192 98 6
192 98 6
192 98 6
192 98 6
192 98 6
192 98 6
192 97 15
192 97 6
192 97 6
192 97 6
192 97 6
192 97 6
193 97 15
193 97 6
193 97 6
193 97 6
193 96 15
193 96 6
193 96 6
193 95 15
193 95 6
193 94 15
193 94 6
193 93 15
193 93 6
193 92 15
193 92 6
194 92 15
194 92 6
194 91 15
194 91 6
194 90 15
194 90 6
194 89 15
194 89 6
68 55 15
67 55 15
66 55 15
65 55 15
64 55 15
63 55 15
63 56 15
62 56 15
62 57 15
61 57 15
61 58 15
61 59 15
61 60 15
32 65 15
32 64 15
33 64 15
33 63 15
33 62 15
34 62 15
35 62 15
36 62 15
36 61 15
37 61 15
37 60 15
38 60 15
39 60 15
40 60 15
41 60 15
43 60 15
44 60 15
45 60 15
46 60 15
47 60 15
48 60 15
49 60 15
50 60 15
51 60 15
52 60 15
53 60 15
53 61 15
54 61 15
55 61 15
56 61 15
57 61 15
58 61 15
59 61 15
60 61 15
31 66 15
30 66 15
30 67 15
29 67 15
29 68 15
28 68 15
27 68 15
26 68 15
25 68 15
24 68 15
23 68 15
23 69 15
22 69 15
21 69 15
20 69 15
19 69 19
18 69 24
17 69 27
16 69 29
15 69 28
14 69 25
13 69 18
12 69 15
11 69 15
11 70 15
11 71 15
11 72 15
11 73 15
11 74 15
11 75 15
