48 103 22
185 41 22
185 41 12
63 186 22
128 136 22
128 136 12
85 158 22
85 158 12
85 158 12
85 158 12
85 158 12
85 158 12
85 158 12
85 158 12
85 158 12
175 135 22
147 68 22
41 69 22
164 100 22
180 188 22
44 5 22
64 177 22
54 181 22
54 181 12
54 181 12
54 181 12
54 181 12
54 181 12
55 172 22
55 172 12
55 172 12
55 172 12
55 172 12
55 172 12
55 172 12
55 172 12
55 172 12
55 172 12
55 172 12
55 172 12
55 172 12
55 172 12
55 172 12
55 172 12
55 172 12
55 172 12
55 172 12
55 172 12
55 172 12
55 172 12
55 172 12
55 172 12
55 172 12
55 172 12
55 172 12
55 172 12
55 172 12
55 172 12
55 172 12
55 172 12
55 172 12
55 172 12
55 172 12
55 172 12
55 172 12
55 172 12
55 172 12
55 172 12
55 172 12
55 172 12
55 172 12
55 172 12
55 172 12
55 172 12
55 172 12
55 172 12
55 172 12
55 172 12
55 172 12
55 172 12
55 172 12
55 172 12
55 172 12
55 172 12
55 172 12
55 172 12
55 172 12
55 172 12
55 172 12
55 172 12
55 172 12
55 172 12
55 172 12
55 172 12
55 172 12
53 191 22
75 173 22
75 173 12
75 173 12
75 173 12
75 173 12
84 168 22
84 168 12
84 168 12
84 168 12
84 168 12
84 168 12
84 168 12
84 168 12
84 168 12
84 168 12
84 168 12
84 168 12
84 168 12
84 168 12
84 168 12
84 168 12
84 168 12
84 168 12
84 168 12
84 168 12
84 168 12
84 168 12
84 168 12
84 168 12
84 168 12
84 168 12
84 168 12
84 168 12
84 168 12
84 168 12
84 168 12
84 168 12
84 168 12
84 168 12
84 168 12
84 168 12
84 168 12
84 168 12
84 168 12
84 168 12
84 168 12
84 168 12
84 168 12
84 168 12
84 168 12
84 168 12
84 168 12
74 182 22
84 148 22
93 152 22
93 152 12
93 152 12
93 152 12
93 152 12
93 152 12
93 152 12
93 152 12
93 152 12
93 152 12
75 154 22
75 163 22
75 163 12
75 163 12
75 163 12
75 163 12
75 163 12
75 163 12
75 163 12
44 185 22
44 185 12
44 185 12
44 185 12
44 185 12
44 185 12
44 185 12
44 185 12
44 185 12
44 185 12
44 185 12
44 185 12
44 185 12
44 185 12
44 185 12
44 185 12
44 185 12
44 185 12
44 185 12
44 185 12
44 185 12
163 109 22
163 109 12
163 109 12
163 109 12
163 109 12
174 124 22
174 124 12
174 124 12
174 124 12
174 124 12
174 124 12
174 124 12
174 124 12
174 124 12
174 124 12
174 124 12
174 124 12
174 124 12
174 124 12
174 124 12
174 124 12
174 124 12
174 124 12
174 124 12
174 124 12
174 124 12
174 124 12
174 124 12
174 124 12
174 124 12
174 124 12
174 124 12
174 124 12
174 124 12
174 124 12
174 124 12
174 124 12
174 124 12
174 124 12
174 124 12
174 124 12
174 124 12
155 63 22
147 57 22
147 57 12
147 57 12
147 57 12
147 57 12
147 57 12
147 57 12
147 57 12
147 57 12
147 57 12
147 57 12
147 57 12
147 57 12
147 57 12
147 57 12
147 57 12
177 47 22
186 52 22
194 46 22
194 46 12
194 46 12
194 46 12
194 46 12
194 46 12
194 46 12
194 46 12
170 52 22
163 58 22
178 58 22
178 58 12
178 58 12
178 58 12
178 58 12
178 58 12
178 58 12
178 58 12
178 58 12
178 58 12
178 58 12
178 58 12
178 58 12
178 58 12
178 58 12
178 58 12
178 58 12
171 63 22
171 63 12
171 63 12
171 63 12
171 63 12
171 63 12
171 63 12
171 63 12
164 69 22
164 69 12
156 74 22
154 52 22
154 52 12
154 52 12
154 52 12
162 46 22
169 41 22
176 35 22
176 35 12
176 35 12
176 35 12
176 35 12
176 35 12
176 35 12
176 35 12
176 35 12
176 35 12
176 35 12
176 35 12
176 35 12
164 79 22
164 79 12
164 79 12
164 79 12
164 90 22
155 84 22
154 94 22
153 104 22
153 104 12
153 104 12
153 104 12
153 104 12
153 104 12
153 104 12
153 104 12
153 104 12
153 104 12
153 104 12
153 104 12
153 104 12
153 104 12
153 104 12
153 104 12
153 104 12
153 104 12
153 104 12
153 104 12
153 104 12
153 104 12
153 104 12
153 104 12
153 104 12
153 104 12
153 104 12
153 104 12
153 104 12
153 104 12
153 104 12
153 104 12
153 104 12
153 104 12
153 104 12
153 104 12
153 104 12
153 104 12
153 104 12
153 104 12
153 104 12
153 104 12
153 104 12
153 104 12
153 104 12
153 104 12
153 104 12
153 104 12
153 104 12
153 104 12
153 104 12
153 104 12
163 119 22
163 119 12
163 119 12
163 119 12
163 119 12
163 119 12
163 119 12
163 119 12
163 119 12
163 119 12
163 119 12
163 119 12
163 119 12
163 119 12
163 119 12
163 119 12
163 119 12
163 119 12
163 119 12
163 119 12
163 119 12
163 119 12
163 119 12
163 119 12
163 119 12
163 119 12
163 119 12
163 119 12
163 119 12
163 119 12
163 119 12
163 119 12
163 119 12
163 119 12
163 119 12
163 119 12
163 119 12
163 119 12
163 119 12
163 119 12
163 119 12
163 119 12
163 119 12
163 119 12
163 119 12
163 119 12
163 119 12
163 119 12
163 119 12
163 119 12
163 119 12
163 119 12
163 119 12
163 119 12
163 119 12
163 119 12
163 119 12
163 119 12
163 119 12
163 119 12
174 115 22
174 115 12
174 105 22
172 74 22
172 74 12
172 74 12
172 74 12
172 74 12
172 74 12
172 74 12
172 74 12
172 74 12
172 74 12
172 74 12
172 74 12
172 74 12
172 74 12
172 74 12
172 74 12
172 74 12
172 74 12
172 74 12
172 74 12
172 74 12
172 74 12
172 74 12
172 74 12
172 74 12
172 74 12
172 74 12
172 74 12
172 74 12
172 74 12
172 74 12
172 74 12
172 74 12
172 74 12
172 74 12
172 74 12
172 74 12
172 74 12
172 74 12
172 74 12
172 74 12
172 74 12
172 74 12
172 74 12
172 74 12
172 74 12
172 74 12
172 74 12
172 74 12
172 74 12
172 74 12
172 74 12
172 74 12
50 64 22
41 58 22
41 58 12
39 108 22
119 131 22
119 131 12
119 131 12
119 131 12
119 142 22
119 142 12
119 142 12
119 142 12
119 142 12
119 142 12
48 115 22
48 115 12
48 115 12
48 115 12
48 115 12
48 115 12
48 115 12
48 115 12
48 115 12
110 138 22
110 138 12
110 138 12
110 138 12
110 138 12
110 138 12
110 138 12
110 138 12
110 138 12
110 138 12
110 138 12
110 138 12
110 138 12
110 138 12
110 138 12
110 138 12
110 138 12
110 138 12
110 138 12
110 138 12
110 138 12
110 138 12
110 138 12
110 138 12
110 138 12
110 138 12
57 109 22
57 109 12
57 109 12
57 109 12
57 109 12
57 109 12
57 109 12
57 109 12
57 109 12
57 109 12
57 109 12
57 109 12
50 53 22
101 145 22
101 145 12
101 145 12
101 145 12
101 145 12
101 145 12
101 145 12
101 145 12
101 145 12
101 145 12
101 145 12
101 145 12
101 145 12
101 145 12
101 145 12
101 145 12
101 145 12
101 145 12
101 145 12
101 145 12
101 145 12
101 145 12
101 145 12
101 145 12
101 145 12
101 145 12
101 145 12
101 145 12
101 145 12
101 145 12
101 145 12
101 145 12
101 145 12
101 145 12
101 145 12
101 145 12
101 145 12
101 145 12
101 145 12
101 145 12
101 145 12
101 145 12
101 145 12
101 145 12
101 145 12
101 145 12
101 145 12
101 145 12
101 145 12
101 145 12
101 145 12
101 145 12
101 145 12
101 145 12
101 145 12
101 145 12
101 145 12
101 145 12
101 145 12
101 145 12
101 145 12
101 145 12
101 145 12
101 145 12
101 145 12
101 145 12
101 145 12
101 145 12
101 145 12
101 145 12
101 145 12
101 145 12
101 145 12
110 127 22
110 127 12
110 127 12
110 127 12
110 127 12
110 127 12
110 127 12
110 127 12
110 127 12
110 127 12
110 127 12
110 127 12
110 127 12
110 127 12
110 127 12
110 127 12
110 127 12
110 127 12
110 127 12
110 127 12
110 127 12
110 127 12
110 127 12
110 127 12
110 127 12
110 127 12
110 127 12
110 127 12
110 127 12
110 127 12
110 127 12
110 127 12
110 127 12
110 127 12
110 127 12
110 127 12
110 127 12
110 127 12
110 127 12
110 127 12
110 127 12
110 127 12
110 127 12
110 127 12
110 127 12
110 127 12
110 127 12
110 127 12
110 127 12
110 127 12
110 127 12
110 127 12
110 127 12
60 59 22
60 59 12
60 59 12
60 59 12
60 59 12
60 59 12
60 59 12
60 59 12
60 59 12
60 59 12
60 59 12
60 59 12
60 59 12
60 59 12
60 59 12
60 59 12
59 48 22
59 48 12
59 48 12
59 48 12
59 48 12
59 48 12
59 48 12
59 48 12
59 48 12
59 48 12
59 48 12
59 48 12
59 48 12
59 48 12
59 48 12
59 48 12
59 48 12
59 48 12
59 48 12
59 48 12
59 48 12
59 48 12
59 48 12
59 48 12
59 48 12
59 48 12
59 48 12
59 48 12
59 48 12
59 48 12
59 48 12
59 48 12
59 48 12
59 48 12
59 48 12
59 48 12
59 48 12
59 48 12
59 48 12
59 48 12
59 48 12
59 48 12
59 48 12
59 48 12
59 48 12
59 48 12
59 48 12
59 48 12
59 48 12
59 48 12
59 48 12
59 48 12
59 48 12
59 48 12
59 48 12
59 48 12
59 48 12
59 48 12
59 48 12
59 48 12
59 48 12
59 48 12
59 48 12
59 48 12
59 48 12
59 48 12
59 48 12
59 48 12
59 48 12
59 48 12
59 48 12
59 48 12
59 48 12
59 48 12
59 48 12
59 48 12
31 63 22
31 63 12
31 63 12
31 63 12
31 63 12
31 63 12
31 63 12
31 63 12
31 63 12
31 63 12
31 63 12
31 63 12
31 63 12
31 63 12
31 63 12
31 63 12
31 63 12
31 63 12
31 63 12
31 63 12
31 63 12
31 63 12
31 63 12
31 63 12
31 63 12
31 63 12
31 63 12
31 63 12
31 63 12
31 63 12
31 63 12
31 63 12
31 63 12
31 63 12
31 63 12
31 63 12
31 63 12
31 63 12
31 63 12
31 63 12
31 63 12
31 63 12
31 63 12
31 63 12
31 63 12
31 63 12
31 63 12
38 120 22
38 120 12
38 120 12
38 120 12
38 120 12
38 120 12
38 120 12
38 120 12
38 120 12
38 120 12
38 120 12
38 120 12
38 120 12
38 120 12
38 120 12
38 120 12
38 120 12
38 120 12
38 120 12
38 120 12
38 120 12
38 120 12
38 120 12
38 120 12
38 120 12
38 120 12
38 120 12
38 120 12
38 120 12
38 120 12
38 120 12
38 120 12
38 120 12
38 120 12
38 120 12
38 120 12
38 120 12
38 120 12
38 120 12
38 120 12
38 120 12
38 120 12
38 120 12
38 120 12
38 120 12
38 120 12
38 120 12
38 120 12
38 120 12
38 120 12
38 120 12
38 120 12
38 120 12
38 120 12
38 120 12
38 120 12
38 120 12
38 120 12
38 120 12
38 120 12
38 120 12
38 120 12
38 120 12
38 120 12
38 120 12
38 120 12
38 120 12
38 120 12
38 120 12
38 120 12
38 120 12
38 120 12
38 120 12
38 120 12
38 120 12
38 120 12
38 120 12
38 120 12
38 120 12
38 120 12
38 120 12
38 120 12
38 120 12
38 120 12
38 120 12
38 120 12
38 120 12
38 120 12
38 120 12
38 120 12
38 120 12
38 120 12
38 120 12
38 120 12
38 120 12
38 120 12
38 120 12
129 147 22
129 147 12
129 147 12
129 147 12
129 147 12
129 147 12
139 140 22
139 140 12
139 140 12
139 140 12
139 140 12
139 140 12
139 140 12
139 140 12
139 140 12
139 140 12
139 140 12
139 140 12
139 140 12
139 140 12
139 140 12
139 140 12
139 140 12
139 140 12
139 140 12
139 140 12
139 140 12
139 140 12
139 140 12
139 140 12
139 140 12
139 140 12
139 140 12
139 140 12
139 140 12
139 140 12
139 140 12
139 140 12
139 140 12
139 140 12
139 140 12
139 140 12
139 140 12
139 140 12
139 140 12
139 140 12
139 140 12
139 140 12
139 140 12
139 140 12
139 140 12
139 140 12
139 140 12
139 140 12
139 140 12
139 140 12
139 140 12
139 140 12
139 140 12
139 140 12
139 140 12
139 140 12
139 140 12
139 140 12
139 140 12
139 140 12
139 140 12
139 140 12
139 140 12
139 140 12
139 140 12
139 140 12
139 140 12
139 140 12
139 140 12
139 140 12
139 140 12
139 140 12
139 140 12
139 140 12
139 140 12
139 140 12
139 140 12
139 140 12
139 140 12
139 140 12
139 140 12
139 140 12
139 140 12
139 140 12
139 140 12
139 140 12
139 140 12
139 140 12
139 140 12
31 75 22
31 75 12
31 75 12
31 75 12
31 75 12
31 75 12
31 75 12
31 75 12
31 75 12
31 75 12
31 75 12
31 75 12
31 75 12
31 75 12
31 75 12
31 75 12
31 75 12
31 75 12
31 75 12
31 75 12
31 75 12
31 75 12
31 75 12
31 75 12
31 75 12
31 75 12
31 75 12
31 75 12
31 75 12
31 75 12
31 75 12
31 75 12
31 75 12
31 75 12
31 75 12
31 75 12
31 75 12
31 75 12
31 75 12
31 75 12
31 75 12
31 75 12
31 75 12
31 75 12
31 75 12
31 75 12
31 75 12
31 75 12
31 75 12
31 75 12
31 75 12
31 75 12
31 75 12
31 75 12
31 75 12
31 75 12
31 75 12
31 75 12
39 95 22
40 82 22
40 82 12
40 82 12
40 82 12
40 82 12
40 82 12
129 158 22
129 158 12
129 158 12
129 158 12
129 158 12
129 158 12
129 158 12
129 158 12
129 158 12
129 158 12
129 158 12
129 158 12
129 158 12
129 158 12
129 158 12
129 158 12
129 158 12
129 158 12
129 158 12
129 158 12
129 158 12
129 158 12
129 158 12
129 158 12
129 158 12
129 158 12
129 158 12
129 158 12
129 158 12
129 158 12
129 158 12
129 158 12
129 158 12
129 158 12
129 158 12
129 158 12
129 158 12
129 158 12
129 158 12
129 158 12
129 158 12
129 158 12
129 158 12
129 158 12
129 158 12
129 158 12
129 158 12
129 158 12
129 158 12
129 158 12
129 158 12
129 125 22
120 121 22
120 121 12
120 121 12
120 121 12
120 121 12
120 121 12
120 121 12
120 121 12
120 121 12
120 121 12
120 121 12
120 121 12
120 121 12
120 121 12
120 121 12
120 121 12
120 121 12
120 121 12
130 115 22
121 110 22
65 168 22
65 168 12
65 168 12
65 168 12
66 158 22
66 158 12
66 158 12
49 89 22
50 76 22
60 70 22
60 70 12
59 83 22
59 83 12
59 83 12
59 83 12
59 83 12
59 83 12
59 83 12
59 83 12
59 83 12
59 83 12
59 83 12
59 83 12
59 83 12
59 83 12
59 83 12
59 83 12
59 83 12
59 83 12
59 83 12
59 83 12
59 83 12
59 83 12
59 83 12
59 83 12
132 104 22
132 104 12
132 104 12
132 104 12
132 104 12
132 104 12
132 104 12
132 104 12
132 104 12
132 104 12
132 104 12
132 104 12
132 104 12
132 104 12
132 104 12
132 104 12
132 104 12
132 104 12
132 104 12
132 104 12
132 104 12
132 104 12
132 104 12
132 104 12
132 104 12
132 104 12
132 104 12
132 104 12
132 104 12
132 104 12
132 104 12
132 104 12
132 104 12
132 104 12
132 104 12
132 104 12
132 104 12
132 104 12
132 104 12
132 104 12
132 104 12
132 104 12
132 104 12
132 104 12
132 104 12
132 104 12
132 104 12
132 104 12
132 104 12
132 104 12
132 104 12
132 104 12
132 104 12
132 104 12
132 104 12
132 104 12
132 104 12
132 104 12
66 149 22
66 149 12
75 143 22
66 138 22
66 138 12
66 138 12
66 138 12
66 138 12
66 138 12
66 138 12
66 138 12
66 138 12
66 138 12
66 138 12
123 99 22
123 99 12
123 99 12
123 99 12
123 99 12
123 99 12
123 99 12
123 99 12
123 99 12
123 99 12
123 99 12
123 99 12
123 99 12
123 99 12
123 99 12
123 99 12
123 99 12
123 99 12
123 99 12
123 99 12
123 99 12
123 99 12
123 99 12
123 99 12
123 99 12
123 99 12
123 99 12
123 99 12
123 99 12
123 99 12
123 99 12
123 99 12
123 99 12
123 99 12
123 99 12
123 99 12
123 99 12
123 99 12
123 99 12
123 99 12
123 99 12
123 99 12
123 99 12
123 99 12
123 99 12
123 99 12
123 99 12
123 99 12
123 99 12
123 99 12
123 99 12
123 99 12
123 99 12
123 99 12
123 99 12
123 99 12
123 99 12
123 99 12
123 99 12
123 99 12
123 99 12
123 99 12
123 99 12
123 99 12
123 99 12
123 99 12
123 99 12
123 99 12
123 99 12
123 99 12
123 99 12
123 99 12
123 99 12
123 99 12
123 99 12
123 99 12
123 99 12
123 99 12
123 99 12
123 99 12
123 99 12
123 99 12
123 99 12
123 99 12
123 99 12
123 99 12
123 99 12
123 99 12
123 99 12
123 99 12
123 99 12
123 99 12
123 99 12
123 99 12
111 116 22
111 116 12
111 116 12
111 116 12
111 116 12
111 116 12
111 116 12
111 116 12
111 116 12
111 116 12
111 116 12
111 116 12
111 116 12
111 116 12
111 116 12
111 116 12
112 105 22
112 105 12
112 105 12
112 105 12
112 105 12
112 105 12
112 105 12
112 105 12
112 105 12
102 112 22
102 112 12
102 112 12
102 112 12
102 112 12
102 112 12
102 112 12
102 112 12
102 112 12
102 112 12
102 112 12
102 112 12
102 112 12
104 101 22
104 101 12
104 101 12
104 101 12
104 101 12
104 101 12
104 101 12
104 101 12
104 101 12
104 101 12
104 101 12
104 101 12
104 101 12
104 101 12
104 101 12
104 101 12
104 101 12
104 101 12
69 65 22
69 65 12
69 65 12
69 65 12
69 65 12
69 65 12
69 65 12
69 65 12
69 65 12
69 65 12
69 65 12
69 65 12
69 65 12
69 65 12
69 65 12
69 65 12
69 65 12
69 65 12
69 65 12
69 65 12
69 65 12
69 65 12
69 65 12
69 65 12
69 65 12
69 65 12
69 65 12
69 65 12
69 65 12
69 65 12
69 65 12
69 65 12
69 65 12
69 65 12
69 65 12
69 65 12
69 65 12
69 65 12
69 65 12
69 65 12
69 65 12
69 65 12
69 65 12
69 65 12
69 65 12
69 65 12
69 65 12
69 65 12
69 65 12
69 65 12
69 65 12
69 65 12
69 65 12
69 65 12
93 162 22
93 162 12
93 162 12
93 162 12
93 162 12
93 162 12
93 162 12
93 162 12
93 162 12
93 162 12
57 121 22
66 127 22
66 127 12
66 127 12
94 107 22
94 107 12
94 107 12
94 107 12
94 107 12
94 107 12
94 107 12
94 107 12
94 107 12
94 107 12
94 107 12
94 107 12
94 107 12
94 107 12
94 107 12
94 107 12
94 107 12
94 107 12
94 107 12
94 107 12
94 107 12
94 107 12
94 107 12
94 107 12
94 107 12
94 107 12
94 107 12
94 107 12
94 107 12
94 107 12
119 154 22
119 154 12
119 154 12
119 154 12
119 154 12
119 154 12
119 154 12
119 154 12
119 154 12
119 154 12
119 154 12
119 154 12
119 154 12
119 154 12
119 154 12
119 154 12
119 154 12
119 154 12
119 154 12
119 154 12
119 154 12
119 154 12
119 154 12
119 154 12
119 154 12
119 154 12
119 154 12
119 154 12
119 154 12
119 154 12
119 154 12
119 154 12
119 154 12
119 154 12
119 154 12
119 154 12
119 154 12
119 154 12
119 154 12
119 154 12
119 154 12
119 154 12
119 154 12
119 154 12
119 154 12
119 154 12
119 154 12
119 154 12
119 154 12
119 154 12
119 154 12
119 154 12
119 154 12
119 154 12
119 154 12
119 154 12
119 154 12
119 154 12
119 154 12
119 154 12
119 154 12
119 154 12
119 154 12
119 154 12
119 154 12
119 154 12
119 154 12
119 154 12
119 154 12
119 154 12
119 154 12
119 154 12
119 154 12
119 154 12
119 154 12
119 154 12
119 154 12
119 154 12
119 154 12
119 154 12
119 154 12
119 154 12
119 154 12
119 154 12
119 154 12
119 154 12
119 154 12
119 154 12
119 154 12
119 154 12
119 154 12
119 154 12
119 154 12
119 154 12
119 154 12
119 154 12
119 154 12
119 154 12
119 154 12
119 154 12
95 95 22
95 95 12
95 95 12
95 95 12
95 95 12
95 95 12
87 90 22
85 102 22
85 102 12
85 102 12
85 102 12
85 102 12
77 96 22
77 96 12
77 96 12
67 103 22
67 103 12
67 103 12
67 103 12
67 103 12
67 103 12
67 103 12
67 103 12
67 103 12
67 103 12
67 103 12
67 103 12
67 103 12
67 103 12
67 103 12
67 103 12
67 103 12
67 103 12
67 103 12
67 103 12
67 103 12
67 103 12
67 103 12
67 103 12
67 103 12
67 103 12
67 103 12
67 103 12
67 103 12
67 103 12
67 103 12
67 103 12
67 103 12
67 103 12
67 103 12
67 103 12
67 103 12
67 103 12
67 103 12
67 103 12
185 130 22
184 141 22
185 120 22
184 110 22
153 40 22
160 35 22
146 46 22
146 46 12
146 46 12
146 46 12
146 46 12
146 46 12
146 46 12
146 46 12
146 46 12
146 46 12
146 46 12
146 46 12
146 46 12
146 46 12
146 46 12
146 46 12
146 46 12
146 46 12
146 46 12
146 46 12
146 46 12
146 46 12
146 46 12
146 46 12
146 46 12
146 46 12
146 46 12
146 46 12
146 46 12
146 46 12
146 46 12
146 46 12
146 46 12
146 46 12
146 46 12
146 46 12
146 46 12
146 46 12
146 46 12
146 46 12
146 46 12
146 46 12
146 46 12
146 46 12
146 46 12
146 46 12
146 46 12
146 46 12
146 46 12
146 46 12
146 46 12
146 46 12
146 46 12
146 46 12
146 46 12
168 29 22
168 29 12
168 29 12
168 29 12
168 29 12
168 29 12
168 29 12
168 29 12
168 29 12
168 29 12
168 29 12
138 62 22
138 62 12
138 62 12
138 62 12
138 62 12
138 62 12
138 62 12
138 62 12
138 62 12
138 62 12
138 62 12
138 62 12
138 62 12
138 62 12
138 62 12
138 62 12
138 62 12
138 62 12
138 62 12
138 62 12
138 62 12
138 62 12
138 62 12
138 62 12
138 62 12
138 62 12
138 62 12
152 29 22
159 23 22
159 23 12
159 23 12
159 23 12
159 23 12
159 23 12
167 18 22
167 18 12
167 18 12
167 18 12
167 18 12
167 18 12
167 18 12
167 18 12
167 18 12
167 18 12
167 18 12
167 18 12
167 18 12
167 18 12
167 18 12
167 18 12
167 18 12
167 18 12
167 18 12
167 18 12
167 18 12
167 18 12
167 18 12
167 18 12
167 18 12
167 18 12
167 18 12
167 18 12
167 18 12
167 18 12
167 18 12
167 18 12
167 18 12
167 18 12
167 18 12
167 18 12
167 18 12
167 18 12
167 18 12
167 18 12
167 18 12
167 18 12
167 18 12
167 18 12
167 18 12
167 18 12
167 18 12
167 18 12
167 18 12
167 18 12
167 18 12
167 18 12
167 18 12
167 18 12
167 18 12
167 18 12
167 18 12
167 18 12
167 18 12
167 18 12
167 18 12
167 18 12
167 18 12
167 18 12
167 18 12
167 18 12
167 18 12
167 18 12
167 18 12
167 18 12
167 18 12
167 18 12
151 18 22
151 18 12
151 18 12
151 18 12
151 18 12
151 18 12
151 18 12
151 18 12
151 18 12
151 18 12
151 18 12
151 18 12
151 18 12
151 18 12
151 18 12
151 18 12
151 18 12
45 15 22
35 10 22
35 10 12
35 10 12
35 10 12
36 20 22
173 146 22
173 146 12
173 146 12
173 146 12
173 146 12
173 146 12
173 146 12
173 146 12
173 146 12
173 146 12
173 146 12
173 146 12
173 146 12
145 89 22
145 89 12
145 89 12
145 89 12
145 89 12
145 89 12
145 89 12
145 89 12
145 89 12
145 89 12
145 89 12
145 89 12
145 89 12
146 79 22
137 73 22
136 84 22
136 84 12
136 84 12
136 84 12
136 84 12
136 84 12
136 84 12
136 84 12
136 84 12
136 84 12
136 84 12
136 84 12
136 84 12
136 84 12
136 84 12
136 84 12
136 84 12
136 84 12
136 84 12
136 84 12
136 84 12
136 84 12
136 84 12
136 84 12
136 84 12
136 84 12
136 84 12
136 84 12
136 84 12
136 84 12
136 84 12
136 84 12
136 84 12
136 84 12
136 84 12
136 84 12
136 84 12
136 84 12
136 84 12
136 84 12
136 84 12
136 84 12
136 84 12
136 84 12
136 84 12
136 84 12
136 84 12
136 84 12
136 84 12
136 84 12
136 84 12
136 84 12
136 84 12
136 84 12
136 84 12
136 84 12
136 84 12
136 84 12
66 115 22
66 115 12
66 115 12
66 115 12
66 115 12
66 115 12
66 115 12
66 115 12
66 115 12
66 115 12
66 115 12
66 115 12
66 115 12
66 115 12
66 115 12
66 115 12
66 115 12
66 115 12
66 115 12
66 115 12
66 115 12
66 115 12
66 115 12
66 115 12
66 115 12
66 115 12
66 115 12
66 115 12
66 115 12
66 115 12
66 115 12
66 115 12
66 115 12
66 115 12
66 115 12
66 115 12
66 115 12
66 115 12
66 115 12
66 115 12
66 115 12
66 115 12
66 115 12
66 115 12
66 115 12
66 115 12
58 96 22
46 24 22
37 29 22
39 38 22
39 38 12
39 38 12
39 38 12
39 38 12
39 38 12
39 38 12
39 38 12
40 47 22
40 47 12
40 47 12
40 47 12
40 47 12
40 47 12
40 47 12
40 47 12
40 47 12
40 47 12
40 47 12
40 47 12
40 47 12
40 47 12
40 47 12
40 47 12
40 47 12
40 47 12
40 47 12
40 47 12
40 47 12
40 47 12
40 47 12
40 47 12
40 47 12
47 34 22
49 43 22
49 43 12
49 43 12
49 43 12
44 6 15
44 7 15
44 8 15
44 9 15
44 10 15
44 11 15
44 12 15
44 13 15
44 14 15
44 15 15
45 16 15
45 17 15
45 18 15
45 19 15
45 20 15
45 21 15
45 22 15
45 23 15
45 24 15
45 25 15
45 26 15
45 27 15
45 28 15
45 29 15
45 30 15
45 31 15
45 32 15
46 32 15
46 33 15
46 34 15
47 35 15
47 36 15
47 37 15
47 38 15
47 39 15
47 39 12
47 40 15
47 40 12
47 41 15
47 41 12
47 41 12
47 42 15
47 42 12
47 42 12
47 43 15
47 43 12
47 43 12
47 43 12
47 43 12
47 44 15
47 44 12
47 44 12
47 44 12
47 44 12
47 44 12
47 45 15
47 45 12
47 45 12
47 45 12
47 45 12
47 45 12
47 45 12
47 46 15
47 46 12
47 46 12
47 46 12
47 46 12
47 46 12
47 46 12
47 46 12
47 47 19
47 47 12
47 47 12
47 47 12
47 47 12
47 47 12
47 47 12
47 48 30
47 48 12
47 48 12
47 48 12
47 48 12
47 48 12
47 49 33
47 49 12
47 49 12
47 49 12
47 50 29
47 50 12
47 50 12
47 51 17
47 51 12
47 51 12
47 52 15
47 52 12
47 53 15
47 53 12
46 53 15
46 53 12
46 54 15
46 54 12
46 55 15
46 56 15
46 57 15
45 57 15
44 57 15
43 57 15
43 57 12
43 58 15
42 58 15
42 58 12
41 59 15
41 59 12
41 60 15
41 60 12
41 61 15
41 61 12
41 62 15
41 63 15
41 64 15
41 65 15
41 66 15
41 67 15
41 68 15
42 69 22
43 69 34
43 70 53
43 71 66
43 72 72
43 73 72
43 74 67
43 75 57
43 76 44
43 77 29
43 78 15
43 79 15
43 80 15
43 81 15
43 81 12
43 82 15
43 82 12
43 83 15
43 83 12
43 84 15
43 84 12
43 85 15
43 85 12
43 86 15
43 86 12
43 87 15
43 88 15
43 89 15
43 90 15
43 91 15
43 92 15
43 93 15
43 94 15
43 95 15
43 96 15
43 97 15
43 98 15
43 99 15
44 99 15
44 100 15
44 101 15
45 101 15
45 102 15
45 103 15
46 103 15
47 103 15
58 97 15
58 97 12
58 98 15
58 98 12
58 99 15
58 99 12
57 99 15
57 100 15
57 100 12
57 101 15
57 101 12
56 101 15
55 101 15
55 102 15
55 103 15
55 103 12
54 103 15
54 104 15
54 104 12
53 104 15
53 104 12
52 104 15
51 104 15
50 104 15
49 104 15
48 104 15
59 96 18
59 96 12
60 96 25
61 96 37
62 96 55
63 96 77
64 96 101
65 96 127
66 96 152
67 96 175
68 96 194
69 96 207
70 96 213
71 96 212
72 96 202
73 96 184
74 96 158
75 96 124
76 96 85
78 96 15
78 96 12
79 96 15
79 96 12
80 96 15
80 96 12
80 97 15
80 97 12
81 97 15
81 97 12
82 97 15
83 97 15
83 98 15
83 98 12
83 99 15
83 99 12
84 99 15
84 99 12
84 100 15
84 100 12
84 100 12
85 100 15
85 100 12
86 100 15
86 100 12
87 100 15
87 100 12
88 100 15
88 100 12
89 100 15
89 100 12
89 100 12
90 100 15
90 100 12
90 100 12
91 100 15
91 100 12
91 100 12
91 100 12
92 100 15
92 100 12
92 100 12
92 100 12
93 100 15
93 100 12
93 100 12
93 100 12
93 100 12
93 100 12
94 100 15
94 100 12
94 100 12
94 100 12
94 100 12
94 100 12
94 100 12
95 100 42
95 100 12
95 100 12
95 100 12
95 100 12
95 100 12
95 101 63
95 101 12
95 101 12
95 101 12
95 101 12
95 101 12
96 101 82
96 101 12
96 101 12
96 101 12
96 101 12
96 101 12
96 102 100
96 102 12
96 102 12
96 102 12
96 102 12
96 102 12
96 102 12
97 102 106
97 102 12
97 102 12
97 102 12
97 102 12
97 102 12
97 102 12
97 102 12
98 102 111
98 102 12
98 102 12
98 102 12
98 102 12
98 102 12
98 102 12
98 102 12
98 102 12
98 103 113
98 103 12
98 103 12
98 103 12
98 103 12
98 103 12
98 103 12
98 103 12
98 103 12
98 103 12
98 103 12
98 103 12
99 103 104
99 103 12
99 103 12
99 103 12
99 103 12
99 103 12
99 103 12
99 103 12
99 103 12
99 103 12
99 103 12
99 103 12
99 103 12
99 103 12
100 103 95
100 103 12
100 103 12
100 103 12
100 103 12
100 103 12
100 103 12
100 103 12
100 103 12
100 103 12
100 103 12
100 103 12
100 103 12
100 103 12
100 103 12
100 103 12
100 104 80
100 104 12
100 104 12
100 104 12
100 104 12
100 104 12
100 104 12
100 104 12
100 104 12
100 104 12
100 104 12
100 104 12
100 104 12
100 104 12
100 104 12
100 104 12
100 104 12
100 104 12
100 104 12
101 104 59
101 104 12
101 104 12
101 104 12
101 104 12
101 104 12
101 104 12
101 104 12
101 104 12
101 104 12
101 104 12
101 104 12
101 104 12
101 104 12
101 104 12
101 104 12
101 104 12
101 104 12
101 104 12
101 104 12
101 104 12
102 104 41
102 104 12
102 104 12
102 104 12
102 104 12
102 104 12
102 104 12
102 104 12
102 104 12
102 104 12
102 104 12
102 104 12
102 104 12
102 104 12
102 104 12
102 104 12
102 104 12
102 104 12
102 104 12
102 104 12
102 104 12
102 104 12
102 105 15
102 105 12
102 105 12
102 105 12
102 105 12
102 105 12
102 105 12
102 105 12
102 105 12
102 105 12
102 105 12
102 105 12
102 105 12
102 105 12
102 105 12
102 105 12
102 105 12
102 105 12
102 105 12
102 105 12
102 105 12
102 105 12
102 105 12
102 105 12
102 105 12
102 106 15
102 106 12
102 106 12
102 106 12
102 106 12
102 106 12
102 106 12
102 106 12
102 106 12
102 106 12
102 106 12
102 106 12
102 106 12
102 106 12
102 106 12
102 106 12
102 106 12
102 106 12
102 106 12
102 106 12
102 106 12
102 106 12
102 106 12
102 106 12
102 106 12
102 106 12
103 106 15
103 106 12
103 106 12
103 106 12
103 106 12
103 106 12
103 106 12
103 106 12
103 106 12
103 106 12
103 106 12
103 106 12
103 106 12
103 106 12
103 106 12
103 106 12
103 106 12
103 106 12
103 106 12
103 106 12
103 106 12
103 106 12
103 106 12
103 106 12
103 107 15
103 107 12
103 107 12
103 107 12
103 107 12
103 107 12
103 107 12
103 107 12
103 107 12
103 107 12
103 107 12
103 107 12
103 107 12
103 107 12
103 107 12
103 107 12
103 107 12
103 107 12
103 107 12
103 107 12
103 107 12
103 107 12
103 107 12
103 108 15
103 108 12
103 108 12
103 108 12
103 108 12
103 108 12
103 108 12
103 108 12
103 108 12
103 108 12
103 108 12
103 108 12
103 108 12
103 108 12
103 108 12
103 108 12
103 108 12
103 108 12
103 108 12
103 108 12
103 108 12
103 109 15
103 109 12
103 109 12
103 109 12
103 109 12
103 109 12
103 109 12
103 109 12
103 109 12
103 109 12
103 109 12
103 109 12
103 109 12
103 109 12
103 109 12
103 109 12
103 109 12
103 109 12
103 109 12
103 110 15
103 110 12
103 110 12
103 110 12
103 110 12
103 110 12
103 110 12
103 110 12
103 110 12
103 110 12
103 110 12
103 110 12
103 110 12
103 110 12
103 110 12
103 110 12
103 110 12
104 110 15
104 110 12
104 110 12
104 110 12
104 110 12
104 110 12
104 110 12
104 110 12
104 110 12
104 110 12
104 110 12
104 110 12
104 110 12
104 110 12
104 110 12
105 110 15
105 110 12
105 110 12
105 110 12
105 110 12
105 110 12
105 110 12
105 110 12
105 110 12
105 110 12
105 110 12
105 110 12
105 110 12
105 110 12
106 110 15
106 110 12
106 110 12
106 110 12
106 110 12
106 110 12
106 110 12
106 110 12
106 110 12
106 110 12
106 110 12
106 110 12
107 110 15
107 110 12
107 110 12
107 110 12
107 110 12
107 110 12
107 110 12
107 110 12
107 110 12
107 110 12
107 110 12
108 110 15
108 110 12
108 110 12
108 110 12
108 110 12
108 110 12
108 110 12
108 110 12
108 110 12
109 110 15
109 110 12
109 110 12
109 110 12
109 110 12
109 110 12
109 110 12
109 110 12
110 110 15
110 110 12
110 110 12
110 110 12
110 110 12
110 110 12
110 110 12
111 110 15
111 110 12
111 110 12
111 110 12
111 110 12
111 110 12
112 110 15
112 110 12
112 110 12
112 110 12
112 110 12
112 110 12
113 110 15
113 110 12
113 110 12
113 110 12
113 110 12
114 110 15
114 110 12
114 110 12
114 110 12
115 110 15
115 110 12
115 110 12
115 110 12
116 110 15
116 110 12
116 110 12
117 110 15
117 110 12
117 110 12
118 110 15
118 110 12
119 110 15
119 110 12
120 110 15
120 110 12
121 111 15
121 111 12
121 112 15
121 113 15
121 113 12
121 114 15
121 114 12
121 115 15
121 115 12
121 116 15
121 116 12
122 116 15
122 116 12
122 117 15
122 117 12
123 117 15
123 117 12
123 118 15
123 118 12
124 118 15
124 118 12
125 118 15
125 119 15
125 120 15
125 120 12
126 120 15
127 120 15
127 121 15
127 122 15
127 123 15
127 124 15
127 125 15
127 126 15
127 127 15
127 128 15
127 129 15
127 130 15
127 131 15
127 132 15
127 133 15
127 134 15
127 134 12
127 135 15
127 135 12
127 136 15
127 136 12
74 143 15
73 143 15
72 143 15
72 142 15
72 142 12
71 142 15
71 142 12
70 142 15
70 142 12
69 142 25
69 142 12
69 141 43
69 140 59
69 139 71
69 138 79
69 137 82
69 136 82
68 136 77
68 136 12
68 135 66
68 135 12
68 135 12
68 134 55
68 134 12
68 134 12
68 134 12
68 133 44
68 133 12
68 133 12
68 133 12
67 133 26
67 133 12
67 133 12
67 133 12
67 133 12
67 133 12
67 132 15
67 132 12
67 132 12
67 132 12
67 132 12
67 132 12
67 132 12
67 131 15
67 131 12
67 131 12
67 131 12
67 131 12
67 131 12
66 131 15
66 131 12
66 131 12
66 131 12
66 131 12
66 131 12
66 130 15
66 130 12
66 130 12
66 130 12
66 130 12
66 129 15
66 129 12
66 129 12
66 129 12
66 128 15
66 128 12
66 128 12
66 128 12
65 127 15
65 127 12
65 127 12
64 127 15
64 127 12
64 126 15
64 126 12
63 126 15
63 126 12
63 125 15
63 125 12
62 125 15
62 125 12
61 125 15
61 125 12
61 124 15
61 124 12
60 124 15
60 123 15
60 123 12
59 123 15
58 123 15
57 123 15
57 122 15
57 122 12
56 121 19
56 120 27
55 120 32
55 119 33
55 118 37
54 118 35
54 118 12
54 117 31
54 117 12
54 117 12
54 116 29
54 116 12
54 116 12
54 116 12
54 116 12
53 116 23
53 116 12
53 116 12
53 116 12
53 116 12
53 115 15
53 115 12
53 115 12
53 115 12
53 115 12
53 115 12
53 115 12
53 115 12
53 114 15
53 114 12
53 114 12
53 114 12
53 114 12
53 114 12
53 114 12
53 114 12
53 114 12
52 114 15
52 114 12
52 114 12
52 114 12
52 114 12
52 114 12
52 114 12
52 114 12
52 114 12
51 114 15
51 114 12
51 114 12
51 114 12
51 114 12
51 114 12
51 114 12
51 114 12
51 114 12
51 113 15
51 113 12
51 113 12
51 113 12
51 113 12
51 113 12
51 113 12
51 113 12
51 113 12
50 113 15
50 113 12
50 113 12
50 113 12
50 113 12
50 113 12
50 113 12
50 113 12
50 112 15
50 112 12
50 112 12
50 112 12
50 112 12
50 112 12
50 112 12
50 112 12
49 112 15
49 112 12
49 112 12
49 112 12
49 112 12
49 112 12
49 112 12
49 111 15
49 111 12
49 111 12
49 111 12
49 111 12
49 111 12
49 110 15
49 110 12
49 110 12
49 110 12
49 110 12
49 109 15
49 109 12
49 109 12
49 109 12
49 108 15
49 108 12
49 108 12
49 107 15
49 107 12
49 106 15
49 106 12
48 106 15
48 106 12
48 105 15
75 144 15
75 145 15
75 146 15
75 147 15
75 148 15
75 149 15
75 150 15
75 151 15
75 152 15
75 153 15
74 154 15
73 154 15
72 154 15
71 154 15
71 155 15
71 156 15
71 157 15
71 158 15
70 158 15
69 158 15
69 158 12
68 158 15
68 158 12
67 158 15
67 158 12
67 159 15
67 159 12
67 159 12
67 160 15
67 160 12
67 160 12
67 161 15
67 161 12
67 161 12
67 161 12
67 162 15
67 162 12
67 162 12
67 162 12
67 163 15
67 163 12
67 163 12
67 163 12
67 163 12
67 164 15
67 164 12
67 164 12
67 164 12
67 164 12
67 165 15
67 165 12
67 165 12
67 165 12
67 165 12
67 166 15
67 166 12
67 166 12
67 166 12
66 166 15
66 166 12
66 166 12
66 166 12
66 166 12
66 167 15
66 167 12
66 167 12
66 167 12
66 167 12
66 168 15
66 168 12
66 168 12
66 168 12
66 169 15
66 169 12
66 169 12
66 170 15
66 170 12
66 170 12
66 171 15
66 171 12
66 172 15
66 172 12
66 173 15
66 173 12
66 174 15
66 175 15
65 175 15
65 176 15
65 177 15
64 178 15
64 179 15
64 180 15
64 181 15
64 182 15
63 182 15
63 183 15
63 184 15
63 185 15
76 152 15
77 152 15
78 152 15
79 152 15
80 152 15
81 152 15
81 153 15
82 153 15
83 153 15
83 153 12
83 154 15
83 154 12
84 154 15
84 154 12
85 154 15
85 154 12
85 154 12
85 155 15
85 155 12
85 155 12
85 156 15
85 156 12
85 156 12
85 156 12
85 156 12
85 157 41
85 157 12
85 157 12
85 157 12
163 100 22
163 99 30
163 98 33
162 98 28
162 97 15
162 96 15
162 95 15
162 94 15
162 93 15
162 92 15
162 91 15
162 90 15
162 89 15
162 88 15
162 87 15
162 86 15
162 85 15
162 84 15
162 83 15
162 82 15
162 81 15
162 80 15
162 79 15
162 78 15
162 78 12
162 77 15
162 77 12
162 76 15
162 76 12
162 75 15
162 75 12
162 74 15
162 74 12
162 73 15
162 73 12
162 72 15
162 72 12
163 72 15
163 72 12
163 72 12
163 71 15
163 71 12
163 71 12
163 70 15
163 70 12
163 69 15
163 69 12
163 68 15
163 68 12
163 67 15
163 66 15
163 65 15
163 64 15
163 63 15
163 62 15
163 61 15
163 60 15
163 59 15
164 58 15
165 58 15
166 58 15
166 57 15
166 56 15
167 56 15
168 56 15
168 55 15
169 55 15
169 54 15
170 54 15
170 53 15
171 52 15
172 52 15
173 52 15
174 52 15
174 52 12
175 52 19
175 52 12
175 51 24
176 51 26
176 50 27
177 50 24
178 50 18
178 50 12
179 50 15
179 50 12
180 50 15
180 50 12
180 49 15
180 49 12
181 49 15
181 49 12
182 49 15
182 49 12
183 49 15
183 49 12
184 49 15
184 49 12
185 49 15
185 49 12
185 48 15
185 48 12
185 47 15
185 47 12
185 46 15
185 46 12
185 45 15
185 45 12
185 44 15
185 44 12
185 43 15
185 43 12
185 42 15
185 42 12
162 61 15
162 62 15
162 63 15
161 63 15
160 63 15
159 63 15
158 63 15
157 63 18
156 63 18
154 63 15
153 63 15
152 63 15
151 63 15
150 63 15
149 63 15
149 64 15
148 64 15
147 64 15
147 65 15
147 66 15
147 67 15
164 101 15
164 102 15
164 103 15
165 103 15
166 103 15
167 103 15
168 103 15
169 103 15
169 104 15
169 105 15
170 105 15
171 105 15
172 105 15
173 105 15
174 106 15
174 107 15
174 108 15
174 109 15
174 110 15
174 111 15
174 112 15
174 113 15
174 114 15
174 114 12
175 115 15
175 115 12
176 115 15
176 115 12
177 115 15
177 116 15
177 116 12
178 116 15
178 117 15
178 117 12
178 118 15
178 118 12
179 118 15
179 118 12
180 118 15
180 119 15
180 120 15
180 120 12
180 121 15
180 121 12
180 122 15
180 122 12
180 123 15
180 123 12
180 124 15
180 124 12
180 125 15
180 125 12
180 126 15
180 126 12
180 127 15
180 127 12
180 128 15
180 129 15
180 130 15
180 131 15
180 132 15
179 132 15
178 132 15
178 133 15
178 134 15
177 134 15
177 135 15
176 135 15
