198 115 394
192 2 394
62 58 394
19 118 394
189 120 394
189 109 394
189 109 384
199 0 394
198 126 394
199 8 394
199 8 384
199 8 384
189 131 394
198 137 394
10 123 394
19 129 394
189 142 394
198 147 394
28 123 394
189 152 394
28 113 394
198 157 394
37 118 394
10 134 394
189 163 394
189 163 384
37 107 394
46 113 394
199 168 394
46 102 394
55 107 394
199 178 394
189 173 394
189 173 384
54 96 394
189 183 394
189 183 384
64 102 394
64 102 384
64 102 384
64 102 384
45 91 394
36 96 394
27 102 394
27 102 384
199 189 394
189 194 394
199 199 394
54 85 394
54 85 384
54 85 384
179 147 394
179 136 394
179 125 394
47 123 394
56 118 394
56 118 384
56 118 384
38 129 394
170 141 394
170 141 384
170 141 384
179 157 394
29 134 394
29 134 384
179 114 394
19 107 394
19 107 384
19 107 384
47 134 394
38 140 394
38 140 384
38 140 384
170 120 394
170 108 394
179 103 394
179 103 384
179 103 384
160 113 394
160 113 384
19 140 394
10 145 394
19 150 394
180 168 394
180 168 384
10 156 394
10 156 384
170 162 394
170 152 394
161 157 394
161 167 394
170 173 394
53 63 394
53 52 394
53 52 384
53 52 384
62 69 394
180 178 394
180 189 394
180 189 384
180 189 384
53 75 394
53 75 384
170 183 394
161 178 394
72 63 394
35 85 394
44 80 394
44 69 394
35 74 394
161 188 394
161 188 384
161 188 384
161 188 384
27 91 394
26 80 394
26 80 384
26 80 384
151 161 394
151 172 394
151 172 384
151 151 394
142 156 394
142 167 394
142 167 384
142 167 384
142 145 394
44 58 394
44 58 384
44 58 384
132 150 394
72 74 394
82 68 394
82 68 384
82 68 384
82 68 384
132 139 394
123 144 394
123 134 394
123 134 384
123 134 384
29 145 394
29 145 384
29 145 384
29 145 384
123 155 394
114 150 394
63 80 394
63 80 384
63 80 384
63 80 384
35 63 394
26 69 394
26 69 384
26 69 384
26 69 384
114 161 394
0 129 394
0 139 394
0 139 384
0 139 384
0 118 394
104 155 394
104 166 394
104 166 384
19 161 394
142 134 394
151 140 394
151 129 394
151 129 384
151 129 384
182 0 394
182 8 394
173 3 394
172 14 394
172 14 384
172 14 384
172 14 384
160 102 394
95 161 394
95 161 384
95 161 384
95 161 384
10 167 394
19 172 394
10 177 394
19 183 394
10 188 394
19 194 394
19 194 384
19 194 384
19 194 384
0 183 394
0 172 394
151 107 394
151 96 394
142 101 394
142 90 394
132 95 394
132 84 394
29 177 394
29 167 394
29 167 384
29 167 384
122 90 394
122 90 384
122 90 384
122 90 384
142 78 394
151 84 394
161 91 394
161 91 384
0 194 394
0 194 384
0 194 384
0 194 384
151 73 394
161 79 394
161 79 384
161 79 384
142 67 394
132 73 394
0 161 394
0 150 394
0 150 384
0 150 384
0 150 384
132 106 394
142 112 394
38 183 394
29 188 394
38 194 394
47 188 394
47 199 394
57 194 394
57 194 384
57 194 384
132 117 394
132 117 384
132 117 384
132 117 384
152 61 394
142 55 394
142 55 384
142 55 384
72 52 394
62 47 394
72 41 394
63 35 394
63 35 384
161 146 394
132 61 394
132 61 384
82 46 394
82 35 394
73 29 394
73 29 384
73 29 384
73 29 384
92 40 394
93 29 394
102 34 394
104 144 394
104 144 384
104 144 384
104 144 384
103 23 394
122 67 394
122 56 394
112 62 394
112 62 384
112 51 394
102 45 394
63 58 169
64 58 152
65 58 143
66 58 143
67 58 151
67 57 167
67 56 178
67 55 185
67 54 188
67 53 186
67 52 181
67 51 174
67 50 165
67 49 157
68 49 150
68 48 140
68 47 135
69 47 130
69 46 127
70 46 126
70 45 128
71 45 128
72 45 131
73 45 136
73 44 139
74 44 142
75 44 146
76 44 150
76 43 152
77 43 153
78 43 155
78 42 158
79 42 156
80 42 156
81 42 158
81 41 156
82 41 155
83 41 156
83 40 156
84 40 155
85 40 156
86 40 160
87 40 165
88 40 172
89 40 180
90 40 187
91 40 194
93 40 205
94 40 209
95 40 212
96 40 214
96 40 384
97 40 217
97 40 384
98 40 221
98 40 384
99 40 227
99 40 384
100 40 235
100 40 384
101 40 248
101 40 384
101 40 384
101 41 259
101 41 384
101 41 384
102 41 272
102 41 384
102 41 384
102 42 280
102 42 384
102 42 384
102 43 292
102 43 384
102 44 307
102 44 384
103 45 320
103 45 384
104 45 318
104 45 384
105 45 320
105 45 384
105 46 325
105 46 384
106 46 326
106 46 384
106 47 329
106 47 384
107 47 328
107 47 384
107 48 330
107 48 384
108 48 326
108 48 384
108 49 328
109 49 322
109 49 384
110 49 321
110 49 384
110 50 314
111 50 310
111 50 384
111 51 303
112 52 289
113 52 281
113 53 273
114 53 264
114 54 256
115 54 247
115 54 384
115 55 239
115 55 384
116 55 230
116 55 384
116 56 223
116 56 384
117 56 215
117 56 384
117 57 209
117 57 384
118 57 202
118 57 384
118 58 198
118 58 384
119 58 194
119 58 384
119 59 191
119 59 384
120 59 191
120 59 384
120 60 189
120 60 384
121 60 192
121 60 384
121 61 192
122 61 199
122 62 200
122 63 208
122 64 225
122 65 249
122 66 280
123 67 294
124 67 277
125 67 269
126 67 268
127 67 273
127 68 281
128 68 284
128 69 289
129 69 289
130 69 293
130 70 289
131 70 288
131 71 283
132 71 278
132 72 271
133 73 254
134 73 243
134 74 233
135 74 221
136 74 210
136 75 198
137 75 187
137 76 175
138 76 165
138 77 156
138 78 147
138 79 141
138 80 136
138 81 133
138 82 132
138 83 133
138 84 135
138 85 139
138 86 144
138 87 149
138 88 154
138 89 159
138 90 162
138 91 163
138 92 160
138 93 155
138 94 145
138 95 132
138 96 116
138 97 97
138 98 77
138 99 56
138 100 38
138 101 23
138 102 15
138 102 384
138 103 15
138 103 384
139 103 16
139 103 384
139 104 21
139 104 384
140 104 25
140 104 384
140 105 36
140 105 384
141 105 43
142 105 55
142 106 68
143 106 82
144 106 99
144 107 118
145 107 137
146 107 160
147 107 183
148 107 207
149 107 230
150 107 251
152 107 284
153 107 295
154 107 301
155 107 302
156 107 299
157 107 293
158 107 284
159 107 274
160 107 263
160 107 384
161 107 254
161 107 384
162 107 248
162 107 384
163 107 247
163 107 384
163 108 248
163 108 384
164 108 243
164 108 384
164 109 241
164 109 384
165 109 232
165 109 384
165 110 228
165 110 384
166 110 214
166 110 384
167 110 209
167 111 192
168 111 184
168 112 167
169 112 157
169 113 141
170 113 130
170 114 117
171 114 106
171 115 97
172 115 87
172 116 83
173 116 74
174 116 76
174 117 69
175 117 72
175 118 71
176 118 74
177 118 84
178 118 99
179 118 117
180 118 136
181 118 156
182 118 173
183 118 188
184 118 198
185 118 204
186 118 206
187 118 204
188 118 198
189 118 190
190 118 181
191 118 173
192 118 167
193 118 164
194 118 168
194 117 178
195 117 189
195 116 207
196 116 227
196 115 254
197 115 284
