191 100 106
196 42 106
86 135 106
44 153 106
44 153 96
44 153 96
44 153 96
44 153 96
44 153 96
44 153 96
44 153 96
44 153 96
44 153 96
44 153 96
44 153 96
44 153 96
44 153 96
44 153 96
44 153 96
44 153 96
44 153 96
44 153 96
44 153 96
54 197 106
48 62 106
72 31 106
13 132 106
45 199 106
44 190 106
5 127 106
14 121 106
22 126 106
22 126 96
199 95 106
191 89 106
40 67 106
39 56 106
47 52 106
63 35 106
63 35 96
63 35 96
63 26 106
72 21 106
197 52 106
187 47 106
188 57 106
188 57 96
188 57 96
55 48 106
55 48 96
55 48 96
55 48 96
55 48 96
199 84 106
85 146 106
96 141 106
53 184 106
96 130 106
31 61 106
32 72 106
32 72 96
32 72 96
32 72 96
32 72 96
32 72 96
187 37 106
198 63 106
198 63 96
198 63 96
199 73 106
190 78 106
189 68 106
189 68 96
189 68 96
189 68 96
189 68 96
199 106 106
81 27 106
54 39 106
54 39 96
54 39 96
54 39 96
54 29 106
54 29 96
54 29 96
46 42 106
38 46 106
45 33 106
37 37 106
37 37 96
37 37 96
29 51 106
196 31 106
21 56 106
63 191 106
64 199 106
35 196 106
35 196 96
35 196 96
35 196 96
35 196 96
5 116 106
21 137 106
21 137 96
21 137 96
21 137 96
95 152 106
84 157 106
87 123 106
30 131 106
37 136 106
45 142 106
45 142 96
45 142 96
47 131 106
39 125 106
74 197 106
97 118 106
97 118 96
97 118 96
97 118 96
97 118 96
97 118 96
97 118 96
97 118 96
97 118 96
73 186 106
63 179 106
63 179 96
63 179 96
63 179 96
31 119 106
31 119 96
31 119 96
31 119 96
31 119 96
31 119 96
31 119 96
95 164 106
84 169 106
73 174 106
73 174 96
55 137 106
55 137 96
55 137 96
55 137 96
55 137 96
186 26 106
186 26 96
186 26 96
186 26 96
186 26 96
191 112 106
84 180 106
94 175 106
28 142 106
28 142 96
28 142 96
28 142 96
28 142 96
28 142 96
28 142 96
182 106 106
181 95 106
181 84 106
172 90 106
172 101 106
172 101 96
57 58 106
57 58 96
20 46 106
28 41 106
28 41 96
28 41 96
28 41 96
28 41 96
28 41 96
11 52 106
84 192 106
84 199 106
84 199 96
84 199 96
84 199 96
84 199 96
84 199 96
84 199 96
94 186 106
94 186 96
94 186 96
94 186 96
94 186 96
94 186 96
94 186 96
94 186 96
48 119 106
48 119 96
48 119 96
48 119 96
48 119 96
57 126 106
57 126 96
57 126 96
57 126 96
57 126 96
57 126 96
74 162 106
74 162 96
74 162 96
81 16 106
4 138 106
12 143 106
12 143 96
12 143 96
12 143 96
12 143 96
12 143 96
14 109 106
14 109 96
5 104 106
5 104 96
163 96 106
163 96 96
23 114 106
23 114 96
23 114 96
23 114 96
23 114 96
23 114 96
23 114 96
23 114 96
23 114 96
23 114 96
14 98 106
14 98 96
14 98 96
14 98 96
14 98 96
14 98 96
91 21 106
182 118 106
173 113 106
173 113 96
173 113 96
173 113 96
173 113 96
173 113 96
173 113 96
173 113 96
173 113 96
191 123 106
191 123 96
191 123 96
191 123 96
191 123 96
191 123 96
74 151 106
75 139 106
75 139 96
76 128 106
66 132 106
66 132 96
66 132 96
66 132 96
66 132 96
66 132 96
66 132 96
66 132 96
10 41 106
1 47 106
1 36 106
1 36 96
1 36 96
106 136 106
106 147 106
106 147 96
106 147 96
106 147 96
106 147 96
196 21 106
196 21 96
196 21 96
196 21 96
196 21 96
196 21 96
196 21 96
196 21 96
196 21 96
196 21 96
196 21 96
196 21 96
182 130 106
91 10 106
91 10 96
91 10 96
40 113 106
40 113 96
40 113 96
40 113 96
40 113 96
40 113 96
40 113 96
2 149 106
2 149 96
2 149 96
2 149 96
2 149 96
2 149 96
2 149 96
2 149 96
2 149 96
178 52 106
178 52 96
178 52 96
177 42 106
177 42 96
177 32 106
177 32 96
177 32 96
177 32 96
177 32 96
177 32 96
177 32 96
177 32 96
168 48 106
168 48 96
168 37 106
168 37 96
168 37 96
168 37 96
168 37 96
168 37 96
77 116 106
67 121 106
67 121 96
58 68 106
58 68 96
58 68 96
58 68 96
58 68 96
58 68 96
49 73 106
49 73 96
49 73 96
41 78 106
41 78 96
41 78 96
159 43 106
159 54 106
150 49 106
151 60 106
151 60 96
160 64 106
160 64 96
160 64 96
160 64 96
160 64 96
169 58 106
169 58 96
169 58 96
169 58 96
169 58 96
149 39 106
159 33 106
159 33 96
159 33 96
159 33 96
159 33 96
159 33 96
159 33 96
159 33 96
159 33 96
159 33 96
65 54 106
65 54 96
65 54 96
65 54 96
64 45 106
64 45 96
64 45 96
64 45 96
64 45 96
64 45 96
64 45 96
64 45 96
64 45 96
66 64 106
66 64 96
75 60 106
73 51 106
82 47 106
82 37 106
73 41 106
73 41 96
73 41 96
91 32 106
91 42 106
83 57 106
92 52 106
140 45 106
141 55 106
140 34 106
140 34 96
93 62 106
131 40 106
131 40 96
131 40 96
131 40 96
131 40 96
131 40 96
131 51 106
132 61 106
141 66 106
141 66 96
102 57 106
102 57 96
102 57 96
102 57 96
102 57 96
102 47 106
101 37 106
101 37 96
151 70 106
151 70 96
151 70 96
151 70 96
84 67 106
76 71 106
122 57 106
122 57 96
122 57 96
122 57 96
122 57 96
67 75 106
67 75 96
67 75 96
67 75 96
67 75 96
67 75 96
67 75 96
67 75 96
67 75 96
67 75 96
86 77 106
94 73 106
112 52 106
112 52 96
112 52 96
112 52 96
112 52 96
112 52 96
112 52 96
112 52 96
112 52 96
112 52 96
112 52 96
103 68 106
103 68 96
103 68 96
103 68 96
122 67 106
122 67 96
122 67 96
132 72 106
142 76 106
142 76 96
142 76 96
142 76 96
142 76 96
142 76 96
142 76 96
142 76 96
123 78 106
123 78 96
123 78 96
123 78 96
123 78 96
162 85 106
161 75 106
171 79 106
170 69 106
170 69 96
180 73 106
180 73 96
180 73 96
179 63 106
179 63 96
179 63 96
179 63 96
179 63 96
179 63 96
179 63 96
179 63 96
58 114 106
58 114 96
58 114 96
58 114 96
58 114 96
58 114 96
101 26 106
101 26 96
101 26 96
101 26 96
101 26 96
101 26 96
101 26 96
101 26 96
101 26 96
101 26 96
101 26 96
101 26 96
68 109 106
104 78 106
95 83 106
113 73 106
113 73 96
113 73 96
113 73 96
113 73 96
113 73 96
106 124 106
106 124 96
65 144 106
65 144 96
65 144 96
65 144 96
65 144 96
65 144 96
65 144 96
65 144 96
105 158 106
105 158 96
105 169 106
116 130 106
116 130 96
116 130 96
116 130 96
77 104 106
87 111 106
87 111 96
87 111 96
87 111 96
87 111 96
87 111 96
87 100 106
87 100 96
87 100 96
87 100 96
87 100 96
87 100 96
87 100 96
86 88 106
13 131 23
13 130 15
13 130 96
14 130 15
14 130 96
15 130 28
15 130 96
16 130 41
16 130 96
17 130 53
17 130 96
18 130 63
18 130 96
19 130 71
19 130 96
20 130 77
20 130 96
21 130 81
21 130 96
22 130 83
22 130 96
23 130 83
23 130 96
23 130 96
24 130 81
24 130 96
24 130 96
25 130 78
25 130 96
25 130 96
26 130 74
26 130 96
26 130 96
27 130 68
27 130 96
27 130 96
28 130 61
28 130 96
28 130 96
29 130 54
29 130 96
30 130 46
30 130 96
31 130 38
31 130 96
32 130 30
32 130 96
33 130 23
33 130 96
34 130 16
34 130 96
35 130 15
35 130 96
36 130 15
36 130 96
37 130 15
37 130 96
38 130 15
38 130 96
38 131 15
38 131 96
39 131 15
39 131 96
40 131 15
40 131 96
41 131 15
41 131 96
42 131 15
42 131 96
43 131 15
43 131 96
44 131 15
44 131 96
45 131 15
45 131 96
46 131 30
46 131 96
76 116 20
76 116 96
75 116 15
75 116 96
75 117 15
75 117 96
75 118 15
75 118 96
74 118 15
74 118 96
73 118 15
73 118 96
72 118 15
72 118 96
71 118 15
71 118 96
70 118 15
70 118 96
69 118 15
69 118 96
68 118 15
68 118 96
67 118 24
67 118 96
67 118 96
66 118 49
66 118 96
66 118 96
65 118 81
65 118 96
65 118 96
65 119 116
65 119 96
65 119 96
64 119 149
64 119 96
64 119 96
63 119 185
63 119 96
63 119 96
62 119 224
62 119 96
62 119 96
62 119 96
62 120 258
62 120 96
62 120 96
62 120 96
61 120 291
61 120 96
61 120 96
61 120 96
60 120 323
60 120 96
60 120 96
60 120 96
59 120 354
59 120 96
59 120 96
59 120 96
59 121 376
59 121 96
59 121 96
59 121 96
58 121 396
58 121 96
58 121 96
58 121 96
57 121 412
57 121 96
57 121 96
57 121 96
56 121 425
56 121 96
56 121 96
56 121 96
56 122 429
56 122 96
56 122 96
55 122 430
55 122 96
55 122 96
54 122 427
54 122 96
54 122 96
54 123 421
54 123 96
54 123 96
53 123 407
53 123 96
52 123 392
52 123 96
51 123 374
51 124 353
50 124 329
49 124 304
48 124 278
48 125 252
48 126 225
48 127 198
48 128 170
48 129 141
48 130 110
48 131 80
86 78 41
86 79 36
86 80 30
86 81 25
86 82 21
86 83 19
86 84 20
86 85 26
86 86 37
86 87 53
85 88 80
84 88 96
84 88 96
84 89 115
84 89 96
84 90 137
84 90 96
83 90 155
83 90 96
83 90 96
83 91 173
83 91 96
83 91 96
83 91 96
83 92 194
83 92 96
83 92 96
83 92 96
83 92 96
82 92 209
82 92 96
82 92 96
82 92 96
82 92 96
82 92 96
82 93 222
82 93 96
82 93 96
82 93 96
82 93 96
82 93 96
82 93 96
82 94 235
82 94 96
82 94 96
82 94 96
82 94 96
82 94 96
82 94 96
81 94 243
81 94 96
81 94 96
81 94 96
81 94 96
81 94 96
81 94 96
81 94 96
81 95 246
81 95 96
81 95 96
81 95 96
81 95 96
81 95 96
81 95 96
81 95 96
81 96 247
81 96 96
81 96 96
81 96 96
81 96 96
81 96 96
81 96 96
81 97 247
81 97 96
81 97 96
81 97 96
81 97 96
81 97 96
80 97 238
80 97 96
80 97 96
80 97 96
80 97 96
80 97 96
80 98 228
80 98 96
80 98 96
80 98 96
80 98 96
80 99 217
80 99 96
80 99 96
80 99 96
79 99 202
79 99 96
79 99 96
79 99 96
79 100 183
79 100 96
79 100 96
79 101 166
79 101 96
78 101 147
78 101 96
78 101 96
78 102 126
78 102 96
78 103 108
78 103 96
77 103 89
77 103 96
76 104 56
76 104 96
76 105 38
76 105 96
76 106 26
76 106 96
75 106 15
75 106 96
75 107 15
75 107 96
75 108 15
75 108 96
75 109 15
75 109 96
75 110 15
75 110 96
75 111 15
75 111 96
75 112 15
75 112 96
75 113 15
75 113 96
75 114 15
75 114 96
75 115 15
75 115 96
112 73 521
111 73 492
110 73 454
109 73 409
108 73 359
107 73 306
106 73 253
105 73 203
104 73 156
103 73 115
103 74 80
102 74 48
102 74 96
102 75 23
102 75 96
102 76 15
102 76 96
102 77 15
102 77 96
102 78 15
102 78 96
101 78 15
101 78 96
101 79 15
101 79 96
100 79 15
100 79 96
100 80 15
99 80 15
98 80 15
97 80 15
96 80 15
95 80 15
94 80 15
93 80 15
92 80 18
91 80 23
90 80 25
89 80 26
88 80 27
87 80 27
114 73 547
115 73 542
115 73 96
116 73 525
116 73 96
117 73 496
117 73 96
118 73 457
118 73 96
119 73 408
119 73 96
120 73 354
120 73 96
121 73 295
121 73 96
122 73 235
122 73 96
123 73 177
123 73 96
124 73 125
124 73 96
125 73 80
125 73 96
126 73 46
126 73 96
126 72 15
126 72 96
126 71 15
126 71 96
126 70 15
126 70 96
126 69 15
126 69 96
126 68 15
126 68 96
127 68 15
127 68 96
128 68 15
128 68 96
129 68 15
129 68 96
130 68 15
130 68 96
131 68 15
131 68 96
132 68 15
132 68 96
132 67 15
132 67 96
132 66 15
132 66 96
132 65 15
132 65 96
132 64 15
132 64 96
132 63 18
132 63 96
132 62 28
132 60 38
132 59 38
132 58 36
132 57 32
132 56 28
132 55 26
132 54 26
133 54 27
133 53 28
134 53 31
134 52 33
135 52 38
135 51 42
136 51 47
136 50 51
137 50 56
137 49 60
138 49 65
138 48 66
138 47 68
139 47 68
139 46 65
139 45 61
140 44 47
140 43 38
141 43 28
141 42 17
141 42 96
142 42 15
142 42 96
143 42 15
143 42 96
144 42 15
144 42 96
145 42 15
145 42 96
146 42 15
146 42 96
147 42 15
147 42 96
148 42 20
148 42 96
148 43 24
149 43 25
150 43 25
150 44 23
151 44 18
151 44 96
152 44 15
152 44 96
153 44 15
153 44 96
154 44 15
154 44 96
154 45 15
154 45 96
154 46 15
154 46 96
154 47 15
154 47 96
154 48 15
154 48 96
155 48 15
155 48 96
156 48 15
156 48 96
157 48 15
157 48 96
158 48 15
158 48 96
159 48 15
159 48 96
160 48 15
160 48 96
161 48 15
161 48 96
162 48 15
162 48 96
163 48 30
163 48 96
164 48 53
164 48 96
165 48 75
165 48 96
166 48 96
166 48 96
167 48 115
167 48 96
169 48 141
169 48 96
170 48 147
170 48 96
171 48 150
171 48 96
172 48 149
172 48 96
173 48 145
173 48 96
174 48 139
174 48 96
175 48 130
175 48 96
176 48 121
176 48 96
177 48 112
177 48 96
178 48 102
178 48 96
179 48 93
180 48 84
181 48 75
182 48 66
183 48 56
184 48 47
185 48 37
186 48 26
186 49 15
186 49 96
187 49 15
188 49 15
188 50 15
189 50 15
190 50 15
190 51 15
190 52 15
190 52 96
191 52 15
191 52 96
192 52 15
193 52 15
194 52 15
195 52 15
196 52 15
199 72 109
199 71 142
199 70 174
199 69 203
199 68 227
199 67 245
199 66 257
199 65 261
199 64 259
199 63 251
199 63 96
198 62 231
198 62 96
198 61 205
198 61 96
198 60 178
198 60 96
198 59 152
198 59 96
197 59 130
197 59 96
197 58 97
197 58 96
197 57 70
197 57 96
196 57 43
196 57 96
196 56 16
196 56 96
196 55 15
196 55 96
196 54 15
196 54 96
196 53 15
196 53 96
199 74 48
199 75 23
199 75 96
199 76 15
199 76 96
199 77 15
199 77 96
199 78 15
199 78 96
199 79 15
199 80 15
199 81 15
198 81 15
198 82 15
198 83 15
197 83 15
197 84 15
197 85 15
196 85 15
196 86 15
196 87 19
196 88 35
196 89 48
196 90 57
196 91 62
196 92 63
196 93 60
196 94 53
196 95 44
196 96 31
196 97 17
196 98 15
196 99 15
196 100 15
195 100 15
194 100 15
193 100 17
192 100 33
194 51 15
194 50 15
194 49 15
193 49 15
193 48 15
193 47 31
193 46 50
193 45 61
193 44 63
193 43 55
193 42 36
193 41 15
194 41 15
195 41 15
196 41 32
85 77 41
84 77 39
84 76 34
84 75 29
83 75 23
83 74 15
83 73 15
83 72 15
83 71 15
83 70 15
82 70 15
82 69 15
81 69 15
80 69 15
80 69 96
80 68 15
79 68 15
79 68 96
79 67 15
79 67 96
78 67 15
78 67 96
78 66 15
78 66 96
77 66 15
77 66 96
77 65 16
77 65 96
76 65 20
76 65 96
76 64 24
75 64 26
75 64 96
75 63 25
75 62 23
75 61 20
75 61 96
74 60 15
74 60 96
73 60 15
73 60 96
72 60 15
72 60 96
71 60 15
71 60 96
70 60 15
70 60 96
69 60 24
69 60 96
68 60 35
68 60 96
67 60 47
67 60 96
66 60 60
66 60 96
65 60 73
65 60 96
64 60 86
64 60 96
63 60 97
63 60 96
62 60 107
62 60 96
61 60 114
61 60 96
60 60 119
60 60 96
59 60 120
59 60 96
58 60 120
58 60 96
57 60 117
57 60 96
56 60 112
56 60 96
55 60 106
54 60 99
53 60 92
52 60 86
51 60 81
50 60 77
49 60 74
48 60 72
48 61 72
75 59 15
75 59 96
75 58 15
75 58 96
76 58 15
76 58 96
76 57 15
76 57 96
76 56 15
76 56 96
77 56 15
77 56 96
77 55 15
77 55 96
77 54 15
77 54 96
78 54 15
78 54 96
78 53 15
78 53 96
78 52 15
78 52 96
78 51 15
78 51 96
78 50 15
78 50 96
78 49 15
78 49 96
78 48 15
78 48 96
78 47 15
78 47 96
78 46 15
78 46 96
78 45 15
78 45 96
78 44 15
78 44 96
78 43 15
78 43 96
78 42 20
78 42 96
78 41 30
78 41 96
78 40 39
78 40 96
78 39 48
78 39 96
78 38 56
78 37 63
78 36 70
78 35 76
78 34 82
77 34 85
77 33 88
76 33 88
76 32 86
75 32 81
75 31 74
74 31 64
73 31 52
77 117 32
77 117 96
77 118 20
77 118 96
77 119 15
77 119 96
77 120 15
77 120 96
77 121 15
77 121 96
77 122 15
77 122 96
77 123 15
77 123 96
77 124 15
77 124 96
77 125 15
77 125 96
77 126 15
77 126 96
77 127 15
77 127 96
77 128 15
77 128 96
78 128 15
78 128 96
78 129 15
78 129 96
79 129 15
79 129 96
79 130 15
79 130 96
79 131 15
79 131 96
80 131 15
80 131 96
80 132 15
80 132 96
81 132 15
81 132 96
82 132 15
83 132 15
84 132 15
84 133 15
84 134 15
84 135 15
85 135 25
83 135 15
83 136 15
82 136 15
82 137 15
82 138 15
82 139 15
81 139 15
81 139 96
81 140 15
81 140 96
81 141 15
81 142 15
81 143 15
81 144 15
81 145 15
81 146 15
81 147 15
81 148 15
81 149 15
81 150 15
81 151 15
81 152 15
81 153 15
81 154 15
81 155 15
81 156 17
81 157 34
81 158 51
81 159 67
81 160 80
81 161 92
81 162 100
81 163 105
81 164 106
81 165 103
81 166 98
81 167 90
81 168 80
81 169 69
81 170 58
81 171 47
81 172 38
81 173 31
81 174 25
81 175 21
81 176 18
81 177 15
81 178 15
81 179 15
80 179 15
80 180 15
79 180 15
79 181 15
79 182 15
79 183 15
78 183 15
77 183 15
77 184 15
76 184 15
76 185 15
75 185 15
75 186 15
74 186 15
73 187 29
73 188 15
73 189 15
73 190 15
72 190 15
72 191 15
71 191 15
71 192 15
70 192 15
70 193 15
70 194 15
70 195 15
69 195 15
68 195 15
67 195 15
66 195 15
65 195 15
64 195 15
63 195 15
62 195 15
61 195 15
60 195 15
59 195 15
58 195 15
57 195 15
56 195 15
55 195 15
54 195 15
54 196 15
47 132 23
47 132 96
47 133 15
47 133 96
47 134 15
47 134 96
47 135 15
47 135 96
47 136 15
47 136 96
46 136 15
46 136 96
45 136 15
45 136 96
45 137 15
45 137 96
45 138 15
45 138 96
45 139 25
45 139 96
45 140 86
45 140 96
45 141 164
45 141 96
44 142 277
44 143 392
44 144 521
44 145 664
44 146 816
44 147 975
44 148 1137
44 148 96
44 149 1299
44 149 96
44 150 1457
44 150 96
44 151 1607
44 151 96
44 152 1747
44 152 96
