199 106 22
199 106 12
199 106 12
199 106 12
199 106 12
199 106 12
199 106 12
199 106 12
199 106 12
199 106 12
160 150 22
104 126 22
134 79 22
112 185 22
57 95 22
150 146 22
150 146 12
160 139 22
190 100 22
190 100 12
190 100 12
190 100 12
190 100 12
190 100 12
190 100 12
190 100 12
190 100 12
190 100 12
190 100 12
190 100 12
190 100 12
190 100 12
190 100 12
190 100 12
190 100 12
190 100 12
190 100 12
190 100 12
190 100 12
190 100 12
190 100 12
190 100 12
190 100 12
190 100 12
190 100 12
190 100 12
190 100 12
190 100 12
190 100 12
190 100 12
190 100 12
190 100 12
190 100 12
190 100 12
190 100 12
190 100 12
190 100 12
190 100 12
190 100 12
190 100 12
190 100 12
190 100 12
190 100 12
190 100 12
190 100 12
190 100 12
190 100 12
190 100 12
190 100 12
190 100 12
190 100 12
190 100 12
190 100 12
190 100 12
190 100 12
190 100 12
190 100 12
190 100 12
190 100 12
190 100 12
190 100 12
190 100 12
190 100 12
190 100 12
190 100 12
190 100 12
190 100 12
190 100 12
190 100 12
190 100 12
190 100 12
190 100 12
190 100 12
190 100 12
190 100 12
190 100 12
190 100 12
190 100 12
190 100 12
190 100 12
190 100 12
190 100 12
190 100 12
190 100 12
190 100 12
190 100 12
190 100 12
190 100 12
190 100 12
190 100 12
190 100 12
190 100 12
190 100 12
190 100 12
199 117 22
199 117 12
199 117 12
199 117 12
199 117 12
199 117 12
199 117 12
199 117 12
199 117 12
199 117 12
199 117 12
199 117 12
199 117 12
199 117 12
199 117 12
199 117 12
199 117 12
199 117 12
199 117 12
199 117 12
199 117 12
199 117 12
199 117 12
199 117 12
199 117 12
199 117 12
199 117 12
199 117 12
199 117 12
199 117 12
199 117 12
199 117 12
199 117 12
199 117 12
199 117 12
199 117 12
199 117 12
199 117 12
199 117 12
199 117 12
199 117 12
199 117 12
199 117 12
199 117 12
199 117 12
199 117 12
199 117 12
199 117 12
199 117 12
199 117 12
199 117 12
199 117 12
199 117 12
199 117 12
199 117 12
199 117 12
199 117 12
199 117 12
199 117 12
199 117 12
199 117 12
199 117 12
199 117 12
199 117 12
199 117 12
199 117 12
199 117 12
199 117 12
199 117 12
199 117 12
199 117 12
199 117 12
199 117 12
199 117 12
199 117 12
199 117 12
199 117 12
199 117 12
199 117 12
199 117 12
199 117 12
199 117 12
199 117 12
199 117 12
199 117 12
199 117 12
199 117 12
199 117 12
199 117 12
199 117 12
199 95 22
151 134 22
151 134 12
151 134 12
151 134 12
151 134 12
151 134 12
151 134 12
151 134 12
151 134 12
151 134 12
151 134 12
151 134 12
151 134 12
151 134 12
151 134 12
151 134 12
151 134 12
151 134 12
151 134 12
151 134 12
151 134 12
151 134 12
151 134 12
151 134 12
151 134 12
151 134 12
151 134 12
151 134 12
151 134 12
151 134 12
151 134 12
151 134 12
151 134 12
151 134 12
151 134 12
151 134 12
151 134 12
151 134 12
151 134 12
151 134 12
151 134 12
151 134 12
151 134 12
151 134 12
151 134 12
151 134 12
151 134 12
151 134 12
151 134 12
151 134 12
151 134 12
151 134 12
151 134 12
151 134 12
151 134 12
151 134 12
151 134 12
151 134 12
151 134 12
151 134 12
151 134 12
151 134 12
151 134 12
151 134 12
151 134 12
151 134 12
151 134 12
151 134 12
151 134 12
151 134 12
151 134 12
151 134 12
151 134 12
151 134 12
151 134 12
151 134 12
151 134 12
170 144 22
170 133 22
170 133 12
170 133 12
170 133 12
170 133 12
170 133 12
170 133 12
113 130 22
113 130 12
113 130 12
113 130 12
113 130 12
113 130 12
113 130 12
113 130 12
113 130 12
113 130 12
104 137 22
104 137 12
104 137 12
104 137 12
104 137 12
150 157 22
150 157 12
150 157 12
150 157 12
150 157 12
150 157 12
150 157 12
150 157 12
150 157 12
150 157 12
150 157 12
150 157 12
150 157 12
150 157 12
150 157 12
150 157 12
150 157 12
150 157 12
150 157 12
150 157 12
150 157 12
150 157 12
150 157 12
150 157 12
150 157 12
150 157 12
150 157 12
150 157 12
150 157 12
150 157 12
150 157 12
150 157 12
150 157 12
150 157 12
150 157 12
150 157 12
150 157 12
150 157 12
150 157 12
150 157 12
150 157 12
150 157 12
150 157 12
150 157 12
150 157 12
150 157 12
150 157 12
150 157 12
150 157 12
150 157 12
150 157 12
150 157 12
150 157 12
150 157 12
150 157 12
150 157 12
199 85 22
199 85 12
199 85 12
199 85 12
199 85 12
199 85 12
199 74 22
199 74 12
199 74 12
199 74 12
199 74 12
199 74 12
199 74 12
199 74 12
199 74 12
199 74 12
199 74 12
199 74 12
199 74 12
199 74 12
199 74 12
199 74 12
199 74 12
199 74 12
199 74 12
199 74 12
199 74 12
199 74 12
199 74 12
199 74 12
199 74 12
199 74 12
199 74 12
199 74 12
199 74 12
199 74 12
199 74 12
199 74 12
199 74 12
199 74 12
199 74 12
199 74 12
199 74 12
199 74 12
199 74 12
199 74 12
199 74 12
199 74 12
199 74 12
199 74 12
199 74 12
199 74 12
199 74 12
199 74 12
199 74 12
199 74 12
199 74 12
199 74 12
199 74 12
199 74 12
199 74 12
199 74 12
199 74 12
199 74 12
199 74 12
199 74 12
199 74 12
199 74 12
199 74 12
199 74 12
199 74 12
199 74 12
199 74 12
199 74 12
199 74 12
199 74 12
199 74 12
199 74 12
199 74 12
199 74 12
199 74 12
199 74 12
199 74 12
199 74 12
199 74 12
199 74 12
199 74 12
199 74 12
199 74 12
199 74 12
199 74 12
199 74 12
199 74 12
199 74 12
199 74 12
199 74 12
199 74 12
199 74 12
199 74 12
199 74 12
199 74 12
190 89 22
190 79 22
181 84 22
181 84 12
181 84 12
181 84 12
143 84 22
143 84 12
143 73 22
143 73 12
143 73 12
179 138 22
179 138 12
179 138 12
179 138 12
179 138 12
179 138 12
179 138 12
179 138 12
179 138 12
179 138 12
179 138 12
179 138 12
179 138 12
179 138 12
179 138 12
179 138 12
179 138 12
179 138 12
179 138 12
179 138 12
179 138 12
179 138 12
179 138 12
179 138 12
179 138 12
179 138 12
179 138 12
179 138 12
179 138 12
179 138 12
179 138 12
179 138 12
179 138 12
179 138 12
179 138 12
179 138 12
179 138 12
179 138 12
179 138 12
179 138 12
179 138 12
179 138 12
179 138 12
179 138 12
179 138 12
179 138 12
179 138 12
179 138 12
179 138 12
179 138 12
179 138 12
179 138 12
179 138 12
179 138 12
179 138 12
181 73 22
181 73 12
181 73 12
181 73 12
181 73 12
181 73 12
181 73 12
181 73 12
181 73 12
181 73 12
181 73 12
181 73 12
181 73 12
181 73 12
181 73 12
181 73 12
181 73 12
181 73 12
181 73 12
181 73 12
181 73 12
181 73 12
181 73 12
181 73 12
134 68 22
134 68 12
134 68 12
134 68 12
134 68 12
134 68 12
134 68 12
134 68 12
134 68 12
134 68 12
134 68 12
134 68 12
134 68 12
134 68 12
134 68 12
134 68 12
134 68 12
134 68 12
134 68 12
134 68 12
134 68 12
134 68 12
134 68 12
134 68 12
134 68 12
134 68 12
134 68 12
134 68 12
134 68 12
134 68 12
134 68 12
134 68 12
134 68 12
134 68 12
134 68 12
134 68 12
134 68 12
134 68 12
134 68 12
134 68 12
134 68 12
134 68 12
134 68 12
134 68 12
134 68 12
134 68 12
134 68 12
134 68 12
134 68 12
134 68 12
134 68 12
134 68 12
134 68 12
134 68 12
134 68 12
134 68 12
134 68 12
134 68 12
134 68 12
134 68 12
134 68 12
134 68 12
134 68 12
134 68 12
134 68 12
134 68 12
134 68 12
134 68 12
134 68 12
134 68 12
134 68 12
134 68 12
134 68 12
134 68 12
134 68 12
134 68 12
134 68 12
134 68 12
134 68 12
153 78 22
153 78 12
153 78 12
153 78 12
153 78 12
153 78 12
153 78 12
153 78 12
153 78 12
153 78 12
171 78 22
171 78 12
171 78 12
171 78 12
171 78 12
171 78 12
171 78 12
171 78 12
171 78 12
171 78 12
171 78 12
171 78 12
171 78 12
171 78 12
171 78 12
171 78 12
171 78 12
171 78 12
171 78 12
171 78 12
171 78 12
171 78 12
171 78 12
171 78 12
171 78 12
171 78 12
171 78 12
171 78 12
171 78 12
171 78 12
171 78 12
171 78 12
171 78 12
171 78 12
171 78 12
171 78 12
171 78 12
171 78 12
141 153 22
141 153 12
141 153 12
141 153 12
141 153 12
141 153 12
141 153 12
141 153 12
141 153 12
141 153 12
141 153 12
141 153 12
141 153 12
141 153 12
141 153 12
141 153 12
141 153 12
141 153 12
141 153 12
141 153 12
141 153 12
141 153 12
141 153 12
141 153 12
141 153 12
141 153 12
141 153 12
141 153 12
141 153 12
141 153 12
141 153 12
141 153 12
141 153 12
141 153 12
141 153 12
141 153 12
141 153 12
141 153 12
141 153 12
141 153 12
141 153 12
141 153 12
141 153 12
141 153 12
141 153 12
141 153 12
141 153 12
141 153 12
141 153 12
141 153 12
141 153 12
141 153 12
141 153 12
141 153 12
141 153 12
141 153 12
141 153 12
141 153 12
141 153 12
141 153 12
141 153 12
141 153 12
141 153 12
141 153 12
141 153 12
141 153 12
141 153 12
141 153 12
141 153 12
141 153 12
141 153 12
141 153 12
141 153 12
141 153 12
141 153 12
141 153 12
141 153 12
141 153 12
141 153 12
141 153 12
141 153 12
141 153 12
141 153 12
162 73 22
162 73 12
162 73 12
162 73 12
162 73 12
162 73 12
162 73 12
162 73 12
162 73 12
162 73 12
162 73 12
162 73 12
162 73 12
162 73 12
162 73 12
162 73 12
162 73 12
162 73 12
162 73 12
162 73 12
162 73 12
162 73 12
162 73 12
162 73 12
162 73 12
162 73 12
162 73 12
162 73 12
162 73 12
162 73 12
162 73 12
162 73 12
162 73 12
162 73 12
162 73 12
162 73 12
162 73 12
162 73 12
162 73 12
162 73 12
162 73 12
162 73 12
162 73 12
162 73 12
162 73 12
162 73 12
162 73 12
162 73 12
162 73 12
162 73 12
162 73 12
162 73 12
162 73 12
162 73 12
162 73 12
162 73 12
162 73 12
162 73 12
162 73 12
162 73 12
162 73 12
162 73 12
162 73 12
162 73 12
162 73 12
162 73 12
162 73 12
162 73 12
162 73 12
162 73 12
162 73 12
162 73 12
162 73 12
162 73 12
162 73 12
162 73 12
162 83 22
162 83 12
162 83 12
162 83 12
162 83 12
162 83 12
162 83 12
162 83 12
162 83 12
162 83 12
162 83 12
162 83 12
162 83 12
162 83 12
162 83 12
162 83 12
162 83 12
162 83 12
162 83 12
162 83 12
162 83 12
162 83 12
162 83 12
162 83 12
162 83 12
162 83 12
162 83 12
162 83 12
162 83 12
162 83 12
162 83 12
162 83 12
162 83 12
162 83 12
162 83 12
162 83 12
162 83 12
162 83 12
162 83 12
162 83 12
162 83 12
162 83 12
162 83 12
162 83 12
162 83 12
162 83 12
162 83 12
162 83 12
162 83 12
162 83 12
162 83 12
162 83 12
162 83 12
162 83 12
162 83 12
162 83 12
162 83 12
162 83 12
162 83 12
162 83 12
162 83 12
162 83 12
162 83 12
162 83 12
162 83 12
162 83 12
162 83 12
162 83 12
162 83 12
162 83 12
162 83 12
162 83 12
162 83 12
162 83 12
162 83 12
103 180 22
103 180 12
103 180 12
103 191 22
103 191 12
103 191 12
103 191 12
103 191 12
103 191 12
103 191 12
103 191 12
103 191 12
103 191 12
103 191 12
103 191 12
103 191 12
103 191 12
103 191 12
103 191 12
103 191 12
103 191 12
103 191 12
103 191 12
103 191 12
103 191 12
103 191 12
103 191 12
103 191 12
103 191 12
103 191 12
103 191 12
103 191 12
103 191 12
103 191 12
103 191 12
103 191 12
103 191 12
103 191 12
103 191 12
103 191 12
103 191 12
103 191 12
103 191 12
112 174 22
112 174 12
112 174 12
112 174 12
112 174 12
112 174 12
112 174 12
112 174 12
112 174 12
112 174 12
112 174 12
103 170 22
103 170 12
103 170 12
103 170 12
103 170 12
103 170 12
103 170 12
103 170 12
103 170 12
103 170 12
103 170 12
103 170 12
103 170 12
103 170 12
103 170 12
103 170 12
103 170 12
103 170 12
103 170 12
103 170 12
103 170 12
103 170 12
103 170 12
103 170 12
103 170 12
103 170 12
103 170 12
103 170 12
103 170 12
103 170 12
103 170 12
103 170 12
103 170 12
103 170 12
103 170 12
103 170 12
103 170 12
103 170 12
103 170 12
103 170 12
103 170 12
103 170 12
103 170 12
103 170 12
103 170 12
170 155 22
179 149 22
179 161 22
179 161 12
179 161 12
189 156 22
189 156 12
94 132 22
94 132 12
94 132 12
189 167 22
189 167 12
189 167 12
189 167 12
189 167 12
189 167 12
189 167 12
189 167 12
189 167 12
189 167 12
189 167 12
189 167 12
189 167 12
189 167 12
189 167 12
189 167 12
189 167 12
189 167 12
189 167 12
189 167 12
189 167 12
189 167 12
189 167 12
189 167 12
189 167 12
189 167 12
189 167 12
189 167 12
189 167 12
189 167 12
189 167 12
189 167 12
189 167 12
189 167 12
189 167 12
189 167 12
189 167 12
189 167 12
189 167 12
189 167 12
189 167 12
189 167 12
189 167 12
189 167 12
189 167 12
189 167 12
189 167 12
189 167 12
189 167 12
189 167 12
189 167 12
189 167 12
189 167 12
189 167 12
189 167 12
189 167 12
189 167 12
189 167 12
189 167 12
189 167 12
189 167 12
189 167 12
189 167 12
189 167 12
189 167 12
189 167 12
189 167 12
189 167 12
189 167 12
189 167 12
189 167 12
189 167 12
189 167 12
121 178 22
122 189 22
122 189 12
122 189 12
122 189 12
122 189 12
122 189 12
122 189 12
122 189 12
122 189 12
122 189 12
122 189 12
122 189 12
122 189 12
122 189 12
122 189 12
122 189 12
131 183 22
131 183 12
131 183 12
131 183 12
131 183 12
131 183 12
131 183 12
131 183 12
131 183 12
131 183 12
131 183 12
131 183 12
131 183 12
131 183 12
131 183 12
189 144 22
189 144 12
189 144 12
189 144 12
189 144 12
189 144 12
189 144 12
189 144 12
189 144 12
189 144 12
198 150 22
198 150 12
198 150 12
198 150 12
198 150 12
198 150 12
198 150 12
198 150 12
198 150 12
198 150 12
198 150 12
198 150 12
198 150 12
198 150 12
198 150 12
198 150 12
198 150 12
198 150 12
198 150 12
198 150 12
198 150 12
198 150 12
198 150 12
198 150 12
169 167 22
169 167 12
169 167 12
169 167 12
169 167 12
169 167 12
169 167 12
169 167 12
169 167 12
169 167 12
169 167 12
169 167 12
169 167 12
169 167 12
169 167 12
169 167 12
169 167 12
169 167 12
169 167 12
169 167 12
169 167 12
169 167 12
169 167 12
169 167 12
169 167 12
169 167 12
169 167 12
169 167 12
169 167 12
169 167 12
169 167 12
169 167 12
169 167 12
169 167 12
169 167 12
169 167 12
169 167 12
169 167 12
169 167 12
169 167 12
169 167 12
169 167 12
169 167 12
169 167 12
169 167 12
169 167 12
169 167 12
169 167 12
169 167 12
169 167 12
169 167 12
169 167 12
169 167 12
169 167 12
169 167 12
169 167 12
169 167 12
169 167 12
169 167 12
169 167 12
169 167 12
169 167 12
169 167 12
169 167 12
169 167 12
169 167 12
169 167 12
169 167 12
169 167 12
169 167 12
169 167 12
169 167 12
169 167 12
169 167 12
169 167 12
169 167 12
169 167 12
169 167 12
169 167 12
169 167 12
169 167 12
94 143 22
94 143 12
94 143 12
94 143 12
94 143 12
94 143 12
94 143 12
94 143 12
94 143 12
94 143 12
94 143 12
94 143 12
94 143 12
94 143 12
94 143 12
94 143 12
94 143 12
94 143 12
94 143 12
94 143 12
94 143 12
94 143 12
94 143 12
94 143 12
94 143 12
94 143 12
94 143 12
94 143 12
94 143 12
94 143 12
94 143 12
94 143 12
94 143 12
94 143 12
94 143 12
94 143 12
94 143 12
94 143 12
94 143 12
94 143 12
94 143 12
94 143 12
94 143 12
94 143 12
94 143 12
94 143 12
94 143 12
94 143 12
94 143 12
94 143 12
94 143 12
94 143 12
94 143 12
94 143 12
94 143 12
94 143 12
94 143 12
94 143 12
94 143 12
94 143 12
94 143 12
94 143 12
94 143 12
94 143 12
94 143 12
94 143 12
94 143 12
94 143 12
94 143 12
94 143 12
94 143 12
94 143 12
94 143 12
94 143 12
94 143 12
94 143 12
94 143 12
94 143 12
94 143 12
94 143 12
94 143 12
94 143 12
94 143 12
94 143 12
94 143 12
94 143 12
94 143 12
94 143 12
94 143 12
94 143 12
94 143 12
94 143 12
95 120 22
85 126 22
85 126 12
85 126 12
85 126 12
85 126 12
85 126 12
85 126 12
85 126 12
85 126 12
85 126 12
85 126 12
85 126 12
85 126 12
85 126 12
85 126 12
85 126 12
85 126 12
85 126 12
85 126 12
85 126 12
85 126 12
85 126 12
85 126 12
85 126 12
85 126 12
85 126 12
85 126 12
85 126 12
85 126 12
85 126 12
85 126 12
85 126 12
85 126 12
85 126 12
85 126 12
85 126 12
85 126 12
85 126 12
85 126 12
85 126 12
85 126 12
85 126 12
85 126 12
85 126 12
85 126 12
85 126 12
85 126 12
85 126 12
85 126 12
85 126 12
85 126 12
85 126 12
85 126 12
85 126 12
85 126 12
85 126 12
85 126 12
85 126 12
85 126 12
85 126 12
85 126 12
113 142 22
113 142 12
113 142 12
113 142 12
113 142 12
113 142 12
113 142 12
113 142 12
113 142 12
113 142 12
113 142 12
113 142 12
113 142 12
113 142 12
113 142 12
113 142 12
113 142 12
113 142 12
113 142 12
113 142 12
113 142 12
113 142 12
113 142 12
113 142 12
113 142 12
113 142 12
113 142 12
113 142 12
113 142 12
113 142 12
113 142 12
113 142 12
113 142 12
113 142 12
113 142 12
113 142 12
113 142 12
113 142 12
113 142 12
113 142 12
113 142 12
113 142 12
113 142 12
113 142 12
113 142 12
113 142 12
113 142 12
113 142 12
113 142 12
113 142 12
113 142 12
113 142 12
113 142 12
113 142 12
113 142 12
113 142 12
113 142 12
113 142 12
113 142 12
113 142 12
113 142 12
113 142 12
113 142 12
113 142 12
113 142 12
113 142 12
113 142 12
113 142 12
113 142 12
113 142 12
113 142 12
113 142 12
113 142 12
171 67 143
171 67 12
171 67 12
171 67 12
171 67 12
171 67 12
171 67 12
171 67 12
171 67 12
171 67 12
171 67 12
171 67 12
171 67 12
171 67 12
171 67 12
171 67 12
171 67 12
171 67 12
171 67 12
171 67 12
171 67 12
171 67 12
171 67 12
171 57 22
171 57 12
171 57 12
171 57 12
171 57 12
171 57 12
171 57 12
171 57 12
171 57 12
171 47 22
181 52 22
181 52 12
181 52 12
181 52 12
181 52 12
181 52 12
181 52 12
181 52 12
181 42 22
171 36 22
171 36 12
171 36 12
171 36 12
171 36 12
171 36 12
171 36 12
171 36 12
171 36 12
171 36 12
171 36 12
171 36 12
171 36 12
171 36 12
171 36 12
171 36 12
171 36 12
171 36 12
171 36 12
171 36 12
171 36 12
171 36 12
171 36 12
171 36 12
171 36 12
171 36 12
171 36 12
171 36 12
171 36 12
171 36 12
181 63 22
181 63 12
181 63 12
181 63 12
181 63 12
181 63 12
181 63 12
181 63 12
181 63 12
181 63 12
181 63 12
181 63 12
181 63 12
181 63 12
181 63 12
181 63 12
181 63 12
181 63 12
181 63 12
181 63 12
181 63 12
181 63 12
181 63 12
181 63 12
181 63 12
181 63 12
181 63 12
181 63 12
181 63 12
181 63 12
181 63 12
181 63 12
181 63 12
181 63 12
181 63 12
181 63 12
181 63 12
181 63 12
181 63 12
181 63 12
181 63 12
181 63 12
181 63 12
181 63 12
181 63 12
181 63 12
181 63 12
181 63 12
181 63 12
181 63 12
181 63 12
181 63 12
181 63 12
181 63 12
181 63 12
181 63 12
181 63 12
181 63 12
181 63 12
181 63 12
181 63 12
181 63 12
181 63 12
181 63 12
181 63 12
181 63 12
181 63 12
181 63 12
181 63 12
181 63 12
181 63 12
190 48 22
190 37 22
190 37 12
190 37 12
190 37 12
190 37 12
190 37 12
190 37 12
190 37 12
190 37 12
190 37 12
190 37 12
190 37 12
190 37 12
190 37 12
190 37 12
190 37 12
190 37 12
190 37 12
190 37 12
190 37 12
190 37 12
190 37 12
190 37 12
190 37 12
190 37 12
199 43 22
199 43 12
199 43 12
199 43 12
199 43 12
199 43 12
199 43 12
199 43 12
199 43 12
199 43 12
199 43 12
199 43 12
199 43 12
199 43 12
199 43 12
199 43 12
199 43 12
199 43 12
199 43 12
199 43 12
199 139 22
199 139 12
199 139 12
199 139 12
199 139 12
199 139 12
199 139 12
180 31 22
180 31 12
180 31 12
180 31 12
171 26 22
171 26 12
171 26 12
171 26 12
171 26 12
171 26 12
171 26 12
171 26 12
171 26 12
171 26 12
171 26 12
171 26 12
171 26 12
171 26 12
171 26 12
171 26 12
171 26 12
171 26 12
171 26 12
171 26 12
171 26 12
171 26 12
171 26 12
171 26 12
171 26 12
171 26 12
171 26 12
171 26 12
171 26 12
171 26 12
171 26 12
171 26 12
171 26 12
171 26 12
171 26 12
171 26 12
171 26 12
171 26 12
171 26 12
171 26 12
171 26 12
171 26 12
171 26 12
171 26 12
171 26 12
171 26 12
171 26 12
171 26 12
171 26 12
171 26 12
171 26 12
171 26 12
171 26 12
171 26 12
171 26 12
171 26 12
171 26 12
171 26 12
171 26 12
171 26 12
171 26 12
171 26 12
171 26 12
171 26 12
171 26 12
171 26 12
171 26 12
171 26 12
171 26 12
171 26 12
171 26 12
171 26 12
171 26 12
171 26 12
171 26 12
190 27 22
190 27 12
190 27 12
190 27 12
190 27 12
190 27 12
190 27 12
190 27 12
190 27 12
190 27 12
190 27 12
190 27 12
190 27 12
190 27 12
190 27 12
190 27 12
190 27 12
190 27 12
190 27 12
190 27 12
190 27 12
190 27 12
190 27 12
190 27 12
190 27 12
190 27 12
199 53 22
199 53 12
199 53 12
199 53 12
124 86 22
124 86 12
124 86 12
124 86 12
124 86 12
124 86 12
124 86 12
134 91 22
161 128 22
161 128 12
161 128 12
161 128 12
161 128 12
161 128 12
161 128 12
161 128 12
161 128 12
161 128 12
161 128 12
161 128 12
161 128 12
161 128 12
161 128 12
161 128 12
161 128 12
161 128 12
161 128 12
161 128 12
161 128 12
161 128 12
161 128 12
161 128 12
161 128 12
161 128 12
161 128 12
161 128 12
161 128 12
170 121 22
161 116 22
161 116 12
161 116 12
161 116 12
161 116 12
161 116 12
161 116 12
161 116 12
161 116 12
161 116 12
161 116 12
161 116 12
161 116 12
161 116 12
161 116 12
161 116 12
161 116 12
161 116 12
161 116 12
161 116 12
161 116 12
161 116 12
161 116 12
161 116 12
161 116 12
161 116 12
161 116 12
161 116 12
161 116 12
161 116 12
161 116 12
161 116 12
161 116 12
161 116 12
161 116 12
161 116 12
161 116 12
161 116 12
161 116 12
161 116 12
161 116 12
161 116 12
161 116 12
161 116 12
161 116 12
161 116 12
161 116 12
161 116 12
161 116 12
161 116 12
161 116 12
161 116 12
161 116 12
161 116 12
161 116 12
161 116 12
161 116 12
161 116 12
161 116 12
161 116 12
161 116 12
161 116 12
161 116 12
161 116 12
161 116 12
161 116 12
161 116 12
161 116 12
161 116 12
161 116 12
161 116 12
161 116 12
161 116 12
161 116 12
161 116 12
161 116 12
161 116 12
161 116 12
161 116 12
161 116 12
161 116 12
161 116 12
161 116 12
180 127 22
180 127 12
180 127 12
180 127 12
180 127 12
180 127 12
180 127 12
180 127 12
180 127 12
180 127 12
180 127 12
180 127 12
180 127 12
180 127 12
180 127 12
180 127 12
180 127 12
180 127 12
180 127 12
180 127 12
180 127 12
180 127 12
180 127 12
180 127 12
180 127 12
180 127 12
180 127 12
180 127 12
180 127 12
180 127 12
180 127 12
180 127 12
180 127 12
180 127 12
180 127 12
180 127 12
180 127 12
180 127 12
180 127 12
180 127 12
180 127 12
180 127 12
180 127 12
180 127 12
180 127 12
180 127 12
180 127 12
180 127 12
180 127 12
180 127 12
180 127 12
180 127 12
180 127 12
180 127 12
180 127 12
180 127 12
180 127 12
180 127 12
180 127 12
180 127 12
180 127 12
180 127 12
47 100 22
47 100 12
47 100 12
47 100 12
47 100 12
47 89 22
47 89 12
47 89 12
47 89 12
47 89 12
47 89 12
47 89 12
47 89 12
47 89 12
47 89 12
47 89 12
47 89 12
47 89 12
47 89 12
47 89 12
189 133 22
189 133 12
189 133 12
189 133 12
189 133 12
189 133 12
189 133 12
189 133 12
189 133 12
189 133 12
189 133 12
189 133 12
189 133 12
189 133 12
189 133 12
189 133 12
189 133 12
189 133 12
189 133 12
189 133 12
189 133 12
189 133 12
189 133 12
189 133 12
189 133 12
189 133 12
189 133 12
189 133 12
189 133 12
189 133 12
189 133 12
189 133 12
189 133 12
189 133 12
189 133 12
189 133 12
189 133 12
189 133 12
189 133 12
189 133 12
189 133 12
189 133 12
189 133 12
189 133 12
189 133 12
189 133 12
189 133 12
189 133 12
189 133 12
189 133 12
189 133 12
189 133 12
189 133 12
189 133 12
189 133 12
189 133 12
189 133 12
189 133 12
189 133 12
189 133 12
38 94 22
38 94 12
38 94 12
38 94 12
38 94 12
38 94 12
38 94 12
38 94 12
38 94 12
38 94 12
38 94 12
38 94 12
38 94 12
38 94 12
38 94 12
38 94 12
38 94 12
38 94 12
38 94 12
38 94 12
38 94 12
38 94 12
38 94 12
38 94 12
38 94 12
38 94 12
38 94 12
38 94 12
38 94 12
38 94 12
38 94 12
38 94 12
38 94 12
38 94 12
38 94 12
38 94 12
38 94 12
38 94 12
38 94 12
38 94 12
38 94 12
38 94 12
38 94 12
38 94 12
38 94 12
38 94 12
38 94 12
38 94 12
38 94 12
38 94 12
38 94 12
38 94 12
38 94 12
38 94 12
38 94 12
38 94 12
38 94 12
38 94 12
38 94 12
38 94 12
38 94 12
38 94 12
38 94 12
38 94 12
38 94 12
38 94 12
38 94 12
38 94 12
38 94 12
38 94 12
38 94 12
38 94 12
38 94 12
38 94 12
38 94 12
38 94 12
38 94 12
38 94 12
38 94 12
38 94 12
38 94 12
38 94 12
38 94 12
38 94 12
38 94 12
38 94 12
38 94 12
38 94 12
38 94 12
38 94 12
57 83 22
162 52 22
162 52 12
162 52 12
162 52 12
162 41 22
162 41 12
162 41 12
162 41 12
162 41 12
162 41 12
162 41 12
162 41 12
162 41 12
162 41 12
153 46 22
153 46 12
153 57 22
153 57 12
153 57 12
153 57 12
153 57 12
153 57 12
153 57 12
153 57 12
153 57 12
153 57 12
153 57 12
153 57 12
153 57 12
153 57 12
153 57 12
153 57 12
153 57 12
153 57 12
153 57 12
153 57 12
153 57 12
153 67 22
153 67 12
153 67 12
153 67 12
153 67 12
153 67 12
153 67 12
153 67 12
153 67 12
153 67 12
153 67 12
153 67 12
153 67 12
153 67 12
153 67 12
153 67 12
153 67 12
153 67 12
153 67 12
153 67 12
153 67 12
153 67 12
153 67 12
153 67 12
153 67 12
153 67 12
153 67 12
153 67 12
153 67 12
153 67 12
153 67 12
153 67 12
153 67 12
153 67 12
153 67 12
153 67 12
153 67 12
153 67 12
153 67 12
153 67 12
153 67 12
153 67 12
153 67 12
153 67 12
153 67 12
153 67 12
153 67 12
153 67 12
153 67 12
153 67 12
153 67 12
153 67 12
153 67 12
153 67 12
153 67 12
153 67 12
153 67 12
153 67 12
153 67 12
153 67 12
153 67 12
153 67 12
153 67 12
153 67 12
153 67 12
153 67 12
153 67 12
153 67 12
153 67 12
48 77 22
57 72 22
57 107 22
57 107 12
47 112 22
47 112 12
47 112 12
47 112 12
47 112 12
47 112 12
47 112 12
47 112 12
47 112 12
47 112 12
47 112 12
47 112 12
47 112 12
47 112 12
47 112 12
47 112 12
47 112 12
47 112 12
47 112 12
47 112 12
47 112 12
47 112 12
47 112 12
47 112 12
47 112 12
47 112 12
47 112 12
47 112 12
47 112 12
47 112 12
47 112 12
47 112 12
47 112 12
47 112 12
47 112 12
47 112 12
47 112 12
47 112 12
47 112 12
47 112 12
47 112 12
47 112 12
47 112 12
47 112 12
47 112 12
47 112 12
47 112 12
47 112 12
47 112 12
47 112 12
47 112 12
47 112 12
47 112 12
47 112 12
47 112 12
47 112 12
47 112 12
47 112 12
47 112 12
47 112 12
47 112 12
47 112 12
47 112 12
47 112 12
47 112 12
47 112 12
47 112 12
47 112 12
47 112 12
47 112 12
47 112 12
47 112 12
47 112 12
47 112 12
47 112 12
47 112 12
47 112 12
47 112 12
47 112 12
47 112 12
143 51 22
198 162 22
198 162 12
198 162 12
198 162 12
198 162 12
198 162 12
198 162 12
198 162 12
198 162 12
198 162 12
198 162 12
198 162 12
198 162 12
198 162 12
198 162 12
198 162 12
198 162 12
198 162 12
198 162 12
198 162 12
198 162 12
198 162 12
198 162 12
198 162 12
198 162 12
198 162 12
198 162 12
198 162 12
48 66 22
48 66 12
48 66 12
48 66 12
48 66 12
180 116 22
180 116 12
180 116 12
180 116 12
180 116 12
180 116 12
180 116 12
180 116 12
180 116 12
180 116 12
180 116 12
180 116 12
180 116 12
180 116 12
180 116 12
180 116 12
180 116 12
180 116 12
180 116 12
180 116 12
180 116 12
180 116 12
180 116 12
180 116 12
180 116 12
180 116 12
180 116 12
180 116 12
180 116 12
180 116 12
180 116 12
180 116 12
180 116 12
180 116 12
180 116 12
180 116 12
180 116 12
180 116 12
180 116 12
143 41 22
152 36 22
152 36 12
152 36 12
152 36 12
152 36 12
152 36 12
152 36 12
143 31 22
143 31 12
143 31 12
143 31 12
143 31 12
143 31 12
134 36 22
134 36 12
134 36 12
134 36 12
134 36 12
134 36 12
134 46 22
134 46 12
57 60 22
47 55 22
57 49 22
57 49 12
57 49 12
47 44 22
47 44 12
47 44 12
47 44 12
47 44 12
47 44 12
47 44 12
47 44 12
47 44 12
47 44 12
152 26 22
152 26 12
152 26 12
152 26 12
152 26 12
152 26 12
152 26 12
152 26 12
152 26 12
152 26 12
152 26 12
152 26 12
152 26 12
152 26 12
152 26 12
152 26 12
152 26 12
152 26 12
152 26 12
152 26 12
152 26 12
152 26 12
152 26 12
152 26 12
152 26 12
152 26 12
152 26 12
152 26 12
152 26 12
152 26 12
152 26 12
152 26 12
152 26 12
152 26 12
152 26 12
152 26 12
152 26 12
152 26 12
152 26 12
152 26 12
152 26 12
152 26 12
152 26 12
152 26 12
152 26 12
152 26 12
152 26 12
152 26 12
152 26 12
152 26 12
152 26 12
152 26 12
152 26 12
152 26 12
152 26 12
152 26 12
152 26 12
152 26 12
152 26 12
152 26 12
152 26 12
152 26 12
152 26 12
152 26 12
152 26 12
152 26 12
152 26 12
152 26 12
152 26 12
152 26 12
152 26 12
152 26 12
152 26 12
152 26 12
152 26 12
152 26 12
152 26 12
152 26 12
152 26 12
152 26 12
152 26 12
133 26 22
133 26 12
133 26 12
133 26 12
133 26 12
133 26 12
133 26 12
133 26 12
133 26 12
133 26 12
133 26 12
133 26 12
133 26 12
133 26 12
133 26 12
133 26 12
133 26 12
133 26 12
133 26 12
133 26 12
133 26 12
133 26 12
133 26 12
133 26 12
133 26 12
133 26 12
133 26 12
133 26 12
133 26 12
133 26 12
133 26 12
133 26 12
133 26 12
133 26 12
133 26 12
133 26 12
133 26 12
133 26 12
133 26 12
133 26 12
133 26 12
133 26 12
133 26 12
133 26 12
133 26 12
133 26 12
133 26 12
133 26 12
133 26 12
133 26 12
133 26 12
133 26 12
133 26 12
133 26 12
133 26 12
133 26 12
133 26 12
133 26 12
133 26 12
133 26 12
133 26 12
133 26 12
133 26 12
133 26 12
160 162 86
160 162 12
160 162 12
160 162 12
160 162 12
160 162 12
160 162 12
141 142 22
141 142 12
141 142 12
141 142 12
141 142 12
141 142 12
141 142 12
141 142 12
141 142 12
141 142 12
141 142 12
141 142 12
141 142 12
141 142 12
141 142 12
141 142 12
141 142 12
141 142 12
141 142 12
141 142 12
141 142 12
141 142 12
141 142 12
141 142 12
141 142 12
141 142 12
141 142 12
141 142 12
141 142 12
141 142 12
141 142 12
141 142 12
141 142 12
141 142 12
141 142 12
141 142 12
141 142 12
141 142 12
141 142 12
141 142 12
150 169 22
150 169 12
150 169 12
150 169 12
150 169 12
150 169 12
150 169 12
150 169 12
141 176 22
141 176 12
141 176 12
141 176 12
141 176 12
141 176 12
141 176 12
141 176 12
141 176 12
141 176 12
141 176 12
141 176 12
141 176 12
141 176 12
141 176 12
141 176 12
141 176 12
141 176 12
141 176 12
141 176 12
141 176 12
141 176 12
141 176 12
141 176 12
124 41 22
124 31 22
124 31 12
124 31 12
124 31 12
124 31 12
124 31 12
124 31 12
124 31 12
124 31 12
124 31 12
124 31 12
124 31 12
124 31 12
124 31 12
124 31 12
124 31 12
124 31 12
124 31 12
124 31 12
124 31 12
124 31 12
124 31 12
124 31 12
124 31 12
124 31 12
124 31 12
124 31 12
124 31 12
124 31 12
124 31 12
124 31 12
124 31 12
124 31 12
124 31 12
114 36 22
114 36 12
115 47 22
124 52 22
124 52 12
124 52 12
124 52 12
105 42 22
105 31 22
105 31 12
105 31 12
105 31 12
105 31 12
105 31 12
105 31 12
105 31 12
105 31 12
105 31 12
105 31 12
105 31 12
105 31 12
105 31 12
105 31 12
105 31 12
105 31 12
105 31 12
105 31 12
105 31 12
105 31 12
105 31 12
105 31 12
105 31 12
105 31 12
105 31 12
105 31 12
105 31 12
105 31 12
105 31 12
105 31 12
105 31 12
105 31 12
105 31 12
105 31 12
105 31 12
105 31 12
105 31 12
105 31 12
105 31 12
105 31 12
105 31 12
105 31 12
105 31 12
105 31 12
105 31 12
105 31 12
105 31 12
105 31 12
105 31 12
105 31 12
105 31 12
105 31 12
105 31 12
105 31 12
105 31 12
105 31 12
105 31 12
105 31 12
105 31 12
105 31 12
105 31 12
105 31 12
105 53 22
105 53 12
105 53 12
105 53 12
105 53 12
105 53 12
105 53 12
105 53 12
105 53 12
115 58 22
115 58 12
115 58 12
115 58 12
115 58 12
115 58 12
115 58 12
115 58 12
115 58 12
115 58 12
95 48 22
95 37 22
95 37 12
86 43 22
86 32 22
76 38 22
76 38 12
76 38 12
76 38 12
76 38 12
76 38 12
76 38 12
76 38 12
76 38 12
76 38 12
67 44 22
67 44 12
67 44 12
67 44 12
67 44 12
67 44 12
67 44 12
67 44 12
67 44 12
67 44 12
67 44 12
67 44 12
67 44 12
67 44 12
67 44 12
67 44 12
67 44 12
67 44 12
67 44 12
67 44 12
67 44 12
67 44 12
67 44 12
67 44 12
67 44 12
67 44 12
67 44 12
67 44 12
67 44 12
67 44 12
67 44 12
67 44 12
67 44 12
67 44 12
67 44 12
67 44 12
67 44 12
67 44 12
67 44 12
67 44 12
67 44 12
67 44 12
67 44 12
67 44 12
67 44 12
67 44 12
67 44 12
67 44 12
67 44 12
67 44 12
67 44 12
67 44 12
67 44 12
67 44 12
67 44 12
67 44 12
67 44 12
67 44 12
67 44 12
67 44 12
67 44 12
67 44 12
67 44 12
67 44 12
67 44 12
67 44 12
67 44 12
67 44 12
67 44 12
67 44 12
67 44 12
76 27 22
105 64 22
105 64 12
105 64 12
105 64 12
105 64 12
105 64 12
105 64 12
105 64 12
105 64 12
105 64 12
105 64 12
105 64 12
105 64 12
105 64 12
105 64 12
105 64 12
105 64 12
105 64 12
105 64 12
105 64 12
105 64 12
105 64 12
105 64 12
105 64 12
105 64 12
105 64 12
105 64 12
105 64 12
105 64 12
105 64 12
105 64 12
105 64 12
105 64 12
105 64 12
105 64 12
105 64 12
105 64 12
105 64 12
105 64 12
105 64 12
105 64 12
105 64 12
105 64 12
105 64 12
105 64 12
105 64 12
105 64 12
105 64 12
105 64 12
105 64 12
105 64 12
105 64 12
105 64 12
105 64 12
105 64 12
105 64 12
105 64 12
105 64 12
105 64 12
105 64 12
105 64 12
105 64 12
105 64 12
105 64 12
105 64 12
105 64 12
105 64 12
105 64 12
105 64 12
105 64 12
105 64 12
105 64 12
105 64 12
105 64 12
105 64 12
105 64 12
105 64 12
105 64 12
105 64 12
105 64 12
105 64 12
105 64 12
105 64 12
105 64 12
105 64 12
105 64 12
105 64 12
105 64 12
105 64 12
105 64 12
105 64 12
105 64 12
105 64 12
105 64 12
67 33 22
67 33 12
67 33 12
67 33 12
67 33 12
67 33 12
67 33 12
67 33 12
67 33 12
67 33 12
67 33 12
67 33 12
67 33 12
67 33 12
67 33 12
67 33 12
67 33 12
67 33 12
67 33 12
67 33 12
67 33 12
67 33 12
67 33 12
67 33 12
67 33 12
67 33 12
67 33 12
67 33 12
67 33 12
67 33 12
67 33 12
67 33 12
67 33 12
67 33 12
67 33 12
67 33 12
67 33 12
67 33 12
67 33 12
67 33 12
67 33 12
67 33 12
67 33 12
67 33 12
67 33 12
67 33 12
67 33 12
67 33 12
67 33 12
67 33 12
67 33 12
67 33 12
67 33 12
67 33 12
67 33 12
67 33 12
67 33 12
67 33 12
67 33 12
67 33 12
67 33 12
67 33 12
67 33 12
67 33 12
67 33 12
67 33 12
67 33 12
67 33 12
67 33 12
67 33 12
67 33 12
67 33 12
67 33 12
67 33 12
67 33 12
67 33 12
67 33 12
67 33 12
67 33 12
67 33 12
67 33 12
67 33 12
67 33 12
67 33 12
67 33 12
143 62 49
143 62 12
143 62 12
143 62 12
143 62 12
143 62 12
143 62 12
143 62 12
143 62 12
143 62 12
143 62 12
143 62 12
143 62 12
143 62 12
143 62 12
143 62 12
143 62 12
143 62 12
143 62 12
143 62 12
112 184 15
112 184 12
113 184 15
113 184 12
113 183 15
113 182 15
114 182 15
114 181 15
115 181 15
115 180 15
116 180 15
117 180 15
118 180 15
119 180 15
120 180 15
121 180 15
122 180 15
123 180 15
124 180 15
125 180 15
126 180 17
127 180 43
128 180 72
129 180 103
129 179 132
130 179 160
131 179 188
132 179 216
133 179 241
133 178 263
134 178 281
135 178 295
136 178 307
137 178 316
137 178 12
138 178 322
138 178 12
138 178 12
138 178 12
138 178 12
138 178 12
138 178 12
138 177 321
139 177 317
140 177 311
140 177 12
140 177 12
140 177 12
140 177 12
141 177 305
141 177 12
141 177 12
141 177 12
141 177 12
141 177 12
141 177 12
141 177 12
141 177 12
141 177 12
141 177 12
142 176 278
142 176 12
142 176 12
142 176 12
142 176 12
142 176 12
142 176 12
142 176 12
143 176 264
143 176 12
143 176 12
143 176 12
143 176 12
143 176 12
143 176 12
143 176 12
143 176 12
143 176 12
143 176 12
143 176 12
143 176 12
143 175 250
143 175 12
143 175 12
143 175 12
143 175 12
143 175 12
143 175 12
143 175 12
144 175 229
144 175 12
144 175 12
144 175 12
144 175 12
144 175 12
144 175 12
144 175 12
144 175 12
144 175 12
144 175 12
144 175 12
144 175 12
145 175 211
145 175 12
145 175 12
145 175 12
145 175 12
145 175 12
145 175 12
145 175 12
145 175 12
145 175 12
145 175 12
145 175 12
145 175 12
145 175 12
145 175 12
145 175 12
145 175 12
145 174 196
145 174 12
145 174 12
145 174 12
145 174 12
145 174 12
145 174 12
145 174 12
145 174 12
145 174 12
145 174 12
145 174 12
145 174 12
145 174 12
145 174 12
146 174 174
146 174 12
146 174 12
146 174 12
146 174 12
146 174 12
146 174 12
146 174 12
146 174 12
146 174 12
146 174 12
146 174 12
146 174 12
146 174 12
146 174 12
146 174 12
146 174 12
146 174 12
146 174 12
147 174 157
147 174 12
147 174 12
147 174 12
147 174 12
147 174 12
147 174 12
147 174 12
147 174 12
147 174 12
147 174 12
147 174 12
147 174 12
147 174 12
147 174 12
147 174 12
147 174 12
147 174 12
147 174 12
147 174 12
147 173 141
147 173 12
147 173 12
147 173 12
147 173 12
147 173 12
147 173 12
147 173 12
147 173 12
147 173 12
147 173 12
147 173 12
147 173 12
147 173 12
147 173 12
147 173 12
147 173 12
147 173 12
147 173 12
148 173 122
148 173 12
148 173 12
148 173 12
148 173 12
148 173 12
148 173 12
148 173 12
148 173 12
148 173 12
148 173 12
148 173 12
148 173 12
148 173 12
148 173 12
148 173 12
148 173 12
149 173 111
149 173 12
149 173 12
149 173 12
149 173 12
149 173 12
149 173 12
149 173 12
149 173 12
149 173 12
149 173 12
149 173 12
149 172 92
149 172 12
149 172 12
149 172 12
149 172 12
149 172 12
149 172 12
149 172 12
149 172 12
149 172 12
149 172 12
149 172 12
150 172 82
150 172 12
150 172 12
150 172 12
150 172 12
150 172 12
150 172 12
150 171 71
150 171 12
150 171 12
150 171 12
150 171 12
150 171 12
150 170 77
150 170 12
150 170 12
150 170 12
150 170 12
151 169 69
152 169 49
153 169 43
153 168 49
154 168 45
154 167 54
155 167 55
155 166 65
156 166 70
156 165 81
157 165 90
157 164 98
157 164 12
158 164 111
158 163 118
158 163 12
158 163 12
158 162 131
158 162 12
158 162 12
158 162 12
158 162 12
158 162 12
159 162 136
159 162 12
159 162 12
159 162 12
160 161 151
160 161 12
160 161 12
160 160 154
160 160 12
160 160 12
160 159 159
160 159 12
160 158 163
160 157 164
160 156 161
160 155 151
160 154 135
160 153 113
160 152 84
160 151 51
135 79 15
136 79 15
137 79 15
138 79 15
139 79 15
139 78 15
140 78 15
141 78 15
142 78 15
142 78 12
143 78 15
143 78 12
143 77 15
143 77 12
143 76 15
143 76 12
143 75 15
143 75 12
143 75 12
143 74 15
143 74 12
143 74 12
144 73 15
144 73 12
144 73 12
144 73 12
144 73 12
145 73 15
145 73 12
145 73 12
145 73 12
145 73 12
145 73 12
145 72 54
145 72 12
145 72 12
145 71 150
145 70 236
145 69 305
145 68 354
145 67 380
145 66 384
145 65 365
145 64 327
145 63 274
145 62 210
145 62 12
145 62 12
145 62 12
145 62 12
145 61 142
145 61 12
145 61 12
145 61 12
145 61 12
145 61 12
145 61 12
145 61 12
145 61 12
145 61 12
145 60 74
145 60 12
145 60 12
145 60 12
145 60 12
145 60 12
145 60 12
145 60 12
145 60 12
145 60 12
145 60 12
145 60 12
145 60 12
145 60 12
145 60 12
145 59 15
145 59 12
145 59 12
145 59 12
145 59 12
145 59 12
145 59 12
145 59 12
145 59 12
145 59 12
145 59 12
145 59 12
145 59 12
145 59 12
145 59 12
145 59 12
145 59 12
145 58 15
145 58 12
145 58 12
145 58 12
145 58 12
145 58 12
145 58 12
145 58 12
145 58 12
145 58 12
145 58 12
145 58 12
145 58 12
145 58 12
146 58 15
146 58 12
146 58 12
146 58 12
146 58 12
146 58 12
146 58 12
146 58 12
146 58 12
146 58 12
146 58 12
146 58 12
146 58 12
146 58 12
146 57 15
146 57 12
146 57 12
146 57 12
146 57 12
146 57 12
146 57 12
146 57 12
146 57 12
146 57 12
146 56 15
146 56 12
146 56 12
146 56 12
146 56 12
146 56 12
146 56 12
146 55 15
146 55 12
146 55 12
146 55 12
147 55 15
147 55 12
147 55 12
147 55 12
147 54 15
147 54 12
147 54 12
147 53 15
147 53 12
148 53 15
148 53 12
148 52 15
148 52 12
149 52 15
149 52 12
150 52 15
150 52 12
150 51 15
150 51 12
150 50 15
150 50 12
151 50 15
151 50 12
152 50 15
152 50 12
152 50 12
153 50 15
153 50 12
153 50 12
153 50 12
153 50 12
154 50 15
154 50 12
154 50 12
154 50 12
154 50 12
154 50 12
155 50 15
155 50 12
155 50 12
155 50 12
155 50 12
155 50 12
155 50 12
155 50 12
156 50 15
156 50 12
156 50 12
156 50 12
156 50 12
156 50 12
156 50 12
156 50 12
156 50 12
157 50 15
157 50 12
157 50 12
157 50 12
157 50 12
157 50 12
157 50 12
157 50 12
157 50 12
158 50 15
158 50 12
158 50 12
158 50 12
158 50 12
158 50 12
158 50 12
158 50 12
159 50 15
159 50 12
159 50 12
159 50 12
159 50 12
159 50 12
160 50 15
160 50 12
160 50 12
160 50 12
161 50 15
161 50 12
161 50 12
162 50 15
162 50 12
163 50 15
163 50 12
164 50 15
164 50 12
165 50 15
165 50 12
166 50 15
166 50 12
167 50 15
167 50 12
167 51 15
167 51 12
167 52 15
167 52 12
167 52 12
168 52 15
168 52 12
168 52 12
168 53 15
168 53 12
168 53 12
168 53 12
169 53 15
169 53 12
169 53 12
169 53 12
170 53 15
170 53 12
170 53 12
170 53 12
170 54 15
170 54 12
170 54 12
170 54 12
170 54 12
171 54 15
171 54 12
171 54 12
171 54 12
171 54 12
171 55 30
171 55 12
171 55 12
171 55 12
171 55 12
171 56 68
171 56 12
171 56 12
171 58 161
171 59 211
171 60 260
171 61 306
171 62 345
171 63 376
171 64 398
171 65 409
171 66 410
172 67 358
172 68 330
172 68 12
172 68 12
172 68 12
172 69 297
172 69 12
172 69 12
172 69 12
172 69 12
172 69 12
172 69 12
173 69 261
173 69 12
173 69 12
173 69 12
173 69 12
173 69 12
173 69 12
173 69 12
173 69 12
173 70 212
173 70 12
173 70 12
173 70 12
173 70 12
173 70 12
173 70 12
173 70 12
173 70 12
173 70 12
173 70 12
173 70 12
173 71 166
173 71 12
173 71 12
173 71 12
173 71 12
173 71 12
173 71 12
173 71 12
173 71 12
173 71 12
173 71 12
173 71 12
173 71 12
173 71 12
173 72 126
173 72 12
173 72 12
173 72 12
173 72 12
173 72 12
173 72 12
173 72 12
173 72 12
173 72 12
173 72 12
173 72 12
173 72 12
173 72 12
174 72 79
174 72 12
174 72 12
174 72 12
174 72 12
174 72 12
174 72 12
174 72 12
174 72 12
174 72 12
174 72 12
174 72 12
174 72 12
174 72 12
174 72 12
174 72 12
174 72 12
174 73 35
174 73 12
174 73 12
174 73 12
174 73 12
174 73 12
174 73 12
174 73 12
174 73 12
174 73 12
174 73 12
174 73 12
174 73 12
174 73 12
174 73 12
174 73 12
175 73 15
175 73 12
175 73 12
175 73 12
175 73 12
175 73 12
175 73 12
175 73 12
175 73 12
175 73 12
175 73 12
175 73 12
175 73 12
175 73 12
175 73 12
175 73 12
175 73 12
176 73 15
176 73 12
176 73 12
176 73 12
176 73 12
176 73 12
176 73 12
176 73 12
176 73 12
176 73 12
176 73 12
176 73 12
176 73 12
176 73 12
176 73 12
176 73 12
176 73 12
176 73 12
176 74 15
176 74 12
176 74 12
176 74 12
176 74 12
176 74 12
176 74 12
176 74 12
176 74 12
176 74 12
176 74 12
176 74 12
176 74 12
176 75 15
176 75 12
176 75 12
176 75 12
176 75 12
176 75 12
176 75 12
176 75 12
176 75 12
176 75 12
176 76 15
176 76 12
176 76 12
176 76 12
176 76 12
176 76 12
176 76 12
176 76 12
176 77 15
176 77 12
176 77 12
176 77 12
176 77 12
176 77 12
176 77 12
176 78 15
176 78 12
176 78 12
176 78 12
176 78 12
176 78 12
176 78 12
176 79 15
176 79 12
176 79 12
176 79 12
176 79 12
176 79 12
176 79 12
176 79 12
176 79 12
177 79 15
177 79 12
177 79 12
177 79 12
177 79 12
177 79 12
177 79 12
177 80 15
177 80 12
177 80 12
177 80 12
177 80 12
177 80 12
177 80 12
177 80 12
178 80 15
178 80 12
178 80 12
178 80 12
178 80 12
178 80 12
179 80 15
179 80 12
179 80 12
179 80 12
179 80 12
180 80 15
180 80 12
180 80 12
180 80 12
180 81 15
180 81 12
180 81 12
180 81 12
180 82 15
180 82 12
180 82 12
180 82 12
180 82 12
181 82 15
181 82 12
181 82 12
181 82 12
181 83 15
181 83 12
181 83 12
181 83 12
182 84 15
182 84 12
182 84 12
182 84 12
183 84 15
183 84 12
183 84 12
184 84 15
184 84 12
184 85 15
184 85 12
185 85 15
185 85 12
186 85 15
187 85 15
187 86 15
188 86 15
188 87 15
189 87 15
190 87 15
190 88 15
191 89 15
192 89 15
193 89 15
194 89 15
195 89 15
195 90 15
195 91 15
196 91 15
196 92 15
197 92 15
198 92 15
199 92 15
199 92 12
199 93 15
199 93 12
199 94 15
199 96 20
199 97 18
199 98 15
199 99 15
199 100 15
199 101 15
199 102 15
199 102 12
199 103 15
199 103 12
199 104 15
199 104 12
199 104 12
199 105 56
199 105 12
