20 192 22
19 59 22
113 17 22
160 80 22
118 71 22
66 53 22
66 53 12
66 53 12
66 53 12
66 53 12
66 53 12
66 53 12
87 157 22
198 14 22
156 199 22
152 85 22
152 74 22
144 79 22
127 77 22
135 72 22
127 66 22
144 68 22
135 61 22
143 57 22
135 83 22
152 63 22
160 69 22
144 90 22
144 90 12
144 90 12
144 90 12
144 90 12
144 90 12
144 90 12
144 90 12
144 90 12
144 90 12
144 90 12
169 75 22
28 64 22
28 53 22
37 59 22
57 59 22
57 59 12
57 59 12
57 59 12
57 59 12
57 59 12
57 59 12
57 59 12
57 59 12
57 59 12
57 59 12
57 59 12
57 59 12
57 59 12
57 59 12
57 59 12
57 59 12
57 59 12
57 59 12
57 59 12
47 53 22
47 53 12
47 53 12
47 53 12
47 53 12
47 53 12
47 53 12
47 53 12
47 53 12
47 53 12
47 53 12
47 53 12
47 53 12
47 53 12
47 53 12
47 53 12
47 53 12
47 53 12
47 53 12
47 53 12
47 53 12
47 53 12
47 53 12
47 53 12
47 53 12
47 53 12
47 53 12
47 53 12
56 48 22
56 48 12
56 48 12
56 48 12
56 48 12
56 48 12
56 48 12
56 48 12
56 48 12
56 48 12
56 48 12
56 48 12
56 48 12
56 48 12
56 48 12
56 48 12
56 48 12
56 48 12
56 48 12
56 48 12
56 48 12
56 48 12
56 48 12
56 48 12
56 48 12
56 48 12
56 48 12
56 48 12
56 48 12
56 48 12
56 48 12
56 48 12
56 48 12
56 48 12
56 48 12
56 48 12
56 48 12
56 48 12
56 48 12
56 48 12
56 48 12
56 48 12
56 48 12
56 48 12
56 48 12
56 48 12
56 48 12
56 48 12
56 48 12
56 48 12
56 48 12
37 48 22
37 48 12
37 48 12
37 48 12
37 48 12
37 48 12
104 22 22
114 28 22
114 28 12
114 28 12
114 28 12
114 28 12
114 28 12
114 28 12
114 28 12
114 28 12
114 28 12
114 28 12
114 28 12
114 28 12
114 28 12
114 28 12
114 28 12
114 28 12
114 28 12
114 28 12
114 28 12
114 28 12
114 28 12
114 28 12
114 28 12
114 28 12
114 28 12
114 28 12
114 28 12
114 28 12
114 28 12
114 28 12
114 28 12
114 28 12
114 28 12
114 28 12
114 28 12
114 28 12
114 28 12
114 28 12
114 28 12
114 28 12
114 28 12
114 28 12
114 28 12
114 28 12
114 28 12
114 28 12
114 28 12
114 28 12
114 28 12
114 28 12
114 28 12
114 28 12
114 28 12
114 28 12
114 28 12
114 28 12
114 28 12
114 28 12
114 28 12
114 28 12
114 28 12
114 28 12
114 28 12
114 28 12
114 28 12
114 28 12
114 28 12
114 28 12
114 28 12
114 28 12
114 28 12
114 28 12
114 28 12
114 28 12
114 28 12
114 28 12
103 11 22
112 6 22
78 162 22
87 168 22
147 194 22
156 188 22
96 162 22
96 162 12
96 162 12
96 162 12
96 162 12
96 162 12
29 198 22
30 187 22
189 8 22
198 2 22
147 183 22
147 183 12
147 183 12
147 183 12
147 183 12
147 183 12
147 183 12
147 183 12
147 183 12
147 183 12
39 193 22
95 173 22
95 173 12
95 173 12
95 173 12
95 173 12
95 173 12
95 173 12
95 173 12
95 173 12
95 173 12
95 173 12
95 173 12
78 151 22
68 156 22
39 182 22
39 182 12
39 182 12
39 182 12
39 182 12
49 188 22
49 188 12
49 188 12
49 188 12
49 188 12
49 188 12
49 188 12
49 188 12
49 177 22
49 177 12
49 177 12
49 177 12
49 177 12
49 177 12
49 177 12
49 177 12
49 177 12
49 177 12
49 177 12
49 177 12
49 177 12
49 177 12
49 177 12
49 177 12
49 177 12
49 177 12
49 177 12
49 177 12
49 177 12
49 177 12
49 177 12
49 177 12
49 177 12
49 177 12
49 177 12
49 177 12
49 177 12
49 177 12
49 177 12
49 177 12
49 177 12
49 177 12
49 177 12
49 177 12
49 177 12
49 177 12
49 177 12
49 177 12
49 177 12
49 177 12
49 177 12
49 177 12
49 177 12
49 177 12
49 177 12
49 177 12
49 177 12
49 177 12
49 177 12
49 177 12
49 177 12
49 177 12
49 177 12
49 177 12
49 177 12
49 177 12
49 177 12
49 177 12
49 177 12
49 177 12
49 177 12
49 177 12
49 177 12
49 177 12
49 177 12
49 177 12
49 177 12
49 177 12
49 177 12
49 177 12
49 177 12
49 177 12
188 20 22
188 20 12
188 20 12
188 20 12
188 20 12
188 20 12
188 20 12
198 25 22
198 25 12
198 25 12
198 25 12
198 25 12
198 25 12
198 25 12
198 25 12
198 25 12
198 25 12
198 25 12
198 25 12
198 25 12
198 25 12
198 25 12
198 25 12
198 25 12
138 188 22
139 178 22
139 178 12
139 178 12
139 178 12
139 178 12
139 178 12
139 178 12
139 178 12
129 183 22
129 183 12
129 183 12
129 183 12
129 183 12
129 183 12
129 183 12
129 183 12
103 1 22
68 145 22
59 150 22
188 31 22
188 31 12
188 31 12
188 31 12
188 31 12
188 31 12
188 31 12
188 31 12
188 31 12
188 31 12
188 31 12
188 31 12
188 31 12
188 31 12
188 31 12
188 31 12
188 31 12
188 31 12
188 31 12
188 31 12
188 31 12
188 31 12
188 31 12
188 31 12
188 31 12
188 31 12
188 31 12
188 31 12
188 31 12
188 31 12
188 31 12
188 31 12
188 31 12
188 31 12
188 31 12
188 31 12
188 31 12
188 31 12
188 31 12
188 31 12
188 31 12
188 31 12
188 31 12
188 31 12
188 31 12
188 31 12
188 31 12
188 31 12
188 31 12
188 31 12
188 31 12
188 31 12
188 31 12
188 31 12
188 31 12
188 31 12
188 31 12
188 31 12
188 31 12
188 31 12
188 31 12
188 31 12
188 31 12
188 31 12
188 31 12
188 31 12
188 31 12
188 31 12
166 193 22
48 198 22
48 198 12
48 198 12
48 198 12
48 198 12
48 198 12
48 198 12
67 64 22
67 64 12
67 64 12
67 64 12
67 64 12
67 64 12
67 64 12
67 64 12
67 64 12
67 64 12
67 64 12
67 64 12
67 64 12
67 64 12
67 64 12
67 64 12
67 64 12
67 64 12
67 64 12
67 64 12
67 64 12
67 64 12
67 64 12
67 64 12
67 64 12
67 64 12
67 64 12
67 64 12
67 64 12
67 64 12
67 64 12
67 64 12
67 64 12
67 64 12
58 194 22
58 194 12
58 194 12
58 194 12
130 172 22
130 172 12
130 172 12
130 172 12
130 172 12
130 172 12
130 172 12
130 172 12
130 172 12
130 172 12
130 172 12
130 172 12
130 172 12
130 172 12
130 172 12
130 172 12
130 172 12
130 172 12
130 172 12
130 172 12
130 172 12
130 172 12
130 172 12
130 172 12
130 172 12
130 172 12
130 172 12
130 172 12
130 172 12
130 172 12
130 172 12
130 172 12
130 172 12
130 172 12
130 172 12
130 172 12
130 172 12
130 172 12
130 172 12
130 172 12
130 172 12
130 172 12
130 172 12
130 172 12
130 172 12
130 172 12
130 172 12
130 172 12
130 172 12
130 172 12
130 172 12
59 139 22
19 70 22
10 65 22
49 144 22
49 144 12
49 144 12
49 144 12
49 144 12
49 144 12
49 144 12
49 144 12
122 12 22
122 12 12
122 12 12
122 12 12
122 12 12
122 12 12
94 16 22
93 6 22
94 27 22
179 14 22
179 14 12
179 14 12
179 14 12
179 25 22
179 25 12
179 25 12
179 25 12
179 25 12
179 25 12
179 25 12
179 25 12
179 25 12
179 25 12
179 25 12
179 25 12
179 25 12
179 25 12
179 25 12
179 25 12
179 25 12
179 25 12
179 25 12
179 25 12
179 25 12
179 25 12
179 25 12
179 25 12
179 25 12
179 25 12
179 25 12
179 25 12
179 25 12
179 25 12
179 25 12
179 25 12
179 25 12
179 25 12
179 25 12
179 25 12
179 25 12
179 25 12
179 25 12
179 25 12
179 25 12
122 1 22
10 76 22
10 76 12
10 76 12
1 71 22
1 71 12
1 71 12
1 71 12
1 71 12
169 19 22
169 19 12
169 19 12
169 19 12
169 19 12
169 19 12
169 19 12
169 19 12
169 19 12
169 19 12
169 19 12
169 19 12
169 19 12
169 19 12
169 19 12
169 19 12
169 19 12
169 19 12
169 19 12
169 19 12
169 19 12
169 19 12
169 19 12
169 19 12
169 19 12
169 19 12
169 19 12
169 19 12
169 19 12
169 19 12
169 19 12
169 19 12
169 19 12
169 19 12
169 19 12
169 19 12
169 19 12
169 19 12
169 19 12
169 19 12
169 19 12
169 19 12
169 19 12
169 19 12
169 19 12
169 19 12
169 19 12
169 19 12
169 19 12
169 19 12
169 19 12
169 19 12
169 19 12
169 19 12
169 19 12
169 19 12
169 19 12
169 19 12
169 19 12
169 19 12
169 19 12
169 19 12
169 19 12
169 19 12
169 19 12
169 19 12
169 19 12
169 19 12
169 19 12
169 19 12
169 19 12
169 19 12
169 19 12
169 19 12
169 19 12
169 19 12
169 19 12
169 19 12
169 19 12
169 19 12
169 19 12
169 19 12
169 19 12
169 19 12
169 19 12
169 19 12
169 19 12
169 19 12
169 19 12
169 19 12
169 19 12
169 19 12
169 19 12
169 19 12
169 19 12
179 2 22
30 176 22
30 176 12
20 181 22
39 171 22
39 171 12
39 171 12
39 171 12
39 171 12
39 171 12
39 171 12
39 171 12
39 171 12
39 171 12
39 171 12
39 171 12
39 171 12
39 171 12
39 171 12
39 171 12
39 171 12
39 171 12
39 171 12
39 171 12
39 171 12
39 171 12
39 171 12
39 171 12
39 171 12
39 171 12
39 171 12
39 171 12
39 171 12
39 171 12
39 171 12
39 171 12
39 171 12
39 171 12
39 171 12
39 171 12
39 171 12
39 171 12
39 171 12
39 171 12
39 171 12
39 171 12
39 171 12
39 171 12
39 171 12
39 171 12
39 171 12
39 171 12
39 171 12
39 171 12
39 171 12
39 171 12
39 171 12
39 171 12
39 171 12
39 171 12
39 171 12
39 171 12
39 171 12
39 171 12
39 171 12
39 171 12
39 171 12
39 171 12
39 171 12
20 170 22
49 133 22
121 178 22
121 178 12
121 178 12
121 178 12
121 178 12
121 178 12
121 178 12
121 178 12
121 178 12
121 178 12
121 178 12
121 178 12
121 178 12
121 178 12
121 178 12
121 178 12
121 178 12
121 178 12
121 178 12
121 178 12
121 178 12
121 178 12
121 178 12
121 178 12
121 178 12
121 178 12
121 178 12
121 178 12
121 178 12
121 178 12
121 178 12
121 178 12
121 178 12
121 178 12
121 178 12
121 178 12
121 178 12
121 178 12
121 178 12
121 178 12
121 178 12
121 178 12
121 178 12
121 178 12
121 178 12
121 178 12
121 178 12
121 178 12
121 178 12
121 178 12
121 178 12
121 178 12
121 178 12
121 178 12
121 178 12
121 178 12
121 178 12
121 178 12
121 178 12
121 178 12
121 178 12
121 178 12
121 178 12
121 178 12
121 178 12
121 178 12
121 178 12
121 178 12
121 178 12
121 178 12
121 178 12
121 178 12
121 178 12
121 178 12
121 178 12
121 178 12
121 178 12
121 178 12
121 178 12
121 178 12
121 178 12
121 178 12
121 178 12
121 178 12
121 178 12
121 178 12
121 178 12
121 178 12
121 178 12
129 194 22
138 199 22
84 21 22
84 11 22
85 32 22
95 37 22
95 37 12
86 42 22
76 48 22
76 48 12
76 48 12
76 48 12
75 37 22
66 42 22
30 165 22
30 165 12
30 165 12
30 165 12
30 165 12
30 165 12
30 165 12
30 165 12
30 165 12
30 165 12
30 165 12
30 165 12
30 165 12
30 165 12
30 165 12
30 165 12
30 165 12
30 165 12
30 165 12
30 165 12
30 165 12
30 165 12
30 165 12
30 165 12
30 165 12
30 165 12
30 165 12
30 165 12
30 165 12
30 165 12
30 165 12
30 165 12
30 165 12
30 165 12
30 165 12
30 165 12
30 165 12
30 165 12
30 165 12
30 165 12
30 165 12
30 165 12
30 165 12
30 165 12
30 165 12
30 165 12
30 165 12
30 165 12
30 165 12
30 165 12
30 165 12
30 165 12
30 165 12
30 165 12
30 165 12
30 165 12
30 165 12
30 165 12
30 165 12
30 165 12
30 165 12
30 165 12
30 165 12
30 165 12
30 165 12
30 165 12
30 165 12
30 165 12
30 165 12
30 165 12
30 165 12
30 165 12
30 165 12
30 165 12
169 64 22
160 58 22
160 58 12
160 58 12
160 58 12
160 58 12
160 58 12
152 52 22
152 52 12
152 52 12
152 52 12
152 52 12
152 52 12
178 69 22
148 172 22
148 172 12
148 172 12
148 172 12
148 172 12
148 172 12
148 172 12
148 172 12
148 172 12
148 172 12
148 172 12
148 172 12
148 172 12
148 172 12
148 172 12
148 172 12
148 172 12
148 172 12
148 172 12
148 172 12
148 172 12
148 172 12
148 172 12
148 172 12
148 172 12
148 172 12
148 172 12
148 172 12
148 172 12
148 172 12
148 172 12
148 172 12
148 172 12
148 172 12
148 172 12
148 172 12
148 172 12
148 172 12
157 177 22
157 177 12
157 177 12
157 177 12
157 177 12
157 177 12
157 177 12
157 177 12
157 177 12
157 177 12
157 177 12
157 177 12
157 177 12
157 177 12
157 177 12
157 177 12
157 177 12
157 177 12
157 177 12
157 177 12
157 177 12
157 177 12
157 177 12
157 177 12
157 177 12
157 177 12
157 177 12
157 177 12
157 177 12
157 177 12
157 177 12
157 177 12
157 177 12
157 177 12
157 177 12
157 177 12
157 177 12
157 177 12
157 177 12
157 177 12
166 182 22
166 182 12
166 182 12
166 182 12
166 182 12
166 182 12
166 182 12
166 182 12
166 182 12
166 182 12
166 182 12
166 182 12
166 182 12
166 182 12
139 167 22
139 167 12
139 167 12
139 167 12
139 167 12
139 167 12
139 167 12
139 167 12
139 167 12
139 167 12
139 167 12
139 167 12
139 167 12
139 167 12
139 167 12
139 167 12
139 167 12
139 167 12
139 167 12
139 167 12
139 167 12
139 167 12
139 167 12
139 167 12
139 167 12
139 167 12
139 167 12
139 167 12
139 167 12
139 167 12
139 167 12
139 167 12
139 167 12
139 167 12
139 167 12
139 167 12
139 167 12
139 167 12
139 167 12
139 167 12
139 167 12
139 167 12
139 167 12
139 167 12
139 167 12
139 167 12
139 167 12
139 167 12
139 167 12
39 138 22
39 138 12
39 138 12
39 138 12
39 138 12
39 138 12
39 138 12
39 138 12
39 138 12
39 138 12
39 138 12
39 138 12
39 127 22
10 176 22
10 186 22
10 197 22
1 192 22
1 181 22
1 181 12
1 181 12
176 188 22
127 88 22
127 88 12
118 82 22
135 95 22
135 95 12
135 95 12
135 95 12
135 95 12
135 95 12
135 95 12
135 95 12
135 95 12
135 95 12
135 95 12
135 95 12
135 95 12
135 95 12
135 95 12
135 95 12
176 177 22
176 177 12
176 177 12
176 177 12
176 177 12
176 177 12
176 177 12
176 177 12
176 177 12
176 177 12
176 177 12
176 177 12
176 177 12
29 132 22
29 132 12
29 132 12
29 132 12
29 132 12
29 132 12
29 132 12
29 132 12
29 132 12
29 132 12
29 132 12
29 132 12
29 132 12
29 132 12
29 132 12
29 132 12
29 132 12
29 132 12
29 132 12
29 132 12
29 132 12
29 132 12
29 132 12
29 132 12
29 132 12
29 132 12
29 132 12
29 132 12
29 132 12
29 132 12
29 132 12
29 132 12
29 132 12
29 132 12
29 132 12
29 132 12
29 132 12
29 132 12
29 132 12
29 132 12
29 132 12
29 132 12
29 132 12
29 132 12
29 132 12
29 132 12
29 132 12
29 132 12
29 132 12
29 132 12
29 132 12
29 132 12
29 132 12
29 132 12
29 132 12
29 132 12
29 132 12
29 132 12
29 132 12
29 132 12
29 132 12
29 132 12
29 132 12
29 132 12
29 132 12
29 132 12
29 132 12
29 132 12
29 132 12
29 132 12
29 132 12
29 132 12
29 132 12
29 132 12
29 132 12
29 132 12
29 132 12
29 132 12
29 132 12
29 132 12
29 132 12
29 132 12
170 8 22
170 8 12
170 8 12
170 8 12
170 8 12
170 8 12
170 8 12
170 8 12
170 8 12
170 8 12
170 8 12
170 8 12
170 8 12
170 8 12
170 8 12
170 8 12
170 8 12
49 122 22
59 128 22
68 134 22
78 140 22
87 146 22
87 146 12
87 146 12
96 151 22
96 151 12
96 151 12
96 151 12
96 151 12
96 151 12
96 151 12
160 2 22
160 2 12
160 2 12
160 2 12
160 2 12
160 2 12
160 2 12
160 2 12
160 2 12
160 2 12
160 2 12
160 2 12
160 2 12
160 2 12
160 2 12
160 2 12
160 2 12
160 2 12
160 2 12
160 2 12
160 2 12
160 2 12
160 2 12
160 2 12
160 2 12
160 2 12
160 2 12
160 2 12
160 2 12
160 2 12
160 2 12
160 2 12
160 2 12
160 2 12
160 2 12
160 2 12
160 2 12
160 2 12
160 2 12
160 2 12
160 2 12
160 2 12
160 2 12
160 2 12
160 2 12
160 2 12
160 2 12
160 2 12
160 2 12
160 2 12
160 2 12
160 2 12
160 2 12
160 2 12
160 2 12
160 2 12
160 2 12
160 2 12
160 2 12
160 2 12
160 2 12
160 2 12
160 2 12
160 2 12
160 2 12
160 2 12
160 2 12
160 2 12
160 2 12
160 2 12
160 2 12
160 2 12
160 2 12
160 2 12
160 2 12
160 2 12
160 2 12
160 2 12
160 2 12
160 2 12
160 2 12
160 2 12
160 2 12
160 2 12
160 2 12
160 2 12
160 2 12
160 2 12
160 2 12
160 2 12
160 2 12
160 2 12
160 2 12
160 2 12
160 2 12
160 2 12
160 2 12
160 2 12
160 2 12
160 2 12
160 2 12
160 2 12
160 2 12
160 2 12
160 2 12
160 2 12
160 2 12
160 2 12
160 2 12
160 2 12
160 2 12
160 2 12
160 2 12
160 2 12
160 2 12
160 2 12
68 167 22
59 161 22
59 161 12
59 161 12
59 161 12
77 173 22
86 179 22
86 179 12
86 179 12
86 179 12
86 179 12
86 179 12
86 179 12
49 155 22
49 155 12
49 155 12
49 155 12
49 155 12
49 155 12
49 155 12
49 155 12
49 155 12
49 155 12
49 155 12
49 155 12
49 155 12
49 155 12
49 155 12
49 155 12
49 155 12
49 155 12
49 155 12
49 155 12
49 155 12
49 155 12
49 155 12
49 155 12
49 155 12
49 155 12
49 155 12
49 155 12
49 155 12
49 155 12
49 155 12
49 155 12
49 155 12
49 155 12
49 155 12
49 155 12
49 155 12
49 155 12
49 155 12
49 155 12
49 155 12
49 155 12
49 155 12
49 155 12
49 155 12
49 155 12
49 155 12
49 155 12
49 155 12
49 155 12
49 155 12
49 155 12
49 155 12
49 155 12
49 155 12
10 165 22
10 165 12
10 165 12
10 165 12
10 165 12
10 165 12
10 165 12
10 165 12
10 165 12
10 165 12
10 165 12
1 170 22
1 170 12
1 170 12
1 170 12
1 170 12
1 170 12
1 170 12
1 170 12
1 170 12
1 170 12
1 170 12
1 170 12
1 170 12
1 170 12
1 170 12
1 170 12
1 170 12
1 170 12
1 170 12
1 170 12
1 170 12
1 170 12
186 182 22
68 178 22
67 189 22
67 189 12
67 189 12
77 184 22
77 184 12
77 184 12
77 184 12
58 183 22
58 183 12
58 183 12
58 183 12
58 183 12
58 183 12
58 183 12
58 183 12
58 183 12
58 183 12
58 183 12
58 183 12
58 183 12
58 183 12
58 183 12
58 183 12
58 183 12
58 183 12
58 183 12
58 183 12
58 183 12
58 183 12
58 183 12
58 183 12
179 36 22
179 36 12
179 36 12
179 36 12
179 36 12
179 36 12
179 36 12
179 36 12
179 36 12
179 36 12
179 36 12
179 36 12
179 36 12
179 36 12
179 36 12
179 36 12
179 36 12
179 36 12
179 36 12
179 36 12
179 36 12
179 36 12
179 36 12
179 36 12
179 36 12
179 36 12
179 36 12
179 36 12
179 36 12
179 36 12
179 36 12
179 36 12
179 36 12
179 36 12
179 36 12
179 36 12
179 36 12
179 36 12
179 36 12
179 36 12
179 36 12
179 36 12
179 36 12
179 36 12
179 36 12
179 36 12
179 36 12
179 36 12
179 36 12
179 36 12
179 36 12
179 36 12
179 36 12
179 36 12
179 36 12
179 36 12
179 36 12
179 36 12
179 36 12
179 36 12
179 36 12
179 36 12
179 36 12
179 36 12
179 36 12
179 36 12
179 36 12
179 36 12
179 36 12
179 36 12
179 36 12
179 36 12
179 36 12
179 36 12
179 36 12
179 36 12
179 36 12
179 36 12
179 36 12
179 36 12
179 36 12
179 36 12
179 36 12
179 36 12
179 36 12
179 36 12
179 36 12
179 36 12
179 36 12
179 36 12
179 36 12
179 36 12
179 36 12
179 36 12
179 36 12
179 36 12
179 36 12
179 36 12
179 36 12
179 36 12
179 36 12
179 36 12
179 36 12
179 36 12
179 36 12
179 36 12
179 36 12
179 36 12
179 36 12
179 36 12
179 36 12
179 36 12
179 36 12
179 36 12
179 36 12
179 36 12
179 36 12
186 193 22
176 199 22
167 172 22
167 172 12
167 172 12
167 172 12
167 172 12
167 172 12
167 172 12
167 172 12
167 172 12
167 172 12
167 172 12
167 172 12
167 172 12
167 172 12
167 172 12
167 172 12
167 172 12
167 172 12
167 172 12
167 172 12
167 172 12
167 172 12
167 172 12
167 172 12
167 172 12
167 172 12
167 172 12
167 172 12
167 172 12
167 172 12
167 172 12
167 172 12
167 172 12
167 172 12
167 172 12
167 172 12
167 172 12
167 172 12
167 172 12
167 172 12
167 172 12
167 172 12
167 172 12
167 172 12
167 172 12
167 172 12
167 172 12
167 172 12
167 172 12
167 172 12
167 172 12
167 172 12
167 172 12
167 172 12
167 172 12
167 172 12
167 172 12
167 172 12
167 172 12
167 172 12
167 172 12
167 172 12
167 172 12
167 172 12
167 172 12
167 172 12
167 172 12
167 172 12
167 172 12
167 172 12
167 172 12
167 172 12
167 172 12
167 172 12
167 172 12
167 172 12
167 172 12
167 172 12
167 172 12
167 172 12
167 172 12
167 172 12
167 172 12
167 172 12
167 172 12
167 172 12
187 171 22
108 76 22
108 76 12
108 76 12
108 76 12
108 76 12
108 76 12
108 76 12
108 76 12
108 76 12
108 76 12
108 76 12
108 76 12
108 76 12
108 76 12
108 76 12
108 76 12
108 76 12
108 76 12
108 76 12
108 76 12
108 76 12
108 76 12
108 76 12
108 76 12
108 76 12
108 76 12
108 76 12
108 76 12
108 76 12
108 76 12
108 76 12
108 76 12
108 76 12
108 76 12
108 76 12
108 76 12
108 76 12
108 76 12
108 76 12
108 76 12
108 76 12
108 76 12
108 76 12
108 76 12
108 76 12
108 76 12
108 76 12
108 76 12
108 76 12
108 76 12
198 36 22
198 36 12
198 36 12
198 36 12
198 36 12
198 36 12
198 36 12
198 36 12
198 36 12
198 36 12
198 36 12
198 36 12
198 36 12
198 36 12
198 36 12
198 36 12
198 36 12
198 36 12
198 36 12
198 36 12
198 36 12
198 36 12
198 36 12
198 36 12
198 36 12
198 36 12
198 36 12
198 36 12
198 36 12
198 36 12
198 36 12
198 36 12
198 36 12
198 36 12
198 36 12
198 36 12
198 36 12
198 36 12
198 36 12
198 36 12
198 36 12
198 36 12
198 36 12
198 36 12
198 36 12
198 36 12
198 36 12
198 36 12
198 36 12
198 36 12
198 36 12
198 36 12
198 36 12
198 36 12
198 36 12
198 36 12
198 36 12
198 36 12
198 36 12
198 36 12
198 36 12
198 36 12
198 36 12
198 36 12
198 36 12
198 36 12
198 36 12
198 36 12
198 36 12
198 36 12
198 36 12
198 36 12
198 36 12
198 36 12
198 36 12
198 36 12
198 36 12
198 36 12
198 36 12
198 36 12
198 36 12
198 36 12
198 36 12
198 36 12
198 36 12
198 36 12
198 36 12
198 36 12
198 36 12
198 36 12
198 36 12
198 36 12
198 36 12
198 36 12
198 36 12
198 36 12
198 36 12
198 36 12
198 36 12
198 36 12
198 36 12
198 36 12
198 36 12
198 36 12
198 36 12
198 36 12
198 36 12
198 36 12
198 36 12
198 36 12
198 36 12
198 36 12
198 36 12
198 36 12
198 36 12
198 36 12
198 36 12
198 36 12
198 36 12
198 36 12
198 36 12
198 36 12
198 36 12
198 36 12
198 36 12
198 36 12
198 36 12
198 36 12
198 36 12
198 36 12
198 36 12
198 36 12
75 26 22
74 16 22
74 16 12
74 16 12
74 16 12
74 16 12
74 16 12
74 16 12
74 16 12
74 16 12
74 16 12
74 16 12
74 16 12
74 16 12
65 32 22
65 21 22
65 21 12
65 21 12
65 21 12
65 21 12
65 21 12
65 21 12
65 21 12
65 21 12
65 21 12
65 21 12
65 21 12
65 21 12
65 21 12
65 21 12
65 21 12
65 21 12
178 80 22
169 86 22
160 91 22
152 96 22
152 96 12
143 101 22
143 101 12
143 101 12
143 101 12
143 101 12
143 101 12
143 101 12
143 101 12
143 101 12
143 101 12
143 101 12
143 101 12
143 101 12
143 101 12
143 101 12
143 101 12
143 101 12
143 101 12
143 101 12
143 101 12
143 101 12
143 101 12
143 101 12
143 101 12
143 101 12
143 101 12
143 101 12
143 101 12
143 101 12
143 101 12
143 101 12
143 101 12
143 101 12
143 101 12
143 101 12
143 101 12
143 101 12
143 101 12
143 101 12
143 101 12
143 101 12
143 101 12
143 101 12
143 101 12
143 101 12
143 101 12
143 101 12
143 101 12
143 101 12
143 101 12
143 101 12
143 101 12
143 101 12
143 101 12
143 101 12
143 101 12
143 101 12
143 101 12
196 177 22
196 188 22
196 199 22
160 102 22
160 102 12
160 102 12
160 102 12
160 102 12
160 102 12
169 97 22
169 97 12
178 91 22
178 91 12
178 91 12
178 91 12
178 91 12
178 91 12
178 91 12
178 91 12
178 91 12
178 91 12
178 91 12
178 91 12
178 91 12
197 166 22
187 75 22
187 86 22
187 86 12
187 161 22
187 161 12
187 161 12
187 161 12
187 161 12
187 161 12
187 161 12
187 161 12
187 161 12
187 161 12
187 161 12
187 161 12
187 161 12
187 161 12
187 161 12
187 161 12
187 161 12
187 161 12
187 161 12
187 161 12
187 161 12
187 161 12
187 161 12
187 161 12
187 161 12
187 161 12
187 161 12
187 161 12
187 161 12
187 161 12
187 161 12
187 161 12
187 161 12
187 161 12
187 161 12
187 161 12
187 161 12
187 161 12
187 161 12
187 161 12
187 161 12
187 161 12
187 161 12
187 161 12
187 161 12
187 161 12
187 161 12
187 161 12
187 161 12
187 161 12
187 161 12
187 161 12
187 161 12
187 161 12
187 161 12
187 161 12
187 161 12
187 161 12
187 161 12
187 161 12
187 161 12
187 161 12
187 161 12
187 161 12
187 161 12
187 161 12
187 161 12
187 161 12
187 161 12
187 161 12
187 161 12
187 161 12
187 161 12
187 161 12
187 161 12
187 161 12
187 161 12
187 161 12
187 161 12
187 161 12
187 161 12
187 161 12
187 161 12
187 161 12
187 161 12
187 161 12
187 161 12
187 161 12
187 161 12
187 161 12
187 161 12
187 161 12
187 161 12
105 33 22
105 33 12
105 33 12
105 33 12
105 33 12
105 33 12
105 33 12
105 33 12
105 33 12
105 33 12
105 33 12
105 33 12
105 33 12
105 33 12
105 33 12
105 33 12
105 33 12
105 33 12
105 33 12
105 33 12
105 33 12
105 33 12
47 64 22
47 64 12
47 64 12
47 64 12
47 64 12
47 64 12
47 64 12
47 64 12
38 70 22
38 70 12
38 70 12
29 76 22
19 81 22
197 80 22
197 91 22
187 96 22
187 96 12
187 96 12
187 96 12
187 96 12
187 96 12
187 96 12
187 96 12
187 96 12
187 96 12
187 96 12
187 96 12
187 96 12
187 96 12
187 96 12
187 96 12
187 96 12
187 96 12
187 96 12
187 96 12
187 96 12
187 96 12
187 96 12
187 96 12
187 96 12
187 96 12
187 96 12
187 96 12
187 96 12
187 96 12
187 96 12
187 96 12
187 96 12
187 96 12
187 96 12
187 96 12
187 96 12
187 96 12
187 96 12
187 96 12
187 96 12
187 96 12
187 96 12
187 96 12
187 96 12
187 96 12
187 96 12
187 96 12
187 96 12
187 96 12
187 96 12
187 96 12
187 96 12
187 96 12
187 96 12
187 96 12
187 96 12
187 96 12
187 96 12
187 96 12
187 96 12
57 70 22
57 70 12
57 70 12
57 70 12
57 70 12
57 70 12
57 70 12
57 70 12
57 70 12
57 70 12
57 70 12
57 70 12
57 70 12
57 70 12
57 70 12
57 70 12
57 70 12
57 70 12
57 70 12
57 70 12
57 70 12
57 70 12
57 70 12
57 70 12
57 70 12
57 70 12
57 70 12
57 70 12
57 70 12
57 70 12
57 70 12
57 70 12
57 70 12
57 70 12
57 70 12
57 70 12
57 70 12
57 70 12
57 70 12
57 70 12
57 70 12
57 70 12
57 70 12
57 70 12
57 70 12
57 70 12
57 70 12
57 70 12
57 70 12
57 70 12
57 70 12
57 70 12
57 70 12
57 70 12
57 70 12
57 70 12
57 70 12
58 172 22
58 172 12
58 172 12
58 172 12
58 172 12
58 172 12
58 172 12
58 172 12
58 172 12
58 172 12
58 172 12
58 172 12
58 172 12
58 172 12
58 172 12
58 172 12
58 172 12
58 172 12
58 172 12
58 172 12
58 172 12
58 172 12
58 172 12
121 189 22
121 189 12
121 189 12
121 189 12
121 189 12
121 189 12
121 189 12
121 189 12
120 199 22
120 199 12
120 199 12
120 199 12
120 199 12
120 199 12
120 199 12
120 199 12
120 199 12
120 199 12
120 199 12
120 199 12
120 199 12
120 199 12
120 199 12
120 199 12
120 199 12
120 199 12
120 199 12
120 199 12
120 199 12
120 199 12
120 199 12
120 199 12
120 199 12
120 199 12
120 199 12
120 199 12
120 199 12
120 199 12
120 199 12
120 199 12
112 195 22
112 195 12
112 195 12
112 195 12
112 195 12
112 195 12
112 195 12
112 195 12
112 195 12
112 195 12
112 195 12
112 195 12
112 195 12
112 195 12
112 195 12
112 195 12
112 195 12
112 195 12
112 195 12
112 195 12
112 195 12
112 195 12
112 195 12
112 195 12
112 195 12
112 195 12
112 195 12
112 195 12
112 195 12
112 195 12
112 195 12
112 195 12
112 195 12
112 195 12
112 195 12
112 195 12
112 195 12
112 195 12
112 195 12
112 195 12
112 195 12
77 59 22
77 59 12
77 59 12
77 59 12
87 53 22
87 53 12
87 53 12
87 53 12
87 53 12
87 53 12
87 53 12
87 53 12
87 53 12
87 53 12
87 53 12
87 53 12
87 53 12
87 53 12
87 53 12
87 53 12
87 53 12
87 53 12
87 53 12
87 53 12
87 53 12
87 53 12
87 53 12
87 53 12
87 53 12
87 53 12
87 53 12
87 53 12
87 53 12
87 53 12
87 53 12
87 53 12
87 53 12
87 53 12
87 53 12
87 53 12
87 53 12
87 53 12
87 53 12
87 53 12
87 53 12
87 53 12
87 53 12
87 53 12
87 53 12
87 53 12
87 53 12
87 53 12
87 53 12
87 53 12
87 53 12
87 53 12
87 53 12
87 53 12
87 53 12
87 53 12
87 53 12
87 53 12
87 53 12
87 53 12
87 53 12
87 53 12
169 107 22
169 107 12
169 107 12
169 107 12
169 107 12
169 107 12
169 107 12
169 107 12
178 102 22
178 102 12
178 102 12
178 102 12
178 102 12
178 102 12
178 102 12
178 102 12
178 102 12
178 102 12
178 102 12
178 102 12
178 102 12
178 102 12
178 102 12
178 102 12
178 102 12
178 102 12
178 102 12
178 102 12
178 102 12
178 102 12
178 102 12
178 102 12
178 102 12
178 102 12
178 102 12
178 102 12
178 102 12
178 102 12
178 102 12
178 102 12
178 102 12
178 102 12
178 102 12
178 102 12
178 102 12
178 102 12
178 102 12
178 102 12
178 102 12
178 102 12
178 102 12
178 102 12
178 102 12
178 102 12
178 102 12
178 102 12
178 102 12
178 102 12
178 102 12
178 102 12
178 102 12
178 102 12
178 102 12
178 102 12
178 102 12
178 102 12
178 102 12
178 102 12
178 102 12
178 102 12
178 102 12
178 102 12
178 102 12
187 64 22
197 69 22
178 58 22
169 53 22
169 53 12
160 47 22
160 47 12
160 47 12
160 47 12
160 47 12
160 47 12
160 47 12
160 47 12
160 47 12
160 47 12
160 47 12
160 47 12
160 47 12
160 47 12
160 47 12
160 47 12
160 47 12
160 47 12
160 47 12
160 47 12
160 47 12
160 47 12
160 47 12
160 47 12
160 47 12
160 47 12
160 47 12
160 47 12
160 47 12
160 47 12
160 47 12
160 47 12
160 47 12
160 47 12
160 47 12
160 47 12
160 47 12
160 47 12
160 47 12
160 47 12
160 47 12
160 47 12
160 47 12
160 47 12
160 47 12
160 47 12
160 47 12
160 47 12
160 47 12
160 47 12
160 47 12
160 47 12
48 75 22
48 75 12
48 75 12
48 75 12
48 75 12
48 75 12
48 75 12
48 75 12
48 75 12
48 75 12
48 75 12
48 75 12
48 75 12
48 75 12
48 75 12
48 75 12
48 75 12
48 75 12
48 75 12
48 75 12
48 75 12
48 75 12
48 75 12
48 75 12
48 75 12
48 75 12
48 75 12
48 75 12
48 75 12
48 75 12
48 75 12
48 75 12
48 75 12
48 75 12
48 75 12
48 75 12
48 75 12
48 75 12
48 75 12
48 75 12
48 75 12
48 75 12
48 75 12
48 75 12
48 75 12
48 75 12
48 75 12
48 75 12
38 81 22
38 81 12
38 81 12
38 81 12
38 81 12
38 81 12
38 81 12
38 81 12
38 81 12
38 81 12
38 81 12
38 81 12
38 81 12
38 81 12
29 87 22
29 87 12
29 87 12
29 87 12
160 113 22
160 113 12
160 113 12
160 113 12
160 113 12
169 118 22
169 118 12
160 123 22
56 37 22
56 37 12
56 37 12
56 37 12
56 37 12
56 37 12
56 37 12
56 37 12
56 37 12
56 37 12
56 37 12
56 37 12
56 37 12
56 37 12
56 37 12
56 37 12
56 37 12
56 37 12
56 37 12
56 37 12
56 37 12
56 37 12
56 37 12
56 37 12
56 37 12
46 42 22
46 42 12
46 42 12
46 42 12
46 42 12
46 42 12
46 42 12
46 42 12
46 42 12
46 42 12
46 42 12
46 42 12
46 42 12
46 42 12
46 42 12
46 42 12
46 42 12
46 42 12
46 42 12
46 42 12
46 42 12
46 42 12
46 42 12
46 42 12
46 42 12
46 42 12
46 42 12
46 42 12
46 42 12
46 42 12
46 42 12
46 42 12
46 42 12
46 42 12
46 42 12
46 42 12
46 42 12
46 42 12
46 42 12
46 42 12
46 42 12
46 42 12
46 42 12
46 42 12
46 42 12
55 26 22
55 26 12
55 26 12
55 26 12
55 26 12
55 26 12
55 26 12
55 26 12
55 26 12
55 26 12
55 26 12
55 26 12
55 26 12
55 26 12
55 26 12
55 26 12
55 26 12
55 26 12
55 26 12
55 26 12
55 26 12
55 26 12
55 26 12
55 26 12
55 26 12
169 19 12
169 19 12
169 19 12
169 19 12
169 19 12
169 19 12
169 19 12
169 19 12
169 19 12
169 19 12
169 19 12
169 19 12
169 19 12
169 19 12
169 19 12
169 19 12
169 19 12
169 19 12
169 19 12
169 19 12
169 19 12
169 19 12
169 19 12
169 19 12
169 19 12
169 19 12
169 19 12
169 19 12
169 19 12
169 19 12
169 19 12
169 19 12
169 19 12
169 19 12
169 19 12
169 19 12
169 19 12
169 19 12
169 19 12
169 19 12
169 19 12
169 19 12
169 19 12
169 19 12
169 19 12
169 19 12
169 19 12
169 19 12
169 19 12
169 19 12
169 19 12
169 19 12
169 19 12
169 19 12
169 19 12
169 19 12
169 19 12
169 19 12
169 19 12
169 19 12
169 19 12
169 19 12
169 19 12
169 19 12
169 19 12
169 19 12
169 19 12
169 19 12
169 19 12
169 19 12
169 19 12
169 19 12
169 19 12
169 19 12
169 19 12
169 19 12
169 19 12
169 19 12
169 19 12
169 19 12
169 19 12
169 19 12
169 19 12
169 19 12
169 19 12
169 19 12
169 19 12
169 19 12
169 19 12
169 19 12
169 19 12
169 19 12
169 19 12
169 19 12
169 19 12
169 19 12
169 19 12
169 19 12
169 19 12
169 19 12
169 19 12
169 19 12
169 19 12
169 19 12
169 19 12
169 19 12
169 19 12
169 19 12
169 19 12
169 19 12
126 100 22
126 100 12
126 100 12
126 100 12
126 100 12
126 100 12
126 100 12
126 100 12
126 100 12
126 100 12
126 100 12
126 100 12
126 100 12
126 100 12
126 100 12
126 100 12
126 100 12
126 100 12
126 100 12
126 100 12
126 100 12
126 100 12
126 100 12
126 100 12
126 100 12
126 100 12
118 94 22
118 94 12
109 87 22
109 87 12
109 87 12
108 99 22
108 99 12
108 99 12
108 99 12
108 99 12
108 99 12
108 99 12
108 99 12
108 99 12
117 105 22
117 105 12
117 105 12
117 105 12
117 105 12
46 31 22
46 31 12
46 31 12
46 31 12
46 31 12
46 31 12
46 31 12
46 31 12
46 31 12
46 31 12
46 31 12
46 31 12
46 31 12
46 31 12
46 31 12
46 31 12
46 31 12
46 31 12
46 31 12
46 31 12
46 31 12
46 31 12
46 31 12
46 31 12
37 37 22
37 37 12
37 37 12
28 42 22
19 48 22
10 54 22
0 59 22
0 59 12
0 59 12
0 59 12
0 59 12
0 59 12
0 59 12
0 59 12
0 59 12
0 59 12
0 59 12
0 59 12
0 59 12
0 59 12
0 59 12
0 59 12
0 59 12
0 59 12
0 59 12
0 59 12
0 59 12
0 59 12
28 32 22
37 26 22
19 37 22
10 43 22
46 21 22
46 21 12
46 21 12
46 21 12
46 21 12
46 21 12
55 16 22
55 16 12
55 16 12
55 16 12
55 16 12
55 16 12
55 16 12
55 16 12
55 16 12
55 16 12
55 16 12
55 16 12
55 16 12
55 16 12
55 16 12
55 16 12
55 16 12
55 16 12
55 16 12
55 16 12
55 16 12
55 16 12
55 16 12
55 16 12
55 16 12
55 16 12
55 16 12
55 16 12
55 16 12
55 16 12
55 16 12
55 16 12
55 16 12
55 16 12
55 16 12
55 16 12
55 16 12
55 16 12
55 16 12
55 16 12
55 16 12
55 16 12
55 16 12
55 16 12
55 16 12
55 16 12
55 16 12
55 16 12
55 16 12
55 16 12
55 16 12
55 16 12
55 16 12
55 16 12
55 16 12
55 16 12
55 16 12
55 16 12
55 16 12
55 16 12
55 16 12
55 16 12
55 16 12
55 16 12
0 48 22
37 15 22
37 15 12
37 15 12
28 21 22
19 26 22
10 32 22
0 38 22
131 162 22
131 162 12
131 162 12
131 162 12
131 162 12
131 162 12
131 162 12
131 162 12
131 162 12
131 162 12
131 162 12
131 162 12
131 162 12
131 162 12
131 162 12
131 162 12
131 162 12
131 162 12
131 162 12
131 162 12
131 162 12
131 162 12
131 162 12
131 162 12
131 162 12
131 162 12
131 162 12
131 162 12
131 162 12
131 162 12
131 162 12
131 162 12
131 162 12
131 162 12
131 162 12
131 162 12
131 162 12
131 162 12
131 162 12
131 162 12
131 162 12
131 162 12
131 162 12
131 162 12
131 162 12
131 162 12
131 162 12
131 162 12
131 162 12
131 162 12
131 162 12
131 162 12
131 162 12
131 162 12
131 162 12
131 162 12
131 162 12
131 162 12
131 162 12
131 162 12
131 162 12
131 162 12
131 162 12
131 162 12
131 162 12
131 162 12
131 162 12
131 162 12
131 162 12
131 162 12
131 162 12
131 162 12
131 162 12
131 162 12
131 162 12
131 162 12
131 162 12
131 162 12
131 162 12
131 162 12
131 162 12
131 162 12
131 162 12
131 162 12
131 162 12
131 162 12
131 162 12
131 162 12
131 162 12
131 162 12
131 162 12
131 162 12
131 162 12
131 162 12
131 162 12
131 162 12
131 162 12
131 162 12
131 162 12
131 162 12
131 162 12
131 162 12
131 162 12
131 162 12
131 162 12
131 162 12
131 162 12
131 162 12
131 162 12
131 162 12
131 162 12
131 162 12
131 162 12
131 162 12
131 162 12
131 162 12
39 116 22
48 110 22
58 116 22
68 122 22
78 128 22
78 128 12
78 128 12
78 128 12
78 128 12
88 134 22
88 134 12
88 134 12
88 134 12
88 134 12
88 134 12
88 134 12
88 134 12
88 134 12
88 134 12
88 134 12
88 134 12
88 134 12
88 134 12
88 134 12
88 134 12
88 134 12
88 134 12
88 134 12
88 134 12
88 134 12
88 134 12
88 134 12
88 134 12
88 134 12
88 134 12
88 134 12
88 134 12
88 134 12
88 134 12
39 104 22
38 93 22
38 93 12
38 93 12
160 2 12
160 2 12
160 2 12
160 2 12
160 2 12
160 2 12
160 2 12
108 111 22
108 111 12
108 111 12
108 111 12
108 111 12
108 111 12
108 111 12
108 111 12
108 111 12
108 111 12
108 111 12
108 111 12
108 111 12
108 111 12
29 98 22
103 189 22
103 189 12
103 189 12
103 189 12
103 189 12
103 189 12
103 189 12
103 189 12
103 189 12
103 189 12
103 189 12
103 189 12
103 189 12
103 189 12
103 189 12
103 189 12
103 189 12
103 189 12
103 189 12
103 189 12
103 189 12
103 189 12
103 189 12
103 189 12
103 189 12
103 189 12
103 189 12
103 189 12
103 189 12
103 189 12
103 189 12
103 189 12
103 189 12
103 189 12
103 189 12
103 189 12
103 189 12
103 189 12
103 189 12
103 189 12
103 189 12
103 189 12
103 189 12
103 189 12
103 189 12
103 189 12
103 189 12
103 189 12
103 189 12
103 189 12
103 189 12
103 189 12
103 189 12
103 189 12
103 189 12
103 189 12
103 189 12
103 189 12
103 189 12
103 189 12
103 189 12
103 189 12
103 189 12
103 189 12
103 189 12
103 189 12
103 189 12
103 189 12
103 189 12
103 189 12
103 189 12
103 189 12
103 189 12
103 189 12
103 189 12
103 189 12
103 189 12
103 189 12
103 189 12
103 189 12
103 189 12
103 189 12
103 189 12
103 189 12
103 189 12
103 189 12
103 189 12
103 189 12
103 189 12
103 189 12
103 189 12
103 189 12
103 189 12
103 189 12
103 189 12
103 189 12
103 189 12
103 189 12
103 189 12
103 189 12
103 189 12
103 189 12
103 189 12
103 189 12
103 189 12
103 189 12
103 189 12
103 189 12
103 189 12
103 189 12
103 189 12
103 189 12
103 189 12
103 189 12
103 189 12
103 189 12
103 189 12
103 189 12
103 189 12
103 189 12
103 189 12
103 189 12
103 189 12
103 189 12
103 189 12
103 189 12
103 189 12
103 189 12
103 189 12
103 189 12
103 189 12
103 189 12
169 129 22
159 134 22
168 139 22
159 145 22
149 161 22
149 161 12
149 161 12
149 161 12
149 161 12
149 161 12
149 161 12
149 161 12
149 161 12
149 161 12
149 161 12
149 161 12
149 161 12
149 161 12
149 161 12
149 161 12
149 161 12
149 161 12
149 161 12
149 161 12
149 161 12
149 161 12
149 161 12
149 161 12
149 161 12
149 161 12
149 161 12
149 161 12
149 161 12
149 161 12
149 161 12
149 161 12
149 161 12
149 161 12
149 161 12
149 161 12
149 161 12
149 161 12
149 161 12
149 161 12
149 161 12
149 161 12
149 161 12
149 161 12
149 161 12
149 161 12
149 161 12
149 161 12
149 161 12
149 161 12
149 161 12
149 161 12
149 161 12
149 161 12
149 161 12
149 161 12
149 161 12
149 161 12
149 161 12
149 161 12
149 161 12
149 161 12
149 161 12
149 161 12
149 161 12
149 161 12
149 161 12
149 161 12
149 161 12
149 161 12
149 161 12
149 161 12
149 161 12
149 161 12
149 161 12
149 161 12
149 161 12
149 161 12
149 161 12
149 161 12
149 161 12
149 161 12
149 161 12
149 161 12
149 161 12
149 161 12
149 161 12
149 161 12
149 161 12
149 161 12
149 161 12
149 161 12
149 161 12
149 161 12
149 161 12
149 161 12
149 161 12
149 161 12
149 161 12
149 161 12
149 161 12
149 161 12
149 161 12
149 161 12
149 150 22
149 150 12
149 150 12
151 7 651
151 7 12
151 7 12
151 7 12
151 7 12
151 7 12
151 7 12
151 7 12
151 7 12
151 7 12
151 7 12
151 7 12
151 7 12
151 7 12
151 7 12
151 7 12
151 7 12
151 7 12
151 7 12
151 7 12
151 7 12
151 7 12
151 7 12
151 7 12
151 7 12
151 7 12
151 7 12
151 7 12
151 7 12
151 7 12
151 7 12
151 7 12
151 7 12
151 7 12
151 7 12
151 7 12
151 7 12
151 7 12
151 7 12
151 7 12
151 7 12
151 7 12
151 7 12
151 7 12
151 7 12
151 7 12
151 7 12
151 7 12
151 7 12
151 7 12
151 7 12
151 7 12
151 7 12
151 7 12
151 7 12
151 7 12
151 7 12
151 7 12
151 7 12
151 7 12
151 7 12
151 7 12
151 7 12
151 7 12
151 7 12
151 7 12
151 7 12
151 7 12
151 7 12
151 7 12
151 7 12
151 7 12
151 7 12
151 7 12
151 7 12
151 7 12
151 7 12
151 7 12
151 7 12
151 7 12
151 7 12
151 7 12
151 7 12
151 7 12
151 7 12
151 7 12
151 7 12
151 7 12
151 7 12
151 7 12
151 7 12
151 7 12
151 7 12
151 7 12
151 7 12
151 7 12
151 7 12
151 7 12
151 7 12
151 7 12
151 7 12
151 7 12
151 7 12
151 7 12
151 7 12
151 7 12
151 7 12
151 7 12
151 7 12
151 7 12
151 7 12
151 7 12
151 7 12
151 7 12
151 7 12
151 7 12
151 7 12
151 7 12
151 7 12
151 7 12
151 7 12
151 7 12
151 7 12
151 7 12
151 7 12
151 7 12
151 7 12
151 7 12
151 7 12
151 7 12
151 7 12
151 7 12
151 7 12
151 7 12
151 7 12
151 7 12
151 7 12
151 7 12
151 7 12
151 7 12
151 7 12
151 7 12
151 7 12
151 7 12
151 7 12
151 7 12
151 7 12
151 7 12
151 7 12
151 7 12
151 7 12
151 7 12
151 7 12
151 7 12
151 7 12
151 7 12
151 7 12
151 7 12
151 7 12
151 7 12
151 7 12
151 7 12
151 7 12
151 7 12
188 42 1038
187 53 22
150 139 22
197 58 22
197 58 12
178 47 22
178 47 12
178 47 12
178 47 12
178 47 12
178 47 12
178 47 12
178 47 12
178 47 12
178 47 12
178 47 12
141 145 22
151 129 22
142 134 22
151 118 22
142 123 22
151 107 22
151 107 12
151 107 12
151 107 12
151 107 12
151 107 12
151 107 12
151 107 12
151 107 12
151 107 12
151 107 12
151 107 12
151 107 12
151 107 12
151 107 12
151 107 12
151 107 12
151 107 12
151 107 12
151 107 12
151 107 12
151 107 12
151 107 12
151 107 12
151 107 12
151 107 12
151 107 12
143 112 22
143 112 12
143 112 12
143 112 12
143 112 12
143 112 12
143 112 12
143 112 12
134 117 22
134 117 12
134 117 12
126 111 22
126 111 12
126 111 12
126 111 12
126 111 12
126 111 12
126 111 12
126 111 12
126 111 12
126 111 12
126 111 12
126 111 12
126 111 12
126 111 12
126 111 12
126 111 12
126 111 12
126 111 12
126 111 12
126 111 12
126 111 12
126 111 12
126 111 12
126 111 12
126 111 12
126 111 12
126 111 12
126 111 12
135 106 22
135 106 12
135 106 12
135 106 12
135 106 12
135 106 12
135 106 12
135 106 12
135 106 12
135 106 12
135 106 12
135 106 12
135 106 12
135 106 12
135 106 12
135 106 12
135 106 12
135 106 12
135 106 12
135 106 12
135 106 12
135 106 12
135 106 12
135 106 12
135 106 12
135 106 12
135 106 12
135 106 12
135 106 12
135 106 12
135 106 12
135 106 12
135 106 12
135 106 12
135 106 12
135 106 12
135 106 12
135 106 12
135 106 12
135 106 12
135 106 12
135 106 12
135 106 12
135 106 12
135 106 12
135 106 12
135 106 12
117 117 22
117 117 12
117 117 12
117 117 12
117 117 12
117 117 12
117 117 12
117 117 12
117 117 12
117 117 12
117 117 12
117 117 12
117 117 12
117 117 12
117 117 12
117 117 12
117 117 12
117 117 12
117 117 12
117 117 12
133 128 22
125 123 22
125 123 12
133 140 22
133 140 12
133 140 12
124 134 22
124 134 12
124 134 12
124 134 12
124 134 12
124 134 12
124 134 12
124 134 12
124 134 12
124 134 12
124 134 12
124 134 12
124 134 12
124 134 12
124 134 12
124 134 12
124 134 12
124 134 12
116 128 22
116 128 12
116 128 12
116 128 12
116 128 12
116 128 12
116 128 12
116 128 12
116 128 12
116 128 12
116 128 12
116 128 12
116 128 12
116 128 12
116 128 12
116 128 12
116 128 12
116 128 12
116 128 12
116 128 12
116 128 12
116 128 12
116 128 12
116 128 12
116 128 12
116 128 12
116 128 12
116 128 12
116 128 12
116 128 12
116 128 12
116 128 12
116 128 12
116 128 12
116 128 12
116 128 12
116 128 12
116 128 12
116 128 12
116 128 12
116 128 12
116 128 12
116 128 12
116 128 12
116 128 12
116 128 12
116 128 12
116 128 12
116 128 12
116 128 12
116 128 12
116 128 12
116 128 12
116 128 12
116 128 12
19 93 22
19 93 12
19 93 12
19 93 12
19 93 12
19 93 12
19 93 12
19 93 12
19 93 12
19 93 12
19 93 12
10 87 22
10 87 12
10 87 12
10 87 12
10 87 12
10 87 12
10 87 12
10 87 12
10 87 12
10 87 12
10 87 12
10 87 12
10 87 12
10 87 12
10 87 12
10 87 12
10 87 12
10 87 12
10 87 12
1 82 22
1 82 12
48 99 22
48 99 12
48 99 12
48 99 12
48 99 12
48 87 22
48 87 12
48 87 12
48 87 12
48 87 12
48 87 12
48 87 12
48 87 12
48 87 12
48 87 12
48 87 12
48 87 12
48 87 12
48 87 12
48 87 12
48 87 12
48 87 12
48 87 12
48 87 12
48 87 12
48 87 12
48 87 12
48 87 12
48 87 12
48 87 12
48 87 12
48 87 12
48 87 12
48 87 12
48 87 12
48 87 12
48 87 12
48 87 12
48 87 12
48 87 12
48 87 12
48 87 12
48 87 12
48 87 12
48 87 12
48 87 12
48 87 12
48 87 12
48 87 12
48 87 12
29 110 22
29 121 22
178 134 22
178 134 12
178 134 12
178 134 12
178 134 12
178 134 12
178 134 12
178 134 12
178 134 12
178 134 12
178 134 12
178 134 12
178 134 12
178 134 12
178 134 12
178 134 12
178 134 12
178 134 12
178 134 12
178 123 22
178 123 12
178 123 12
178 123 12
178 123 12
178 123 12
178 123 12
178 123 12
178 123 12
178 123 12
178 123 12
178 123 12
178 123 12
178 123 12
187 128 22
187 128 12
187 128 12
187 128 12
187 128 12
187 128 12
187 128 12
187 128 12
187 128 12
187 128 12
187 128 12
187 128 12
187 128 12
187 128 12
187 128 12
187 128 12
187 128 12
187 128 12
187 128 12
187 128 12
187 128 12
187 128 12
187 128 12
187 128 12
187 128 12
187 128 12
187 128 12
187 128 12
187 128 12
187 128 12
187 128 12
187 128 12
187 128 12
187 128 12
187 128 12
187 128 12
187 128 12
187 128 12
187 128 12
187 128 12
187 128 12
187 128 12
187 128 12
187 128 12
187 128 12
187 128 12
187 128 12
187 128 12
187 128 12
187 128 12
187 128 12
187 128 12
19 104 22
19 104 12
19 104 12
19 104 12
20 116 22
20 116 12
20 116 12
20 116 12
20 116 12
20 116 12
20 116 12
20 116 12
20 116 12
20 116 12
20 116 12
20 116 12
20 116 12
20 116 12
20 116 12
20 116 12
20 116 12
20 116 12
20 116 12
20 116 12
20 116 12
20 116 12
20 116 12
20 116 12
20 116 12
20 116 12
20 116 12
20 116 12
20 116 12
20 116 12
20 116 12
20 116 12
20 116 12
20 116 12
20 116 12
20 116 12
20 116 12
20 116 12
20 116 12
20 116 12
20 116 12
20 116 12
20 116 12
20 116 12
20 116 12
20 116 12
20 116 12
20 116 12
20 116 12
20 116 12
20 116 12
20 116 12
10 99 22
10 99 12
10 99 12
10 99 12
10 99 12
10 99 12
10 99 12
10 99 12
10 99 12
10 99 12
10 99 12
10 99 12
10 99 12
10 99 12
10 99 12
10 99 12
10 99 12
10 99 12
10 99 12
10 99 12
10 99 12
10 99 12
10 99 12
10 99 12
10 99 12
10 99 12
10 99 12
10 99 12
10 99 12
10 99 12
10 99 12
10 99 12
10 99 12
10 99 12
10 99 12
10 99 12
10 99 12
10 99 12
10 99 12
10 99 12
10 99 12
10 99 12
10 99 12
10 99 12
10 99 12
10 99 12
10 99 12
10 99 12
10 99 12
10 99 12
10 99 12
10 99 12
10 99 12
10 99 12
10 99 12
10 99 12
10 99 12
10 99 12
10 99 12
10 99 12
143 46 22
143 46 12
143 46 12
143 46 12
134 50 22
134 50 12
134 50 12
134 50 12
134 50 12
126 55 22
126 55 12
117 60 22
117 60 12
117 60 12
117 60 12
117 60 12
117 60 12
117 60 12
117 60 12
117 60 12
117 60 12
117 60 12
117 60 12
117 60 12
117 60 12
117 60 12
117 60 12
117 60 12
117 60 12
117 60 12
117 60 12
151 41 22
151 41 12
151 41 12
151 41 12
151 41 12
151 41 12
151 41 12
151 41 12
151 41 12
151 41 12
151 41 12
151 41 12
151 41 12
151 41 12
151 41 12
151 41 12
151 41 12
151 41 12
151 41 12
151 41 12
151 41 12
151 41 12
151 41 12
151 41 12
151 41 12
151 41 12
151 41 12
151 41 12
151 41 12
151 41 12
151 41 12
151 41 12
151 41 12
151 41 12
151 41 12
151 41 12
151 41 12
151 41 12
151 41 12
151 41 12
151 41 12
151 41 12
151 41 12
151 41 12
151 41 12
151 41 12
151 41 12
151 41 12
151 41 12
151 41 12
151 41 12
151 41 12
151 41 12
151 41 12
151 41 12
151 41 12
151 41 12
151 41 12
151 41 12
151 41 12
151 41 12
151 41 12
151 41 12
151 41 12
151 41 12
151 41 12
151 41 12
151 41 12
151 41 12
151 41 12
151 41 12
58 104 22
68 110 22
78 116 22
78 116 12
78 116 12
88 122 22
88 122 12
88 122 12
88 122 12
88 122 12
88 122 12
88 122 12
88 122 12
88 122 12
88 122 12
88 122 12
88 122 12
88 122 12
88 122 12
88 122 12
88 122 12
88 122 12
88 122 12
88 122 12
88 122 12
88 122 12
88 122 12
88 122 12
88 122 12
88 122 12
88 122 12
88 122 12
88 122 12
88 122 12
88 122 12
88 122 12
88 122 12
88 122 12
88 122 12
88 122 12
88 122 12
88 122 12
88 122 12
88 122 12
88 122 12
88 122 12
88 122 12
88 122 12
88 122 12
88 122 12
88 122 12
88 122 12
88 122 12
88 122 12
88 122 12
88 122 12
88 122 12
88 122 12
88 122 12
88 122 12
88 122 12
88 122 12
88 122 12
88 122 12
88 122 12
88 122 12
88 122 12
88 122 12
88 122 12
88 122 12
88 122 12
88 122 12
88 122 12
88 122 12
88 122 12
88 122 12
88 122 12
88 122 12
88 122 12
88 122 12
97 140 22
97 140 12
97 140 12
97 140 12
97 140 12
97 140 12
97 140 12
97 140 12
97 140 12
97 140 12
97 140 12
97 140 12
97 140 12
97 140 12
97 140 12
97 140 12
97 140 12
97 140 12
97 140 12
97 140 12
97 140 12
97 140 12
97 140 12
97 140 12
97 140 12
97 140 12
97 140 12
97 140 12
97 140 12
97 140 12
97 140 12
97 140 12
97 140 12
97 140 12
97 140 12
97 140 12
97 140 12
97 140 12
97 140 12
97 140 12
97 140 12
97 140 12
97 140 12
97 140 12
97 140 12
97 140 12
97 140 12
97 140 12
97 140 12
97 140 12
97 140 12
97 140 12
97 140 12
97 140 12
97 140 12
97 140 12
97 140 12
97 140 12
97 140 12
97 140 12
97 140 12
97 140 12
97 140 12
97 140 12
97 140 12
97 140 12
97 140 12
97 140 12
97 140 12
97 140 12
97 140 12
97 140 12
97 140 12
97 140 12
97 140 12
97 140 12
97 140 12
97 140 12
116 49 22
116 49 12
116 49 12
116 49 12
116 49 12
116 49 12
116 49 12
116 49 12
116 49 12
116 49 12
116 49 12
116 49 12
116 49 12
116 49 12
116 49 12
116 49 12
116 49 12
116 49 12
116 49 12
116 49 12
116 49 12
116 49 12
116 49 12
116 49 12
116 49 12
116 49 12
116 49 12
116 49 12
116 49 12
116 49 12
116 49 12
116 49 12
116 49 12
116 49 12
116 49 12
116 49 12
116 49 12
116 49 12
116 49 12
116 49 12
116 49 12
116 49 12
116 49 12
116 49 12
116 49 12
116 49 12
116 49 12
116 49 12
116 49 12
116 49 12
116 49 12
116 49 12
116 49 12
116 49 12
116 49 12
116 49 12
116 49 12
116 49 12
116 49 12
116 49 12
116 49 12
116 49 12
116 49 12
116 49 12
116 49 12
116 49 12
116 49 12
116 49 12
116 49 12
116 49 12
116 49 12
116 49 12
116 49 12
116 49 12
116 49 12
116 49 12
116 49 12
116 49 12
116 49 12
116 49 12
116 49 12
116 49 12
116 49 12
116 49 12
108 65 22
108 65 12
108 65 12
108 65 12
108 65 12
108 65 12
108 65 12
108 65 12
108 65 12
108 65 12
108 65 12
108 65 12
108 65 12
108 65 12
108 65 12
108 65 12
108 65 12
108 65 12
108 65 12
108 65 12
108 65 12
108 65 12
108 65 12
108 65 12
108 65 12
108 65 12
108 65 12
108 65 12
108 65 12
108 65 12
108 65 12
108 65 12
108 65 12
108 65 12
108 65 12
108 65 12
108 65 12
108 65 12
108 65 12
108 65 12
108 65 12
108 65 12
108 65 12
108 65 12
108 65 12
108 65 12
108 65 12
108 65 12
108 65 12
108 65 12
108 65 12
108 65 12
108 65 12
108 65 12
108 65 12
108 65 12
108 65 12
108 65 12
108 65 12
108 65 12
108 65 12
108 65 12
108 65 12
108 65 12
108 65 12
108 65 12
108 65 12
108 65 12
108 65 12
108 65 12
108 65 12
108 65 12
108 65 12
108 65 12
108 65 12
108 65 12
108 65 12
108 65 12
108 65 12
108 65 12
108 65 12
108 65 12
108 65 12
108 65 12
108 65 12
108 65 12
108 65 12
108 65 12
19 16 22
28 10 22
9 21 22
0 27 22
178 113 205
178 113 12
178 113 12
178 113 12
178 113 12
178 113 12
178 113 12
178 113 12
178 113 12
178 113 12
187 118 22
187 118 12
187 118 12
187 118 12
187 118 12
187 118 12
187 118 12
187 118 12
187 118 12
187 118 12
187 118 12
187 118 12
187 118 12
187 118 12
187 118 12
187 118 12
187 118 12
187 118 12
187 118 12
187 118 12
187 118 12
187 118 12
187 118 12
187 118 12
187 118 12
187 118 12
187 118 12
187 118 12
187 118 12
187 118 12
187 118 12
187 118 12
187 118 12
187 118 12
187 118 12
187 118 12
187 118 12
187 118 12
187 118 12
187 118 12
187 118 12
187 118 12
187 118 12
187 118 12
187 118 12
187 118 12
187 118 12
187 118 12
187 118 12
187 118 12
187 118 12
187 118 12
187 118 12
187 118 12
197 101 22
197 101 12
197 101 12
197 101 12
197 101 12
197 101 12
197 112 22
197 112 12
197 112 12
197 112 12
197 112 12
197 112 12
197 112 12
197 112 12
197 112 12
197 112 12
197 112 12
197 112 12
197 112 12
197 112 12
197 112 12
197 112 12
197 112 12
197 112 12
197 112 12
197 112 12
197 112 12
197 112 12
197 112 12
197 112 12
197 112 12
197 112 12
197 112 12
197 112 12
197 112 12
197 112 12
197 112 12
197 112 12
197 112 12
197 112 12
197 112 12
197 112 12
197 112 12
197 112 12
197 112 12
197 112 12
197 112 12
197 112 12
197 112 12
197 112 12
197 112 12
197 112 12
197 112 12
197 112 12
197 112 12
197 112 12
197 112 12
197 112 12
197 112 12
197 112 12
197 112 12
197 112 12
197 112 12
197 112 12
197 112 12
197 112 12
197 112 12
197 112 12
197 112 12
197 112 12
197 112 12
197 112 12
197 112 12
197 112 12
197 112 12
197 112 12
197 112 12
197 112 12
19 5 22
19 5 12
19 5 12
9 10 22
9 10 12
9 10 12
9 10 12
9 10 12
9 10 12
9 10 12
9 10 12
9 10 12
9 10 12
9 10 12
9 10 12
9 10 12
9 10 12
9 10 12
9 10 12
9 10 12
9 10 12
9 10 12
0 16 22
106 43 22
106 43 12
106 43 12
106 43 12
106 43 12
106 43 12
106 43 12
106 43 12
106 43 12
106 43 12
106 43 12
106 43 12
106 43 12
106 43 12
106 43 12
106 43 12
106 43 12
106 43 12
106 43 12
106 43 12
106 43 12
106 43 12
106 43 12
106 43 12
106 43 12
106 43 12
106 43 12
106 43 12
106 43 12
106 43 12
106 43 12
106 43 12
106 43 12
106 43 12
106 43 12
106 43 12
106 43 12
106 43 12
106 43 12
106 43 12
106 43 12
106 43 12
106 43 12
106 43 12
106 43 12
106 43 12
106 43 12
106 43 12
106 43 12
106 43 12
106 43 12
106 43 12
106 43 12
106 43 12
106 43 12
106 43 12
106 43 12
106 43 12
106 43 12
106 43 12
106 43 12
106 43 12
106 43 12
106 43 12
106 43 12
106 43 12
106 43 12
106 43 12
106 43 12
106 43 12
106 43 12
106 43 12
106 43 12
106 43 12
106 43 12
106 43 12
106 43 12
106 43 12
106 43 12
106 43 12
106 43 12
106 43 12
106 43 12
106 43 12
106 43 12
106 43 12
106 43 12
106 43 12
106 43 12
106 43 12
106 43 12
106 43 12
106 43 12
106 43 12
106 43 12
106 43 12
106 43 12
106 43 12
106 43 12
106 43 12
106 43 12
106 43 12
106 43 12
106 43 12
106 43 12
106 43 12
125 44 22
125 44 12
125 44 12
125 44 12
125 44 12
125 44 12
125 44 12
125 44 12
125 44 12
125 44 12
125 44 12
125 44 12
125 44 12
125 44 12
125 44 12
125 44 12
125 44 12
125 44 12
125 44 12
125 44 12
125 44 12
125 44 12
125 44 12
125 44 12
125 44 12
125 44 12
125 44 12
125 44 12
125 44 12
125 44 12
125 44 12
125 44 12
125 44 12
134 39 22
134 39 12
134 39 12
134 39 12
134 39 12
134 39 12
134 39 12
134 39 12
134 39 12
134 39 12
134 39 12
134 39 12
134 39 12
134 39 12
134 39 12
134 39 12
134 39 12
134 39 12
134 39 12
134 39 12
134 39 12
134 39 12
134 39 12
134 39 12
134 39 12
134 39 12
134 39 12
134 39 12
134 39 12
134 39 12
134 39 12
134 39 12
134 39 12
134 39 12
134 39 12
134 39 12
134 39 12
134 39 12
134 39 12
134 39 12
134 39 12
134 39 12
134 39 12
134 39 12
134 39 12
28 0 22
28 0 12
28 0 12
28 0 12
28 0 12
28 0 12
28 0 12
28 0 12
28 0 12
28 0 12
28 0 12
28 0 12
28 0 12
28 0 12
28 0 12
28 0 12
28 0 12
28 0 12
28 0 12
28 0 12
28 0 12
28 0 12
37 5 22
37 5 12
37 5 12
37 5 12
37 5 12
46 10 22
46 10 12
46 10 12
46 10 12
46 10 12
46 10 12
46 10 12
46 10 12
46 10 12
46 10 12
46 10 12
46 10 12
46 10 12
46 10 12
46 10 12
46 10 12
99 93 22
99 93 12
99 93 12
99 93 12
99 93 12
99 93 12
99 93 12
99 93 12
99 93 12
99 93 12
99 93 12
99 93 12
99 93 12
99 93 12
99 93 12
99 93 12
99 93 12
99 93 12
99 93 12
99 93 12
99 93 12
99 93 12
99 93 12
99 93 12
99 93 12
99 93 12
99 93 12
98 105 22
98 105 12
98 105 12
88 111 22
88 111 12
88 111 12
156 198 15
156 197 15
156 196 15
155 196 15
154 196 15
153 196 15
152 196 15
151 196 15
150 196 15
149 196 15
148 196 15
148 195 15
147 195 15
146 194 15
145 194 15
144 194 15
144 193 15
143 193 15
143 192 15
142 192 15
141 192 15
141 191 15
140 191 15
139 191 15
138 191 15
138 190 15
138 189 15
137 188 15
136 188 15
136 187 15
136 186 15
135 186 15
135 185 15
135 185 12
135 184 20
135 184 12
135 183 34
135 182 43
135 182 12
135 181 48
135 181 12
135 181 12
135 180 50
135 180 12
135 180 12
135 180 12
135 180 12
135 179 48
135 179 12
135 179 12
135 179 12
135 179 12
135 179 12
135 179 12
135 179 12
135 178 46
135 178 12
135 178 12
135 178 12
135 178 12
135 178 12
135 178 12
135 178 12
135 178 12
136 178 51
136 178 12
136 178 12
136 178 12
136 178 12
136 178 12
136 178 12
137 178 64
137 178 12
137 178 12
137 178 12
138 178 81
138 178 12
158 145 15
157 145 15
156 145 15
155 145 15
154 145 15
154 146 15
153 146 15
153 147 15
153 148 15
152 148 15
151 148 15
150 148 15
150 148 12
149 148 15
149 148 12
148 148 15
147 148 15
146 148 15
145 148 15
144 148 51
144 149 132
144 150 227
144 151 333
144 152 447
144 153 565
144 154 682
144 155 792
144 156 892
144 157 975
144 158 1040
144 159 1082
144 160 1100
144 161 1094
144 162 1066
144 162 12
144 162 12
144 162 12
144 162 12
144 162 12
144 162 12
144 162 12
144 162 12
144 162 12
144 162 12
144 162 12
144 163 1016
144 163 12
144 163 12
144 163 12
144 163 12
144 163 12
144 163 12
144 163 12
144 163 12
144 163 12
144 163 12
144 163 12
144 163 12
144 163 12
144 163 12
144 163 12
144 163 12
144 163 12
144 163 12
144 163 12
144 163 12
144 163 12
144 163 12
144 163 12
144 163 12
144 164 948
144 164 12
144 164 12
144 164 12
144 164 12
144 164 12
144 164 12
144 164 12
144 164 12
144 164 12
144 164 12
144 164 12
144 164 12
144 164 12
144 164 12
144 164 12
144 164 12
144 164 12
144 164 12
144 164 12
144 164 12
144 164 12
144 164 12
144 164 12
144 164 12
144 164 12
144 164 12
144 164 12
144 164 12
144 164 12
144 164 12
144 164 12
144 164 12
144 164 12
144 165 867
144 165 12
144 165 12
144 165 12
144 165 12
144 165 12
144 165 12
144 165 12
144 165 12
144 165 12
144 165 12
144 165 12
144 165 12
144 165 12
144 165 12
144 165 12
144 165 12
144 165 12
144 165 12
144 165 12
144 165 12
144 165 12
144 165 12
144 165 12
144 165 12
144 165 12
144 165 12
144 165 12
144 165 12
144 165 12
144 165 12
144 165 12
144 165 12
144 165 12
144 165 12
144 165 12
144 165 12
144 166 776
144 166 12
144 166 12
144 166 12
144 166 12
144 166 12
144 166 12
144 166 12
144 166 12
144 166 12
144 166 12
144 166 12
144 166 12
144 166 12
144 166 12
144 166 12
144 166 12
144 166 12
144 166 12
144 166 12
144 166 12
144 166 12
144 166 12
144 166 12
144 166 12
144 166 12
144 166 12
144 166 12
144 166 12
144 166 12
144 166 12
144 166 12
144 166 12
144 166 12
144 166 12
144 167 681
144 167 12
144 167 12
144 167 12
144 167 12
144 167 12
144 167 12
144 167 12
144 167 12
144 167 12
144 167 12
144 167 12
144 167 12
144 167 12
144 167 12
144 167 12
144 167 12
144 167 12
144 167 12
144 167 12
144 167 12
144 167 12
144 167 12
144 167 12
144 167 12
144 167 12
144 167 12
144 167 12
144 167 12
144 168 586
144 168 12
144 168 12
144 168 12
144 168 12
144 168 12
144 168 12
144 168 12
144 168 12
144 168 12
144 168 12
144 168 12
144 168 12
144 168 12
144 168 12
144 168 12
144 168 12
144 168 12
144 168 12
144 168 12
144 168 12
144 169 494
144 169 12
144 169 12
144 169 12
144 169 12
144 169 12
144 169 12
144 169 12
144 169 12
144 169 12
144 169 12
144 169 12
144 169 12
144 169 12
144 169 12
144 170 410
144 170 12
144 170 12
144 170 12
144 170 12
144 170 12
144 170 12
144 170 12
144 170 12
144 170 12
144 171 337
144 171 12
144 171 12
144 171 12
144 171 12
144 171 12
144 171 12
144 171 12
144 172 275
144 172 12
144 172 12
144 172 12
144 172 12
144 172 12
144 172 12
144 173 226
144 173 12
144 173 12
144 173 12
144 173 12
144 173 12
144 173 12
144 173 12
144 174 190
144 174 12
144 174 12
144 174 12
144 174 12
144 174 12
144 174 12
144 174 12
143 174 167
143 174 12
143 174 12
143 174 12
143 174 12
143 174 12
143 174 12
143 174 12
142 174 144
142 174 12
142 174 12
142 174 12
142 174 12
142 174 12
142 174 12
142 174 12
141 174 122
141 174 12
141 174 12
141 174 12
141 174 12
141 174 12
140 174 102
140 174 12
140 174 12
140 174 12
140 174 12
140 174 12
139 174 85
139 174 12
139 174 12
139 174 12
139 174 12
139 175 76
139 175 12
139 175 12
139 175 12
139 175 12
139 176 78
139 176 12
139 176 12
139 176 12
139 177 87
139 177 12
139 177 12
159 144 15
159 143 15
159 142 15
159 141 15
159 140 15
160 140 15
160 139 15
160 138 15
160 137 15
160 136 15
160 135 15
160 134 15
160 133 15
160 132 15
160 131 15
160 130 15
160 129 15
160 128 15
160 127 15
160 126 15
160 125 15
160 124 15
160 122 24
160 121 30
160 120 35
160 119 39
161 119 41
161 118 40
162 118 39
162 117 33
163 117 28
163 116 19
164 116 15
164 116 12
164 115 15
164 115 12
165 115 15
165 115 12
165 114 15
165 114 12
165 114 12
165 113 15
165 113 12
165 113 12
165 113 12
165 112 15
165 112 12
165 112 12
165 112 12
165 112 12
165 112 12
165 111 15
165 111 12
165 111 12
165 111 12
165 111 12
165 111 12
165 111 12
165 111 12
165 110 15
165 110 12
165 110 12
165 110 12
165 110 12
165 110 12
165 110 12
165 110 12
165 110 12
165 110 12
165 110 12
165 109 15
165 109 12
165 109 12
165 109 12
165 109 12
165 109 12
165 109 12
165 109 12
165 109 12
165 109 12
165 109 12
165 109 12
165 109 12
165 108 15
165 108 12
165 108 12
165 108 12
165 108 12
165 108 12
165 108 12
165 108 12
165 108 12
165 108 12
165 108 12
165 108 12
165 108 12
165 108 12
165 107 22
165 107 12
165 107 12
165 107 12
165 107 12
165 107 12
165 107 12
165 107 12
165 107 12
165 107 12
165 107 12
165 107 12
165 107 12
165 106 33
165 106 12
165 106 12
165 106 12
165 106 12
165 106 12
165 106 12
165 106 12
165 106 12
165 106 12
165 105 39
165 105 12
165 105 12
165 105 12
165 105 12
165 105 12
165 105 12
165 104 42
165 104 12
165 104 12
165 104 12
165 104 12
165 103 39
165 103 12
165 103 12
165 103 12
165 102 31
165 102 12
165 102 12
165 102 12
165 101 20
165 101 12
165 101 12
165 100 15
165 100 12
165 100 12
164 100 15
164 100 12
164 100 12
164 99 15
164 99 12
164 98 15
164 98 12
164 97 15
164 97 12
163 97 15
163 97 12
163 96 15
163 96 12
162 96 15
162 96 12
161 96 15
161 96 12
160 96 15
160 96 12
159 96 15
159 96 12
158 96 15
158 96 12
157 96 15
157 96 12
156 96 15
156 96 12
155 96 15
155 96 12
154 96 15
154 96 12
153 96 15
153 96 12
152 95 15
152 95 12
152 95 12
152 94 15
152 94 12
152 94 12
152 93 15
152 93 12
152 93 12
152 92 15
152 92 12
152 92 12
152 91 15
152 91 12
152 91 12
152 90 15
152 90 12
152 89 15
152 89 12
152 88 15
152 88 12
152 87 15
152 86 15
152 84 20
152 83 22
152 82 21
152 81 18
152 80 15
152 79 15
152 78 15
152 77 15
152 76 15
152 75 15
160 70 15
160 71 15
160 72 15
160 73 15
160 74 15
159 74 15
158 74 15
157 74 15
156 74 15
155 74 15
154 74 15
153 74 15
161 69 15
162 69 15
163 69 15
164 69 15
165 69 15
165 68 15
166 68 15
167 68 15
167 67 15
168 67 15
168 66 15
169 66 15
169 65 15
170 64 15
171 64 15
171 63 16
171 62 18
171 61 16
171 60 15
171 59 15
171 58 15
172 58 15
173 58 15
174 58 15
175 58 15
176 58 15
177 58 15
178 57 15
178 56 15
179 56 15
180 56 15
180 55 15
181 55 15
182 55 15
183 55 15
183 54 15
183 53 15
183 52 15
184 52 15
184 51 15
184 50 15
184 49 40
184 48 106
184 47 191
184 46 292
184 45 408
184 44 532
184 43 661
184 42 788
184 41 906
184 40 1009
184 39 1092
184 38 1149
184 37 1179
184 36 1178
184 35 1146
184 34 1087
184 33 1003
184 33 12
184 33 12
184 33 12
184 33 12
184 33 12
184 33 12
184 33 12
184 33 12
184 33 12
184 33 12
184 33 12
184 33 12
184 33 12
184 33 12
184 33 12
184 33 12
184 33 12
184 33 12
184 33 12
184 32 899
184 32 12
184 32 12
184 32 12
184 32 12
184 32 12
184 32 12
184 32 12
184 32 12
184 32 12
184 32 12
184 32 12
184 32 12
184 32 12
184 32 12
184 32 12
184 32 12
184 32 12
184 32 12
184 32 12
184 32 12
184 32 12
184 32 12
184 32 12
184 32 12
184 32 12
184 32 12
184 32 12
184 32 12
184 32 12
184 32 12
184 32 12
184 32 12
184 32 12
184 32 12
184 32 12
184 32 12
184 32 12
184 32 12
184 31 782
184 31 12
184 31 12
184 31 12
184 31 12
184 31 12
184 31 12
184 31 12
184 31 12
184 31 12
184 31 12
184 31 12
184 31 12
184 31 12
184 31 12
184 31 12
184 31 12
184 31 12
184 31 12
184 31 12
184 31 12
184 31 12
184 31 12
184 31 12
184 31 12
184 31 12
184 31 12
184 31 12
184 31 12
184 31 12
184 31 12
184 31 12
184 31 12
184 31 12
184 31 12
184 31 12
184 31 12
184 31 12
184 31 12
184 31 12
184 31 12
184 31 12
184 31 12
184 31 12
184 31 12
184 31 12
184 31 12
184 31 12
184 31 12
184 31 12
184 31 12
184 31 12
184 31 12
184 30 657
184 30 12
184 30 12
184 30 12
184 30 12
184 30 12
184 30 12
184 30 12
184 30 12
184 30 12
184 30 12
184 30 12
184 30 12
184 30 12
184 30 12
184 30 12
184 30 12
184 30 12
184 30 12
184 30 12
184 30 12
184 30 12
184 30 12
184 30 12
184 30 12
184 30 12
184 30 12
184 30 12
184 30 12
184 30 12
184 30 12
184 30 12
184 30 12
184 30 12
184 30 12
184 30 12
184 30 12
184 30 12
184 30 12
184 30 12
184 30 12
184 30 12
184 30 12
184 30 12
184 30 12
184 30 12
184 30 12
184 30 12
184 30 12
184 30 12
184 30 12
184 30 12
184 30 12
184 30 12
184 30 12
184 30 12
184 30 12
184 29 532
184 29 12
184 29 12
184 29 12
184 29 12
184 29 12
184 29 12
184 29 12
184 29 12
184 29 12
184 29 12
184 29 12
184 29 12
184 29 12
184 29 12
184 29 12
184 29 12
184 29 12
184 29 12
184 29 12
184 29 12
184 29 12
184 29 12
184 29 12
184 29 12
184 29 12
184 29 12
184 29 12
184 29 12
184 29 12
184 29 12
184 29 12
184 29 12
184 29 12
184 29 12
184 29 12
184 29 12
184 29 12
184 29 12
184 29 12
184 29 12
184 29 12
184 29 12
184 29 12
184 29 12
184 29 12
184 29 12
184 29 12
184 29 12
184 29 12
184 29 12
184 29 12
184 29 12
184 28 413
184 28 12
184 28 12
184 28 12
184 28 12
184 28 12
184 28 12
184 28 12
184 28 12
184 28 12
184 28 12
184 28 12
184 28 12
184 28 12
184 28 12
184 28 12
184 28 12
184 28 12
184 28 12
184 28 12
184 28 12
184 28 12
184 28 12
184 28 12
184 28 12
184 28 12
184 28 12
184 28 12
184 28 12
184 28 12
184 28 12
184 28 12
184 28 12
184 28 12
184 28 12
184 28 12
184 28 12
184 28 12
184 28 12
184 28 12
184 28 12
184 28 12
184 27 305
184 27 12
184 27 12
184 27 12
184 27 12
184 27 12
184 27 12
184 27 12
184 27 12
184 27 12
184 27 12
184 27 12
184 27 12
184 27 12
184 27 12
184 27 12
184 27 12
184 27 12
184 27 12
184 27 12
184 27 12
184 27 12
184 27 12
184 27 12
184 27 12
184 27 12
184 27 12
184 27 12
184 27 12
184 27 12
184 26 212
184 26 12
184 26 12
184 26 12
184 26 12
184 26 12
184 26 12
184 26 12
184 26 12
184 26 12
184 26 12
184 26 12
184 26 12
184 26 12
184 26 12
184 26 12
184 26 12
184 26 12
184 26 12
184 26 12
184 25 137
184 25 12
184 25 12
184 25 12
184 25 12
184 25 12
184 25 12
184 25 12
184 25 12
184 25 12
184 25 12
184 25 12
184 25 12
184 25 12
184 24 82
184 24 12
184 24 12
184 24 12
184 24 12
184 24 12
184 24 12
184 24 12
184 24 12
184 24 12
184 24 12
184 23 45
184 23 12
184 23 12
184 23 12
184 23 12
184 23 12
184 23 12
184 23 12
184 23 12
184 23 12
184 22 24
184 22 12
184 22 12
184 22 12
184 22 12
184 22 12
184 22 12
184 22 12
184 22 12
184 21 18
184 21 12
184 21 12
184 21 12
184 21 12
184 21 12
184 21 12
184 21 12
184 20 22
184 20 12
184 20 12
184 20 12
184 20 12
184 20 12
184 20 12
183 20 24
183 20 12
183 20 12
183 20 12
183 20 12
183 20 12
183 20 12
183 19 29
183 19 12
183 19 12
183 19 12
183 19 12
183 18 36
183 18 12
183 18 12
183 17 42
183 17 12
183 16 44
183 15 40
183 14 29
183 13 15
183 13 12
183 12 15
183 12 12
183 11 15
184 11 15
184 10 15
184 9 15
185 9 15
185 8 15
186 8 15
187 8 15
188 8 18
190 8 15
191 8 15
192 8 15
193 8 15
194 8 15
194 9 15
195 9 15
195 10 15
196 10 15
197 10 15
198 10 15
198 11 19
198 12 25
198 13 24
160 75 15
160 76 15
160 77 15
160 78 15
160 79 15
151 74 19
150 74 21
149 74 20
148 74 18
147 74 15
146 74 15
145 74 15
145 73 15
144 73 15
144 72 15
143 72 15
142 72 15
141 72 15
140 72 15
139 72 15
138 72 15
137 72 15
136 72 15
134 72 21
133 72 25
132 72 27
131 72 27
130 72 24
129 72 19
128 72 15
127 72 15
126 72 15
126 71 15
125 71 15
124 71 15
123 71 15
122 71 15
121 71 15
120 71 15
119 71 15
118 72 15
118 73 15
118 74 15
118 75 15
118 76 15
118 77 15
118 78 15
118 79 15
118 80 15
118 81 15
118 83 16
117 83 15
117 84 15
117 85 15
117 86 15
117 87 15
117 88 15
117 89 15
117 90 15
117 91 15
117 92 15
117 92 12
117 93 15
117 93 12
116 93 15
116 93 12
116 94 15
116 94 12
116 94 12
115 94 15
115 94 12
115 94 12
115 94 12
115 95 15
115 95 12
115 95 12
115 95 12
115 95 12
114 95 15
114 95 12
114 95 12
114 95 12
114 95 12
114 96 15
114 96 12
114 96 12
114 96 12
114 96 12
114 96 12
114 97 16
114 97 12
114 97 12
114 97 12
114 97 12
114 97 12
114 97 12
114 98 21
114 98 12
114 98 12
114 98 12
114 98 12
114 98 12
114 98 12
114 99 24
114 99 12
114 99 12
114 99 12
114 99 12
114 99 12
114 100 24
114 100 12
114 100 12
114 100 12
114 100 12
114 100 12
114 101 21
114 101 12
114 101 12
114 101 12
114 101 12
114 102 17
114 102 12
114 102 12
114 102 12
114 102 12
114 103 15
114 103 12
114 103 12
114 103 12
114 103 12
114 104 15
114 104 12
114 104 12
114 104 12
114 104 12
114 105 15
114 105 12
114 105 12
114 105 12
113 105 15
113 105 12
113 105 12
113 105 12
113 105 12
112 105 15
112 105 12
112 105 12
112 105 12
112 105 12
111 105 15
111 105 12
111 105 12
111 105 12
111 105 12
111 105 12
110 105 28
110 105 12
110 105 12
110 105 12
110 105 12
110 105 12
109 105 45
109 105 12
109 105 12
109 105 12
109 105 12
109 105 12
108 105 63
108 105 12
108 105 12
108 105 12
108 105 12
108 105 12
107 105 79
107 105 12
107 105 12
107 105 12
106 105 93
106 105 12
106 105 12
105 105 103
104 105 109
103 105 109
102 105 103
101 105 93
100 105 79
99 105 61
97 105 20
97 105 12
97 105 12
97 105 12
96 105 15
96 105 12
96 105 12
96 105 12
96 105 12
95 105 15
95 105 12
95 105 12
95 105 12
95 105 12
95 105 12
94 105 15
94 105 12
94 105 12
94 105 12
94 105 12
94 105 12
94 106 15
94 106 12
94 106 12
94 106 12
94 106 12
94 107 15
94 107 12
94 107 12
94 107 12
93 107 15
93 107 12
93 107 12
93 107 12
93 107 12
93 108 15
93 108 12
93 108 12
93 108 12
92 108 15
92 108 12
92 108 12
92 108 12
91 108 15
91 108 12
91 108 12
91 108 12
91 109 15
91 109 12
91 109 12
91 109 12
91 109 12
90 109 15
90 109 12
90 109 12
90 109 12
89 109 15
89 109 12
89 109 12
89 109 12
88 109 15
88 109 12
88 109 12
88 110 15
88 110 12
88 110 12
87 110 15
87 110 12
86 110 15
86 110 12
86 111 15
86 111 12
85 111 15
85 111 12
84 111 15
83 111 15
82 111 15
81 111 15
80 111 15
79 111 15
78 111 15
77 111 15
76 111 15
75 111 15
74 111 15
73 111 15
72 111 15
71 111 15
70 111 15
69 111 15
68 111 15
67 110 15
66 110 15
65 110 15
64 110 15
64 109 15
63 109 15
63 108 15
62 108 15
61 108 15
60 108 15
59 108 15
59 107 15
59 107 12
59 106 15
59 106 12
58 106 15
58 106 12
58 105 15
58 105 12
57 104 15
57 104 12
56 104 15
56 104 12
55 104 15
55 104 12
54 104 15
53 104 15
52 104 15
51 104 15
50 104 15
50 104 12
49 104 15
49 104 12
48 104 15
48 104 12
47 104 15
47 104 12
46 104 15
46 104 12
45 104 15
45 104 12
44 104 15
44 104 12
43 104 15
43 104 12
42 104 15
42 104 12
41 104 15
40 104 15
39 103 15
39 102 15
38 102 15
38 101 15
37 101 15
37 100 15
36 100 15
36 99 15
35 99 15
34 99 15
33 99 18
32 99 20
31 99 20
30 99 16
29 99 15
29 99 12
28 98 15
27 98 15
26 98 15
26 97 15
26 96 22
26 95 35
26 94 46
26 93 54
26 92 60
26 91 62
26 90 62
26 89 58
26 88 53
26 88 12
26 88 12
26 87 46
26 87 12
26 87 12
26 87 12
26 87 12
26 86 38
26 86 12
26 86 12
26 86 12
26 86 12
26 86 12
26 85 30
26 85 12
26 85 12
26 85 12
26 85 12
26 85 12
26 85 12
26 85 12
26 84 22
26 84 12
26 84 12
26 84 12
26 84 12
26 84 12
26 84 12
26 84 12
26 83 15
26 83 12
26 83 12
26 83 12
26 83 12
26 83 12
26 83 12
26 82 15
26 82 12
26 82 12
26 82 12
26 82 12
26 82 12
26 81 15
26 81 12
26 81 12
26 81 12
26 81 12
26 80 15
26 80 12
26 80 12
27 80 15
27 80 12
27 80 12
27 79 15
27 79 12
27 79 12
27 78 15
27 78 12
27 77 15
27 77 12
27 76 15
27 76 12
28 76 15
28 76 12
28 75 15
28 75 12
28 74 15
28 73 15
28 72 15
28 71 15
28 70 15
28 69 15
28 68 15
28 67 15
28 66 15
28 65 15
57 60 235
57 60 12
56 60 226
56 60 12
56 60 12
56 60 12
56 60 12
56 60 12
55 60 215
55 60 12
55 60 12
55 60 12
55 60 12
55 60 12
55 60 12
55 60 12
55 60 12
54 60 202
54 60 12
54 60 12
54 60 12
54 60 12
54 60 12
54 60 12
54 60 12
54 60 12
54 60 12
54 60 12
54 60 12
53 60 187
53 60 12
53 60 12
53 60 12
53 60 12
53 60 12
53 60 12
53 60 12
53 60 12
53 60 12
53 60 12
53 60 12
52 60 170
52 60 12
52 60 12
52 60 12
52 60 12
52 60 12
52 60 12
52 60 12
52 60 12
51 60 153
51 60 12
51 60 12
51 60 12
51 60 12
51 60 12
50 60 135
50 60 12
50 60 12
49 60 117
48 60 100
47 60 83
46 60 67
45 60 53
44 60 40
43 60 29
42 60 21
42 61 15
42 61 12
41 61 15
41 61 12
40 61 15
39 61 15
39 62 15
39 62 12
39 63 15
39 63 12
39 64 15
39 64 12
39 64 12
38 64 15
38 64 12
37 64 15
37 64 12
36 64 15
35 64 15
34 64 15
33 64 15
32 64 15
31 64 15
30 64 15
29 64 15
58 59 246
59 59 244
60 59 237
61 59 227
62 59 214
63 59 196
64 59 176
65 59 153
66 59 128
67 59 103
67 59 12
67 58 74
67 58 12
67 58 12
68 58 46
68 58 12
68 58 12
68 58 12
68 58 12
68 57 25
68 57 12
68 57 12
68 57 12
68 57 12
68 57 12
68 56 15
68 56 12
68 56 12
68 56 12
68 56 12
68 56 12
68 56 12
68 55 15
68 55 12
68 55 12
68 55 12
68 55 12
68 55 12
68 55 12
68 54 15
68 54 12
68 54 12
68 54 12
68 54 12
68 54 12
68 54 12
68 53 20
68 53 12
68 53 12
68 53 12
68 53 12
68 53 12
68 53 12
67 53 52
67 53 12
67 53 12
67 53 12
67 53 12
94 28 15
94 29 15
93 29 15
93 30 15
92 30 15
91 30 15
91 31 15
90 31 15
90 32 15
89 32 15
88 32 15
87 32 15
86 32 15
85 33 15
85 34 15
84 34 15
83 34 15
82 34 15
82 35 15
82 36 15
81 36 15
80 36 15
80 37 15
79 37 15
78 37 15
77 37 15
76 37 15
75 38 15
75 39 15
75 40 15
74 40 15
74 41 15
73 41 15
72 41 15
72 42 15
72 43 15
71 43 15
71 44 15
71 45 15
71 45 12
71 46 15
71 46 12
71 47 15
71 47 12
71 48 15
71 48 12
71 48 12
71 49 15
71 49 12
71 49 12
71 49 12
71 50 15
71 50 12
71 50 12
71 50 12
71 50 12
71 51 15
71 51 12
71 51 12
71 51 12
71 51 12
70 51 15
70 51 12
70 51 12
70 51 12
70 51 12
70 51 12
70 52 15
70 52 12
70 52 12
70 52 12
70 52 12
70 52 12
70 53 15
70 53 12
70 53 12
70 53 12
70 53 12
69 53 15
69 53 12
69 53 12
69 53 12
69 53 12
69 53 12
69 53 12
95 27 15
96 27 15
96 26 15
97 26 15
98 26 15
98 25 15
99 25 15
100 25 15
100 24 15
101 24 15
102 24 15
103 24 15
103 23 15
104 23 15
105 22 23
105 21 29
105 20 33
106 20 33
106 19 30
106 18 27
107 18 20
107 17 15
108 17 15
109 17 15
110 17 15
111 17 15
111 17 12
112 17 15
112 17 12
27 64 17
26 64 17
25 64 17
24 64 16
23 64 15
22 64 15
21 64 15
20 64 15
19 64 15
19 63 15
19 62 15
19 61 15
19 60 16
68 112 15
68 113 15
68 114 15
68 115 15
68 116 15
68 117 15
68 118 15
68 119 15
68 120 15
68 121 15
68 123 16
68 124 15
68 125 15
68 126 15
68 127 15
68 128 15
68 129 15
68 130 15
68 131 15
68 132 15
68 133 15
67 134 15
66 134 15
66 135 15
66 136 15
66 137 15
66 138 15
66 139 15
66 140 15
66 141 15
66 142 15
66 143 15
67 143 15
67 144 15
67 145 15
68 146 15
68 147 15
68 148 15
68 149 15
68 150 15
68 151 15
68 152 15
68 153 15
68 154 15
68 155 15
68 177 26
68 176 34
68 175 39
68 174 41
68 173 41
68 172 39
68 171 35
68 170 31
68 169 25
68 168 20
68 166 15
68 165 15
68 164 15
68 163 15
68 162 15
68 161 15
68 160 15
68 159 15
68 158 15
68 157 16
68 179 15
68 179 12
68 180 15
68 180 12
68 180 12
67 180 15
67 180 12
67 180 12
67 181 15
67 181 12
67 181 12
67 181 12
67 182 15
67 182 12
67 182 12
67 182 12
67 182 12
66 182 15
66 182 12
66 182 12
66 182 12
66 182 12
66 182 12
66 183 15
66 183 12
66 183 12
66 183 12
66 183 12
66 183 12
66 183 12
66 184 15
66 184 12
66 184 12
66 184 12
66 184 12
66 184 12
66 184 12
66 185 15
66 185 12
66 185 12
66 185 12
66 185 12
66 185 12
65 185 15
65 185 12
65 185 12
65 185 12
65 185 12
65 185 12
65 186 15
65 186 12
65 186 12
65 186 12
65 186 12
65 186 12
64 186 15
64 186 12
64 186 12
64 186 12
64 186 12
64 187 15
64 187 12
64 187 12
64 187 12
64 187 12
64 188 15
64 188 12
64 188 12
64 188 12
63 188 15
63 188 12
63 188 12
63 188 12
63 189 17
63 189 12
63 189 12
62 189 18
62 189 12
62 189 12
61 189 21
61 189 12
61 189 12
61 190 23
61 190 12
61 190 12
60 190 19
60 190 12
60 190 12
59 190 17
59 190 12
59 190 12
59 191 15
59 191 12
59 191 12
58 191 15
58 191 12
58 191 12
57 191 15
57 191 12
57 191 12
57 191 12
56 191 15
56 191 12
56 191 12
56 191 12
55 191 15
55 191 12
55 191 12
55 191 12
54 191 15
54 191 12
54 191 12
54 191 12
54 191 12
53 191 15
53 191 12
53 191 12
53 191 12
53 191 12
52 191 15
52 191 12
52 191 12
52 191 12
52 191 12
51 191 15
51 191 12
51 191 12
51 191 12
51 191 12
50 191 15
50 191 12
50 191 12
50 191 12
50 191 12
49 191 15
49 191 12
49 191 12
49 191 12
48 191 15
48 191 12
48 191 12
47 191 15
47 191 12
46 191 15
46 191 12
45 191 15
45 191 12
44 191 15
43 191 15
42 191 15
41 191 15
40 191 15
39 191 15
38 191 15
37 191 15
36 191 15
35 191 15
34 191 15
33 191 15
32 191 17
32 192 17
31 192 15
30 192 15
29 192 15
28 192 15
27 192 15
26 192 15
25 192 15
24 192 15
23 192 15
22 192 15
21 192 15
69 156 15
70 156 15
71 156 15
72 156 15
73 156 15
74 156 15
75 156 15
76 156 15
77 156 15
78 156 15
79 156 15
80 156 15
81 156 15
82 156 15
83 156 15
84 156 16
85 156 15
86 156 15
87 156 15
