55 167 202
1 31 202
188 155 202
115 116 202
61 65 202
61 65 192
61 65 192
46 162 202
46 173 202
55 178 202
10 36 202
1 42 202
46 184 202
55 156 202
46 151 202
9 47 202
18 41 202
55 145 202
18 52 202
26 46 202
45 140 202
55 135 202
26 56 202
45 130 202
35 50 202
34 61 202
43 55 202
52 60 202
52 60 192
55 190 202
43 66 202
55 124 202
45 119 202
54 114 202
52 71 202
52 71 192
52 71 192
52 71 192
52 71 192
44 109 202
61 54 202
71 59 202
71 59 192
54 103 202
44 98 202
52 49 202
52 49 192
52 49 192
34 71 202
25 67 202
17 62 202
9 57 202
46 196 202
0 52 202
37 190 202
36 179 202
36 167 202
36 167 192
27 185 202
27 185 192
27 185 192
27 174 202
27 174 192
27 174 192
27 174 192
27 174 192
36 156 202
36 156 192
36 146 202
36 135 202
36 125 202
17 72 202
17 72 192
17 72 192
25 77 202
25 77 192
35 114 202
35 103 202
34 82 202
34 82 192
34 93 202
34 93 192
34 93 192
34 93 192
61 64 421
61 64 192
61 63 319
61 63 192
61 62 231
61 62 192
61 61 158
61 61 192
61 60 102
61 60 192
61 59 64
61 59 192
61 58 43
61 58 192
61 57 40
61 57 192
60 57 60
60 57 192
59 57 83
59 57 192
58 57 109
58 57 192
57 57 134
57 57 192
56 57 158
56 57 192
55 57 179
55 57 192
54 57 194
54 57 192
53 57 204
53 57 192
52 57 207
52 57 192
51 57 204
50 57 195
49 57 180
48 57 161
47 57 139
46 57 116
45 57 93
44 57 72
44 57 192
43 57 54
43 57 192
42 57 40
42 57 192
42 58 25
42 58 192
41 58 16
41 58 192
41 59 15
41 59 192
41 60 15
41 60 192
41 61 15
41 61 192
40 61 15
40 61 192
40 62 15
40 62 192
39 62 15
39 62 192
38 62 15
38 62 192
38 63 15
38 63 192
38 64 23
38 64 192
37 64 31
37 64 192
37 65 38
37 65 192
36 65 48
36 65 192
36 66 53
36 66 192
36 67 61
36 67 192
35 67 67
35 67 192
35 68 71
35 68 192
35 69 76
35 69 192
34 69 77
34 69 192
34 70 79
34 70 192
34 92 662
34 92 192
34 91 666
34 91 192
34 90 659
34 90 192
34 89 642
34 88 616
34 87 582
34 86 541
34 85 496
34 84 449
34 83 401
34 81 308
34 80 267
34 79 229
34 78 196
34 77 167
34 76 144
34 76 192
34 75 125
34 75 192
34 74 109
34 74 192
34 73 98
34 73 192
34 72 89
34 72 192
35 93 600
35 93 192
35 94 571
35 95 533
35 96 490
35 97 441
35 98 390
35 99 338
35 100 288
35 101 241
35 102 200
36 103 119
37 103 83
38 103 54
38 103 192
39 103 33
39 103 192
40 103 17
40 103 192
40 104 15
40 104 192
40 105 15
40 105 192
41 105 15
41 105 192
42 105 15
42 105 192
43 105 15
43 105 192
44 105 15
44 105 192
45 105 15
45 105 192
46 105 15
46 105 192
47 105 15
47 105 192
48 105 15
48 105 192
49 105 15
49 105 192
49 106 15
49 106 192
50 106 21
50 106 192
50 107 31
50 107 192
51 107 39
51 107 192
51 108 49
51 108 192
51 109 61
51 110 73
51 111 84
51 112 93
51 113 99
51 114 103
51 115 104
51 116 103
51 117 99
51 118 94
51 119 88
51 120 81
51 121 75
51 122 70
51 123 66
51 124 63
51 125 62
51 126 62
51 127 64
51 128 67
51 129 70
51 130 74
51 131 78
51 132 82
51 133 85
51 134 87
51 135 89
51 136 89
51 137 89
51 138 88
51 139 86
51 140 84
51 141 81
51 142 79
51 142 192
51 143 76
51 143 192
51 144 74
51 144 192
51 145 73
51 145 192
51 146 72
51 146 192
51 147 72
51 147 192
51 148 73
51 148 192
51 149 74
51 150 76
51 151 78
51 152 80
51 153 82
51 154 85
51 155 86
51 156 88
51 157 89
51 158 89
51 159 88
51 160 87
51 161 86
51 162 84
51 163 82
51 164 80
51 165 79
51 166 78
51 167 78
52 167 83
53 167 94
54 167 110
