182 147 394
60 39 394
2 7 394
122 87 394
8 173 394
148 53 394
142 152 394
56 4 394
109 148 394
30 125 394
174 71 394
0 168 394
8 163 394
0 178 394
150 63 394
162 67 394
160 57 394
172 61 394
65 0 394
66 10 394
58 16 394
59 27 394
67 22 394
68 33 394
121 77 394
112 82 394
112 92 394
29 135 394
20 130 394
20 139 394
20 139 384
20 139 384
21 119 394
120 152 394
131 146 394
120 141 394
131 158 394
11 12 394
11 1 394
172 151 394
182 158 394
172 162 394
20 6 394
162 155 394
152 159 394
152 159 384
152 159 384
112 72 394
120 68 394
120 68 384
8 184 394
0 189 394
122 97 394
2 18 394
8 195 394
139 58 394
140 68 394
131 72 394
11 124 394
39 130 394
38 141 394
38 141 384
38 141 384
38 141 384
12 23 394
12 23 384
12 23 384
0 157 394
9 153 394
9 153 384
9 153 384
129 63 394
129 63 384
129 63 384
12 113 394
21 17 394
21 17 384
21 17 384
74 4 394
75 16 394
76 28 394
132 82 394
141 77 394
151 72 394
40 120 394
48 125 394
17 190 394
17 179 394
18 168 394
48 10 394
48 10 384
152 148 394
142 141 394
29 0 394
38 5 394
38 5 384
38 5 384
31 114 394
22 109 394
27 174 394
27 185 394
163 143 394
153 136 394
27 164 394
27 164 384
27 164 384
2 118 394
1 128 394
10 134 394
10 134 384
10 134 384
173 139 394
163 132 394
132 92 394
36 180 394
36 180 384
31 103 394
41 109 394
49 114 394
18 159 394
18 159 384
18 159 384
57 120 394
163 77 394
153 82 394
153 82 384
153 82 384
56 130 394
56 130 384
36 170 394
36 170 384
36 170 384
36 170 384
36 191 394
27 196 394
27 196 384
110 136 394
100 143 394
100 132 394
49 22 394
49 22 384
49 22 384
49 22 384
47 0 394
103 77 394
103 88 394
95 83 394
95 83 384
95 83 384
45 186 394
46 197 394
46 197 384
191 153 394
65 124 394
103 67 394
103 67 384
103 67 384
85 22 394
84 11 394
93 17 394
41 98 394
50 103 394
58 108 394
67 113 394
74 118 394
192 142 394
183 135 394
199 148 394
199 148 384
174 127 394
174 127 384
92 6 394
92 6 384
92 6 384
92 6 384
73 129 394
73 129 384
0 148 394
0 148 384
0 148 384
0 148 384
103 98 394
112 103 394
55 192 394
54 182 394
64 188 394
63 177 394
72 183 394
72 172 394
81 177 394
90 138 394
91 127 394
83 123 394
93 29 394
85 34 394
77 39 394
69 45 394
101 24 394
102 109 394
92 116 394
81 166 394
90 171 394
90 160 394
90 160 384
90 160 384
72 162 394
63 167 394
91 182 394
82 188 394
82 188 384
61 51 394
70 56 394
78 50 394
86 45 394
94 40 394
102 35 394
73 193 394
64 198 394
54 171 394
110 31 394
100 176 394
45 176 394
102 46 394
110 42 394
94 51 394
86 56 394
86 56 384
86 56 384
118 37 394
111 52 394
119 48 394
111 62 394
111 62 384
101 187 394
92 193 394
92 193 384
63 156 394
63 156 384
63 156 384
83 199 394
83 199 384
83 199 384
54 161 394
54 161 384
111 181 394
110 170 394
120 164 394
173 71 224
172 71 165
171 71 116
170 71 79
169 71 53
168 71 39
168 70 26
168 69 22
167 69 19
167 68 22
166 68 27
166 67 37
165 67 48
164 67 65
163 67 85
162 66 116
162 65 128
162 64 143
161 64 159
160 64 173
159 64 185
158 64 194
157 64 200
156 64 202
155 64 200
154 64 194
153 64 185
152 64 174
151 64 161
150 64 147
141 68 151
141 68 384
142 68 137
142 68 384
143 68 130
143 68 384
143 67 128
143 67 384
144 67 123
144 67 384
144 66 120
144 66 384
145 66 118
145 65 114
145 64 112
146 64 111
146 63 109
147 63 111
148 63 118
149 63 129
140 69 160
140 69 384
140 70 154
140 70 384
140 71 152
140 71 384
140 72 157
140 72 384
139 72 157
139 73 161
138 73 160
138 74 164
137 74 161
136 74 164
136 75 160
135 75 161
135 76 158
134 76 158
134 77 156
133 77 155
133 78 153
132 78 153
132 79 151
132 80 154
132 81 161
131 82 158
130 82 153
129 82 154
129 83 154
129 84 156
128 84 158
128 85 158
128 86 158
128 87 160
127 87 161
126 87 169
125 87 181
124 87 196
123 87 213
112 83 138
112 84 150
112 85 161
112 86 170
112 87 176
113 87 197
114 87 217
115 87 235
116 87 250
117 87 259
118 87 263
119 87 261
120 87 255
121 87 244
102 108 279
102 107 263
102 106 253
103 106 238
103 105 226
104 105 213
104 104 199
105 104 190
105 103 175
105 102 165
106 102 155
106 101 145
107 101 140
107 100 131
107 99 126
108 99 123
108 98 120
108 97 121
109 97 121
109 96 123
109 95 127
109 94 132
109 93 138
109 92 143
109 91 147
109 90 149
109 89 149
109 88 146
109 87 141
109 86 133
109 85 124
109 84 114
109 83 103
109 82 94
110 82 97
111 82 109
93 116 312
93 116 384
94 116 314
94 116 384
95 116 321
95 116 384
95 115 326
95 115 384
96 115 332
96 115 384
96 114 334
96 114 384
96 113 339
96 113 384
97 113 337
97 113 384
97 112 339
97 112 384
98 112 335
98 112 384
98 111 333
99 111 328
99 110 322
100 110 316
100 109 307
101 109 299
92 117 296
92 117 384
92 118 283
92 118 384
92 119 273
92 119 384
92 120 265
92 120 384
91 120 256
91 120 384
91 121 248
91 121 384
91 122 242
91 122 384
91 123 236
91 123 384
91 124 231
91 124 384
91 125 225
91 125 384
91 126 218
91 126 384
91 128 203
91 129 195
91 130 187
91 131 181
92 131 171
92 132 163
93 132 154
93 133 145
94 133 137
94 134 129
95 134 122
95 135 116
96 135 109
96 136 106
97 136 99
98 136 96
98 136 384
98 137 93
98 137 384
99 137 89
99 137 384
100 137 88
100 137 384
100 138 86
100 138 384
101 138 82
101 138 384
102 138 81
102 138 384
102 139 80
102 139 384
103 139 76
103 139 384
104 139 75
104 139 384
104 140 76
104 140 384
105 140 72
105 140 384
106 140 71
106 140 384
107 140 73
107 141 70
108 141 71
109 141 74
109 142 74
109 143 86
109 144 108
109 145 141
109 146 183
109 147 232
120 151 199
120 150 192
120 149 186
120 148 183
119 148 179
118 148 176
117 148 175
116 148 176
115 148 180
114 148 187
113 148 198
112 148 213
111 148 233
110 148 257
101 176 189
102 176 181
103 176 173
104 176 164
105 176 157
106 176 153
107 176 152
108 176 155
109 176 165
109 175 175
110 175 184
110 174 195
110 173 212
110 172 236
110 171 264
111 170 280
112 170 269
113 170 267
114 170 272
114 169 280
115 169 286
115 168 290
115 167 297
116 167 297
116 166 299
117 166 300
117 165 299
117 164 299
118 164 294
119 164 296
120 163 290
120 162 278
120 161 268
120 160 260
120 159 254
120 158 248
120 157 242
120 156 236
120 155 230
120 154 223
120 153 215
99 176 200
98 176 203
97 176 203
96 176 201
95 176 196
94 176 191
93 176 184
92 176 177
92 176 384
91 176 170
91 176 384
90 176 163
90 176 384
89 176 157
89 176 384
88 176 153
88 176 384
87 176 150
87 176 384
86 176 149
86 176 384
86 175 143
86 175 384
85 175 138
85 175 384
84 175 135
84 175 384
84 174 128
84 174 384
83 174 122
83 174 384
82 174 119
82 174 384
82 173 112
82 173 384
81 173 107
81 173 384
81 172 105
81 172 384
80 172 97
80 172 384
79 172 94
79 172 384
78 172 95
78 172 384
77 172 99
77 172 384
76 172 106
75 172 115
74 172 127
73 172 140
71 172 169
70 172 182
69 172 195
68 172 206
67 172 214
66 172 220
65 172 222
64 172 221
63 172 218
62 172 212
61 172 203
60 172 194
59 172 184
58 172 176
57 172 171
57 173 165
56 173 160
56 174 155
55 174 152
55 175 147
55 176 145
54 176 140
54 177 138
54 178 140
54 179 145
54 180 152
54 181 161
53 182 157
52 182 146
51 182 139
50 182 137
49 182 141
49 183 144
48 183 150
48 184 154
47 184 161
47 185 167
46 185 173
46 186 182
44 186 198
43 186 209
42 186 222
41 186 235
40 186 248
39 186 260
38 186 270
37 186 278
36 186 283
35 186 285
34 186 285
33 186 281
32 186 275
31 186 268
30 186 259
29 186 251
28 186 242
27 186 235
26 185 220
25 185 213
25 184 203
25 183 194
24 183 184
24 182 174
24 181 164
23 181 152
23 180 139
23 179 129
22 179 117
22 178 105
22 177 97
21 177 88
21 176 82
20 176 80
20 175 78
19 175 83
19 174 88
18 174 97
18 173 110
17 173 122
16 173 137
15 173 153
14 173 168
13 173 180
12 173 189
11 173 195
10 173 196
9 173 196
121 152 198
122 152 189
123 152 182
124 152 176
125 152 171
126 152 166
127 152 161
128 152 158
129 152 156
130 152 154
131 152 154
132 152 156
133 152 159
134 152 165
135 152 172
136 152 182
137 152 195
138 152 209
139 152 226
140 152 245
141 152 266
142 151 242
142 150 205
142 149 176
142 148 157
142 147 148
143 147 150
144 147 155
145 147 161
146 147 167
147 147 175
148 147 183
149 147 191
150 147 198
151 147 205
152 147 210
153 147 215
154 147 218
155 147 220
156 147 222
157 147 222
158 147 223
159 147 223
160 147 224
161 147 225
162 147 228
163 147 231
164 147 235
165 147 241
166 147 247
167 147 254
168 147 261
169 147 268
170 147 274
171 147 279
172 147 283
173 147 284
174 147 283
175 147 279
176 147 273
177 147 263
178 147 251
179 147 236
180 147 219
181 147 201
90 127 210
90 127 384
90 126 215
90 126 384
89 126 217
89 126 384
89 125 218
89 125 384
89 124 221
89 124 384
88 124 223
88 124 384
88 123 226
88 123 384
87 123 230
86 123 237
85 123 246
84 123 255
83 122 265
83 121 270
82 121 276
81 121 281
80 121 283
79 121 283
78 121 280
77 121 275
76 121 267
75 121 258
74 121 247
73 121 235
72 121 223
71 121 211
71 120 198
70 120 185
69 120 173
68 120 163
67 120 155
66 120 150
65 120 148
64 120 148
63 120 151
62 120 155
61 120 161
60 120 168
59 120 177
58 120 185
56 120 201
55 120 208
54 120 213
53 120 218
52 120 222
51 120 224
50 120 226
49 120 227
48 120 227
47 120 228
46 120 229
45 120 230
44 120 231
43 120 234
42 120 237
41 120 241
40 121 232
40 122 220
40 123 211
40 124 205
39 124 203
39 125 201
38 125 196
37 125 192
36 125 187
35 125 182
34 125 177
33 125 171
32 125 164
31 125 158
111 63 615
111 63 384
111 64 603
111 64 384
111 65 580
111 65 384
111 66 549
111 66 384
111 67 511
111 67 384
111 68 467
111 68 384
111 69 418
111 70 368
111 71 318
111 72 270
112 73 229
112 74 192
112 75 162
112 76 138
112 77 122
112 78 112
112 79 109
112 80 112
112 81 118
111 61 611
111 60 594
111 59 569
111 58 537
111 57 500
111 56 459
111 55 416
111 54 373
111 53 331
111 51 257
111 50 226
111 49 200
111 48 180
111 47 164
111 46 153
110 46 161
109 46 170
108 46 179
107 46 187
106 46 193
105 46 196
104 46 197
103 46 195
101 46 187
100 46 182
99 46 177
99 45 174
98 45 168
97 45 165
96 45 163
95 45 164
94 45 168
93 45 174
92 45 182
91 45 192
90 45 202
89 45 213
88 45 223
87 45 232
85 45 242
84 45 244
83 45 242
82 45 238
81 45 231
81 45 384
80 45 223
79 45 213
78 45 201
77 45 190
76 45 178
75 45 166
74 45 156
73 45 146
72 45 137
71 45 130
70 45 125
68 45 123
67 45 127
66 45 135
65 45 148
65 44 162
65 43 175
65 42 186
65 41 194
65 40 199
65 39 200
64 39 206
63 39 219
62 39 241
61 39 272
56 5 151
57 5 147
58 5 145
58 6 141
59 6 140
59 7 140
60 7 139
61 7 140
62 7 142
62 8 143
63 8 145
63 9 149
63 10 156
63 11 164
63 12 174
63 13 183
63 14 192
63 15 199
63 16 205
63 17 208
63 18 209
63 19 208
63 20 205
63 21 200
63 22 194
63 23 187
63 24 179
63 25 173
63 26 167
63 27 162
63 28 159
63 29 158
63 30 160
63 31 164
63 32 169
63 33 176
63 34 185
63 35 193
63 36 202
63 37 209
63 38 215
30 0 447
31 0 485
32 0 522
33 0 556
34 0 586
35 0 610
36 0 626
37 0 635
38 0 635
39 0 627
40 0 611
41 0 588
42 0 560
43 0 527
44 0 491
45 0 455
46 0 419
48 0 356
49 0 331
49 1 305
50 1 280
51 1 262
51 2 240
52 2 222
52 3 209
53 3 193
54 3 183
54 4 173
55 4 163
28 0 374
27 0 341
26 0 313
25 0 289
24 0 271
24 1 256
23 1 238
22 1 226
22 2 216
21 2 204
20 2 196
20 3 191
19 3 182
18 3 176
17 3 173
17 4 165
16 4 159
15 4 155
15 5 148
14 5 141
13 5 136
13 6 128
12 6 120
11 6 115
11 7 107
10 7 100
9 7 98
8 7 102
7 7 112
6 7 131
5 7 157
4 7 193
3 7 238
148 62 116
148 61 117
148 60 120
148 59 128
148 58 140
148 57 159
148 56 185
148 55 218
148 54 261
