188 90 58
87 11 58
87 11 48
135 72 58
62 66 58
105 102 58
133 136 58
41 4 58
64 144 58
124 132 58
133 126 58
124 121 58
115 107 58
115 117 58
105 113 58
114 127 58
104 123 58
125 111 58
134 115 58
134 105 58
134 105 48
125 101 58
115 96 58
135 83 58
135 83 48
125 90 58
125 90 48
125 79 58
135 94 58
135 94 48
135 94 48
135 94 48
135 94 48
115 85 58
105 91 58
179 85 58
179 85 48
179 96 58
188 101 58
188 101 48
188 101 48
188 101 48
188 101 48
188 101 48
55 149 58
54 139 58
51 0 58
51 0 48
51 0 48
51 0 48
50 10 58
50 10 48
50 10 48
50 10 48
50 10 48
50 10 48
50 10 48
50 10 48
50 10 48
50 10 48
50 10 48
50 10 48
50 10 48
50 10 48
50 10 48
53 60 58
63 55 58
78 5 58
78 5 48
78 5 48
78 5 48
78 5 48
78 5 48
78 5 48
78 5 48
78 5 48
78 5 48
78 5 48
78 5 48
78 5 48
78 5 48
78 5 48
78 5 48
78 5 48
78 5 48
78 5 48
78 5 48
78 5 48
78 5 48
78 5 48
96 17 58
97 6 58
54 49 58
64 133 58
106 11 58
170 90 58
170 80 58
170 80 48
170 80 48
170 80 48
162 86 58
162 86 48
54 128 58
64 123 58
64 155 58
64 155 48
64 155 48
64 155 48
153 81 58
153 81 48
153 81 48
144 77 58
31 0 58
31 9 58
22 4 58
44 54 58
45 43 58
35 48 58
105 22 58
115 17 58
37 37 58
115 28 58
115 28 48
115 28 48
115 28 48
115 28 48
115 28 48
115 28 48
115 28 48
115 28 48
115 28 48
115 28 48
115 28 48
115 28 48
115 28 48
115 28 48
115 28 48
115 28 48
21 15 58
30 20 58
28 31 58
54 117 58
63 112 58
63 112 48
63 112 48
63 112 48
63 112 48
63 112 48
63 112 48
87 0 58
87 0 48
87 0 48
87 0 48
87 0 48
87 0 48
55 160 58
55 160 48
55 160 48
55 160 48
20 26 58
115 6 58
106 0 58
86 22 58
86 22 48
86 22 48
86 22 48
86 22 48
95 28 58
38 26 58
40 15 58
65 166 58
65 166 48
65 166 48
65 166 48
65 166 48
65 166 48
65 166 48
65 166 48
65 166 48
65 166 48
65 166 48
65 166 48
65 166 48
65 166 48
65 166 48
65 166 48
65 166 48
65 166 48
65 166 48
27 43 58
19 37 58
19 37 48
19 37 48
53 106 58
53 106 48
53 106 48
44 111 58
44 122 58
45 133 58
45 144 58
45 144 48
45 155 58
45 155 48
45 155 48
45 155 48
45 155 48
45 155 48
45 155 48
45 155 48
45 155 48
45 155 48
45 155 48
45 155 48
45 155 48
45 155 48
45 155 48
45 155 48
45 155 48
36 138 58
36 138 48
36 138 48
35 127 58
35 116 58
105 34 58
105 34 48
105 34 48
105 34 48
105 34 48
95 39 58
95 39 48
85 33 58
85 33 48
85 33 48
85 33 48
85 33 48
85 33 48
85 33 48
85 33 48
85 33 48
85 33 48
85 33 48
85 33 48
85 33 48
85 33 48
85 33 48
85 33 48
85 33 48
85 33 48
85 33 48
85 33 48
105 45 58
105 45 48
94 51 58
105 56 58
47 32 58
48 21 58
48 21 48
48 21 48
144 88 58
144 88 48
144 88 48
144 88 48
144 88 48
144 88 48
144 88 48
144 88 48
144 88 48
144 88 48
144 88 48
144 88 48
55 37 58
57 26 58
57 26 48
57 26 48
57 26 48
57 26 48
57 26 48
57 26 48
57 26 48
26 121 58
26 133 58
26 133 48
17 127 58
94 62 58
94 62 48
105 68 58
105 80 58
17 138 58
17 138 48
17 138 48
8 132 58
64 43 58
27 144 58
27 144 48
27 144 48
27 144 48
27 144 48
27 144 48
27 144 48
27 144 48
27 144 48
27 144 48
27 144 48
27 144 48
27 144 48
27 144 48
27 144 48
27 144 48
27 144 48
27 144 48
27 144 48
27 144 48
27 144 48
8 144 58
0 138 58
0 149 58
66 32 58
66 32 48
66 32 48
66 32 48
66 32 48
66 32 48
66 32 48
66 32 48
66 32 48
66 32 48
66 32 48
66 32 48
66 32 48
73 61 58
73 61 48
84 56 58
84 56 48
25 110 58
25 110 48
25 110 48
34 105 58
43 100 58
43 100 48
43 100 48
43 100 48
43 100 48
43 100 48
43 100 48
43 100 48
17 116 58
8 121 58
0 127 58
0 116 58
8 110 58
16 105 58
16 105 48
16 105 48
16 105 48
16 105 48
16 105 48
16 105 48
16 105 48
16 105 48
16 105 48
16 105 48
16 105 48
16 105 48
16 105 48
16 105 48
0 105 58
8 155 58
8 155 48
8 155 48
8 155 48
8 155 48
8 155 48
8 155 48
8 155 48
8 155 48
8 155 48
0 160 58
0 160 48
0 160 48
0 160 48
0 160 48
0 160 48
0 160 48
0 160 48
0 160 48
0 160 48
0 160 48
0 160 48
0 160 48
74 128 58
74 128 48
74 128 48
74 128 48
74 128 48
74 139 58
74 149 58
74 149 48
74 118 58
74 118 48
74 118 48
74 118 48
74 118 48
74 118 48
74 118 48
74 118 48
74 118 48
74 118 48
74 118 48
74 118 48
74 118 48
74 118 48
74 118 48
74 118 48
74 118 48
74 118 48
74 118 48
74 118 48
84 134 58
84 134 48
84 134 48
84 134 48
84 134 48
84 144 58
84 144 48
94 128 58
65 144 39
66 144 40
66 144 48
67 144 38
67 144 48
68 144 36
68 144 48
69 144 31
69 144 48
70 144 25
70 144 48
71 144 18
71 144 48
71 144 48
72 144 15
72 144 48
72 144 48
73 144 15
73 144 48
73 144 48
74 144 15
74 144 48
74 144 48
75 144 15
75 144 48
75 144 48
76 144 15
76 144 48
76 144 48
77 144 15
77 144 48
77 144 48
78 144 15
78 144 48
79 144 15
79 144 48
80 144 15
80 144 48
80 143 15
80 143 48
80 142 16
80 142 48
81 142 30
81 142 48
81 141 47
81 141 48
82 141 64
82 141 48
82 140 83
82 140 48
83 140 102
83 140 48
83 139 121
83 139 48
84 139 139
84 139 48
84 138 156
84 138 48
84 137 172
84 137 48
84 136 189
84 136 48
84 135 205
84 135 48
85 134 223
86 134 219
87 134 211
88 134 201
89 134 190
90 134 180
90 133 165
91 133 149
91 132 132
92 132 114
92 131 97
93 131 78
93 130 64
94 130 46
94 129 37
95 128 18
95 128 48
96 128 15
96 128 48
97 128 15
97 128 48
98 128 15
98 128 48
98 127 15
98 127 48
99 127 15
99 127 48
99 126 15
99 126 48
100 126 15
100 126 48
100 125 16
100 125 48
101 125 20
102 125 27
102 124 28
103 124 31
104 124 33
105 123 30
106 123 27
107 123 22
107 122 18
107 121 15
107 120 15
107 119 15
107 118 15
107 117 15
107 116 15
107 115 15
107 114 15
107 113 15
107 112 15
107 111 15
106 111 15
106 110 15
106 109 15
106 108 15
106 107 15
106 106 15
106 105 15
106 104 15
106 103 15
106 102 15
106 80 15
106 80 48
106 81 15
106 81 48
106 82 15
106 82 48
106 83 15
106 83 48
106 84 15
106 84 48
106 85 15
106 85 48
106 86 15
106 86 48
106 87 15
106 88 15
106 89 15
106 90 15
106 91 15
106 92 15
106 93 15
106 94 15
106 95 15
106 96 15
106 97 15
106 98 15
106 99 15
106 100 15
106 101 15
106 79 15
106 79 48
106 78 21
106 78 48
106 77 27
106 77 48
106 76 32
106 76 48
106 75 38
106 75 48
106 74 43
106 74 48
106 73 47
106 73 48
105 73 49
105 72 48
105 71 46
105 70 43
105 69 39
104 68 26
104 68 48
104 67 18
104 67 48
104 66 15
104 66 48
103 66 15
103 66 48
103 65 15
103 65 48
102 65 15
102 65 48
101 65 15
101 65 48
101 64 15
101 64 48
101 63 15
101 63 48
101 62 15
101 61 15
101 60 15
101 59 15
100 59 15
99 59 15
99 58 15
99 57 15
99 56 15
99 55 15
99 54 15
99 53 15
99 52 15
99 51 15
98 51 15
97 51 15
96 51 15
95 51 15
95 52 15
95 53 15
95 54 15
95 54 48
95 55 15
95 55 48
95 56 15
95 56 48
95 57 15
95 57 48
95 58 15
95 58 48
94 58 15
94 58 48
93 58 23
93 58 48
92 58 35
92 58 48
91 58 43
91 58 48
90 58 49
90 58 48
89 58 53
89 58 48
88 58 55
88 58 48
87 58 56
87 58 48
86 58 56
86 58 48
85 58 56
85 58 48
84 58 55
84 58 48
83 58 56
83 58 48
82 58 57
82 58 48
81 58 59
81 58 48
80 58 62
80 58 48
79 58 65
79 58 48
79 59 67
78 59 69
77 59 71
76 59 72
75 59 71
74 59 69
73 59 66
72 59 60
71 59 52
70 59 43
69 59 32
68 59 21
67 59 15
66 59 15
66 60 15
65 60 15
65 61 15
64 61 15
63 61 15
63 62 15
63 63 15
63 63 48
62 63 15
62 63 48
62 64 15
62 64 48
62 65 15
62 65 48
28 43 15
29 43 15
30 43 15
30 44 15
31 44 15
32 44 15
32 45 15
33 45 15
33 46 15
34 46 15
35 46 15
35 47 15
36 48 15
37 48 15
38 48 15
39 48 15
40 48 15
41 48 15
42 48 15
43 48 15
43 49 15
43 50 15
44 50 15
44 51 15
44 52 15
44 53 15
45 54 19
46 54 15
46 54 48
47 54 15
47 54 48
48 54 15
48 54 48
48 55 15
48 55 48
49 55 15
49 55 48
50 55 15
50 55 48
50 56 15
50 56 48
51 56 15
51 56 48
52 56 15
52 56 48
52 57 15
52 57 48
53 57 15
53 57 48
53 58 15
53 58 48
53 59 16
53 59 48
54 60 15
54 60 48
55 60 15
55 60 48
55 61 15
55 61 48
56 61 15
56 61 48
57 61 15
57 61 48
58 61 15
58 61 48
58 62 15
58 62 48
59 62 15
59 62 48
60 62 15
60 62 48
60 63 15
60 63 48
60 64 15
60 64 48
61 64 15
61 64 48
61 65 15
61 65 48
27 42 15
27 41 15
26 41 15
26 41 48
26 40 15
26 40 48
26 39 15
26 38 15
26 37 15
26 36 15
26 35 15
26 34 15
26 33 15
26 32 15
26 31 15
26 30 15
26 29 15
26 28 15
26 27 15
26 26 15
26 25 15
26 24 15
26 23 15
26 22 15
26 21 15
26 20 15
27 20 15
27 19 15
27 18 15
27 17 15
27 16 15
27 15 15
27 14 15
27 13 15
27 12 15
27 11 15
28 11 15
28 10 15
28 9 15
29 9 15
29 8 15
30 8 15
30 7 15
31 7 15
31 6 15
32 6 15
32 5 15
33 5 15
33 4 15
34 4 15
34 3 15
35 3 15
36 3 15
37 3 15
38 3 15
39 3 15
40 3 15
41 3 15
41 3 48
95 50 15
96 50 15
97 50 15
97 49 15
97 48 15
97 47 15
97 46 15
97 45 15
97 44 15
97 43 15
97 42 15
97 42 48
97 41 15
97 41 48
97 40 15
97 40 48
97 39 15
97 39 48
97 38 15
97 38 48
97 38 48
97 37 15
97 37 48
97 37 48
97 36 15
97 36 48
97 36 48
97 35 15
97 35 48
97 35 48
97 35 48
97 34 15
97 34 48
97 34 48
97 34 48
97 33 15
97 33 48
97 33 48
97 33 48
97 32 15
97 32 48
97 32 48
97 31 15
97 31 48
97 31 48
97 30 15
97 30 48
97 30 48
97 29 15
97 29 48
96 29 15
96 29 48
96 28 15
96 28 48
96 27 15
96 27 48
96 26 15
96 26 48
96 25 15
96 25 48
96 24 15
96 24 48
96 23 15
96 23 48
96 22 15
96 22 48
96 21 15
96 21 48
96 20 15
96 20 48
96 19 15
96 18 15
95 17 15
94 17 15
94 16 15
93 16 15
93 15 15
92 15 15
92 14 15
91 14 15
91 13 15
91 12 15
90 12 15
90 12 48
89 12 15
89 12 48
89 11 22
89 11 48
88 11 46
88 11 48
107 80 15
107 80 48
107 81 15
107 81 48
108 81 15
108 81 48
108 82 15
108 82 48
109 82 15
109 82 48
110 82 15
111 82 15
112 82 15
113 82 18
114 82 36
115 82 53
116 82 67
117 82 78
118 82 85
119 82 87
120 82 86
121 82 80
122 82 72
123 82 61
124 82 49
124 82 48
125 82 36
125 82 48
126 82 24
126 82 48
126 82 48
127 82 15
127 82 48
127 82 48
128 82 15
128 82 48
128 82 48
129 82 15
129 82 48
129 82 48
130 82 15
130 82 48
130 82 48
130 81 15
130 81 48
130 81 48
130 80 15
130 80 48
130 80 48
130 79 15
130 79 48
130 79 48
131 79 15
131 79 48
132 79 15
132 79 48
133 79 15
133 79 48
134 79 15
134 79 48
134 78 15
134 78 48
135 78 15
135 78 48
135 77 15
135 77 48
135 76 15
135 76 48
135 75 15
135 74 15
135 73 15
136 77 15
136 77 48
137 77 15
138 77 15
139 77 15
139 77 48
140 77 15
140 77 48
141 77 15
141 77 48
142 77 15
142 77 48
143 77 18
143 77 48
144 78 44
145 78 58
146 78 72
147 78 85
147 79 95
148 79 103
149 79 110
150 79 116
151 79 121
152 79 125
152 80 125
153 80 124
154 81 125
154 81 48
155 81 117
155 81 48
155 81 48
156 81 108
156 81 48
156 81 48
156 81 48
156 81 48
157 81 99
157 81 48
157 81 48
157 81 48
157 81 48
157 81 48
157 81 48
158 81 90
158 81 48
158 81 48
158 81 48
158 81 48
158 81 48
158 81 48
158 81 48
159 81 81
159 81 48
159 81 48
159 81 48
159 81 48
159 81 48
159 81 48
159 81 48
159 81 48
159 81 48
159 82 71
159 82 48
159 82 48
159 82 48
159 82 48
159 82 48
159 82 48
159 82 48
160 82 57
160 82 48
160 82 48
160 82 48
160 82 48
160 82 48
160 82 48
160 82 48
160 82 48
161 82 44
161 82 48
161 82 48
161 82 48
161 82 48
161 82 48
161 82 48
161 82 48
161 82 48
162 82 33
162 82 48
162 82 48
162 82 48
162 82 48
162 82 48
162 82 48
162 82 48
162 82 48
162 83 23
162 83 48
162 83 48
162 83 48
162 83 48
162 83 48
162 83 48
163 83 15
163 83 48
163 83 48
163 83 48
163 83 48
163 83 48
163 83 48
163 84 15
163 84 48
163 84 48
163 84 48
163 84 48
164 84 15
164 84 48
164 84 48
164 84 48
164 84 48
164 85 15
164 85 48
164 85 48
165 85 15
165 85 48
165 85 48
166 85 15
166 85 48
166 85 48
167 85 15
167 85 48
167 85 48
167 86 15
167 86 48
167 87 15
167 87 48
168 87 15
168 87 48
168 88 15
168 88 48
169 88 15
169 88 48
170 88 15
170 88 48
170 89 15
170 89 48
171 90 15
172 90 15
173 90 15
173 90 48
174 90 15
174 90 48
175 90 15
175 90 48
176 90 15
176 90 48
177 90 15
177 90 48
178 90 15
178 90 48
179 90 15
179 90 48
180 90 15
180 90 48
180 90 48
181 90 15
181 90 48
181 90 48
182 90 15
182 90 48
182 90 48
183 90 15
183 90 48
183 90 48
184 90 15
184 90 48
185 90 15
185 90 48
186 90 15
186 90 48
187 90 15
187 90 48
108 123 17
109 123 15
110 123 15
111 123 15
111 124 15
112 124 15
113 124 15
114 124 15
115 124 15
116 124 15
117 124 15
118 124 15
118 125 15
119 125 15
120 125 15
120 126 15
121 126 15
122 126 15
123 126 15
124 126 15
124 127 15
124 128 15
124 129 15
124 130 15
124 131 15
125 132 15
126 132 15
126 133 15
127 133 15
127 134 15
128 134 15
129 134 15
129 135 15
130 135 15
131 135 15
132 135 15
133 135 15
