198 95 202
64 22 202
119 1 202
157 199 202
20 83 202
15 148 202
92 82 202
113 171 202
73 17 202
73 28 202
82 22 202
110 6 202
119 12 202
110 17 202
110 17 192
110 17 192
110 17 192
83 77 202
92 71 202
101 76 202
29 88 202
29 88 192
29 77 202
29 77 192
29 77 192
29 77 192
29 77 192
29 77 192
19 94 202
10 88 202
11 78 202
28 99 202
28 99 192
28 99 192
28 99 192
28 99 192
6 143 202
6 154 202
0 148 202
122 177 202
113 182 202
104 177 202
148 193 202
148 193 192
148 193 192
148 193 192
198 84 202
188 90 202
188 90 192
188 90 192
188 90 192
188 90 192
188 90 192
157 188 202
157 188 192
157 188 192
167 193 202
167 193 192
167 193 192
101 66 202
101 66 192
101 66 192
101 66 192
101 66 192
0 159 202
16 137 202
25 143 202
64 33 202
55 27 202
55 27 192
55 27 192
82 11 202
82 11 192
82 11 192
82 11 192
82 11 192
129 6 202
198 73 202
198 63 202
189 68 202
189 68 192
189 68 192
121 188 202
121 188 192
130 182 202
139 188 202
139 188 192
139 188 192
139 188 192
139 188 192
139 188 192
104 165 202
104 165 192
189 58 202
189 58 192
189 58 192
189 58 192
129 17 202
139 12 202
139 12 192
102 87 202
111 82 202
82 66 202
82 66 192
6 165 202
0 170 202
0 170 192
0 170 192
0 170 192
0 170 192
15 159 202
25 154 202
0 137 202
0 137 192
6 132 202
6 132 192
1 83 202
1 72 202
131 171 202
122 165 202
113 160 202
74 71 202
74 71 192
74 71 192
74 71 192
74 71 192
74 71 192
15 170 202
15 170 192
15 170 192
15 170 192
15 170 192
15 170 192
122 154 202
122 154 192
131 160 202
55 38 202
55 38 192
55 38 192
55 38 192
55 38 192
55 38 192
73 38 202
82 33 202
91 28 202
100 23 202
100 23 192
91 17 202
91 17 192
91 17 192
198 53 202
198 53 192
111 93 202
121 87 202
121 87 192
121 87 192
11 67 202
11 67 192
1 61 202
11 55 202
1 50 202
10 44 202
167 182 202
167 182 192
167 182 192
167 182 192
167 182 192
167 182 192
167 182 192
167 182 192
176 199 202
176 199 192
176 199 192
176 199 192
176 199 192
176 199 192
176 199 192
176 199 192
1 39 202
140 165 202
140 165 192
10 33 202
1 28 202
100 12 202
198 107 202
10 22 202
102 98 202
92 93 202
83 88 202
93 104 202
93 104 192
83 99 202
83 99 192
82 44 202
82 44 192
91 39 202
100 33 202
82 55 202
82 55 192
82 55 192
82 55 192
82 55 192
189 79 202
189 79 192
189 79 192
189 79 192
189 79 192
189 79 192
189 79 192
198 118 202
198 118 192
198 118 192
198 118 192
198 118 192
198 118 192
198 118 192
198 118 192
188 101 202
188 101 192
188 112 202
188 112 192
188 112 192
188 112 192
188 112 192
188 112 192
188 112 192
103 188 202
112 193 202
112 193 192
112 193 192
94 182 202
94 171 202
94 171 192
94 171 192
94 171 192
94 171 192
94 171 192
94 193 202
85 188 202
148 182 202
148 182 192
148 182 192
148 182 192
148 182 192
148 182 192
148 182 192
148 182 192
148 182 192
140 177 210
140 177 192
140 177 192
140 177 192
140 177 192
35 148 202
35 148 192
35 148 192
35 148 192
35 148 192
35 148 192
35 148 192
198 42 202
189 48 202
189 48 192
189 48 192
189 48 192
189 48 192
189 48 192
198 32 202
189 37 202
189 27 202
189 27 192
189 27 192
189 27 192
189 27 192
26 132 202
26 132 192
26 132 192
26 132 192
26 132 192
26 132 192
26 132 192
0 17 202
10 11 202
0 6 202
0 6 192
0 6 192
0 6 192
0 6 192
111 71 202
111 71 192
111 71 192
111 71 192
111 71 192
111 71 192
74 93 202
74 93 192
74 93 192
74 93 192
25 165 202
25 165 192
25 165 192
25 165 192
100 1 202
0 126 202
0 126 192
0 126 192
0 126 192
0 126 192
0 126 192
0 126 192
19 17 202
19 17 192
19 28 202
19 28 192
20 39 202
20 39 192
20 39 192
20 39 192
20 39 192
20 39 192
112 104 202
103 110 202
103 110 192
103 110 192
103 110 192
103 110 192
121 98 202
122 109 202
122 109 192
91 6 202
91 6 192
28 22 202
28 22 192
28 22 192
28 22 192
28 22 192
28 22 192
131 103 202
131 103 192
131 103 192
131 103 192
131 103 192
131 103 192
131 103 192
19 5 202
19 5 192
19 5 192
19 5 192
19 5 192
19 5 192
19 5 192
74 82 202
85 199 202
75 193 202
92 60 202
92 60 192
92 60 192
92 60 192
92 60 192
92 60 192
139 23 202
139 23 192
139 23 192
139 23 192
139 23 192
139 23 192
179 63 202
179 63 192
179 63 192
179 63 192
179 63 192
179 63 192
179 63 192
179 63 192
179 63 192
10 99 202
0 94 202
0 105 202
0 105 192
0 105 192
110 28 202
110 28 192
110 28 192
110 28 192
110 28 192
110 28 192
110 28 192
101 44 202
91 49 202
91 49 192
91 49 192
91 49 192
91 49 192
189 27 192
179 32 202
179 32 192
169 27 202
169 27 192
169 27 192
169 38 202
179 43 202
169 48 202
169 48 192
159 43 202
159 43 192
159 43 192
159 33 202
159 22 202
159 22 192
149 17 202
149 17 192
149 17 192
149 17 192
7 121 202
7 121 192
7 121 192
7 121 192
7 121 192
7 121 192
7 121 192
8 110 202
8 110 192
8 110 192
8 110 192
104 154 202
104 154 192
104 154 192
104 154 192
104 154 192
104 154 192
104 154 192
141 154 202
141 154 192
141 154 192
141 154 192
141 154 192
141 154 192
141 154 192
103 199 202
103 199 192
103 199 192
103 199 192
103 199 192
66 199 202
66 199 192
66 187 202
66 187 192
66 187 192
66 187 192
66 187 192
66 187 192
66 187 192
130 193 202
121 199 202
121 199 192
139 199 202
149 171 202
149 171 192
149 171 192
149 171 192
149 171 192
149 171 192
149 171 192
149 171 192
139 188 192
139 188 192
122 143 202
122 143 192
122 132 202
122 121 202
18 105 202
18 105 192
18 105 192
17 115 202
17 115 192
17 115 192
17 115 192
17 115 192
17 115 192
17 115 192
17 115 192
9 0 202
0 116 400
0 116 192
0 116 192
0 116 192
0 116 192
0 116 192
0 116 192
20 72 335
20 72 192
20 72 192
20 72 192
20 72 192
20 61 202
20 61 192
20 61 192
20 61 192
20 50 215
29 55 202
29 55 192
38 50 202
29 44 202
29 44 192
38 39 202
46 33 202
46 33 192
46 33 192
46 33 192
46 33 192
46 33 192
46 33 192
28 33 512
28 33 192
28 33 192
28 33 192
28 33 192
28 33 192
28 33 192
47 44 411
47 44 192
47 55 202
56 60 202
56 60 192
56 60 192
56 49 202
64 44 202
113 170 22
113 169 15
113 168 15
113 167 15
113 166 15
114 166 15
115 166 15
115 165 15
116 165 15
117 165 36
118 165 62
119 165 85
120 165 104
121 165 118
122 133 135
122 134 147
122 135 162
122 136 178
122 137 197
122 138 219
122 139 242
122 140 268
122 141 295
122 142 322
122 144 372
122 145 393
122 146 409
122 146 192
122 147 419
122 147 192
122 148 421
122 148 192
122 149 416
122 149 192
122 150 403
122 150 192
122 150 192
122 151 381
122 151 192
122 151 192
122 152 352
122 152 192
122 153 318
122 153 192
122 155 239
122 156 199
122 157 162
122 158 130
122 159 104
122 160 87
122 161 79
122 162 79
122 163 88
122 164 104
122 131 116
122 130 109
122 129 104
122 128 101
122 127 101
122 126 102
122 125 106
122 124 113
122 123 123
122 122 136
121 121 149
121 120 164
120 120 177
120 119 190
120 118 203
120 117 215
120 116 226
120 115 235
120 114 240
120 113 243
119 113 240
119 112 232
119 111 221
119 110 206
119 110 192
119 109 189
119 109 192
119 108 169
119 108 192
119 107 148
119 107 192
119 106 127
119 106 192
118 106 106
118 106 192
118 105 83
118 105 192
118 104 62
118 104 192
118 103 45
118 103 192
117 103 31
117 103 192
117 102 17
117 102 192
117 101 15
117 101 192
117 100 15
117 100 192
116 100 15
116 100 192
115 100 15
115 100 192
115 99 15
115 99 192
115 98 15
115 98 192
115 97 15
115 97 192
115 96 17
115 96 192
114 96 23
114 96 192
114 95 29
114 95 192
114 94 35
114 93 40
113 93 44
112 93 53
111 92 60
111 91 52
111 90 43
111 89 35
111 88 29
110 88 26
110 87 19
109 87 16
109 86 15
108 86 15
108 85 15
107 85 15
107 84 15
106 84 15
106 83 15
106 83 192
105 83 15
105 83 192
105 82 15
105 82 192
104 82 15
104 82 192
103 82 15
103 82 192
103 81 15
103 81 192
102 81 15
101 81 15
101 80 15
100 80 15
99 80 15
99 79 15
98 79 16
97 79 23
97 78 24
96 78 28
96 77 30
95 77 31
95 76 34
94 76 32
93 76 31
93 75 29
92 75 24
92 74 24
92 73 33
92 72 52
92 39 29
92 39 192
93 39 15
93 39 192
94 39 15
94 39 192
95 39 15
95 39 192
95 40 15
95 40 192
96 40 15
96 40 192
96 41 15
96 41 192
96 42 50
96 43 107
96 44 174
96 45 253
96 46 340
96 47 435
96 48 534
96 49 634
96 50 733
96 51 827
96 52 912
96 53 985
96 54 1044
96 55 1087
96 56 1113
96 57 1120
96 58 1109
96 59 1080
96 59 192
96 60 1037
96 60 192
96 61 979
96 61 192
96 62 910
96 63 833
96 64 750
96 65 664
96 66 578
96 67 494
96 68 414
96 69 339
96 70 271
96 71 211
95 71 172
94 71 139
93 71 109
91 38 28
91 38 192
92 38 15
92 38 192
93 38 15
93 38 192
94 38 15
94 38 192
95 38 15
95 38 192
96 38 15
96 38 192
96 37 15
96 37 192
96 36 15
96 36 192
96 35 15
96 35 192
96 34 15
96 34 192
96 33 15
96 33 192
96 32 15
96 32 192
96 31 18
96 31 192
96 30 42
96 29 67
96 28 92
96 27 119
97 27 145
97 26 169
97 25 192
97 24 214
97 23 234
97 22 251
97 21 265
97 20 275
97 19 280
97 19 192
97 18 280
97 17 275
97 16 263
97 15 246
97 14 223
97 13 195
97 12 165
97 11 132
97 10 100
97 9 70
98 9 43
98 8 18
99 8 15
100 8 15
101 8 15
102 8 15
102 7 15
102 6 15
103 6 16
104 6 34
105 6 53
106 6 70
107 6 84
108 6 94
109 6 99
111 6 94
112 6 84
113 6 69
114 6 51
115 6 31
116 6 15
116 6 192
117 6 15
117 6 192
118 6 15
118 6 192
118 5 15
118 5 192
119 5 15
119 5 192
119 4 15
119 3 46
119 2 96
168 38 81
167 38 101
167 37 116
166 37 129
166 36 140
165 36 145
164 36 150
164 35 148
164 34 148
163 34 141
163 33 137
162 33 129
161 33 128
160 33 135
160 33 192
159 32 134
159 32 192
159 31 120
159 31 192
159 30 112
159 30 192
159 29 111
159 29 192
159 28 117
159 28 192
159 27 131
159 27 192
159 26 154
159 26 192
159 25 185
159 25 192
159 24 224
159 24 192
159 23 271
159 23 192
158 22 324
158 22 192
157 22 334
157 22 192
156 22 354
156 22 192
155 22 386
155 22 192
154 22 426
154 21 461
154 20 501
153 20 533
153 19 569
152 19 597
151 19 626
151 18 649
150 18 668
150 18 192
150 17 686
148 17 698
148 17 192
148 17 192
147 17 699
147 17 192
147 17 192
147 17 192
147 16 693
147 16 192
147 16 192
146 16 679
146 16 192
146 16 192
146 16 192
145 16 660
145 16 192
145 16 192
145 16 192
145 16 192
145 16 192
144 16 634
144 16 192
144 16 192
144 16 192
144 16 192
144 16 192
143 16 602
143 16 192
143 16 192
143 16 192
143 16 192
143 16 192
143 16 192
142 16 565
142 16 192
142 16 192
142 16 192
142 16 192
142 16 192
141 16 523
141 16 192
141 16 192
141 16 192
141 16 192
140 16 476
140 16 192
140 16 192
140 16 192
140 16 192
139 16 426
139 16 192
139 16 192
139 16 192
138 16 374
138 16 192
138 16 192
137 16 322
137 16 192
137 16 192
137 15 269
137 15 192
136 15 215
136 15 192
135 15 165
135 15 192
134 15 119
134 15 192
134 14 78
134 14 192
133 14 36
133 14 192
132 14 15
132 14 192
131 14 15
131 14 192
131 13 15
131 13 192
131 12 15
131 12 192
130 12 15
130 12 192
129 12 15
129 12 192
128 12 15
128 12 192
127 12 15
127 12 192
126 12 15
126 12 192
125 12 15
125 12 192
124 12 15
124 12 192
123 12 15
123 12 192
123 11 15
123 11 192
122 11 15
122 11 192
122 10 15
122 10 192
121 10 15
121 10 192
121 9 15
121 9 192
120 9 15
120 9 192
119 9 15
119 9 192
119 8 15
119 8 192
119 7 15
119 7 192
119 6 15
119 6 192
170 38 38
171 38 16
171 38 192
172 38 15
172 38 192
173 38 15
173 38 192
174 38 15
174 38 192
175 38 15
175 38 192
176 38 15
176 38 192
177 38 15
177 38 192
178 38 15
178 38 192
179 38 15
179 38 192
180 38 15
180 38 192
180 37 15
180 37 192
181 37 36
181 37 192
182 37 60
182 37 192
182 37 192
183 37 85
183 37 192
183 37 192
184 37 108
184 37 192
185 37 129
185 37 192
186 37 144
186 37 192
187 37 152
187 37 192
188 37 153
188 37 192
190 37 130
190 37 192
191 37 108
191 37 192
192 37 81
192 37 192
193 37 51
193 37 192
194 37 21
194 37 192
195 37 15
195 37 192
196 37 15
196 37 192
196 38 15
196 38 192
197 38 15
197 38 192
197 39 15
197 39 192
198 39 15
198 39 192
198 40 33
198 40 192
198 41 80
198 43 186
198 44 239
198 45 288
198 46 331
198 47 364
198 48 388
198 49 402
198 50 405
198 51 398
198 52 382
198 54 329
198 55 297
198 56 262
198 57 226
198 58 193
198 59 162
197 59 131
197 60 96
197 60 192
197 61 66
197 61 192
196 61 41
196 61 192
196 62 15
196 62 192
196 63 15
196 63 192
196 64 15
196 64 192
196 65 15
196 65 192
196 66 15
196 66 192
196 67 15
196 67 192
196 68 15
196 68 192
197 68 30
197 69 45
197 70 63
197 71 83
198 71 97
198 72 105
198 74 118
199 74 113
199 75 105
199 76 96
199 76 192
199 77 89
199 77 192
199 78 83
199 78 192
199 79 81
199 79 192
199 80 81
199 80 192
199 81 86
199 81 192
199 82 94
199 82 192
199 83 106
199 84 122
199 85 139
199 86 156
199 87 172
199 88 185
199 89 193
199 90 195
199 91 188
199 92 172
199 93 147
199 94 114
199 95 73
91 37 15
91 37 192
90 37 33
90 37 192
89 37 52
89 37 192
88 37 67
88 37 192
87 37 80
87 37 192
86 37 90
86 37 192
85 37 97
85 37 192
84 37 103
83 37 107
82 37 110
81 37 112
80 37 113
79 37 112
78 37 109
77 37 103
76 37 95
75 37 85
74 37 73
73 37 60
39 50 15
39 50 192
40 50 15
40 50 192
40 49 15
40 49 192
41 49 15
41 49 192
42 49 15
42 49 192
43 49 15
43 49 192
44 49 15
44 49 192
44 50 28
44 50 192
45 50 34
45 50 192
46 50 39
46 50 192
46 51 40
46 51 192
47 51 28
47 51 192
48 51 17
48 51 192
49 51 15
49 51 192
50 51 15
50 51 192
51 51 15
51 51 192
52 51 15
52 51 192
53 51 15
53 51 192
54 51 15
54 51 192
55 51 15
55 51 192
56 51 15
56 51 192
57 51 15
57 51 192
57 51 192
58 51 15
58 51 192
58 51 192
59 51 15
59 51 192
59 51 192
60 51 24
60 51 192
60 51 192
60 50 44
60 50 192
61 50 53
61 50 192
62 50 68
62 50 192
62 49 77
62 49 192
63 49 84
63 49 192
63 48 93
63 48 192
64 48 92
64 48 192
64 47 98
64 47 192
65 47 91
65 46 94
66 46 83
66 45 81
67 45 70
67 44 63
68 44 54
68 43 45
69 43 39
69 43 192
69 42 30
69 42 192
69 41 29
69 41 192
70 41 22
70 41 192
70 40 22
70 40 192
71 40 23
71 40 192
71 39 26
72 39 33
72 38 39
37 50 15
37 50 192
36 50 15
36 50 192
35 50 15
35 50 192
34 50 15
34 50 192
33 50 15
33 50 192
32 50 15
32 50 192
31 50 15
31 50 192
30 50 15
30 50 192
29 50 15
29 50 192
28 50 19
28 50 192
28 51 28
28 51 192
27 51 34
27 51 192
26 51 44
26 51 192
26 52 51
26 52 192
25 52 53
25 52 192
24 52 59
24 52 192
23 52 68
23 52 192
22 52 79
22 52 192
21 52 91
20 52 101
19 52 109
18 52 114
17 52 114
16 52 109
15 52 99
14 52 85
13 52 68
12 52 47
11 52 26
10 52 15
10 52 192
9 52 15
9 52 192
9 53 15
9 53 192
8 53 15
7 53 15
7 54 15
6 54 15
5 54 15
5 55 28
5 56 44
5 57 59
5 58 72
5 59 83
5 60 90
5 61 95
5 62 96
5 63 96
5 64 93
5 65 88
5 66 82
5 67 75
5 68 68
5 69 61
5 70 54
5 70 192
5 71 48
5 71 192
5 72 42
5 72 192
5 73 37
5 73 192
5 74 34
5 74 192
5 75 31
5 75 192
5 76 30
5 76 192
6 76 29
6 76 192
6 77 28
6 77 192
6 78 28
6 78 192
6 79 30
6 79 192
7 79 32
7 79 192
7 80 35
7 80 192
8 80 39
8 81 43
9 81 48
9 82 51
10 82 54
11 82 58
11 83 57
12 83 55
13 83 53
13 84 46
14 84 37
14 85 29
15 85 15
16 85 15
17 85 15
18 85 15
19 85 15
19 85 192
20 85 15
20 85 192
20 84 62
7 120 1387
7 120 192
7 119 1414
7 119 192
7 119 192
7 118 1419
7 118 192
7 118 192
7 118 192
7 117 1400
7 117 192
7 117 192
7 117 192
7 117 192
7 116 1359
7 116 192
7 116 192
7 116 192
7 116 192
7 115 1295
7 115 192
7 115 192
7 115 192
7 115 192
7 114 1211
7 114 192
7 114 192
7 114 192
7 114 192
7 113 1111
7 113 192
7 113 192
7 113 192
7 113 192
7 112 997
7 112 192
7 112 192
7 112 192
7 111 875
7 111 192
7 111 192
7 110 749
7 110 192
8 109 596
8 108 477
8 107 368
8 106 272
8 105 192
8 104 130
8 103 84
8 102 55
8 101 41
9 101 35
9 101 192
10 101 33
10 101 192
10 100 33
10 100 192
11 99 45
12 99 50
13 99 61
13 98 69
13 97 79
14 97 86
14 96 90
14 95 92
15 95 91
15 94 83
15 93 73
15 92 61
16 92 44
16 91 26
16 90 15
16 89 15
16 88 15
17 88 15
18 88 15
19 88 15
20 88 15
20 88 192
20 87 15
20 87 192
20 86 15
20 86 192
7 122 1271
7 123 1189
7 124 1094
7 125 991
7 126 882
7 127 772
7 128 662
7 129 556
7 130 457
7 131 365
7 132 284
7 133 213
7 134 154
7 135 107
7 136 72
7 137 49
7 138 38
8 138 28
9 138 21
10 138 17
10 139 15
11 139 15
11 140 15
12 140 15
12 140 192
13 140 15
13 140 192
14 140 15
14 140 192
14 141 15
14 141 192
15 141 15
15 141 192
16 141 15
16 141 192
16 142 15
16 142 192
16 143 15
16 143 192
16 144 15
16 145 15
16 146 15
16 147 15
16 148 15
71 38 33
70 38 34
70 37 43
70 36 51
70 35 56
70 34 59
70 33 58
69 33 53
69 32 44
69 31 32
69 30 19
69 29 15
68 29 15
68 28 15
68 27 15
67 27 15
67 26 15
67 25 15
67 24 15
67 23 15
66 23 15
65 23 15
64 23 15
92 76 31
92 77 43
92 78 59
92 79 78
92 80 98
92 81 118
138 199 139
137 199 93
136 199 50
135 199 15
135 199 192
134 199 15
134 199 192
133 199 15
133 198 15
133 198 192
132 198 15
132 198 192
132 197 15
132 197 192
131 197 15
131 197 192
130 197 15
130 197 192
129 197 15
129 197 192
129 196 15
129 196 192
128 196 15
128 196 192
127 196 19
127 196 192
127 195 42
127 195 192
126 195 62
126 195 192
126 194 82
126 194 192
126 193 102
126 193 192
126 192 120
126 192 192
126 191 134
126 191 192
126 190 143
126 190 192
126 189 145
126 189 192
126 188 141
126 188 192
126 187 132
126 187 192
126 186 118
126 185 102
126 184 85
126 183 70
126 182 58
126 181 51
126 180 50
126 179 54
127 179 58
127 178 63
127 177 71
128 177 73
128 176 78
129 176 81
129 175 80
129 174 78
130 174 73
130 173 62
130 172 51
131 172 38
131 172 192
131 170 15
131 170 192
131 169 15
131 169 192
130 169 15
130 169 192
130 168 15
130 168 192
130 167 15
130 167 192
130 166 15
130 166 192
130 165 15
130 165 192
129 165 15
129 165 192
128 165 31
127 165 58
126 165 82
125 165 102
124 165 116
123 165 124
140 199 226
141 199 265
142 199 297
143 199 322
144 199 339
145 199 348
146 199 349
147 199 341
148 199 327
149 199 306
150 199 281
151 199 253
152 199 223
153 199 194
154 199 167
155 199 144
156 199 126
