102 123 394
42 89 394
158 28 394
137 118 394
153 187 394
118 198 394
59 115 394
5 95 394
199 15 394
86 67 394
35 94 394
46 99 394
56 105 394
49 110 394
12 90 394
20 95 394
14 100 394
26 89 394
33 84 394
17 84 394
24 79 394
29 100 394
38 105 394
23 105 394
32 110 394
41 115 394
51 120 394
54 94 394
150 33 394
149 22 394
158 18 394
94 117 394
93 128 394
119 188 394
108 192 394
152 197 394
141 191 394
141 199 394
130 195 394
84 122 394
199 25 394
189 18 394
147 124 394
147 112 394
188 29 394
137 106 394
76 116 394
66 110 394
168 25 394
178 22 394
147 100 394
147 100 384
147 100 384
130 185 394
158 118 394
157 130 394
168 15 394
168 123 394
168 123 384
142 180 394
178 32 394
146 135 394
135 130 394
109 182 394
119 178 394
131 174 394
134 141 394
169 36 394
159 40 394
145 147 394
156 141 394
143 170 394
144 158 394
178 11 394
189 8 394
151 45 394
151 45 384
151 45 384
169 46 394
179 43 394
189 39 394
199 36 394
68 121 394
76 127 394
199 4 394
132 163 394
133 152 394
161 51 394
60 126 394
60 126 384
140 27 394
65 100 394
84 133 394
75 105 394
85 111 394
140 16 394
140 16 384
149 12 394
158 8 394
168 4 394
159 0 394
149 1 394
179 1 394
120 168 394
109 172 394
68 131 394
68 131 384
76 137 394
154 176 394
155 165 394
156 153 394
121 157 394
110 161 394
139 6 394
139 6 384
140 0 394
122 146 394
123 135 394
102 134 394
112 140 394
199 46 394
189 50 394
180 53 394
171 58 394
162 63 394
162 63 384
162 63 384
199 56 394
190 60 394
181 65 394
172 70 394
172 70 384
172 70 384
172 70 384
191 71 394
199 67 394
199 77 394
192 82 394
182 76 394
182 76 384
199 88 394
193 94 394
184 88 394
184 88 384
184 88 384
199 100 394
194 105 394
194 105 384
194 105 384
141 39 394
132 33 394
134 45 394
134 45 384
131 22 394
123 28 394
124 40 394
115 35 394
114 24 394
122 17 394
131 11 394
131 11 384
113 129 394
114 13 394
114 13 384
122 7 394
122 7 384
122 7 384
110 151 394
106 31 394
105 19 394
96 26 394
96 15 394
124 124 394
104 8 394
104 8 384
104 8 384
92 139 394
101 145 394
84 143 394
84 143 384
130 1 394
130 1 384
130 1 384
86 21 394
86 21 384
86 21 384
100 155 394
91 149 394
116 47 394
106 42 394
97 38 394
97 49 394
86 56 394
97 61 394
107 54 394
125 52 394
125 52 384
125 52 384
86 44 394
86 33 394
99 166 394
91 160 394
91 160 384
99 176 394
99 186 394
96 72 394
107 66 394
117 59 394
114 118 394
125 112 394
104 112 394
94 106 394
85 100 394
74 95 394
85 78 394
85 89 394
86 68 263
86 69 259
86 70 256
86 71 254
86 72 253
86 73 253
86 74 255
86 75 257
86 76 261
86 77 266
86 78 272
85 79 298
85 80 300
85 81 301
85 82 303
85 83 304
85 84 304
85 85 304
85 86 303
85 87 301
85 88 299
85 90 292
85 91 287
85 92 282
85 93 277
85 94 271
85 95 265
85 96 260
85 97 254
85 98 248
85 99 243
85 101 234
85 102 230
85 103 227
85 104 225
85 105 224
85 106 224
85 107 225
85 108 227
85 109 229
85 110 232
86 111 231
87 111 225
88 111 219
89 111 213
90 111 208
91 111 203
92 111 200
92 112 199
93 112 195
94 112 194
94 113 192
94 114 194
94 115 198
94 116 204
95 117 206
96 117 201
97 117 197
98 117 195
99 117 194
100 117 194
101 117 196
101 118 198
102 118 200
102 119 204
102 120 209
102 121 216
102 122 223
136 118 213
135 118 212
134 118 210
133 118 209
132 118 207
131 118 207
130 118 206
129 118 207
128 118 208
127 118 210
126 118 213
125 118 217
124 118 222
123 118 227
122 118 232
121 118 237
120 118 243
119 118 248
118 118 252
117 118 255
116 118 258
115 118 259
114 119 246
113 119 245
112 119 242
111 119 239
110 119 235
109 119 231
108 119 226
107 119 221
106 119 216
105 119 212
104 119 208
103 119 205
146 134 247
146 133 250
146 132 254
146 131 256
146 130 259
146 129 260
146 128 260
146 127 259
146 126 256
146 125 253
146 124 248
146 123 242
146 122 235
146 121 228
146 120 221
146 119 215
146 118 210
145 118 212
144 118 214
143 118 215
142 118 216
141 118 217
140 118 217
139 118 217
138 118 216
147 135 235
148 135 228
149 135 221
149 136 218
149 137 214
149 138 211
149 139 207
149 140 203
149 141 199
149 142 196
149 143 193
149 144 190
149 145 188
149 146 186
149 147 184
149 148 182
149 149 181
149 150 180
149 151 180
149 152 179
149 153 179
149 154 179
149 155 179
149 156 179
149 157 179
149 158 179
149 159 179
149 160 179
149 161 178
149 162 177
149 163 176
149 164 174
149 165 173
149 166 171
149 167 170
149 168 169
149 169 168
149 170 167
149 171 167
149 172 168
149 173 170
149 174 172
149 175 174
149 176 177
149 177 180
149 178 183
149 179 185
149 180 186
149 181 187
149 182 185
149 183 182
149 184 177
149 185 170
149 186 162
149 187 153
150 187 168
151 187 192
152 187 225
118 197 288
118 196 247
118 195 215
118 194 192
118 193 178
118 192 171
119 192 169
120 192 169
121 192 171
122 192 174
123 192 178
124 192 184
125 192 191
126 192 199
127 192 207
128 192 215
129 192 222
130 192 229
131 192 235
132 192 239
133 192 241
134 192 241
135 192 238
136 192 232
137 192 224
138 192 213
139 192 200
140 192 185
141 192 169
142 191 159
143 191 143
144 191 129
145 191 117
146 191 110
147 191 107
148 191 111
148 190 117
148 189 126
149 189 135
149 188 144
84 111 241
83 111 246
82 111 249
81 111 252
80 111 253
79 111 254
78 111 254
77 111 253
76 111 251
75 111 249
74 111 247
73 111 245
72 111 243
71 111 241
70 111 239
69 111 237
68 111 235
67 111 234
66 111 233
65 111 232
64 111 231
63 111 230
62 111 228
61 111 226
61 112 224
60 112 221
59 112 218
59 113 216
59 114 215
58 115 213
57 115 208
56 115 203
55 115 198
54 115 194
53 115 191
53 114 188
52 114 185
51 114 184
50 114 183
50 113 184
49 113 184
49 112 188
49 111 195
48 110 202
47 110 202
46 110 201
46 109 209
46 108 218
46 107 226
46 106 233
46 105 238
46 104 240
46 103 240
46 102 237
46 101 233
46 100 227
46 98 215
46 97 211
46 96 211
45 96 210
44 96 210
44 95 210
43 95 210
42 95 210
42 94 211
42 93 216
42 92 227
42 91 243
42 90 266
6 95 313
7 95 265
8 95 226
9 95 194
10 95 170
11 95 153
12 95 143
13 95 138
13 94 136
14 94 135
14 93 139
15 93 141
16 93 146
16 92 149
17 92 155
17 91 159
18 91 163
18 90 165
19 90 167
19 89 168
20 89 167
21 89 168
22 89 170
23 89 172
24 89 175
25 89 178
27 89 185
28 89 189
29 89 192
30 89 196
31 89 200
32 89 204
33 89 209
34 89 214
35 89 220
36 89 227
37 89 235
38 89 244
39 89 255
40 89 267
41 89 281
198 15 220
197 15 193
196 15 176
195 15 167
194 15 166
194 16 172
194 17 178
194 18 183
194 19 186
194 20 189
194 21 190
194 22 190
194 23 190
194 24 189
194 25 187
193 25 188
192 25 193
191 25 201
190 25 212
189 25 223
188 25 235
187 25 245
186 25 254
185 25 260
184 25 264
183 25 267
182 25 267
181 25 265
180 25 262
179 25 259
178 25 254
177 25 251
176 25 247
175 25 244
174 25 242
173 25 241
172 25 241
171 25 241
170 25 243
169 25 244
168 26 243
168 27 240
168 28 238
167 28 238
166 28 238
165 28 238
164 28 237
163 28 235
162 28 233
161 28 231
160 28 228
159 28 224
