47 197 106
14 54 106
158 181 106
198 106 106
94 138 106
119 70 106
192 7 106
199 12 106
192 18 106
23 49 106
14 43 106
38 192 106
47 186 106
149 186 106
149 175 106
56 192 106
56 192 96
23 38 106
23 38 96
158 192 106
158 199 106
158 199 96
158 199 96
149 197 106
149 197 96
149 197 96
149 197 96
149 197 96
149 197 96
149 197 96
149 197 96
149 197 96
168 197 106
38 181 106
32 43 106
4 49 106
28 186 106
168 186 106
139 180 106
199 23 106
28 175 106
4 60 106
19 181 106
19 170 106
199 1 106
191 29 106
199 34 106
199 34 96
199 34 96
199 34 96
199 34 96
199 34 96
199 34 96
199 34 96
199 34 96
32 54 106
41 49 106
182 23 106
181 34 106
41 60 106
50 55 106
9 176 106
9 165 106
9 165 96
9 165 96
177 191 106
178 199 106
187 196 106
187 196 96
187 196 96
187 196 96
187 196 96
50 66 106
50 66 96
58 61 106
58 61 96
0 171 106
0 171 96
110 75 106
110 64 106
101 70 106
140 169 106
130 174 106
130 174 96
130 174 96
23 60 106
14 65 106
32 65 106
32 65 96
23 71 106
23 71 96
23 71 96
130 163 106
0 182 106
0 182 96
9 187 106
9 187 96
9 187 96
9 187 96
9 187 96
9 187 96
9 187 96
9 187 96
9 187 96
121 168 106
121 168 96
121 168 96
121 168 96
121 168 96
121 168 96
121 168 96
121 168 96
121 168 96
121 168 96
121 168 96
140 157 106
131 151 106
103 133 106
94 127 106
85 132 106
85 132 96
85 132 96
85 132 96
85 132 96
85 132 96
85 132 96
85 132 96
85 132 96
85 132 96
85 132 96
103 122 106
41 71 106
41 71 96
32 77 106
32 77 96
32 77 96
32 77 96
32 77 96
32 77 96
32 77 96
32 77 96
32 77 96
58 50 106
50 44 106
50 44 96
50 44 96
50 44 96
50 44 96
50 44 96
67 56 106
103 144 106
103 144 96
94 149 106
94 149 96
94 149 96
93 117 106
93 117 96
93 117 96
93 117 96
93 117 96
57 181 106
47 175 106
47 175 96
47 175 96
47 175 96
47 175 96
47 175 96
47 175 96
47 175 96
47 175 96
66 186 106
66 186 96
66 186 96
66 186 96
66 186 96
66 175 106
177 180 106
177 180 96
177 180 96
177 180 96
177 180 96
177 180 96
177 180 96
177 180 96
177 180 96
177 180 96
177 180 96
177 180 96
140 145 106
149 151 106
149 163 106
158 157 106
158 169 106
158 169 96
67 45 106
67 45 96
67 45 96
67 45 96
67 45 96
67 45 96
67 45 96
182 13 106
182 1 106
182 1 96
182 1 96
182 1 96
182 1 96
182 1 96
182 1 96
75 170 106
75 181 106
85 176 106
85 165 106
85 165 96
85 165 96
85 165 96
85 165 96
131 139 106
131 139 96
131 139 96
131 139 96
131 139 96
172 18 106
172 7 106
172 7 96
171 29 106
85 187 106
94 182 106
94 193 106
103 189 106
103 199 106
103 199 96
112 195 106
112 195 96
49 77 106
49 77 96
58 72 106
58 72 96
58 72 96
58 72 96
58 72 96
58 72 96
58 72 96
149 139 106
149 139 96
149 139 96
149 139 96
149 139 96
149 139 96
140 134 106
171 40 106
171 40 96
41 38 106
41 38 96
41 38 96
41 38 96
32 32 106
94 171 106
94 160 106
94 160 96
94 160 96
94 160 96
94 160 96
94 160 96
94 160 96
94 160 96
103 177 106
85 198 106
112 184 106
121 190 106
130 186 106
101 59 106
101 59 96
101 59 96
101 59 96
101 59 96
4 38 106
13 32 106
13 32 96
13 32 96
13 32 96
13 32 96
22 27 106
22 27 96
22 27 96
22 27 96
22 27 96
92 64 106
92 64 96
92 64 96
92 64 96
92 64 96
92 64 96
92 64 96
92 64 96
92 64 96
92 64 96
92 64 96
92 64 96
161 35 106
161 35 96
162 24 106
162 24 96
162 13 106
4 71 106
4 71 96
13 76 106
119 81 106
129 75 106
129 85 106
31 21 106
41 27 106
40 16 106
49 22 106
49 11 106
49 11 96
58 17 106
101 81 106
101 81 96
101 81 96
101 81 96
101 81 96
101 81 96
101 81 96
101 81 96
101 81 96
101 81 96
101 81 96
58 6 106
67 11 106
102 112 106
102 112 96
102 112 96
102 112 96
102 112 96
102 112 96
102 112 96
102 112 96
102 112 96
152 18 106
152 18 96
152 18 96
152 18 96
152 18 96
152 18 96
152 18 96
67 0 106
67 0 96
67 0 96
67 0 96
67 0 96
67 0 96
67 0 96
198 95 106
188 101 106
188 90 106
179 96 106
179 96 96
179 96 96
179 86 106
179 86 96
179 86 96
179 86 96
179 86 96
179 86 96
179 86 96
50 33 106
58 28 106
58 39 106
67 23 106
67 34 106
76 29 106
76 17 106
85 23 106
151 30 106
150 41 106
141 36 106
160 46 106
160 46 96
160 46 96
160 46 96
160 46 96
160 46 96
160 46 96
160 46 96
160 46 96
160 46 96
160 46 96
140 47 106
180 45 106
180 45 96
180 45 96
180 45 96
180 45 96
180 45 96
180 45 96
180 45 96
180 45 96
180 45 96
180 45 96
180 45 96
85 12 106
85 12 96
85 12 96
85 12 96
85 12 96
85 12 96
76 6 106
76 6 96
76 6 96
76 6 96
121 179 106
121 179 96
121 179 96
121 179 96
121 179 96
121 179 96
121 179 96
121 179 96
121 179 96
129 64 106
130 53 106
120 59 106
110 53 106
120 47 106
130 42 106
111 42 106
111 42 96
111 42 96
121 36 106
121 36 96
121 36 96
121 36 96
121 36 96
121 36 96
121 36 96
121 36 96
121 36 96
121 36 96
101 47 106
102 36 106
93 29 106
75 192 106
75 192 96
75 192 96
121 199 106
130 197 106
139 192 106
139 192 96
139 192 96
139 192 96
139 192 96
139 192 96
76 159 106
76 159 96
76 159 96
66 164 106
85 154 106
85 154 96
85 154 96
85 154 96
85 154 96
85 154 96
85 154 96
95 138 15
95 139 15
95 140 15
95 141 15
94 141 15
94 141 96
94 142 15
94 142 96
94 143 15
94 143 96
94 144 15
94 144 96
94 145 15
94 145 96
94 146 35
94 146 96
94 147 96
94 147 96
94 148 173
94 148 96
85 153 627
85 152 618
86 152 606
86 151 588
87 151 563
87 150 539
88 150 500
89 150 465
89 149 422
90 149 376
91 149 337
92 149 305
93 149 281
84 154 626
83 154 614
82 154 603
82 155 582
81 155 562
81 156 533
80 156 506
80 157 471
80 157 96
79 157 439
79 158 400
79 158 96
79 158 96
78 158 364
78 159 325
78 159 96
78 159 96
77 159 288
77 159 96
76 160 212
76 160 96
76 160 96
76 161 177
76 161 96
76 161 96
76 161 96
75 161 142
75 161 96
75 161 96
75 162 112
75 162 96
75 162 96
75 162 96
74 162 80
74 162 96
74 162 96
73 162 55
73 162 96
73 163 29
73 163 96
73 164 15
73 164 96
73 164 96
73 165 15
73 165 96
73 165 96
73 166 15
73 166 96
73 167 15
73 167 96
73 168 15
73 168 96
73 169 15
73 169 96
73 170 17
73 170 96
74 170 36
102 177 15
101 177 15
101 176 15
100 176 15
99 176 15
98 176 15
97 176 15
96 176 15
95 176 15
94 176 15
93 176 15
92 176 15
91 176 15
90 176 15
89 176 15
88 176 15
88 176 96
87 176 15
87 176 96
86 176 32
84 176 62
83 176 71
82 176 77
81 176 79
80 176 79
79 176 77
78 176 75
77 176 72
76 176 70
75 176 69
75 175 68
75 174 67
75 173 65
75 172 63
75 171 60
103 178 15
103 179 15
103 180 15
103 181 15
103 182 15
104 182 15
105 182 15
106 182 15
107 182 15
107 183 15
107 184 15
108 184 15
108 185 15
109 185 15
110 185 15
111 185 15
111 186 15
111 187 15
111 187 96
111 188 15
111 188 96
112 188 15
112 188 96
113 188 15
113 188 96
113 189 15
113 189 96
113 190 15
113 190 96
113 191 15
113 191 96
114 191 15
114 191 96
115 191 19
115 191 96
116 191 25
116 191 96
116 192 26
116 192 96
117 192 22
117 192 96
118 192 15
118 192 96
119 192 15
120 192 15
121 192 15
122 192 15
123 192 15
123 191 15
124 191 15
125 191 15
126 191 15
126 190 15
127 190 15
128 190 15
129 190 15
129 189 15
129 188 15
129 188 96
130 188 15
130 188 96
131 188 15
131 188 96
132 188 15
132 188 96
133 188 15
133 188 96
133 187 15
133 187 96
134 187 15
134 187 96
134 186 15
134 186 96
135 186 21
135 186 96
135 185 23
135 185 96
135 184 29
135 184 96
136 184 29
136 184 96
136 183 31
136 183 96
137 183 31
137 183 96
137 182 32
138 182 33
139 182 35
140 182 37
141 182 37
142 182 33
143 182 26
144 182 15
145 182 15
145 181 15
146 181 15
147 181 15
148 181 15
149 181 15
150 181 15
151 181 15
152 181 15
153 181 15
154 181 15
155 181 15
156 181 15
157 181 15
72 170 15
72 170 96
71 170 15
71 171 15
70 171 15
70 172 15
69 172 15
68 172 15
67 172 15
67 173 25
67 174 36
66 174 43
65 175 58
65 176 64
64 176 70
64 177 73
63 177 77
63 178 77
62 178 79
62 179 76
61 179 77
61 180 70
60 180 70
60 181 61
59 181 60
58 181 70
57 182 57
57 182 96
57 183 33
57 183 96
57 184 19
57 184 96
56 184 16
56 184 96
56 185 15
56 185 96
55 185 15
55 185 96
55 186 15
55 186 96
55 187 15
55 187 96
54 187 15
54 187 96
53 187 15
53 187 96
52 187 15
52 187 96
51 187 15
50 187 15
50 188 15
50 189 15
50 190 15
49 190 15
49 191 15
48 191 15
47 191 15
47 192 15
47 193 15
47 194 15
47 195 15
47 196 15
120 70 40
121 70 21
122 70 15
122 69 15
123 69 15
123 69 96
123 68 15
123 67 15
123 66 15
123 65 15
123 64 15
123 63 15
123 62 15
123 61 15
123 60 15
123 59 15
123 58 15
122 58 15
122 57 15
122 56 15
122 55 15
122 54 15
122 53 15
122 52 15
121 52 15
120 52 15
119 52 15
118 52 15
117 52 15
117 51 15
116 51 15
116 51 96
116 50 15
116 50 96
115 50 15
115 50 96
114 50 15
114 50 96
113 50 15
113 50 96
112 50 15
112 50 96
111 50 15
111 50 96
110 50 15
110 50 96
109 50 15
109 50 96
109 49 15
109 49 96
108 49 15
108 49 96
108 48 15
108 48 96
108 47 15
108 47 96
107 47 15
107 47 96
106 47 15
106 47 96
105 47 15
105 47 96
104 47 15
104 47 96
103 47 15
103 47 96
102 47 15
102 47 96
93 30 52
93 31 47
94 31 46
94 32 41
95 32 38
95 33 32
96 33 28
96 34 21
97 34 16
97 35 15
97 36 15
98 36 15
99 36 15
99 37 15
99 38 15
100 38 15
101 38 15
101 39 15
101 40 15
101 41 15
101 42 15
101 43 15
101 44 15
101 45 15
101 46 22
92 29 57
91 29 53
90 29 54
90 28 54
89 28 52
88 28 52
88 27 48
87 27 44
86 27 42
86 26 37
85 26 31
84 26 25
83 26 19
82 26 15
81 26 15
80 26 15
79 26 15
78 26 15
77 26 15
76 26 15
76 27 15
75 27 15
74 27 15
74 28 15
73 28 15
72 28 15
72 29 15
71 29 15
70 29 15
69 29 15
68 29 15
67 29 15
66 29 15
65 29 15
64 29 15
63 29 15
62 29 15
61 29 15
60 29 15
59 29 15
58 29 15
57 29 15
56 29 15
55 29 15
54 29 15
53 29 15
52 29 17
51 29 24
50 29 32
50 28 36
49 28 41
49 27 43
48 27 45
48 26 45
47 26 43
47 25 41
46 25 36
45 25 32
44 25 27
43 25 22
42 25 15
41 25 15
40 25 15
40 25 96
39 25 15
39 25 96
38 25 15
38 25 96
38 26 15
38 26 96
37 26 15
37 26 96
36 26 15
36 26 96
36 27 15
36 27 96
35 27 15
35 27 96
34 27 15
34 27 96
33 27 15
33 27 96
33 28 15
33 28 96
32 28 15
32 28 96
32 29 26
32 29 96
32 30 40
32 30 96
32 31 54
32 31 96
32 33 79
32 34 89
32 35 96
32 36 100
32 37 102
32 38 100
32 39 96
32 40 89
32 41 80
32 42 69
32 44 47
32 45 36
32 46 27
32 47 20
32 48 16
32 49 15
31 49 23
30 49 32
29 49 40
28 49 47
27 49 53
26 49 58
25 49 62
24 49 65
22 49 69
21 49 70
20 49 71
19 49 70
18 49 68
17 49 64
16 49 59
15 49 52
14 49 42
14 50 44
14 51 47
14 52 51
14 53 55
