185 163 394
13 5 394
9 56 394
89 64 394
87 29 394
101 164 394
119 21 394
59 120 394
59 120 384
59 120 384
9 96 394
98 97 394
149 92 394
9 158 394
111 26 394
95 24 394
103 30 394
96 35 394
103 20 394
110 15 394
88 40 394
89 52 394
97 46 394
98 58 394
104 41 394
105 53 394
105 53 384
105 53 384
112 36 394
119 32 394
119 32 384
119 11 394
9 86 394
0 91 394
9 66 394
9 76 394
0 80 394
0 71 394
0 61 394
101 174 394
92 169 394
92 159 394
176 168 394
176 157 394
4 11 394
0 6 394
3 0 394
185 174 394
176 179 394
110 169 394
83 165 394
84 155 394
140 87 394
140 98 394
132 93 394
0 17 394
5 23 394
5 23 384
15 16 394
15 16 384
0 51 394
185 151 394
8 45 394
0 40 394
7 34 394
7 34 384
0 29 394
0 29 384
0 29 384
176 145 394
110 159 394
102 154 394
93 150 394
85 146 394
85 146 384
85 146 384
49 124 394
49 124 384
49 124 384
49 124 384
49 124 384
69 114 394
60 108 394
60 108 384
60 108 384
60 108 384
68 126 394
79 121 394
79 109 394
89 103 394
186 140 394
186 140 384
88 115 394
98 109 394
186 185 394
176 190 394
186 196 394
177 199 394
111 149 394
103 144 394
107 102 394
112 139 394
112 139 384
112 139 384
112 139 384
94 140 394
94 140 384
119 164 394
120 154 394
120 154 384
127 17 394
167 195 394
167 184 394
166 173 394
166 162 394
166 151 394
87 126 394
77 131 394
86 136 394
86 136 384
86 136 384
157 156 394
157 167 394
157 178 394
157 189 394
79 35 394
80 46 394
80 58 394
158 199 394
128 27 394
128 27 384
128 27 384
128 27 384
128 6 394
0 102 394
94 14 394
86 18 394
78 24 394
102 9 394
110 5 394
119 0 394
148 194 394
148 183 394
148 183 384
9 108 394
0 113 394
0 113 384
102 0 394
94 3 394
85 8 394
77 13 394
147 172 394
147 172 384
147 172 384
147 172 384
85 0 394
76 2 394
195 180 394
196 190 394
195 169 394
195 157 394
195 146 394
195 146 384
195 146 384
197 199 394
197 199 384
197 199 384
19 103 394
19 92 394
19 81 394
19 81 384
97 120 394
96 130 394
29 98 394
30 87 394
30 87 384
106 114 394
105 124 394
105 124 384
115 107 394
123 100 394
115 95 394
123 88 394
107 90 394
115 83 394
98 71 394
107 77 394
20 71 394
20 71 384
19 61 394
18 50 394
17 39 394
16 28 394
176 133 394
176 133 384
176 133 384
166 139 394
166 139 384
157 144 394
157 144 384
27 33 394
28 44 394
29 55 394
30 65 394
30 76 394
30 76 384
26 22 394
26 22 384
26 22 384
26 22 384
139 198 394
139 198 384
139 198 384
139 187 394
139 187 384
139 187 384
139 187 384
147 161 394
147 149 394
147 149 384
138 154 394
138 154 384
138 154 384
138 154 384
40 60 394
39 49 394
38 38 394
40 71 394
40 82 394
40 93 394
148 138 394
148 138 384
148 138 384
148 138 384
148 138 384
50 89 394
50 89 384
51 77 394
51 65 394
50 54 394
49 42 394
60 47 394
70 52 394
186 128 394
186 128 384
186 128 384
186 128 384
186 128 384
167 127 394
167 127 384
167 127 384
167 127 384
167 127 384
167 127 384
195 146 384
138 165 394
138 165 384
138 165 384
138 165 384
138 165 384
129 159 510
129 159 384
129 159 384
99 97 294
100 97 282
101 97 272
102 97 265
103 97 258
103 96 272
103 95 286
103 94 300
103 93 314
103 92 326
103 91 336
103 90 345
103 89 351
103 88 355
103 87 357
103 86 356
103 85 353
103 84 348
103 83 341
103 82 333
103 81 325
103 80 317
103 79 309
103 78 304
103 77 301
103 76 300
103 75 304
102 75 307
102 74 306
102 73 309
101 73 304
101 72 302
100 72 297
100 71 290
99 71 284
98 70 267
98 70 384
98 69 252
98 69 384
98 68 242
98 68 384
97 68 228
97 68 384
97 67 215
97 67 384
96 67 204
96 67 384
96 66 188
96 65 179
95 65 163
95 64 153
94 64 141
93 64 142
92 64 154
91 64 175
90 64 205
89 53 144
89 54 132
89 55 121
89 56 112
89 57 107
89 58 107
89 59 112
89 60 123
89 61 142
89 62 167
89 63 201
71 52 277
72 52 267
73 52 257
74 52 247
75 52 238
76 52 230
77 52 223
78 52 217
79 52 211
80 52 205
81 52 199
82 52 193
83 52 187
84 52 180
85 52 173
86 52 166
87 52 161
88 52 157
70 51 273
70 50 268
69 50 275
68 50 282
67 50 288
66 50 292
65 50 294
64 50 294
63 50 292
62 50 288
61 50 282
60 50 275
59 50 266
58 50 256
57 50 246
56 50 235
55 50 225
54 50 215
53 50 207
52 50 200
51 50 194
51 49 190
50 49 185
49 49 183
48 49 182
47 49 183
46 49 186
45 49 190
44 49 195
43 49 201
42 49 208
41 49 216
40 49 223
39 48 219
39 47 208
39 46 199
39 45 192
39 44 188
38 44 190
37 44 193
36 44 195
35 44 197
34 44 200
33 44 202
32 44 203
31 44 205
30 44 207
29 44 208
28 43 195
28 42 182
28 41 172
28 40 166
27 40 163
27 39 160
26 39 157
25 39 155
24 39 155
23 39 158
22 39 163
21 39 171
20 39 181
19 39 194
18 39 209
17 40 233
17 41 242
17 42 250
17 43 259
16 43 266
16 44 270
15 44 273
14 44 274
13 44 272
12 44 267
11 44 260
10 44 251
9 44 240
9 45 228
9 46 219
9 47 212
9 48 208
9 49 205
9 50 203
9 51 202
9 52 202
9 53 202
9 54 203
9 55 203
8 56 194
7 56 187
7 56 384
6 56 183
6 56 384
6 57 184
6 57 384
6 58 185
6 58 384
6 59 185
6 59 384
6 60 184
6 60 384
6 61 183
6 61 384
6 62 182
6 62 384
6 63 181
6 64 180
6 65 179
6 66 178
6 67 177
6 68 176
6 69 176
6 70 175
6 71 175
6 72 174
6 73 173
6 74 173
6 75 172
6 76 171
6 77 171
6 78 171
6 79 171
6 80 172
6 81 173
6 82 175
6 83 177
6 84 179
6 85 182
6 86 184
6 87 187
6 88 189
6 89 190
6 90 190
6 91 189
6 92 186
6 93 182
6 94 176
6 95 169
6 96 162
7 96 159
8 96 160
17 38 218
17 37 214
17 36 213
17 35 216
17 34 223
17 33 236
17 32 254
16 32 272
16 31 292
16 30 317
16 29 346
15 28 384
14 28 397
13 28 417
13 27 434
13 26 451
13 26 384
12 26 464
12 26 384
12 25 473
12 25 384
12 24 480
12 24 384
12 24 384
12 23 485
12 23 384
12 23 384
11 23 484
11 23 384
11 23 384
11 22 478
11 22 384
11 22 384
11 22 384
11 21 471
11 21 384
11 21 384
11 21 384
11 20 460
11 20 384
11 20 384
11 20 384
10 20 443
10 20 384
10 20 384
10 20 384
10 19 423
10 19 384
10 19 384
10 19 384
10 18 400
10 18 384
10 18 384
10 17 376
10 17 384
10 16 350
10 16 384
10 15 323
10 15 384
10 14 295
10 13 267
10 12 241
10 11 215
10 10 193
10 9 175
10 8 161
10 7 155
10 6 155
10 5 164
11 5 215
12 5 275
88 51 170
88 50 181
88 49 192
88 48 201
88 47 209
88 46 215
88 45 219
88 44 223
88 43 225
88 42 226
88 41 227
88 39 228
88 38 229
88 37 229
88 36 229
87 36 229
87 35 228
87 34 226
87 33 224
87 32 221
87 31 219
87 30 216
118 21 278
117 21 252
116 21 234
115 21 221
114 21 215
113 21 212
113 22 211
112 22 209
112 23 205
112 24 200
112 25 195
111 25 188
111 27 171
111 28 163
110 28 154
110 29 144
110 30 137
109 30 130
108 30 129
107 30 134
106 30 142
105 30 153
104 30 166
102 30 195
101 30 208
100 30 221
99 30 233
98 30 242
97 30 250
96 30 256
95 30 260
94 30 261
93 30 260
92 30 256
91 30 250
90 30 243
89 30 234
88 30 225
98 98 281
98 99 256
98 100 236
98 101 219
98 102 207
98 103 199
98 104 194
98 105 192
98 106 193
98 107 195
98 108 200
97 109 206
97 110 211
97 111 215
97 112 219
97 113 221
97 114 221
97 115 219
97 116 216
97 117 212
97 118 208
97 119 203
97 121 199
97 122 201
97 123 206
97 124 216
97 125 231
97 126 250
97 127 274
97 128 301
97 129 332
97 130 364
97 131 397
97 132 428
97 133 457
97 134 481
97 135 499
97 136 509
97 137 512
97 138 507
97 139 494
97 140 474
97 140 384
97 141 447
97 141 384
97 142 415
97 142 384
97 143 381
97 143 384
97 144 344
97 144 384
97 145 309
97 145 384
97 146 275
97 146 384
98 146 246
98 146 384
98 147 216
98 148 193
99 148 171
99 149 156
100 149 141
100 150 133
101 150 124
102 150 121
102 151 119
102 152 125
102 153 138
128 159 1141
127 159 1025
126 159 908
125 159 794
124 159 686
123 159 585
122 159 494
121 159 412
120 159 342
119 159 282
118 159 234
117 159 195
117 159 384
116 159 167
115 159 148
114 159 136
113 159 131
112 159 132
111 159 138
110 158 142
110 157 139
110 156 139
109 156 141
109 155 141
108 155 140
108 154 140
107 154 136
106 154 136
105 154 138
104 154 143
103 154 148
130 159 1357
130 159 384
131 159 1451
131 159 384
132 159 1529
132 159 384
132 159 384
133 159 1589
133 159 384
133 159 384
134 159 1628
134 159 384
134 159 384
135 159 1643
135 159 384
136 159 1634
136 159 384
137 159 1600
138 159 1542
139 159 1461
140 159 1361
141 159 1245
142 159 1116
143 159 980
144 159 841
145 159 704
146 159 574
147 159 454
148 159 348
149 159 258
150 159 185
151 159 130
152 159 93
153 159 71
153 158 54
153 157 46
153 157 384
154 157 41
154 157 384
154 156 42
154 156 384
155 156 49
156 156 66
157 157 92
157 158 98
157 159 107
157 160 120
157 161 136
157 162 155
158 162 169
159 162 187
160 162 205
161 162 223
162 162 240
163 162 254
164 162 265
165 162 273
167 162 282
168 162 283
169 162 283
170 162 281
171 162 279
172 162 277
173 162 275
174 162 272
175 162 269
176 162 266
177 162 261
178 162 255
179 162 248
180 162 239
181 162 228
182 162 216
183 162 201
184 162 186
185 162 170
101 154 163
101 155 184
101 156 204
101 157 224
101 158 240
101 159 251
101 160 258
101 161 259
101 162 255
101 163 247
96 120 195
95 120 194
94 120 197
93 120 202
92 120 209
91 120 217
90 120 224
89 120 230
88 120 234
87 120 236
86 120 233
85 120 227
84 120 217
83 120 203
82 120 184
81 120 162
80 120 138
79 120 112
78 120 85
77 120 59
76 120 36
75 120 17
75 120 384
74 120 15
74 120 384
73 120 15
73 120 384
72 120 15
72 120 384
71 120 15
71 120 384
70 120 41
70 120 384
69 120 79
69 120 384
68 120 130
68 120 384
67 120 196
67 120 384
66 120 275
66 120 384
65 120 368
65 120 384
64 120 473
64 120 384
63 120 590
62 120 718
61 120 855
60 120 998
