116 73 58
122 155 58
0 103 58
96 170 58
2 37 58
2 37 48
184 56 58
197 164 58
197 164 48
197 164 48
197 164 48
130 28 58
57 43 58
57 43 48
57 43 48
57 43 48
99 2 58
99 2 48
99 2 48
99 2 48
99 2 48
99 2 48
149 53 58
105 165 58
113 160 58
124 68 58
140 58 58
132 63 58
139 47 58
139 35 58
130 40 58
130 52 58
122 57 58
115 62 58
149 41 58
122 46 58
121 34 58
114 51 58
113 39 58
105 45 58
106 57 58
106 68 58
96 159 58
105 154 58
113 149 58
107 78 58
87 164 58
9 98 58
0 92 58
122 144 58
131 150 58
87 175 58
78 170 58
11 32 58
11 32 48
11 32 48
2 26 58
2 26 48
2 26 48
2 26 48
98 73 58
97 63 58
96 51 58
183 67 58
183 67 48
183 67 48
183 67 48
194 61 58
194 61 48
194 61 48
194 61 48
10 87 58
48 37 58
48 37 48
48 37 48
47 48 58
47 48 48
47 48 48
47 48 48
47 48 48
47 48 48
47 48 48
47 48 48
47 48 48
47 48 48
47 48 48
47 48 48
47 48 48
47 48 48
47 48 48
47 48 48
47 48 48
47 48 48
47 48 48
47 48 48
58 31 58
58 31 48
197 153 58
197 153 48
197 153 48
197 153 48
197 153 48
197 153 48
197 153 48
197 153 48
197 153 48
197 153 48
197 153 48
197 153 48
197 153 48
187 159 58
187 159 48
187 159 48
187 159 48
187 159 48
187 159 48
187 159 48
187 159 48
187 159 48
187 159 48
187 159 48
187 159 48
187 159 48
187 159 48
187 159 48
187 159 48
187 159 48
194 50 58
194 50 48
194 50 48
194 50 48
199 55 58
199 55 48
199 55 48
199 55 48
199 55 48
199 55 48
199 55 48
199 55 48
199 55 48
199 55 48
199 55 48
199 55 48
199 55 48
11 21 58
11 21 48
11 21 48
11 21 48
1 81 58
10 76 58
1 70 58
10 65 58
10 65 48
10 65 48
10 65 48
10 65 48
2 48 58
2 48 48
1 59 58
1 59 48
48 25 58
39 30 58
11 44 58
11 44 48
11 44 48
11 44 48
11 44 48
11 55 58
11 55 48
11 55 48
11 55 48
11 55 48
197 175 58
197 175 48
187 170 58
188 181 58
178 176 58
39 18 58
29 23 58
20 28 58
194 72 58
194 72 48
194 72 48
199 66 58
199 66 48
199 66 48
199 66 48
199 77 58
199 77 48
199 77 48
178 187 58
182 45 58
193 39 58
199 44 58
199 44 48
199 44 48
168 182 58
169 193 58
159 187 58
160 198 58
199 33 58
199 33 48
150 193 58
150 193 48
150 193 48
132 139 58
140 144 58
140 144 48
140 144 48
140 144 48
194 83 58
199 88 58
193 94 58
199 99 58
184 78 58
183 89 58
78 181 58
20 17 58
30 12 58
192 104 58
183 100 58
68 175 58
68 186 58
59 181 58
150 182 58
150 182 48
150 182 48
159 176 58
159 176 48
168 171 58
168 171 48
168 171 48
178 165 58
178 165 48
178 165 48
178 165 48
178 165 48
178 165 48
199 110 58
149 171 58
149 171 48
149 171 48
149 171 48
158 165 58
158 165 48
158 165 48
158 165 48
158 165 48
158 165 48
168 160 58
168 160 48
168 160 48
168 160 48
168 160 48
168 160 48
168 160 48
140 155 58
140 155 48
149 160 58
149 160 48
191 115 58
181 110 58
181 110 48
181 110 48
181 110 48
199 120 58
199 120 48
29 35 58
20 39 58
20 39 48
20 39 48
159 47 58
171 52 58
171 52 48
20 50 58
20 50 48
20 50 48
20 50 48
20 50 48
20 50 48
20 50 48
20 50 48
20 50 48
20 50 48
20 50 48
20 50 48
20 50 48
20 50 48
20 50 48
20 50 48
20 50 48
20 50 48
20 50 48
20 50 48
9 109 58
0 114 58
9 120 58
140 166 58
140 166 48
140 166 48
140 166 48
140 166 48
140 166 48
140 166 48
140 166 48
140 166 48
140 166 48
0 126 58
9 131 58
9 131 48
149 149 58
149 149 48
149 149 48
159 155 58
159 155 48
159 155 48
159 155 48
159 155 48
159 155 48
159 155 48
0 137 58
10 142 58
10 142 48
10 142 48
10 142 48
10 142 48
10 142 48
10 142 48
10 142 48
10 142 48
131 161 58
122 166 58
122 166 48
122 166 48
11 10 58
11 10 48
11 10 48
11 10 48
20 5 58
20 5 48
20 5 48
20 5 48
20 5 48
2 15 58
2 15 48
2 15 48
2 15 48
113 171 58
113 171 48
113 171 48
113 171 48
113 171 48
113 171 48
113 171 48
113 171 48
113 171 48
113 171 48
113 171 48
170 41 58
123 133 58
114 138 58
105 143 58
96 148 58
87 153 58
78 159 58
68 36 58
68 36 48
67 48 58
67 48 48
77 41 58
87 46 58
68 164 58
59 170 58
87 143 58
78 148 58
68 153 58
59 159 58
96 137 58
105 132 58
115 127 58
97 127 58
106 121 58
87 132 58
78 137 58
78 137 48
78 137 48
68 142 58
68 142 48
68 142 48
68 142 48
68 142 48
68 142 48
68 142 48
58 148 58
58 148 48
58 148 48
58 148 48
58 148 48
58 148 48
58 148 48
58 148 48
58 148 48
131 171 58
131 171 48
131 171 48
131 171 48
131 171 48
131 171 48
131 171 48
131 171 48
131 171 48
131 171 48
131 171 48
131 171 48
131 171 48
131 171 48
131 171 48
131 171 48
131 171 48
131 171 48
131 171 48
97 116 58
97 116 48
97 116 48
88 121 58
88 121 48
88 121 48
88 121 48
88 121 48
88 121 48
78 126 58
78 126 48
78 126 48
78 126 48
78 126 48
78 126 48
78 126 48
68 132 58
68 132 48
68 132 48
68 132 48
68 132 48
68 132 48
68 132 48
68 132 48
68 132 48
68 132 48
68 132 48
68 132 48
68 132 48
68 132 48
68 132 48
68 132 48
68 132 48
68 132 48
68 132 48
68 132 48
68 132 48
105 176 58
105 176 48
105 176 48
105 176 48
105 176 48
105 176 48
105 176 48
105 176 48
105 176 48
105 176 48
105 176 48
105 176 48
105 176 48
105 176 48
105 176 48
105 176 48
105 176 48
105 176 48
105 176 48
105 176 48
124 122 58
124 122 48
133 128 58
133 128 48
133 128 48
133 128 48
133 128 48
133 128 48
133 128 48
116 116 58
116 116 48
107 110 58
107 110 48
141 133 58
141 133 48
141 133 48
141 133 48
141 133 48
141 133 48
141 133 48
141 133 48
141 133 48
150 139 58
150 139 48
150 139 48
150 139 48
150 139 48
150 139 48
150 139 48
150 139 48
150 139 48
77 53 58
77 53 48
87 58 58
98 105 58
98 105 48
98 105 48
98 105 48
159 144 58
159 144 48
159 144 48
159 144 48
159 144 48
159 144 48
159 144 48
159 144 48
159 144 48
159 144 48
159 144 48
159 144 48
159 144 48
159 144 48
159 144 48
159 144 48
159 144 48
159 144 48
159 144 48
159 144 48
108 100 58
108 100 48
108 100 48
108 89 58
148 53 15
148 53 48
147 53 15
147 53 48
146 53 15
146 53 48
145 53 15
145 53 48
144 53 15
144 53 48
143 53 15
143 53 48
143 54 15
143 54 48
143 55 15
143 55 48
142 55 15
142 55 48
141 55 15
141 55 48
141 56 15
141 56 48
140 56 15
140 56 48
140 57 15
140 57 48
139 58 15
139 58 48
138 58 15
138 58 48
137 58 15
137 58 48
136 58 15
135 58 15
135 59 15
135 60 15
134 60 15
133 60 15
133 61 15
132 61 15
132 62 15
131 63 15
130 63 15
129 63 15
128 63 15
128 64 15
127 64 15
126 64 15
125 64 15
125 65 15
125 66 15
124 66 15
124 67 15
123 68 15
122 68 15
121 68 15
120 68 15
119 68 15
118 68 15
118 69 15
118 70 15
117 70 15
116 70 15
116 71 15
116 72 15
107 89 25
107 89 48
107 88 26
107 87 29
107 86 31
107 85 34
107 84 37
107 83 39
107 82 40
107 81 40
107 80 38
107 79 36
107 77 29
107 76 26
107 75 23
107 74 21
107 73 20
107 72 20
108 72 22
109 72 22
110 72 20
111 72 17
112 72 15
113 72 15
114 72 15
115 72 15
107 90 25
107 90 48
106 90 24
106 90 48
106 91 24
106 91 48
106 92 25
106 92 48
106 93 28
106 93 48
106 94 32
106 94 48
106 94 48
105 94 37
105 94 48
105 94 48
105 95 39
105 95 48
105 95 48
105 96 41
105 96 48
105 96 48
105 96 48
105 97 44
105 97 48
105 97 48
105 97 48
105 98 48
105 98 48
105 98 48
105 98 48
105 99 51
105 99 48
105 99 48
105 99 48
104 99 52
104 99 48
104 99 48
104 99 48
104 99 48
104 100 51
104 100 48
104 100 48
104 100 48
104 100 48
104 101 51
104 101 48
104 101 48
104 101 48
104 101 48
104 102 50
104 102 48
104 102 48
104 102 48
104 102 48
104 103 49
104 103 48
104 103 48
104 103 48
104 104 47
104 104 48
104 104 48
104 104 48
104 105 46
104 105 48
104 105 48
104 106 44
104 106 48
104 106 48
104 107 42
104 107 48
104 107 48
104 108 41
104 108 48
104 108 48
104 109 40
104 109 48
104 110 38
104 110 48
104 111 38
104 111 48
104 112 37
104 112 48
104 113 37
104 113 48
104 114 37
104 114 48
104 115 38
104 115 48
104 116 38
104 116 48
105 116 38
105 116 48
105 117 37
105 117 48
106 117 37
106 117 48
106 118 35
106 118 48
106 119 34
106 119 48
106 120 34
106 120 48
107 121 31
107 121 48
108 121 27
108 121 48
109 121 22
109 121 48
110 121 16
110 121 48
111 121 15
111 121 48
112 121 15
112 121 48
112 122 15
112 122 48
113 122 15
113 122 48
113 123 15
113 123 48
114 123 15
114 123 48
114 124 15
114 124 48
115 124 15
115 124 48
115 125 15
115 125 48
116 125 15
116 125 48
117 125 15
117 125 48
118 125 15
118 125 48
119 125 15
119 125 48
119 126 15
119 126 48
120 126 15
120 126 48
121 126 15
121 126 48
122 126 15
122 126 48
122 127 21
122 127 48
123 127 25
123 128 28
123 129 31
123 130 33
123 131 35
123 132 34
124 133 24
125 133 18
125 134 15
126 134 15
126 135 15
127 135 15
127 135 48
127 136 15
127 137 15
127 138 15
127 139 15
127 140 15
127 141 15
127 142 15
127 143 15
127 144 16
127 145 24
127 146 31
127 147 36
127 148 38
127 149 36
127 150 31
127 151 23
127 152 15
127 153 15
127 154 15
127 155 15
126 155 15
125 155 15
124 155 15
123 155 18
139 155 79
138 155 70
137 155 57
136 155 41
136 155 48
135 155 24
135 155 48
134 155 15
134 155 48
133 155 15
133 155 48
132 155 15
132 155 48
131 155 15
131 155 48
130 155 15
129 155 15
128 155 15
141 155 84
142 155 79
143 155 71
144 155 60
145 155 48
146 155 35
146 155 48
147 155 25
147 155 48
148 155 17
148 155 48
149 155 15
149 155 48
149 156 16
149 156 48
150 156 17
150 156 48
151 156 24
151 156 48
151 157 29
151 157 48
152 157 39
152 157 48
152 158 49
152 158 48
152 159 67
152 159 48
152 160 89
152 160 48
152 161 114
152 162 138
152 163 161
152 164 179
152 165 191
152 166 197
152 167 195
152 168 187
152 168 48
152 169 173
152 169 48
152 170 154
152 170 48
152 171 133
152 171 48
152 172 111
152 172 48
152 173 89
152 173 48
152 174 71
152 174 48
152 175 56
152 175 48
152 176 45
152 176 48
153 176 35
153 176 48
153 177 27
153 177 48
154 177 23
154 177 48
154 178 19
154 178 48
154 179 20
154 179 48
155 179 21
155 179 48
155 180 24
155 180 48
155 181 29
155 182 34
155 183 39
155 184 42
155 185 41
155 186 37
155 187 29
155 187 48
155 188 17
155 188 48
155 189 15
155 189 48
156 189 15
156 189 48
157 189 15
157 189 48
158 189 15
158 189 48
159 189 15
159 189 48
160 189 15
160 189 48
161 189 15
162 189 15
163 189 15
164 189 15
165 189 15
166 189 15
167 189 15
168 189 15
169 189 15
169 188 15
169 187 15
169 186 15
170 186 15
171 186 15
172 186 15
173 186 15
173 185 15
173 184 15
174 184 15
174 183 15
174 182 15
174 181 15
175 181 15
175 180 15
176 180 15
177 180 15
178 180 15
178 179 15
179 179 15
180 179 15
181 179 15
182 179 15
183 179 15
183 178 15
183 177 15
183 176 15
183 175 15
184 175 15
185 175 15
186 175 15
187 175 15
187 174 15
187 174 48
187 173 15
187 173 48
187 172 15
187 172 48
187 171 15
187 171 48
188 170 15
188 170 48
189 170 15
189 170 48
190 170 15
190 170 48
191 170 15
191 170 48
191 169 15
191 169 48
191 169 48
192 169 15
192 169 48
192 169 48
193 169 15
193 169 48
193 169 48
194 169 15
194 169 48
194 169 48
195 169 15
195 169 48
195 169 48
196 169 15
196 169 48
196 169 48
196 168 36
196 168 48
196 168 48
196 167 65
196 167 48
197 167 90
197 167 48
197 166 117
197 165 148
96 169 15
96 168 15
97 168 15
98 168 15
98 167 15
99 167 15
100 167 15
100 166 15
101 166 15
101 165 15
101 164 15
101 163 15
101 162 15
101 161 15
102 161 15
103 161 15
103 160 15
104 160 15
105 160 15
106 160 15
107 160 15
108 160 15
109 160 18
110 160 24
111 160 28
112 160 32
114 160 34
115 160 32
116 160 28
117 160 22
118 160 15
119 160 15
120 160 15
120 160 48
121 160 15
121 160 48
122 160 15
122 160 48
122 159 15
122 158 15
122 157 15
122 156 17
149 52 15
149 52 48
149 51 15
149 51 48
149 50 15
149 50 48
149 49 15
149 49 48
149 48 15
149 47 15
149 46 15
149 45 15
149 44 15
149 43 15
149 42 15
148 41 23
147 41 15
146 41 15
145 41 15
144 41 15
143 41 15
142 41 16
141 41 25
141 40 29
140 40 33
140 39 33
139 39 32
139 38 27
138 38 21
137 38 16
136 38 15
135 38 15
134 38 15
133 38 15
132 38 15
131 38 15
130 38 15
130 39 15
114 39 15
115 39 15
116 39 15
117 39 15
118 39 15
119 39 15
120 39 15
121 39 15
122 39 15
123 39 15
124 39 15
125 39 15
126 39 15
127 39 15
128 39 15
129 39 15
68 37 24
68 37 48
68 37 48
68 38 15
68 38 48
68 38 48
69 38 15
69 38 48
69 38 48
69 39 15
69 39 48
69 40 15
69 40 48
70 40 15
70 40 48
71 40 15
71 40 48
72 40 15
72 40 48
72 41 15
72 41 48
73 41 15
73 41 48
74 41 15
74 41 48
75 41 15
75 41 48
76 41 15
76 41 48
77 42 15
77 42 48
78 42 15
78 42 48
78 43 15
78 43 48
78 44 15
78 44 48
79 44 15
79 44 48
79 45 15
79 45 48
80 45 15
80 45 48
81 45 15
81 45 48
81 46 15
81 46 48
82 46 15
82 46 48
83 46 15
83 46 48
84 46 15
84 46 48
85 46 15
85 46 48
86 46 15
86 46 48
87 47 15
87 47 48
87 48 15
88 48 15
88 49 15
88 50 15
88 51 15
89 51 15
90 51 15
91 51 15
91 52 15
92 52 15
92 53 15
93 53 15
94 53 15
95 53 15
96 53 15
97 53 17
98 53 19
99 53 18
100 53 15
101 53 15
102 53 15
102 52 15
102 51 15
103 51 15
104 51 15
104 50 15
105 50 15
105 49 15
105 48 15
105 47 15
105 46 15
106 45 15
107 45 15
108 45 15
108 44 15
109 44 15
110 44 15
111 44 15
112 44 15
112 43 15
113 43 15
113 42 15
113 41 15
113 40 15
67 37 15
67 37 48
67 37 48
66 37 15
66 37 48
66 37 48
65 37 15
65 37 48
65 37 48
64 37 15
64 37 48
64 37 48
64 37 48
64 36 15
64 36 48
64 36 48
64 36 48
63 36 15
63 36 48
63 36 48
63 36 48
62 36 15
62 36 48
62 36 48
62 36 48
62 35 15
62 35 48
62 35 48
62 35 48
61 35 15
61 35 48
61 35 48
61 35 48
60 35 15
60 35 48
60 35 48
60 35 48
59 35 15
59 35 48
59 35 48
59 35 48
59 34 15
59 34 48
59 34 48
59 34 48
58 34 15
58 34 48
58 34 48
58 34 48
58 33 15
58 33 48
58 33 48
57 33 15
57 33 48
57 33 48
56 33 15
56 33 48
56 33 48
56 32 15
56 32 48
56 32 48
55 32 15
55 32 48
55 31 15
55 31 48
54 31 15
54 31 48
53 31 15
53 31 48
53 30 15
53 30 48
52 30 15
52 30 48
51 30 15
51 30 48
51 29 15
51 29 48
50 29 15
49 29 15
48 29 15
47 29 15
46 29 15
45 29 15
45 29 48
44 29 15
44 29 48
43 29 15
43 29 48
42 29 15
42 29 48
41 29 15
41 29 48
40 29 15
40 29 48
40 28 15
40 27 15
39 27 15
38 27 15
37 27 15
36 27 15
35 27 15
34 27 15
33 27 15
32 27 16
31 27 15
31 28 15
31 29 15
30 29 15
30 30 15
29 30 15
29 31 15
29 31 48
29 32 15
29 32 48
29 33 15
29 33 48
29 34 15
29 34 48
28 35 15
28 35 48
27 35 15
27 35 48
26 35 15
26 35 48
25 35 15
25 35 48
25 36 15
25 36 48
24 36 15
24 36 48
23 36 15
23 36 48
22 36 15
22 36 48
21 36 15
21 36 48
20 36 15
20 36 48
19 36 15
19 36 48
18 36 15
18 36 48
18 36 48
17 36 15
17 36 48
17 36 48
16 36 15
16 36 48
16 36 48
15 36 25
15 36 48
15 36 48
14 36 44
14 36 48
14 36 48
13 36 60
13 36 48
13 36 48
12 36 72
12 36 48
12 36 48
11 36 79
11 36 48
11 36 48
10 36 81
10 36 48
9 36 79
9 36 48
8 36 74
8 36 48
7 36 68
7 36 48
7 37 61
7 37 48
6 37 55
6 37 48
5 37 52
5 37 48
4 37 55
4 37 48
3 37 66
4 38 51
4 38 48
5 38 47
5 38 48
5 39 44
5 39 48
5 40 43
5 40 48
5 41 42
5 41 48
5 41 48
5 42 42
5 42 48
5 42 48
5 43 40
5 43 48
5 43 48
5 44 36
5 44 48
5 44 48
5 45 29
5 45 48
5 45 48
5 46 19
5 46 48
5 46 48
5 46 48
5 47 15
5 47 48
5 47 48
5 47 48
5 48 15
5 48 48
5 48 48
5 48 48
4 48 15
4 48 48
4 48 48
4 49 15
4 49 48
4 49 48
4 50 15
4 50 48
4 50 48
4 51 15
4 51 48
4 51 48
4 52 15
4 52 48
4 52 48
4 53 15
4 53 48
4 53 48
4 54 15
4 54 48
4 54 48
3 54 15
3 54 48
3 54 48
3 55 15
3 55 48
3 55 48
3 56 15
3 56 48
3 56 48
3 57 15
3 57 48
3 57 48
3 58 15
3 58 48
3 58 48
3 58 48
3 59 15
3 59 48
3 59 48
3 59 48
3 60 15
3 60 48
3 60 48
3 60 48
3 61 15
3 61 48
3 61 48
3 61 48
3 62 15
3 62 48
3 62 48
3 62 48
3 63 15
3 63 48
3 63 48
3 63 48
3 64 15
3 64 48
3 64 48
3 64 48
3 65 15
3 65 48
3 65 48
3 66 15
3 66 48
3 66 48
3 67 15
3 67 48
3 67 48
3 68 15
3 68 48
3 69 15
3 69 48
3 70 15
3 70 48
3 71 15
3 71 48
3 72 15
3 72 48
3 73 15
3 73 48
3 74 15
3 74 48
3 75 15
3 75 48
3 76 15
3 76 48
2 76 15
2 76 48
2 77 15
2 77 48
2 78 15
2 78 48
2 79 15
2 79 48
2 80 15
2 80 48
2 81 15
2 82 15
2 83 15
2 84 15
2 85 15
2 86 15
2 87 15
2 88 15
2 89 15
1 89 15
1 90 15
1 91 15
1 92 15
1 93 15
1 94 15
1 95 15
1 96 15
1 97 15
1 98 15
1 99 15
1 100 15
1 101 15
1 102 15
1 103 15
68 39 15
68 39 48
67 39 15
67 39 48
67 39 48
66 39 15
66 39 48
66 39 48
65 39 15
65 39 48
65 39 48
64 39 15
64 39 48
64 39 48
63 39 15
63 39 48
63 39 48
62 39 15
62 39 48
62 39 48
61 39 15
61 39 48
61 39 48
61 39 48
60 39 15
60 39 48
60 39 48
60 39 48
59 39 15
59 39 48
59 39 48
59 39 48
58 39 15
58 39 48
58 39 48
58 39 48
57 39 15
57 39 48
57 39 48
57 39 48
57 40 37
57 40 48
57 40 48
57 40 48
57 41 78
57 41 48
57 41 48
57 42 125
57 42 48
130 37 15
130 36 15
130 35 15
130 34 15
130 33 15
130 32 15
130 31 15
130 30 15
130 29 15
150 42 15
150 43 15
151 43 15
152 43 15
152 44 15
153 44 15
154 44 15
154 45 15
154 46 15
154 46 48
155 46 15
155 46 48
156 46 15
156 46 48
157 46 15
157 46 48
158 46 23
159 46 26
160 46 25
161 46 19
161 46 48
162 46 15
162 46 48
163 46 15
163 46 48
163 47 15
163 47 48
164 47 15
164 47 48
165 47 15
165 47 48
166 47 15
166 47 48
166 48 15
166 48 48
167 48 15
167 48 48
167 49 15
167 49 48
168 49 15
168 49 48
169 49 15
169 49 48
169 50 15
169 50 48
170 50 15
170 50 48
171 50 15
171 50 48
172 50 15
172 50 48
173 50 15
173 50 48
173 50 48
174 50 15
174 50 48
174 50 48
175 50 15
175 50 48
175 50 48
176 50 15
176 50 48
176 50 48
177 50 15
177 50 48
177 50 48
178 50 15
178 50 48
178 50 48
178 51 15
178 51 48
178 52 15
178 52 48
179 52 15
179 52 48
180 52 15
180 52 48
180 53 15
180 53 48
181 53 15
181 53 48
182 53 15
182 53 48
182 54 15
182 54 48
183 54 15
183 54 48
184 54 15
184 54 48
184 55 19
184 55 48
