50 31 394
136 48 394
179 99 394
75 80 394
75 80 384
159 148 394
128 107 394
187 138 394
0 37 394
95 157 394
20 84 394
79 6 394
178 134 394
168 141 394
178 145 394
178 145 384
168 152 394
168 152 384
168 152 384
158 136 394
149 142 394
150 153 394
168 129 394
168 129 384
168 129 384
104 153 394
104 153 384
104 153 384
188 104 394
188 104 384
59 36 394
60 26 394
79 16 394
79 16 384
79 16 384
119 112 394
128 119 394
119 124 394
86 162 394
86 151 394
86 151 384
96 168 394
178 110 394
178 110 384
178 110 384
178 110 384
189 93 394
180 88 394
145 54 394
146 43 394
155 48 394
0 26 394
10 31 394
50 20 394
60 15 394
60 15 384
60 15 384
88 1 394
88 1 384
40 26 394
40 26 384
10 20 394
89 11 394
105 164 394
83 86 394
74 91 394
83 97 394
92 92 394
92 92 384
92 92 384
74 102 394
20 25 394
20 14 394
30 20 394
40 15 394
40 15 384
40 15 384
155 37 394
164 43 394
164 43 384
164 43 384
129 130 394
129 130 384
169 94 394
171 82 394
160 89 394
161 77 394
154 60 394
152 71 394
29 89 394
20 95 394
20 95 384
20 95 384
29 77 394
39 83 394
65 97 394
66 86 394
66 86 384
66 86 384
65 108 394
56 103 394
56 103 384
138 113 394
138 125 394
148 131 394
105 175 394
114 171 394
39 94 394
39 94 384
115 181 394
20 72 394
124 177 394
123 167 394
114 160 394
122 156 394
84 75 394
10 78 394
132 163 394
141 159 394
93 81 394
93 81 384
93 81 384
93 81 384
76 69 394
85 63 394
77 58 394
77 58 384
77 58 384
10 67 394
10 67 384
10 67 384
10 67 384
143 65 394
134 59 394
134 59 384
151 83 394
30 31 394
20 37 394
20 37 384
98 6 394
98 16 394
108 11 394
108 21 394
74 113 394
83 108 394
91 103 394
91 103 384
91 103 384
83 119 394
75 124 394
66 119 394
117 16 394
142 77 394
40 36 394
49 42 394
30 42 394
30 42 384
30 42 384
56 114 394
56 114 384
117 6 394
117 6 384
117 6 384
117 6 384
118 27 394
127 21 394
127 32 394
136 37 394
66 130 394
57 125 394
57 125 384
75 135 394
75 135 384
75 135 384
75 135 384
10 9 394
0 15 394
0 4 394
10 0 394
10 0 384
131 152 394
131 152 384
20 4 394
30 9 394
30 0 394
140 148 394
139 137 394
48 99 394
48 99 384
10 43 394
40 48 394
49 53 394
39 59 394
30 66 394
133 173 394
133 173 384
148 119 394
130 141 394
130 141 384
142 169 394
142 169 384
142 169 384
142 169 384
121 146 394
120 135 394
112 149 394
111 139 394
110 128 394
109 117 394
109 117 384
109 117 384
102 132 394
103 142 394
94 146 394
93 136 394
93 136 384
92 125 394
20 83 179
20 82 108
20 81 55
20 80 21
20 79 15
20 78 15
21 78 15
22 78 15
23 78 15
24 78 15
25 78 19
26 78 32
26 77 46
27 77 64
28 77 84
39 93 500
39 93 384
39 92 445
39 92 384
39 91 398
39 91 384
39 90 358
39 90 384
39 89 328
39 89 384
38 89 296
38 89 384
38 88 269
38 88 384
37 88 241
37 88 384
37 87 219
37 87 384
36 87 193
36 87 384
35 87 176
35 87 384
35 86 155
35 86 384
34 86 142
34 85 127
33 85 116
33 84 106
32 84 97
32 83 93
31 83 83
30 83 79
30 82 72
29 82 66
29 81 61
29 80 65
29 79 75
29 78 90
40 94 563
41 94 571
41 94 384
42 94 583
42 94 384
43 94 600
43 94 384
44 94 621
44 94 384
44 95 645
44 95 384
45 95 660
45 95 384
46 95 677
46 95 384
46 95 384
46 96 688
46 96 384
47 96 698
47 96 384
47 96 384
47 97 705
47 97 384
48 97 707
48 97 384
48 97 384
48 98 712
48 98 384
49 99 710
50 99 696
50 99 384
51 99 682
51 99 384
52 99 667
52 99 384
53 99 650
53 99 384
54 99 631
54 99 384
54 99 384
54 100 610
54 100 384
55 100 584
55 100 384
55 100 384
56 100 556
56 100 384
56 100 384
57 100 527
57 100 384
57 100 384
58 100 497
58 100 384
58 100 384
59 100 465
59 100 384
59 100 384
60 100 433
60 100 384
61 100 400
61 100 384
62 100 368
62 100 384
63 100 336
64 100 305
65 100 275
66 100 247
67 100 219
68 100 193
69 100 169
70 100 146
71 100 125
72 100 107
73 100 93
74 100 83
74 101 90
91 125 373
91 124 370
90 124 361
89 124 356
89 123 346
88 123 335
87 123 327
87 122 312
86 122 299
86 121 286
85 121 269
84 121 256
84 120 241
83 120 226
82 119 199
81 119 187
81 119 384
80 119 178
80 119 384
80 118 167
80 118 384
79 118 160
79 118 384
79 117 156
79 117 384
78 117 152
78 117 384
77 117 151
77 117 384
77 116 151
76 116 154
76 115 158
76 114 164
75 114 169
75 113 175
74 112 188
74 111 190
74 110 189
74 109 185
74 108 179
74 107 169
74 106 158
74 105 144
74 104 129
74 103 115
92 126 379
93 126 377
94 126 378
94 127 373
95 127 370
95 128 363
96 128 356
96 129 349
97 129 338
97 130 329
98 130 316
99 130 306
99 131 292
100 131 280
100 132 267
101 132 255
103 132 235
104 132 227
105 132 218
106 132 210
107 132 202
108 132 194
109 132 187
110 132 180
111 132 175
112 132 173
113 132 174
114 132 179
115 132 188
115 131 199
116 131 211
116 130 222
116 129 233
117 129 245
117 128 253
117 127 261
117 126 269
118 126 273
118 125 276
118 124 278
119 123 272
119 122 267
120 122 260
120 121 248
120 120 237
121 120 224
121 120 384
121 119 208
122 119 195
123 119 189
124 119 188
125 119 191
126 119 197
126 119 384
127 119 205
127 119 384
129 119 219
129 119 384
130 119 223
130 119 384
131 119 226
131 119 384
132 119 225
132 119 384
133 119 221
133 119 384
134 119 214
134 119 384
134 119 384
135 119 205
135 119 384
135 119 384
136 119 195
136 119 384
136 119 384
137 119 183
137 119 384
137 119 384
138 119 172
138 119 384
138 119 384
139 119 163
139 119 384
140 119 157
140 119 384
140 120 153
140 120 384
141 120 147
141 120 384
141 121 144
141 121 384
142 121 139
142 121 384
142 122 137
143 122 137
143 123 137
143 124 140
144 124 143
144 125 147
144 126 154
145 126 161
145 127 168
145 128 176
145 129 185
145 130 194
145 131 202
146 131 209
147 131 222
148 132 240
148 133 238
148 134 236
148 135 231
148 136 225
148 137 217
148 138 207
148 139 195
148 140 182
148 141 168
148 142 152
150 142 129
151 142 120
152 142 112
153 142 106
154 142 103
155 142 102
156 142 105
157 142 113
157 141 119
158 141 126
159 141 137
159 140 146
160 140 156
161 140 170
161 139 183
162 139 195
163 139 208
164 139 222
165 139 235
166 139 247
167 139 256
168 139 262
169 139 265
170 139 263
171 139 258
172 139 248
172 139 384
173 139 235
173 139 384
174 139 220
174 139 384
175 139 203
175 139 384
176 139 186
176 139 384
177 139 170
177 138 155
178 138 142
179 138 133
180 138 130
181 138 135
182 138 147
183 138 168
184 138 199
185 138 240
186 138 291
149 143 124
149 144 109
149 145 97
150 145 90
151 145 86
152 145 86
153 145 89
154 145 97
155 145 110
156 145 129
157 145 153
158 145 184
159 145 220
159 146 270
159 147 330
128 118 177
128 118 384
128 117 146
128 116 121
128 115 102
128 114 92
128 113 91
128 112 100
128 111 121
128 110 152
128 109 195
128 108 248
102 133 231
102 134 223
102 135 219
102 136 220
102 137 224
102 138 234
101 138 246
101 139 258
100 139 271
100 140 284
99 140 297
99 141 311
98 141 323
98 142 335
97 142 348
97 143 356
97 144 367
96 144 373
96 145 379
95 145 385
95 146 384
94 147 384
94 148 376
94 149 368
94 150 359
94 151 349
94 152 336
94 153 322
94 154 305
94 155 286
94 156 265
94 157 243
75 100 78
75 99 71
76 99 69
76 98 62
76 97 60
77 97 56
77 96 54
78 96 53
78 95 51
78 94 56
79 94 55
79 93 60
79 92 73
79 91 93
79 90 118
79 89 148
79 88 180
79 87 213
79 86 244
79 85 272
79 85 384
79 84 294
79 84 384
79 83 308
79 83 384
79 82 314
79 82 384
79 81 310
79 81 384
79 80 298
78 80 339
77 80 403
76 80 489
76 80 384
38 59 285
38 60 295
37 60 304
37 61 311
36 61 318
36 62 322
35 62 328
35 63 328
35 64 332
34 64 330
34 65 330
33 65 328
33 66 324
32 66 322
31 66 327
30 67 318
30 68 299
30 69 281
30 70 265
30 71 249
30 72 232
29 72 214
29 73 193
29 74 171
29 75 149
29 76 128
39 58 262
40 58 253
40 57 237
40 56 226
41 56 211
41 55 198
42 55 186
42 54 173
42 53 164
43 53 153
43 52 144
44 52 140
44 51 133
44 50 130
45 50 131
45 49 130
45 48 133
45 47 140
46 47 145
46 46 152
46 45 161
47 45 171
47 44 179
47 43 188
47 42 197
48 42 206
49 41 222
49 40 221
49 39 219
49 38 215
49 37 210
49 36 203
50 36 190
50 35 177
50 34 162
50 33 148
50 32 135
11 31 214
11 31 384
12 31 241
12 31 384
13 31 267
13 31 384
14 31 291
14 31 384
14 31 384
15 31 313
15 31 384
15 31 384
16 31 331
16 31 384
16 31 384
17 31 345
17 31 384
17 31 384
18 31 356
18 31 384
19 31 362
19 31 384
20 31 365
21 31 364
22 31 361
23 31 356
24 31 350
25 31 344
26 31 339
27 31 335
28 31 332
29 31 333
31 31 340
32 31 348
33 31 356
34 31 366
35 31 376
36 31 384
37 31 391
38 31 395
39 31 396
40 31 392
41 31 383
42 31 369
43 31 349
44 31 325
45 31 296
46 31 264
47 31 229
48 31 193
49 31 158
9 31 164
8 31 144
7 31 129
7 32 114
7 33 101
7 34 91
6 34 85
6 35 80
6 36 80
5 36 87
5 37 96
4 37 115
3 37 146
2 37 188
1 37 240
80 6 362
81 6 316
82 6 281
83 6 256
84 6 240
84 7 228
85 7 215
86 7 208
87 7 205
87 8 199
88 8 194
88 8 384
89 8 191
89 8 384
90 8 188
90 8 384
91 8 185
91 8 384
91 9 178
91 9 384
92 9 169
92 9 384
93 9 161
93 9 384
94 9 152
94 9 384
95 9 143
95 9 384
95 10 132
95 10 384
96 10 120
96 10 384
97 10 110
97 10 384
97 11 103
97 11 384
98 11 91
98 11 384
99 11 83
99 11 384
99 12 79
99 12 384
100 12 70
100 12 384
101 12 67
101 12 384
101 13 65
101 13 384
102 13 61
102 13 384
103 13 64
103 13 384
103 14 61
103 14 384
104 14 63
104 14 384
104 15 67
104 15 384
105 15 67
105 15 384
106 15 74
106 15 384
106 16 75
106 16 384
107 16 78
107 16 384
107 17 86
107 17 384
108 17 84
108 17 384
109 17 88
109 17 384
109 18 92
109 18 384
110 18 90
110 18 384
111 18 92
111 18 384
111 19 93
111 19 384
112 19 89
113 19 89
113 20 87
114 20 81
115 20 77
115 21 76
116 21 67
117 21 63
117 22 63
118 22 55
119 22 52
119 23 54
120 23 50
121 23 52
121 24 56
122 24 58
123 24 67
123 25 72
124 25 83
124 26 94
125 26 106
125 27 121
126 27 134
126 28 152
127 28 166
127 29 183
127 30 207
127 31 237
128 32 260
129 32 258
130 32 263
131 32 275
131 33 280
131 34 288
132 34 291
132 35 294
133 35 295
133 36 294
134 36 294
134 37 289
135 37 288
136 38 278
136 39 268
136 40 261
136 41 258
136 42 258
136 43 261
136 44 267
136 45 276
136 46 286
136 47 299
145 53 197
145 52 193
145 51 189
145 50 185
145 49 181
145 48 177
144 48 185
143 48 192
142 48 201
141 48 211
140 48 224
139 48 239
138 48 259
137 48 283
146 54 193
147 54 188
147 55 190
147 56 192
147 57 193
147 58 194
147 59 195
147 60 195
147 61 194
147 62 193
147 63 191
147 64 189
147 65 185
147 66 180
147 67 174
147 68 167
147 69 160
147 70 152
147 71 145
147 72 140
147 73 136
148 73 131
148 74 128
149 74 127
149 75 125
149 75 384
150 75 127
150 75 384
150 76 126
150 76 384
151 76 130
151 76 384
151 77 130
151 77 384
152 77 133
152 77 384
152 77 384
152 78 134
152 78 384
152 78 384
153 78 137
153 78 384
153 78 384
153 79 139
153 79 384
153 79 384
154 79 139
154 79 384
154 79 384
155 79 140
155 79 384
155 79 384
155 80 139
155 80 384
155 80 384
156 80 137
156 80 384
157 80 137
157 80 384
157 81 132
157 81 384
158 81 128
158 81 384
158 82 126
158 82 384
159 82 119
160 82 114
160 83 109
161 83 101
162 83 97
162 84 90
163 84 84
164 84 81
164 85 74
165 85 70
165 86 67
166 86 62
167 86 61
167 87 58
168 87 55
169 87 57
169 88 53
170 88 52
170 89 53
171 89 49
172 89 49
172 90 48
173 90 44
174 90 42
174 91 41
175 91 35
176 91 32
176 92 31
177 92 24
178 92 20
178 92 384
178 93 20
179 93 15
179 93 384
179 94 23
179 95 50
179 96 95
179 97 159
179 98 240
