144 145 22
144 145 12
144 145 12
144 145 12
144 145 12
15 18 22
46 38 22
46 38 12
69 199 22
172 75 22
120 118 22
120 118 12
120 118 12
120 118 12
120 118 12
120 118 12
81 164 22
83 10 22
83 10 12
83 10 12
83 10 12
83 10 12
83 10 12
83 10 12
83 10 12
83 10 12
83 10 12
83 10 12
83 10 12
83 10 12
83 10 12
83 10 12
83 10 12
83 10 12
83 10 12
83 10 12
83 10 12
83 10 12
83 10 12
83 10 12
83 10 12
83 10 12
83 10 12
83 10 12
83 10 12
83 10 12
83 10 12
83 10 12
83 10 12
83 10 12
83 10 12
83 10 12
83 10 12
83 10 12
83 10 12
83 10 12
83 10 12
83 10 12
83 10 12
83 10 12
83 10 12
83 10 12
112 154 22
162 110 22
91 162 22
101 158 22
77 194 22
172 85 22
162 79 22
162 79 12
162 89 22
162 89 12
162 89 12
162 89 12
162 99 22
172 95 22
172 106 22
172 106 12
6 24 22
16 30 22
25 25 22
35 31 22
35 31 12
26 37 22
36 43 22
120 107 22
120 107 12
120 107 12
120 107 12
120 107 12
120 107 12
110 112 22
110 112 12
110 112 12
110 112 12
110 112 12
110 112 12
110 112 12
110 112 12
110 112 12
110 112 12
110 112 12
110 112 12
110 112 12
110 112 12
110 112 12
153 138 22
143 132 22
153 126 22
162 121 22
67 186 22
67 186 12
75 182 22
73 170 22
73 170 12
73 170 12
73 170 12
73 170 12
131 113 22
131 113 12
131 113 12
131 113 12
142 120 22
142 120 12
0 29 22
6 35 22
0 40 22
16 42 22
7 47 22
27 49 22
27 49 12
17 54 22
0 52 22
8 58 22
8 58 12
8 58 12
8 58 12
0 63 22
0 63 12
0 63 12
0 63 12
0 63 12
0 63 12
25 13 22
25 13 12
25 13 12
25 13 12
25 13 12
25 13 12
25 13 12
35 19 22
35 19 12
35 19 12
45 25 22
45 25 12
45 25 12
45 25 12
45 25 12
45 25 12
45 25 12
45 25 12
45 25 12
45 25 12
152 114 22
8 69 22
8 69 12
8 69 12
8 69 12
8 69 12
8 69 12
8 69 12
8 69 12
8 69 12
8 69 12
8 69 12
8 69 12
8 69 12
8 69 12
8 69 12
8 69 12
8 69 12
8 69 12
8 69 12
18 64 22
18 64 12
18 64 12
18 64 12
18 64 12
27 60 22
27 60 12
27 60 12
27 60 12
27 60 12
37 55 22
37 55 12
46 49 22
172 116 22
172 116 12
172 116 12
141 108 22
152 103 22
0 17 22
5 12 22
15 6 22
15 6 12
152 93 22
152 93 12
152 93 12
152 93 12
141 97 22
141 97 12
141 97 12
141 97 12
141 97 12
141 97 12
141 97 12
141 97 12
141 97 12
141 97 12
141 97 12
141 97 12
141 97 12
141 97 12
141 97 12
141 97 12
141 97 12
141 97 12
141 97 12
152 83 22
152 83 12
152 83 12
152 83 12
152 83 12
0 5 22
6 0 22
6 0 12
131 101 22
131 101 12
131 101 12
131 101 12
131 101 12
131 101 12
131 101 12
131 101 12
131 101 12
131 101 12
65 174 22
65 174 12
65 174 12
65 174 12
65 174 12
65 174 12
65 174 12
65 174 12
65 174 12
65 174 12
65 174 12
37 65 22
37 65 12
37 65 12
37 65 12
47 60 22
28 70 22
28 70 12
28 70 12
28 70 12
28 70 12
28 70 12
28 70 12
28 70 12
28 70 12
28 70 12
28 70 12
28 70 12
28 70 12
28 70 12
28 70 12
28 70 12
28 70 12
28 70 12
28 70 12
28 70 12
28 70 12
47 70 22
47 70 12
37 75 22
37 75 12
37 75 12
37 75 12
37 75 12
37 75 12
37 75 12
37 75 12
37 75 12
37 75 12
37 75 12
37 75 12
37 75 12
37 75 12
37 75 12
37 75 12
37 75 12
37 75 12
37 75 12
37 75 12
37 75 12
37 75 12
37 75 12
37 75 12
37 75 12
37 75 12
37 75 12
37 75 12
37 75 12
37 75 12
37 75 12
37 75 12
37 75 12
163 132 22
163 132 12
172 127 22
172 127 12
172 127 12
172 127 12
172 127 12
172 127 12
18 75 22
18 75 12
18 75 12
18 75 12
18 75 12
18 75 12
18 75 12
18 75 12
18 75 12
18 75 12
18 75 12
18 75 12
18 75 12
18 75 12
18 75 12
18 75 12
18 75 12
18 75 12
18 75 12
18 75 12
18 75 12
18 75 12
132 126 22
132 126 12
133 139 22
56 65 22
56 65 12
56 65 12
56 54 22
56 43 22
56 43 12
56 43 12
56 74 22
56 74 12
56 74 12
56 74 12
47 80 22
47 80 12
47 80 12
47 80 12
47 80 12
47 80 12
47 80 12
56 84 22
56 84 12
56 84 12
56 84 12
56 84 12
56 84 12
56 84 12
56 84 12
56 84 12
56 84 12
122 146 22
121 132 22
55 31 22
55 31 12
55 31 12
111 139 22
110 125 22
110 125 12
110 125 12
110 125 12
110 125 12
110 125 12
110 125 12
84 178 22
93 174 22
103 170 22
103 170 12
103 170 12
113 165 22
113 165 12
113 165 12
46 89 22
46 89 12
46 89 12
46 89 12
46 89 12
46 89 12
46 89 12
46 89 12
46 89 12
46 89 12
46 89 12
46 89 12
55 93 22
55 93 12
55 93 12
55 93 12
55 93 12
55 93 12
55 93 12
55 93 12
55 93 12
55 93 12
55 93 12
55 93 12
86 189 22
95 186 22
95 186 12
104 182 22
104 182 12
104 182 12
114 177 22
114 177 12
114 177 12
114 177 12
114 177 12
114 177 12
114 177 12
114 177 12
114 177 12
65 69 22
65 69 12
65 78 22
65 78 12
65 78 12
65 78 12
65 78 12
65 78 12
64 88 22
64 88 12
64 88 12
64 88 12
64 88 12
64 88 12
64 88 12
64 88 12
64 88 12
66 58 22
65 47 22
65 47 12
65 36 22
65 36 12
65 36 12
65 36 12
65 36 12
63 97 22
63 97 12
63 97 12
63 97 12
63 97 12
63 97 12
63 97 12
63 97 12
63 97 12
63 97 12
63 97 12
63 97 12
63 97 12
63 97 12
63 97 12
63 97 12
63 97 12
63 97 12
63 97 12
63 97 12
63 97 12
63 97 12
63 97 12
63 97 12
63 97 12
63 97 12
63 97 12
133 152 22
133 152 12
133 152 12
133 152 12
133 152 12
123 159 22
123 159 12
123 159 12
123 159 12
37 85 22
37 85 12
37 85 12
37 85 12
37 85 12
37 85 12
37 85 12
37 85 12
37 85 12
37 85 12
37 85 12
37 85 12
37 85 12
37 85 12
37 85 12
37 85 12
37 85 12
37 85 12
37 85 12
37 85 12
37 85 12
37 85 12
37 85 12
37 85 12
37 85 12
37 85 12
37 85 12
37 85 12
37 85 12
37 85 12
37 85 12
37 85 12
37 85 12
37 85 12
37 85 12
37 85 12
100 145 22
90 150 22
90 150 12
80 154 22
80 154 12
71 158 22
71 158 12
71 158 12
71 158 12
71 158 12
71 158 12
71 158 12
71 158 12
63 162 22
63 162 12
63 162 12
63 162 12
63 162 12
63 162 12
63 162 12
63 162 12
63 162 12
63 162 12
63 162 12
63 162 12
63 162 12
63 162 12
63 162 12
63 162 12
63 162 12
63 162 12
63 162 12
63 162 12
63 162 12
74 72 22
74 72 12
74 72 12
74 72 12
74 72 12
74 72 12
74 72 12
74 72 12
74 72 12
74 82 22
74 82 12
74 82 12
74 82 12
74 82 12
74 82 12
74 82 12
74 82 12
74 82 12
74 82 12
74 82 12
74 82 12
74 82 12
74 82 12
74 82 12
74 82 12
74 82 12
75 62 22
75 62 12
75 62 12
75 62 12
75 62 12
75 62 12
75 62 12
75 62 12
75 62 12
75 62 12
75 62 12
75 52 22
75 52 12
75 52 12
75 52 12
75 52 12
75 41 22
75 41 12
73 92 22
73 92 12
73 92 12
73 92 12
73 92 12
73 92 12
73 92 12
73 92 12
73 92 12
73 92 12
73 92 12
73 92 12
73 92 12
73 92 12
73 92 12
73 92 12
73 92 12
73 92 12
73 92 12
73 92 12
73 92 12
73 92 12
59 192 22
59 192 12
59 192 12
57 179 22
57 179 12
57 179 12
57 179 12
57 179 12
57 179 12
57 179 12
57 179 12
57 179 12
57 179 12
28 80 22
28 80 12
28 80 12
28 80 12
28 80 12
28 80 12
28 80 12
28 80 12
28 80 12
28 80 12
28 80 12
28 80 12
28 80 12
28 80 12
28 80 12
28 80 12
28 80 12
28 80 12
28 80 12
28 80 12
28 80 12
28 80 12
28 80 12
28 80 12
28 80 12
28 80 12
28 80 12
28 80 12
28 80 12
28 80 12
28 80 12
28 80 12
28 80 12
28 80 12
28 80 12
28 80 12
28 80 12
28 80 12
28 80 12
28 80 12
28 80 12
28 80 12
28 80 12
28 80 12
28 80 12
28 80 12
28 80 12
28 80 12
28 80 12
28 80 12
28 80 12
28 80 12
28 80 12
28 80 12
28 80 12
28 80 12
28 80 12
28 80 12
28 80 12
28 80 12
28 80 12
28 80 12
28 80 12
28 80 12
28 80 12
28 80 12
28 80 12
28 80 12
28 80 12
55 167 22
55 167 12
55 167 12
55 167 12
55 167 12
55 167 12
55 167 12
55 167 12
55 167 12
55 167 12
55 167 12
55 167 12
55 167 12
55 167 12
55 167 12
55 167 12
55 167 12
55 167 12
55 167 12
55 167 12
55 167 12
55 167 12
55 167 12
55 167 12
55 167 12
55 167 12
55 167 12
55 167 12
55 167 12
55 167 12
55 167 12
55 167 12
55 167 12
55 167 12
55 167 12
55 167 12
55 167 12
55 167 12
55 167 12
55 167 12
55 167 12
55 167 12
55 167 12
55 167 12
55 167 12
55 167 12
55 167 12
55 167 12
55 167 12
55 167 12
55 167 12
55 167 12
55 167 12
55 167 12
55 167 12
55 167 12
55 167 12
55 167 12
55 167 12
55 167 12
55 167 12
55 167 12
55 167 12
84 45 22
84 45 12
84 45 12
84 56 22
84 56 12
84 56 12
84 56 12
84 56 12
84 56 12
84 56 12
84 56 12
84 56 12
84 56 12
84 56 12
84 56 12
84 56 12
84 56 12
84 56 12
84 56 12
84 66 22
84 66 12
84 66 12
84 66 12
84 66 12
84 66 12
84 66 12
84 66 12
84 66 12
84 66 12
84 66 12
84 66 12
84 66 12
84 66 12
84 66 12
84 66 12
84 66 12
84 66 12
84 66 12
84 66 12
83 76 22
83 76 12
83 76 12
83 76 12
83 76 12
83 76 12
83 76 12
83 76 12
83 76 12
83 76 12
83 76 12
83 76 12
82 86 22
82 86 12
82 86 12
82 86 12
82 86 12
82 86 12
82 86 12
82 86 12
82 86 12
82 86 12
82 86 12
82 86 12
82 86 12
82 86 12
82 86 12
82 86 12
82 86 12
82 86 12
82 86 12
82 86 12
82 86 12
82 86 12
82 86 12
82 86 12
82 86 12
82 86 12
82 86 12
82 86 12
82 86 12
82 86 12
82 86 12
82 86 12
82 86 12
82 86 12
82 86 12
124 172 22
124 172 12
124 172 12
124 172 12
124 172 12
124 172 12
124 172 12
124 172 12
124 172 12
124 172 12
124 172 12
124 172 12
124 172 12
124 172 12
124 172 12
124 172 12
124 172 12
124 172 12
124 172 12
124 172 12
141 86 22
141 86 12
141 86 12
141 86 12
141 86 12
141 86 12
141 86 12
141 86 12
141 86 12
141 86 12
141 86 12
141 86 12
141 86 12
141 86 12
141 86 12
141 86 12
141 86 12
141 86 12
141 86 12
141 86 12
141 86 12
141 86 12
141 86 12
141 86 12
141 86 12
141 86 12
141 86 12
141 86 12
141 86 12
141 86 12
141 86 12
141 86 12
141 86 12
141 86 12
141 86 12
141 86 12
141 86 12
141 86 12
141 86 12
162 69 22
162 69 12
162 69 12
152 73 22
152 73 12
152 73 12
152 73 12
152 73 12
152 73 12
152 73 12
152 73 12
152 73 12
152 73 12
152 73 12
152 73 12
152 73 12
172 64 22
84 34 22
84 34 12
84 34 12
84 34 12
84 34 12
84 34 12
74 29 22
74 29 12
74 29 12
74 29 12
74 29 12
74 29 12
74 29 12
83 22 22
83 22 12
83 22 12
83 22 12
83 22 12
83 22 12
83 22 12
83 22 12
83 22 12
83 11 483
83 11 12
83 11 12
83 11 12
83 11 12
83 11 12
83 11 12
83 12 427
83 12 12
83 12 12
83 12 12
83 12 12
83 12 12
83 12 12
83 12 12
83 12 12
83 12 12
83 13 375
83 13 12
83 13 12
83 13 12
83 13 12
83 13 12
83 13 12
83 13 12
83 13 12
83 13 12
83 13 12
83 14 329
83 14 12
83 14 12
83 14 12
83 14 12
83 14 12
83 14 12
83 14 12
83 14 12
83 14 12
83 14 12
83 15 288
83 15 12
83 15 12
83 15 12
83 15 12
83 15 12
83 15 12
83 15 12
83 15 12
83 15 12
83 16 252
83 16 12
83 16 12
83 16 12
83 16 12
83 16 12
83 16 12
83 16 12
83 17 220
83 17 12
83 17 12
83 17 12
83 17 12
83 17 12
83 18 192
83 18 12
83 18 12
83 18 12
83 19 168
83 19 12
83 19 12
83 20 146
83 20 12
83 21 128
83 21 12
82 22 90
82 22 12
82 22 12
82 23 74
82 23 12
82 23 12
82 23 12
82 24 60
82 24 12
82 24 12
82 24 12
81 24 46
81 24 12
81 24 12
81 24 12
81 24 12
81 25 32
81 25 12
81 25 12
81 25 12
81 25 12
81 25 12
81 26 20
81 26 12
81 26 12
81 26 12
81 26 12
81 26 12
81 26 12
81 27 15
81 27 12
81 27 12
81 27 12
81 27 12
81 27 12
81 27 12
80 27 15
80 27 12
80 27 12
80 27 12
80 27 12
80 27 12
80 27 12
79 27 15
79 27 12
79 27 12
79 27 12
79 27 12
79 27 12
79 27 12
79 28 15
79 28 12
79 28 12
79 28 12
79 28 12
79 28 12
79 28 12
78 28 15
78 28 12
78 28 12
78 28 12
78 28 12
78 28 12
78 28 12
78 29 15
78 29 12
78 29 12
78 29 12
78 29 12
78 29 12
78 30 15
78 30 12
78 30 12
78 30 12
78 30 12
78 30 12
77 30 15
77 30 12
77 30 12
77 30 12
77 30 12
77 30 12
77 31 15
77 31 12
77 31 12
77 31 12
77 31 12
77 32 15
77 32 12
77 32 12
77 32 12
77 32 12
76 32 15
76 32 12
76 32 12
76 32 12
76 32 12
76 33 15
76 33 12
76 33 12
76 33 12
76 34 15
76 34 12
76 34 12
76 34 12
76 35 15
76 35 12
76 35 12
75 35 15
75 35 12
75 35 12
75 35 12
75 36 15
75 36 12
75 36 12
74 36 27
74 36 12
73 36 43
72 36 57
71 36 68
70 36 76
69 36 80
68 36 80
67 36 78
66 36 72
64 36 55
64 36 12
63 36 44
63 36 12
62 36 34
62 36 12
62 36 12
61 36 23
61 36 12
61 36 12
60 36 15
60 36 12
60 36 12
59 36 15
59 36 12
59 36 12
58 36 15
58 36 12
58 36 12
57 36 15
57 36 12
57 36 12
56 36 15
56 36 12
56 36 12
55 36 15
55 36 12
55 36 12
54 36 15
54 36 12
54 36 12
53 36 15
53 36 12
53 36 12
52 36 15
52 36 12
52 36 12
52 36 12
51 36 15
51 36 12
51 36 12
51 36 12
50 36 15
50 36 12
50 36 12
49 36 15
49 36 12
49 36 12
48 36 15
48 36 12
48 36 12
47 36 15
47 36 12
47 36 12
46 36 18
46 36 12
46 37 23
46 37 12
46 35 15
46 35 12
46 35 12
46 34 15
46 34 12
46 34 12
46 33 15
46 33 12
46 33 12
45 33 15
45 33 12
45 32 15
45 32 12
45 32 12
44 32 15
44 32 12
44 31 15
44 31 12
44 31 12
43 31 15
43 31 12
43 31 12
42 31 15
42 31 12
42 30 15
42 30 12
42 30 12
41 30 15
41 30 12
41 30 12
40 30 15
40 30 12
40 30 12
40 29 15
40 29 12
40 29 12
39 29 15
39 29 12
39 29 12
39 28 15
39 28 12
39 28 12
38 28 15
38 28 12
38 28 12
38 27 15
38 27 12
38 27 12
38 27 12
37 27 15
37 27 12
37 27 12
37 26 15
37 26 12
37 26 12
37 26 12
37 25 15
37 25 12
37 25 12
37 25 12
36 25 15
36 25 12
36 25 12
36 25 12
35 25 15
35 25 12
35 25 12
34 25 15
34 25 12
34 25 12
33 25 15
33 25 12
32 25 15
32 25 12
31 25 15
31 25 12
31 24 15
31 24 12
30 24 15
30 24 12
29 24 15
29 24 12
28 24 15
28 24 12
28 23 15
28 23 12
28 22 15
28 22 12
27 22 15
27 22 12
27 21 15
27 21 12
27 20 15
27 20 12
26 20 15
26 20 12
26 19 15
26 19 12
26 18 15
26 18 12
26 18 12
25 18 15
25 18 12
25 18 12
24 18 15
24 18 12
24 18 12
23 18 15
23 18 12
23 18 12
22 18 15
22 18 12
22 18 12
21 18 15
21 18 12
21 18 12
20 18 15
20 18 12
20 18 12
19 18 15
19 18 12
18 18 15
18 18 12
17 18 15
17 18 12
16 18 15
16 18 12
112 153 15
112 152 15
112 151 15
113 151 15
114 151 15
115 151 15
115 150 15
116 150 15
117 150 15
118 150 15
119 150 15
120 150 15
121 150 15
121 149 15
122 149 15
122 148 15
122 147 15
121 151 15
121 152 15
121 152 12
121 153 15
121 153 12
120 153 15
120 153 12
119 153 16
119 154 19
119 155 23
119 156 26
119 157 28
119 157 12
119 158 30
119 158 12
119 159 31
119 159 12
119 159 12
119 160 30
119 160 12
119 160 12
119 161 28
119 161 12
119 161 12
119 161 12
119 161 12
119 162 24
119 162 12
119 162 12
119 162 12
119 162 12
119 162 12
119 163 19
119 163 12
119 163 12
119 163 12
119 163 12
119 163 12
119 163 12
119 164 15
119 164 12
119 164 12
119 164 12
119 164 12
119 164 12
119 164 12
119 164 12
119 164 12
119 165 15
119 165 12
119 165 12
119 165 12
119 165 12
119 165 12
119 165 12
119 165 12
119 165 12
119 166 15
119 166 12
119 166 12
119 166 12
119 166 12
119 166 12
119 166 12
119 166 12
119 166 12
119 166 12
119 167 15
119 167 12
119 167 12
119 167 12
119 167 12
119 167 12
119 167 12
119 167 12
119 167 12
119 167 12
119 168 15
119 168 12
119 168 12
119 168 12
119 168 12
119 168 12
119 168 12
119 168 12
119 168 12
119 168 12
119 169 15
119 169 12
119 169 12
119 169 12
119 169 12
119 169 12
119 169 12
119 169 12
119 169 12
119 169 12
119 169 12
119 170 15
119 170 12
119 170 12
119 170 12
119 170 12
119 170 12
119 170 12
119 170 12
119 170 12
119 170 12
119 170 12
118 170 15
118 170 12
118 170 12
118 170 12
118 170 12
118 170 12
118 170 12
118 170 12
118 170 12
117 170 15
117 170 12
117 170 12
117 170 12
117 170 12
117 170 12
117 170 12
117 170 12
117 171 15
117 171 12
117 171 12
117 171 12
117 171 12
117 171 12
117 171 12
117 171 12
117 172 15
117 172 12
117 172 12
117 172 12
117 172 12
117 172 12
117 172 12
117 172 12
116 172 15
116 172 12
116 172 12
116 172 12
116 172 12
116 172 12
116 172 12
115 172 15
115 172 12
115 172 12
115 172 12
115 172 12
115 172 12
115 173 15
115 173 12
115 173 12
115 173 12
115 173 12
115 173 12
114 173 15
114 173 12
114 173 12
114 173 12
114 173 12
113 173 15
113 173 12
113 173 12
113 173 12
113 174 15
113 174 12
113 174 12
113 174 12
113 174 12
112 174 15
112 174 12
112 174 12
112 174 12
111 174 15
111 174 12
111 174 12
111 175 15
111 175 12
111 175 12
111 175 12
110 175 15
110 175 12
110 175 12
109 175 15
109 175 12
109 175 12
108 175 15
108 175 12
108 175 12
107 175 15
107 175 12
107 175 12
107 176 15
107 176 12
107 176 12
106 176 15
106 176 12
106 176 12
105 176 15
105 176 12
105 176 12
104 176 15
104 176 12
104 176 12
104 177 15
104 177 12
104 177 12
104 178 15
104 178 12
104 178 12
104 179 15
104 179 12
104 179 12
104 180 15
104 180 12
104 180 12
104 181 15
104 181 12
104 181 12
103 182 15
103 182 12
103 182 12
103 182 12
102 182 15
102 182 12
102 182 12
101 182 15
101 182 12
101 182 12
101 183 15
101 183 12
101 183 12
101 183 12
100 183 15
100 183 12
100 183 12
99 183 15
99 183 12
99 183 12
99 184 15
99 184 12
99 184 12
98 184 15
98 184 12
98 184 12
97 184 15
97 184 12
97 184 12
96 184 15
96 184 12
96 185 15
96 185 12
95 185 15
95 185 12
94 186 15
94 186 12
93 186 15
93 186 12
92 186 15
92 186 12
91 186 15
91 186 12
90 186 15
90 186 12
89 186 15
89 186 12
88 186 15
88 186 12
87 186 15
87 186 12
86 186 15
86 186 12
86 187 15
86 187 12
86 188 15
86 188 12
85 189 15
85 189 12
84 189 15
84 189 12
83 189 15
83 189 12
82 189 15
82 189 12
82 190 15
82 190 12
81 190 15
81 190 12
80 190 15
80 190 12
79 190 15
79 190 12
79 190 12
78 190 15
78 190 12
78 190 12
78 191 15
78 191 12
78 192 15
78 192 12
77 192 15
77 192 12
77 193 15
77 193 12
76 194 15
76 194 12
75 194 15
75 194 12
75 195 15
75 195 12
74 195 15
74 196 15
73 196 15
72 196 15
72 197 15
71 197 15
71 198 15
70 198 15
69 198 15
123 146 15
124 146 15
125 146 15
126 146 15
126 146 12
126 145 15
126 144 15
127 144 15
128 144 15
128 144 12
129 144 15
129 144 12
130 144 15
130 144 12
131 144 15
131 144 12
132 144 15
132 144 12
133 144 15
133 144 12
134 144 15
134 144 12
134 144 12
135 144 15
135 144 12
135 144 12
136 144 15
136 144 12
136 144 12
136 144 12
137 144 15
137 144 12
137 144 12
137 144 12
138 144 15
138 144 12
138 144 12
138 144 12
138 144 12
139 144 15
139 144 12
139 144 12
139 144 12
139 144 12
140 144 15
140 144 12
140 144 12
140 144 12
140 144 12
141 144 15
141 144 12
141 144 12
141 144 12
141 144 12
141 144 12
142 144 15
142 144 12
142 144 12
142 144 12
142 144 12
143 144 15
143 144 12
143 144 12
143 144 12
143 144 12
144 144 28
144 144 12
144 144 12
144 144 12
162 109 15
162 109 12
162 108 15
162 108 12
162 107 15
162 107 12
162 106 15
162 106 12
162 105 15
162 105 12
162 104 15
162 104 12
162 103 15
162 103 12
162 102 15
162 102 12
162 101 15
162 101 12
162 100 15
162 100 12
163 99 15
163 99 12
163 98 15
163 98 12
164 98 15
164 98 12
164 97 15
164 97 12
165 97 15
165 97 12
165 96 15
165 96 12
165 95 15
165 95 12
165 94 15
165 94 12
165 93 15
165 93 12
165 92 15
165 92 12
165 92 12
165 91 15
165 91 12
165 91 12
166 91 15
166 91 12
166 91 12
167 91 15
167 91 12
168 91 15
168 91 12
169 91 15
169 91 12
169 90 15
169 90 12
170 90 15
170 90 12
170 89 15
170 89 12
170 88 15
170 88 12
170 87 15
170 87 12
170 86 15
170 86 12
170 85 15
170 85 12
170 84 15
170 84 12
170 83 15
170 83 12
170 82 15
170 82 12
170 81 15
170 81 12
170 80 15
170 80 12
170 79 15
170 79 12
170 78 15
170 78 12
170 77 15
170 77 12
170 76 15
170 76 12
171 76 15
171 76 12
171 75 15
171 75 12
113 152 15
114 152 15
114 150 15
114 149 15
114 148 15
114 148 12
114 147 15
114 147 12
114 146 15
114 146 12
114 145 15
114 145 12
114 144 15
114 144 12
114 143 15
114 143 12
114 142 15
114 142 12
114 141 15
114 141 12
114 140 15
114 140 12
114 139 15
114 139 12
114 138 15
114 138 12
115 138 15
115 138 12
115 137 15
115 137 12
115 136 15
115 136 12
115 135 15
115 135 12
115 134 15
115 134 12
115 133 15
115 133 12
115 132 15
115 132 12
115 131 15
115 131 12
115 130 15
115 130 12
115 129 15
115 129 12
115 128 15
115 128 12
115 128 12
115 127 15
115 127 12
115 127 12
115 126 15
115 126 12
115 126 12
115 126 12
115 125 15
115 125 12
115 125 12
115 125 12
115 125 12
115 124 15
115 124 12
115 124 12
115 124 12
115 124 12
115 124 12
115 123 15
115 123 12
115 123 12
115 123 12
115 123 12
115 123 12
115 123 12
115 122 15
115 122 12
115 122 12
115 122 12
115 122 12
115 122 12
115 122 12
115 122 12
115 121 15
115 121 12
115 121 12
115 121 12
115 121 12
115 121 12
115 121 12
115 121 12
115 121 12
115 120 15
115 120 12
115 120 12
115 120 12
115 120 12
115 120 12
115 120 12
115 120 12
115 120 12
115 120 12
115 119 15
115 119 12
115 119 12
115 119 12
115 119 12
115 119 12
115 119 12
115 119 12
115 119 12
115 119 12
115 118 15
115 118 12
115 118 12
115 118 12
115 118 12
115 118 12
115 118 12
115 118 12
115 118 12
115 118 12
115 118 12
116 118 15
116 118 12
116 118 12
116 118 12
116 118 12
116 118 12
116 118 12
116 118 12
116 118 12
117 118 24
117 118 12
117 118 12
117 118 12
117 118 12
117 118 12
117 118 12
118 118 41
118 118 12
118 118 12
118 118 12
118 118 12
119 118 59
119 118 12
119 118 12
111 154 15
110 154 15
109 154 15
108 154 15
108 155 15
107 155 15
107 155 12
106 155 15
106 155 12
105 155 15
105 155 12
105 156 15
105 156 12
104 156 15
104 156 12
103 156 15
103 156 12
102 156 15
102 156 12
102 157 15
102 157 12
101 157 15
100 158 15
99 158 15
98 158 15
97 158 15
96 158 15
96 159 15
95 159 15
95 160 15
94 160 15
94 160 12
93 160 15
93 160 12
93 161 15
93 161 12
92 161 15
92 161 12
91 161 15
91 161 12
90 162 15
90 162 12
89 162 15
89 162 12
88 162 15
88 162 12
87 162 15
87 162 12
86 162 15
86 162 12
85 162 15
85 162 12
84 162 15
84 162 12
84 163 15
84 163 12
83 163 15
83 163 12
82 163 15
82 163 12
81 163 15
81 163 12
