156 2 106
16 69 106
135 179 106
81 189 106
30 116 106
30 116 96
30 116 96
30 116 96
30 116 96
71 67 106
127 52 106
30 49 106
199 2 106
199 2 96
196 193 106
196 193 96
65 99 106
191 127 106
191 127 96
29 58 106
29 58 96
29 58 96
29 58 96
17 60 106
17 60 96
17 60 96
17 60 96
196 199 106
69 77 106
67 88 106
119 57 106
119 47 106
127 42 106
187 198 106
187 198 96
187 198 96
187 198 96
187 198 96
81 199 106
81 199 96
72 195 106
72 184 106
31 40 106
28 67 106
28 67 96
28 67 96
28 67 96
28 67 96
28 67 96
28 67 96
28 67 96
28 67 96
6 74 106
6 64 106
0 67 106
147 7 106
147 7 96
147 7 96
147 7 96
147 7 96
56 94 106
58 83 106
59 73 106
61 64 106
127 62 106
118 37 106
118 37 96
118 37 96
118 37 96
125 32 106
125 32 96
125 32 96
134 37 106
132 27 106
132 27 96
132 27 96
132 27 96
132 27 96
136 47 106
136 57 106
143 42 106
145 52 106
142 32 106
142 32 96
157 13 106
157 13 96
157 13 96
157 13 96
157 13 96
157 13 96
157 13 96
157 13 96
157 13 96
157 13 96
135 168 106
145 174 106
145 163 106
199 13 106
199 13 96
199 13 96
199 13 96
199 13 96
199 13 96
151 38 106
151 38 96
153 48 106
110 53 106
110 43 106
110 43 96
110 43 96
154 169 106
154 158 106
163 165 106
163 165 96
163 165 96
163 165 96
163 165 96
39 121 106
47 114 106
56 106 106
188 8 106
188 8 96
188 8 96
188 8 96
188 8 96
188 8 96
188 8 96
188 8 96
188 8 96
188 8 96
188 8 96
188 8 96
38 108 106
47 101 106
62 190 106
63 180 106
53 186 106
54 176 106
54 176 96
54 176 96
54 176 96
54 176 96
148 17 106
148 17 96
148 17 96
148 17 96
148 17 96
148 17 96
148 17 96
148 17 96
148 17 96
150 27 106
150 27 96
150 27 96
150 27 96
150 27 96
150 27 96
150 27 96
150 27 96
150 27 96
140 22 106
140 22 96
140 22 96
140 22 96
140 22 96
140 22 96
140 22 96
41 45 106
40 54 106
51 59 106
51 59 96
51 59 96
124 174 106
124 185 106
124 185 96
45 181 106
45 181 96
45 181 96
45 181 96
45 181 96
45 181 96
45 181 96
45 181 96
45 181 96
45 181 96
45 181 96
45 181 96
53 196 106
62 199 106
114 180 106
114 180 96
199 24 106
199 24 96
199 24 96
199 24 96
199 24 96
199 24 96
199 24 96
199 24 96
199 24 96
199 24 96
72 173 106
63 169 106
82 177 106
189 18 106
189 18 96
189 18 96
189 18 96
189 18 96
189 18 96
189 18 96
189 18 96
189 18 96
189 18 96
189 18 96
189 18 96
189 18 96
189 18 96
189 18 96
189 18 96
189 18 96
199 34 106
199 34 96
199 34 96
199 45 106
199 45 96
190 39 106
190 39 96
190 39 96
190 39 96
190 39 96
190 50 106
190 50 96
190 50 96
190 50 96
199 55 106
199 55 96
191 60 106
191 60 96
191 60 96
191 60 96
191 60 96
163 153 106
163 153 96
163 153 96
163 153 96
163 153 96
163 153 96
163 153 96
163 153 96
163 153 96
163 153 96
163 153 96
199 66 106
199 66 96
199 66 96
199 66 96
199 66 96
199 66 96
199 66 96
199 66 96
199 66 96
199 66 96
199 66 96
55 165 106
55 165 96
55 165 96
55 165 96
55 165 96
55 165 96
55 165 96
55 165 96
55 165 96
113 191 106
113 191 96
113 191 96
113 191 96
113 191 96
113 191 96
113 191 96
113 191 96
113 191 96
113 191 96
92 182 106
92 182 96
103 175 106
103 175 96
181 55 106
181 55 96
181 55 96
172 59 106
162 54 106
92 171 106
92 171 96
92 171 96
171 49 106
171 49 96
171 49 96
171 49 96
171 49 96
171 49 96
171 49 96
154 58 106
163 64 106
52 50 106
52 50 96
52 50 96
62 55 106
72 58 106
103 186 106
103 186 96
103 186 96
103 186 96
103 186 96
103 186 96
103 186 96
103 186 96
103 186 96
103 186 96
114 168 106
114 168 96
114 168 96
103 164 106
103 164 96
103 164 96
103 164 96
103 164 96
103 164 96
103 164 96
181 65 106
172 70 106
42 35 106
42 35 96
52 41 106
52 41 96
52 41 96
63 45 106
63 45 96
73 49 106
92 193 106
92 193 96
92 193 96
92 193 96
82 166 106
72 162 106
64 158 106
49 69 106
49 69 96
49 69 96
49 69 96
49 69 96
49 69 96
49 69 96
49 69 96
49 69 96
49 69 96
145 63 106
136 68 106
136 68 96
73 39 106
73 39 96
63 35 106
63 35 96
63 35 96
63 35 96
63 35 96
73 151 106
82 155 106
64 147 106
92 159 106
92 159 96
92 159 96
92 159 96
92 159 96
52 30 106
52 30 96
52 30 96
52 30 96
52 30 96
52 30 96
52 30 96
52 30 96
52 30 96
52 30 96
52 30 96
154 69 106
145 74 106
163 75 106
154 80 106
31 29 106
31 29 96
56 143 106
55 154 106
55 154 96
55 154 96
55 154 96
55 154 96
55 154 96
55 154 96
55 154 96
56 131 106
47 126 106
101 49 106
92 46 106
83 43 106
64 99 17
64 98 15
64 97 15
64 96 15
65 96 15
65 95 15
65 94 15
65 93 15
65 92 15
65 91 15
65 90 15
65 89 15
65 88 15
65 87 15
65 86 15
65 85 15
65 84 15
65 83 15
65 82 15
65 81 15
65 81 96
66 81 15
66 80 15
66 80 96
67 80 15
67 79 15
67 79 96
67 78 15
67 78 96
67 77 15
67 77 96
67 76 15
67 76 96
68 76 15
68 76 96
68 75 15
68 75 96
68 74 15
68 74 96
68 73 15
68 73 96
68 72 15
69 72 15
69 71 15
69 70 15
69 69 15
69 68 15
69 67 15
70 67 19
101 48 57
101 48 96
100 48 61
100 48 96
99 48 66
99 48 96
99 47 68
99 47 96
98 47 69
98 47 96
97 47 69
97 47 96
96 47 70
96 47 96
95 47 70
94 47 70
93 47 70
93 46 68
91 46 63
90 46 60
89 46 58
88 46 56
87 46 55
86 46 53
85 46 52
84 46 50
83 46 49
82 46 47
81 46 45
80 46 43
79 46 41
78 46 40
77 46 39
76 46 38
75 46 38
74 46 39
73 46 42
73 47 46
73 48 51
72 49 54
71 49 53
71 50 54
70 50 52
70 51 49
70 52 44
70 52 96
70 53 38
70 53 96
70 54 31
70 54 96
70 55 24
70 55 96
70 56 17
70 56 96
70 57 15
70 57 96
70 58 15
70 58 96
70 59 15
70 59 96
70 60 15
70 60 96
70 61 15
70 62 15
70 63 15
70 64 15
70 65 15
70 66 15
102 49 55
102 49 96
103 49 47
103 49 96
104 49 40
104 49 96
105 49 33
105 49 96
106 49 27
106 49 96
107 49 21
107 49 96
108 49 16
108 49 96
109 49 15
109 49 96
110 49 15
110 49 96
110 50 15
110 50 96
111 50 15
111 50 96
111 51 15
111 51 96
112 51 15
112 51 96
113 51 15
113 51 96
114 51 15
114 51 96
114 52 15
114 52 96
115 52 15
115 52 96
116 52 15
116 52 96
117 52 15
117 52 96
118 52 15
118 52 96
119 52 15
119 52 96
120 52 17
120 52 96
121 52 22
121 52 96
122 52 27
123 52 33
124 52 39
125 52 44
126 52 49
143 41 20
143 41 96
143 40 15
143 40 96
143 39 15
143 39 96
142 39 15
142 39 96
141 39 21
141 39 96
140 39 28
140 39 96
139 39 35
139 39 96
138 39 41
138 39 96
137 39 46
137 39 96
136 39 50
136 39 96
135 39 53
135 39 96
134 39 54
134 39 96
133 39 54
133 39 96
132 39 53
132 39 96
131 39 52
131 39 96
130 39 52
130 39 96
129 39 52
129 39 96
129 40 53
129 40 96
128 40 54
128 40 96
128 41 56
128 41 96
127 41 59
127 41 96
127 43 64
127 44 66
127 45 69
127 46 70
127 47 70
127 48 69
127 49 67
127 50 63
127 51 59
144 42 22
144 42 96
145 42 15
145 42 96
146 42 15
146 42 96
147 42 15
147 42 96
148 42 15
148 42 96
148 43 15
148 43 96
149 43 15
149 43 96
149 44 19
149 44 96
150 44 23
150 44 96
150 45 28
150 45 96
151 45 33
151 45 96
151 46 36
151 46 96
151 47 38
151 47 96
152 47 41
152 47 96
152 48 39
152 48 96
153 49 36
153 49 96
153 50 31
153 50 96
153 51 26
153 51 96
154 51 20
154 51 96
154 52 15
154 52 96
154 53 15
154 53 96
154 54 15
154 54 96
155 54 15
155 54 96
155 55 15
155 55 96
155 56 15
155 56 96
156 56 15
156 56 96
156 57 15
156 57 96
157 57 15
157 57 96
157 58 15
157 58 96
158 58 15
158 58 96
159 58 15
159 58 96
159 59 15
159 59 96
160 59 15
160 59 96
161 59 15
161 59 96
162 59 15
162 59 96
162 60 15
162 60 96
163 60 15
163 60 96
164 60 15
164 60 96
165 60 15
165 60 96
165 61 15
165 61 96
166 61 15
166 61 96
167 61 15
167 61 96
168 61 15
168 61 96
169 61 15
169 61 96
170 61 15
170 61 96
171 61 15
171 61 96
171 60 15
171 60 96
172 60 15
172 60 96
173 60 15
173 60 96
174 60 15
174 60 96
175 60 15
175 60 96
176 60 15
176 60 96
177 60 15
177 60 96
178 60 15
178 60 96
179 60 15
179 60 96
180 60 15
180 60 96
181 60 15
181 60 96
181 59 16
181 59 96
182 59 42
182 59 96
183 59 74
183 59 96
183 58 101
183 58 96
184 58 131
184 58 96
184 57 161
184 57 96
185 57 186
185 57 96
186 57 213
186 57 96
186 56 234
186 56 96
187 56 252
187 56 96
188 56 268
188 56 96
188 55 279
188 55 96
189 55 284
189 55 96
190 55 284
190 55 96
191 55 280
191 55 96
192 55 271
192 55 96
193 55 258
193 55 96
194 55 241
194 55 96
194 54 221
194 54 96
195 54 199
195 54 96
196 54 180
196 54 96
196 53 163
196 53 96
197 53 146
197 52 136
197 51 131
197 50 130
197 50 96
197 49 131
197 49 96
197 48 133
197 48 96
197 47 134
197 47 96
197 46 133
197 46 96
197 45 130
197 45 96
197 44 126
197 44 96
197 43 120
197 43 96
197 43 96
197 42 115
197 42 96
197 42 96
197 41 110
197 41 96
197 41 96
197 40 109
197 40 96
197 40 96
197 39 113
197 39 96
197 39 96
198 39 122
198 39 96
198 39 96
198 38 131
198 38 96
198 38 96
198 37 147
198 37 96
199 37 167
199 37 96
199 36 189
199 36 96
199 35 220
199 35 96
199 33 311
199 32 370
199 31 437
199 30 510
199 29 586
199 28 664
199 27 739
199 26 810
199 25 873
199 23 966
199 23 96
199 22 991
199 22 96
199 22 96
199 21 999
199 21 96
199 21 96
199 20 991
199 20 96
199 20 96
199 20 96
199 19 966
199 19 96
199 19 96
199 19 96
199 18 925
199 18 96
199 18 96
199 17 870
199 17 96
199 17 96
199 16 802
199 16 96
199 15 723
199 15 96
199 14 638
199 14 96
199 12 460
199 12 96
199 11 374
199 11 96
199 10 295
199 10 96
199 9 225
199 9 96
199 8 168
199 8 96
199 7 125
199 7 96
199 6 98
199 6 96
199 5 88
199 5 96
199 4 96
199 4 96
199 3 122
199 3 96
143 38 15
143 38 96
142 38 15
142 38 96
142 37 21
142 37 96
142 36 36
142 36 96
142 35 59
142 35 96
142 34 92
142 34 96
142 33 133
142 31 237
142 30 296
142 29 358
142 28 420
142 27 479
142 26 534
142 25 582
142 24 624
142 24 96
142 23 657
142 23 96
142 22 682
142 22 96
142 21 700
142 21 96
142 20 712
142 20 96
142 19 718
142 19 96
142 18 721
142 18 96
142 17 722
143 17 714
143 16 704
144 16 695
144 15 674
144 14 656
145 14 632
145 13 607
146 13 581
146 13 96
146 12 550
146 12 96
147 12 521
147 12 96
147 12 96
147 11 485
147 11 96
147 11 96
147 10 459
147 10 96
147 10 96
147 9 443
147 9 96
147 8 436
147 8 96
148 7 363
148 7 96
149 7 297
149 7 96
149 7 96
150 7 243
150 7 96
150 7 96
151 7 201
151 7 96
151 7 96
152 7 173
152 7 96
152 7 96
152 7 96
152 6 141
152 6 96
152 6 96
153 6 119
153 6 96
153 6 96
153 5 94
153 5 96
153 5 96
154 5 81
154 5 96
154 5 96
154 4 65
154 4 96
155 4 62
155 4 96
155 3 58
155 3 96
156 3 68
156 3 96
31 49 20
31 49 96
32 49 15
32 49 96
33 49 15
33 49 96
33 50 15
33 50 96
33 51 15
33 51 96
34 51 15
34 51 96
34 52 15
34 52 96
34 53 15
34 53 96
35 53 15
35 53 96
36 53 15
36 53 96
37 53 15
37 53 96
38 53 15
38 53 96
39 53 22
39 53 96
40 53 39
40 53 96
41 54 81
42 54 98
43 54 115
44 54 132
45 54 148
46 54 163
47 54 177
48 54 188
49 54 197
50 54 204
51 54 208
52 54 209
52 54 96
53 54 207
53 54 96
54 54 202
54 54 96
55 54 194
55 54 96
56 54 183
56 54 96
57 54 170
57 54 96
58 54 155
58 54 96
59 54 138
59 54 96
60 54 120
60 54 96
61 54 101
61 54 96
62 54 83
62 54 96
63 55 51
63 55 96
64 55 35
64 55 96
64 56 22
64 56 96
65 56 15
65 56 96
65 57 15
65 57 96
66 57 15
66 57 96
66 58 15
66 58 96
66 59 15
66 59 96
67 59 15
67 59 96
67 60 15
67 60 96
67 61 15
67 61 96
67 62 15
67 62 96
68 62 15
68 63 15
69 63 15
69 64 15
69 65 15
69 66 15
31 50 15
31 50 96
31 51 15
31 51 96
31 52 16
31 52 96
31 53 35
31 53 96
30 53 62
30 53 96
30 54 91
30 54 96
29 54 120
29 54 96
28 54 154
28 54 96
28 55 185
28 55 96
27 55 217
27 55 96
26 55 252
26 55 96
26 55 96
26 56 279
26 56 96
26 56 96
25 56 307
25 56 96
25 56 96
25 57 336
25 57 96
25 57 96
25 57 96
24 57 354
24 57 96
24 57 96
24 57 96
23 57 374
23 57 96
23 57 96
23 57 96
23 58 387
23 58 96
23 58 96
23 58 96
22 58 395
22 58 96
22 58 96
22 58 96
22 59 402
22 59 96
22 59 96
22 59 96
21 59 397
21 59 96
21 59 96
20 59 394
20 59 96
20 59 96
20 60 378
20 60 96
20 60 96
19 60 363
19 60 96
18 60 353
18 60 96
17 61 293
17 61 96
17 62 244
17 62 96
17 63 204
17 63 96
16 63 165
16 63 96
16 64 120
16 64 96
15 64 78
15 64 96
15 65 34
15 65 96
15 66 15
15 66 96
15 67 15
15 67 96
15 68 15
15 68 96
15 69 15
15 69 96
63 99 15
63 100 15
62 100 15
61 100 15
60 100 15
59 100 15
58 100 15
57 100 15
56 100 15
55 100 15
55 101 15
54 101 15
54 102 15
53 102 15
52 102 15
52 102 96
52 103 15
51 103 15
51 103 96
50 103 15
50 103 96
49 103 15
49 103 96
48 103 15
48 103 96
48 104 15
48 104 96
48 105 15
48 105 96
47 105 15
47 105 96
46 105 15
46 105 96
46 106 15
46 107 15
46 108 15
46 109 15
46 110 15
46 111 15
46 112 15
46 113 15
46 114 17
64 146 55
63 146 54
63 145 42
63 144 36
62 144 18
62 144 96
62 143 15
62 143 96
62 142 15
62 142 96
62 141 15
62 141 96
61 141 15
61 141 96
60 141 15
60 141 96
59 141 15
59 141 96
58 141 15
58 141 96
57 141 15
57 141 96
56 141 15
56 141 96
56 140 15
56 140 96
56 139 15
56 139 96
56 138 15
56 138 96
56 137 15
56 137 96
56 136 15
56 136 96
56 135 15
56 135 96
56 134 15
56 134 96
56 133 15
56 133 96
56 132 15
56 132 96
55 131 15
55 131 96
54 131 15
54 131 96
53 131 15
53 131 96
52 131 15
52 131 96
51 131 15
51 131 96
50 131 15
50 131 96
50 130 15
50 130 96
49 130 15
49 130 96
49 129 19
49 129 96
48 129 35
48 129 96
48 128 44
48 127 55
47 127 61
46 126 71
46 125 68
46 124 67
45 124 63
45 123 55
45 122 48
44 122 38
44 121 26
44 120 15
44 119 15
44 118 15
44 117 15
44 116 15
44 115 15
45 115 15
45 114 15
65 147 55
65 148 46
65 149 40
66 149 27
66 149 96
66 150 15
66 150 96
66 151 15
66 151 96
66 152 15
66 152 96
66 153 15
66 153 96
66 154 15
66 154 96
66 155 15
66 155 96
66 156 15
66 156 96
66 157 15
66 157 96
66 158 15
66 158 96
66 159 15
66 159 96
66 160 15
66 160 96
66 161 15
66 161 96
66 162 15
66 162 96
66 163 19
66 163 96
66 164 26
66 164 96
66 165 33
66 165 96
66 166 38
66 166 96
66 167 42
66 167 96
66 168 45
66 168 96
66 169 46
66 169 96
66 170 45
66 170 96
66 171 44
66 172 42
66 173 41
66 174 40
66 175 40
66 176 42
67 176 43
68 176 43
69 176 41
70 176 38
71 176 35
71 177 31
72 177 26
73 177 21
74 177 18
75 177 17
76 177 17
77 177 20
78 177 25
79 177 32
80 177 39
81 177 48
82 176 64
82 175 70
83 175 80
84 175 91
85 175 102
86 175 113
87 175 125
88 175 137
89 175 148
90 175 159
91 175 170
92 175 180
93 175 189
94 175 197
95 175 203
96 175 208
97 175 210
98 175 210
99 175 207
100 175 201
101 175 193
102 175 182
102 175 96
104 175 152
104 175 96
105 175 135
105 175 96
106 175 116
106 175 96
107 175 97
107 175 96
108 175 79
108 175 96
109 175 62
109 175 96
110 175 46
110 175 96
110 175 96
111 175 33
111 175 96
111 175 96
112 175 22
112 175 96
112 175 96
113 175 15
113 175 96
113 175 96
114 175 15
114 175 96
114 175 96
115 175 15
115 175 96
115 175 96
116 175 15
116 175 96
116 175 96
116 176 15
116 176 96
116 176 96
117 176 15
117 176 96
117 176 96
117 177 15
117 177 96
117 177 96
118 177 15
118 177 96
118 177 96
119 177 15
119 177 96
119 177 96
120 177 15
120 177 96
120 177 96
120 178 15
120 178 96
120 178 96
121 178 15
121 178 96
121 178 96
122 178 15
122 178 96
122 178 96
123 178 15
123 178 96
123 178 96
124 178 15
124 178 96
124 178 96
125 178 15
125 178 96
126 178 15
126 178 96
127 178 15
127 178 96
128 178 15
128 178 96
129 178 15
129 178 96
130 178 15
130 178 96
131 178 15
131 178 96
132 178 15
132 178 96
133 178 15
133 178 96
134 178 15
134 178 96
135 178 15
135 178 96
81 178 44
81 179 41
81 180 40
81 181 41
81 182 43
81 183 45
81 184 48
81 185 50
81 186 52
81 187 52
81 188 50
44 114 15
43 115 15
42 115 15
41 115 15
41 116 15
40 116 15
40 116 96
39 116 15
39 116 96
38 116 15
38 116 96
37 116 15
37 116 96
36 116 31
36 116 96
35 116 80
34 116 138
33 116 205
32 116 280
31 116 361
