41 67 58
20 144 58
107 62 58
178 47 58
120 12 58
68 180 58
77 100 58
50 72 58
50 61 58
50 61 48
50 61 48
50 61 48
50 61 48
50 61 48
50 61 48
50 61 48
50 61 48
50 61 48
50 61 48
50 61 48
50 61 48
50 61 48
50 61 48
50 61 48
50 61 48
50 61 48
50 61 48
40 78 58
50 83 58
98 67 58
98 67 48
98 67 48
98 56 58
29 139 58
20 133 58
107 51 58
59 77 58
59 77 48
68 94 58
68 94 48
68 94 48
68 94 48
68 94 48
68 94 48
68 94 48
68 94 48
68 94 48
68 94 48
68 94 48
68 94 48
68 94 48
68 94 48
68 94 48
68 94 48
68 94 48
68 94 48
68 94 48
86 107 58
87 95 58
31 73 58
31 62 58
10 139 58
10 139 48
10 139 48
10 139 48
10 139 48
10 139 48
10 139 48
116 57 58
115 47 58
115 47 48
124 53 58
124 53 48
124 53 48
124 53 48
29 127 58
123 43 58
123 43 48
123 43 48
123 43 48
123 43 48
123 43 48
123 43 48
123 43 48
123 43 48
123 43 48
123 43 48
123 43 48
123 43 48
123 43 48
123 43 48
123 43 48
123 43 48
39 134 58
39 122 58
76 112 58
48 129 58
48 129 48
48 129 48
48 129 48
48 129 48
48 129 48
129 7 58
129 7 48
129 7 48
129 7 48
129 7 48
129 7 48
129 7 48
129 7 48
129 7 48
129 7 48
129 7 48
129 7 48
129 7 48
129 7 48
129 7 48
129 7 48
125 63 58
134 59 58
134 59 48
134 59 48
134 59 48
134 59 48
134 59 48
134 59 48
134 59 48
134 59 48
134 59 48
134 59 48
134 59 48
134 59 48
134 59 48
134 59 48
134 59 48
134 59 48
134 59 48
116 68 58
107 73 58
106 41 58
106 41 48
106 41 48
106 41 48
106 41 48
106 41 48
106 41 48
106 41 48
106 41 48
106 41 48
106 41 48
111 17 58
111 6 58
120 1 58
120 1 48
120 1 48
120 1 48
120 1 48
120 1 48
120 1 48
21 68 58
21 57 58
21 57 48
21 57 48
21 57 48
21 57 48
21 57 48
21 57 48
21 57 48
21 57 48
21 57 48
21 57 48
21 57 48
21 57 48
125 74 58
116 79 58
48 117 58
48 117 48
48 117 48
57 123 58
57 123 48
57 123 48
57 123 48
57 123 48
57 123 48
57 123 48
57 123 48
57 123 48
57 123 48
57 123 48
57 123 48
57 123 48
57 123 48
57 123 48
57 123 48
57 123 48
102 11 58
103 21 58
94 16 58
95 26 58
95 26 48
95 26 48
95 26 48
95 26 48
95 26 48
95 26 48
95 26 48
95 26 48
95 26 48
95 26 48
95 26 48
95 26 48
12 63 58
12 63 48
12 63 48
12 63 48
12 63 48
12 63 48
12 63 48
12 63 48
12 63 48
12 63 48
12 63 48
12 63 48
12 63 48
12 63 48
12 63 48
12 63 48
12 63 48
12 63 48
12 63 48
12 63 48
12 63 48
12 63 48
12 63 48
21 79 58
21 79 48
31 83 58
40 88 58
30 94 58
30 94 48
30 94 48
30 94 48
30 94 48
30 94 48
30 94 48
30 94 48
30 94 48
30 94 48
30 94 48
30 94 48
30 94 48
30 94 48
30 94 48
30 94 48
30 94 48
10 150 58
10 150 48
10 150 48
10 150 48
10 150 48
10 150 48
10 150 48
106 84 58
106 84 48
106 84 48
106 84 48
106 84 48
97 89 58
97 89 48
97 89 48
97 89 48
97 89 48
97 89 48
97 89 48
97 89 48
97 89 48
97 89 48
49 94 58
48 105 58
48 105 48
48 105 48
48 105 48
48 105 48
48 105 48
58 111 58
58 111 48
67 106 58
67 106 48
119 12 15
119 12 48
118 12 15
118 13 15
117 13 15
116 13 15
116 14 15
115 14 15
114 14 15
113 14 15
113 15 15
112 15 15
111 15 15
111 16 15
110 17 15
109 17 15
108 17 15
108 18 15
107 18 15
106 18 15
106 19 15
106 20 55
106 21 124
106 22 200
106 23 280
106 24 363
106 25 446
106 26 526
106 27 602
106 28 670
106 29 728
106 30 776
106 31 812
106 32 834
106 33 842
106 34 838
106 35 819
106 36 789
106 37 749
106 38 699
106 39 642
106 40 580
106 40 48
106 42 450
106 43 386
106 44 324
106 45 267
106 46 215
106 47 170
107 47 130
107 48 95
107 49 67
107 50 46
107 52 24
107 53 19
107 54 19
106 54 15
106 55 15
106 56 15
106 57 15
106 58 15
106 59 15
106 60 15
106 61 15
106 62 15
77 101 15
77 102 15
76 102 15
75 102 15
75 103 15
74 103 15
74 104 15
73 104 15
73 104 48
73 105 15
73 105 48
73 106 15
73 107 15
72 107 15
72 107 48
71 107 15
71 107 48
71 108 15
71 108 48
71 109 15
70 109 15
70 109 48
69 109 15
69 109 48
68 109 15
68 109 48
68 110 15
68 110 48
67 110 15
67 110 48
66 110 15
66 110 48
65 110 17
65 110 48
64 110 32
64 110 48
63 110 44
62 110 53
61 110 60
60 110 65
59 110 67
58 110 69
58 110 48
58 109 68
58 109 48
57 109 70
57 109 48
57 109 48
56 109 72
56 109 48
56 109 48
56 109 48
55 109 78
55 109 48
55 109 48
55 109 48
55 109 48
55 109 48
55 108 84
55 108 48
55 108 48
55 108 48
55 108 48
55 108 48
55 108 48
54 108 91
54 108 48
54 108 48
54 108 48
54 108 48
54 108 48
54 108 48
54 108 48
54 107 102
54 107 48
54 107 48
54 107 48
54 107 48
54 107 48
54 107 48
54 107 48
54 107 48
54 107 48
53 107 111
53 107 48
53 107 48
53 107 48
53 107 48
53 107 48
53 107 48
53 107 48
53 107 48
53 107 48
53 106 121
53 106 48
53 106 48
53 106 48
53 106 48
53 106 48
53 106 48
53 106 48
53 106 48
53 106 48
52 106 134
52 106 48
52 106 48
52 106 48
52 106 48
52 106 48
52 106 48
52 106 48
52 106 48
52 106 48
52 105 141
52 105 48
52 105 48
52 105 48
52 105 48
52 105 48
52 105 48
52 105 48
52 105 48
52 104 149
52 104 48
52 104 48
52 104 48
52 104 48
52 104 48
52 104 48
52 103 157
52 103 48
52 103 48
52 103 48
52 103 48
52 103 48
51 103 158
51 103 48
51 103 48
51 103 48
51 102 157
51 102 48
51 102 48
51 101 155
51 101 48
50 101 152
50 101 48
50 100 140
50 99 127
50 98 115
49 98 101
49 97 81
49 96 64
49 95 49
48 94 15
48 94 48
48 93 15
48 93 48
48 92 15
48 92 48
48 91 15
48 91 48
48 90 15
48 90 48
48 89 15
48 89 48
47 89 15
46 89 15
46 88 15
46 87 15
45 87 15
45 86 15
44 86 15
44 85 15
43 85 15
43 84 15
43 83 15
43 82 15
43 81 15
43 80 15
43 79 15
43 78 15
43 77 15
42 77 15
42 76 15
42 75 15
42 74 15
42 73 15
41 73 15
41 72 15
41 71 15
41 70 15
41 69 15
41 68 15
57 111 84
57 111 48
56 111 86
56 111 48
56 111 48
55 111 89
55 111 48
55 111 48
55 111 48
54 111 95
54 111 48
54 111 48
54 111 48
54 111 48
53 111 104
53 111 48
53 111 48
53 111 48
53 111 48
53 111 48
53 112 114
53 112 48
53 112 48
53 112 48
53 112 48
52 112 124
52 112 48
52 112 48
52 112 48
52 112 48
52 113 131
52 113 48
52 113 48
52 113 48
52 113 48
51 113 141
51 113 48
51 113 48
51 113 48
51 114 144
51 114 48
51 114 48
51 114 48
51 115 151
51 115 48
51 115 48
50 115 150
50 115 48
50 115 48
50 116 149
50 116 48
50 116 48
49 116 146
49 116 48
49 117 138
49 117 48
48 118 118
48 118 48
48 118 48
48 119 107
48 119 48
48 119 48
48 119 48
47 119 90
47 119 48
47 119 48
47 119 48
47 120 74
47 120 48
47 120 48
47 120 48
47 120 48
46 120 56
46 120 48
46 120 48
46 120 48
46 120 48
46 121 36
46 121 48
46 121 48
46 121 48
46 121 48
46 121 48
46 121 48
45 121 19
45 121 48
45 121 48
45 121 48
45 121 48
45 121 48
45 122 15
45 122 48
45 122 48
45 122 48
45 122 48
45 122 48
45 122 48
44 122 15
44 122 48
44 122 48
44 122 48
44 122 48
44 122 48
43 122 15
43 122 48
43 122 48
43 122 48
43 122 48
42 122 15
42 122 48
42 122 48
42 122 48
41 122 15
41 122 48
41 122 48
41 122 48
40 122 15
40 122 48
40 122 48
39 123 15
39 123 48
38 123 15
38 123 48
38 124 15
38 124 48
38 125 15
38 125 48
38 126 15
38 126 48
38 127 15
38 127 48
37 127 15
37 127 48
36 127 15
36 127 48
35 127 15
35 127 48
34 127 15
34 127 48
33 127 15
33 127 48
32 127 15
32 127 48
31 127 15
31 127 48
30 127 15
30 127 48
29 128 15
29 128 48
29 129 15
29 129 48
28 129 15
28 129 48
27 129 15
27 129 48
27 130 15
27 130 48
27 131 15
27 131 48
26 131 15
26 131 48
26 132 15
26 132 48
25 132 15
25 132 48
24 132 15
24 133 15
23 133 15
22 133 15
21 133 15
20 134 15
20 135 15
20 136 15
20 137 15
20 138 15
20 139 15
20 140 15
20 141 15
20 142 15
20 143 15
