15 74 22
15 74 12
58 67 22
135 82 22
169 165 22
81 45 22
165 114 22
136 31 22
136 31 12
55 198 22
31 110 22
73 49 22
67 62 22
75 58 22
83 54 22
65 53 22
65 53 12
56 57 22
56 57 12
56 57 12
56 57 12
46 199 22
46 192 22
161 160 22
161 160 12
161 160 12
161 160 12
161 160 12
161 160 12
161 160 12
161 160 12
161 160 12
161 160 12
161 160 12
161 160 12
161 160 12
161 160 12
161 160 12
161 160 12
161 160 12
161 160 12
161 160 12
161 160 12
161 160 12
161 160 12
161 160 12
161 160 12
161 160 12
161 160 12
161 160 12
161 160 12
161 160 12
161 160 12
161 160 12
161 160 12
161 160 12
161 160 12
161 160 12
161 160 12
161 160 12
161 160 12
161 160 12
161 160 12
161 160 12
161 160 12
161 160 12
161 160 12
161 160 12
161 160 12
161 160 12
161 160 12
161 160 12
161 160 12
161 160 12
161 160 12
161 160 12
161 160 12
161 160 12
161 160 12
161 160 12
161 160 12
161 160 12
161 160 12
161 160 12
161 160 12
161 160 12
161 160 12
161 160 12
161 160 12
161 160 12
161 160 12
161 160 12
161 160 12
161 160 12
161 160 12
161 160 12
161 160 12
161 160 12
161 160 12
161 160 12
161 160 12
161 160 12
179 170 22
169 176 22
169 176 12
169 176 12
169 176 12
169 176 12
169 176 12
169 176 12
169 176 12
169 176 12
169 176 12
169 176 12
169 176 12
169 176 12
169 176 12
169 176 12
169 176 12
169 176 12
180 160 22
17 84 22
17 84 12
30 99 22
30 99 12
18 95 22
18 95 12
18 95 12
18 95 12
18 95 12
18 95 12
18 95 12
18 95 12
18 95 12
18 95 12
18 95 12
18 95 12
18 95 12
18 95 12
18 95 12
18 95 12
18 95 12
18 95 12
18 95 12
18 95 12
18 95 12
18 95 12
18 95 12
18 95 12
19 106 22
19 106 12
174 120 22
164 125 22
135 93 22
135 93 12
145 88 22
145 88 12
145 88 12
145 88 12
145 88 12
145 88 12
145 88 12
145 88 12
135 42 22
135 42 12
135 42 12
135 42 12
135 42 12
135 42 12
135 42 12
135 42 12
135 42 12
135 42 12
135 42 12
135 42 12
135 42 12
135 42 12
135 42 12
135 42 12
135 42 12
135 42 12
146 36 22
146 46 22
146 46 12
146 46 12
146 46 12
146 46 12
146 46 12
146 46 12
146 46 12
146 46 12
146 46 12
146 46 12
146 46 12
146 46 12
146 46 12
146 46 12
146 46 12
146 46 12
146 46 12
146 46 12
146 46 12
146 46 12
146 46 12
146 46 12
146 46 12
146 46 12
146 46 12
146 46 12
146 46 12
146 46 12
146 46 12
146 46 12
146 46 12
146 46 12
146 46 12
146 46 12
146 46 12
146 46 12
146 46 12
146 46 12
146 46 12
146 46 12
146 46 12
146 46 12
146 46 12
146 46 12
146 46 12
146 46 12
146 46 12
146 46 12
146 46 12
146 46 12
146 46 12
146 46 12
146 46 12
146 46 12
146 46 12
146 46 12
155 119 22
145 77 22
145 77 12
56 186 22
146 25 22
146 25 12
146 25 12
146 25 12
65 192 22
65 199 22
74 197 22
29 88 22
29 88 12
29 88 12
29 88 12
29 88 12
29 88 12
29 88 12
29 88 12
29 88 12
29 88 12
27 77 22
27 77 12
27 77 12
27 77 12
27 77 12
27 77 12
27 77 12
135 71 22
145 67 22
145 67 12
145 67 12
145 67 12
145 67 12
145 67 12
145 67 12
145 67 12
145 67 12
145 67 12
145 67 12
145 67 12
145 67 12
145 67 12
145 67 12
145 67 12
145 67 12
145 67 12
145 67 12
135 61 22
135 61 12
135 61 12
135 61 12
135 61 12
135 61 12
135 61 12
135 61 12
135 61 12
135 61 12
135 61 12
135 61 12
135 61 12
135 61 12
135 61 12
135 61 12
135 61 12
135 61 12
135 61 12
135 61 12
135 52 22
135 52 12
135 52 12
135 52 12
135 52 12
135 52 12
135 52 12
135 52 12
135 52 12
135 52 12
135 52 12
135 52 12
135 52 12
135 52 12
135 52 12
135 52 12
135 52 12
135 52 12
135 52 12
135 52 12
135 52 12
135 52 12
135 52 12
135 52 12
135 52 12
135 52 12
135 52 12
135 52 12
135 52 12
135 52 12
135 52 12
135 52 12
135 52 12
135 52 12
135 52 12
135 52 12
135 52 12
135 52 12
135 52 12
135 52 12
135 52 12
135 52 12
135 52 12
135 52 12
135 52 12
135 52 12
135 52 12
135 52 12
135 52 12
135 52 12
135 52 12
135 52 12
135 52 12
135 52 12
135 52 12
135 52 12
135 52 12
155 107 22
145 100 22
145 100 12
145 100 12
145 100 12
145 100 12
145 100 12
145 100 12
145 100 12
145 100 12
145 100 12
145 100 12
145 100 12
145 100 12
145 100 12
145 100 12
145 100 12
145 100 12
145 100 12
145 100 12
145 100 12
145 100 12
145 100 12
145 100 12
145 100 12
145 100 12
145 100 12
145 100 12
145 100 12
145 100 12
145 100 12
145 100 12
145 100 12
145 100 12
145 100 12
145 100 12
145 100 12
145 100 12
145 100 12
145 100 12
145 100 12
145 100 12
145 100 12
145 100 12
145 100 12
145 100 12
145 100 12
145 100 12
145 100 12
145 100 12
145 100 12
145 100 12
145 100 12
145 100 12
145 100 12
173 132 22
183 126 22
183 126 12
183 126 12
183 126 12
183 126 12
183 126 12
183 126 12
183 126 12
183 126 12
183 126 12
183 126 12
183 126 12
183 126 12
183 126 12
183 126 12
183 126 12
183 126 12
183 126 12
183 126 12
183 126 12
183 126 12
183 126 12
183 126 12
183 126 12
183 126 12
183 126 12
183 126 12
183 126 12
183 126 12
183 126 12
183 126 12
183 126 12
183 126 12
183 126 12
183 126 12
183 126 12
47 181 22
47 181 12
47 181 12
47 181 12
47 181 12
47 181 12
56 175 22
56 175 12
56 175 12
65 180 22
65 180 12
75 186 22
171 154 22
172 143 22
181 149 22
182 137 22
182 137 12
182 137 12
182 137 12
182 137 12
182 137 12
182 137 12
182 137 12
182 137 12
182 137 12
182 137 12
182 137 12
182 137 12
182 137 12
182 137 12
182 137 12
182 137 12
156 30 22
156 30 12
156 30 12
156 30 12
156 30 12
156 30 12
156 30 12
156 19 22
156 19 12
156 19 12
156 19 12
156 19 12
156 19 12
156 19 12
156 19 12
125 87 22
125 98 22
20 117 22
47 63 22
47 63 12
47 63 12
47 63 12
47 63 12
47 63 12
47 63 12
47 63 12
47 63 12
47 63 12
47 63 12
47 63 12
47 63 12
47 63 12
49 73 22
49 73 12
49 73 12
49 73 12
49 73 12
49 73 12
49 73 12
49 73 12
49 73 12
49 73 12
49 73 12
49 73 12
49 73 12
49 73 12
49 73 12
38 69 22
38 69 12
38 69 12
38 69 12
38 69 12
38 69 12
38 69 12
38 69 12
38 69 12
38 69 12
38 69 12
38 69 12
38 69 12
166 24 22
166 24 12
166 24 12
166 24 12
166 24 12
166 24 12
166 24 12
166 24 12
166 24 12
166 24 12
166 24 12
166 24 12
166 24 12
166 24 12
166 24 12
166 24 12
166 24 12
166 24 12
166 24 12
166 24 12
166 24 12
166 24 12
166 24 12
166 24 12
166 24 12
166 24 12
166 24 12
166 24 12
166 24 12
166 24 12
166 24 12
155 83 22
155 83 12
155 83 12
155 83 12
155 83 12
155 83 12
155 83 12
155 83 12
155 83 12
155 83 12
155 95 22
155 95 12
155 95 12
155 95 12
155 95 12
155 95 12
155 95 12
155 95 12
155 95 12
155 95 12
155 95 12
155 95 12
155 95 12
155 95 12
155 95 12
155 95 12
155 95 12
155 95 12
155 95 12
146 14 22
146 14 12
146 14 12
146 14 12
146 14 12
146 14 12
146 14 12
146 14 12
146 14 12
146 14 12
146 14 12
146 14 12
146 14 12
146 14 12
146 14 12
146 14 12
146 14 12
146 14 12
146 14 12
146 14 12
146 14 12
146 14 12
146 14 12
146 14 12
146 14 12
146 14 12
146 14 12
146 14 12
146 14 12
146 14 12
146 14 12
146 14 12
146 14 12
146 14 12
146 14 12
146 14 12
146 14 12
146 14 12
146 14 12
146 14 12
146 14 12
146 14 12
146 14 12
146 14 12
146 14 12
146 14 12
146 14 12
146 14 12
146 14 12
146 14 12
146 14 12
146 14 12
146 14 12
146 14 12
146 14 12
146 14 12
146 14 12
146 14 12
146 14 12
84 191 22
84 199 22
93 197 22
93 197 12
93 197 12
93 197 12
93 197 12
93 197 12
93 197 12
93 197 12
124 37 22
124 37 12
124 37 12
124 37 12
124 37 12
124 37 12
124 37 12
124 37 12
124 37 12
124 37 12
124 37 12
124 37 12
124 37 12
124 37 12
124 37 12
124 37 12
124 37 12
124 37 12
124 37 12
124 37 12
124 37 12
124 37 12
124 37 12
124 37 12
156 41 22
156 41 12
156 41 12
156 41 12
156 41 12
156 41 12
156 41 12
156 41 12
156 41 12
156 41 12
156 41 12
156 41 12
156 41 12
156 41 12
156 41 12
156 41 12
156 41 12
156 41 12
156 41 12
156 41 12
156 41 12
156 41 12
156 41 12
156 41 12
156 41 12
156 41 12
156 41 12
156 41 12
156 41 12
156 41 12
156 41 12
156 41 12
156 41 12
156 41 12
156 41 12
156 41 12
156 41 12
156 41 12
156 41 12
156 41 12
156 41 12
156 41 12
156 41 12
156 41 12
156 41 12
156 41 12
156 41 12
156 41 12
156 41 12
156 41 12
156 41 12
156 41 12
156 41 12
156 41 12
156 41 12
156 41 12
156 41 12
156 41 12
39 80 22
39 80 12
39 80 12
39 80 12
39 80 12
39 80 12
39 80 12
39 80 12
39 80 12
39 80 12
39 80 12
39 80 12
39 80 12
39 80 12
39 80 12
39 80 12
39 80 12
39 80 12
39 80 12
39 80 12
39 80 12
39 80 12
39 80 12
39 80 12
39 80 12
39 80 12
39 80 12
39 80 12
39 80 12
39 80 12
39 80 12
39 80 12
39 80 12
39 80 12
39 80 12
39 80 12
39 80 12
39 80 12
39 80 12
39 80 12
39 80 12
39 80 12
39 80 12
39 80 12
39 80 12
39 80 12
39 80 12
39 80 12
39 80 12
39 80 12
39 80 12
39 80 12
39 80 12
39 80 12
39 80 12
39 80 12
39 80 12
39 80 12
39 80 12
39 80 12
26 66 22
26 66 12
26 66 12
26 66 12
26 66 12
26 66 12
26 66 12
26 66 12
26 66 12
26 66 12
26 66 12
26 66 12
26 66 12
26 66 12
26 66 12
26 66 12
26 66 12
26 66 12
26 66 12
26 66 12
26 66 12
26 66 12
26 66 12
26 66 12
26 66 12
26 66 12
26 66 12
26 66 12
26 66 12
26 66 12
26 66 12
165 13 22
156 8 22
156 8 12
156 8 12
165 2 22
174 7 22
175 18 22
175 18 12
175 18 12
175 18 12
175 18 12
175 18 12
175 18 12
175 18 12
175 18 12
175 18 12
175 18 12
175 18 12
175 18 12
175 18 12
175 18 12
175 18 12
175 18 12
175 18 12
175 18 12
175 18 12
175 18 12
175 18 12
175 18 12
175 18 12
175 18 12
175 18 12
175 18 12
175 18 12
175 18 12
175 18 12
175 18 12
175 18 12
175 18 12
175 18 12
175 18 12
175 18 12
175 18 12
175 18 12
175 18 12
175 18 12
175 18 12
175 18 12
175 18 12
175 18 12
175 18 12
175 18 12
175 18 12
175 18 12
175 18 12
175 18 12
175 18 12
175 18 12
175 18 12
175 18 12
175 18 12
175 18 12
175 18 12
175 18 12
175 18 12
175 18 12
175 18 12
175 18 12
36 197 22
37 186 22
27 191 22
27 191 12
27 191 12
27 191 12
27 191 12
27 191 12
27 191 12
27 191 12
27 191 12
27 199 22
18 196 22
18 196 12
18 196 12
18 196 12
18 196 12
18 196 12
18 196 12
18 196 12
18 196 12
18 196 12
18 196 12
18 196 12
18 196 12
18 196 12
18 196 12
165 101 22
166 35 22
166 35 12
166 35 12
166 35 12
166 35 12
166 35 12
166 35 12
166 35 12
166 35 12
166 35 12
166 35 12
166 35 12
166 35 12
166 35 12
166 35 12
166 35 12
166 35 12
166 35 12
166 35 12
166 35 12
166 35 12
166 35 12
166 35 12
166 35 12
166 35 12
166 35 12
166 35 12
165 90 22
165 90 12
165 90 12
165 90 12
165 90 12
165 90 12
165 90 12
165 90 12
165 90 12
165 90 12
165 90 12
165 90 12
165 90 12
165 90 12
165 90 12
165 90 12
165 90 12
165 90 12
165 90 12
165 90 12
165 90 12
165 90 12
165 90 12
165 90 12
165 90 12
165 90 12
165 90 12
165 90 12
165 90 12
165 90 12
165 90 12
165 90 12
165 90 12
165 90 12
165 90 12
165 90 12
165 90 12
165 90 12
165 90 12
165 90 12
165 90 12
165 90 12
165 90 12
165 90 12
165 90 12
165 90 12
165 90 12
165 90 12
165 90 12
165 90 12
165 90 12
165 90 12
165 90 12
165 90 12
165 90 12
165 90 12
165 90 12
165 90 12
165 90 12
165 90 12
165 90 12
165 90 12
165 90 12
165 90 12
165 90 12
165 90 12
175 108 22
48 169 22
48 169 12
48 169 12
48 169 12
48 169 12
48 169 12
48 169 12
48 169 12
48 169 12
48 169 12
48 169 12
48 169 12
48 169 12
48 169 12
48 169 12
48 169 12
48 169 12
48 169 12
48 169 12
48 169 12
48 169 12
48 169 12
48 169 12
48 169 12
48 169 12
48 169 12
48 169 12
48 169 12
48 169 12
48 169 12
48 169 12
38 174 22
38 174 12
38 174 12
38 174 12
38 174 12
38 174 12
38 174 12
38 174 12
38 174 12
38 174 12
38 174 12
38 174 12
38 174 12
38 174 12
38 174 12
38 174 12
38 174 12
38 174 12
38 174 12
38 174 12
38 174 12
38 174 12
38 174 12
38 174 12
38 174 12
38 174 12
38 174 12
38 174 12
38 174 12
38 174 12
38 174 12
38 174 12
38 174 12
38 174 12
38 174 12
38 174 12
38 174 12
38 174 12
38 174 12
38 174 12
38 174 12
38 174 12
38 174 12
38 174 12
38 174 12
38 174 12
38 174 12
38 174 12
38 174 12
38 174 12
38 174 12
38 174 12
38 174 12
38 174 12
38 174 12
38 174 12
38 174 12
38 174 12
38 174 12
38 174 12
38 174 12
38 174 12
38 174 12
38 174 12
38 174 12
38 174 12
38 174 12
38 174 12
38 174 12
38 174 12
38 174 12
57 163 22
57 163 12
57 163 12
57 163 12
57 163 12
57 163 12
57 163 12
57 163 12
57 163 12
57 163 12
57 163 12
57 163 12
57 163 12
57 163 12
57 163 12
57 163 12
57 163 12
57 163 12
57 163 12
57 163 12
57 163 12
57 163 12
57 163 12
57 163 12
57 163 12
57 163 12
57 163 12
57 163 12
57 163 12
57 163 12
57 163 12
57 163 12
57 163 12
57 163 12
57 163 12
57 163 12
57 163 12
57 163 12
57 163 12
57 163 12
183 1 22
183 1 12
183 1 12
183 1 12
183 1 12
183 1 12
183 1 12
183 12 22
183 12 12
183 12 12
183 12 12
183 12 12
183 12 12
183 12 12
183 12 12
183 12 12
183 12 12
183 12 12
183 12 12
183 12 12
183 12 12
183 12 12
183 12 12
183 12 12
183 12 12
183 12 12
183 12 12
183 12 12
183 12 12
183 12 12
183 12 12
183 12 12
183 12 12
183 12 12
183 12 12
183 12 12
183 12 12
183 12 12
183 12 12
183 12 12
183 12 12
183 12 12
183 12 12
183 12 12
183 12 12
183 12 12
183 12 12
183 12 12
183 12 12
183 12 12
183 12 12
183 12 12
183 12 12
183 12 12
183 12 12
183 12 12
183 12 12
183 12 12
183 12 12
183 12 12
183 12 12
183 12 12
183 12 12
183 12 12
183 12 12
183 12 12
183 12 12
183 12 12
183 12 12
183 12 12
183 12 12
183 12 12
183 12 12
183 12 12
183 12 12
183 12 12
183 12 12
183 12 12
183 12 12
183 12 12
183 12 12
183 12 12
183 12 12
183 12 12
183 12 12
175 29 22
175 29 12
175 29 12
175 29 12
175 29 12
175 29 12
175 29 12
175 29 12
175 29 12
175 29 12
175 29 12
175 29 12
175 29 12
175 29 12
175 29 12
175 29 12
175 29 12
175 29 12
175 29 12
175 29 12
175 29 12
175 29 12
175 29 12
175 29 12
175 29 12
175 29 12
175 29 12
175 29 12
175 40 22
175 40 12
184 34 22
184 34 12
184 34 12
184 34 12
184 34 12
184 34 12
184 34 12
184 34 12
184 34 12
184 34 12
184 34 12
184 34 12
184 34 12
184 34 12
184 34 12
184 34 12
184 34 12
184 34 12
184 34 12
184 34 12
184 34 12
184 34 12
184 34 12
184 34 12
184 34 12
184 34 12
184 34 12
184 34 12
184 34 12
184 34 12
184 34 12
184 34 12
184 34 12
184 34 12
184 45 22
175 51 22
184 56 22
92 51 22
92 51 12
92 51 12
91 41 22
91 41 12
91 41 12
91 41 12
91 41 12
91 41 12
91 41 12
91 41 12
91 41 12
91 41 12
91 41 12
91 41 12
91 41 12
91 41 12
91 41 12
91 41 12
91 41 12
91 41 12
91 41 12
91 41 12
91 41 12
91 41 12
91 41 12
91 41 12
91 41 12
91 41 12
91 41 12
91 41 12
91 41 12
91 41 12
91 41 12
91 41 12
91 41 12
91 41 12
91 41 12
91 41 12
91 41 12
91 41 12
91 41 12
91 41 12
91 41 12
91 41 12
91 41 12
91 41 12
91 41 12
91 41 12
91 41 12
91 41 12
91 41 12
91 41 12
91 41 12
91 41 12
91 41 12
91 41 12
91 41 12
91 41 12
91 41 12
91 41 12
91 41 12
91 41 12
91 41 12
93 60 22
102 56 22
102 56 12
102 56 12
102 56 12
102 56 12
102 56 12
102 56 12
102 56 12
102 56 12
102 56 12
102 56 12
102 56 12
102 56 12
102 56 12
102 56 12
102 56 12
102 56 12
102 56 12
102 56 12
102 56 12
102 56 12
102 56 12
102 56 12
102 56 12
102 56 12
102 56 12
102 56 12
102 56 12
102 56 12
102 56 12
102 56 12
102 56 12
102 56 12
102 56 12
102 56 12
102 56 12
85 63 22
77 67 22
77 67 12
77 67 12
77 67 12
77 67 12
77 67 12
77 67 12
77 67 12
71 40 22
71 40 12
63 43 22
63 43 12
63 43 12
63 43 12
63 43 12
63 43 12
63 43 12
63 43 12
63 43 12
63 43 12
63 43 12
63 43 12
63 43 12
63 43 12
63 43 12
63 43 12
63 43 12
63 43 12
63 43 12
63 43 12
63 43 12
63 43 12
55 48 22
55 48 12
55 48 12
55 48 12
55 48 12
55 48 12
55 48 12
55 48 12
55 48 12
55 48 12
55 48 12
55 48 12
55 48 12
55 48 12
55 48 12
55 48 12
55 48 12
55 48 12
55 48 12
55 48 12
55 48 12
55 48 12
55 48 12
55 48 12
55 48 12
55 48 12
55 48 12
55 48 12
55 48 12
55 48 12
55 48 12
55 48 12
55 48 12
55 48 12
55 48 12
55 48 12
55 48 12
55 48 12
55 48 12
55 48 12
55 48 12
55 48 12
55 48 12
55 48 12
55 48 12
55 48 12
55 48 12
55 48 12
55 48 12
55 48 12
55 48 12
55 48 12
55 48 12
55 48 12
55 48 12
55 48 12
66 169 22
66 169 12
66 169 12
66 169 12
66 169 12
66 169 12
66 169 12
66 169 12
66 169 12
66 169 12
66 169 12
66 169 12
66 169 12
66 169 12
66 169 12
66 169 12
66 169 12
66 169 12
66 169 12
66 169 12
66 169 12
66 169 12
66 169 12
66 169 12
66 169 12
66 169 12
66 169 12
66 169 12
66 169 12
66 169 12
66 169 12
66 169 12
66 169 12
66 169 12
66 169 12
66 169 12
66 169 12
66 169 12
66 169 12
66 169 12
66 169 12
66 169 12
66 169 12
66 169 12
66 169 12
75 174 22
75 174 12
75 174 12
75 174 12
75 174 12
75 174 12
75 174 12
75 174 12
75 174 12
75 174 12
75 174 12
75 174 12
75 174 12
75 174 12
75 174 12
75 174 12
75 174 12
75 174 12
75 174 12
75 174 12
75 174 12
75 174 12
75 174 12
75 174 12
75 174 12
75 174 12
75 174 12
75 174 12
75 174 12
75 174 12
75 174 12
75 174 12
75 174 12
75 174 12
75 174 12
75 174 12
84 180 22
94 185 22
94 185 12
94 185 12
166 46 22
166 46 12
166 46 12
166 46 12
166 46 12
166 46 12
166 46 12
166 46 12
166 46 12
166 46 12
166 46 12
166 46 12
166 46 12
166 46 12
166 46 12
166 46 12
166 46 12
166 46 12
166 46 12
166 46 12
166 46 12
166 46 12
166 46 12
166 46 12
166 46 12
166 46 12
166 46 12
166 46 12
166 46 12
166 46 12
166 46 12
166 46 12
166 46 12
166 46 12
166 46 12
193 51 22
199 56 22
193 62 22
199 67 22
199 67 12
184 114 22
184 114 12
184 114 12
94 174 22
94 174 12
94 174 12
94 174 12
94 174 12
94 174 12
94 174 12
94 174 12
94 174 12
94 174 12
94 174 12
94 174 12
94 174 12
94 174 12
94 174 12
94 174 12
155 72 22
155 72 12
155 72 12
155 72 12
155 72 12
155 72 12
155 72 12
155 72 12
155 72 12
155 72 12
155 72 12
155 72 12
155 72 12
155 72 12
155 72 12
155 72 12
155 72 12
155 72 12
155 72 12
155 72 12
155 72 12
155 72 12
155 72 12
155 72 12
155 72 12
155 72 12
155 72 12
155 72 12
155 72 12
155 72 12
155 72 12
155 72 12
155 72 12
155 72 12
155 72 12
155 72 12
155 72 12
155 72 12
155 72 12
155 72 12
155 72 12
155 72 12
155 72 12
155 72 12
155 72 12
155 72 12
155 72 12
155 72 12
155 72 12
155 72 12
155 72 12
155 72 12
155 72 12
155 72 12
155 72 12
155 72 12
155 72 12
155 72 12
155 72 12
155 72 12
155 72 12
155 72 12
155 72 12
155 72 12
155 72 12
155 72 12
155 72 12
155 72 12
155 72 12
155 72 12
155 72 12
155 72 12
155 72 12
155 72 12
155 72 12
163 137 22
154 131 22
103 179 22
103 179 12
103 179 12
103 179 12
103 179 12
103 179 12
103 179 12
103 179 12
103 179 12
103 179 12
103 179 12
103 179 12
103 179 12
103 179 12
103 179 12
103 179 12
103 179 12
103 179 12
103 179 12
103 179 12
103 179 12
103 179 12
103 179 12
103 179 12
103 179 12
103 179 12
103 179 12
103 179 12
103 179 12
103 179 12
103 179 12
103 179 12
103 179 12
103 179 12
103 179 12
103 179 12
103 179 12
103 179 12
103 179 12
103 179 12
103 179 12
103 179 12
103 179 12
103 179 12
103 179 12
103 179 12
103 179 12
103 179 12
103 179 12
103 179 12
103 179 12
103 179 12
103 179 12
103 179 12
103 179 12
103 179 12
103 179 12
103 179 12
103 179 12
103 179 12
103 179 12
103 179 12
103 179 12
103 179 12
103 179 12
103 179 12
103 179 12
103 179 12
103 179 12
103 179 12
103 179 12
62 34 22
62 34 12
62 34 12
62 34 12
62 34 12
62 34 12
62 34 12
62 34 12
62 34 12
71 30 22
71 30 12
71 30 12
71 30 12
71 30 12
86 73 22
86 73 12
86 73 12
86 73 12
86 73 12
86 73 12
86 73 12
86 73 12
86 73 12
86 73 12
86 73 12
86 73 12
95 69 22
95 69 12
95 69 12
103 65 22
103 65 12
103 65 12
103 65 12
103 65 12
103 65 12
103 65 12
103 65 12
103 65 12
103 65 12
103 65 12
103 65 12
103 65 12
103 65 12
103 65 12
103 65 12
103 65 12
103 65 12
103 65 12
103 65 12
103 65 12
103 65 12
103 65 12
103 65 12
103 65 12
103 65 12
103 65 12
103 65 12
103 65 12
103 65 12
103 65 12
103 65 12
103 65 12
103 65 12
103 65 12
103 65 12
103 65 12
103 65 12
103 65 12
103 65 12
103 65 12
103 65 12
103 65 12
103 65 12
103 65 12
103 65 12
103 65 12
103 65 12
103 65 12
103 65 12
103 65 12
103 65 12
103 65 12
103 65 12
103 65 12
103 65 12
103 65 12
103 65 12
103 65 12
103 65 12
103 65 12
103 65 12
103 65 12
103 65 12
103 65 12
103 65 12
103 65 12
96 79 22
96 79 12
96 79 12
96 79 12
96 79 12
96 79 12
96 79 12
96 79 12
96 79 12
96 79 12
96 79 12
96 79 12
96 79 12
85 168 22
85 168 12
85 168 12
85 168 12
85 168 12
85 168 12
85 168 12
85 168 12
85 168 12
85 168 12
85 168 12
85 168 12
85 168 12
85 168 12
85 168 12
85 168 12
85 168 12
85 168 12
85 168 12
85 168 12
85 168 12
85 168 12
85 168 12
85 168 12
199 45 22
199 45 12
199 45 12
199 45 12
193 39 22
193 39 12
193 39 12
193 39 12
193 39 12
193 39 12
193 39 12
193 39 12
193 39 12
193 39 12
193 39 12
193 39 12
193 39 12
193 39 12
193 39 12
193 39 12
193 39 12
193 39 12
193 39 12
193 39 12
193 39 12
193 39 12
193 39 12
193 39 12
193 39 12
193 39 12
193 39 12
193 39 12
193 39 12
193 39 12
193 39 12
193 39 12
193 39 12
193 39 12
193 39 12
193 39 12
193 39 12
193 39 12
193 39 12
193 39 12
193 39 12
193 73 22
193 73 12
193 73 12
193 73 12
193 73 12
184 67 22
184 67 12
175 62 22
175 62 12
175 62 12
175 62 12
145 56 22
145 56 12
145 56 12
145 56 12
145 56 12
145 56 12
145 56 12
145 56 12
145 56 12
145 56 12
145 56 12
145 56 12
145 56 12
145 56 12
145 56 12
145 56 12
145 56 12
145 56 12
145 56 12
145 56 12
145 56 12
145 56 12
145 56 12
145 56 12
145 56 12
145 56 12
145 56 12
145 56 12
145 56 12
145 56 12
145 56 12
145 56 12
145 56 12
145 56 12
145 56 12
145 56 12
145 56 12
145 56 12
145 56 12
145 56 12
145 56 12
145 56 12
145 56 12
145 56 12
145 56 12
145 56 12
145 56 12
145 56 12
145 56 12
145 56 12
145 56 12
145 56 12
145 56 12
145 56 12
145 56 12
145 56 12
145 56 12
145 56 12
145 56 12
145 56 12
145 56 12
145 56 12
145 56 12
145 56 12
145 56 12
145 56 12
145 56 12
145 56 12
145 56 12
145 56 12
145 56 12
145 56 12
103 191 22
103 191 12
103 191 12
103 191 12
103 191 12
103 191 12
103 191 12
103 191 12
103 191 12
103 191 12
103 191 12
103 191 12
103 191 12
103 191 12
103 191 12
103 191 12
103 191 12
103 191 12
103 191 12
103 191 12
103 191 12
103 191 12
103 191 12
103 191 12
103 191 12
103 191 12
103 191 12
103 191 12
103 191 12
103 191 12
103 191 12
103 191 12
103 191 12
103 191 12
103 191 12
103 191 12
103 191 12
103 191 12
103 191 12
103 191 12
103 191 12
103 191 12
103 191 12
103 191 12
103 191 12
103 191 12
103 191 12
103 191 12
103 191 12
103 191 12
103 191 12
103 191 12
103 191 12
103 191 12
103 191 12
103 191 12
103 191 12
103 191 12
103 191 12
103 191 12
103 191 12
103 191 12
103 191 12
103 191 12
103 191 12
103 191 12
103 191 12
103 191 12
103 191 12
103 191 12
103 191 12
103 191 12
103 191 12
103 191 12
103 191 12
103 191 12
103 191 12
103 191 12
103 191 12
103 191 12
103 191 12
103 191 12
103 191 12
103 191 12
103 191 12
103 191 12
103 191 12
103 191 12
103 191 12
103 191 12
61 24 22
61 24 12
71 20 22
62 14 22
199 79 22
199 79 12
199 79 12
199 79 12
199 79 12
199 79 12
199 79 12
199 79 12
199 79 12
199 79 12
199 79 12
199 79 12
199 79 12
199 79 12
199 79 12
199 79 12
199 79 12
199 79 12
199 79 12
199 79 12
199 79 12
199 79 12
199 79 12
199 79 12
199 79 12
199 79 12
199 79 12
199 79 12
199 79 12
199 79 12
199 79 12
199 79 12
199 79 12
199 79 12
199 79 12
199 79 12
199 79 12
199 79 12
199 79 12
199 79 12
199 79 12
199 79 12
199 79 12
199 79 12
199 79 12
199 79 12
199 79 12
199 79 12
199 79 12
199 79 12
199 79 12
71 9 22
145 124 22
145 112 22
145 112 12
145 112 12
145 112 12
145 112 12
135 117 22
135 117 12
135 117 12
135 117 12
135 105 22
135 105 12
135 105 12
135 105 12
135 105 12
135 105 12
135 105 12
135 105 12
135 105 12
135 105 12
135 105 12
135 105 12
135 105 12
135 105 12
135 105 12
135 105 12
125 110 22
125 110 12
125 110 12
125 110 12
125 110 12
125 110 12
125 110 12
76 162 22
76 162 12
76 162 12
76 162 12
76 162 12
76 162 12
76 162 12
76 162 12
76 162 12
76 162 12
76 162 12
76 162 12
76 162 12
76 162 12
76 162 12
76 162 12
76 162 12
76 162 12
76 162 12
76 162 12
76 162 12
76 162 12
76 162 12
76 162 12
76 162 12
76 162 12
76 162 12
76 162 12
76 162 12
76 162 12
76 162 12
76 162 12
76 162 12
76 162 12
76 162 12
76 162 12
76 162 12
76 162 12
76 162 12
76 162 12
76 162 12
76 162 12
76 162 12
76 162 12
76 162 12
76 162 12
76 162 12
76 162 12
76 162 12
76 162 12
76 162 12
76 162 12
76 162 12
76 162 12
76 162 12
76 162 12
76 162 12
76 162 12
76 162 12
76 162 12
76 162 12
76 162 12
76 162 12
76 162 12
76 162 12
76 162 12
76 162 12
76 162 12
76 162 12
76 162 12
76 162 12
76 162 12
76 162 12
76 162 12
76 162 12
76 162 12
76 162 12
76 162 12
76 162 12
76 162 12
76 162 12
76 162 12
76 162 12
76 162 12
76 162 12
76 162 12
76 162 12
76 162 12
76 162 12
76 162 12
76 162 12
76 162 12
76 162 12
76 162 12
76 162 12
76 162 12
76 162 12
76 162 12
76 162 12
102 47 22
102 47 12
102 47 12
102 47 12
102 47 12
102 47 12
102 47 12
102 47 12
102 47 12
102 47 12
113 42 22
113 42 12
113 42 12
113 42 12
113 42 12
113 42 12
113 42 12
113 42 12
113 42 12
113 42 12
113 42 12
113 42 12
113 42 12
113 42 12
113 42 12
9 199 22
9 199 12
9 199 12
9 199 12
9 199 12
9 199 12
9 199 12
9 199 12
9 199 12
9 199 12
9 199 12
9 199 12
9 199 12
9 199 12
9 199 12
9 199 12
9 199 12
9 199 12
9 199 12
9 199 12
9 199 12
9 199 12
9 199 12
9 199 12
9 199 12
9 199 12
9 199 12
9 199 12
9 199 12
9 199 12
9 199 12
9 199 12
9 199 12
9 199 12
9 199 12
9 199 12
9 199 12
9 199 12
9 199 12
9 199 12
9 199 12
9 199 12
9 199 12
9 199 12
9 199 12
9 199 12
9 199 12
9 199 12
9 199 12
9 199 12
9 199 12
9 199 12
9 199 12
9 199 12
9 199 12
9 199 12
9 199 12
9 199 12
9 199 12
9 199 12
9 199 12
9 199 12
9 199 12
9 199 12
9 199 12
9 199 12
9 199 12
9 199 12
9 199 12
9 199 12
9 199 12
9 199 12
9 199 12
9 199 12
9 199 12
9 199 12
9 199 12
9 199 12
9 199 12
9 199 12
9 199 12
9 199 12
9 199 12
9 199 12
95 162 22
95 162 12
95 162 12
95 162 12
95 162 12
95 162 12
95 162 12
95 162 12
95 162 12
95 162 12
95 162 12
104 168 22
104 168 12
104 168 12
104 168 12
104 168 12
104 168 12
104 168 12
104 156 22
104 156 12
104 156 12
104 156 12
104 156 12
104 156 12
113 162 22
114 151 22
123 157 22
124 146 22
133 152 22
133 152 12
133 152 12
133 152 12
133 152 12
133 152 12
133 152 12
133 152 12
133 152 12
133 152 12
133 152 12
133 152 12
133 152 12
133 152 12
134 141 22
134 141 12
134 141 12
134 141 12
134 141 12
134 141 12
134 141 12
134 141 12
134 141 12
134 141 12
144 136 22
144 136 12
144 136 12
144 136 12
144 136 12
144 136 12
144 136 12
144 136 12
144 136 12
144 136 12
144 136 12
144 136 12
135 129 22
135 129 12
135 129 12
135 129 12
135 129 12
135 129 12
135 129 12
135 129 12
135 129 12
135 129 12
135 129 12
135 129 12
135 129 12
135 129 12
135 129 12
135 129 12
135 129 12
135 129 12
135 129 12
69 72 22
69 72 12
69 72 12
69 72 12
69 72 12
69 72 12
69 72 12
69 72 12
69 72 12
69 72 12
69 72 12
69 72 12
69 72 12
69 72 12
69 72 12
69 72 12
69 72 12
69 72 12
69 72 12
69 72 12
69 72 12
69 72 12
69 72 12
69 72 12
69 72 12
60 78 22
60 78 12
60 78 12
60 78 12
60 78 12
60 78 12
60 78 12
60 78 12
60 78 12
60 78 12
60 78 12
60 78 12
60 78 12
153 142 22
153 142 12
153 142 12
153 142 12
153 142 12
153 142 12
143 147 22
143 147 12
143 147 12
143 147 12
143 147 12
143 147 12
143 147 12
143 147 12
143 147 12
143 147 12
143 147 12
143 147 12
143 147 12
143 147 12
143 147 12
143 147 12
143 147 12
143 147 12
143 147 12
143 147 12
143 147 12
143 147 12
143 147 12
143 147 12
143 147 12
143 147 12
143 147 12
143 147 12
143 147 12
143 147 12
143 147 12
143 147 12
143 147 12
143 147 12
143 147 12
143 147 12
143 147 12
143 147 12
143 147 12
143 147 12
143 147 12
143 147 12
143 147 12
143 147 12
143 147 12
143 147 12
143 147 12
143 147 12
143 147 12
143 147 12
143 147 12
143 147 12
143 147 12
143 147 12
143 147 12
162 148 22
62 3 22
78 77 22
78 77 12
78 77 12
78 77 12
78 77 12
78 77 12
78 77 12
78 77 12
78 77 12
78 77 12
78 77 12
78 77 12
78 77 12
78 77 12
78 77 12
78 77 12
78 77 12
78 77 12
78 77 12
78 77 12
78 77 12
78 77 12
78 77 12
78 77 12
78 77 12
78 77 12
78 77 12
78 77 12
78 77 12
78 77 12
78 77 12
78 77 12
78 77 12
78 77 12
78 77 12
78 77 12
78 77 12
78 77 12
70 83 22
70 83 12
70 83 12
70 83 12
70 83 12
70 83 12
70 83 12
70 83 12
70 83 12
70 83 12
70 83 12
70 83 12
70 83 12
70 83 12
70 83 12
70 83 12
70 83 12
70 83 12
70 83 12
70 83 12
70 83 12
70 83 12
70 83 12
70 83 12
70 83 12
70 83 12
70 83 12
70 83 12
70 83 12
70 83 12
70 83 12
70 83 12
70 83 12
70 83 12
70 83 12
70 83 12
70 83 12
70 83 12
70 83 12
70 83 12
70 83 12
70 83 12
70 83 12
70 83 12
70 83 12
70 83 12
70 83 12
70 83 12
70 83 12
70 83 12
70 83 12
70 83 12
70 83 12
70 83 12
70 83 12
70 83 12
70 83 12
70 83 12
70 83 12
70 83 12
70 83 12
70 83 12
70 83 12
70 83 12
70 83 12
70 83 12
70 83 12
70 83 12
88 83 22
88 83 12
88 83 12
88 83 12
88 83 12
113 52 22
113 52 12
113 52 12
113 52 12
113 52 12
113 52 12
113 52 12
113 52 12
113 52 12
113 52 12
113 52 12
113 52 12
113 52 12
113 52 12
113 52 12
113 52 12
113 52 12
113 52 12
113 52 12
113 52 12
113 52 12
113 52 12
113 52 12
113 52 12
113 52 12
113 52 12
113 52 12
113 52 12
113 52 12
113 52 12
113 52 12
113 52 12
113 52 12
113 52 12
113 52 12
113 52 12
113 52 12
113 52 12
113 52 12
113 52 12
113 52 12
113 52 12
113 52 12
113 52 12
113 52 12
113 52 12
113 52 12
113 52 12
113 52 12
113 52 12
113 52 12
113 52 12
113 52 12
113 52 12
113 52 12
113 52 12
113 52 12
113 52 12
113 52 12
113 52 12
113 52 12
113 52 12
113 52 12
113 52 12
113 52 12
113 52 12
113 52 12
113 52 12
113 52 12
113 52 12
113 52 12
113 52 12
113 52 12
113 52 12
113 52 12
113 52 12
113 52 12
113 52 12
113 52 12
113 52 12
113 52 12
113 52 12
113 32 22
113 32 12
125 134 22
125 134 12
125 134 12
125 134 12
125 134 12
125 134 12
125 134 12
125 134 12
125 134 12
125 134 12
125 134 12
125 134 12
125 134 12
125 134 12
125 134 12
125 134 12
125 134 12
125 134 12
125 134 12
125 134 12
125 134 12
125 134 12
125 134 12
125 134 12
125 134 12
125 134 12
125 134 12
125 134 12
125 134 12
125 134 12
125 134 12
125 122 22
125 122 12
125 122 12
125 122 12
125 122 12
125 122 12
125 122 12
125 122 12
125 122 12
125 122 12
125 122 12
125 122 12
125 122 12
125 122 12
125 122 12
125 122 12
125 122 12
125 122 12
125 122 12
125 122 12
125 122 12
125 122 12
125 122 12
125 122 12
125 122 12
125 122 12
125 122 12
125 122 12
125 122 12
125 122 12
125 122 12
125 122 12
125 122 12
125 122 12
125 122 12
125 122 12
125 122 12
125 122 12
125 122 12
125 122 12
125 122 12
125 122 12
125 122 12
125 122 12
125 122 12
125 122 12
125 122 12
125 122 12
125 122 12
125 122 12
125 122 12
125 122 12
125 122 12
125 122 12
125 122 12
125 122 12
125 122 12
125 122 12
125 122 12
125 122 12
125 122 12
125 122 12
125 122 12
125 122 12
125 122 12
125 122 12
124 26 22
135 20 22
135 20 12
135 20 12
135 20 12
125 15 22
113 21 22
115 139 22
115 139 12
115 139 12
115 139 12
115 139 12
115 139 12
105 144 22
105 144 12
105 144 12
105 144 12
105 144 12
105 144 12
105 144 12
105 144 12
105 144 12
105 144 12
105 144 12
105 144 12
105 144 12
105 144 12
105 144 12
105 144 12
105 144 12
105 144 12
105 144 12
105 144 12
105 144 12
105 144 12
105 144 12
132 163 22
122 169 22
113 174 22
113 174 12
113 174 12
113 174 12
113 174 12
113 174 12
113 174 12
113 174 12
113 174 12
113 174 12
113 174 12
113 174 12
113 174 12
113 174 12
113 174 12
113 174 12
113 174 12
113 174 12
113 174 12
113 174 12
113 174 12
114 10 22
114 10 12
114 10 12
81 36 22
81 36 12
81 36 12
81 36 12
81 36 12
81 36 12
81 36 12
81 36 12
81 36 12
81 36 12
81 36 12
81 36 12
81 36 12
81 36 12
81 36 12
81 36 12
81 36 12
81 36 12
81 36 12
81 36 12
81 36 12
81 36 12
81 36 12
81 36 12
81 36 12
81 36 12
81 36 12
81 36 12
81 36 12
81 36 12
81 36 12
81 36 12
81 36 12
81 36 12
81 36 12
81 36 12
81 36 12
81 36 12
81 36 12
81 36 12
81 36 12
81 36 12
81 36 12
81 36 12
81 36 12
81 36 12
81 36 12
81 36 12
81 36 12
81 36 12
81 36 12
81 36 12
81 36 12
81 36 12
81 36 12
81 36 12
81 36 12
81 36 12
81 36 12
81 36 12
81 36 12
81 36 12
81 36 12
36 59 22
36 59 12
36 59 12
36 59 12
36 59 12
36 59 12
36 59 12
36 59 12
36 59 12
36 59 12
36 59 12
36 59 12
36 59 12
36 59 12
36 59 12
36 59 12
36 59 12
36 59 12
36 59 12
36 59 12
36 59 12
36 59 12
36 59 12
184 102 22
184 102 12
184 102 12
184 102 12
184 102 12
184 102 12
184 102 12
184 102 12
184 102 12
184 102 12
184 102 12
184 102 12
184 102 12
184 102 12
184 102 12
184 102 12
184 102 12
184 102 12
184 102 12
184 102 12
184 102 12
184 102 12
184 102 12
184 102 12
184 102 12
184 102 12
184 102 12
184 102 12
184 102 12
184 102 12
184 102 12
184 102 12
184 102 12
184 102 12
184 102 12
184 102 12
184 102 12
184 102 12
184 102 12
184 102 12
184 102 12
184 102 12
184 102 12
184 102 12
184 102 12
184 102 12
184 102 12
184 102 12
184 102 12
184 102 12
184 102 12
184 102 12
184 102 12
184 102 12
184 102 12
184 102 12
184 102 12
184 102 12
184 102 12
184 102 12
184 102 12
184 102 12
184 102 12
184 102 12
184 102 12
184 102 12
184 102 12
184 102 12
184 102 12
184 102 12
184 102 12
184 102 12
184 102 12
184 102 12
184 102 12
184 102 12
184 102 12
184 102 12
184 102 12
184 102 12
184 102 12
31 122 22
131 175 22
122 180 22
122 180 12
122 180 12
122 180 12
122 180 12
122 180 12
122 180 12
122 180 12
122 180 12
122 180 12
131 185 22
140 180 22
140 191 22
149 186 22
149 186 12
149 186 12
149 196 22
149 196 12
149 196 12
149 196 12
149 196 12
149 196 12
149 196 12
149 196 12
149 196 12
149 196 12
149 196 12
149 196 12
149 196 12
149 196 12
149 196 12
149 196 12
149 196 12
149 196 12
149 196 12
149 196 12
149 196 12
149 196 12
149 196 12
149 196 12
149 196 12
149 196 12
149 196 12
149 196 12
149 196 12
149 196 12
149 196 12
149 196 12
149 196 12
149 196 12
149 196 12
149 196 12
149 196 12
149 196 12
149 196 12
149 196 12
149 196 12
149 196 12
149 196 12
149 196 12
149 196 12
149 196 12
149 196 12
149 196 12
149 196 12
149 196 12
149 196 12
53 8 22
53 8 12
53 8 12
53 8 12
53 8 12
53 8 12
53 8 12
52 18 22
52 18 12
52 18 12
52 18 12
52 18 12
52 18 12
52 18 12
52 18 12
52 18 12
52 18 12
52 28 22
52 28 12
52 28 12
52 28 12
52 28 12
52 28 12
43 23 22
43 23 12
43 23 12
43 23 12
43 23 12
43 23 12
43 23 12
43 23 12
43 23 12
44 12 22
44 12 12
44 12 12
44 12 12
44 12 12
44 12 12
44 12 12
44 12 12
44 12 12
44 12 12
44 12 12
44 12 12
44 12 12
44 12 12
44 12 12
44 12 12
44 12 12
44 12 12
44 12 12
44 12 12
44 12 12
44 12 12
44 12 12
44 12 12
44 12 12
44 12 12
44 12 12
44 12 12
44 12 12
44 12 12
44 12 12
44 12 12
44 12 12
44 12 12
44 12 12
44 12 12
44 12 12
44 12 12
44 12 12
44 33 22
44 33 12
44 33 12
44 33 12
34 28 22
34 28 12
34 38 22
34 38 12
34 38 12
34 38 12
34 38 12
25 34 22
25 34 12
25 34 12
25 34 12
25 34 12
25 34 12
25 34 12
25 34 12
25 34 12
25 34 12
25 34 12
25 34 12
25 34 12
25 44 22
25 44 12
25 44 12
25 44 12
25 44 12
25 44 12
25 44 12
25 44 12
25 44 12
25 44 12
25 44 12
25 44 12
25 44 12
25 44 12
25 44 12
25 44 12
25 44 12
25 44 12
25 44 12
25 44 12
25 44 12
25 44 12
25 44 12
25 44 12
25 44 12
25 44 12
25 44 12
25 44 12
25 44 12
25 44 12
25 44 12
25 44 12
25 44 12
25 44 12
25 44 12
25 44 12
25 44 12
25 44 12
25 44 12
25 44 12
25 44 12
25 44 12
25 44 12
25 44 12
25 44 12
25 44 12
25 44 12
25 44 12
25 44 12
25 44 12
25 44 12
25 44 12
25 44 12
25 44 12
25 44 12
25 44 12
25 44 12
25 44 12
25 44 12
25 44 12
25 44 12
25 44 12
25 44 12
25 44 12
25 44 12
25 44 12
25 44 12
159 181 22
159 181 12
159 181 12
159 181 12
159 181 12
159 181 12
159 181 12
159 181 12
159 181 12
159 181 12
159 181 12
159 181 12
159 181 12
159 181 12
159 181 12
159 181 12
159 181 12
159 181 12
159 181 12
159 191 22
159 191 12
159 191 12
159 191 12
159 191 12
159 191 12
159 191 12
159 191 12
159 191 12
159 191 12
159 191 12
159 191 12
159 191 12
159 191 12
159 191 12
159 191 12
159 191 12
159 191 12
159 191 12
159 191 12
159 191 12
159 191 12
159 191 12
159 191 12
159 191 12
159 191 12
159 191 12
159 191 12
159 191 12
159 191 12
159 191 12
159 191 12
159 191 12
159 191 12
159 191 12
159 191 12
159 191 12
159 191 12
159 191 12
159 191 12
159 191 12
159 191 12
159 191 12
159 191 12
159 191 12
159 191 12
159 191 12
159 191 12
159 191 12
159 191 12
159 191 12
159 191 12
159 191 12
159 191 12
159 191 12
159 191 12
159 191 12
159 191 12
159 191 12
159 191 12
159 191 12
140 199 22
131 196 22
131 196 12
150 175 22
150 175 12
150 175 12
150 175 12
150 175 12
150 175 12
150 175 12
150 175 12
150 175 12
150 175 12
150 175 12
150 175 12
150 175 12
150 175 12
150 175 12
150 175 12
150 175 12
150 175 12
150 175 12
150 175 12
150 175 12
150 175 12
150 175 12
150 175 12
150 175 12
150 175 12
150 175 12
150 175 12
150 175 12
150 175 12
150 175 12
150 175 12
150 175 12
141 170 22
122 191 22
122 191 12
122 191 12
122 191 12
122 191 12
122 191 12
122 191 12
122 191 12
122 191 12
122 191 12
122 191 12
122 191 12
122 191 12
122 191 12
122 191 12
122 191 12
122 191 12
122 191 12
122 191 12
122 191 12
122 191 12
122 191 12
122 191 12
122 191 12
122 191 12
122 191 12
122 191 12
122 191 12
122 191 12
122 191 12
122 191 12
122 191 12
122 191 12
122 191 12
122 191 12
122 191 12
122 191 12
122 191 12
122 191 12
122 191 12
122 191 12
122 191 12
122 191 12
165 56 22
165 56 12
165 56 12
165 56 12
165 56 12
165 56 12
165 56 12
165 56 12
165 56 12
165 56 12
165 56 12
165 56 12
165 56 12
165 56 12
165 56 12
165 56 12
165 56 12
165 56 12
165 56 12
165 56 12
165 56 12
165 56 12
165 56 12
165 56 12
165 56 12
165 56 12
165 56 12
165 56 12
165 56 12
165 56 12
165 56 12
165 56 12
165 56 12
165 56 12
165 56 12
165 56 12
165 56 12
165 56 12
165 56 12
165 56 12
165 56 12
165 56 12
165 56 12
165 56 12
165 56 12
165 56 12
165 56 12
165 56 12
165 56 12
165 56 12
165 56 12
165 56 12
165 56 12
165 56 12
165 56 12
165 56 12
165 56 12
165 56 12
165 56 12
165 56 12
165 56 12
165 56 12
165 56 12
165 56 12
165 56 12
165 56 12
165 56 12
165 56 12
165 56 12
165 56 12
165 56 12
165 56 12
165 56 12
165 56 12
165 56 12
165 56 12
165 56 12
165 56 12
165 56 12
165 56 12
165 56 12
165 56 12
165 56 12
165 56 12
165 56 12
165 56 12
165 56 12
165 56 12
165 56 12
165 56 12
165 56 12
165 56 12
165 56 12
165 56 12
35 49 22
35 49 12
35 49 12
35 49 12
35 49 12
35 49 12
35 49 12
35 49 12
35 49 12
35 49 12
35 49 12
35 49 12
35 49 12
35 49 12
35 49 12
35 49 12
35 49 12
35 49 12
35 49 12
35 49 12
35 49 12
35 49 12
35 49 12
35 49 12
35 49 12
35 49 12
35 49 12
35 49 12
25 23 22
25 23 12
25 23 12
25 23 12
25 23 12
25 23 12
25 23 12
25 23 12
25 23 12
25 23 12
34 18 22
34 18 12
34 18 12
34 18 12
34 18 12
34 18 12
34 18 12
34 18 12
34 18 12
34 18 12
34 18 12
34 18 12
34 18 12
34 18 12
34 18 12
34 18 12
34 18 12
34 18 12
34 18 12
34 18 12
34 18 12
34 18 12
34 18 12
34 18 12
34 18 12
34 18 12
34 18 12
34 18 12
34 18 12
34 18 12
34 18 12
34 18 12
34 18 12
34 18 12
15 29 22
15 29 12
16 18 22
16 18 12
16 18 12
16 18 12
16 18 12
16 18 12
16 18 12
16 18 12
16 18 12
16 18 12
16 18 12
16 18 12
16 18 12
16 18 12
16 18 12
16 18 12
16 18 12
16 18 12
16 18 12
16 18 12
16 18 12
16 18 12
16 18 12
16 18 12
16 18 12
6 24 22
6 24 12
6 24 12
6 24 12
6 24 12
0 18 22
0 18 12
0 18 12
0 18 12
0 18 12
0 18 12
0 18 12
0 18 12
0 18 12
0 18 12
0 18 12
0 18 12
0 18 12
0 18 12
7 12 22
7 12 12
7 12 12
7 12 12
7 12 12
7 12 12
7 12 12
7 12 12
7 12 12
7 12 12
7 12 12
7 12 12
7 12 12
7 12 12
7 12 12
7 12 12
7 12 12
7 12 12
7 12 12
7 12 12
7 12 12
7 12 12
7 12 12
7 12 12
7 12 12
7 12 12
7 12 12
7 12 12
7 12 12
7 12 12
7 12 12
7 12 12
7 12 12
7 12 12
7 12 12
7 12 12
7 12 12
7 12 12
7 12 12
7 12 12
7 12 12
7 12 12
7 12 12
7 12 12
7 12 12
7 12 12
7 12 12
7 12 12
7 12 12
7 12 12
7 12 12
7 12 12
7 12 12
7 12 12
7 12 12
7 12 12
7 12 12
7 12 12
7 12 12
7 12 12
7 12 12
7 12 12
7 12 12
7 12 12
7 12 12
7 12 12
7 12 12
7 12 12
7 12 12
7 12 12
7 12 12
0 30 22
0 30 12
0 30 12
0 30 12
5 35 22
15 40 22
15 40 12
15 40 12
15 40 12
15 40 12
15 40 12
15 40 12
15 40 12
15 40 12
15 40 12
15 40 12
15 40 12
15 40 12
15 40 12
15 40 12
15 40 12
15 40 12
15 40 12
15 40 12
15 40 12
15 40 12
15 40 12
15 40 12
15 40 12
15 40 12
15 40 12
25 12 22
25 12 12
25 12 12
25 12 12
25 12 12
191 143 22
191 143 12
191 143 12
191 143 12
191 143 12
191 143 12
191 143 12
191 143 12
191 143 12
191 143 12
191 143 12
191 143 12
191 143 12
191 143 12
191 143 12
191 143 12
191 143 12
191 143 12
191 143 12
191 143 12
191 143 12
191 143 12
191 143 12
191 143 12
191 143 12
191 143 12
191 143 12
191 143 12
191 143 12
191 143 12
191 143 12
191 143 12
190 154 22
190 154 12
190 154 12
189 165 22
199 159 22
199 159 12
199 159 12
199 159 12
199 159 12
199 159 12
199 159 12
199 159 12
199 159 12
199 159 12
199 159 12
199 159 12
199 159 12
199 159 12
199 159 12
199 159 12
199 159 12
199 159 12
199 159 12
199 159 12
199 159 12
199 159 12
199 159 12
199 159 12
199 159 12
199 159 12
199 159 12
199 159 12
199 159 12
199 159 12
199 159 12
199 159 12
199 159 12
199 159 12
199 159 12
199 159 12
199 159 12
199 159 12
199 159 12
199 159 12
199 159 12
199 159 12
199 159 12
199 159 12
199 159 12
199 159 12
199 159 12
199 159 12
199 159 12
199 159 12
199 159 12
198 169 22
198 169 12
198 169 12
198 169 12
198 169 12
198 169 12
188 175 22
188 175 12
188 175 12
188 175 12
188 175 12
188 175 12
188 175 12
188 175 12
188 175 12
188 175 12
188 175 12
188 175 12
188 175 12
188 175 12
188 175 12
188 175 12
188 175 12
188 175 12
188 175 12
188 175 12
188 175 12
188 175 12
188 175 12
188 175 12
188 175 12
188 175 12
188 175 12
188 175 12
188 175 12
188 175 12
188 175 12
188 175 12
188 175 12
188 175 12
188 175 12
188 175 12
188 175 12
188 175 12
188 175 12
188 175 12
188 175 12
188 175 12
188 175 12
188 175 12
188 175 12
188 175 12
188 175 12
188 175 12
188 175 12
188 175 12
188 175 12
188 175 12
188 175 12
188 175 12
188 175 12
188 175 12
188 175 12
188 175 12
188 175 12
188 175 12
188 175 12
188 175 12
188 175 12
188 175 12
188 175 12
188 175 12
188 175 12
0 41 22
0 41 12
0 41 12
0 41 12
0 41 12
5 46 22
5 46 12
5 46 12
5 46 12
5 46 12
5 46 12
5 46 12
5 46 12
5 46 12
5 46 12
5 46 12
5 46 12
5 46 12
5 46 12
5 46 12
5 46 12
5 46 12
5 46 12
35 7 22
35 7 12
35 7 12
35 7 12
35 7 12
35 7 12
35 7 12
35 7 12
35 7 12
35 7 12
35 7 12
35 7 12
35 7 12
35 7 12
35 7 12
35 7 12
35 7 12
35 7 12
35 7 12
35 7 12
35 7 12
35 7 12
35 7 12
35 7 12
35 7 12
35 7 12
35 7 12
35 7 12
35 7 12
35 7 12
35 7 12
35 7 12
35 7 12
35 7 12
35 7 12
35 7 12
35 7 12
35 7 12
35 7 12
35 7 12
35 7 12
35 7 12
35 7 12
35 7 12
35 7 12
35 7 12
35 7 12
35 7 12
35 7 12
35 7 12
35 7 12
35 7 12
35 7 12
35 7 12
35 7 12
35 7 12
35 7 12
35 7 12
35 7 12
35 7 12
35 7 12
35 7 12
35 7 12
35 7 12
35 7 12
35 7 12
35 7 12
35 7 12
35 7 12
35 7 12
35 7 12
35 7 12
35 7 12
35 7 12
35 7 12
35 7 12
35 7 12
35 7 12
35 7 12
35 7 12
95 150 22
95 150 12
95 150 12
95 150 12
95 150 12
95 150 12
95 150 12
95 150 12
86 156 22
86 156 12
86 156 12
86 156 12
86 156 12
86 156 12
86 156 12
86 156 12
86 156 12
86 156 12
86 156 12
86 156 12
86 156 12
86 156 12
86 156 12
86 156 12
86 156 12
86 156 12
86 156 12
86 156 12
86 156 12
86 156 12
86 156 12
86 156 12
86 156 12
86 156 12
86 156 12
86 156 12
86 156 12
86 156 12
86 156 12
86 156 12
86 156 12
86 156 12
86 156 12
86 156 12
86 156 12
86 156 12
86 156 12
86 156 12
86 156 12
86 156 12
86 156 12
86 156 12
86 156 12
86 156 12
86 156 12
86 156 12
86 156 12
86 156 12
86 156 12
86 156 12
86 156 12
86 156 12
86 156 12
86 156 12
86 156 12
86 156 12
86 156 12
86 156 12
86 156 12
86 156 12
86 156 12
86 156 12
86 156 12
86 156 12
86 156 12
86 156 12
86 156 12
86 156 12
86 156 12
86 156 12
86 156 12
86 156 12
86 156 12
86 156 12
86 156 12
86 156 12
86 156 12
86 156 12
86 156 12
86 156 12
86 156 12
86 156 12
86 156 12
86 156 12
86 156 12
86 156 12
86 156 12
86 156 12
86 156 12
86 156 12
96 138 22
96 138 12
96 138 12
96 138 12
106 132 22
106 132 12
106 132 12
106 132 12
106 132 12
106 132 12
106 132 12
106 132 12
106 132 12
106 132 12
106 132 12
106 132 12
106 132 12
106 132 12
106 132 12
106 132 12
106 132 12
106 132 12
106 132 12
106 132 12
106 132 12
106 132 12
106 132 12
106 132 12
106 132 12
106 132 12
106 132 12
106 132 12
106 132 12
106 132 12
106 132 12
106 132 12
106 132 12
106 132 12
106 132 12
106 132 12
106 132 12
106 132 12
106 132 12
106 132 12
106 132 12
106 132 12
106 132 12
106 132 12
106 132 12
106 132 12
106 132 12
106 132 12
106 132 12
106 132 12
106 132 12
106 132 12
106 132 12
106 132 12
106 132 12
106 132 12
106 132 12
106 132 12
106 132 12
106 132 12
106 132 12
106 132 12
106 132 12
106 132 12
106 132 12
106 132 12
106 132 12
106 132 12
106 132 12
106 132 12
106 132 12
106 132 12
106 132 12
106 132 12
106 132 12
106 132 12
106 132 12
106 132 12
106 132 12
106 132 12
106 132 12
106 132 12
106 132 12
106 132 12
87 144 22
87 144 12
87 144 12
87 144 12
87 144 12
87 144 12
87 144 12
87 144 12
87 144 12
87 144 12
87 144 12
87 144 12
88 131 22
88 131 12
88 131 12
78 138 22
78 138 12
78 138 12
78 138 12
78 138 12
78 138 12
78 138 12
78 138 12
78 138 12
78 138 12
78 138 12
78 138 12
78 138 12
78 138 12
78 138 12
78 138 12
78 138 12
78 138 12
78 138 12
78 138 12
78 138 12
78 138 12
78 138 12
78 138 12
78 138 12
0 53 22
0 53 12
0 53 12
0 53 12
0 53 12
0 53 12
0 53 12
0 53 12
0 53 12
0 53 12
0 53 12
0 53 12
0 53 12
0 53 12
0 53 12
0 53 12
0 53 12
0 53 12
0 53 12
0 53 12
0 53 12
0 53 12
0 53 12
0 53 12
0 53 12
0 53 12
0 53 12
0 53 12
0 53 12
0 53 12
0 53 12
0 53 12
0 53 12
0 53 12
0 53 12
0 53 12
0 53 12
0 53 12
0 53 12
0 53 12
0 53 12
0 53 12
0 53 12
0 53 12
0 53 12
0 53 12
0 53 12
0 53 12
0 53 12
0 53 12
0 53 12
0 53 12
0 53 12
0 53 12
0 53 12
0 53 12
0 53 12
0 53 12
0 53 12
0 53 12
0 53 12
0 53 12
0 53 12
0 53 12
0 53 12
0 53 12
0 53 12
0 53 12
0 53 12
0 53 12
0 53 12
0 53 12
0 53 12
0 53 12
0 53 12
0 53 12
0 53 12
0 53 12
0 53 12
0 53 12
0 53 12
0 53 12
0 53 12
0 53 12
0 53 12
0 53 12
0 53 12
0 53 12
53 38 325
53 38 12
53 38 12
53 38 12
53 38 12
53 38 12
53 38 12
44 43 141
44 43 12
44 43 12
44 43 12
44 43 12
44 43 12
44 43 12
44 43 12
46 53 144
46 53 12
46 53 12
46 53 12
46 53 12
46 53 12
46 53 12
46 53 12
46 53 12
46 53 12
46 53 12
46 53 12
46 53 12
46 53 12
46 53 12
46 53 12
46 53 12
46 53 12
46 53 12
46 53 12
46 53 12
46 53 12
46 53 12
46 53 12
193 39 12
193 39 12
193 39 12
193 39 12
193 39 12
193 39 12
79 125 22
79 125 12
79 125 12
79 125 12
79 125 12
79 125 12
79 125 12
79 125 12
70 131 22
70 131 12
70 131 12
70 131 12
70 131 12
70 131 12
70 131 12
70 131 12
70 131 12
70 131 12
70 131 12
70 131 12
70 131 12
70 131 12
70 131 12
70 131 12
70 131 12
70 131 12
70 131 12
70 131 12
70 131 12
70 131 12
70 131 12
70 131 12
70 131 12
70 131 12
70 131 12
70 131 12
70 131 12
70 131 12
70 131 12
70 131 12
70 131 12
70 131 12
70 131 12
70 131 12
70 131 12
70 131 12
70 131 12
70 131 12
70 131 12
70 131 12
70 131 12
70 131 12
70 131 12
70 131 12
70 131 12
70 131 12
70 131 12
70 131 12
70 131 12
70 131 12
70 131 12
70 131 12
70 131 12
70 131 12
70 131 12
70 131 12
70 131 12
70 131 12
70 131 12
70 131 12
70 131 12
70 131 12
70 131 12
70 131 12
70 131 12
70 131 12
70 131 12
70 131 12
70 131 12
70 131 12
70 131 12
70 131 12
70 131 12
70 131 12
70 131 12
70 131 12
70 131 12
70 131 12
70 131 12
70 131 12
70 131 12
70 131 12
70 131 12
70 131 12
70 131 12
70 131 12
97 90 22
97 90 12
89 95 22
89 95 12
89 95 12
97 101 22
97 101 12
89 107 22
89 107 12
89 107 12
89 107 12
88 119 22
88 119 12
88 119 12
88 119 12
30 110 15
30 109 15
30 108 15
30 107 15
29 107 15
29 106 15
28 106 15
27 106 15
27 105 15
27 104 15
27 103 15
26 103 15
26 102 15
26 101 15
26 101 12
26 100 15
26 100 12
26 99 15
26 99 12
26 98 15
26 98 12
26 97 15
26 97 12
26 97 12
26 96 15
26 96 12
26 96 12
26 95 15
26 95 12
26 95 12
26 94 15
26 94 12
26 94 12
26 93 15
26 93 12
26 93 12
26 93 12
26 92 15
26 92 12
26 92 12
26 92 12
26 91 15
26 91 12
26 91 12
26 91 12
26 91 12
26 90 15
26 90 12
26 90 12
26 90 12
26 90 12
26 89 15
26 89 12
26 89 12
26 89 12
26 89 12
26 89 12
26 88 15
26 88 12
26 88 12
26 88 12
26 88 12
26 88 12
26 87 15
26 87 12
26 87 12
26 87 12
26 87 12
26 87 12
26 86 15
26 86 12
26 86 12
26 86 12
26 86 12
26 86 12
26 85 15
26 85 12
26 85 12
26 85 12
26 85 12
26 84 15
26 84 12
26 84 12
26 84 12
26 84 12
26 83 15
26 83 12
26 83 12
26 83 12
26 82 15
26 82 12
26 82 12
26 82 12
26 81 15
26 81 12
26 81 12
26 81 12
26 80 15
26 80 12
26 80 12
26 80 12
26 79 15
26 79 12
26 79 12
26 79 12
26 79 12
26 78 15
26 78 12
26 78 12
26 78 12
26 78 12
26 78 12
26 77 16
26 77 12
26 77 12
26 77 12
26 77 12
26 77 12
25 77 15
25 77 12
25 77 12
25 77 12
25 77 12
25 77 12
25 76 15
25 76 12
25 76 12
25 76 12
25 76 12
25 76 12
25 75 15
25 75 12
25 75 12
25 75 12
25 75 12
25 75 12
25 75 12
25 74 15
25 74 12
25 74 12
25 74 12
25 74 12
25 74 12
25 74 12
25 73 15
25 73 12
25 73 12
25 73 12
25 73 12
25 73 12
25 73 12
26 73 41
26 73 12
26 73 12
26 73 12
26 73 12
26 72 61
26 72 12
26 72 12
26 72 12
27 72 80
27 72 12
27 71 97
28 71 106
29 71 115
29 70 119
30 70 117
31 70 118
31 69 112
32 69 106
33 69 103
33 68 93
34 68 88
34 67 87
34 67 12
34 67 12
35 67 82
35 67 12
35 67 12
36 67 84
36 67 12
36 67 12
36 67 12
36 66 85
36 66 12
36 66 12
36 66 12
36 66 12
37 66 90
37 66 12
37 66 12
37 66 12
37 66 12
37 66 12
37 65 98
37 65 12
37 65 12
37 65 12
37 65 12
37 65 12
37 65 12
37 65 12
38 65 105
38 65 12
38 65 12
38 65 12
38 65 12
38 65 12
38 65 12
38 65 12
38 65 12
38 64 116
38 64 12
38 64 12
38 64 12
38 64 12
38 64 12
38 64 12
38 64 12
38 64 12
38 64 12
38 64 12
39 64 125
39 64 12
39 64 12
39 64 12
39 64 12
39 64 12
39 64 12
39 64 12
39 64 12
39 64 12
39 64 12
39 64 12
39 63 136
39 63 12
39 63 12
39 63 12
39 63 12
39 63 12
39 63 12
39 63 12
39 63 12
39 63 12
39 63 12
39 63 12
39 63 12
39 63 12
40 63 145
40 63 12
40 63 12
40 63 12
40 63 12
40 63 12
40 63 12
40 63 12
40 63 12
40 63 12
40 63 12
40 63 12
40 63 12
40 63 12
40 63 12
41 63 157
41 63 12
41 63 12
41 63 12
41 63 12
41 63 12
41 63 12
41 63 12
41 63 12
41 63 12
41 63 12
41 63 12
41 63 12
41 63 12
42 63 169
42 63 12
42 63 12
42 63 12
42 63 12
42 63 12
42 63 12
42 63 12
42 63 12
42 63 12
42 63 12
42 63 12
42 63 12
42 63 12
43 63 181
43 63 12
43 63 12
43 63 12
43 63 12
43 63 12
43 63 12
43 63 12
43 63 12
43 63 12
43 63 12
43 63 12
43 63 12
43 63 12
44 63 188
44 63 12
44 63 12
44 63 12
44 63 12
44 63 12
44 63 12
44 63 12
44 63 12
44 63 12
45 63 190
45 63 12
45 63 12
45 63 12
45 63 12
45 63 12
46 63 185
46 63 12
46 63 12
48 63 151
49 63 123
50 63 89
51 63 51
51 63 12
52 63 15
52 63 12
52 63 12
52 63 12
53 63 15
53 63 12
53 63 12
54 63 15
54 63 12
54 64 15
54 64 12
54 65 15
54 65 12
55 65 15
55 65 12
55 66 15
55 66 12
56 66 15
56 66 12
56 67 15
56 67 12
57 67 15
57 67 12
82 54 15
81 54 15
80 54 15
79 54 15
79 55 19
79 56 21
79 57 19
79 58 16
78 58 15
77 58 15
76 58 16
74 58 17
73 58 15
72 58 15
71 58 15
71 59 15
70 59 15
69 59 15
68 59 15
68 60 15
68 61 15
67 61 15
66 62 15
65 62 15
64 62 15
64 63 15
63 63 15
63 64 15
63 64 12
62 64 15
62 64 12
61 64 15
61 64 12
60 64 15
60 64 12
60 65 15
60 65 12
59 65 15
59 65 12
59 66 15
59 66 12
58 66 15
58 66 12
92 52 15
92 52 12
92 52 12
92 53 15
92 53 12
92 53 12
91 53 15
91 53 12
90 53 16
89 53 23
88 53 26
87 53 24
86 53 20
85 53 15
84 53 15
83 53 15
92 60 15
92 59 15
92 59 12
92 58 15
92 58 12
92 57 15
92 57 12
92 56 15
92 56 12
92 55 15
92 55 12
92 54 15
92 54 12
92 61 15
92 62 15
92 63 15
92 64 15
92 65 15
92 66 15
92 67 15
92 68 15
92 69 15
92 69 12
92 70 15
92 70 12
92 71 15
92 71 12
92 71 12
92 71 12
92 72 15
92 72 12
92 72 12
92 72 12
92 72 12
92 73 15
92 73 12
92 73 12
92 73 12
92 73 12
92 73 12
92 73 12
92 73 12
92 74 15
92 74 12
92 74 12
92 74 12
92 74 12
92 74 12
92 74 12
92 74 12
92 74 12
92 74 12
92 74 12
92 75 15
92 75 12
92 75 12
92 75 12
92 75 12
92 75 12
92 75 12
92 75 12
92 75 12
92 75 12
92 75 12
92 75 12
92 75 12
92 75 12
92 75 12
92 76 15
92 76 12
92 76 12
92 76 12
92 76 12
92 76 12
92 76 12
92 76 12
92 76 12
92 76 12
92 76 12
92 76 12
92 76 12
92 76 12
92 76 12
92 76 12
92 76 12
92 77 19
92 77 12
92 77 12
92 77 12
92 77 12
92 77 12
92 77 12
92 77 12
92 77 12
92 77 12
92 77 12
92 77 12
92 77 12
92 77 12
92 77 12
92 77 12
92 77 12
92 77 12
92 78 23
92 78 12
92 78 12
92 78 12
92 78 12
92 78 12
92 78 12
92 78 12
92 78 12
92 78 12
92 78 12
92 78 12
92 78 12
92 78 12
92 78 12
92 78 12
92 78 12
92 78 12
92 79 23
92 79 12
92 79 12
92 79 12
92 79 12
92 79 12
92 79 12
92 79 12
92 79 12
92 79 12
92 79 12
92 79 12
92 79 12
92 79 12
92 79 12
92 79 12
92 79 12
92 79 12
92 80 18
92 80 12
92 80 12
92 80 12
92 80 12
92 80 12
92 80 12
92 80 12
92 80 12
92 80 12
92 80 12
92 80 12
92 80 12
92 80 12
92 80 12
92 80 12
92 80 12
92 81 15
92 81 12
92 81 12
92 81 12
92 81 12
92 81 12
92 81 12
92 81 12
92 81 12
92 81 12
92 81 12
92 81 12
92 81 12
92 81 12
92 81 12
92 82 15
92 82 12
92 82 12
92 82 12
92 82 12
92 82 12
92 82 12
92 82 12
92 82 12
92 82 12
92 82 12
92 82 12
92 82 12
91 82 15
91 82 12
91 82 12
91 82 12
91 82 12
91 82 12
91 82 12
91 82 12
91 82 12
91 82 12
91 82 12
91 83 15
91 83 12
91 83 12
91 83 12
91 83 12
91 83 12
91 83 12
91 83 12
91 83 12
91 84 15
91 84 12
91 84 12
91 84 12
91 84 12
91 84 12
91 84 12
91 85 15
91 85 12
91 85 12
91 85 12
91 85 12
91 85 12
91 86 15
91 86 12
91 86 12
91 86 12
91 86 12
91 86 12
91 87 15
91 87 12
91 87 12
91 87 12
91 87 12
91 88 15
91 88 12
91 88 12
91 88 12
91 88 12
91 89 15
91 89 12
91 89 12
91 89 12
91 90 15
91 90 12
91 90 12
91 90 12
91 91 15
91 91 12
91 91 12
91 92 15
91 92 12
91 92 12
91 93 15
91 93 12
91 93 12
91 94 15
91 94 12
91 94 12
91 95 15
91 95 12
91 95 12
91 96 15
91 96 12
91 96 12
91 97 15
91 97 12
91 98 15
91 98 12
91 99 15
91 99 12
91 100 15
91 100 12
91 101 15
91 101 12
91 102 15
91 102 12
91 103 15
91 103 12
91 104 15
91 104 12
91 105 15
91 105 12
91 105 12
91 106 15
91 106 12
91 106 12
91 106 12
91 107 24
91 107 12
91 107 12
91 107 12
90 107 31
90 107 12
90 107 12
89 108 43
89 108 12
89 108 12
89 109 34
89 109 12
89 109 12
89 109 12
89 109 12
89 109 12
89 110 26
89 110 12
89 110 12
89 110 12
89 110 12
89 110 12
89 110 12
89 110 12
89 111 21
89 111 12
89 111 12
89 111 12
89 111 12
89 111 12
89 111 12
89 111 12
89 111 12
89 111 12
88 111 15
88 111 12
88 111 12
88 111 12
88 111 12
88 111 12
88 111 12
88 111 12
88 111 12
88 111 12
88 111 12
88 111 12
88 112 15
88 112 12
88 112 12
88 112 12
88 112 12
88 112 12
88 112 12
88 112 12
88 112 12
88 112 12
88 112 12
88 112 12
88 112 12
88 113 15
88 113 12
88 113 12
88 113 12
88 113 12
88 113 12
88 113 12
88 113 12
88 113 12
88 113 12
88 113 12
88 113 12
88 113 12
88 114 15
88 114 12
88 114 12
88 114 12
88 114 12
88 114 12
88 114 12
88 114 12
88 114 12
88 114 12
88 114 12
88 114 12
87 114 15
87 114 12
87 114 12
87 114 12
87 114 12
87 114 12
87 114 12
87 114 12
87 114 12
87 114 12
87 114 12
87 114 12
87 114 12
87 114 12
87 114 12
86 114 15
86 114 12
86 114 12
86 114 12
86 114 12
86 114 12
86 114 12
86 114 12
86 114 12
86 114 12
86 114 12
86 114 12
86 114 12
86 114 12
86 114 12
86 114 12
86 114 12
86 114 12
86 114 12
85 114 15
85 114 12
85 114 12
85 114 12
85 114 12
85 114 12
85 114 12
85 114 12
85 114 12
85 114 12
85 114 12
85 114 12
85 114 12
85 114 12
85 114 12
85 114 12
85 114 12
85 114 12
85 114 12
85 114 12
85 114 12
85 114 12
85 114 12
85 114 12
85 115 15
85 115 12
85 115 12
85 115 12
85 115 12
85 115 12
85 115 12
85 115 12
85 115 12
85 115 12
85 115 12
85 115 12
85 115 12
85 115 12
85 115 12
85 115 12
85 115 12
85 115 12
85 115 12
85 115 12
85 115 12
85 116 15
85 116 12
85 116 12
85 116 12
85 116 12
85 116 12
85 116 12
85 116 12
85 116 12
85 116 12
85 116 12
85 116 12
85 116 12
85 116 12
85 116 12
85 116 12
85 116 12
85 117 15
85 117 12
85 117 12
85 117 12
85 117 12
85 117 12
85 117 12
85 117 12
85 117 12
85 117 12
85 117 12
85 117 12
85 118 15
85 118 12
85 118 12
85 118 12
85 118 12
85 118 12
85 118 12
85 118 12
85 118 12
85 119 15
85 119 12
85 119 12
85 119 12
85 119 12
85 119 12
85 120 15
85 120 12
85 120 12
85 120 12
85 120 12
85 121 15
85 121 12
85 121 12
85 121 12
85 122 15
85 122 12
85 122 12
85 122 12
85 123 15
85 123 12
85 123 12
85 124 15
85 124 12
85 124 12
85 125 15
85 125 12
85 125 12
85 126 15
85 126 12
85 126 12
85 127 15
85 127 12
85 127 12
85 128 15
85 128 12
85 128 12
86 128 15
86 128 12
86 128 12
86 129 15
86 129 12
86 129 12
86 130 15
86 130 12
86 130 12
86 131 15
86 131 12
86 131 12
86 131 12
87 131 15
87 131 12
87 131 12
88 132 15
88 132 12
88 132 12
88 133 15
88 133 12
88 133 12
89 133 15
89 133 12
89 134 15
89 134 12
89 135 15
89 135 12
89 136 15
89 136 12
90 136 15
90 136 12
90 137 15
90 137 12
91 137 15
91 137 12
92 137 15
92 137 12
92 138 15
92 138 12
93 138 15
93 138 12
94 138 15
94 138 12
95 138 15
95 138 12
95 138 12
96 139 15
96 139 12
96 139 12
96 139 12
96 139 12
96 139 12
96 140 15
96 140 12
96 140 12
96 140 12
96 140 12
96 140 12
96 140 12
96 140 12
96 141 15
96 141 12
96 141 12
96 141 12
96 141 12
96 141 12
96 141 12
96 141 12
96 141 12
96 141 12
97 141 15
97 141 12
97 141 12
97 141 12
97 141 12
97 141 12
97 141 12
97 141 12
97 141 12
97 141 12
97 141 12
97 141 12
97 141 12
97 141 12
97 141 12
97 142 15
97 142 12
97 142 12
97 142 12
97 142 12
97 142 12
97 142 12
97 142 12
97 142 12
97 142 12
97 142 12
97 142 12
97 142 12
97 142 12
97 142 12
97 142 12
97 142 12
97 142 12
97 143 15
97 143 12
97 143 12
97 143 12
97 143 12
97 143 12
97 143 12
97 143 12
97 143 12
97 143 12
97 143 12
97 143 12
97 143 12
97 143 12
97 143 12
97 143 12
97 143 12
97 143 12
97 143 12
97 144 15
97 144 12
97 144 12
97 144 12
97 144 12
97 144 12
97 144 12
97 144 12
97 144 12
97 144 12
97 144 12
97 144 12
97 144 12
97 144 12
97 144 12
97 144 12
97 144 12
97 144 12
97 144 12
97 145 15
97 145 12
97 145 12
97 145 12
97 145 12
97 145 12
97 145 12
97 145 12
97 145 12
97 145 12
97 145 12
97 145 12
97 145 12
97 145 12
97 145 12
97 145 12
97 145 12
97 145 12
98 145 15
98 145 12
98 145 12
98 145 12
98 145 12
98 145 12
98 145 12
98 145 12
98 145 12
98 145 12
98 145 12
98 145 12
98 145 12
98 145 12
98 145 12
98 145 12
98 145 12
98 145 12
98 145 12
98 145 12
98 145 12
98 145 12
98 145 12
98 146 15
98 146 12
98 146 12
98 146 12
98 146 12
98 146 12
98 146 12
98 146 12
98 146 12
98 146 12
98 146 12
98 146 12
98 146 12
98 146 12
98 146 12
98 146 12
98 146 12
98 146 12
98 146 12
98 147 15
98 147 12
98 147 12
98 147 12
98 147 12
98 147 12
98 147 12
98 147 12
98 147 12
98 147 12
98 147 12
98 147 12
98 147 12
98 147 12
98 147 12
98 147 12
98 148 15
98 148 12
98 148 12
98 148 12
98 148 12
98 148 12
98 148 12
98 148 12
98 148 12
98 148 12
98 148 12
98 148 12
98 148 12
98 148 12
98 149 15
98 149 12
98 149 12
98 149 12
98 149 12
98 149 12
98 149 12
98 149 12
98 149 12
98 149 12
98 149 12
98 149 12
99 149 15
99 149 12
99 149 12
99 149 12
99 149 12
99 149 12
99 149 12
99 149 12
99 149 12
99 149 12
99 149 12
99 149 12
99 149 12
99 150 34
99 150 12
99 150 12
99 150 12
99 150 12
99 150 12
99 150 12
99 150 12
99 150 12
100 150 53
100 150 12
100 150 12
100 150 12
100 150 12
100 150 12
100 150 12
100 150 12
100 151 65
100 151 12
100 151 12
100 151 12
100 151 12
100 151 12
100 152 75
100 152 12
100 152 12
100 152 12
100 153 79
100 153 12
100 153 12
100 153 12
100 154 79
100 154 12
100 154 12
100 154 12
100 154 12
100 155 74
100 155 12
100 155 12
100 155 12
100 155 12
100 155 12
100 155 12
100 156 64
100 156 12
100 156 12
100 156 12
100 156 12
100 156 12
100 156 12
100 156 12
100 156 12
100 157 50
100 157 12
100 157 12
100 157 12
100 157 12
100 157 12
100 157 12
100 157 12
100 157 12
100 157 12
100 157 12
100 158 34
100 158 12
100 158 12
100 158 12
100 158 12
100 158 12
100 158 12
100 158 12
100 158 12
100 158 12
100 158 12
100 158 12
100 159 18
100 159 12
100 159 12
100 159 12
100 159 12
100 159 12
100 159 12
100 159 12
100 159 12
100 159 12
100 159 12
100 159 12
100 159 12
100 160 15
100 160 12
100 160 12
100 160 12
100 160 12
100 160 12
100 160 12
100 160 12
100 160 12
100 160 12
100 160 12
100 160 12
100 161 15
100 161 12
100 161 12
100 161 12
100 161 12
100 161 12
100 161 12
100 161 12
100 161 12
100 161 12
100 161 12
101 161 15
101 161 12
101 161 12
101 161 12
101 161 12
101 161 12
101 161 12
101 161 12
101 161 12
101 161 12
101 162 15
101 162 12
101 162 12
101 162 12
101 162 12
101 162 12
101 162 12
101 162 12
101 162 12
102 162 15
102 162 12
102 162 12
102 162 12
102 162 12
102 162 12
102 162 12
102 162 12
102 162 12
102 162 12
103 162 15
103 162 12
103 162 12
103 162 12
103 162 12
103 162 12
103 162 12
103 162 12
103 162 12
103 162 12
104 162 15
104 162 12
104 162 12
104 162 12
104 162 12
104 162 12
104 162 12
104 162 12
104 162 12
104 162 12
105 162 15
105 162 12
105 162 12
105 162 12
105 162 12
105 162 12
105 162 12
105 162 12
106 162 15
106 162 12
106 162 12
106 162 12
106 162 12
106 162 12
106 162 12
107 162 15
107 162 12
107 162 12
107 162 12
107 162 12
108 162 15
108 162 12
108 162 12
108 162 12
109 162 15
109 162 12
109 162 12
110 162 15
110 162 12
111 162 15
111 162 12
112 162 15
133 141 102
132 141 88
131 141 82
131 142 82
130 142 76
129 142 75
128 142 75
127 142 73
126 142 66
125 142 54
124 142 36
123 142 15
123 142 12
123 142 12
123 143 15
123 143 12
123 143 12
123 144 15
123 144 12
123 145 15
123 145 12
123 146 15
123 146 12
123 147 15
123 148 15
123 149 15
123 150 15
123 151 15
123 152 15
123 153 15
123 154 15
123 155 15
123 156 15
123 158 19
123 159 22
123 160 25
123 161 28
123 162 30
123 163 32
122 163 31
121 163 30
120 163 28
119 163 25
118 163 22
117 163 18
116 163 15
115 163 15
114 163 15
113 163 15
134 140 107
134 140 12
134 140 12
134 140 12
134 139 95
134 139 12
134 139 12
134 139 12
134 139 12
134 139 12
134 139 12
134 138 88
134 138 12
134 138 12
134 138 12
134 138 12
134 138 12
134 138 12
134 138 12
134 138 12
134 138 12
134 137 87
134 137 12
134 137 12
134 137 12
134 137 12
134 137 12
134 137 12
134 137 12
134 137 12
134 137 12
134 137 12
135 137 86
135 137 12
135 137 12
135 137 12
135 137 12
135 137 12
135 137 12
135 137 12
135 137 12
135 137 12
135 137 12
135 137 12
135 137 12
135 137 12
135 137 12
135 137 12
135 136 85
135 136 12
135 136 12
135 136 12
135 136 12
135 136 12
135 136 12
135 136 12
135 136 12
135 136 12
135 136 12
135 136 12
135 136 12
135 136 12
135 136 12
135 136 12
135 136 12
136 136 83
136 136 12
136 136 12
136 136 12
136 136 12
136 136 12
136 136 12
136 136 12
136 136 12
136 136 12
136 136 12
136 136 12
136 136 12
136 136 12
136 136 12
136 136 12
136 136 12
136 136 12
136 136 12
136 136 12
136 136 12
136 135 83
136 135 12
136 135 12
136 135 12
136 135 12
136 135 12
136 135 12
136 135 12
136 135 12
136 135 12
136 135 12
136 135 12
136 135 12
136 135 12
136 135 12
136 135 12
136 135 12
136 135 12
136 135 12
136 135 12
136 135 12
136 135 12
137 135 79
137 135 12
137 135 12
137 135 12
137 135 12
137 135 12
137 135 12
137 135 12
137 135 12
137 135 12
137 135 12
137 135 12
137 135 12
137 135 12
137 135 12
137 135 12
137 135 12
137 135 12
137 135 12
137 135 12
137 135 12
137 135 12
137 135 12
137 134 80
137 134 12
137 134 12
137 134 12
137 134 12
137 134 12
137 134 12
137 134 12
137 134 12
137 134 12
137 134 12
137 134 12
137 134 12
137 134 12
137 134 12
137 134 12
137 134 12
137 134 12
137 134 12
137 134 12
137 134 12
137 134 12
137 134 12
138 134 76
138 134 12
138 134 12
138 134 12
138 134 12
138 134 12
138 134 12
138 134 12
138 134 12
138 134 12
138 134 12
138 134 12
138 134 12
138 134 12
138 134 12
138 134 12
138 134 12
138 134 12
138 134 12
138 134 12
138 134 12
139 134 76
139 134 12
139 134 12
139 134 12
139 134 12
139 134 12
139 134 12
139 134 12
139 134 12
139 134 12
139 134 12
139 134 12
139 134 12
139 134 12
139 134 12
139 134 12
139 134 12
139 133 72
139 133 12
139 133 12
139 133 12
139 133 12
139 133 12
139 133 12
139 133 12
139 133 12
139 133 12
139 133 12
139 133 12
139 133 12
139 133 12
139 133 12
139 133 12
140 133 70
140 133 12
140 133 12
140 133 12
140 133 12
140 133 12
140 133 12
140 133 12
140 133 12
140 133 12
140 133 12
141 133 70
141 133 12
141 133 12
141 133 12
141 133 12
141 133 12
141 133 12
142 133 70
142 133 12
142 133 12
142 133 12
143 133 69
143 133 12
144 133 66
145 133 61
146 133 53
147 133 42
148 133 30
149 133 16
149 133 12
150 133 15
151 133 15
152 133 15
152 132 15
153 132 15
154 132 15
145 113 15
145 113 12
145 113 12
145 113 12
145 113 12
145 114 15
145 114 12
145 114 12
145 114 12
145 115 15
145 115 12
145 115 12
145 116 15
145 116 12
145 116 12
145 117 15
145 117 12
145 117 12
146 117 15
146 117 12
146 118 15
146 118 12
147 118 15
147 118 12
148 118 15
149 118 15
149 119 15
149 120 15
149 121 15
149 122 15
149 123 15
149 124 26
149 125 39
149 126 48
149 127 51
149 128 49
149 129 44
149 130 37
149 131 28
150 131 23
151 131 18
152 131 15
153 131 15
144 113 15
144 113 12
144 113 12
144 113 12
144 113 12
144 113 12
144 113 12
143 113 15
143 113 12
143 113 12
143 113 12
143 113 12
143 113 12
143 113 12
143 113 12
142 113 15
142 113 12
142 113 12
142 113 12
142 113 12
142 113 12
142 113 12
142 113 12
142 113 12
142 113 12
141 113 15
141 113 12
141 113 12
141 113 12
141 113 12
141 113 12
141 113 12
141 113 12
141 113 12
141 113 12
141 113 12
140 113 15
140 113 12
140 113 12
140 113 12
140 113 12
140 113 12
140 113 12
140 113 12
140 113 12
140 113 12
140 113 12
139 113 15
139 113 12
139 113 12
139 113 12
139 113 12
139 113 12
139 113 12
139 113 12
139 113 12
139 113 12
139 113 12
139 112 15
139 112 12
139 112 12
139 112 12
139 112 12
139 112 12
139 112 12
139 112 12
139 112 12
139 112 12
139 112 12
139 112 12
139 112 12
138 112 15
138 112 12
138 112 12
138 112 12
138 112 12
138 112 12
138 112 12
138 112 12
138 112 12
138 112 12
138 112 12
138 112 12
138 112 12
137 112 15
137 112 12
137 112 12
137 112 12
137 112 12
137 112 12
137 112 12
137 112 12
137 112 12
137 112 12
137 112 12
137 112 12
137 112 12
137 112 12
137 111 15
137 111 12
137 111 12
137 111 12
137 111 12
137 111 12
137 111 12
137 111 12
137 111 12
137 111 12
137 111 12
137 111 12
137 111 12
137 111 12
137 111 12
137 111 12
136 111 15
136 111 12
136 111 12
136 111 12
136 111 12
136 111 12
136 111 12
136 111 12
136 111 12
136 111 12
136 111 12
136 111 12
136 111 12
136 111 12
136 111 12
136 111 12
135 111 15
135 111 12
135 111 12
135 111 12
135 111 12
135 111 12
135 111 12
135 111 12
135 111 12
135 111 12
135 111 12
135 111 12
135 111 12
135 111 12
135 111 12
135 111 12
135 111 12
135 110 15
135 110 12
135 110 12
135 110 12
135 110 12
135 110 12
135 110 12
135 110 12
135 110 12
135 110 12
135 110 12
135 110 12
135 110 12
135 110 12
135 110 12
135 110 12
135 110 12
135 110 12
135 109 15
135 109 12
135 109 12
135 109 12
135 109 12
135 109 12
135 109 12
135 109 12
135 109 12
135 109 12
135 109 12
135 109 12
135 109 12
135 109 12
135 109 12
135 109 12
135 109 12
135 109 12
134 109 15
134 109 12
134 109 12
134 109 12
134 109 12
134 109 12
134 109 12
134 109 12
134 109 12
134 109 12
134 109 12
134 109 12
134 109 12
134 109 12
134 109 12
134 109 12
134 109 12
134 109 12
134 109 12
134 108 15
134 108 12
134 108 12
134 108 12
134 108 12
134 108 12
134 108 12
134 108 12
134 108 12
134 108 12
134 108 12
134 108 12
134 108 12
134 108 12
134 108 12
134 108 12
134 108 12
133 108 15
133 108 12
133 108 12
133 108 12
133 108 12
133 108 12
133 108 12
133 108 12
133 108 12
133 108 12
133 108 12
133 108 12
133 108 12
133 108 12
133 108 12
133 108 12
133 108 12
132 108 15
132 108 12
132 108 12
132 108 12
132 108 12
132 108 12
132 108 12
132 108 12
132 108 12
132 108 12
132 108 12
132 108 12
132 108 12
132 108 12
132 108 12
132 108 12
132 108 12
131 108 15
131 108 12
131 108 12
131 108 12
131 108 12
131 108 12
131 108 12
131 108 12
131 108 12
131 108 12
131 108 12
131 108 12
131 108 12
131 108 12
131 108 12
131 108 12
131 107 15
131 107 12
131 107 12
131 107 12
131 107 12
131 107 12
131 107 12
131 107 12
131 107 12
131 107 12
131 107 12
131 107 12
131 107 12
131 107 12
131 106 15
131 106 12
131 106 12
131 106 12
131 106 12
131 106 12
131 106 12
131 106 12
131 106 12
131 106 12
131 106 12
131 106 12
131 105 15
131 105 12
131 105 12
131 105 12
131 105 12
131 105 12
131 105 12
131 105 12
131 105 12
131 105 12
131 105 12
131 105 12
131 104 15
131 104 12
131 104 12
131 104 12
131 104 12
131 104 12
131 104 12
131 104 12
131 104 12
131 104 12
131 104 12
131 103 15
131 103 12
131 103 12
131 103 12
131 103 12
131 103 12
131 103 12
131 103 12
131 103 12
131 103 12
131 103 12
131 102 15
131 102 12
131 102 12
131 102 12
131 102 12
131 102 12
131 102 12
131 102 12
131 102 12
131 102 12
131 102 12
131 101 15
131 101 12
131 101 12
131 101 12
131 101 12
131 101 12
131 101 12
131 101 12
131 101 12
131 101 12
131 101 12
131 100 15
131 100 12
131 100 12
131 100 12
131 100 12
131 100 12
131 100 12
131 100 12
131 100 12
131 99 15
131 99 12
131 99 12
131 99 12
131 99 12
131 99 12
131 99 12
131 98 15
131 98 12
131 98 12
131 98 12
131 97 15
131 97 12
131 97 12
132 97 15
132 97 12
132 97 12
132 97 12
132 96 15
132 96 12
132 95 15
132 95 12
132 94 15
133 94 15
133 94 12
133 93 15
134 93 15
134 93 12
135 92 15
135 92 12
135 91 15
135 91 12
135 90 15
135 89 15
135 88 15
135 87 15
135 86 15
135 85 15
135 84 15
135 83 15
146 113 15
146 113 12
146 113 12
147 113 15
147 113 12
148 113 15
148 113 12
149 113 15
150 113 15
151 113 15
151 114 15
152 114 15
153 114 15
154 114 15
155 114 15
156 114 15
157 114 15
158 114 15
159 114 15
160 114 15
161 114 15
162 114 15
163 114 15
164 114 15
154 133 15
154 134 15
154 135 15
154 136 15
155 136 15
156 136 15
156 137 15
157 137 15
158 137 15
159 137 15
159 138 15
160 138 15
161 138 15
162 138 15
162 139 15
162 140 15
162 141 15
162 142 15
162 143 15
162 144 15
162 145 15
162 146 15
162 147 15
163 148 15
164 148 15
165 148 15
165 149 15
166 149 15
166 150 15
167 150 15
168 150 15
168 151 15
169 151 15
169 152 15
170 152 15
171 152 15
171 153 15
172 154 15
172 155 15
172 156 15
172 157 15
172 158 15
172 159 15
172 160 15
172 161 15
172 162 15
172 163 15
172 164 15
171 164 15
171 165 15
170 165 15
112 163 15
112 163 12
112 164 15
112 164 12
111 164 15
111 164 12
111 164 12
110 164 15
110 164 12
110 164 12
110 164 12
109 164 15
109 164 12
109 164 12
109 164 12
109 164 12
108 164 15
108 164 12
108 164 12
108 164 12
108 164 12
108 164 12
108 164 12
107 164 15
107 164 12
107 164 12
107 164 12
107 164 12
107 164 12
107 164 12
107 164 12
107 164 12
106 164 15
106 164 12
106 164 12
106 164 12
106 164 12
106 164 12
106 164 12
106 164 12
106 164 12
106 164 12
105 164 15
105 164 12
105 164 12
105 164 12
105 164 12
105 164 12
105 164 12
105 164 12
105 164 12
105 164 12
104 164 15
104 164 12
104 164 12
104 164 12
104 164 12
104 164 12
104 164 12
104 164 12
104 164 12
104 164 12
103 164 15
103 164 12
103 164 12
103 164 12
103 164 12
103 164 12
103 164 12
103 164 12
103 164 12
102 164 15
102 164 12
102 164 12
102 164 12
102 164 12
102 164 12
102 164 12
102 164 12
101 164 15
101 164 12
101 164 12
101 164 12
101 164 12
101 164 12
101 164 12
100 164 15
100 164 12
100 164 12
100 164 12
100 164 12
100 164 12
100 164 12
99 164 15
99 164 12
99 164 12
99 164 12
99 164 12
99 164 12
99 164 12
98 164 20
98 164 12
98 164 12
98 164 12
98 164 12
98 164 12
98 165 32
98 165 12
98 165 12
98 165 12
97 165 44
97 165 12
97 165 12
97 165 12
97 166 59
97 166 12
96 166 66
96 166 12
95 166 75
95 166 12
95 166 12
95 167 82
95 167 12
95 167 12
94 167 83
94 167 12
94 167 12
94 167 12
93 167 87
93 167 12
93 167 12
93 167 12
93 167 12
93 167 12
93 168 81
93 168 12
93 168 12
93 168 12
93 168 12
93 168 12
93 168 12
92 168 78
92 168 12
92 168 12
92 168 12
92 168 12
92 168 12
92 168 12
92 168 12
92 168 12
92 169 70
92 169 12
92 169 12
92 169 12
92 169 12
92 169 12
92 169 12
92 169 12
92 169 12
92 169 12
91 169 61
91 169 12
91 169 12
91 169 12
91 169 12
91 169 12
91 169 12
91 169 12
91 169 12
91 169 12
91 169 12
91 170 52
91 170 12
91 170 12
91 170 12
91 170 12
91 170 12
91 170 12
91 170 12
91 170 12
91 170 12
90 170 41
90 170 12
90 170 12
90 170 12
90 170 12
90 170 12
90 170 12
90 170 12
90 170 12
90 170 12
90 171 31
90 171 12
90 171 12
90 171 12
90 171 12
90 171 12
90 171 12
90 171 12
90 171 12
90 171 12
89 171 21
89 171 12
89 171 12
89 171 12
89 171 12
89 171 12
89 171 12
89 171 12
89 171 12
89 172 15
89 172 12
89 172 12
89 172 12
89 172 12
89 172 12
89 172 12
89 172 12
89 172 12
89 173 15
89 173 12
89 173 12
89 173 12
89 173 12
89 173 12
89 173 12
89 173 12
88 173 15
88 173 12
88 173 12
88 173 12
88 173 12
88 173 12
88 173 12
88 174 15
88 174 12
88 174 12
88 174 12
88 174 12
88 174 12
88 175 15
88 175 12
88 175 12
88 175 12
88 175 12
88 176 15
88 176 12
88 176 12
88 176 12
87 176 15
87 176 12
87 176 12
87 176 12
87 177 15
87 177 12
87 177 12
87 178 15
87 178 12
87 179 15
87 179 12
86 179 15
86 179 12
86 180 15
86 181 15
85 181 15
85 182 15
85 183 15
85 184 15
85 185 15
85 186 15
85 187 15
85 188 15
85 189 15
85 190 15
85 191 15
84 192 15
84 193 15
84 194 15
84 195 15
84 196 15
84 197 15
83 197 22
82 197 44
81 197 60
80 197 68
79 197 70
78 197 66
77 197 57
76 197 44
75 197 30
73 197 15
72 197 15
72 198 15
71 198 15
70 198 15
69 198 15
68 198 15
67 198 15
66 198 15
65 198 15
64 198 16
63 198 22
62 198 27
61 198 30
60 198 31
59 198 31
58 198 29
57 198 25
56 198 21
113 33 15
113 33 12
113 33 12
113 34 15
113 34 12
113 34 12
113 34 12
113 35 15
113 35 12
113 35 12
113 35 12
113 35 12
113 35 12
113 35 12
113 36 15
113 36 12
113 36 12
113 36 12
113 36 12
113 36 12
113 36 12
113 36 12
113 36 12
113 37 15
113 37 12
113 37 12
113 37 12
113 37 12
113 37 12
113 37 12
113 37 12
113 37 12
113 37 12
113 37 12
113 37 12
113 38 15
113 38 12
113 38 12
113 38 12
113 38 12
113 38 12
113 38 12
113 38 12
113 38 12
113 38 12
113 38 12
113 38 12
113 38 12
113 38 12
113 39 15
113 39 12
113 39 12
113 39 12
113 39 12
113 39 12
113 39 12
113 39 12
113 39 12
113 39 12
113 39 12
113 39 12
113 39 12
113 39 12
113 39 12
112 39 15
112 39 12
112 39 12
112 39 12
112 39 12
112 39 12
112 39 12
112 39 12
112 39 12
112 39 12
112 39 12
112 39 12
112 39 12
111 39 24
111 39 12
111 39 12
111 39 12
111 39 12
111 39 12
111 39 12
111 39 12
111 39 12
111 39 12
111 39 12
111 40 42
111 40 12
111 40 12
111 40 12
111 40 12
111 40 12
111 40 12
111 40 12
111 40 12
111 40 12
111 40 12
110 40 64
110 40 12
110 40 12
110 40 12
110 40 12
110 40 12
110 40 12
110 40 12
110 41 81
110 41 12
110 41 12
110 41 12
110 41 12
110 41 12
110 41 12
110 41 12
109 41 104
109 41 12
109 41 12
109 41 12
109 41 12
109 41 12
109 42 117
109 42 12
109 42 12
109 42 12
109 42 12
109 42 12
108 42 140
108 42 12
108 42 12
108 42 12
108 43 147
108 43 12
108 43 12
108 43 12
108 43 12
107 43 165
107 43 12
107 44 165
107 44 12
107 44 12
107 44 12
107 44 12
106 44 177
106 45 168
106 45 12
106 45 12
106 45 12
105 45 173
105 46 156
105 46 12
105 46 12
105 46 12
104 46 153
104 47 131
104 47 12
104 47 12
104 47 12
104 47 12
103 47 121
103 47 12
103 47 12
102 48 80
102 48 12
102 48 12
102 48 12
102 48 12
102 48 12
102 48 12
102 48 12
102 49 58
102 49 12
102 49 12
102 49 12
102 49 12
102 49 12
102 49 12
102 49 12
102 49 12
102 49 12
102 49 12
102 49 12
101 49 38
101 49 12
101 49 12
101 49 12
101 49 12
101 49 12
101 49 12
101 49 12
101 49 12
101 49 12
101 49 12
101 49 12
101 49 12
101 50 20
101 50 12
101 50 12
101 50 12
101 50 12
101 50 12
101 50 12
101 50 12
101 50 12
101 50 12
101 50 12
101 50 12
101 50 12
101 50 12
101 50 12
101 50 12
101 50 12
101 50 12
101 50 12
100 50 15
100 50 12
100 50 12
100 50 12
100 50 12
100 50 12
100 50 12
100 50 12
100 50 12
100 50 12
100 50 12
100 50 12
100 50 12
100 50 12
100 50 12
100 50 12
100 50 12
100 50 12
100 51 15
100 51 12
100 51 12
100 51 12
100 51 12
100 51 12
100 51 12
100 51 12
100 51 12
100 51 12
100 51 12
100 51 12
100 51 12
100 51 12
100 51 12
100 51 12
100 51 12
100 51 12
100 51 12
100 51 12
100 51 12
99 51 15
99 51 12
99 51 12
99 51 12
99 51 12
99 51 12
99 51 12
99 51 12
99 51 12
99 51 12
99 51 12
99 51 12
99 51 12
99 51 12
99 51 12
99 51 12
99 51 12
99 51 12
98 51 15
98 51 12
98 51 12
98 51 12
98 51 12
98 51 12
98 51 12
98 51 12
98 51 12
98 51 12
98 51 12
98 51 12
98 51 12
98 51 12
98 51 12
98 51 12
97 51 15
97 51 12
97 51 12
97 51 12
97 51 12
97 51 12
97 51 12
97 51 12
97 51 12
97 51 12
97 51 12
97 51 12
97 51 12
96 51 15
96 51 12
96 51 12
96 51 12
96 51 12
96 51 12
96 51 12
96 51 12
96 51 12
96 51 12
96 51 12
95 51 15
95 51 12
95 51 12
95 51 12
95 51 12
95 51 12
95 51 12
95 51 12
95 51 12
94 51 15
94 51 12
94 51 12
94 51 12
94 51 12
94 51 12
94 51 12
93 51 28
93 51 12
93 51 12
93 51 12
114 32 15
114 32 12
114 32 12
115 32 15
115 32 12
115 32 12
115 32 12
115 31 15
115 31 12
115 31 12
115 30 15
115 30 12
116 30 15
116 30 12
116 30 12
117 30 15
117 30 12
117 30 12
118 30 15
118 30 12
118 30 12
118 30 12
118 29 15
118 29 12
118 29 12
119 29 15
119 29 12
119 29 12
119 28 15
119 28 12
119 27 15
119 27 12
120 27 15
120 27 12
121 27 15
121 26 15
122 26 15
123 26 15
124 25 15
125 25 15
126 25 15
127 25 15
128 25 15
129 25 15
130 25 15
131 25 15
131 25 12
132 25 15
132 25 12
133 25 15
133 25 12
133 25 12
134 25 15
134 25 12
134 25 12
134 25 12
135 25 15
135 25 12
135 25 12
135 25 12
136 25 15
136 25 12
136 25 12
136 25 12
136 25 12
136 26 15
136 26 12
136 26 12
136 26 12
136 26 12
136 27 22
136 27 12
136 27 12
136 28 29
136 28 12
136 29 33
136 30 33
83 52 15
83 51 15
83 50 15
83 49 15
82 49 15
82 48 15
81 48 15
81 47 15
81 46 15
24 76 15
24 76 12
24 76 12
24 76 12
24 76 12
24 76 12
24 75 15
24 75 12
24 75 12
24 75 12
24 75 12
24 75 12
24 74 15
24 74 12
24 74 12
24 74 12
24 74 12
24 74 12
23 74 15
23 74 12
23 74 12
23 74 12
23 74 12
22 74 15
22 74 12
22 74 12
22 74 12
21 74 15
21 74 12
21 74 12
20 74 15
20 74 12
20 74 12
19 74 15
19 74 12
18 74 15
18 74 12
17 74 15
17 74 12
16 74 15
16 74 12
