114 101 394
63 66 394
90 171 394
198 26 394
168 74 394
152 185 394
63 76 394
54 72 394
54 61 394
123 96 394
114 90 394
123 85 394
81 165 394
81 177 394
189 20 394
188 31 394
168 64 394
177 69 394
179 26 394
71 171 394
159 68 394
54 82 394
71 182 394
71 182 384
113 80 394
123 75 394
113 70 394
63 55 394
54 50 394
198 37 394
178 59 394
188 43 394
187 54 394
122 65 394
91 159 394
81 154 394
71 159 394
63 44 394
54 39 394
197 48 394
62 165 394
62 177 394
123 107 394
114 112 394
114 112 384
114 112 384
187 64 394
187 64 384
53 171 394
64 87 394
113 59 394
122 55 394
54 93 394
64 98 394
53 182 394
53 182 384
53 182 384
178 48 394
178 37 394
55 104 394
55 104 384
55 104 384
53 160 394
62 154 394
72 148 394
112 49 394
112 49 384
112 49 384
131 60 394
132 71 394
132 81 394
141 66 394
141 77 394
150 73 394
64 33 394
55 28 394
44 165 394
64 22 394
45 154 394
54 148 394
63 142 394
55 17 394
36 160 394
65 11 394
56 6 394
65 0 394
36 149 394
36 149 384
36 149 384
36 171 394
44 177 394
45 88 394
44 77 394
44 67 394
44 56 394
44 45 394
45 34 394
36 182 394
27 177 394
27 166 394
45 23 394
46 11 394
18 171 394
18 182 394
27 188 394
35 61 394
35 72 394
35 50 394
35 83 394
35 83 384
35 39 394
36 28 394
36 17 394
150 62 394
9 177 394
9 166 394
18 160 394
27 155 394
159 58 394
168 53 394
169 42 394
0 171 394
140 56 394
150 52 394
159 47 394
0 182 394
9 188 394
18 193 394
27 34 394
26 45 394
26 56 394
26 67 394
27 22 394
131 50 394
159 79 394
150 83 394
141 87 394
133 91 394
0 193 394
9 199 394
26 78 394
26 78 384
26 78 384
133 102 394
142 98 394
151 93 394
159 89 394
54 137 394
54 137 384
45 143 394
45 143 384
45 143 384
17 61 394
17 50 394
17 39 394
18 28 394
168 85 394
177 80 394
9 155 394
0 160 394
0 160 384
18 149 394
9 144 394
0 149 394
169 31 394
8 56 394
8 56 384
8 45 394
8 33 394
0 39 394
0 50 394
141 45 394
150 41 394
159 36 394
0 138 394
9 133 394
18 138 394
18 138 384
37 6 394
27 11 394
18 17 394
9 22 394
0 28 394
46 0 394
0 127 394
9 122 394
18 127 394
18 116 394
18 116 384
36 193 394
27 199 394
45 188 394
45 188 384
0 17 394
9 11 394
18 6 394
28 0 394
197 59 394
197 59 384
197 59 384
197 59 384
187 75 394
187 75 384
187 75 384
187 75 384
141 35 394
150 30 394
160 25 394
170 20 394
131 39 394
122 44 394
122 44 384
179 14 394
27 143 394
27 132 394
27 132 384
27 132 384
0 6 394
9 0 394
91 148 394
82 142 394
73 136 394
64 131 394
64 131 384
64 131 384
17 72 394
17 72 384
17 72 384
17 72 384
132 29 394
132 29 384
141 24 394
141 24 384
141 24 384
141 24 384
122 34 394
122 34 384
122 34 384
122 34 384
75 6 394
74 17 394
74 17 384
74 28 394
74 28 384
74 28 384
90 183 394
81 188 394
91 194 394
81 199 394
72 193 394
62 188 394
62 188 384
73 39 394
73 39 384
73 49 394
73 60 394
73 71 394
74 81 394
74 92 394
104 85 394
103 75 394
103 64 394
104 96 394
94 80 394
83 75 394
63 199 394
63 199 384
54 193 394
45 199 394
101 154 394
101 166 394
100 177 394
101 189 394
101 199 394
111 195 394
111 183 394
111 172 394
111 160 394
111 160 384
121 178 394
121 190 394
131 184 394
142 190 394
168 75 146
168 76 134
168 77 123
168 78 117
168 79 114
168 80 116
168 81 125
167 81 133
166 81 143
166 82 154
165 82 162
164 82 172
163 82 181
163 83 188
162 83 192
161 83 196
160 83 198
159 83 199
158 83 200
157 83 200
156 83 200
155 83 199
154 83 200
153 83 201
152 83 202
151 83 205
150 84 198
150 85 189
150 86 181
150 87 176
150 88 175
149 88 174
148 88 175
148 89 174
147 89 174
146 89 175
146 90 174
145 90 174
145 91 176
144 91 175
143 91 176
142 91 178
141 91 181
140 91 184
139 91 189
138 91 194
137 91 200
136 91 206
135 91 213
134 91 219
132 91 232
131 91 239
130 91 245
129 91 250
128 91 255
127 91 260
126 91 263
125 91 265
124 91 267
123 91 266
122 91 265
121 91 262
120 91 257
119 91 251
118 91 244
117 91 235
116 91 225
115 91 215
114 91 205
84 75 311
85 75 320
86 75 326
87 75 331
88 75 334
89 75 334
90 75 333
91 75 328
92 75 322
93 75 314
94 75 304
95 75 293
96 75 282
97 75 271
98 75 259
99 75 249
100 75 240
101 75 232
102 75 226
104 75 220
104 76 224
104 77 227
104 78 230
104 79 232
104 80 234
104 81 234
104 82 234
104 83 233
104 84 231
105 85 222
106 85 218
106 86 212
106 87 207
106 88 202
107 88 195
107 89 190
108 89 186
108 90 181
109 90 179
110 90 181
111 90 186
112 90 194
113 90 203
82 75 291
81 75 281
80 75 270
79 75 260
78 75 251
77 75 244
76 75 238
75 75 233
74 75 231
73 75 230
73 74 232
73 73 235
73 72 238
72 71 237
71 71 232
70 71 230
69 71 229
69 70 227
69 69 226
68 69 225
68 68 223
68 67 221
68 66 220
67 66 219
66 66 220
65 66 222
64 66 226
114 92 197
114 93 191
114 94 186
114 95 183
114 96 183
114 97 187
114 98 196
114 99 210
114 100 230
151 185 331
150 185 290
149 185 258
148 185 235
147 185 220
146 185 213
145 185 213
144 185 217
143 185 226
142 185 238
141 185 251
140 185 265
139 185 277
138 185 289
137 185 297
136 185 303
135 185 306
134 185 304
133 185 300
132 185 292
131 185 282
130 184 279
129 184 262
128 184 244
127 184 225
126 184 207
125 184 191
124 184 175
123 184 162
122 184 151
121 184 144
120 184 139
119 184 136
118 184 137
117 184 140
117 183 144
116 183 150
115 183 157
115 183 384
114 183 167
114 183 384
113 183 178
113 183 384
112 183 189
112 183 384
111 182 206
111 182 384
111 181 210
111 181 384
111 180 214
111 180 384
111 179 219
111 179 384
111 178 224
111 178 384
111 177 231
111 177 384
111 176 239
111 175 248
111 175 384
111 174 260
111 174 384
111 173 274
111 173 384
110 172 275
110 172 384
109 172 262
108 172 252
107 172 245
106 172 241
105 172 239
104 172 238
104 171 237
103 171 237
102 171 238
101 171 240
101 171 384
100 171 243
99 171 246
98 171 249
97 171 252
96 171 254
95 171 255
94 171 255
93 171 254
92 171 252
91 171 250
169 74 146
170 74 137
171 74 135
172 74 142
172 73 151
172 72 160
172 71 168
173 71 176
173 70 181
173 69 185
173 68 189
173 67 192
174 67 193
174 66 192
174 65 192
175 65 191
175 64 188
175 63 186
176 63 183
176 62 180
177 62 178
177 61 173
177 60 172
178 60 168
179 59 164
179 58 163
179 57 164
180 57 162
180 56 163
181 56 164
181 55 165
181 54 167
182 54 168
182 53 170
182 52 173
183 52 173
183 51 174
184 51 175
184 50 175
185 50 175
185 49 174
186 49 173
186 48 170
187 48 167
187 47 163
188 47 159
188 46 154
188 45 155
188 44 159
189 43 150
190 43 136
191 43 125
192 43 120
192 42 120
193 42 118
193 41 119
194 41 122
194 40 126
194 39 132
194 38 140
194 37 148
194 36 155
194 35 160
194 34 164
194 33 166
194 32 168
194 31 168
194 30 169
194 29 172
194 28 178
194 27 187
194 26 201
195 26 226
196 26 259
197 26 301
