69 0 58
96 72 58
176 73 58
176 73 48
176 73 48
176 73 48
176 73 48
176 73 48
176 73 48
176 73 48
176 73 48
176 73 48
176 73 48
176 73 48
176 73 48
42 160 58
121 59 58
152 153 58
152 153 48
152 153 48
152 153 48
152 153 48
152 153 48
152 153 48
152 153 48
152 153 48
152 153 48
152 153 48
152 153 48
152 153 48
152 153 48
152 153 48
152 153 48
152 153 48
152 153 48
152 153 48
152 153 48
152 153 48
152 153 48
152 153 48
152 153 48
152 153 48
152 153 48
152 153 48
152 153 48
152 153 48
152 153 48
152 153 48
152 153 48
152 153 48
152 153 48
152 153 48
152 153 48
152 153 48
152 153 48
152 153 48
152 153 48
152 153 48
152 153 48
152 153 48
152 153 48
152 153 48
152 153 48
152 153 48
152 153 48
152 153 48
152 153 48
152 153 48
152 153 48
152 153 48
13 126 58
150 27 58
146 101 58
78 110 58
179 4 58
65 180 58
104 68 58
112 63 58
50 166 58
58 173 58
57 184 58
49 177 58
41 170 58
122 69 58
113 74 58
113 74 48
113 74 48
113 74 48
105 79 58
96 84 58
145 91 58
156 96 58
13 136 58
23 131 58
22 121 58
155 85 58
155 85 48
155 85 48
155 85 48
155 85 48
155 85 48
155 85 48
155 85 48
155 85 48
155 85 48
155 85 48
155 85 48
155 85 48
155 85 48
155 85 48
155 85 48
155 85 48
155 85 48
155 85 48
155 85 48
156 106 58
60 5 58
69 11 58
160 23 58
160 23 48
160 23 48
160 23 48
160 23 48
150 16 58
160 12 58
160 12 48
169 8 58
169 8 48
169 8 48
169 8 48
169 8 48
78 5 58
33 165 58
33 155 58
24 141 58
24 150 58
24 150 48
24 150 48
24 150 48
14 145 58
14 145 48
14 145 48
24 159 58
24 159 48
24 159 48
33 145 58
33 145 48
33 145 48
33 145 48
33 145 48
33 145 48
33 145 48
33 145 48
33 145 48
33 145 48
33 145 48
33 145 48
33 145 48
33 145 48
12 116 58
12 116 48
12 116 48
12 116 48
12 116 48
12 116 48
12 116 48
87 78 58
87 90 58
78 96 58
78 96 48
78 96 48
78 96 48
78 96 48
78 96 48
88 103 58
78 16 58
78 16 48
78 16 48
78 16 48
78 16 48
78 16 48
78 16 48
78 16 48
78 16 48
78 84 58
78 84 48
78 84 48
78 84 48
78 84 48
78 84 48
87 115 58
87 11 58
87 11 48
87 11 48
87 11 48
87 11 48
87 11 48
87 11 48
87 11 48
87 11 48
87 11 48
87 11 48
87 11 48
87 11 48
87 11 48
87 11 48
87 11 48
87 11 48
87 11 48
87 11 48
87 11 48
87 11 48
87 11 48
87 11 48
166 101 58
166 111 58
166 111 48
166 111 48
166 111 48
166 111 48
176 84 58
176 84 48
176 84 48
166 90 58
166 90 48
166 90 48
166 90 48
176 95 58
176 106 58
50 0 58
50 11 58
50 11 48
50 11 48
60 16 58
60 16 48
60 16 48
60 16 48
60 16 48
60 16 48
60 16 48
60 16 48
69 21 58
69 21 48
69 21 48
69 21 48
69 21 48
69 21 48
69 21 48
69 21 48
69 21 48
69 21 48
69 21 48
69 21 48
69 21 48
69 21 48
69 21 48
40 6 58
175 117 58
175 117 48
175 117 48
175 117 48
175 117 48
175 117 48
175 117 48
175 117 48
175 117 48
175 117 48
175 117 48
175 117 48
175 117 48
175 117 48
175 117 48
175 117 48
175 117 48
175 117 48
175 117 48
175 117 48
175 117 48
175 117 48
186 100 58
186 89 58
186 78 58
186 78 48
186 78 48
195 84 58
195 94 58
199 89 58
199 89 48
199 89 48
199 100 58
199 100 48
199 100 48
199 100 48
199 100 48
199 100 48
199 100 48
199 100 48
199 100 48
199 100 48
199 100 48
199 100 48
199 78 58
199 78 48
199 78 48
199 78 48
199 78 48
199 78 48
199 78 48
199 78 48
199 78 48
199 78 48
199 78 48
199 78 48
199 78 48
199 78 48
199 78 48
199 78 48
40 16 58
40 16 48
40 16 48
40 16 48
40 16 48
40 16 48
50 21 58
50 21 48
50 21 48
50 21 48
50 21 48
50 21 48
50 21 48
50 21 48
50 21 48
50 21 48
50 21 48
50 21 48
50 21 48
50 21 48
50 21 48
50 21 48
50 21 48
50 21 48
50 21 48
50 21 48
30 11 58
30 22 58
30 22 48
30 22 48
30 22 48
179 14 58
179 14 48
170 18 58
170 18 48
170 18 48
170 18 48
170 18 48
170 18 48
170 18 48
170 18 48
170 18 48
170 18 48
170 18 48
170 18 48
170 18 48
170 18 48
189 10 58
190 20 58
190 20 48
190 20 48
14 155 58
14 155 48
14 155 48
14 155 48
14 155 48
14 155 48
14 155 48
14 155 48
14 155 48
14 155 48
14 155 48
135 97 58
134 86 58
123 80 58
123 80 48
123 80 48
123 80 48
123 80 48
123 80 48
123 80 48
125 91 58
125 91 48
114 86 58
114 86 48
114 86 48
114 86 48
114 86 48
114 86 48
114 86 48
114 86 48
114 86 48
114 86 48
114 86 48
114 86 48
114 86 48
114 86 48
114 86 48
114 86 48
114 86 48
114 86 48
20 17 58
20 17 48
20 17 48
20 17 48
160 1 58
150 5 58
150 5 48
150 5 48
150 5 48
150 5 48
150 5 48
150 5 48
133 75 58
133 75 48
133 75 48
132 64 58
132 64 48
132 64 48
132 64 48
132 64 48
132 64 48
132 64 48
132 64 48
132 64 48
132 64 48
132 64 48
132 64 48
125 102 58
125 102 48
125 102 48
125 102 48
125 102 48
125 102 48
125 102 48
20 28 58
20 28 48
20 28 48
20 28 48
20 28 48
20 28 48
20 28 48
20 28 48
20 28 48
11 22 58
10 33 58
10 33 48
10 33 48
10 33 48
10 33 48
10 33 48
10 33 48
10 33 48
10 33 48
10 33 48
10 33 48
10 33 48
1 28 58
1 17 58
1 17 48
11 11 58
11 11 48
11 11 48
11 11 48
11 11 48
11 11 48
11 11 48
11 11 48
11 11 48
11 11 48
11 11 48
11 11 48
11 11 48
11 11 48
11 11 48
11 11 48
11 11 48
11 11 48
11 11 48
11 11 48
65 191 58
73 187 58
73 197 58
73 197 48
73 197 48
64 199 58
64 199 48
64 199 48
64 199 48
64 199 48
64 199 48
64 199 48
64 199 48
64 199 48
64 199 48
64 199 48
64 199 48
64 199 48
64 199 48
64 199 48
64 199 48
64 199 48
64 199 48
64 199 48
82 193 58
82 193 48
82 193 48
82 193 48
82 193 48
82 193 48
82 193 48
82 193 48
82 193 48
82 199 58
82 199 48
82 199 48
82 199 48
82 199 48
78 121 58
78 121 48
78 121 48
78 121 48
78 121 48
195 105 58
195 105 48
185 111 58
194 117 58
194 117 48
199 111 58
199 111 48
199 111 48
199 111 48
199 111 48
199 111 48
199 111 48
199 122 58
199 122 48
199 122 48
21 110 58
21 110 48
21 110 48
21 110 48
21 110 48
21 110 48
21 110 48
21 110 48
21 110 48
21 110 48
21 110 48
21 110 48
21 110 48
21 110 48
21 110 48
21 110 48
21 110 48
21 110 48
21 110 48
21 110 48
21 110 48
21 110 48
21 110 48
112 52 58
112 52 48
103 57 58
95 61 58
87 66 58
78 71 58
95 50 58
95 50 48
95 50 48
86 55 58
78 60 58
103 45 58
103 45 48
103 45 48
103 45 48
103 45 48
103 45 48
103 45 48
103 45 48
103 45 48
103 45 48
103 45 48
103 45 48
103 45 48
103 45 48
103 45 48
103 45 48
69 65 58
69 78 58
69 78 48
69 78 48
69 78 48
60 72 58
60 72 48
60 72 48
121 46 58
131 52 58
130 40 58
140 46 58
140 34 58
151 39 58
151 39 48
151 39 48
151 39 48
151 39 48
161 34 58
161 34 48
161 34 48
161 34 48
161 34 48
161 34 48
161 34 48
161 34 48
161 34 48
161 34 48
161 34 48
161 34 48
161 34 48
161 34 48
161 34 48
161 34 48
161 34 48
161 34 48
161 34 48
161 34 48
60 60 58
60 60 48
60 60 48
60 60 48
60 60 48
60 60 48
60 60 48
60 60 48
60 60 48
60 60 48
60 60 48
60 60 48
60 60 48
60 60 48
60 60 48
60 60 48
60 60 48
60 60 48
60 60 48
60 60 48
193 128 58
193 128 48
199 134 58
192 139 58
192 139 48
192 139 48
192 139 48
192 139 48
192 139 48
192 139 48
42 150 58
42 150 48
42 150 48
42 150 48
51 156 58
59 162 58
66 169 58
66 169 48
66 169 48
67 159 58
67 159 48
67 159 48
67 159 48
67 159 48
67 159 48
67 159 48
67 159 48
67 159 48
67 159 48
67 159 48
67 159 48
51 146 58
60 152 58
60 142 58
68 148 58
69 138 58
77 144 58
78 133 58
78 133 48
87 127 58
87 127 48
87 127 48
87 127 48
87 127 48
86 139 58
86 139 48
86 139 48
86 139 48
86 139 48
86 139 48
86 139 48
86 139 48
86 139 48
86 139 48
86 139 48
86 139 48
86 139 48
86 139 48
86 139 48
86 139 48
74 176 58
74 176 48
74 176 48
75 165 58
75 165 48
75 165 48
75 165 48
75 165 48
75 165 48
75 165 48
75 165 48
75 165 48
75 165 48
75 165 48
75 165 48
75 165 48
75 165 48
75 165 48
75 165 48
75 165 48
75 165 48
75 165 48
75 165 48
51 137 58
60 132 58
60 132 48
60 132 48
60 132 48
60 132 48
60 132 48
42 141 58
42 141 48
42 141 48
42 141 48
42 141 48
42 141 48
42 141 48
42 141 48
42 141 48
42 141 48
69 127 58
69 127 48
69 127 48
69 127 48
69 127 48
69 127 48
69 127 48
69 127 48
69 127 48
69 127 48
69 127 48
69 127 48
69 127 48
69 127 48
69 127 48
69 127 48
69 127 48
69 127 48
48 188 58
48 188 48
48 188 48
48 188 48
48 188 48
48 188 48
48 188 48
48 188 48
48 188 48
48 188 48
48 188 48
40 182 58
40 182 48
40 182 48
40 182 48
40 182 48
40 182 48
40 182 48
40 182 48
40 182 48
32 175 58
32 175 48
32 175 48
23 170 58
23 170 48
23 170 48
23 170 48
23 170 48
23 170 48
23 170 48
23 170 48
23 170 48
51 126 58
51 126 48
51 126 48
51 126 48
51 126 48
51 126 48
51 126 48
51 126 48
51 126 48
42 131 58
42 131 48
42 131 48
42 131 48
42 131 48
42 131 48
42 131 48
32 126 58
32 126 48
33 136 58
33 136 48
33 136 48
33 136 48
33 136 48
33 136 48
33 136 48
33 136 48
33 136 48
33 136 48
33 136 48
33 136 48
33 136 48
33 136 48
41 121 58
31 116 58
31 116 48
41 110 58
41 110 48
41 110 48
41 110 48
2 121 58
3 131 58
3 141 58
3 141 48
3 141 48
3 141 48
3 141 48
3 141 48
3 141 48
4 150 58
4 150 48
4 150 48
4 150 48
4 150 48
4 150 48
4 150 48
4 150 48
4 150 48
4 150 48
4 150 48
4 150 48
4 150 48
4 150 48
4 150 48
4 150 48
4 150 48
4 150 48
4 150 48
4 150 48
4 150 48
4 150 48
14 165 58
14 165 48
14 165 48
14 165 48
14 165 48
14 165 48
14 165 48
14 165 48
14 165 48
14 165 48
14 165 48
14 165 48
14 165 48
14 165 48
14 165 48
14 165 48
14 165 48
14 165 48
14 165 48
14 165 48
14 165 48
83 182 58
83 182 48
83 182 48
83 182 48
83 182 48
83 182 48
83 182 48
83 182 48
83 182 48
83 182 48
83 182 48
83 182 48
83 182 48
83 182 48
83 182 48
83 182 48
83 182 48
83 182 48
83 182 48
22 180 58
22 180 48
31 186 58
31 186 48
31 186 48
31 186 48
31 186 48
31 186 48
31 186 48
31 186 48
31 186 48
31 186 48
31 186 48
31 186 48
31 186 48
31 186 48
31 186 48
31 186 48
31 186 48
31 186 48
1 110 58
1 110 48
97 97 58
97 109 58
96 121 58
96 121 48
96 121 48
106 103 58
106 114 58
106 114 48
115 108 58
115 108 48
115 108 48
115 108 48
115 108 48
115 108 48
115 108 48
115 108 48
115 108 48
115 108 48
115 97 58
115 97 48
115 97 48
115 97 48
115 97 48
115 97 48
115 97 48
115 97 48
115 97 48
115 97 48
69 103 58
69 103 48
69 103 48
69 103 48
69 103 48
69 103 48
69 103 48
69 103 48
69 103 48
69 103 48
69 103 48
69 103 48
69 103 48
69 103 48
69 103 48
69 103 48
106 91 151
106 91 48
106 91 48
106 91 48
106 91 48
106 91 48
51 115 58
51 115 48
51 115 48
51 115 48
51 115 48
51 115 48
51 115 48
51 115 48
51 115 48
51 115 48
51 115 48
51 115 48
51 115 48
51 115 48
51 115 48
51 115 48
51 115 48
105 126 58
105 126 48
105 126 48
105 126 48
105 126 48
105 126 48
105 126 48
105 126 48
105 126 48
105 126 48
105 126 48
105 126 48
105 126 48
105 126 48
105 126 48
105 126 48
105 126 48
105 126 48
105 126 48
105 126 48
105 126 48
105 126 48
105 126 48
105 126 48
105 126 48
105 126 48
163 146 377
163 146 48
163 146 48
163 146 48
163 146 48
163 146 48
163 146 48
163 146 48
163 146 48
163 146 48
163 146 48
163 146 48
163 146 48
163 146 48
163 146 48
163 146 48
163 146 48
163 146 48
163 146 48
163 146 48
163 146 48
163 146 48
163 146 48
163 146 48
163 146 48
163 146 48
163 146 48
163 146 48
163 146 48
163 146 48
163 146 48
163 146 48
163 146 48
163 146 48
163 146 48
163 146 48
163 146 48
163 146 48
163 146 48
163 146 48
163 146 48
163 146 48
163 146 48
163 146 48
163 146 48
163 146 48
163 146 48
173 140 515
173 140 48
173 140 48
173 140 48
173 140 48
173 140 48
173 140 48
173 140 48
173 140 48
173 140 48
173 140 48
173 140 48
173 140 48
173 140 48
183 134 58
183 134 48
183 134 48
183 134 48
183 134 48
183 134 48
183 134 48
183 134 48
183 134 48
183 134 48
183 134 48
183 134 48
183 134 48
183 134 48
183 134 48
183 134 48
183 134 48
183 134 48
183 134 48
183 134 48
30 0 58
20 6 123
20 6 48
20 6 48
20 6 48
20 6 48
20 6 48
20 6 48
20 6 48
20 6 48
20 6 48
20 6 48
20 6 48
20 6 48
20 6 48
20 6 48
20 6 48
20 6 48
20 6 48
20 6 48
20 6 48
20 6 48
20 6 48
20 6 48
20 6 48
20 6 48
20 6 48
20 6 48
1 39 58
1 51 58
10 45 58
10 45 48
10 45 48
10 45 48
10 45 48
10 56 58
1 62 58
10 68 58
1 74 58
1 74 48
10 81 58
10 81 48
10 81 48
10 81 48
1 87 58
1 87 48
1 87 48
1 87 48
1 87 48
1 87 48
1 87 48
1 87 48
1 87 48
1 87 48
1 87 48
1 87 48
1 87 48
1 87 48
1 87 48
1 87 48
1 87 48
1 87 48
1 87 48
1 87 48
1 87 48
1 87 48
1 87 48
1 87 48
1 87 48
1 87 48
20 74 58
20 62 58
20 50 58
20 50 48
20 50 48
20 50 48
20 50 48
20 50 48
20 50 48
30 68 58
30 68 48
30 68 48
30 56 58
40 61 58
40 61 48
40 61 48
50 66 58
79 110 15
79 110 48
80 110 15
80 110 48
81 110 15
81 110 48
82 110 15
82 109 15
83 109 15
83 108 15
83 107 15
83 106 15
84 106 15
85 106 15
85 105 15
85 104 15
85 103 15
86 103 15
87 103 15
88 102 19
88 101 15
88 100 15
88 99 15
88 98 15
89 98 15
89 97 15
89 96 15
90 96 15
90 95 15
90 94 15
91 94 15
92 94 21
93 94 25
94 94 25
95 94 22
96 94 16
97 94 15
97 93 15
97 93 48
98 93 15
98 93 48
98 92 15
98 92 48
98 91 15
98 91 48
98 90 17
98 90 48
98 89 23
98 88 26
98 87 27
98 86 23
98 85 16
98 85 48
98 84 15
98 84 48
98 83 15
98 82 15
98 81 15
98 80 15
97 80 15
97 79 15
97 78 15
96 78 15
96 77 15
96 76 15
96 75 15
96 74 15
96 73 15
104 69 15
104 70 15
103 70 15
102 70 15
102 71 15
102 72 15
101 72 15
100 72 15
99 72 15
98 72 15
97 72 19
121 69 32
121 69 48
120 69 31
120 69 48
119 69 30
119 69 48
118 69 28
118 69 48
117 69 24
117 69 48
116 69 19
116 69 48
115 69 15
115 69 48
114 69 15
114 69 48
113 69 15
113 69 48
112 69 15
112 69 48
111 69 15
111 69 48
110 69 15
110 69 48
109 69 15
109 69 48
108 69 15
107 69 15
106 69 15
105 69 15
122 70 20
122 70 48
122 71 15
122 71 48
123 71 15
123 71 48
123 71 48
124 71 15
124 71 48
124 71 48
124 72 15
124 72 48
124 72 48
125 72 15
125 72 48
125 72 48
126 72 15
126 72 48
126 72 48
126 73 15
126 73 48
126 73 48
127 73 15
127 73 48
127 73 48
127 73 48
127 74 15
127 74 48
127 74 48
127 74 48
127 75 15
127 75 48
127 75 48
128 75 15
128 75 48
128 75 48
128 76 15
128 76 48
128 76 48
128 77 15
128 77 48
128 77 48
129 77 15
129 77 48
129 77 48
129 78 15
129 78 48
129 79 15
129 79 48
130 79 15
130 79 48
131 79 15
131 79 48
132 79 15
132 79 48
132 80 15
132 80 48
132 81 15
132 81 48
132 82 15
132 82 48
132 83 15
132 83 48
132 84 15
132 84 48
132 85 15
132 85 48
133 85 15
133 85 48
133 86 15
133 86 48
134 87 15
134 87 48
134 88 15
134 88 48
134 89 15
135 89 15
135 90 15
136 90 15
136 91 15
136 92 15
137 92 15
138 92 15
138 93 15
139 93 15
140 93 15
141 93 15
142 93 15
143 93 15
143 93 48
144 93 15
144 93 48
144 94 15
144 94 48
145 94 15
145 94 48
145 95 15
146 95 15
146 95 48
146 96 15
146 97 15
146 98 15
146 99 15
146 100 15
147 101 15
148 101 15
149 101 15
150 101 15
150 102 15
151 102 15
152 102 15
152 103 17
152 104 64
152 105 116
152 106 172
152 107 231
152 108 295
152 109 363
152 110 435
152 111 510
152 112 590
152 113 673
152 114 760
152 115 849
152 116 940
152 117 1032
152 118 1124
152 119 1215
152 120 1304
152 121 1390
152 122 1473
152 123 1552
152 124 1626
152 125 1696
152 126 1761
152 127 1823
152 128 1881
152 129 1936
152 130 1988
152 131 2039
152 132 2088
152 133 2137
152 134 2185
152 135 2234
152 136 2282
152 137 2329
152 138 2375
152 139 2420
152 140 2463
152 141 2503
152 142 2539
152 143 2570
152 144 2595
152 145 2615
152 146 2628
152 147 2634
152 148 2632
152 149 2624
152 150 2609
152 151 2588
152 152 2562
153 102 15
153 103 15
154 103 15
155 103 15
156 103 15
156 103 48
157 103 15
157 103 48
158 103 15
158 103 48
159 103 15
159 103 48
160 103 15
160 103 48
161 103 15
161 103 48
162 103 15
162 103 48
163 103 15
163 103 48
164 103 15
164 103 48
165 103 15
165 103 48
166 103 15
166 103 48
166 102 15
166 102 48
167 101 18
167 101 48
168 101 15
168 101 48
169 101 15
169 101 48
169 100 15
169 100 48
170 100 15
170 100 48
171 100 15
171 100 48
172 100 15
172 100 48
173 100 15
173 100 48
173 99 15
173 99 48
173 98 15
173 98 48
173 97 15
173 97 48
173 96 15
173 96 48
173 95 15
173 95 48
173 94 15
173 94 48
173 93 15
173 93 48
173 92 15
173 92 48
173 91 15
173 91 48
174 91 20
174 91 48
174 90 28
174 90 48
175 90 37
175 90 48
175 89 45
175 89 48
176 89 54
176 88 62
176 87 73
176 86 88
176 85 107
176 85 48
176 83 156
176 82 186
176 81 219
176 80 255
176 79 295
176 78 338
176 77 385
176 76 436
176 76 48
176 75 490
176 75 48
176 74 549
176 74 48
105 68 16
106 68 15
107 68 15
108 68 15
108 67 15
109 67 15
110 67 15
111 67 15
112 67 15
112 67 48
112 66 15
113 66 15
114 66 15
114 65 19
114 64 25
114 63 28
114 62 28
114 61 23
114 60 16
114 59 15
115 59 15
116 59 15
117 59 15
118 59 15
119 59 15
120 59 21
121 58 15
121 57 15
120 57 15
119 57 15
118 57 15
117 57 15
116 57 15
115 57 15
114 57 15
113 57 15
112 57 15
112 57 48
111 57 18
110 57 28
109 57 36
108 57 42
107 57 47
106 57 48
105 57 47
104 57 43
102 57 26
101 57 15
100 57 15
99 57 15
98 57 15
98 58 15
97 58 15
96 58 15
96 59 15
95 59 15
95 60 15
94 60 15
93 60 15
92 60 15
91 60 15
90 60 15
89 60 15
88 60 15
87 60 15
86 60 15
85 60 15
84 60 15
83 60 15
82 60 15
81 60 15
80 60 15
79 60 19
50 67 15
50 67 48
50 68 15
50 68 48
50 69 27
51 69 40
52 69 57
53 69 77
53 70 94
54 70 108
55 70 121
56 70 131
57 70 136
58 70 136
59 70 130
60 70 117
61 70 98
61 70 48
62 70 74
62 70 48
62 70 48
63 70 46
63 70 48
63 70 48
63 70 48
64 70 17
64 70 48
64 70 48
64 70 48
65 70 15
65 70 48
65 70 48
65 70 48
65 69 15
65 69 48
65 69 48
65 69 48
66 69 15
66 69 48
66 69 48
66 68 15
66 68 48
66 68 48
67 68 15
67 68 48
67 68 48
68 68 15
68 68 48
69 68 15
69 68 48
69 67 15
69 67 48
69 66 15
69 66 48
70 65 15
70 65 48
71 65 15
71 65 48
72 65 15
72 65 48
73 65 15
73 64 15
74 64 15
75 64 15
76 64 15
77 64 15
78 64 15
78 63 15
78 62 15
78 61 15
49 66 15
49 66 48
48 66 15
48 66 48
47 66 15
47 66 48
46 66 15
46 66 48
46 65 15
46 65 48
45 65 15
45 65 48
44 65 15
44 65 48
43 65 16
43 65 48
42 65 28
42 65 48
42 64 39
42 64 48
41 64 45
41 64 48
40 64 51
40 64 48
39 64 55
39 64 48
38 64 56
38 64 48
37 64 53
37 64 48
36 64 47
36 64 48
35 64 37
35 64 48
35 64 48
34 64 24
34 64 48
34 64 48
33 64 15
33 64 48
33 64 48
32 64 15
32 64 48
32 64 48
31 64 15
31 64 48
31 64 48
31 65 15
31 65 48
31 65 48
30 65 15
30 65 48
30 65 48
29 65 15
29 65 48
29 65 48
28 65 15
28 65 48
28 65 48
28 66 15
28 66 48
28 66 48
27 66 15
27 66 48
27 66 48
26 66 15
26 66 48
25 66 15
25 66 48
24 66 15
24 66 48
23 66 15
23 66 48
22 66 28
22 67 40
22 68 50
21 68 57
21 69 59
21 70 60
20 70 53
20 71 45
19 71 33
18 71 22
17 71 15
16 71 15
15 71 15
14 71 15
13 71 15
13 70 15
12 70 15
11 70 15
10 70 15
10 69 15
9 68 15
8 68 15
7 68 15
7 67 15
7 66 15
6 66 15
6 65 15
5 65 15
5 64 15
4 64 15
4 63 15
4 62 15
4 61 15
4 60 15
4 59 15
4 58 15
4 57 15
4 56 15
4 55 15
4 54 15
4 53 15
4 52 15
4 51 15
4 51 48
3 51 15
2 51 15
2 50 15
2 49 15
2 48 15
2 47 15
2 47 48
2 46 15
2 46 48
2 45 15
2 45 48
2 44 15
2 44 48
2 43 15
2 43 48
2 42 15
2 42 48
2 41 15
2 41 48
1 41 15
1 41 48
1 40 21
1 40 48
1 38 56
1 38 48
1 37 74
1 36 91
1 35 104
1 34 113
1 33 117
1 32 114
1 31 103
1 30 86
1 29 63
1 27 15
1 27 48
2 27 15
2 27 48
2 26 15
2 26 48
3 26 15
3 26 48
3 25 15
3 25 48
3 24 15
3 24 48
4 24 15
4 24 48
4 23 15
4 23 48
5 23 15
5 23 48
6 23 15
6 23 48
7 23 15
7 23 48
8 23 15
8 23 48
8 22 15
8 22 48
9 22 15
9 22 48
10 22 25
10 22 48
12 22 37
12 22 48
13 22 32
13 22 48
14 22 22
14 22 48
14 22 48
15 22 15
15 22 48
15 22 48
16 22 15
16 22 48
16 22 48
17 22 15
17 22 48
17 22 48
17 22 48
18 22 15
18 22 48
18 22 48
18 22 48
18 22 48
18 21 15
18 21 48
18 21 48
18 21 48
18 20 15
18 20 48
18 20 48
18 20 48
19 20 15
19 20 48
19 20 48
19 20 48
19 20 48
20 20 15
20 20 48
20 20 48
20 20 48
20 20 48
21 20 15
21 20 48
21 20 48
21 20 48
21 20 48
21 20 48
22 20 15
22 20 48
22 20 48
22 20 48
22 20 48
22 20 48
23 20 15
23 20 48
23 20 48
23 20 48
23 20 48
23 20 48
24 20 15
24 20 48
24 20 48
24 20 48
24 20 48
24 20 48
24 19 15
24 19 48
24 19 48
24 19 48
24 19 48
24 19 48
24 18 15
24 18 48
24 18 48
24 18 48
24 18 48
25 18 15
25 18 48
25 18 48
25 18 48
25 18 48
26 18 15
26 18 48
26 18 48
26 18 48
26 18 48
27 18 15
27 18 48
27 18 48
27 18 48
27 18 48
27 17 15
27 17 48
27 17 48
27 17 48
27 16 15
27 16 48
27 16 48
27 16 48
27 15 15
27 15 48
27 15 48
28 15 15
28 15 48
28 15 48
29 15 15
29 15 48
29 15 48
30 15 15
30 15 48
30 15 48
30 14 15
30 14 48
30 13 15
30 13 48
30 12 15
30 12 48
31 11 15
31 11 48
31 10 15
31 10 48
32 10 15
32 10 48
32 9 15
32 9 48
32 8 15
32 8 48
32 7 15
32 7 48
32 6 15
32 6 48
33 6 15
33 6 48
34 6 15
34 6 48
35 6 15
36 6 15
37 6 15
38 6 15
39 6 15
41 6 46
42 6 57
43 6 62
44 6 58
45 6 48
46 6 31
47 6 15
47 6 48
48 6 15
48 6 48
48 7 15
48 7 48
49 7 15
49 7 48
50 7 15
50 7 48
51 7 15
51 7 48
52 7 15
52 7 48
52 7 48
53 7 15
53 7 48
53 7 48
54 7 15
54 7 48
54 7 48
55 7 15
55 7 48
55 7 48
56 7 15
56 7 48
56 7 48
57 7 15
57 7 48
57 7 48
58 7 15
58 7 48
58 7 48
59 7 15
59 7 48
60 7 15
60 7 48
61 7 28
61 7 48
62 7 43
62 7 48
63 7 53
64 7 54
65 7 48
66 7 33
67 7 15
67 7 48
68 7 15
68 7 48
68 6 15
68 6 48
69 6 15
69 6 48
69 5 15
69 4 15
69 3 15
69 2 15
69 1 15
121 56 15
122 56 15
122 55 15
122 54 15
123 54 15
124 54 15
125 54 15
126 54 15
126 53 15
126 52 15
127 52 15
128 52 15
129 52 15
130 52 15
131 51 15
131 50 15
131 49 15
131 48 15
131 47 15
132 47 15
133 47 15
133 46 15
134 46 15
135 46 15
136 46 15
137 46 15
137 46 48
138 46 15
138 46 48
139 46 15
139 46 48
140 45 15
140 45 48
140 44 15
140 44 48
140 43 15
140 43 48
140 42 15
140 42 48
140 41 15
140 40 15
140 39 15
140 38 15
140 37 15
140 36 15
140 35 15
141 34 15
142 34 15
143 34 15
144 34 15
144 33 15
145 33 15
146 33 15
147 33 15
148 33 15
148 33 48
148 32 20
149 32 42
149 31 52
149 30 59
149 29 64
150 29 58
150 28 46
66 180 15
66 179 18
66 178 16
66 177 15
66 177 48
66 176 15
66 176 48
66 175 15
66 175 48
66 174 15
66 174 48
65 174 15
65 174 48
65 173 15
65 173 48
64 173 15
64 173 48
64 172 15
64 172 48
63 172 15
63 171 15
62 171 15
62 170 15
62 169 15
61 169 15
61 168 15
61 167 15
60 167 15
59 167 15
58 167 15
58 166 15
57 166 15
57 165 15
56 165 15
56 164 15
56 163 15
55 163 15
55 162 15
55 161 15
55 160 15
55 159 18
55 158 18
55 157 16
55 156 15
54 156 16
53 156 21
52 156 28
50 156 41
49 156 47
48 156 50
47 156 51
46 156 50
45 156 47
44 156 41
43 156 33
42 156 24
41 156 15
41 156 48
41 157 15
41 157 48
41 158 15
41 158 48
41 159 15
41 160 15
40 157 15
40 157 48
39 157 15
39 157 48
38 157 15
38 157 48
37 157 15
37 157 48
36 157 15
36 157 48
35 157 15
35 157 48
34 157 15
34 157 48
33 157 15
33 157 48
32 157 15
32 157 48
31 157 15
31 157 48
30 157 15
30 157 48
29 157 15
29 157 48
28 157 30
28 157 48
27 157 46
27 157 48
26 157 63
26 157 48
26 156 75
26 156 48
25 156 84
25 156 48
24 156 93
24 156 48
24 156 48
24 155 98
24 155 48
24 155 48
23 155 100
23 155 48
23 155 48
23 154 103
23 154 48
23 154 48
22 154 100
22 154 48
22 154 48
22 154 48
22 153 99
22 153 48
22 153 48
22 153 48
21 153 94
21 153 48
21 153 48
21 153 48
21 152 89
21 152 48
21 152 48
21 152 48
21 151 84
21 151 48
21 151 48
21 151 48
20 151 76
20 151 48
20 151 48
20 151 48
20 150 66
20 150 48
20 150 48
20 150 48
20 149 53
20 149 48
20 149 48
20 149 48
20 148 37
20 148 48
20 148 48
20 148 48
20 147 18
20 147 48
20 147 48
20 147 48
20 146 15
20 146 48
20 146 48
19 146 15
19 146 48
19 146 48
19 145 15
19 145 48
19 145 48
19 144 15
19 144 48
19 143 15
19 143 48
19 142 15
19 142 48
19 141 15
19 141 48
19 140 15
19 140 48
19 139 15
19 139 48
19 138 15
19 138 48
19 137 15
19 137 48
19 136 15
19 135 15
19 134 15
19 133 15
19 132 15
19 131 15
19 130 15
19 129 15
19 128 15
19 127 15
18 127 15
18 126 15
17 126 15
16 126 15
15 126 22
14 126 30
