69 43 394
78 180 394
164 117 394
78 38 394
69 32 394
87 175 394
78 169 394
173 112 394
164 106 394
78 27 394
173 101 394
87 186 394
78 191 394
78 191 384
78 191 384
69 21 394
69 21 384
69 21 384
69 21 384
88 32 394
173 123 394
164 128 394
87 21 394
97 180 394
97 191 394
97 191 384
59 38 394
164 95 394
173 90 394
97 27 394
96 16 394
68 175 394
68 164 394
163 85 394
173 80 394
173 80 384
173 80 384
154 90 394
59 169 394
154 80 394
106 21 394
59 159 394
106 10 394
115 16 394
182 96 394
183 107 394
183 118 394
183 118 384
183 118 384
115 5 394
115 5 384
115 5 384
49 164 394
49 164 384
49 164 384
115 27 394
106 32 394
154 101 394
154 101 384
97 38 394
68 153 394
78 158 394
87 163 394
87 163 384
88 43 394
192 102 394
192 102 384
192 102 384
173 134 394
59 180 394
59 180 384
59 180 384
106 43 394
106 43 384
97 49 394
97 49 384
97 49 384
115 38 394
97 169 394
97 169 384
97 169 384
154 112 394
154 123 394
145 118 394
78 49 394
78 147 394
78 147 384
78 147 384
78 147 384
58 148 394
145 107 394
145 107 384
49 153 394
49 153 384
49 153 384
49 153 384
124 22 394
124 32 394
124 32 384
96 5 394
87 10 394
87 10 384
145 129 394
154 134 394
163 140 394
106 186 394
106 175 394
115 180 394
116 169 394
125 175 394
125 175 384
69 54 394
69 54 384
59 49 394
59 49 384
144 85 394
145 96 394
135 91 394
135 102 394
135 113 394
135 124 394
125 163 394
116 158 394
125 152 394
125 152 384
50 43 394
50 43 384
50 43 384
50 43 384
106 163 394
106 163 384
135 135 394
135 135 384
135 135 384
135 135 384
125 119 394
125 108 394
125 97 394
87 0 394
87 0 384
87 0 384
87 0 384
78 60 394
78 60 384
78 60 384
78 60 384
115 192 394
106 197 394
125 186 394
115 49 394
125 43 394
125 43 384
125 54 394
115 59 394
125 65 394
135 80 394
144 75 394
134 70 394
124 198 394
134 192 394
134 181 394
134 181 384
134 181 384
68 186 394
143 198 394
143 198 384
143 198 384
143 198 384
116 147 394
106 152 394
106 141 394
116 136 394
116 125 394
164 118 198
164 119 202
163 119 213
162 119 225
161 119 236
160 119 245
159 119 252
158 119 255
157 119 256
156 119 253
155 119 248
154 119 240
153 119 231
152 119 221
151 119 211
150 119 200
149 119 190
148 119 181
147 119 172
146 119 165
145 119 159
144 119 154
143 119 150
142 119 147
141 119 146
140 119 145
139 119 145
138 119 146
137 119 147
136 119 150
135 119 152
134 119 156
134 119 384
133 119 160
133 119 384
132 119 164
132 119 384
131 119 170
131 119 384
130 119 176
130 119 384
129 119 183
129 119 384
128 119 192
128 119 384
127 119 202
127 119 384
126 119 214
126 119 384
127 118 190
127 118 384
128 118 177
128 118 384
129 118 167
129 118 384
130 118 160
130 118 384
130 117 153
130 117 384
130 116 152
130 115 157
130 114 165
130 113 174
130 112 182
130 111 189
130 110 194
130 109 196
130 108 194
130 107 190
130 106 183
130 105 174
130 104 165
130 103 156
130 102 149
130 101 144
130 100 143
131 100 143
131 99 143
132 99 147
132 98 149
133 98 155
133 97 158
134 97 166
134 96 170
135 96 178
135 95 182
135 94 190
135 93 201
135 92 215
134 71 274
134 72 261
134 73 254
135 73 243
135 74 235
135 75 233
135 76 236
135 77 242
135 78 251
135 79 261
135 81 282
135 82 290
135 83 296
135 84 298
135 85 298
135 86 293
135 87 285
135 88 274
135 89 261
135 90 246
133 70 290
132 70 294
132 69 303
131 69 304
131 68 310
130 68 308
130 67 310
129 67 305
129 66 303
128 66 293
128 65 287
127 65 274
126 65 267
125 64 238
125 63 216
125 62 200
124 62 182
124 61 165
123 61 149
123 60 131
122 60 120
122 59 103
122 58 94
121 58 84
121 57 77
120 57 75
120 56 71
120 55 74
119 55 80
119 54 84
119 53 94
119 52 108
118 52 119
118 51 132
118 50 148
118 49 166
117 49 180
116 49 208
115 48 254
115 47 258
115 46 261
115 45 264
115 44 267
115 43 271
115 42 274
115 41 277
115 40 280
115 39 282
114 38 277
113 38 274
113 37 270
113 36 266
112 36 262
112 35 257
111 35 254
110 35 253
109 35 253
108 35 254
107 35 256
106 35 257
105 35 257
104 35 257
103 35 255
102 35 252
101 35 248
100 35 243
99 35 236
98 35 228
97 35 219
96 35 209
95 35 198
94 35 187
93 35 176
92 35 164
91 35 153
90 35 143
89 35 134
88 35 125
87 35 118
86 35 113
85 35 109
85 36 107
84 36 104
83 36 102
83 37 100
82 37 98
82 38 96
81 38 95
80 38 95
79 38 97
78 39 94
78 40 91
77 40 92
77 41 92
76 41 92
75 41 92
74 41 91
73 41 91
72 41 89
71 41 87
70 41 86
69 41 85
69 42 90
125 120 240
125 120 384
124 120 252
124 120 384
124 121 266
124 121 384
123 121 274
123 121 384
122 121 285
122 121 384
122 122 291
122 122 384
121 122 298
121 122 384
121 123 303
120 123 307
120 124 310
119 124 310
119 125 310
118 125 309
117 125 318
116 126 316
116 127 300
116 128 290
116 129 283
116 130 280
116 131 280
116 132 282
116 133 285
116 134 288
116 135 292
115 136 243
114 136 208
113 136 189
113 137 177
113 138 165
113 139 155
113 140 145
113 141 135
113 142 127
113 143 121
113 144 115
113 145 112
113 146 110
113 147 111
113 148 114
113 149 119
113 150 127
113 151 137
113 152 149
114 152 157
114 153 166
115 153 174
115 154 179
115 155 185
116 155 188
116 156 188
116 157 190
116 159 195
116 160 198
116 161 201
116 162 204
116 163 206
116 164 207
116 165 209
116 166 210
116 167 211
116 168 211
116 170 213
116 171 214
116 172 215
116 173 217
115 173 216
115 174 214
115 175 213
115 175 384
115 176 213
115 176 384
115 177 213
115 177 384
115 178 213
115 178 384
115 179 213
115 179 384
114 180 204
114 180 384
113 180 200
113 180 384
112 180 198
112 180 384
111 180 199
110 180 202
109 180 206
108 180 213
107 180 220
106 180 229
105 180 239
104 180 248
103 180 258
102 180 266
101 180 273
100 180 278
99 180 280
98 180 279
96 180 269
95 180 260
94 180 248
93 180 236
92 180 222
91 180 209
90 180 197
89 180 187
88 180 179
87 180 174
86 180 172
85 180 172
84 180 174
83 180 177
82 180 182
81 180 186
80 180 190
79 180 193
