104 123 202
5 187 202
184 62 202
178 146 202
38 44 202
0 182 202
0 193 202
5 198 202
5 176 202
0 171 202
0 171 192
0 171 192
0 171 192
15 182 202
15 171 202
29 49 202
29 49 192
29 49 192
29 49 192
29 49 192
29 49 192
47 38 202
47 49 202
95 128 202
95 117 202
169 151 202
178 157 202
175 56 202
185 51 202
38 32 202
104 112 202
169 162 202
194 56 202
95 107 202
160 157 202
104 101 202
95 96 202
194 67 202
160 168 202
160 168 192
175 45 202
175 45 192
175 45 192
188 151 202
187 140 202
47 26 202
38 21 202
47 15 202
15 193 202
104 134 202
95 139 202
166 51 202
166 51 192
197 146 202
197 135 202
38 9 202
104 90 202
166 62 202
175 68 202
184 73 202
47 3 202
166 73 202
175 79 202
104 145 202
95 150 202
25 176 202
25 187 202
25 198 202
25 198 192
166 84 202
104 156 202
104 156 192
104 156 192
104 156 192
157 79 202
157 67 202
157 56 202
157 56 192
157 56 192
157 56 192
150 162 202
150 162 192
150 162 192
57 8 202
57 20 202
57 20 192
57 20 192
57 20 192
35 182 202
35 193 202
94 85 202
148 73 202
28 15 202
29 26 202
19 20 202
104 79 202
94 74 202
45 188 202
45 177 202
35 171 202
25 165 202
187 129 202
178 135 202
168 140 202
159 146 202
159 146 192
150 151 202
150 151 192
150 151 192
150 151 192
150 151 192
188 162 202
197 157 202
179 168 202
169 173 202
148 62 202
148 62 192
148 62 192
104 68 202
94 63 202
35 160 202
45 166 202
179 178 202
188 173 202
198 167 202
198 167 192
19 8 202
28 3 202
10 14 202
104 57 202
94 52 202
175 90 202
185 84 202
194 79 202
10 26 202
10 26 192
10 26 192
10 26 192
10 26 192
10 26 192
10 26 192
10 2 202
0 8 202
104 46 202
104 46 192
104 46 192
46 155 202
46 155 192
46 155 192
46 155 192
46 155 192
148 84 202
148 84 192
157 90 202
157 90 192
166 96 202
26 154 202
26 154 192
26 154 192
26 154 192
26 154 192
170 184 202
170 184 192
160 178 202
160 178 192
160 178 192
160 178 192
55 182 202
55 171 202
176 101 202
176 101 192
185 96 202
185 96 192
185 96 192
185 96 192
185 96 192
177 124 202
168 129 202
159 135 202
159 135 192
159 135 192
159 135 192
159 135 192
168 118 202
167 107 202
85 58 202
85 58 192
85 58 192
85 69 202
85 80 202
85 80 192
85 80 192
85 80 192
85 80 192
76 64 202
76 64 192
76 64 192
76 64 192
76 64 192
76 64 192
113 62 202
113 62 192
113 62 192
113 62 192
113 62 192
65 177 202
65 166 202
65 166 192
65 166 192
65 166 192
0 19 202
0 19 192
113 73 202
113 73 192
113 84 202
113 95 202
113 106 202
122 90 202
122 101 202
122 101 192
122 101 192
122 101 192
122 79 202
131 84 202
131 84 192
131 84 192
113 118 202
139 79 202
139 79 192
139 79 192
29 38 202
29 38 192
29 38 192
29 38 192
29 38 192
29 38 192
29 38 192
38 55 202
47 60 202
38 66 202
47 71 202
47 71 192
47 71 192
65 188 202
65 188 192
55 193 202
45 199 202
38 76 202
28 71 202
28 81 202
19 75 202
19 86 202
55 160 202
55 160 192
55 160 192
55 160 192
55 160 192
55 160 192
9 80 202
9 91 202
9 91 192
16 160 202
16 160 192
16 160 192
16 160 192
0 85 202
0 85 192
65 199 202
65 199 192
65 199 192
65 199 192
65 199 192
65 199 192
65 199 192
75 183 202
75 183 192
75 183 192
75 183 192
75 183 192
75 183 192
75 183 192
0 95 202
0 95 192
38 86 202
28 91 202
38 96 202
38 96 192
19 96 202
19 96 192
28 101 202
47 81 202
47 91 202
47 91 192
47 91 192
36 149 202
36 149 192
36 149 192
36 149 192
36 149 192
36 149 192
36 149 192
36 149 192
9 101 202
9 101 192
9 101 192
9 101 192
9 101 192
9 101 192
6 165 318
6 165 192
6 165 192
6 165 192
6 165 192
6 165 192
6 165 192
6 165 192
9 70 202
0 74 202
0 64 202
19 65 202
10 59 202
29 60 202
29 60 192
29 60 192
0 171 192
0 171 192
0 171 192
0 171 192
16 149 202
16 149 192
16 149 192
16 149 192
16 149 192
16 149 192
16 149 192
16 149 192
16 149 192
16 149 192
0 53 202
75 161 202
85 155 202
38 107 202
38 107 192
28 112 202
28 112 192
19 106 202
19 106 192
47 102 202
47 102 192
47 102 192
47 102 192
47 102 192
47 102 192
47 102 192
37 117 202
28 122 202
18 117 202
18 127 202
18 127 192
37 128 202
47 123 202
46 133 202
56 128 202
56 128 192
56 139 202
56 139 192
56 139 192
56 139 192
56 139 192
56 139 192
56 139 192
8 122 202
9 111 202
9 111 192
9 111 192
9 111 192
0 117 202
0 127 202
0 106 202
0 106 192
8 133 202
0 138 202
0 138 192
47 112 202
57 117 202
66 123 202
66 123 192
66 123 192
66 123 192
66 123 192
66 123 192
66 123 192
27 133 202
27 133 192
27 133 192
27 133 192
27 133 192
36 138 202
36 138 192
36 138 192
36 138 192
36 138 192
39 44 84
40 44 15
40 44 192
40 45 15
40 45 192
40 46 15
40 46 192
40 47 15
40 47 192
40 48 15
40 48 192
40 49 15
40 49 192
40 50 15
40 50 192
40 51 15
40 51 192
40 52 15
40 52 192
40 53 15
40 53 192
40 54 15
40 54 192
40 55 15
40 55 192
40 56 15
40 56 192
40 57 15
40 57 192
40 58 15
40 58 192
40 59 15
40 59 192
40 60 15
40 60 192
40 61 15
40 61 192
40 62 21
40 62 192
39 62 36
39 62 192
39 63 51
39 63 192
38 63 67
38 63 192
38 64 78
38 64 192
38 65 91
38 85 61
38 85 192
38 84 57
38 84 192
38 83 58
38 83 192
38 82 63
38 81 71
38 80 82
38 79 95
38 78 109
38 77 123
38 75 148
38 74 157
38 73 162
38 72 164
38 71 162
38 70 157
38 69 147
38 68 135
38 67 121
28 111 232
28 111 192
28 110 231
28 110 192
28 109 225
28 109 192
28 108 216
28 108 192
28 107 204
28 107 192
28 106 189
28 106 192
28 105 173
28 105 192
28 104 157
28 104 192
28 103 141
28 103 192
28 102 125
28 102 192
28 100 100
28 100 192
28 99 91
28 99 192
28 98 84
28 98 192
28 97 81
28 97 192
28 96 80
28 96 192
28 95 82
28 95 192
28 94 86
28 94 192
28 93 91
28 92 98
29 91 109
30 91 113
31 91 119
31 90 123
32 90 126
32 89 129
33 89 129
34 89 127
34 88 124
35 88 118
36 88 112
36 88 192
36 87 103
36 87 192
37 87 92
37 87 192
38 87 82
38 87 192
37 127 113
37 126 114
37 125 118
36 125 121
36 124 124
35 124 125
34 124 127
34 123 129
33 123 130
32 123 132
32 122 134
31 122 135
30 122 136
29 122 137
29 122 192
28 121 136
28 121 192
28 120 140
28 119 150
28 118 162
28 117 176
28 116 190
28 115 204
28 115 192
28 114 216
28 114 192
28 113 225
28 113 192
38 128 105
39 128 91
40 128 79
41 128 67
41 129 66
41 130 75
41 131 96
41 132 132
41 133 184
41 134 253
41 135 338
41 136 437
41 137 548
41 138 667
41 139 791
41 140 913
41 141 1030
41 142 1137
41 142 192
41 143 1229
41 143 192
41 144 1303
41 144 192
41 145 1354
41 145 192
41 145 192
41 146 1382
41 146 192
41 147 1385
41 147 192
41 148 1363
41 148 192
41 149 1318
41 150 1252
41 151 1168
41 152 1070
41 153 962
41 154 847
41 155 732
41 156 618
41 157 510
41 158 410
41 159 321
41 160 244
41 161 179
41 162 126
41 163 85
41 164 54
41 165 34
41 166 21
42 166 30
43 166 44
44 166 64
45 167 66
45 168 52
45 169 44
45 170 42
45 171 46
45 172 54
46 172 62
47 172 71
48 172 80
48 173 88
49 173 94
50 173 98
51 173 101
52 173 102
52 174 99
53 174 92
54 174 84
55 174 74
55 175 58
56 175 42
56 176 26
57 176 15
57 176 192
58 176 15
58 176 192
59 176 15
59 176 192
60 176 15
60 176 192
61 176 15
61 176 192
62 176 18
62 176 192
62 175 58
62 175 192
63 175 98
63 175 192
63 174 142
63 174 192
63 173 191
64 173 236
64 172 285
65 172 332
65 171 377
65 170 424
65 169 475
65 168 529
65 167 585
66 166 625
67 166 604
68 166 580
69 166 555
70 166 530
71 166 507
71 165 480
72 165 445
72 164 412
73 164 368
74 164 331
74 163 284
75 163 246
75 162 202
76 161 130
77 161 99
77 160 74
78 160 51
78 159 39
79 159 23
80 159 22
80 158 17
81 158 23
81 157 30
82 157 40
82 156 59
83 156 71
84 156 91
84 155 109
86 155 147
86 154 162
87 154 176
88 154 191
88 153 197
89 153 203
90 153 208
90 152 205
91 152 200
92 152 195
92 151 183
93 151 170
93 150 157
94 150 138
95 149 102
96 149 86
96 148 66
97 148 50
97 147 31
97 146 18
98 146 15
99 146 15
99 145 15
99 144 15
100 144 15
100 143 15
100 142 15
100 141 15
100 140 15
100 139 15
100 138 15
100 137 15
100 136 15
100 135 15
100 134 15
100 133 15
100 132 15
100 131 18
100 130 22
100 129 27
100 128 31
100 127 36
100 126 40
100 125 45
100 124 50
100 123 55
101 123 63
102 123 74
103 123 87
112 95 128
111 95 121
110 95 118
110 96 118
109 96 115
109 97 111
109 98 107
109 99 101
109 100 95
109 101 87
109 102 79
109 103 69
109 104 59
109 105 48
109 106 37
109 107 27
109 108 17
109 108 192
109 109 15
109 109 192
109 110 15
109 110 192
109 111 15
109 111 192
109 112 15
109 112 192
109 113 15
109 113 192
109 114 15
109 114 192
108 114 15
108 114 192
108 115 24
107 115 34
107 116 44
106 116 54
106 117 63
105 117 71
104 117 77
104 118 81
104 119 85
104 120 89
104 121 94
104 122 98
138 79 539
137 79 561
136 79 576
135 79 581
134 79 577
133 79 563
132 79 540
131 79 509
130 79 471
129 79 428
128 79 381
127 79 333
126 79 285
125 79 240
124 79 199
123 79 164
122 80 79
122 81 31
122 81 192
122 82 15
122 82 192
122 83 15
122 83 192
122 84 15
122 84 192
122 85 15
122 85 192
122 86 15
122 86 192
122 87 15
122 87 192
121 87 15
121 87 192
120 87 15
120 87 192
119 87 15
119 87 192
118 87 15
118 87 192
118 88 15
118 88 192
118 89 15
118 89 192
117 89 15
116 89 15
115 89 17
115 90 35
114 90 50
114 91 66
113 91 78
113 92 91
113 93 106
113 94 123
140 79 473
141 79 433
142 79 390
143 79 347
144 79 303
145 79 262
146 79 224
147 79 190
148 79 161
149 79 137
150 79 118
151 79 105
152 79 97
153 79 93
154 79 92
155 79 95
156 79 100
158 79 113
159 79 120
160 79 126
161 79 131
162 79 135
163 79 137
164 79 138
165 79 138
166 79 137
167 79 135
168 79 132
169 79 129
170 79 126
171 79 123
172 79 120
173 79 117
174 79 114
176 124 63
175 124 26
174 124 15
173 124 15
173 123 15
172 123 15
172 122 15
171 122 15
171 121 21
170 121 33
170 120 46
170 119 61
170 118 75
170 117 89
170 116 101
170 115 111
170 114 119
170 113 124
170 112 126
170 111 126
170 110 123
170 109 118
170 108 112
170 107 105
170 106 98
170 105 91
170 105 192
170 104 84
170 104 192
170 103 78
170 103 192
170 102 73
170 102 192
170 101 68
170 101 192
170 100 65
170 100 192
170 99 62
170 99 192
170 98 61
170 98 192
170 97 60
170 97 192
170 96 59
170 95 59
170 94 60
170 93 61
170 92 63
170 91 65
171 91 69
171 90 71
171 89 74
171 88 78
172 88 81
172 87 84
172 86 87
173 86 89
173 85 92
174 85 94
174 84 96
175 84 96
175 83 97
175 82 100
175 81 103
175 80 107
174 125 15
174 126 15
174 127 15
174 128 15
174 129 15
174 130 15
173 130 15
173 131 15
173 132 15
173 133 15
173 134 15
173 135 19
173 136 30
173 137 40
173 138 47
173 139 52
173 140 56
173 141 59
173 142 61
173 143 62
173 144 64
173 145 67
173 146 70
174 146 84
175 146 98
176 146 113
177 146 127
176 79 108
177 79 103
178 79 98
179 79 91
180 79 82
181 79 72
182 79 61
183 79 49
184 79 36
185 79 25
186 79 15
187 79 15
188 79 15
188 78 15
188 77 15
188 76 15
188 75 15
189 75 15
190 75 15
190 74 15
190 73 22
190 72 33
190 71 44
190 70 53
190 69 60
190 68 63
190 67 63
190 66 60
190 65 53
190 64 43
190 63 31
190 62 19
189 62 22
188 62 31
187 62 46
186 62 64
185 62 83
40 166 16
39 166 16
38 166 20
38 165 23
37 165 27
36 165 33
35 165 41
34 165 50
33 165 58
32 165 64
31 165 68
30 165 69
29 165 68
28 165 63
27 165 56
26 165 49
24 165 36
23 165 36
23 166 36
22 166 37
22 167 39
21 167 42
21 168 42
21 169 45
20 169 46
20 170 45
20 171 45
19 171 42
19 172 39
19 173 37
18 173 30
18 174 27
17 174 21
17 174 192
17 175 17
17 175 192
16 175 15
16 175 192
16 176 15
16 176 192
15 176 15
15 176 192
15 177 15
15 177 192
15 178 15
14 178 15
14 179 15
13 179 15
13 180 15
12 180 15
12 181 15
11 181 15
10 181 15
9 181 15
8 181 15
7 181 15
6 181 15
5 181 15
5 181 192
5 182 15
5 183 15
5 184 15
5 185 15
5 186 21
