42 152 16
150 87 16
70 107 16
102 54 16
102 54 6
102 54 6
102 54 6
102 54 6
102 54 6
102 54 6
102 54 6
102 54 6
102 54 6
102 54 6
102 54 6
102 54 6
102 54 6
102 54 6
102 54 6
102 54 6
102 54 6
102 54 6
102 54 6
102 54 6
102 54 6
102 54 6
102 54 6
102 54 6
102 54 6
102 54 6
102 54 6
102 54 6
102 54 6
102 54 6
102 54 6
102 54 6
102 54 6
102 54 6
102 54 6
102 54 6
102 54 6
102 54 6
102 54 6
102 54 6
102 54 6
107 98 16
32 10 16
32 10 6
32 10 6
14 57 16
172 2 16
99 145 16
50 157 16
42 163 16
33 158 16
116 94 16
115 105 16
124 101 16
141 92 16
133 96 16
124 89 16
132 85 16
141 80 16
106 109 16
78 113 16
78 113 6
79 101 16
88 108 16
97 102 16
96 114 16
91 139 16
91 139 6
91 139 6
91 139 6
91 139 6
91 139 6
91 139 6
91 139 6
91 139 6
91 139 6
91 139 6
91 139 6
91 139 6
94 126 16
101 133 16
101 133 6
86 120 16
86 120 6
86 120 6
86 120 6
32 0 16
23 5 16
23 62 16
23 62 6
23 51 16
23 51 6
23 51 6
23 51 6
23 51 6
23 51 6
23 51 6
94 59 16
94 59 6
94 59 6
94 59 6
94 59 6
94 59 6
94 59 6
94 59 6
94 59 6
94 59 6
94 59 6
94 59 6
94 59 6
94 59 6
94 59 6
94 59 6
94 59 6
94 59 6
94 59 6
94 59 6
94 59 6
94 59 6
94 59 6
94 59 6
94 59 6
94 59 6
94 59 6
94 59 6
94 59 6
94 59 6
94 59 6
94 59 6
94 59 6
94 59 6
94 59 6
94 59 6
94 59 6
94 59 6
94 59 6
94 59 6
94 59 6
94 59 6
94 59 6
94 59 6
94 59 6
94 59 6
94 59 6
94 59 6
94 59 6
94 59 6
94 59 6
94 59 6
94 59 6
94 59 6
94 59 6
94 59 6
94 59 6
94 59 6
94 59 6
94 59 6
94 59 6
94 59 6
94 59 6
94 59 6
94 59 6
94 59 6
94 59 6
94 59 6
94 59 6
94 59 6
94 59 6
94 59 6
94 59 6
94 59 6
94 59 6
94 59 6
94 59 6
94 59 6
94 59 6
94 59 6
94 59 6
94 59 6
94 59 6
94 59 6
94 59 6
94 59 6
41 4 16
41 4 6
41 4 6
14 46 16
93 48 16
93 48 6
93 48 6
93 48 6
93 48 6
93 48 6
93 48 6
93 48 6
101 43 16
101 43 6
101 43 6
92 37 16
101 32 16
101 32 6
101 32 6
101 32 6
101 32 6
101 32 6
101 32 6
101 32 6
23 16 16
23 16 6
13 11 16
14 22 16
14 34 16
14 34 6
33 169 16
33 169 6
33 169 6
33 169 6
24 163 16
24 163 6
24 163 6
24 163 6
24 163 6
24 163 6
23 174 16
23 174 6
23 174 6
23 174 6
23 174 6
23 174 6
23 174 6
23 174 6
23 174 6
23 174 6
23 174 6
23 174 6
23 174 6
23 174 6
23 174 6
23 174 6
23 174 6
23 174 6
23 174 6
23 174 6
23 174 6
23 174 6
23 174 6
23 174 6
23 174 6
23 174 6
23 174 6
23 174 6
23 174 6
23 174 6
23 174 6
23 174 6
23 174 6
23 174 6
23 174 6
23 174 6
23 174 6
23 174 6
23 174 6
23 174 6
23 174 6
23 174 6
23 174 6
23 174 6
23 174 6
23 174 6
23 174 6
23 174 6
23 174 6
23 174 6
23 174 6
23 174 6
23 174 6
92 26 16
92 26 6
92 26 6
92 26 6
101 21 16
101 21 6
101 21 6
101 21 6
101 21 6
101 21 6
101 21 6
101 21 6
101 21 6
101 21 6
101 21 6
101 21 6
101 21 6
101 21 6
101 21 6
101 21 6
101 21 6
101 21 6
101 21 6
101 21 6
101 21 6
101 21 6
101 21 6
101 21 6
101 21 6
101 21 6
101 21 6
101 21 6
101 21 6
101 21 6
101 21 6
101 21 6
101 21 6
101 21 6
101 21 6
101 21 6
101 21 6
101 21 6
101 21 6
101 21 6
101 21 6
101 21 6
101 21 6
101 21 6
101 21 6
101 21 6
101 21 6
101 21 6
101 21 6
101 21 6
101 21 6
101 21 6
101 21 6
101 21 6
101 21 6
101 21 6
101 21 6
101 21 6
101 21 6
101 21 6
101 21 6
101 21 6
101 21 6
101 21 6
101 21 6
101 21 6
101 21 6
101 21 6
101 21 6
101 21 6
101 21 6
101 21 6
101 21 6
101 21 6
101 21 6
101 21 6
101 21 6
101 21 6
101 21 6
101 21 6
101 21 6
101 21 6
101 21 6
101 21 6
101 21 6
101 21 6
51 146 16
59 151 16
59 151 6
59 151 6
59 151 6
59 151 6
59 151 6
59 151 6
59 151 6
59 151 6
59 151 6
59 151 6
59 151 6
59 151 6
59 151 6
23 40 16
23 40 6
23 40 6
23 40 6
23 40 6
23 40 6
23 40 6
23 40 6
23 40 6
23 40 6
23 40 6
23 40 6
23 40 6
23 40 6
23 40 6
23 40 6
23 40 6
23 40 6
23 40 6
23 40 6
23 40 6
23 40 6
23 40 6
23 40 6
23 40 6
23 40 6
23 40 6
23 40 6
23 40 6
23 40 6
23 40 6
23 40 6
23 40 6
23 40 6
23 40 6
23 40 6
23 28 16
23 28 6
23 28 6
23 28 6
23 28 6
23 28 6
23 28 6
23 28 6
23 28 6
23 28 6
23 28 6
23 28 6
23 28 6
23 28 6
23 28 6
23 28 6
83 32 16
83 32 6
83 32 6
83 43 16
83 43 6
75 37 16
75 37 6
75 37 6
85 53 16
85 53 6
85 53 6
85 53 6
85 53 6
85 53 6
85 53 6
85 53 6
85 53 6
85 53 6
85 53 6
85 53 6
85 53 6
85 53 6
85 53 6
85 53 6
85 53 6
85 53 6
85 53 6
85 53 6
85 53 6
85 53 6
85 53 6
85 53 6
85 53 6
85 53 6
85 53 6
85 53 6
85 53 6
85 53 6
85 53 6
85 53 6
85 53 6
85 53 6
85 53 6
85 53 6
85 53 6
85 53 6
85 53 6
85 53 6
85 53 6
85 53 6
85 53 6
85 53 6
85 53 6
85 53 6
75 48 16
75 48 6
75 48 6
75 48 6
75 48 6
75 48 6
75 48 6
75 48 6
75 48 6
75 48 6
75 48 6
75 48 6
75 48 6
75 48 6
75 48 6
75 48 6
75 48 6
75 48 6
75 48 6
59 139 16
59 139 6
59 139 6
59 139 6
59 139 6
59 139 6
59 139 6
59 139 6
59 139 6
59 139 6
59 139 6
59 139 6
59 139 6
59 139 6
59 139 6
59 139 6
59 139 6
59 139 6
59 139 6
59 139 6
59 139 6
59 139 6
59 139 6
59 139 6
59 139 6
59 139 6
59 139 6
59 139 6
59 139 6
59 139 6
59 139 6
59 139 6
59 139 6
59 139 6
59 139 6
59 139 6
59 139 6
59 139 6
59 139 6
59 139 6
59 139 6
59 139 6
67 145 16
67 145 6
67 145 6
67 145 6
67 145 6
67 145 6
67 145 6
67 145 6
67 145 6
67 145 6
67 145 6
67 145 6
67 145 6
67 145 6
67 145 6
67 145 6
67 145 6
67 145 6
67 145 6
67 145 6
67 145 6
67 145 6
67 145 6
67 145 6
67 145 6
67 145 6
67 145 6
67 145 6
67 145 6
67 145 6
67 145 6
67 145 6
67 145 6
67 145 6
67 145 6
67 145 6
67 145 6
67 145 6
67 145 6
67 145 6
67 145 6
67 145 6
67 145 6
67 145 6
67 145 6
67 145 6
67 145 6
67 145 6
67 145 6
67 145 6
67 145 6
67 145 6
67 145 6
67 145 6
67 145 6
67 145 6
67 145 6
67 145 6
67 145 6
67 145 6
67 145 6
67 145 6
67 145 6
67 145 6
67 145 6
67 145 6
67 145 6
67 145 6
67 145 6
67 145 6
67 145 6
67 145 6
67 145 6
67 145 6
67 145 6
67 145 6
67 145 6
67 145 6
67 145 6
67 145 6
67 145 6
67 145 6
67 145 6
67 145 6
67 145 6
67 145 6
67 145 6
67 145 6
67 145 6
67 145 6
67 145 6
67 145 6
67 145 6
67 145 6
67 145 6
67 145 6
67 145 6
67 145 6
67 145 6
67 145 6
67 145 6
67 145 6
67 145 6
67 145 6
67 145 6
67 145 6
67 145 6
67 145 6
67 145 6
67 145 6
67 145 6
67 43 16
67 43 6
67 43 6
67 43 6
67 43 6
67 43 6
67 43 6
67 43 6
67 43 6
67 43 6
67 43 6
67 43 6
67 43 6
67 43 6
67 43 6
67 43 6
67 43 6
67 43 6
67 43 6
67 43 6
67 43 6
67 43 6
67 43 6
67 43 6
67 43 6
67 43 6
67 43 6
67 43 6
67 43 6
67 43 6
67 43 6
67 43 6
67 43 6
67 43 6
67 43 6
67 43 6
67 43 6
67 43 6
67 43 6
67 43 6
67 43 6
67 43 6
67 43 6
67 43 6
67 43 6
67 43 6
67 43 6
67 43 6
67 43 6
67 43 6
67 43 6
67 43 6
67 43 6
110 38 16
110 38 6
110 38 6
110 38 6
110 38 6
110 38 6
110 38 6
110 38 6
110 38 6
110 38 6
110 38 6
110 38 6
110 38 6
110 38 6
110 38 6
110 38 6
110 38 6
110 38 6
110 38 6
110 38 6
110 38 6
110 38 6
110 38 6
110 38 6
110 38 6
110 38 6
110 38 6
110 38 6
110 38 6
110 38 6
110 38 6
110 38 6
110 38 6
110 38 6
110 38 6
110 38 6
110 38 6
110 38 6
110 38 6
110 38 6
110 38 6
110 38 6
110 38 6
110 38 6
110 38 6
110 38 6
110 38 6
110 38 6
111 49 16
111 49 6
111 49 6
111 49 6
111 49 6
111 49 6
111 49 6
111 49 6
111 49 6
111 49 6
111 49 6
111 49 6
111 49 6
111 49 6
111 49 6
111 49 6
111 49 6
111 49 6
111 49 6
111 49 6
111 49 6
111 49 6
111 49 6
111 49 6
111 49 6
111 49 6
111 49 6
111 49 6
111 49 6
111 49 6
111 49 6
111 49 6
111 49 6
111 49 6
111 49 6
111 49 6
111 49 6
111 49 6
111 49 6
111 49 6
111 49 6
111 49 6
111 49 6
111 49 6
111 49 6
111 49 6
111 49 6
111 49 6
111 49 6
111 49 6
111 49 6
111 49 6
111 49 6
111 49 6
111 49 6
111 49 6
111 49 6
111 49 6
111 49 6
14 68 16
23 73 16
23 73 6
23 73 6
23 73 6
23 73 6
23 73 6
23 73 6
23 73 6
23 73 6
23 73 6
23 73 6
23 73 6
23 73 6
23 73 6
23 73 6
23 73 6
58 163 16
58 163 6
58 163 6
58 163 6
58 163 6
58 163 6
58 163 6
58 163 6
58 163 6
58 163 6
58 163 6
50 169 16
50 169 6
50 169 6
41 175 16
41 175 6
41 175 6
41 175 6
32 180 16
32 180 6
32 180 6
32 180 6
32 180 6
32 180 6
32 180 6
32 180 6
32 180 6
32 180 6
32 180 6
32 180 6
32 180 6
32 180 6
32 180 6
32 180 6
32 180 6
32 180 6
32 180 6
32 180 6
32 180 6
32 180 6
32 180 6
32 180 6
32 180 6
32 180 6
32 180 6
32 180 6
32 180 6
32 180 6
32 180 6
32 180 6
32 180 6
32 180 6
32 180 6
32 180 6
32 180 6
32 180 6
32 180 6
32 180 6
32 180 6
66 157 16
66 157 6
66 157 6
66 157 6
66 157 6
66 157 6
66 157 6
66 157 6
66 157 6
66 157 6
66 157 6
66 157 6
66 157 6
66 157 6
66 157 6
66 157 6
66 157 6
66 157 6
66 157 6
66 157 6
66 157 6
50 180 16
50 180 6
50 180 6
50 180 6
50 180 6
50 180 6
50 180 6
50 180 6
50 180 6
50 180 6
50 180 6
50 180 6
50 180 6
50 180 6
50 180 6
50 180 6
50 180 6
50 180 6
50 180 6
50 180 6
50 180 6
50 180 6
50 180 6
50 180 6
50 180 6
50 180 6
50 180 6
50 180 6
50 180 6
50 180 6
50 180 6
50 180 6
50 180 6
50 180 6
50 180 6
50 180 6
50 180 6
50 180 6
50 180 6
50 180 6
50 180 6
50 180 6
50 180 6
50 180 6
50 180 6
50 180 6
50 180 6
50 180 6
50 180 6
50 180 6
50 180 6
50 180 6
50 180 6
50 180 6
50 180 6
50 180 6
50 180 6
50 180 6
50 180 6
50 180 6
50 180 6
50 180 6
50 180 6
50 180 6
50 180 6
50 180 6
50 180 6
50 180 6
50 180 6
50 180 6
50 180 6
50 180 6
50 180 6
50 180 6
50 180 6
50 180 6
50 180 6
50 180 6
50 180 6
50 180 6
50 180 6
50 180 6
50 180 6
50 180 6
50 180 6
50 180 6
50 180 6
50 180 6
50 180 6
50 180 6
50 180 6
50 180 6
50 180 6
50 180 6
50 180 6
50 180 6
50 180 6
50 180 6
50 180 6
50 180 6
50 180 6
50 180 6
50 180 6
50 180 6
50 180 6
50 180 6
50 180 6
50 180 6
50 180 6
50 180 6
50 180 6
43 140 16
51 133 16
51 133 6
51 133 6
51 133 6
33 146 16
24 152 16
14 79 16
14 79 6
14 79 6
14 79 6
14 79 6
14 79 6
14 79 6
14 79 6
14 79 6
14 79 6
14 79 6
14 79 6
14 79 6
14 79 6
14 79 6
14 79 6
14 79 6
14 79 6
14 79 6
14 79 6
14 79 6
14 79 6
14 79 6
14 79 6
14 79 6
83 21 16
83 21 6
83 21 6
83 21 6
83 21 6
83 21 6
83 21 6
83 21 6
75 26 16
75 26 6
75 26 6
75 26 6
75 26 6
75 26 6
75 26 6
75 26 6
75 26 6
75 26 6
75 26 6
75 26 6
75 26 6
75 26 6
75 26 6
75 26 6
75 26 6
75 26 6
75 26 6
75 26 6
75 26 6
75 26 6
66 32 16
66 32 6
66 32 6
66 32 6
66 32 6
66 32 6
66 32 6
66 32 6
66 32 6
66 32 6
66 32 6
66 32 6
66 32 6
66 32 6
66 32 6
66 32 6
66 32 6
66 32 6
66 32 6
66 32 6
66 32 6
66 32 6
66 32 6
66 32 6
66 32 6
66 32 6
66 32 6
66 32 6
66 32 6
66 32 6
66 32 6
66 32 6
66 32 6
66 32 6
66 32 6
66 32 6
66 32 6
66 32 6
66 32 6
66 32 6
66 32 6
66 32 6
66 32 6
66 32 6
66 32 6
66 32 6
66 32 6
66 32 6
66 32 6
66 32 6
66 32 6
66 32 6
66 32 6
66 32 6
66 32 6
66 32 6
66 32 6
66 32 6
66 32 6
66 32 6
66 32 6
66 32 6
66 32 6
66 32 6
66 32 6
66 32 6
66 32 6
66 32 6
66 32 6
66 32 6
66 32 6
66 32 6
66 32 6
66 32 6
66 32 6
66 32 6
66 32 6
66 32 6
66 32 6
66 32 6
66 32 6
66 32 6
66 32 6
66 32 6
66 32 6
66 32 6
66 32 6
66 32 6
66 32 6
66 32 6
66 32 6
66 32 6
66 32 6
66 32 6
66 32 6
66 32 6
104 121 16
89 96 16
98 91 16
114 116 16
107 87 16
107 87 6
123 112 16
115 82 16
115 82 6
115 82 6
115 82 6
115 82 6
133 107 16
123 78 16
123 78 6
123 78 6
123 78 6
123 78 6
123 78 6
123 78 6
123 78 6
123 78 6
141 103 16
141 103 6
131 74 16
131 74 6
131 74 6
131 74 6
131 74 6
131 74 6
131 74 6
131 74 6
150 98 16
150 98 6
150 98 6
150 98 6
92 15 16
92 15 6
92 15 6
92 15 6
92 15 6
92 15 6
92 15 6
92 15 6
92 15 6
92 15 6
92 15 6
92 15 6
92 15 6
92 15 6
84 10 16
84 10 6
84 10 6
84 10 6
84 10 6
84 10 6
84 10 6
84 10 6
84 10 6
84 10 6
84 10 6
84 10 6
84 10 6
84 10 6
84 10 6
84 10 6
84 10 6
84 10 6
84 10 6
84 10 6
84 10 6
84 10 6
75 15 16
75 15 6
75 15 6
75 15 6
75 15 6
75 15 6
75 15 6
75 15 6
75 15 6
75 15 6
75 15 6
75 15 6
75 15 6
75 15 6
75 15 6
75 15 6
75 15 6
75 15 6
75 15 6
75 15 6
75 15 6
75 15 6
75 15 6
75 15 6
75 15 6
75 15 6
75 15 6
75 15 6
75 15 6
75 15 6
75 15 6
75 15 6
75 15 6
75 15 6
75 15 6
75 15 6
75 15 6
75 15 6
75 15 6
75 15 6
75 15 6
75 15 6
75 15 6
75 15 6
75 15 6
75 15 6
75 15 6
75 15 6
75 15 6
75 15 6
75 15 6
75 15 6
75 15 6
75 15 6
75 15 6
75 15 6
75 15 6
75 15 6
75 15 6
75 15 6
75 15 6
75 15 6
75 15 6
75 15 6
75 15 6
75 15 6
75 15 6
75 15 6
75 15 6
75 15 6
75 15 6
75 15 6
75 15 6
75 15 6
75 15 6
75 15 6
75 15 6
75 15 6
75 15 6
75 15 6
75 15 6
75 15 6
75 15 6
75 15 6
75 15 6
75 15 6
75 15 6
75 15 6
75 15 6
75 15 6
75 15 6
75 15 6
75 15 6
75 15 6
75 15 6
75 15 6
75 15 6
75 15 6
75 15 6
75 15 6
75 15 6
75 15 6
75 15 6
75 15 6
75 15 6
75 15 6
75 15 6
75 15 6
75 15 6
75 15 6
32 22 16
32 22 6
32 22 6
32 22 6
32 22 6
32 22 6
32 22 6
32 22 6
32 22 6
32 22 6
32 22 6
32 22 6
32 22 6
32 22 6
32 22 6
32 22 6
32 22 6
32 22 6
32 22 6
32 22 6
32 22 6
32 22 6
32 22 6
32 22 6
32 22 6
32 22 6
32 22 6
32 22 6
32 22 6
32 22 6
32 22 6
32 22 6
32 22 6
32 22 6
32 22 6
32 22 6
32 22 6
32 22 6
32 22 6
32 22 6
32 22 6
32 22 6
32 22 6
32 22 6
32 22 6
32 22 6
32 22 6
32 22 6
32 22 6
32 22 6
32 22 6
32 22 6
32 22 6
32 22 6
32 22 6
32 22 6
32 22 6
32 22 6
32 22 6
32 22 6
32 22 6
32 22 6
32 22 6
32 22 6
32 22 6
32 22 6
32 22 6
32 22 6
32 22 6
32 22 6
32 22 6
32 22 6
32 22 6
32 22 6
32 22 6
41 16 16
41 16 6
41 16 6
41 16 6
41 16 6
41 16 6
41 16 6
41 16 6
41 16 6
41 16 6
41 16 6
41 16 6
41 16 6
41 16 6
41 16 6
41 16 6
41 16 6
41 16 6
41 16 6
41 16 6
41 16 6
41 16 6
41 16 6
41 16 6
41 16 6
41 16 6
41 16 6
41 16 6
41 16 6
41 16 6
41 16 6
41 16 6
41 16 6
41 16 6
41 16 6
41 16 6
41 16 6
41 16 6
41 16 6
41 16 6
41 16 6
41 16 6
41 16 6
41 16 6
41 16 6
41 16 6
41 16 6
41 16 6
41 16 6
41 16 6
41 16 6
41 16 6
41 16 6
41 16 6
41 16 6
41 16 6
41 16 6
41 16 6
41 16 6
41 16 6
41 16 6
41 16 6
41 16 6
41 16 6
41 16 6
41 16 6
41 16 6
41 16 6
41 16 6
41 16 6
41 16 6
41 16 6
41 16 6
41 16 6
41 16 6
41 16 6
41 16 6
41 16 6
41 16 6
41 16 6
41 16 6
41 16 6
41 16 6
41 16 6
41 16 6
41 16 6
41 16 6
41 16 6
41 16 6
41 16 6
41 16 6
41 16 6
41 16 6
41 16 6
41 16 6
41 16 6
41 16 6
41 16 6
41 16 6
41 16 6
41 16 6
41 16 6
41 16 6
41 16 6
41 16 6
41 16 6
41 16 6
41 16 6
41 16 6
41 16 6
41 16 6
41 16 6
41 16 6
41 16 6
41 16 6
41 16 6
41 16 6
41 16 6
41 16 6
41 16 6
41 16 6
41 16 6
41 16 6
41 16 6
41 16 6
41 16 6
41 16 6
41 16 6
41 16 6
41 16 6
41 16 6
41 16 6
41 16 6
41 16 6
41 16 6
41 16 6
41 16 6
41 16 6
41 16 6
41 16 6
41 16 6
41 16 6
41 16 6
41 16 6
41 16 6
41 16 6
41 16 6
41 16 6
41 16 6
41 16 6
41 16 6
41 16 6
41 16 6
41 16 6
41 16 6
41 16 6
4 17 16
4 28 16
4 40 16
32 33 16
32 33 6
32 33 6
32 33 6
32 33 6
32 33 6
32 33 6
32 33 6
32 33 6
32 33 6
32 33 6
32 33 6
32 33 6
32 33 6
32 33 6
32 33 6
32 33 6
32 33 6
32 33 6
32 33 6
32 33 6
32 33 6
32 33 6
32 33 6
32 33 6
32 33 6
32 33 6
32 33 6
32 33 6
32 33 6
32 33 6
32 33 6
32 33 6
32 33 6
32 33 6
32 33 6
32 33 6
32 33 6
32 33 6
32 33 6
32 33 6
32 33 6
32 33 6
32 33 6
32 33 6
32 33 6
32 33 6
32 33 6
32 33 6
32 33 6
32 33 6
32 33 6
32 33 6
32 33 6
32 33 6
32 33 6
32 33 6
32 33 6
32 33 6
32 33 6
32 33 6
32 33 6
32 33 6
32 33 6
32 33 6
32 33 6
32 33 6
32 33 6
32 33 6
32 33 6
32 33 6
32 33 6
32 33 6
32 33 6
32 33 6
32 33 6
32 33 6
32 33 6
32 33 6
32 33 6
32 33 6
32 33 6
32 33 6
32 33 6
32 33 6
32 33 6
32 33 6
32 33 6
32 33 6
32 33 6
32 33 6
32 33 6
32 33 6
32 33 6
32 33 6
32 33 6
32 33 6
32 33 6
32 33 6
32 33 6
32 33 6
32 33 6
32 33 6
32 33 6
32 33 6
32 33 6
32 33 6
32 33 6
32 33 6
32 33 6
32 33 6
32 33 6
32 33 6
32 33 6
32 33 6
32 33 6
32 33 6
32 33 6
32 33 6
32 33 6
32 33 6
32 33 6
32 33 6
32 33 6
32 33 6
32 33 6
32 33 6
32 33 6
32 33 6
32 33 6
32 33 6
32 33 6
32 33 6
32 33 6
32 33 6
32 33 6
32 33 6
32 33 6
32 33 6
4 52 16
4 52 6
4 63 16
4 63 6
4 63 6
4 63 6
4 63 6
4 63 6
4 63 6
4 74 16
4 74 6
4 74 6
4 74 6
4 74 6
4 74 6
4 74 6
4 74 6
4 74 6
4 74 6
4 74 6
4 74 6
4 74 6
4 74 6
4 74 6
4 74 6
43 128 16
43 128 6
33 134 16
24 140 16
13 0 16
3 5 16
93 4 16
93 4 6
93 4 6
93 4 6
93 4 6
93 4 6
93 4 6
93 4 6
93 4 6
93 4 6
93 4 6
93 4 6
93 4 6
93 4 6
93 4 6
93 4 6
93 4 6
93 4 6
93 4 6
93 4 6
93 4 6
84 0 16
84 0 6
84 0 6
84 0 6
84 0 6
84 0 6
84 0 6
84 0 6
84 0 6
84 0 6
84 0 6
24 129 16
24 129 6
24 129 6
24 129 6
24 129 6
24 129 6
24 129 6
24 129 6
24 129 6
24 129 6
24 129 6
24 129 6
24 129 6
24 129 6
24 129 6
24 129 6
24 129 6
24 129 6
24 129 6
24 129 6
24 129 6
24 129 6
33 122 16
33 122 6
33 122 6
33 122 6
33 122 6
33 122 6
33 122 6
33 122 6
33 122 6
50 0 16
50 0 6
50 0 6
50 0 6
50 0 6
50 0 6
50 0 6
50 0 6
50 0 6
50 0 6
50 0 6
50 0 6
50 0 6
50 0 6
50 0 6
50 0 6
50 0 6
50 0 6
50 0 6
50 0 6
50 0 6
50 0 6
50 0 6
50 0 6
50 0 6
50 0 6
50 0 6
50 0 6
50 0 6
50 0 6
50 0 6
50 0 6
50 0 6
50 0 6
50 0 6
50 0 6
50 0 6
58 174 16
58 174 6
58 174 6
58 174 6
58 174 6
58 174 6
58 174 6
58 174 6
58 174 6
58 174 6
58 174 6
58 174 6
58 174 6
58 174 6
58 174 6
58 174 6
58 174 6
58 174 6
58 174 6
58 174 6
58 174 6
58 174 6
58 174 6
58 174 6
58 174 6
58 174 6
58 174 6
58 174 6
58 174 6
58 174 6
58 174 6
58 174 6
58 174 6
58 174 6
58 174 6
58 174 6
58 174 6
58 174 6
58 174 6
58 174 6
58 174 6
58 174 6
58 174 6
58 174 6
58 174 6
58 174 6
58 174 6
58 174 6
58 174 6
58 174 6
58 174 6
58 174 6
58 174 6
58 174 6
58 174 6
58 174 6
58 174 6
58 174 6
58 174 6
65 169 16
65 169 6
65 169 6
65 169 6
65 169 6
65 169 6
65 169 6
65 169 6
65 169 6
65 169 6
65 169 6
65 169 6
65 169 6
65 169 6
65 169 6
65 169 6
65 169 6
65 169 6
65 169 6
65 169 6
65 169 6
65 169 6
65 169 6
65 169 6
65 169 6
65 169 6
65 169 6
65 169 6
65 169 6
65 169 6
65 169 6
65 169 6
65 169 6
65 169 6
65 169 6
65 169 6
65 169 6
65 169 6
65 169 6
65 169 6
65 169 6
65 169 6
65 169 6
65 169 6
65 169 6
65 169 6
65 169 6
65 169 6
65 169 6
65 169 6
65 169 6
65 169 6
65 169 6
65 169 6
65 169 6
65 169 6
65 169 6
65 169 6
65 169 6
73 163 16
73 163 6
73 163 6
73 163 6
73 163 6
73 163 6
73 163 6
73 163 6
73 163 6
73 163 6
81 157 16
81 157 6
81 157 6
90 151 16
90 151 6
75 4 16
75 4 6
75 4 6
75 4 6
75 4 6
75 4 6
75 4 6
75 4 6
75 4 6
75 4 6
75 4 6
75 4 6
75 4 6
75 4 6
75 4 6
75 4 6
75 4 6
75 4 6
75 4 6
75 4 6
75 4 6
75 4 6
75 4 6
75 4 6
75 4 6
75 4 6
75 4 6
75 4 6
75 4 6
75 4 6
75 4 6
75 4 6
75 4 6
75 4 6
75 4 6
75 4 6
75 4 6
75 4 6
75 4 6
75 4 6
75 4 6
75 4 6
75 4 6
75 4 6
75 4 6
75 4 6
75 4 6
75 4 6
75 4 6
75 4 6
75 4 6
75 4 6
75 4 6
75 4 6
75 4 6
75 4 6
75 4 6
75 4 6
75 4 6
75 4 6
75 4 6
75 4 6
75 4 6
75 4 6
75 4 6
75 4 6
75 4 6
75 4 6
75 4 6
75 4 6
75 4 6
75 4 6
75 4 6
75 4 6
75 4 6
75 4 6
75 4 6
75 4 6
75 4 6
75 4 6
75 4 6
75 4 6
67 53 16
67 53 6
67 53 6
67 53 6
67 53 6
67 53 6
67 53 6
67 53 6
67 53 6
67 53 6
67 53 6
67 53 6
67 53 6
67 53 6
67 53 6
67 53 6
67 53 6
67 53 6
67 53 6
67 53 6
67 53 6
67 53 6
67 53 6
67 53 6
67 53 6
67 53 6
67 53 6
67 53 6
67 53 6
67 53 6
67 53 6
67 53 6
67 53 6
67 53 6
67 53 6
67 53 6
67 53 6
67 53 6
67 53 6
67 53 6
67 53 6
67 53 6
67 53 6
67 53 6
67 53 6
67 53 6
67 53 6
67 53 6
67 53 6
67 53 6
67 53 6
67 53 6
67 53 6
67 53 6
67 53 6
67 53 6
67 53 6
67 53 6
67 53 6
67 53 6
67 53 6
67 53 6
67 53 6
67 53 6
67 53 6
67 53 6
67 53 6
67 53 6
67 53 6
67 53 6
67 53 6
67 53 6
67 53 6
67 53 6
67 53 6
67 53 6
67 53 6
67 53 6
67 53 6
67 53 6
67 53 6
67 53 6
67 53 6
67 53 6
67 53 6
67 53 6
67 53 6
67 53 6
67 53 6
67 53 6
67 53 6
67 53 6
67 53 6
67 53 6
67 53 6
67 53 6
67 53 6
67 53 6
67 53 6
67 53 6
67 53 6
67 53 6
67 53 6
67 53 6
67 53 6
67 53 6
67 53 6
67 53 6
67 53 6
67 53 6
67 53 6
67 53 6
67 53 6
67 53 6
67 53 6
67 53 6
67 53 6
67 53 6
67 53 6
67 53 6
67 53 6
67 53 6
67 53 6
67 53 6
67 53 6
67 53 6
67 53 6
67 53 6
67 53 6
67 53 6
67 53 6
33 67 16
33 67 6
33 67 6
33 67 6
33 67 6
33 67 6
33 67 6
33 67 6
33 67 6
33 67 6
33 67 6
33 67 6
33 67 6
33 67 6
33 67 6
33 67 6
33 67 6
33 67 6
33 67 6
33 67 6
33 67 6
33 67 6
33 67 6
33 67 6
33 67 6
33 67 6
33 67 6
33 67 6
33 67 6
33 56 16
33 56 6
33 56 6
33 56 6
33 56 6
33 56 6
33 56 6
33 56 6
33 56 6
33 56 6
33 56 6
33 56 6
33 56 6
33 56 6
33 56 6
33 56 6
33 56 6
33 56 6
33 56 6
33 56 6
33 56 6
33 56 6
33 56 6
33 56 6
33 56 6
33 56 6
33 56 6
33 56 6
33 56 6
33 56 6
33 56 6
33 56 6
33 56 6
33 56 6
33 56 6
33 56 6
33 56 6
33 56 6
33 56 6
33 56 6
33 56 6
33 56 6
33 56 6
33 56 6
33 56 6
33 56 6
33 56 6
33 56 6
110 27 16
110 27 6
110 27 6
110 27 6
110 27 6
110 27 6
110 27 6
110 27 6
110 27 6
110 27 6
110 27 6
110 27 6
110 27 6
110 27 6
110 27 6
110 27 6
110 27 6
110 27 6
110 27 6
110 27 6
110 27 6
110 27 6
110 27 6
110 27 6
110 27 6
110 27 6
110 27 6
110 27 6
110 27 6
110 27 6
110 27 6
110 27 6
110 27 6
110 27 6
110 27 6
110 27 6
110 27 6
110 27 6
110 27 6
110 27 6
110 27 6
110 27 6
110 27 6
110 27 6
110 27 6
110 27 6
110 27 6
110 27 6
110 27 6
110 27 6
110 27 6
110 27 6
110 27 6
110 27 6
77 58 16
77 58 6
77 58 6
77 58 6
77 58 6
77 58 6
77 58 6
77 58 6
77 58 6
77 58 6
77 58 6
77 58 6
77 58 6
77 58 6
77 58 6
77 58 6
77 58 6
77 58 6
77 58 6
77 58 6
77 58 6
77 58 6
77 58 6
77 58 6
77 58 6
77 58 6
77 58 6
77 58 6
77 58 6
77 58 6
77 58 6
77 58 6
77 58 6
77 58 6
77 58 6
77 58 6
77 58 6
77 58 6
77 58 6
77 58 6
77 58 6
77 58 6
77 58 6
77 58 6
77 58 6
77 58 6
77 58 6
77 58 6
77 58 6
77 58 6
77 58 6
77 58 6
77 58 6
77 58 6
77 58 6
77 58 6
77 58 6
77 58 6
77 58 6
77 58 6
77 58 6
77 58 6
77 58 6
77 58 6
77 58 6
77 58 6
77 58 6
77 58 6
77 58 6
77 58 6
77 58 6
77 58 6
77 58 6
77 58 6
77 58 6
77 58 6
77 58 6
77 58 6
77 58 6
77 58 6
77 58 6
77 58 6
77 58 6
77 58 6
77 58 6
77 58 6
77 58 6
77 58 6
77 58 6
77 58 6
77 58 6
77 58 6
77 58 6
77 58 6
77 58 6
77 58 6
77 58 6
77 58 6
77 58 6
77 58 6
77 58 6
77 58 6
77 58 6
77 58 6
77 58 6
77 58 6
77 58 6
77 58 6
77 58 6
77 58 6
77 58 6
77 58 6
77 58 6
77 58 6
77 58 6
77 58 6
77 58 6
77 58 6
77 58 6
77 58 6
77 58 6
77 58 6
77 58 6
77 58 6
77 58 6
77 58 6
77 58 6
77 58 6
77 58 6
77 58 6
77 58 6
77 58 6
77 58 6
77 58 6
77 58 6
23 84 16
23 84 6
23 84 6
23 84 6
23 84 6
23 84 6
23 84 6
23 84 6
23 84 6
23 84 6
23 84 6
23 84 6
23 84 6
23 84 6
23 84 6
23 84 6
23 84 6
23 84 6
23 84 6
23 84 6
23 84 6
23 84 6
23 84 6
23 84 6
23 84 6
23 84 6
23 84 6
23 84 6
23 84 6
23 84 6
23 84 6
23 84 6
23 84 6
23 84 6
23 84 6
23 84 6
23 84 6
23 84 6
23 84 6
23 84 6
23 84 6
23 84 6
23 84 6
23 84 6
23 84 6
23 84 6
23 84 6
23 84 6
23 84 6
23 84 6
23 84 6
23 84 6
23 84 6
23 84 6
23 84 6
23 84 6
23 84 6
23 84 6
23 84 6
23 84 6
23 84 6
23 84 6
23 84 6
23 84 6
23 84 6
23 84 6
23 84 6
23 84 6
23 84 6
23 84 6
23 84 6
23 84 6
23 84 6
23 84 6
23 84 6
23 84 6
23 84 6
23 84 6
23 84 6
23 84 6
23 84 6
23 84 6
23 84 6
23 84 6
23 84 6
23 84 6
23 84 6
23 84 6
23 84 6
23 84 6
23 84 6
23 84 6
23 84 6
23 84 6
23 84 6
23 84 6
23 84 6
33 78 16
33 78 6
33 78 6
33 78 6
33 78 6
33 78 6
33 78 6
33 78 6
33 78 6
33 78 6
33 78 6
33 78 6
33 78 6
33 78 6
33 78 6
33 78 6
33 78 6
33 78 6
33 78 6
33 78 6
33 78 6
33 78 6
33 78 6
33 78 6
33 78 6
33 78 6
33 78 6
33 78 6
33 78 6
33 78 6
33 78 6
33 78 6
33 78 6
33 78 6
33 78 6
33 78 6
33 78 6
33 78 6
33 78 6
33 78 6
33 78 6
33 78 6
33 78 6
33 78 6
33 78 6
33 78 6
33 78 6
33 78 6
33 78 6
33 78 6
33 78 6
33 78 6
33 78 6
33 78 6
33 78 6
33 78 6
33 78 6
33 78 6
33 78 6
33 78 6
33 78 6
33 78 6
33 78 6
33 78 6
33 78 6
33 78 6
33 78 6
33 78 6
33 78 6
33 78 6
33 78 6
33 78 6
33 78 6
33 78 6
33 78 6
33 78 6
33 78 6
33 78 6
33 78 6
33 78 6
33 78 6
33 78 6
33 78 6
33 78 6
33 78 6
33 78 6
33 78 6
33 78 6
33 78 6
33 78 6
33 78 6
33 78 6
33 78 6
33 78 6
33 78 6
33 78 6
33 78 6
33 78 6
33 78 6
33 78 6
33 78 6
33 78 6
33 78 6
33 78 6
33 78 6
33 78 6
112 60 16
112 60 6
112 60 6
112 60 6
112 60 6
112 60 6
112 60 6
112 60 6
112 60 6
112 60 6
112 60 6
112 60 6
112 60 6
112 60 6
112 60 6
112 60 6
112 60 6
112 60 6
112 60 6
112 60 6
112 60 6
112 60 6
112 60 6
112 60 6
112 60 6
112 60 6
112 60 6
112 60 6
112 60 6
112 60 6
112 60 6
112 60 6
112 60 6
112 60 6
112 60 6
112 60 6
112 60 6
112 60 6
112 60 6
112 60 6
112 60 6
112 60 6
112 60 6
112 60 6
112 60 6
112 60 6
112 60 6
112 60 6
112 60 6
112 60 6
112 60 6
112 60 6
112 60 6
112 60 6
112 60 6
112 60 6
112 60 6
112 60 6
112 60 6
112 60 6
112 60 6
112 60 6
112 60 6
112 60 6
112 60 6
112 60 6
112 60 6
112 60 6
112 60 6
112 60 6
112 60 6
112 60 6
112 60 6
112 60 6
112 60 6
112 60 6
112 60 6
112 60 6
112 60 6
112 60 6
112 60 6
112 60 6
112 60 6
112 60 6
112 60 6
112 60 6
112 60 6
112 60 6
112 60 6
112 60 6
112 60 6
112 60 6
112 60 6
112 60 6
112 60 6
112 60 6
112 60 6
112 60 6
112 60 6
112 60 6
112 60 6
112 60 6
112 60 6
112 60 6
112 60 6
112 60 6
112 60 6
112 60 6
112 60 6
112 60 6
112 60 6
112 60 6
112 60 6
112 60 6
112 60 6
112 60 6
112 60 6
112 60 6
112 60 6
112 60 6
112 60 6
112 60 6
112 60 6
112 60 6
112 60 6
112 60 6
112 60 6
112 60 6
112 60 6
112 60 6
112 60 6
112 60 6
112 60 6
112 60 6
112 60 6
112 60 6
112 60 6
112 60 6
112 60 6
112 60 6
112 60 6
112 60 6
112 60 6
112 60 6
112 60 6
112 60 6
112 60 6
112 60 6
112 60 6
112 60 6
112 60 6
112 60 6
112 60 6
112 60 6
112 60 6
112 60 6
112 60 6
112 60 6
112 60 6
114 71 16
114 71 6
114 71 6
114 71 6
114 71 6
114 71 6
114 71 6
114 71 6
114 71 6
114 71 6
114 71 6
114 71 6
114 71 6
114 71 6
114 71 6
114 71 6
114 71 6
114 71 6
114 71 6
114 71 6
114 71 6
114 71 6
114 71 6
114 71 6
114 71 6
114 71 6
114 71 6
114 71 6
114 71 6
114 71 6
114 71 6
114 71 6
114 71 6
114 71 6
114 71 6
114 71 6
114 71 6
114 71 6
114 71 6
114 71 6
114 71 6
114 71 6
114 71 6
114 71 6
114 71 6
114 71 6
114 71 6
114 71 6
114 71 6
114 71 6
114 71 6
114 71 6
114 71 6
114 71 6
114 71 6
114 71 6
114 71 6
114 71 6
114 71 6
114 71 6
114 71 6
114 71 6
114 71 6
114 71 6
114 71 6
114 71 6
114 71 6
114 71 6
114 71 6
114 71 6
114 71 6
114 71 6
114 71 6
114 71 6
114 71 6
114 71 6
114 71 6
4 85 16
4 85 6
4 85 6
4 85 6
4 85 6
4 85 6
4 85 6
4 85 6
4 85 6
4 85 6
4 85 6
4 85 6
4 85 6
4 85 6
4 85 6
4 85 6
4 85 6
4 85 6
4 85 6
4 85 6
4 85 6
4 85 6
4 85 6
4 85 6
4 85 6
4 85 6
4 85 6
4 85 6
4 85 6
4 85 6
4 85 6
4 85 6
4 85 6
4 85 6
4 85 6
4 85 6
4 85 6
4 85 6
4 85 6
4 85 6
4 85 6
4 85 6
4 85 6
4 85 6
4 85 6
4 85 6
4 85 6
4 85 6
4 85 6
4 85 6
4 85 6
4 85 6
4 85 6
4 85 6
4 85 6
4 85 6
4 85 6
4 85 6
4 85 6
4 85 6
4 85 6
4 85 6
4 85 6
4 85 6
4 85 6
4 85 6
4 85 6
4 85 6
4 85 6
4 85 6
4 85 6
4 85 6
4 85 6
4 85 6
4 85 6
4 85 6
4 85 6
4 85 6
4 85 6
4 85 6
4 85 6
4 85 6
4 85 6
4 85 6
4 85 6
4 85 6
4 85 6
4 85 6
4 85 6
4 85 6
4 85 6
4 85 6
4 85 6
4 85 6
4 85 6
4 85 6
4 85 6
4 85 6
4 85 6
4 85 6
4 85 6
4 85 6
4 85 6
4 85 6
4 85 6
4 85 6
4 85 6
4 85 6
4 85 6
4 85 6
4 85 6
4 85 6
4 85 6
4 85 6
4 85 6
4 85 6
4 85 6
4 85 6
4 85 6
4 85 6
4 85 6
4 85 6
4 85 6
4 85 6
4 85 6
4 85 6
4 85 6
4 85 6
4 85 6
4 85 6
4 85 6
4 85 6
4 85 6
4 85 6
4 85 6
4 85 6
4 85 6
4 85 6
4 85 6
4 85 6
4 85 6
4 85 6
4 85 6
4 85 6
4 85 6
4 85 6
4 85 6
4 85 6
4 85 6
4 85 6
4 85 6
4 85 6
4 85 6
4 85 6
4 85 6
4 85 6
4 85 6
4 85 6
4 85 6
4 85 6
4 85 6
4 85 6
4 85 6
4 85 6
4 85 6
4 85 6
4 85 6
4 85 6
4 85 6
4 85 6
4 85 6
4 85 6
4 85 6
4 85 6
4 85 6
4 85 6
4 85 6
4 85 6
4 85 6
4 85 6
4 85 6
4 85 6
4 85 6
4 85 6
4 85 6
4 85 6
4 85 6
4 85 6
58 4 16
58 4 6
58 4 6
58 4 6
58 4 6
58 4 6
58 4 6
58 4 6
58 4 6
58 4 6
58 4 6
58 4 6
58 4 6
58 4 6
58 4 6
58 4 6
58 4 6
58 4 6
58 4 6
58 4 6
58 4 6
58 4 6
58 4 6
58 4 6
58 4 6
58 4 6
58 4 6
58 4 6
58 4 6
58 4 6
58 4 6
58 4 6
58 4 6
58 4 6
58 4 6
58 4 6
58 4 6
58 4 6
58 4 6
58 4 6
58 4 6
58 4 6
58 4 6
58 4 6
58 4 6
58 4 6
58 4 6
58 4 6
58 4 6
58 4 6
58 4 6
58 4 6
58 4 6
58 4 6
58 4 6
58 4 6
58 4 6
58 4 6
58 4 6
58 4 6
58 4 6
58 4 6
58 4 6
58 4 6
58 4 6
58 4 6
58 4 6
58 4 6
58 4 6
58 4 6
58 4 6
58 4 6
58 4 6
58 4 6
58 4 6
58 4 6
58 4 6
58 4 6
58 4 6
58 4 6
67 0 16
67 0 6
67 0 6
67 0 6
67 0 6
67 0 6
67 0 6
67 0 6
67 0 6
67 0 6
67 0 6
67 0 6
67 0 6
67 0 6
67 0 6
67 0 6
67 0 6
67 0 6
67 0 6
67 0 6
67 0 6
67 0 6
67 0 6
67 0 6
67 0 6
67 0 6
67 0 6
67 0 6
67 0 6
67 0 6
99 144 15
98 144 15
98 144 6
97 144 15
97 144 6
97 143 15
97 143 6
96 143 15
96 143 6
96 142 15
96 142 6
96 141 15
96 141 6
96 141 6
96 140 15
96 140 6
96 140 6
96 139 15
96 139 6
96 139 6
96 139 6
96 138 15
96 138 6
96 138 6
96 138 6
96 137 15
96 137 6
96 137 6
96 137 6
96 137 6
96 136 15
96 136 6
96 136 6
96 136 6
96 136 6
96 135 15
96 135 6
96 135 6
96 135 6
96 135 6
96 134 15
96 134 6
96 134 6
96 134 6
96 134 6
96 133 15
96 133 6
96 133 6
96 133 6
96 132 15
96 132 6
96 132 6
96 131 15
96 131 6
96 131 6
96 130 15
96 130 6
96 129 15
96 129 6
96 128 15
96 127 15
95 127 15
95 126 15
94 125 15
94 124 15
93 124 15
92 124 15
92 124 6
92 123 15
92 122 15
91 122 15
90 122 15
90 122 6
90 121 15
89 121 15
89 121 6
88 121 15
88 121 6
88 121 6
88 120 15
88 120 6
88 119 15
88 119 6
88 118 15
88 117 15
88 116 15
88 115 15
88 114 15
88 113 15
88 112 15
88 111 15
88 110 15
88 109 15
88 107 15
88 106 15
88 105 15
88 104 15
89 104 15
89 103 15
89 102 15
90 102 15
91 102 15
92 102 15
93 102 15
94 102 15
95 102 15
96 102 15
97 101 15
97 100 15
98 100 15
99 100 15
99 99 15
99 98 15
100 98 15
101 98 15
102 98 15
103 98 15
104 98 15
105 98 15
106 98 15
107 88 15
107 88 6
107 89 15
107 90 15
107 91 15
107 92 15
107 93 15
107 94 15
107 95 15
107 96 15
107 97 15
107 86 48
107 85 81
107 84 116
107 83 154
107 82 194
107 81 235
107 80 277
107 79 320
107 78 363
107 77 407
107 76 452
107 75 497
107 74 543
107 73 589
107 72 635
107 71 681
107 70 725
107 69 766
107 68 803
107 67 834
107 66 858
107 65 874
107 64 879
107 63 874
107 62 858
107 61 830
107 60 791
107 59 742
107 58 685
107 57 621
107 56 553
107 55 483
107 54 414
106 54 374
105 54 338
104 54 308
103 54 281
93 37 15
94 37 15
95 37 15
96 37 15
96 38 15
96 39 16
96 40 17
96 41 18
96 42 18
96 43 18
97 43 17
97 43 6
97 44 16
97 44 6
98 44 15
98 44 6
98 44 6
98 45 15
98 45 6
98 45 6
99 45 15
99 45 6
99 45 6
99 45 6
100 45 15
100 45 6
100 45 6
100 45 6
100 46 15
100 46 6
100 46 6
100 46 6
100 46 6
101 46 17
101 46 6
101 46 6
101 46 6
101 46 6
101 47 21
101 47 6
101 47 6
101 47 6
101 47 6
101 47 6
102 47 26
102 47 6
102 47 6
102 47 6
102 47 6
102 47 6
102 48 36
102 48 6
102 48 6
102 48 6
102 48 6
102 48 6
102 48 6
102 49 53
102 49 6
102 49 6
102 49 6
102 49 6
102 49 6
102 49 6
102 50 79
102 50 6
102 50 6
102 50 6
102 50 6
102 50 6
102 51 112
102 51 6
102 51 6
102 51 6
102 51 6
102 52 154
102 52 6
102 52 6
102 52 6
102 53 203
102 53 6
68 0 208
69 0 231
70 0 257
71 0 282
72 0 305
73 0 324
74 0 335
75 0 339
76 0 334
77 0 320
78 0 297
79 0 266
80 0 230
81 0 190
82 0 148
83 0 109
85 0 46
85 0 6
85 0 6
85 0 6
85 0 6
85 1 20
85 1 6
85 1 6
85 1 6
85 1 6
85 1 6
85 1 6
85 1 6
85 1 6
85 1 6
85 1 6
85 2 15
85 2 6
85 2 6
85 2 6
85 2 6
85 2 6
85 2 6
85 2 6
85 2 6
85 2 6
85 2 6
85 2 6
85 2 6
85 3 15
85 3 6
85 3 6
85 3 6
85 3 6
85 3 6
85 3 6
85 3 6
85 3 6
85 3 6
85 3 6
85 3 6
85 3 6
85 3 6
86 3 15
86 3 6
86 3 6
86 3 6
86 3 6
86 3 6
86 3 6
86 3 6
86 3 6
86 3 6
86 3 6
86 3 6
86 3 6
86 4 15
86 4 6
86 4 6
86 4 6
86 4 6
86 4 6
86 4 6
86 4 6
86 4 6
86 4 6
86 4 6
86 4 6
86 4 6
86 4 6
87 4 15
87 4 6
87 4 6
87 4 6
87 4 6
87 4 6
87 4 6
87 4 6
87 4 6
87 4 6
87 4 6
87 4 6
87 4 6
87 5 15
87 5 6
87 5 6
87 5 6
87 5 6
87 5 6
87 5 6
87 5 6
87 5 6
87 5 6
87 5 6
87 5 6
87 5 6
87 6 15
87 6 6
87 6 6
87 6 6
87 6 6
87 6 6
87 6 6
87 6 6
87 6 6
87 6 6
87 6 6
87 6 6
87 6 6
87 7 15
87 7 6
87 7 6
87 7 6
87 7 6
87 7 6
87 7 6
87 7 6
87 7 6
87 7 6
87 7 6
87 7 6
87 7 6
87 7 6
87 8 15
87 8 6
87 8 6
87 8 6
87 8 6
87 8 6
87 8 6
87 8 6
87 8 6
87 8 6
87 8 6
87 8 6
87 8 6
87 8 6
88 8 15
88 8 6
88 8 6
88 8 6
88 8 6
88 8 6
88 8 6
88 8 6
88 8 6
88 8 6
88 8 6
88 8 6
88 8 6
88 9 15
88 9 6
88 9 6
88 9 6
88 9 6
88 9 6
88 9 6
88 9 6
88 9 6
88 9 6
88 9 6
88 9 6
88 10 15
88 10 6
88 10 6
88 10 6
88 10 6
88 10 6
88 10 6
88 10 6
88 10 6
88 10 6
88 10 6
88 10 6
88 11 15
88 11 6
88 11 6
88 11 6
88 11 6
88 11 6
88 11 6
88 11 6
88 11 6
88 11 6
88 11 6
88 12 15
88 12 6
88 12 6
88 12 6
88 12 6
88 12 6
88 12 6
88 12 6
88 12 6
88 12 6
88 13 15
88 13 6
88 13 6
88 13 6
88 13 6
88 13 6
88 13 6
88 13 6
88 13 6
88 13 6
88 14 15
88 14 6
88 14 6
88 14 6
88 14 6
88 14 6
88 14 6
88 14 6
88 14 6
88 15 15
88 15 6
88 15 6
88 15 6
88 15 6
88 15 6
88 15 6
88 15 6
88 16 15
88 16 6
88 16 6
88 16 6
88 16 6
88 16 6
88 16 6
88 17 15
88 17 6
88 17 6
88 17 6
88 17 6
88 17 6
88 17 6
88 18 15
88 18 6
88 18 6
88 18 6
88 18 6
88 18 6
88 18 6
88 19 15
88 19 6
88 19 6
88 19 6
88 19 6
88 19 6
88 19 6
88 20 15
88 20 6
88 20 6
88 20 6
88 20 6
88 20 6
88 21 15
88 21 6
88 21 6
88 21 6
88 21 6
88 21 6
88 22 15
88 22 6
88 22 6
88 22 6
88 22 6
88 22 6
89 22 15
89 22 6
89 22 6
89 22 6
89 22 6
89 22 6
89 23 15
89 23 6
89 23 6
89 23 6
89 23 6
89 23 6
89 24 15
89 24 6
89 24 6
89 24 6
89 24 6
89 25 15
89 25 6
89 25 6
89 25 6
89 25 6
89 26 15
89 26 6
89 26 6
89 26 6
89 27 15
89 27 6
89 27 6
90 27 15
90 27 6
90 27 6
90 28 15
90 28 6
90 28 6
91 28 15
91 28 6
91 28 6
91 29 15
91 29 6
92 29 15
92 29 6
92 30 15
92 30 6
92 31 15
92 32 15
92 33 15
92 34 15
92 35 15
92 36 15
66 0 173
66 0 6
66 0 6
65 0 165
65 0 6
65 0 6
64 0 163
64 0 6
64 0 6
63 0 168
63 0 6
63 0 6
62 0 179
62 0 6
61 0 195
61 0 6
60 0 214
59 0 235
58 0 255
57 0 273
56 0 286
55 0 295
54 0 296
53 0 290
52 0 277
51 0 256
51 0 6
49 0 197
48 0 161
47 0 122
46 0 82
46 0 6
46 0 6
45 0 43
45 0 6
45 0 6
45 0 6
45 0 6
44 0 15
44 0 6
44 0 6
44 0 6
44 0 6
44 0 6
44 0 6
44 1 15
44 1 6
44 1 6
44 1 6
44 1 6
44 1 6
44 1 6
43 1 15
43 1 6
43 1 6
43 1 6
43 1 6
42 1 15
42 1 6
42 1 6
41 1 15
41 1 6
41 2 15
41 2 6
41 2 6
41 3 15
41 3 6
41 3 6
40 4 15
40 4 6
39 4 15
39 4 6
38 4 15
37 4 15
37 5 15
36 5 15
36 6 15
35 6 15
35 7 15
35 7 6
34 7 15
34 7 6
33 7 15
33 7 6
33 8 15
33 8 6
32 8 15
32 8 6
32 9 15
32 9 6
14 56 15
14 55 15
14 54 15
14 53 15
14 52 15
14 51 15
14 50 15
14 49 15
14 48 15
14 47 15
13 46 15
12 46 15
12 45 15
11 45 15
11 44 15
11 43 15
11 42 15
11 41 15
11 40 15
11 39 15
11 38 15
11 37 15
11 36 15
11 35 15
11 34 15
12 34 15
13 34 15
13 34 6
14 33 15
14 33 6
14 32 15
14 32 6
14 31 15
14 31 6
14 30 15
14 29 15
14 28 15
15 28 15
16 28 15
16 28 6
16 27 15
16 26 15
16 25 15
17 25 15
18 25 15
19 25 15
19 25 6
19 24 15
19 24 6
19 23 15
19 22 15
20 22 15
20 21 15
21 21 15
21 21 6
21 20 15
22 20 15
22 20 6
22 19 15
22 19 6
23 19 15
23 19 6
23 18 15
23 18 6
23 17 15
23 17 6
24 16 15
24 16 6
25 16 15
25 16 6
25 16 6
26 16 15
26 16 6
26 16 6
26 16 6
26 15 15
26 15 6
26 15 6
26 15 6
26 14 15
26 14 6
26 14 6
27 14 15
27 14 6
27 14 6
27 14 6
28 14 15
28 14 6
28 14 6
28 14 6
28 14 6
28 13 15
28 13 6
28 13 6
28 13 6
28 12 15
28 12 6
28 12 6
28 11 15
28 11 6
28 11 6
29 11 15
29 11 6
29 11 6
29 10 15
29 10 6
29 10 6
30 10 15
30 10 6
30 10 6
31 10 15
31 10 6
31 10 6
108 87 15
108 87 6
109 87 15
109 87 6
110 87 15
110 87 6
111 87 15
111 87 6
111 86 15
111 86 6
111 86 6
112 86 15
112 86 6
112 86 6
113 86 15
113 86 6
114 86 15
114 86 6
115 86 15
115 86 6
116 86 15
116 86 6
117 86 15
117 86 6
118 86 15
118 86 6
119 86 15
120 86 15
121 86 15
122 86 15
123 86 15
124 86 15
124 85 15
125 85 15
126 85 15
127 85 15
128 85 15
129 85 15
130 85 15
131 85 15
132 84 15
133 84 15
134 84 15
135 84 15
136 84 15
137 84 15
138 84 15
139 84 15
139 85 15
140 85 15
141 85 15
142 85 15
143 85 15
143 86 15
143 87 15
144 87 15
145 87 15
146 87 15
147 87 15
148 87 15
149 87 15
87 108 15
87 107 15
86 107 15
85 107 15
84 107 15
83 107 15
82 107 15
81 107 15
80 107 15
79 107 15
78 107 15
77 107 15
76 107 15
75 107 15
74 107 15
73 107 15
72 107 15
71 107 15
98 145 15
98 146 15
97 146 15
97 147 15
96 147 15
96 148 15
95 148 15
95 148 6
94 148 15
94 148 6
94 149 15
94 149 6
93 149 15
93 149 6
92 149 15
92 149 6
92 150 15
92 150 6
91 150 15
91 150 6
90 150 15
90 150 6
90 150 6
89 151 23
89 151 6
88 151 34
88 152 46
87 152 53
87 153 62
86 153 64
86 154 71
85 154 67
84 154 69
84 155 63
83 155 59
83 156 53
82 156 43
81 156 38
80 157 17
80 157 6
80 157 6
80 158 15
80 158 6
80 158 6
79 158 15
79 158 6
79 158 6
78 158 15
78 158 6
78 158 6
78 158 6
77 158 15
77 158 6
77 158 6
77 158 6
76 158 15
76 158 6
76 158 6
76 158 6
76 159 15
76 159 6
76 159 6
76 159 6
76 160 15
76 160 6
76 160 6
76 160 6
76 160 6
75 160 15
75 160 6
75 160 6
75 160 6
75 160 6
74 160 15
74 160 6
74 160 6
74 160 6
74 160 6
74 160 6
73 160 15
73 160 6
73 160 6
73 160 6
73 160 6
73 160 6
73 160 6
72 160 26
72 160 6
72 160 6
72 160 6
72 160 6
72 160 6
72 160 6
71 160 42
71 160 6
71 160 6
71 160 6
71 160 6
71 160 6
70 160 59
70 160 6
70 160 6
70 160 6
70 160 6
70 160 6
69 160 74
69 160 6
69 160 6
69 160 6
69 160 6
69 160 6
68 160 87
68 160 6
68 160 6
68 160 6
68 160 6
68 160 6
67 160 97
67 160 6
67 160 6
67 160 6
67 160 6
67 160 6
66 160 103
66 160 6
66 160 6
66 160 6
66 160 6
66 160 6
66 160 6
65 160 105
65 160 6
65 160 6
65 160 6
65 160 6
65 160 6
65 160 6
64 160 104
64 160 6
64 160 6
64 160 6
64 160 6
64 160 6
63 160 100
63 160 6
63 160 6
63 160 6
63 160 6
62 160 93
62 160 6
62 160 6
62 160 6
61 160 85
61 160 6
60 160 75
59 160 65
58 160 55
57 160 46
56 160 38
55 160 31
54 160 25
53 160 20
52 160 16
51 160 15
50 160 15
50 159 15
50 158 15
49 157 15
48 157 15
47 157 15
46 157 15
46 156 15
45 156 15
45 155 15
44 155 15
44 154 15
43 154 15
42 154 15
42 153 15
