77 83 34
125 122 34
125 122 24
125 122 24
125 122 24
125 122 24
125 122 24
125 122 24
125 122 24
108 179 34
108 179 24
108 179 24
11 63 34
11 63 24
11 63 24
11 63 24
11 63 24
11 63 24
11 63 24
198 172 34
16 18 34
5 143 34
197 20 34
183 101 34
0 137 34
6 132 34
15 137 34
16 8 34
16 8 24
16 8 24
16 8 24
25 13 34
25 13 24
25 13 24
25 13 24
86 78 34
86 78 24
86 78 24
86 78 24
86 78 24
86 78 24
86 78 24
86 78 24
86 89 34
77 94 34
188 15 34
188 26 34
192 106 34
183 112 34
183 112 24
183 112 24
183 112 24
189 167 34
198 161 34
198 161 24
189 156 34
189 156 24
189 156 24
189 156 24
189 156 24
189 156 24
189 156 24
189 156 24
189 156 24
117 184 34
117 184 24
117 184 24
117 184 24
117 184 24
117 184 24
117 184 24
117 184 24
117 184 24
117 184 24
117 173 34
117 173 24
117 173 24
117 173 24
117 173 24
117 173 24
117 173 24
117 173 24
117 173 24
117 173 24
117 173 24
117 173 24
117 173 24
117 173 24
117 173 24
117 173 24
117 173 24
117 173 24
117 173 24
117 173 24
117 173 24
117 173 24
117 173 24
117 173 24
117 173 24
117 173 24
117 173 24
117 173 24
117 173 24
117 173 24
117 173 24
117 173 24
117 173 24
117 173 24
117 173 24
117 173 24
117 173 24
117 173 24
117 173 24
117 173 24
117 173 24
108 190 34
98 185 34
10 53 34
10 53 24
10 53 24
10 53 24
10 53 24
10 53 24
10 53 24
10 53 24
10 53 24
10 53 24
10 53 24
10 53 24
10 53 24
10 53 24
10 53 24
10 53 24
10 53 24
10 53 24
10 53 24
10 53 24
10 53 24
10 53 24
10 53 24
10 53 24
10 53 24
10 53 24
10 53 24
10 53 24
10 53 24
26 23 34
26 23 24
17 28 34
17 28 24
27 33 34
27 33 24
27 33 24
27 33 24
18 38 34
18 38 24
18 38 24
18 38 24
18 38 24
18 38 24
18 38 24
18 38 24
18 38 24
18 38 24
18 38 24
18 38 24
18 38 24
18 38 24
18 38 24
18 38 24
18 38 24
18 38 24
18 38 24
18 38 24
192 95 34
199 101 34
199 90 34
173 106 34
173 106 24
173 106 24
173 106 24
173 106 24
173 106 24
173 106 24
173 106 24
173 106 24
173 106 24
173 106 24
173 106 24
173 106 24
173 106 24
20 58 34
20 58 24
20 58 24
20 58 24
20 58 24
20 58 24
20 58 24
20 58 24
20 58 24
20 58 24
20 58 24
20 58 24
20 58 24
20 58 24
20 58 24
20 58 24
20 58 24
20 58 24
20 58 24
20 58 24
20 58 24
20 58 24
20 58 24
20 58 24
20 58 24
20 58 24
20 58 24
20 58 24
20 58 24
20 58 24
20 58 24
20 58 24
20 58 24
20 58 24
20 58 24
20 58 24
20 58 24
20 58 24
20 58 24
20 58 24
20 58 24
20 58 24
20 58 24
20 58 24
20 58 24
20 58 24
1 58 34
1 68 34
1 68 24
1 68 24
11 74 34
11 74 24
11 74 24
11 74 24
11 74 24
11 74 24
197 9 34
197 9 24
197 9 24
197 9 24
116 128 34
125 133 34
116 139 34
68 88 34
67 99 34
67 99 24
58 93 34
117 195 34
98 173 34
98 173 24
98 173 24
98 173 24
98 173 24
126 189 34
126 189 24
126 189 24
126 189 24
126 189 24
126 189 24
126 189 24
126 189 24
126 189 24
126 189 24
126 189 24
126 189 24
126 189 24
126 189 24
126 189 24
126 189 24
126 189 24
126 189 24
126 189 24
126 189 24
126 189 24
126 189 24
126 189 24
189 178 34
189 178 24
189 178 24
189 178 24
189 178 24
189 178 24
189 178 24
198 183 34
198 183 24
198 183 24
57 104 34
57 104 24
57 104 24
57 104 24
57 104 24
57 104 24
126 144 34
126 144 24
126 144 24
115 117 34
115 117 24
115 117 24
0 149 34
5 154 34
5 154 24
5 154 24
5 154 24
5 154 24
5 154 24
0 160 34
0 160 24
6 166 34
6 166 24
6 166 24
6 166 24
6 166 24
6 166 24
0 171 34
6 177 34
6 177 24
0 182 34
199 151 34
199 151 24
199 151 24
199 151 24
199 151 24
199 151 24
199 151 24
178 20 34
179 32 34
169 26 34
25 2 34
25 2 24
25 2 24
25 2 24
170 38 34
160 32 34
160 32 24
161 44 34
161 44 24
161 44 24
161 44 24
161 44 24
161 44 24
161 44 24
161 44 24
161 44 24
161 44 24
161 44 24
161 44 24
161 44 24
161 44 24
161 44 24
161 44 24
161 44 24
116 150 34
116 150 24
116 150 24
116 150 24
116 150 24
199 111 34
199 111 24
199 111 24
199 111 24
199 111 24
199 111 24
199 111 24
199 111 24
199 111 24
199 111 24
199 111 24
199 111 24
199 111 24
199 111 24
199 111 24
199 111 24
199 111 24
199 111 24
199 111 24
199 111 24
199 111 24
199 111 24
199 111 24
199 111 24
48 98 34
190 146 34
190 146 24
190 146 24
190 146 24
190 146 24
190 146 24
190 146 24
190 146 24
190 146 24
190 146 24
190 146 24
190 146 24
190 146 24
190 146 24
190 146 24
190 146 24
190 146 24
190 146 24
190 146 24
190 146 24
190 146 24
190 146 24
190 146 24
190 146 24
190 146 24
190 146 24
190 146 24
190 146 24
190 146 24
190 146 24
190 146 24
190 146 24
190 146 24
190 146 24
190 146 24
190 146 24
190 146 24
190 146 24
190 146 24
190 146 24
190 146 24
190 146 24
190 146 24
180 162 34
180 162 24
180 173 34
180 173 24
180 173 24
171 168 34
0 48 34
0 48 24
0 48 24
9 43 34
9 43 24
9 43 24
9 43 24
9 43 24
9 43 24
9 43 24
9 43 24
9 43 24
9 43 24
9 43 24
9 43 24
9 43 24
8 33 34
0 38 34
7 23 34
0 28 34
0 18 34
0 18 24
6 13 34
6 13 24
6 13 24
6 13 24
126 199 34
126 199 24
126 199 24
126 199 24
126 199 24
126 199 24
126 199 24
126 199 24
126 199 24
126 199 24
126 199 24
126 199 24
126 199 24
126 199 24
126 199 24
126 199 24
126 199 24
126 199 24
126 199 24
126 199 24
126 199 24
126 199 24
106 122 34
106 133 34
107 145 34
107 145 24
107 145 24
135 138 34
135 138 24
135 138 24
135 138 24
135 138 24
135 138 24
135 138 24
135 138 24
135 138 24
135 138 24
135 138 24
135 138 24
135 138 24
135 138 24
135 138 24
135 138 24
135 138 24
135 138 24
135 138 24
135 138 24
135 138 24
135 138 24
135 138 24
135 138 24
135 138 24
135 138 24
135 138 24
135 138 24
135 138 24
135 138 24
135 138 24
135 138 24
135 138 24
135 138 24
135 138 24
135 138 24
135 138 24
135 138 24
135 138 24
135 138 24
135 138 24
97 139 34
97 139 24
97 139 24
97 139 24
96 128 34
96 128 24
96 128 24
96 128 24
192 84 34
192 84 24
183 90 34
183 90 24
173 95 34
173 95 24
173 95 24
173 95 24
173 95 24
173 95 24
173 95 24
173 95 24
173 95 24
173 95 24
173 95 24
173 95 24
173 95 24
173 95 24
173 95 24
173 95 24
173 95 24
173 95 24
182 79 34
182 79 24
182 79 24
182 79 24
182 79 24
182 79 24
173 84 34
173 84 24
173 84 24
173 84 24
173 84 24
173 84 24
173 84 24
173 84 24
173 84 24
173 84 24
173 84 24
173 84 24
173 84 24
173 84 24
173 84 24
173 84 24
173 84 24
173 84 24
173 84 24
173 84 24
173 84 24
173 84 24
173 84 24
173 84 24
173 84 24
173 84 24
173 84 24
173 84 24
173 84 24
173 84 24
173 84 24
173 84 24
173 84 24
171 179 34
171 179 24
171 179 24
171 179 24
171 179 24
171 179 24
171 179 24
171 179 24
171 179 24
171 179 24
171 179 24
171 179 24
171 179 24
171 179 24
171 179 24
171 179 24
7 188 34
7 188 24
7 188 24
7 188 24
7 188 24
7 188 24
7 188 24
0 193 34
0 193 24
88 179 34
88 179 24
88 179 24
88 179 24
88 179 24
88 179 24
96 83 34
96 83 24
96 83 24
96 83 24
96 83 24
96 83 24
96 83 24
96 83 24
96 83 24
96 83 24
96 83 24
96 83 24
96 83 24
96 83 24
96 83 24
96 83 24
88 168 34
88 168 24
88 168 24
88 168 24
88 168 24
88 168 24
88 168 24
88 168 24
88 168 24
88 168 24
88 168 24
88 168 24
88 168 24
88 168 24
88 168 24
88 168 24
88 168 24
88 168 24
88 168 24
88 168 24
88 168 24
88 168 24
88 168 24
88 168 24
88 168 24
88 168 24
88 168 24
88 168 24
88 168 24
88 168 24
16 126 34
16 126 24
49 87 34
49 87 24
49 87 24
49 87 24
49 87 24
58 82 34
68 77 34
77 72 34
77 72 24
77 72 24
77 72 24
77 72 24
77 72 24
77 72 24
77 72 24
77 72 24
77 72 24
77 72 24
77 72 24
77 72 24
77 72 24
77 72 24
58 71 34
58 71 24
58 71 24
58 71 24
58 71 24
58 71 24
58 71 24
58 71 24
58 71 24
58 71 24
58 71 24
58 71 24
58 71 24
58 71 24
58 71 24
58 71 24
58 71 24
58 71 24
49 76 34
49 76 24
49 76 24
49 76 24
49 76 24
49 76 24
49 76 24
49 76 24
49 76 24
49 76 24
49 76 24
49 76 24
106 111 34
96 117 34
96 117 24
96 105 34
86 100 34
96 94 34
77 105 34
77 105 24
77 105 24
77 105 24
77 105 24
77 105 24
77 105 24
77 105 24
77 105 24
77 105 24
77 105 24
77 105 24
105 100 34
105 100 24
86 111 34
86 111 24
86 111 24
86 111 24
86 111 24
86 111 24
86 111 24
86 111 24
86 111 24
86 111 24
86 111 24
86 111 24
86 111 24
180 184 34
180 184 24
180 184 24
180 184 24
180 184 24
180 184 24
180 184 24
180 184 24
180 184 24
180 184 24
180 184 24
180 184 24
180 184 24
180 184 24
180 184 24
180 184 24
180 184 24
180 184 24
180 184 24
180 184 24
180 184 24
180 184 24
180 184 24
180 184 24
180 184 24
180 184 24
180 184 24
180 184 24
180 184 24
180 184 24
180 184 24
180 184 24
180 184 24
180 184 24
180 184 24
180 184 24
180 184 24
180 184 24
180 184 24
180 184 24
180 184 24
180 184 24
180 184 24
180 184 24
162 175 34
162 175 24
151 38 34
151 38 24
151 38 24
151 38 24
151 38 24
151 38 24
151 38 24
151 38 24
151 38 24
151 38 24
151 38 24
151 38 24
151 38 24
151 38 24
151 38 24
151 38 24
151 38 24
151 38 24
151 38 24
151 38 24
151 38 24
151 38 24
151 38 24
151 38 24
151 38 24
151 38 24
151 38 24
151 38 24
151 38 24
151 38 24
151 38 24
151 38 24
151 38 24
151 38 24
151 38 24
151 38 24
151 38 24
151 38 24
151 38 24
151 38 24
151 38 24
151 38 24
151 38 24
151 38 24
151 38 24
192 117 34
192 117 24
192 117 24
192 117 24
192 117 24
192 117 24
192 117 24
192 117 24
192 117 24
192 117 24
192 117 24
192 117 24
192 117 24
192 117 24
26 132 34
26 132 24
26 132 24
26 132 24
26 132 24
26 132 24
26 132 24
26 132 24
26 132 24
26 132 24
26 132 24
26 132 24
26 132 24
26 132 24
26 132 24
26 132 24
26 132 24
26 132 24
26 132 24
26 132 24
26 132 24
26 132 24
26 132 24
26 132 24
26 132 24
26 132 24
26 132 24
191 73 34
191 73 24
191 73 24
191 73 24
191 73 24
191 73 24
191 73 24
191 73 24
191 73 24
191 73 24
191 73 24
191 73 24
191 73 24
191 73 24
191 73 24
191 73 24
191 73 24
191 73 24
191 73 24
191 73 24
199 78 34
199 78 24
199 78 24
199 78 24
199 78 24
199 78 24
199 78 24
199 78 24
199 78 24
199 78 24
199 78 24
199 78 24
199 78 24
199 78 24
199 78 24
199 78 24
199 78 24
199 78 24
199 78 24
199 78 24
199 78 24
199 78 24
199 78 24
199 78 24
199 78 24
199 78 24
199 78 24
199 78 24
199 78 24
199 78 24
199 78 24
199 78 24
199 78 24
199 78 24
199 78 24
199 78 24
199 78 24
199 78 24
107 199 34
98 196 34
98 196 24
98 196 24
98 196 24
98 196 24
98 196 24
98 196 24
98 196 24
88 190 34
88 190 24
88 190 24
88 190 24
88 190 24
88 190 24
88 190 24
88 190 24
88 190 24
88 190 24
88 190 24
88 190 24
88 190 24
88 190 24
88 190 24
88 190 24
88 190 24
88 190 24
160 21 34
169 15 34
178 9 34
188 3 34
188 3 24
188 3 24
188 3 24
188 3 24
188 3 24
188 3 24
178 0 34
178 0 24
169 4 34
160 10 34
160 10 24
160 10 24
160 10 24
160 10 24
197 0 34
197 0 24
197 0 24
197 0 24
197 0 24
197 0 24
197 0 24
197 0 24
197 0 24
197 0 24
197 0 24
197 0 24
197 0 24
197 0 24
197 0 24
197 0 24
197 0 24
197 0 24
197 0 24
197 0 24
197 0 24
197 0 24
197 0 24
197 0 24
197 0 24
197 0 24
197 0 24
197 0 24
197 0 24
197 0 24
197 0 24
197 0 24
197 0 24
197 0 24
197 0 24
197 0 24
197 0 24
197 0 24
197 0 24
197 0 24
162 164 34
171 157 34
171 157 24
171 157 24
162 153 34
162 153 24
162 153 24
162 153 24
162 153 24
162 153 24
153 159 34
153 159 24
153 159 24
153 159 24
153 159 24
153 159 24
153 159 24
153 159 24
153 159 24
153 159 24
153 170 34
160 0 34
160 0 24
160 0 24
160 0 24
160 0 24
160 0 24
160 0 24
160 0 24
160 0 24
160 0 24
160 0 24
160 0 24
160 0 24
160 0 24
160 0 24
160 0 24
160 0 24
160 0 24
160 0 24
160 0 24
160 0 24
160 0 24
0 126 34
7 120 34
15 149 34
15 149 24
15 149 24
15 149 24
15 149 24
15 149 24
15 149 24
15 149 24
15 149 24
25 143 34
25 143 24
25 143 24
25 143 24
25 143 24
25 143 24
25 143 24
25 143 24
25 143 24
25 143 24
25 143 24
25 143 24
25 143 24
25 143 24
25 143 24
25 143 24
25 143 24
25 143 24
25 143 24
25 143 24
25 143 24
25 143 24
25 143 24
25 143 24
25 143 24
25 143 24
25 143 24
25 143 24
25 143 24
25 143 24
25 143 24
25 143 24
25 143 24
25 143 24
25 143 24
25 143 24
25 143 24
25 143 24
25 143 24
0 114 34
0 114 24
0 114 24
0 114 24
0 114 24
0 114 24
0 114 24
15 160 34
15 160 24
15 160 24
15 160 24
15 160 24
15 160 24
15 160 24
15 160 24
15 160 24
15 160 24
15 160 24
15 160 24
15 160 24
15 160 24
15 160 24
15 160 24
15 160 24
15 160 24
15 160 24
15 160 24
15 160 24
15 160 24
15 160 24
15 160 24
15 160 24
15 160 24
15 160 24
15 160 24
15 160 24
15 160 24
15 160 24
15 160 24
15 160 24
15 160 24
15 160 24
15 160 24
15 160 24
15 160 24
88 199 34
88 199 24
88 199 24
88 199 24
88 199 24
88 199 24
88 199 24
88 199 24
88 199 24
88 199 24
88 199 24
88 199 24
88 199 24
88 199 24
88 199 24
88 199 24
88 199 24
88 199 24
88 199 24
88 199 24
88 199 24
88 199 24
88 199 24
88 199 24
88 199 24
88 199 24
88 199 24
88 199 24
88 199 24
88 199 24
88 199 24
88 199 24
88 199 24
88 199 24
88 199 24
88 199 24
88 199 24
88 199 24
88 199 24
88 199 24
88 199 24
88 199 24
88 199 24
88 199 24
88 199 24
88 199 24
88 199 24
88 199 24
98 162 34
98 162 24
98 162 24
98 162 24
98 162 24
98 162 24
98 162 24
98 162 24
98 162 24
98 162 24
98 162 24
98 162 24
98 162 24
98 162 24
98 162 24
98 162 24
98 162 24
98 162 24
98 162 24
98 162 24
98 162 24
98 162 24
98 162 24
98 162 24
98 162 24
98 162 24
98 162 24
98 162 24
98 162 24
98 162 24
98 162 24
98 162 24
98 162 24
98 162 24
98 162 24
98 162 24
98 162 24
98 162 24
98 162 24
98 162 24
98 162 24
98 162 24
144 166 34
144 166 24
144 166 24
144 166 24
144 166 24
144 166 24
144 166 24
144 166 24
144 166 24
144 166 24
144 166 24
144 166 24
144 166 24
144 166 24
144 166 24
144 166 24
144 166 24
144 166 24
144 166 24
144 166 24
144 166 24
144 166 24
144 166 24
144 166 24
144 166 24
144 166 24
144 166 24
144 166 24
144 166 24
144 166 24
144 166 24
144 166 24
97 151 34
97 151 24
97 151 24
97 151 24
97 151 24
97 151 24
97 151 24
97 151 24
97 151 24
97 151 24
97 151 24
97 151 24
97 151 24
97 151 24
97 151 24
97 151 24
97 151 24
97 151 24
97 151 24
97 151 24
97 151 24
97 151 24
97 151 24
153 181 34
153 181 24
162 186 34
162 186 24
162 186 24
162 186 24
162 186 24
162 186 24
162 186 24
162 186 24
162 186 24
162 186 24
162 186 24
162 186 24
162 186 24
144 177 34
144 177 24
144 177 24
144 177 24
144 177 24
144 177 24
144 177 24
144 177 24
151 16 34
151 16 24
151 27 34
151 27 24
151 27 24
142 21 34
142 21 24
142 21 24
142 21 24
142 21 24
142 21 24
142 21 24
142 21 24
142 21 24
142 21 24
142 21 24
142 21 24
142 21 24
142 21 24
142 21 24
142 21 24
142 21 24
142 21 24
142 21 24
142 21 24
142 21 24
181 67 34
181 67 24
181 67 24
181 67 24
181 67 24
181 67 24
181 67 24
181 67 24
181 67 24
181 67 24
181 67 24
181 67 24
181 67 24
181 67 24
181 67 24
181 67 24
181 67 24
181 67 24
181 67 24
181 67 24
181 67 24
181 67 24
181 67 24
181 67 24
181 67 24
181 67 24
181 67 24
181 67 24
0 7 34
0 7 24
0 7 24
0 7 24
0 7 24
0 7 24
0 7 24
0 7 24
0 7 24
0 7 24
0 7 24
0 7 24
0 7 24
0 7 24
0 7 24
0 7 24
0 7 24
0 7 24
0 7 24
6 2 34
6 2 24
6 2 24
6 2 24
6 2 24
6 2 24
6 2 24
6 2 24
6 2 24
6 2 24
6 2 24
6 2 24
6 2 24
6 2 24
6 2 24
6 2 24
6 2 24
6 2 24
6 2 24
6 2 24
6 2 24
6 2 24
6 2 24
6 2 24
6 2 24
6 2 24
6 2 24
6 2 24
6 2 24
6 2 24
6 2 24
6 2 24
6 2 24
6 2 24
6 2 24
6 2 24
6 2 24
6 2 24
6 2 24
6 2 24
6 2 24
36 28 34
36 28 24
36 28 24
35 18 34
35 18 24
35 18 24
35 18 24
35 18 24
35 18 24
35 18 24
35 18 24
35 18 24
35 18 24
35 18 24
35 18 24
35 18 24
35 18 24
35 18 24
35 18 24
35 18 24
35 18 24
35 18 24
8 108 34
8 108 24
8 108 24
8 108 24
8 108 24
8 108 24
8 108 24
8 108 24
8 108 24
8 108 24
8 108 24
8 108 24
8 108 24
8 108 24
8 108 24
8 108 24
8 108 24
8 108 24
8 108 24
8 108 24
8 108 24
8 108 24
8 108 24
8 108 24
8 108 24
8 108 24
8 108 24
8 108 24
8 108 24
8 108 24
8 108 24
8 108 24
8 108 24
8 108 24
8 108 24
8 108 24
8 108 24
8 108 24
8 108 24
8 108 24
8 108 24
151 5 34
151 5 24
151 5 24
151 5 24
151 5 24
151 5 24
151 5 24
151 5 24
151 5 24
151 5 24
151 5 24
151 5 24
151 5 24
151 5 24
151 5 24
151 5 24
151 5 24
151 5 24
151 5 24
151 5 24
151 5 24
151 5 24
151 5 24
151 5 24
151 5 24
151 5 24
151 5 24
151 5 24
151 5 24
151 5 24
151 5 24
151 5 24
151 5 24
151 5 24
151 5 24
151 5 24
151 5 24
151 5 24
151 5 24
151 5 24
151 5 24
151 5 24
151 5 24
188 37 34
180 43 34
171 49 34
171 49 24
171 49 24
180 55 34
180 55 24
180 55 24
180 55 24
180 55 24
180 55 24
180 55 24
180 55 24
180 55 24
180 55 24
180 55 24
180 55 24
180 55 24
180 55 24
180 55 24
180 55 24
8 199 34
8 199 24
8 199 24
8 199 24
8 199 24
8 199 24
8 199 24
8 199 24
8 199 24
8 199 24
8 199 24
8 199 24
8 199 24
8 199 24
144 188 34
144 188 24
144 188 24
144 188 24
144 188 24
144 188 24
144 188 24
144 188 24
144 188 24
144 188 24
144 188 24
153 192 34
153 192 24
153 192 24
153 192 24
153 192 24
153 192 24
26 120 34
26 120 24
26 120 24
26 120 24
26 120 24
26 120 24
26 120 24
26 120 24
26 120 24
26 120 24
17 114 34
17 114 24
17 114 24
17 114 24
17 114 24
17 114 24
17 114 24
17 114 24
17 114 24
17 114 24
17 114 24
17 114 24
17 114 24
17 114 24
17 114 24
17 114 24
17 114 24
17 114 24
17 114 24
17 114 24
17 114 24
17 114 24
17 114 24
17 114 24
17 114 24
17 114 24
17 114 24
17 114 24
17 114 24
17 114 24
17 114 24
17 114 24
17 114 24
17 114 24
17 114 24
17 114 24
17 114 24
17 114 24
17 114 24
17 114 24
17 114 24
37 115 34
37 115 24
37 115 24
37 115 24
37 115 24
37 115 24
37 115 24
37 115 24
37 115 24
37 115 24
37 115 24
37 115 24
37 115 24
37 115 24
37 115 24
47 110 34
47 110 24
47 110 24
135 183 34
135 183 24
135 183 24
135 183 24
135 183 24
135 183 24
135 183 24
135 183 24
135 183 24
135 183 24
135 183 24
135 183 24
135 183 24
135 183 24
135 183 24
135 183 24
135 183 24
135 183 24
135 183 24
135 183 24
135 183 24
135 183 24
135 183 24
135 183 24
135 183 24
135 183 24
135 183 24
135 183 24
135 183 24
135 183 24
135 183 24
135 183 24
135 183 24
135 183 24
135 183 24
135 183 24
135 183 24
135 183 24
135 183 24
135 183 24
135 183 24
135 183 24
144 199 34
144 199 24
144 199 24
144 199 24
144 199 24
144 199 24
144 199 24
144 199 24
144 199 24
144 199 24
144 199 24
144 199 24
135 194 34
135 194 24
135 194 24
135 194 24
135 194 24
135 194 24
135 194 24
135 194 24
135 194 24
135 194 24
135 194 24
135 194 24
135 194 24
135 194 24
135 194 24
135 194 24
135 194 24
135 194 24
135 194 24
35 7 34
35 7 24
35 7 24
35 7 24
35 7 24
35 7 24
35 7 24
35 7 24
35 7 24
35 7 24
35 7 24
35 7 24
35 7 24
35 7 24
35 7 24
35 7 24
35 7 24
35 7 24
35 7 24
35 7 24
35 7 24
35 7 24
35 7 24
35 7 24
35 7 24
35 7 24
35 7 24
35 7 24
35 7 24
35 7 24
35 7 24
35 7 24
35 7 24
35 7 24
35 7 24
35 7 24
35 7 24
35 7 24
35 7 24
37 38 34
37 38 24
37 38 24
46 34 34
46 34 24
47 44 34
47 44 24
47 44 24
47 44 24
47 44 24
47 44 24
47 44 24
47 44 24
47 44 24
47 44 24
47 44 24
47 44 24
47 44 24
47 44 24
47 44 24
47 44 24
47 44 24
47 44 24
47 44 24
47 44 24
47 44 24
46 23 34
46 23 24
46 23 24
46 23 24
46 23 24
46 23 24
46 23 24
46 23 24
56 28 34
56 28 24
56 28 24
56 28 24
56 28 24
56 28 24
56 28 24
56 28 24
56 28 24
56 28 24
56 28 24
56 28 24
56 28 24
56 28 24
56 28 24
56 28 24
56 28 24
56 28 24
56 28 24
56 39 34
56 39 24
56 39 24
56 39 24
56 39 24
56 39 24
56 39 24
56 39 24
56 39 24
56 39 24
56 39 24
56 39 24
56 39 24
56 39 24
56 39 24
56 39 24
56 39 24
56 39 24
56 39 24
56 39 24
56 39 24
56 39 24
56 39 24
56 39 24
56 39 24
56 39 24
56 39 24
56 39 24
56 39 24
56 39 24
56 39 24
56 39 24
56 39 24
56 39 24
56 39 24
56 39 24
56 39 24
56 39 24
56 39 24
56 39 24
56 39 24
56 39 24
56 39 24
56 39 24
56 39 24
56 39 24
56 39 24
55 18 34
55 18 24
55 18 24
55 18 24
55 18 24
55 18 24
55 18 24
55 18 24
55 18 24
55 18 24
55 18 24
55 18 24
55 18 24
55 18 24
55 18 24
55 18 24
55 18 24
55 18 24
55 18 24
38 49 34
38 49 24
38 49 24
38 49 24
38 49 24
38 49 24
38 49 24
38 49 24
38 49 24
38 49 24
38 49 24
38 49 24
38 49 24
38 49 24
38 49 24
38 49 24
38 49 24
38 49 24
38 49 24
38 49 24
38 49 24
38 49 24
38 49 24
38 49 24
38 49 24
38 49 24
38 49 24
38 49 24
38 49 24
38 49 24
38 49 24
1 79 34
1 79 24
1 79 24
1 79 24
10 85 34
10 85 24
10 85 24
10 85 24
10 85 24
10 85 24
10 85 24
10 85 24
10 85 24
10 85 24
10 85 24
10 85 24
10 85 24
10 85 24
10 85 24
10 85 24
10 85 24
10 85 24
10 85 24
10 85 24
10 85 24
10 85 24
10 85 24
10 85 24
10 85 24
10 85 24
10 85 24
10 85 24
10 85 24
10 85 24
10 85 24
10 85 24
10 85 24
10 85 24
10 85 24
10 85 24
10 85 24
10 85 24
10 85 24
10 85 24
10 85 24
198 32 34
28 43 115
28 43 24
28 43 24
28 43 24
28 43 24
28 43 24
28 43 24
28 43 24
28 43 24
28 43 24
28 43 24
28 43 24
28 43 24
28 43 24
28 43 24
28 43 24
28 43 24
28 43 24
28 43 24
189 49 34
189 49 24
189 49 24
189 49 24
189 49 24
189 49 24
189 49 24
189 49 24
189 49 24
189 49 24
189 49 24
189 49 24
189 49 24
189 49 24
189 49 24
189 49 24
189 49 24
189 49 24
189 49 24
189 49 24
189 49 24
189 49 24
189 49 24
189 49 24
189 49 24
189 49 24
189 49 24
189 49 24
189 49 24
189 49 24
189 49 24
0 91 34
0 91 24
0 91 24
0 91 24
0 91 24
0 91 24
0 91 24
0 91 24
0 91 24
0 91 24
0 91 24
0 91 24
0 91 24
0 91 24
0 91 24
0 91 24
0 91 24
0 91 24
0 91 24
0 91 24
0 91 24
0 91 24
0 91 24
0 91 24
0 91 24
0 91 24
0 91 24
0 91 24
0 91 24
0 91 24
0 91 24
0 91 24
0 91 24
0 91 24
0 91 24
0 91 24
0 91 24
0 91 24
0 91 24
0 91 24
0 91 24
0 91 24
0 91 24
0 91 24
0 91 24
0 91 24
0 91 24
0 91 24
0 91 24
0 91 24
0 91 24
0 91 24
0 91 24
0 91 24
0 91 24
0 91 24
65 23 34
65 23 24
65 23 24
65 23 24
65 23 24
65 23 24
65 23 24
65 23 24
65 23 24
65 23 24
65 23 24
65 23 24
65 23 24
65 23 24
65 23 24
65 23 24
65 23 24
65 23 24
65 23 24
65 23 24
65 23 24
65 23 24
65 23 24
65 23 24
65 23 24
65 23 24
65 23 24
65 23 24
65 23 24
65 23 24
65 23 24
45 13 117
45 13 24
45 13 24
45 13 24
45 13 24
45 13 24
45 13 24
45 13 24
45 13 24
45 13 24
45 13 24
45 13 24
45 13 24
45 13 24
45 13 24
45 13 24
45 13 24
45 13 24
45 13 24
45 13 24
45 13 24
45 13 24
45 13 24
45 13 24
45 13 24
45 13 24
45 13 24
45 13 24
45 13 24
45 13 24
45 13 24
45 13 24
45 13 24
45 13 24
45 13 24
45 13 24
45 13 24
45 13 24
45 13 24
45 13 24
45 13 24
45 13 24
45 13 24
45 13 24
45 13 24
45 13 24
45 13 24
45 13 24
45 13 24
45 13 24
45 13 24
65 12 34
65 12 24
65 12 24
65 1 34
75 6 34
75 6 24
75 17 34
75 17 24
75 17 24
75 17 24
75 17 24
75 17 24
75 17 24
85 12 34
85 12 24
85 12 24
85 12 24
85 12 24
85 12 24
85 12 24
85 12 24
85 12 24
85 12 24
85 12 24
85 12 24
85 12 24
85 12 24
85 12 24
85 12 24
85 12 24
85 12 24
85 12 24
85 12 24
85 12 24
85 12 24
85 12 24
85 12 24
85 12 24
85 12 24
85 12 24
85 12 24
85 12 24
85 12 24
198 43 34
198 43 24
198 43 24
198 43 24
198 43 24
198 43 24
198 43 24
198 43 24
198 43 24
198 43 24
198 43 24
198 43 24
198 43 24
198 43 24
198 43 24
198 43 24
198 43 24
198 43 24
198 43 24
198 43 24
198 43 24
198 43 24
198 43 24
198 43 24
198 43 24
198 43 24
198 43 24
198 43 24
198 43 24
198 43 24
198 43 24
198 43 24
198 43 24
198 43 24
198 43 24
190 61 34
190 61 24
190 61 24
190 61 24
190 61 24
190 61 24
190 61 24
190 61 24
190 61 24
190 61 24
190 61 24
190 61 24
190 61 24
190 61 24
190 61 24
190 61 24
190 61 24
190 61 24
190 61 24
190 61 24
190 61 24
190 61 24
190 61 24
190 61 24
190 61 24
190 61 24
190 61 24
190 61 24
190 61 24
190 61 24
190 61 24
190 61 24
190 61 24
190 61 24
190 61 24
190 61 24
190 61 24
190 61 24
190 61 24
190 61 24
190 61 24
190 61 24
190 61 24
190 61 24
190 61 24
190 61 24
190 61 24
190 61 24
190 61 24
171 61 34
171 61 24
171 61 24
171 61 24
171 61 24
171 61 24
171 61 24
171 61 24
171 61 24
171 61 24
171 61 24
171 61 24
171 61 24
171 61 24
171 61 24
171 61 24
171 61 24
171 61 24
171 61 24
162 55 34
162 55 24
162 55 24
162 55 24
162 55 24
162 55 24
162 55 24
162 55 24
162 55 24
162 55 24
162 55 24
162 55 24
162 55 24
162 55 24
162 55 24
162 55 24
162 55 24
162 55 24
162 55 24
162 55 24
162 55 24
162 55 24
162 55 24
162 55 24
162 55 24
162 55 24
162 55 24
162 55 24
85 23 34
85 23 24
85 23 24
85 23 24
85 23 24
85 23 24
85 23 24
85 23 24
85 23 24
75 28 34
75 28 24
75 28 24
75 28 24
75 28 24
75 28 24
75 28 24
75 28 24
75 28 24
75 28 24
75 28 24
75 28 24
75 28 24
75 28 24
75 28 24
75 28 24
75 28 24
75 28 24
75 28 24
85 34 34
85 34 24
85 34 24
85 34 24
85 34 24
85 34 24
85 34 24
95 28 34
95 28 24
95 28 24
95 28 24
95 28 24
95 28 24
95 28 24
95 28 24
95 39 34
95 39 24
95 39 24
104 34 34
104 34 24
104 34 24
104 34 24
104 34 24
104 34 24
104 34 24
104 34 24
104 34 24
104 34 24
104 34 24
104 34 24
104 34 24
104 34 24
105 45 34
105 45 24
105 45 24
105 45 24
105 45 24
105 45 24
105 45 24
105 45 24
105 45 24
105 45 24
105 45 24
105 45 24
105 45 24
105 45 24
105 45 24
105 45 24
105 45 24
105 45 24
95 50 34
95 50 24
95 50 24
95 50 24
95 50 24
95 50 24
95 50 24
95 50 24
95 50 24
95 50 24
95 50 24
95 50 24
95 50 24
95 50 24
95 50 24
95 50 24
95 50 24
95 50 24
95 50 24
95 50 24
95 50 24
95 50 24
95 50 24
95 50 24
95 50 24
86 45 34
86 45 24
86 45 24
86 45 24
86 45 24
86 45 24
86 45 24
86 45 24
86 45 24
86 45 24
86 45 24
86 45 24
86 45 24
86 45 24
86 45 24
86 45 24
86 45 24
86 45 24
86 45 24
86 45 24
86 45 24
86 45 24
86 45 24
86 45 24
86 45 24
86 45 24
86 45 24
86 45 24
86 45 24
182 122 34
182 122 24
182 122 24
182 122 24
182 122 24
182 122 24
182 122 24
182 122 24
182 122 24
182 122 24
182 122 24
182 122 24
182 122 24
182 122 24
182 122 24
182 122 24
182 122 24
182 122 24
182 122 24
182 122 24
182 122 24
182 122 24
182 122 24
182 122 24
182 122 24
182 122 24
182 122 24
182 122 24
182 122 24
182 122 24
182 122 24
182 122 24
182 122 24
182 122 24
182 122 24
182 122 24
173 117 34
173 117 24
173 117 24
173 117 24
173 117 24
173 117 24
173 117 24
173 117 24
173 117 24
173 117 24
173 117 24
173 117 24
173 117 24
173 117 24
173 117 24
173 117 24
173 117 24
173 117 24
173 117 24
173 117 24
173 117 24
173 117 24
173 117 24
173 117 24
173 117 24
173 117 24
173 117 24
173 117 24
94 17 34
94 17 24
94 17 24
94 17 24
94 17 24
94 17 24
94 17 24
94 17 24
94 17 24
94 17 24
94 17 24
94 17 24
94 17 24
94 17 24
94 17 24
94 17 24
94 17 24
94 17 24
94 17 24
94 17 24
94 17 24
94 17 24
94 17 24
94 17 24
94 17 24
94 17 24
94 17 24
94 17 24
94 17 24
94 17 24
94 17 24
94 17 24
94 17 24
94 17 24
94 17 24
94 17 24
94 17 24
94 17 24
94 17 24
94 17 24
94 17 24
94 17 24
94 17 24
94 17 24
94 17 24
94 17 24
94 17 24
94 17 24
94 17 24
94 17 24
94 17 24
94 17 24
94 17 24
172 73 46
172 73 24
172 73 24
172 73 24
172 73 24
172 73 24
172 73 24
172 73 24
172 73 24
172 73 24
172 73 24
172 73 24
172 73 24
172 73 24
172 73 24
172 73 24
172 73 24
172 73 24
172 73 24
172 73 24
172 73 24
172 73 24
172 73 24
172 73 24
172 73 24
172 73 24
172 73 24
162 67 34
162 67 24
162 67 24
162 67 24
162 67 24
153 73 34
153 73 24
153 73 24
153 73 24
153 73 24
163 79 34
163 79 24
163 79 24
163 79 24
163 79 24
163 79 24
163 79 24
163 79 24
163 79 24
163 79 24
163 79 24
163 79 24
163 79 24
163 79 24
163 79 24
163 79 24
163 79 24
163 79 24
163 79 24
163 79 24
163 79 24
163 79 24
152 61 34
152 61 24
152 61 24
152 61 24
152 61 24
152 61 24
152 61 24
152 61 24
152 61 24
152 61 24
152 61 24
152 61 24
152 61 24
152 61 24
143 67 34
143 67 24
143 67 24
144 78 34
144 78 24
144 78 24
144 78 24
144 78 24
144 78 24
144 78 24
144 78 24
144 78 24
134 72 34
134 72 24
134 72 24
134 72 24
134 72 24
134 72 24
134 72 24
134 72 24
134 72 24
134 72 24
134 72 24
134 72 24
134 72 24
134 72 24
134 72 24
134 72 24
134 72 24
134 72 24
134 72 24
134 72 24
134 72 24
134 72 24
134 72 24
134 72 24
153 84 34
153 84 24
153 84 24
153 84 24
153 84 24
153 84 24
153 84 24
153 84 24
153 84 24
144 89 34
144 89 24
144 89 24
144 89 24
144 89 24
144 89 24
144 89 24
144 89 24
144 89 24
144 89 24
144 89 24
144 89 24
144 89 24
144 89 24
144 89 24
144 89 24
144 89 24
144 89 24
144 89 24
144 89 24
144 89 24
144 89 24
144 89 24
144 89 24
144 89 24
144 89 24
144 89 24
144 89 24
144 89 24
144 89 24
144 89 24
144 89 24
144 89 24
144 89 24
144 89 24
144 89 24
163 90 34
163 90 24
163 90 24
163 90 24
163 90 24
163 90 24
163 90 24
163 90 24
163 90 24
163 90 24
163 90 24
163 90 24
163 90 24
163 90 24
163 90 24
163 90 24
163 90 24
163 90 24
163 90 24
163 90 24
163 90 24
163 90 24
163 90 24
163 90 24
163 90 24
163 90 24
163 90 24
163 90 24
163 90 24
163 90 24
163 90 24
163 90 24
163 90 24
163 90 24
163 90 24
163 90 24
163 90 24
163 90 24
163 90 24
163 90 24
163 90 24
163 90 24
163 90 24
163 90 24
143 56 34
143 56 24
143 56 24
143 56 24
133 61 34
76 39 34
76 39 24
76 39 24
76 39 24
76 39 24
76 39 24
76 39 24
76 39 24
76 39 24
76 39 24
76 39 24
76 39 24
76 39 24
76 39 24
76 39 24
76 39 24
76 39 24
76 39 24
76 39 24
76 39 24
76 39 24
76 39 24
76 39 24
76 39 24
76 39 24
76 39 24
76 39 24
76 39 24
76 39 24
76 39 24
76 39 24
76 39 24
76 39 24
76 39 24
76 39 24
76 39 24
76 39 24
76 39 24
76 39 24
76 39 24
76 39 24
76 39 24
76 39 24
76 39 24
76 39 24
76 39 24
76 39 24
76 39 24
76 39 24
76 39 24
76 39 24
76 39 24
76 39 24
76 39 24
76 39 24
76 39 24
76 39 24
76 39 24
85 1 34
85 1 24
85 1 24
85 1 24
85 1 24
85 1 24
85 1 24
85 1 24
85 1 24
85 1 24
85 1 24
86 56 34
86 56 24
86 56 24
86 56 24
86 56 24
86 56 24
86 56 24
86 56 24
86 56 24
86 56 24
86 56 24
86 56 24
86 56 24
86 56 24
86 56 24
86 56 24
86 56 24
86 56 24
86 56 24
86 56 24
86 56 24
86 56 24
86 56 24
86 56 24
86 56 24
86 56 24
86 56 24
86 56 24
86 56 24
86 56 24
86 56 24
86 56 24
86 56 24
86 56 24
86 56 24
86 56 24
86 56 24
86 56 24
86 56 24
86 56 24
86 56 24
86 56 24
86 56 24
86 56 24
86 56 24
86 56 24
86 56 24
86 56 24
86 56 24
86 56 24
86 56 24
86 56 24
86 56 24
86 56 24
86 56 24
86 56 24
86 56 24
114 39 34
114 39 24
114 39 24
114 39 24
114 39 24
114 39 24
114 39 24
114 39 24
114 39 24
114 39 24
114 39 24
114 39 24
114 39 24
114 39 24
114 39 24
114 39 24
114 39 24
114 39 24
114 39 24
114 39 24
114 39 24
114 39 24
114 39 24
114 39 24
114 39 24
114 39 24
114 39 24
114 39 24
114 39 24
114 39 24
114 39 24
114 39 24
114 39 24
114 39 24
114 39 24
114 39 24
114 39 24
114 39 24
114 39 24
114 39 24
114 39 24
114 39 24
114 39 24
114 39 24
114 39 24
114 39 24
114 39 24
114 39 24
114 39 24
114 39 24
114 39 24
114 39 24
114 39 24
114 39 24
114 39 24
114 39 24
114 39 24
114 39 24
114 39 24
105 56 34
105 56 24
105 56 24
105 56 24
105 56 24
105 56 24
105 56 24
105 56 24
105 56 24
105 56 24
105 56 24
105 56 24
105 56 24
114 61 34
124 67 34
115 105 34
115 105 24
115 105 24
115 105 24
115 105 24
115 105 24
115 105 24
115 105 24
115 105 24
115 105 24
115 105 24
115 105 24
115 105 24
115 105 24
115 105 24
115 105 24
115 105 24
115 105 24
115 105 24
115 105 24
115 105 24
115 105 24
115 105 24
115 105 24
115 105 24
115 105 24
115 105 24
115 105 24
115 105 24
115 105 24
115 105 24
115 105 24
105 89 34
105 89 24
105 89 24
105 89 24
105 89 24
105 89 24
105 89 24
105 89 24
105 89 24
105 89 24
105 89 24
105 89 24
105 89 24
105 89 24
105 89 24
105 89 24
105 89 24
105 89 24
105 89 24
105 89 24
105 89 24
38 103 34
39 92 34
39 92 24
39 92 24
39 92 24
39 92 24
39 92 24
39 92 24
39 92 24
39 92 24
39 92 24
39 92 24
39 81 34
39 81 24
39 81 24
39 81 24
39 81 24
39 81 24
39 81 24
39 81 24
39 81 24
39 81 24
39 81 24
39 81 24
39 81 24
39 81 24
39 81 24
39 81 24
39 81 24
39 81 24
39 81 24
39 81 24
39 81 24
39 81 24
39 81 24
39 81 24
39 81 24
39 81 24
39 81 24
39 81 24
39 81 24
39 81 24
39 81 24
39 81 24
39 81 24
39 81 24
39 81 24
39 81 24
39 81 24
39 81 24
39 81 24
39 81 24
39 81 24
39 81 24
39 81 24
39 81 24
124 56 34
86 122 34
86 122 24
86 122 24
86 122 24
86 122 24
86 122 24
86 122 24
86 122 24
86 122 24
86 122 24
86 122 24
86 122 24
86 122 24
86 122 24
86 122 24
86 122 24
86 122 24
86 122 24
86 122 24
86 122 24
67 110 34
67 110 24
67 110 24
67 110 24
67 110 24
67 110 24
67 110 24
67 110 24
67 110 24
67 110 24
67 110 24
67 110 24
67 110 24
67 110 24
67 110 24
67 110 24
67 110 24
67 110 24
67 110 24
67 110 24
67 110 24
67 110 24
67 110 24
67 110 24
67 110 24
67 110 24
67 110 24
67 110 24
67 110 24
67 110 24
67 110 24
67 110 24
67 110 24
67 110 24
67 110 24
67 110 24
67 110 24
67 110 24
67 110 24
67 110 24
67 110 24
67 110 24
67 110 24
67 110 24
87 133 34
87 133 24
87 133 24
87 133 24
87 133 24
87 133 24
87 133 24
87 133 24
87 133 24
87 133 24
87 133 24
87 133 24
87 133 24
87 133 24
87 133 24
87 133 24
87 133 24
87 133 24
87 133 24
180 152 34
180 152 24
180 152 24
180 152 24
180 152 24
180 152 24
180 152 24
180 152 24
180 152 24
180 152 24
180 152 24
180 152 24
180 152 24
180 152 24
180 152 24
180 152 24
180 152 24
180 152 24
180 152 24
180 152 24
180 152 24
180 152 24
172 147 34
172 147 24
172 147 24
172 147 24
172 147 24
172 147 24
172 147 24
172 147 24
172 147 24
172 147 24
172 147 24
172 147 24
172 147 24
172 147 24
172 147 24
172 147 24
172 147 24
172 147 24
172 147 24
172 147 24
172 147 24
172 147 24
36 126 34
36 126 24
36 126 24
36 126 24
36 126 24
36 126 24
36 126 24
36 126 24
36 126 24
36 126 24
36 126 24
36 126 24
36 126 24
36 126 24
36 126 24
36 126 24
36 126 24
36 126 24
36 126 24
36 126 24
36 126 24
36 126 24
36 126 24
36 126 24
36 126 24
36 126 24
36 126 24
36 126 24
36 126 24
36 126 24
36 126 24
36 126 24
36 126 24
36 126 24
36 126 24
36 126 24
36 126 24
36 126 24
36 126 24
36 126 24
36 126 24
36 126 24
36 126 24
36 126 24
36 126 24
36 126 24
36 126 24
36 126 24
107 156 34
107 156 24
107 156 24
107 156 24
107 156 24
107 156 24
107 156 24
107 156 24
107 156 24
107 156 24
107 156 24
107 156 24
107 156 24
108 168 34
108 168 24
108 168 24
108 168 24
108 168 24
108 168 24
108 168 24
108 168 24
108 168 24
108 168 24
108 168 24
108 168 24
108 168 24
108 168 24
108 168 24
108 168 24
108 168 24
108 168 24
108 168 24
108 168 24
108 168 24
108 168 24
108 168 24
108 168 24
108 168 24
108 168 24
108 168 24
108 168 24
108 168 24
108 168 24
108 168 24
108 168 24
108 168 24
108 168 24
114 50 34
114 50 24
114 50 24
114 50 24
114 50 24
114 50 24
114 50 24
114 50 24
114 50 24
114 50 24
114 50 24
114 50 24
114 50 24
114 50 24
87 145 34
87 145 24
87 145 24
87 145 24
87 145 24
87 145 24
87 145 24
87 145 24
87 145 24
87 145 24
29 97 34
29 97 24
29 97 24
29 97 24
29 97 24
29 97 24
29 97 24
29 97 24
29 97 24
29 97 24
29 97 24
29 97 24
29 97 24
29 97 24
29 97 24
29 97 24
29 97 24
29 97 24
29 97 24
29 97 24
29 97 24
29 97 24
29 97 24
29 97 24
29 97 24
29 97 24
29 97 24
29 97 24
29 97 24
29 97 24
29 97 24
29 97 24
29 97 24
29 97 24
29 97 24
29 97 24
29 97 24
29 97 24
29 97 24
29 97 24
29 97 24
29 97 24
29 97 24
29 97 24
29 97 24
29 97 24
29 97 24
29 97 24
29 97 24
29 97 24
29 97 24
29 97 24
115 72 34
115 72 24
105 78 34
105 78 24
105 78 24
105 78 24
105 78 24
105 78 24
182 101 15
182 100 15
182 99 15
182 98 15
182 97 15
182 96 18
182 95 22
182 94 27
182 93 34
182 92 40
183 92 45
183 91 46
162 68 97
162 68 24
162 68 24
162 69 83
162 69 24
162 69 24
162 69 24
162 70 80
162 70 24
162 70 24
162 70 24
162 70 24
162 71 87
162 71 24
162 71 24
162 71 24
162 71 24
162 71 24
162 72 104
162 72 24
162 72 24
162 72 24
162 72 24
162 72 24
162 73 130
162 73 24
162 73 24
162 73 24
162 73 24
163 73 166
163 73 24
163 73 24
164 73 211
165 73 265
166 73 325
167 73 389
168 73 453
169 73 516
170 73 573
171 73 621
173 73 681
173 73 24
173 73 24
173 73 24
174 73 689
174 73 24
174 73 24
174 73 24
174 73 24
174 73 24
174 73 24
175 73 681
175 73 24
175 73 24
175 73 24
175 73 24
175 73 24
175 73 24
175 73 24
176 73 657
176 73 24
176 73 24
176 73 24
176 73 24
176 73 24
176 73 24
176 73 24
177 73 619
177 73 24
177 73 24
177 73 24
177 73 24
177 73 24
178 73 568
178 73 24
178 73 24
179 73 508
180 73 442
181 73 374
182 73 309
183 73 251
183 74 199
183 74 24
183 74 24
184 74 146
184 74 24
184 74 24
184 75 97
184 75 24
184 75 24
184 75 24
185 75 55
185 75 24
185 75 24
185 75 24
185 75 24
185 76 15
185 76 24
185 76 24
185 76 24
185 76 24
185 76 24
185 77 15
185 77 24
185 77 24
185 77 24
185 77 24
185 78 15
185 78 24
185 78 24
185 78 24
185 79 15
185 79 24
185 79 24
185 79 24
185 80 15
185 80 24
185 80 24
185 81 15
185 81 24
185 81 24
185 82 15
185 82 24
185 83 15
185 83 24
185 84 15
185 84 24
185 85 15
185 85 24
185 86 15
185 86 24
185 87 15
185 87 24
185 88 15
185 88 24
185 89 27
184 89 36
184 90 42
134 61 15
134 61 24
135 61 15
135 61 24
135 62 15
135 62 24
136 62 15
136 62 24
136 63 15
136 63 24
137 63 15
137 63 24
138 63 15
138 63 24
138 63 24
138 64 15
138 64 24
138 64 24
139 64 15
139 64 24
139 64 24
139 64 24
140 64 15
140 64 24
140 64 24
140 64 24
140 65 15
140 65 24
140 65 24
140 65 24
140 65 24
141 65 15
141 65 24
141 65 24
141 65 24
141 65 24
142 65 15
142 65 24
142 65 24
142 65 24
142 65 24
143 65 15
143 65 24
143 65 24
143 65 24
144 65 15
144 65 24
144 65 24
144 65 24
145 65 31
145 65 24
145 65 24
146 65 59
146 65 24
146 66 84
146 67 109
147 67 131
148 67 156
149 67 179
150 67 200
151 67 216
152 67 225
153 67 228
154 67 223
155 67 212
156 67 195
157 67 176
158 67 156
159 67 138
159 67 24
160 67 125
160 67 24
161 67 118
161 67 24
115 61 15
115 61 24
116 61 15
116 61 24
117 61 15
117 61 24
118 61 15
119 61 15
120 61 15
121 61 15
122 61 15
123 61 15
124 61 15
125 61 15
126 61 15
127 61 15
127 61 24
128 61 15
128 61 24
129 61 15
129 61 24
130 61 15
130 61 24
131 61 22
131 61 24
132 61 25
115 62 15
115 62 24
116 62 15
116 62 24
116 63 15
116 63 24
116 64 15
116 65 15
116 66 15
116 67 15
116 68 19
116 69 24
116 70 31
115 70 34
115 71 37
114 72 36
114 72 24
113 72 30
113 72 24
113 72 24
113 72 24
112 72 30
112 72 24
112 72 24
112 72 24
112 72 24
112 73 23
112 73 24
112 73 24
112 73 24
112 73 24
112 73 24
111 73 21
111 73 24
111 73 24
111 73 24
111 73 24
111 73 24
111 73 24
111 74 18
111 74 24
111 74 24
111 74 24
111 74 24
111 74 24
111 74 24
111 74 24
110 74 17
110 74 24
110 74 24
110 74 24
110 74 24
110 74 24
110 74 24
110 74 24
110 75 21
110 75 24
110 75 24
110 75 24
110 75 24
110 75 24
110 75 24
110 75 24
109 75 22
109 75 24
109 75 24
109 75 24
109 75 24
109 75 24
109 75 24
109 75 24
108 75 32
108 75 24
108 75 24
108 75 24
108 75 24
108 75 24
108 75 24
108 76 40
108 76 24
108 76 24
108 76 24
108 76 24
108 76 24
107 76 55
107 76 24
107 76 24
107 76 24
107 76 24
107 76 24
107 77 73
107 77 24
107 77 24
107 77 24
106 77 93
106 77 24
106 77 24
106 77 24
106 78 120
106 78 24
104 78 175
104 79 204
103 79 235
103 80 266
102 80 295
102 81 324
102 82 354
102 83 383
102 84 407
102 85 424
102 86 432
102 87 430
102 88 417
102 89 393
102 90 359
102 91 316
102 92 268
102 93 215
102 94 160
102 95 106
102 96 56
102 96 24
102 97 15
102 97 24
102 97 24
102 98 15
102 98 24
102 98 24
102 99 15
102 99 24
102 99 24
103 99 15
103 99 24
103 99 24
103 100 15
103 100 24
103 100 24
104 100 15
104 100 24
104 100 24
104 101 15
104 101 24
104 101 24
104 102 15
104 102 24
104 102 24
104 103 15
104 103 24
104 104 15
104 104 24
104 105 15
104 105 24
104 106 15
104 106 24
104 107 15
104 107 24
104 108 15
104 109 15
104 110 15
104 111 15
104 112 15
104 113 15
104 114 15
104 115 15
104 116 15
104 117 15
104 118 15
104 119 15
104 119 24
104 120 15
104 120 24
104 121 15
104 121 24
104 122 15
104 122 24
105 122 16
105 122 24
107 122 27
108 122 32
109 122 34
110 122 35
111 122 33
112 122 28
113 122 21
114 122 15
114 122 24
115 122 15
115 122 24
115 123 15
115 124 15
116 124 15
116 125 15
116 126 15
116 127 15
107 155 250
107 154 196
107 153 151
107 153 24
107 152 115
107 152 24
107 152 24
107 151 89
107 151 24
107 151 24
107 151 24
108 151 70
108 151 24
108 151 24
108 151 24
108 150 55
108 150 24
108 150 24
108 150 24
108 150 24
109 150 46
109 150 24
109 150 24
109 150 24
109 150 24
109 149 40
109 149 24
109 149 24
109 149 24
109 149 24
110 149 38
110 149 24
110 149 24
110 149 24
110 148 39
110 148 24
110 148 24
111 148 40
111 148 24
111 148 24
112 148 43
112 148 24
112 147 46
113 147 45
114 147 41
115 147 36
116 147 27
116 147 24
116 146 15
116 146 24
116 145 15
116 145 24
116 144 15
116 144 24
116 143 15
116 143 24
116 142 15
116 142 24
116 141 15
116 141 24
116 140 16
117 139 15
117 138 15
117 137 15
117 136 15
117 135 15
117 134 15
117 133 15
117 132 15
117 131 15
117 130 15
117 129 15
117 128 15
106 156 344
106 156 24
106 156 24
105 156 390
105 156 24
105 156 24
105 156 24
105 156 24
105 157 453
105 157 24
105 157 24
105 157 24
105 157 24
105 157 24
105 157 24
105 157 24
105 157 24
105 157 24
105 158 515
105 158 24
105 158 24
105 158 24
105 158 24
105 158 24
105 158 24
105 158 24
105 158 24
105 158 24
105 158 24
105 158 24
105 158 24
105 158 24
105 158 24
105 158 24
105 159 575
105 159 24
105 159 24
105 159 24
105 159 24
105 159 24
105 159 24
105 159 24
105 159 24
105 159 24
105 159 24
105 159 24
105 159 24
105 159 24
105 159 24
105 159 24
105 159 24
105 159 24
105 159 24
105 159 24
105 159 24
105 160 630
105 160 24
105 160 24
105 160 24
105 160 24
105 160 24
105 160 24
105 160 24
105 160 24
105 160 24
105 160 24
105 160 24
105 160 24
105 160 24
105 160 24
105 160 24
105 160 24
105 160 24
105 160 24
105 160 24
105 160 24
105 160 24
105 160 24
105 160 24
105 160 24
105 160 24
105 161 677
105 161 24
105 161 24
105 161 24
105 161 24
105 161 24
105 161 24
105 161 24
105 161 24
105 161 24
105 161 24
105 161 24
105 161 24
105 161 24
105 161 24
105 161 24
105 161 24
105 161 24
105 161 24
105 161 24
105 161 24
105 161 24
105 161 24
105 161 24
105 161 24
105 161 24
105 161 24
105 161 24
105 161 24
105 161 24
105 161 24
105 161 24
105 162 712
105 162 24
105 162 24
105 162 24
105 162 24
105 162 24
105 162 24
105 162 24
105 162 24
105 162 24
105 162 24
105 162 24
105 162 24
105 162 24
105 162 24
105 162 24
105 162 24
105 162 24
105 162 24
105 162 24
105 162 24
105 162 24
105 162 24
105 162 24
105 162 24
105 162 24
105 162 24
105 162 24
105 162 24
105 162 24
105 162 24
105 162 24
105 162 24
105 162 24
105 162 24
105 162 24
105 162 24
105 162 24
105 163 735
105 163 24
105 163 24
105 163 24
105 163 24
105 163 24
105 163 24
105 163 24
105 163 24
105 163 24
105 163 24
105 163 24
105 163 24
105 163 24
105 163 24
105 163 24
105 163 24
105 163 24
105 163 24
105 163 24
105 163 24
105 163 24
105 163 24
105 163 24
105 163 24
105 163 24
105 163 24
105 163 24
105 163 24
105 163 24
105 163 24
105 163 24
105 163 24
105 163 24
105 163 24
105 163 24
105 163 24
105 163 24
105 163 24
105 163 24
105 163 24
105 163 24
105 163 24
105 164 742
105 164 24
105 164 24
105 164 24
105 164 24
105 164 24
105 164 24
105 164 24
105 164 24
105 164 24
105 164 24
105 164 24
105 164 24
105 164 24
105 164 24
105 164 24
105 164 24
105 164 24
105 164 24
105 164 24
105 164 24
105 164 24
105 164 24
105 164 24
105 164 24
105 164 24
105 164 24
105 164 24
105 164 24
105 164 24
105 164 24
105 164 24
105 164 24
105 164 24
105 164 24
105 164 24
105 164 24
105 164 24
105 164 24
105 164 24
105 164 24
105 164 24
105 164 24
105 164 24
105 165 734
105 165 24
105 165 24
105 165 24
105 165 24
105 165 24
105 165 24
105 165 24
105 165 24
105 165 24
105 165 24
105 165 24
105 165 24
105 165 24
105 165 24
105 165 24
105 165 24
105 165 24
105 165 24
105 165 24
105 165 24
105 165 24
105 165 24
105 165 24
105 165 24
105 165 24
105 165 24
105 165 24
105 165 24
105 165 24
105 165 24
105 165 24
105 165 24
105 165 24
105 165 24
105 165 24
105 165 24
105 165 24
105 165 24
105 165 24
105 165 24
105 166 710
105 166 24
105 166 24
105 166 24
105 166 24
105 166 24
105 166 24
105 166 24
105 166 24
105 166 24
105 166 24
105 166 24
105 166 24
105 166 24
105 166 24
105 166 24
105 166 24
105 166 24
105 166 24
105 166 24
105 166 24
105 166 24
105 166 24
105 166 24
105 166 24
105 166 24
105 166 24
105 166 24
105 166 24
105 166 24
105 166 24
105 166 24
105 166 24
105 167 671
105 167 24
105 167 24
105 167 24
105 167 24
105 167 24
105 167 24
105 167 24
105 167 24
105 167 24
105 167 24
105 167 24
105 167 24
105 167 24
105 167 24
105 167 24
105 167 24
105 167 24
105 167 24
105 167 24
105 167 24
105 167 24
105 167 24
105 167 24
105 168 618
105 168 24
105 168 24
105 168 24
105 168 24
105 168 24
105 168 24
105 168 24
105 168 24
105 168 24
105 168 24
105 168 24
105 168 24
105 168 24
105 169 554
105 169 24
105 169 24
105 169 24
105 169 24
105 169 24
105 169 24
105 170 482
105 170 24
105 171 404
105 172 324
105 173 247
105 174 174
105 175 110
105 175 24
105 176 56
105 176 24
105 176 24
105 177 15
105 177 24
105 177 24
105 177 24
105 178 15
105 178 24
105 178 24
105 179 15
105 179 24
105 179 24
106 179 15
106 179 24
106 179 24
107 179 28
107 179 24
107 179 24
134 194 472
134 194 24
134 194 24
133 194 480
133 194 24
133 194 24
132 194 479
132 194 24
132 194 24
132 194 24
131 194 468
131 194 24
131 194 24
131 194 24
131 194 24
130 194 447
130 194 24
130 194 24
130 194 24
130 194 24
130 194 24
130 194 24
129 194 418
129 194 24
129 194 24
129 194 24
129 194 24
129 194 24
129 194 24
129 194 24
128 194 381
128 194 24
128 194 24
128 194 24
128 194 24
128 194 24
128 194 24
128 194 24
128 194 24
128 194 24
127 194 339
127 194 24
127 194 24
127 194 24
127 194 24
127 194 24
127 194 24
127 194 24
127 194 24
127 194 24
127 194 24
127 194 24
126 194 294
126 194 24
126 194 24
126 194 24
126 194 24
126 194 24
126 194 24
126 194 24
126 194 24
126 194 24
126 194 24
126 194 24
126 194 24
125 194 246
125 194 24
125 194 24
125 194 24
125 194 24
125 194 24
125 194 24
125 194 24
125 194 24
125 194 24
125 194 24
124 194 198
124 194 24
124 194 24
124 194 24
124 194 24
124 194 24
124 194 24
124 194 24
123 194 151
123 194 24
123 194 24
123 194 24
123 194 24
122 194 108
122 194 24
122 194 24
121 194 70
121 194 24
120 194 37
120 194 24
120 193 15
120 193 24
120 193 24
120 193 24
120 192 15
120 192 24
120 192 24
120 192 24
120 192 24
120 191 15
120 191 24
120 191 24
120 191 24
120 191 24
120 191 24
119 191 15
119 191 24
119 191 24
119 191 24
119 191 24
119 190 15
119 190 24
119 190 24
119 190 24
119 190 24
119 190 24
119 189 15
119 189 24
119 189 24
119 189 24
119 189 24
119 189 24
119 189 24
119 189 24
118 189 15
118 189 24
118 189 24
118 189 24
118 189 24
118 189 24
118 189 24
118 188 15
118 188 24
118 188 24
118 188 24
118 188 24
118 188 24
118 188 24
118 188 24
117 188 15
117 188 24
117 188 24
117 188 24
117 188 24
117 188 24
117 188 24
116 188 15
116 188 24
116 188 24
116 188 24
116 188 24
116 188 24
116 188 24
116 187 15
116 187 24
116 187 24
116 187 24
116 187 24
116 187 24
116 187 24
115 187 15
115 187 24
115 187 24
115 187 24
115 187 24
115 187 24
114 187 15
114 187 24
114 187 24
114 187 24
114 187 24
114 187 24
114 186 15
114 186 24
114 186 24
114 186 24
114 186 24
114 186 24
113 186 15
113 186 24
113 186 24
113 186 24
113 186 24
112 186 15
112 186 24
112 186 24
112 186 24
112 185 15
112 185 24
112 185 24
112 185 24
111 185 15
111 185 24
111 185 24
110 185 15
110 185 24
110 184 15
110 184 24
109 184 15
109 184 24
109 183 15
109 183 24
108 183 15
108 183 24
108 182 15
108 182 24
108 181 15
108 181 24
108 180 38
108 180 24
136 194 430
137 194 398
138 194 361
139 194 321
140 194 279
141 194 239
142 194 201
142 194 24
143 194 167
143 194 24
143 194 24
143 194 24
144 194 139
144 194 24
144 194 24
144 194 24
144 194 24
144 194 24
145 194 117
145 194 24
145 194 24
145 194 24
145 194 24
145 194 24
145 194 24
146 194 103
146 194 24
146 194 24
146 194 24
146 194 24
146 194 24
146 194 24
146 194 24
147 194 96
147 194 24
147 194 24
147 194 24
147 194 24
147 194 24
147 194 24
147 194 24
147 193 87
147 193 24
147 193 24
147 193 24
147 193 24
147 193 24
147 193 24
147 193 24
148 193 83
148 193 24
148 193 24
148 193 24
148 193 24
148 193 24
148 193 24
148 193 24
148 192 77
148 192 24
148 192 24
148 192 24
148 192 24
148 192 24
148 192 24
148 192 24
149 192 76
149 192 24
149 192 24
149 192 24
149 192 24
149 192 24
149 192 24
149 191 72
149 191 24
149 191 24
149 191 24
149 191 24
149 191 24
149 191 24
149 190 72
149 190 24
149 190 24
149 190 24
149 190 24
149 190 24
149 190 24
149 189 74
149 189 24
149 189 24
149 189 24
149 189 24
149 189 24
149 188 76
149 188 24
149 188 24
149 188 24
149 188 24
149 187 76
149 187 24
149 187 24
149 187 24
149 186 72
149 186 24
149 185 65
149 185 24
149 184 53
149 184 24
149 183 37
149 183 24
149 182 18
149 182 24
149 182 24
149 181 15
149 181 24
149 181 24
150 181 15
150 181 24
150 181 24
150 180 15
150 180 24
150 180 24
150 179 15
150 179 24
150 179 24
150 178 15
150 178 24
150 178 24
151 178 15
151 178 24
151 178 24
151 177 15
151 177 24
151 177 24
152 177 15
152 177 24
152 176 15
152 176 24
152 175 15
152 175 24
152 174 15
152 174 24
152 173 15
152 173 24
152 172 15
152 172 24
153 172 15
153 171 15
154 171 15
155 171 21
156 171 28
157 171 35
158 171 40
159 171 43
160 171 44
161 171 42
162 171 39
163 171 35
164 171 29
165 171 23
166 171 18
166 171 24
167 171 15
167 171 24
168 171 15
168 171 24
169 171 15
169 171 24
170 171 15
170 171 24
171 171 15
171 171 24
171 171 24
172 171 15
172 171 24
172 171 24
173 171 15
173 171 24
173 171 24
174 171 15
174 171 24
174 171 24
174 171 24
175 171 15
175 171 24
175 171 24
175 171 24
176 171 15
176 171 24
176 171 24
177 171 15
177 171 24
177 171 24
178 171 15
178 171 24
178 171 24
179 171 15
179 171 24
179 171 24
180 171 15
180 171 24
180 171 24
181 171 15
181 171 24
181 171 24
181 171 24
182 171 15
182 171 24
182 171 24
182 171 24
183 171 15
183 171 24
183 171 24
183 171 24
184 171 15
184 171 24
184 171 24
184 171 24
184 172 15
184 172 24
184 172 24
184 172 24
185 172 15
185 172 24
185 172 24
185 172 24
186 172 15
186 172 24
186 172 24
186 172 24
187 172 15
187 172 24
187 172 24
188 172 15
188 172 24
188 172 24
189 172 15
189 172 24
189 172 24
190 172 15
190 172 24
191 172 15
191 172 24
192 172 15
192 172 24
193 172 15
193 172 24
194 172 15
194 172 24
195 172 15
195 172 24
196 172 15
196 172 24
197 172 15
197 172 24
117 127 15
117 126 15
117 125 15
118 125 15
118 125 24
118 124 15
118 124 24
118 123 15
118 123 24
119 123 15
119 123 24
120 123 15
120 123 24
120 123 24
121 123 15
121 123 24
121 123 24
121 123 24
122 123 15
122 123 24
122 123 24
122 123 24
122 123 24
122 122 33
122 122 24
122 122 24
122 122 24
122 122 24
123 122 73
123 122 24
123 122 24
123 122 24
124 122 125
124 122 24
124 122 24
102 100 15
102 100 24
102 100 24
101 100 15
101 100 24
101 100 24
100 100 15
100 100 24
100 99 15
100 99 24
100 99 24
99 99 15
99 99 24
98 99 15
98 99 24
98 98 15
98 98 24
97 98 15
97 98 24
96 98 15
96 98 24
95 98 15
95 98 24
94 98 15
94 98 24
93 98 15
92 98 15
91 98 15
90 98 15
89 98 15
88 98 15
87 98 15
86 98 15
85 98 15
85 98 24
84 98 15
84 98 24
83 98 15
83 98 24
82 98 15
82 98 24
81 98 15
81 98 24
80 98 15
80 98 24
79 98 15
79 98 24
78 98 15
78 98 24
77 98 15
77 98 24
76 98 15
76 98 24
75 98 15
75 98 24
74 98 15
74 98 24
73 98 15
73 98 24
72 98 15
72 98 24
71 98 16
71 98 24
70 98 15
70 98 24
69 98 15
69 98 24
68 98 15
68 98 24
67 98 15
67 98 24
66 98 15
66 98 24
65 98 15
65 98 24
64 98 15
64 98 24
64 99 15
64 99 24
63 99 15
63 99 24
62 99 15
62 99 24
61 99 15
61 99 24
60 99 15
60 99 24
60 100 15
60 100 24
59 100 15
59 100 24
58 100 15
58 100 24
57 100 15
57 100 24
56 100 15
56 100 24
56 101 15
56 101 24
56 101 24
55 101 15
55 101 24
54 101 15
54 101 24
54 102 15
54 102 24
54 102 24
53 102 15
53 102 24
52 102 15
52 102 24
51 102 15
51 102 24
50 102 15
50 102 24
50 103 15
50 103 24
49 103 15
49 103 24
48 103 15
48 103 24
47 103 15
47 103 24
46 103 15
46 103 24
45 103 15
45 103 24
44 103 15
44 103 24
43 103 15
43 103 24
42 103 15
42 103 24
41 103 15
41 103 24
40 103 15
40 103 24
39 103 15
39 103 24
38 104 15
38 104 24
38 105 15
38 105 24
38 106 15
38 106 24
38 107 15
38 107 24
38 108 15
38 108 24
38 109 15
38 109 24
38 109 24
38 110 20
38 110 24
38 110 24
38 111 60
38 111 24
38 111 24
37 111 95
37 111 24
37 111 24
37 112 136
37 112 24
37 112 24
37 112 24
37 113 194
37 113 24
37 113 24
37 113 24
37 113 24
37 114 268
37 114 24
37 114 24
37 114 24
36 115 338
36 115 24
36 115 24
36 115 24
35 115 325
35 115 24
35 115 24
35 115 24
35 115 24
35 115 24
34 115 322
34 115 24
34 115 24
34 115 24
34 115 24
34 115 24
33 115 331
33 115 24
33 115 24
33 115 24
33 115 24
33 116 354
33 116 24
33 116 24
32 116 352
32 116 24
31 116 364
31 116 24
31 117 352
31 118 355
30 118 333
30 119 326
29 119 297
29 120 282
28 120 249
27 120 235
26 121 177
26 121 24
26 121 24
26 122 132
26 122 24
26 122 24
26 122 24
26 122 24
26 123 105
26 123 24
26 123 24
26 123 24
26 123 24
26 123 24
25 123 73
25 123 24
25 123 24
25 123 24
25 123 24
25 123 24
25 123 24
25 123 24
25 123 24
25 124 49
25 124 24
25 124 24
25 124 24
25 124 24
25 124 24
25 124 24
25 124 24
25 124 24
25 124 24
24 124 21
24 124 24
24 124 24
24 124 24
24 124 24
24 124 24
24 124 24
24 124 24
24 124 24
24 124 24
24 124 24
24 124 24
24 125 15
24 125 24
24 125 24
24 125 24
24 125 24
24 125 24
24 125 24
24 125 24
24 125 24
24 125 24
24 125 24
24 125 24
23 125 15
23 125 24
23 125 24
23 125 24
23 125 24
23 125 24
23 125 24
23 125 24
23 125 24
23 125 24
23 125 24
22 125 15
22 125 24
22 125 24
22 125 24
22 125 24
22 125 24
22 125 24
22 125 24
22 125 24
22 125 24
21 125 15
21 125 24
21 125 24
21 125 24
21 125 24
21 125 24
21 125 24
21 125 24
21 126 15
21 126 24
21 126 24
21 126 24
21 126 24
21 126 24
21 126 24
21 127 15
21 127 24
21 127 24
21 127 24
21 127 24
21 127 24
21 127 24
20 127 15
20 127 24
20 127 24
20 127 24
20 127 24
20 128 15
20 128 24
20 128 24
20 128 24
20 128 24
19 128 15
19 128 24
19 128 24
19 128 24
18 128 15
18 128 24
18 128 24
18 129 15
18 129 24
18 129 24
17 129 15
17 129 24
17 129 24
17 130 15
17 130 24
17 130 24
16 130 15
16 130 24
15 130 15
15 130 24
15 131 15
15 131 24
15 132 15
15 132 24
15 133 15
15 133 24
15 134 15
15 134 24
15 135 15
15 135 24
15 136 16
15 136 24
14 137 15
14 138 15
14 139 15
14 139 24
14 140 15
14 140 24
13 140 15
13 140 24
13 141 15
13 141 24
13 142 15
13 142 24
13 143 15
13 143 24
12 143 15
12 143 24
11 143 15
11 143 24
10 143 15
10 143 24
9 143 15
9 143 24
8 143 15
8 143 24
7 143 15
7 143 24
6 143 15
6 143 24
67 97 15
67 97 24
67 96 15
67 95 15
67 94 15
67 93 15
67 92 15
67 91 15
67 90 15
67 89 15
67 88 15
67 87 21
67 86 24
67 85 23
67 84 19
67 83 15
67 82 15
68 82 15
69 82 15
70 82 15
71 82 15
72 82 15
73 82 15
74 82 15
75 82 15
76 82 15
76 82 24
77 82 15
77 82 24
114 60 15
114 60 24
114 59 15
114 59 24
114 58 15
114 58 24
114 57 15
114 57 24
114 57 24
114 56 15
114 56 24
114 56 24
114 55 15
114 55 24
114 55 24
114 54 15
114 54 24
114 54 24
114 54 24
113 54 15
113 54 24
113 54 24
113 54 24
113 54 24
112 54 15
112 54 24
112 54 24
112 54 24
112 54 24
112 54 24
112 54 24
111 54 15
111 54 24
111 54 24
111 54 24
111 54 24
111 54 24
111 54 24
111 54 24
111 54 24
110 54 32
110 54 24
110 54 24
110 54 24
110 54 24
110 54 24
110 54 24
110 54 24
110 54 24
110 54 24
110 53 49
110 53 24
110 53 24
110 53 24
110 53 24
110 53 24
110 53 24
110 53 24
110 53 24
110 53 24
110 53 24
109 53 66
109 53 24
109 53 24
109 53 24
109 53 24
109 53 24
109 53 24
109 53 24
109 53 24
109 53 24
109 53 24
108 53 90
108 53 24
108 53 24
108 53 24
108 53 24
108 53 24
108 53 24
108 53 24
108 53 24
108 53 24
108 52 106
108 52 24
108 52 24
108 52 24
108 52 24
108 52 24
108 52 24
108 52 24
108 52 24
108 52 24
107 52 127
107 52 24
107 52 24
107 52 24
107 52 24
107 52 24
107 52 24
107 52 24
107 52 24
107 51 150
107 51 24
107 51 24
107 51 24
107 51 24
107 51 24
107 51 24
107 51 24
106 51 167
106 51 24
106 51 24
106 51 24
106 51 24
106 51 24
106 51 24
105 51 191
105 51 24
105 51 24
105 51 24
105 51 24
105 50 206
105 50 24
105 50 24
105 50 24
104 50 225
104 50 24
104 50 24
104 49 241
104 49 24
103 49 255
103 49 24
103 48 269
102 48 276
102 47 285
101 47 287
101 46 288
100 46 284
100 45 278
99 45 270
99 44 255
99 43 239
99 42 220
99 41 196
99 40 167
99 39 132
99 38 94
99 37 54
99 37 24
98 37 27
98 37 24
98 37 24
97 37 15
97 37 24
97 37 24
97 37 24
96 37 15
96 37 24
96 37 24
96 37 24
95 37 15
95 37 24
95 37 24
95 37 24
95 38 35
95 38 24
95 38 24
95 36 15
95 36 24
95 36 24
95 36 24
95 35 15
95 35 24
95 35 24
95 35 24
95 34 15
95 34 24
95 34 24
95 34 24
95 34 24
94 34 15
94 34 24
94 34 24
94 34 24
94 33 15
94 33 24
94 33 24
94 33 24
94 32 15
94 32 24
94 32 24
94 32 24
94 31 15
94 31 24
94 31 24
94 31 24
93 31 15
93 31 24
93 31 24
93 31 24
92 31 15
92 31 24
92 31 24
91 31 15
91 31 24
91 31 24
90 31 15
90 31 24
90 31 24
89 31 15
89 31 24
89 31 24
89 30 15
89 30 24
89 30 24
88 30 15
88 30 24
88 30 24
87 30 15
87 30 24
87 30 24
87 30 24
87 29 15
87 29 24
87 29 24
87 29 24
86 29 15
86 29 24
86 29 24
86 29 24
86 29 24
86 28 15
86 28 24
86 28 24
86 28 24
86 28 24
85 28 15
85 28 24
85 28 24
85 28 24
85 28 24
85 28 24
85 27 15
85 27 24
85 27 24
85 27 24
85 27 24
85 27 24
84 27 15
84 27 24
84 27 24
84 27 24
84 27 24
84 27 24
84 27 24
84 26 15
84 26 24
84 26 24
84 26 24
84 26 24
84 26 24
84 26 24
83 26 15
83 26 24
83 26 24
83 26 24
83 26 24
83 26 24
83 26 24
83 26 24
83 25 15
83 25 24
83 25 24
83 25 24
83 25 24
83 25 24
83 25 24
83 25 24
83 25 24
82 25 15
82 25 24
82 25 24
82 25 24
82 25 24
82 25 24
82 25 24
82 25 24
82 25 24
82 25 24
82 25 24
82 24 15
82 24 24
82 24 24
82 24 24
82 24 24
82 24 24
82 24 24
82 24 24
82 24 24
82 24 24
82 24 24
82 24 24
82 24 24
81 24 15
81 24 24
81 24 24
81 24 24
81 24 24
81 24 24
81 24 24
81 24 24
81 24 24
81 24 24
81 24 24
81 24 24
81 24 24
81 24 24
81 24 24
81 24 24
81 23 15
81 23 24
81 23 24
81 23 24
81 23 24
81 23 24
81 23 24
81 23 24
81 23 24
81 23 24
81 23 24
81 23 24
81 23 24
81 23 24
81 23 24
81 23 24
81 23 24
81 23 24
81 23 24
81 23 24
80 23 15
80 23 24
80 23 24
80 23 24
80 23 24
80 23 24
80 23 24
80 23 24
80 23 24
80 23 24
80 23 24
80 23 24
80 23 24
80 23 24
80 23 24
80 23 24
80 23 24
80 23 24
80 23 24
80 23 24
80 23 24
80 23 24
80 23 24
80 22 15
80 22 24
80 22 24
80 22 24
80 22 24
80 22 24
80 22 24
80 22 24
80 22 24
80 22 24
80 22 24
80 22 24
80 22 24
80 22 24
80 22 24
80 22 24
80 22 24
80 22 24
80 22 24
80 22 24
80 22 24
80 22 24
80 22 24
80 22 24
80 22 24
80 22 24
80 22 24
80 22 24
79 22 15
79 22 24
79 22 24
79 22 24
79 22 24
79 22 24
79 22 24
79 22 24
79 22 24
79 22 24
79 22 24
79 22 24
79 22 24
79 22 24
79 22 24
79 22 24
79 22 24
79 22 24
79 22 24
79 22 24
79 22 24
79 22 24
79 22 24
79 22 24
79 22 24
79 22 24
79 22 24
79 22 24
79 22 24
79 22 24
78 22 15
78 22 24
78 22 24
78 22 24
78 22 24
78 22 24
78 22 24
78 22 24
78 22 24
78 22 24
78 22 24
78 22 24
78 22 24
78 22 24
78 22 24
78 22 24
78 22 24
78 22 24
78 22 24
78 22 24
78 22 24
78 22 24
78 22 24
78 22 24
78 22 24
78 22 24
78 22 24
78 22 24
78 22 24
78 22 24
78 21 20
78 21 24
78 21 24
78 21 24
78 21 24
78 21 24
78 21 24
78 21 24
78 21 24
78 21 24
78 21 24
78 21 24
78 21 24
78 21 24
78 21 24
78 21 24
78 21 24
78 21 24
78 21 24
78 21 24
78 21 24
78 21 24
78 21 24
78 21 24
78 21 24
78 21 24
78 21 24
78 21 24
78 21 24
78 21 24
78 21 24
77 21 42
77 21 24
77 21 24
77 21 24
77 21 24
77 21 24
77 21 24
77 21 24
77 21 24
77 21 24
77 21 24
77 21 24
77 21 24
77 21 24
77 21 24
77 21 24
77 21 24
77 21 24
77 21 24
77 21 24
77 21 24
77 21 24
77 21 24
77 21 24
77 21 24
77 21 24
77 20 66
77 20 24
77 20 24
77 20 24
77 20 24
77 20 24
77 20 24
77 20 24
77 20 24
77 20 24
77 20 24
77 20 24
77 20 24
77 20 24
77 20 24
77 20 24
77 20 24
77 20 24
77 20 24
77 20 24
77 20 24
77 20 24
77 20 24
77 19 93
77 19 24
77 19 24
77 19 24
77 19 24
77 19 24
77 19 24
77 19 24
77 19 24
77 19 24
77 19 24
77 19 24
77 19 24
77 19 24
77 19 24
77 19 24
77 19 24
77 19 24
77 19 24
76 19 113
76 19 24
76 19 24
76 19 24
76 19 24
76 19 24
76 19 24
76 19 24
76 19 24
76 19 24
76 19 24
76 19 24
76 19 24
76 18 133
76 18 24
76 18 24
76 18 24
76 18 24
76 18 24
76 18 24
76 18 24
76 18 24
76 17 151
76 17 24
76 17 24
76 17 24
76 17 24
75 16 173
75 15 175
75 14 172
75 13 164
75 12 151
75 11 133
75 10 114
74 10 94
73 10 75
72 10 54
71 10 33
71 10 24
70 10 15
70 10 24
70 10 24
69 10 15
69 10 24
69 10 24
68 10 15
68 10 24
68 10 24
67 10 15
67 10 24
67 10 24
66 10 15
66 10 24
66 10 24
65 10 15
65 10 24
65 10 24
65 11 23
65 11 24
65 11 24
64 12 88
63 12 118
63 13 159
62 13 194
62 14 228
62 15 264
61 15 289
61 16 314
60 16 336
60 17 346
60 18 359
59 18 358
58 18 366
57 18 385
56 18 415
55 19 378
55 19 24
55 19 24
55 19 24
55 19 24
55 19 24
55 20 309
55 20 24
55 20 24
55 20 24
55 20 24
55 20 24
55 20 24
55 20 24
55 20 24
55 20 24
55 20 24
55 21 251
55 21 24
55 21 24
55 21 24
55 21 24
55 21 24
55 21 24
55 21 24
55 21 24
55 21 24
55 21 24
55 21 24
55 21 24
55 21 24
55 21 24
55 22 208
55 22 24
55 22 24
55 22 24
55 22 24
55 22 24
55 22 24
55 22 24
55 22 24
55 22 24
55 22 24
55 22 24
55 22 24
55 22 24
55 22 24
55 22 24
55 22 24
55 22 24
55 23 181
55 23 24
55 23 24
55 23 24
55 23 24
55 23 24
55 23 24
55 23 24
55 23 24
55 23 24
55 23 24
55 23 24
55 23 24
55 23 24
55 23 24
55 23 24
55 23 24
55 23 24
55 23 24
54 23 141
54 23 24
54 23 24
54 23 24
54 23 24
54 23 24
54 23 24
54 23 24
54 23 24
54 23 24
54 23 24
54 23 24
54 23 24
54 23 24
54 23 24
54 23 24
54 23 24
54 23 24
54 23 24
53 23 114
53 23 24
53 23 24
53 23 24
53 23 24
53 23 24
53 23 24
53 23 24
53 23 24
53 23 24
53 23 24
53 23 24
53 23 24
53 23 24
53 23 24
53 23 24
53 23 24
53 23 24
53 24 76
53 24 24
53 24 24
53 24 24
53 24 24
53 24 24
53 24 24
53 24 24
53 24 24
53 24 24
53 24 24
53 24 24
53 24 24
53 24 24
53 24 24
53 24 24
53 24 24
52 24 47
52 24 24
52 24 24
52 24 24
52 24 24
52 24 24
52 24 24
52 24 24
52 24 24
52 24 24
52 24 24
52 24 24
52 24 24
52 24 24
52 24 24
52 25 17
52 25 24
52 25 24
52 25 24
52 25 24
52 25 24
52 25 24
52 25 24
52 25 24
52 25 24
52 25 24
52 25 24
52 25 24
52 25 24
52 26 15
52 26 24
52 26 24
52 26 24
52 26 24
52 26 24
52 26 24
52 26 24
52 26 24
52 26 24
52 26 24
51 26 15
51 26 24
51 26 24
51 26 24
51 26 24
51 26 24
51 26 24
51 26 24
51 26 24
50 26 15
50 26 24
50 26 24
50 26 24
50 26 24
50 26 24
50 26 24
50 26 24
49 26 15
49 26 24
49 26 24
49 26 24
49 26 24
49 26 24
49 27 15
49 27 24
49 27 24
49 27 24
49 27 24
48 27 15
48 27 24
48 27 24
48 27 24
48 27 24
48 28 15
48 28 24
48 28 24
48 28 24
47 28 15
47 28 24
47 28 24
47 28 24
46 28 15
46 28 24
46 28 24
46 28 24
45 28 15
45 28 24
45 28 24
45 28 24
44 28 15
44 28 24
44 28 24
44 28 24
44 28 24
43 28 15
43 28 24
43 28 24
43 28 24
43 28 24
42 28 15
42 28 24
42 28 24
42 28 24
42 28 24
42 28 24
41 28 15
41 28 24
41 28 24
41 28 24
41 28 24
41 28 24
40 28 22
40 28 24
40 28 24
40 28 24
40 28 24
40 28 24
39 28 40
39 28 24
39 28 24
39 28 24
39 28 24
38 28 54
38 28 24
38 28 24
38 28 24
37 28 64
37 28 24
37 28 24
35 28 72
34 28 71
33 28 67
32 28 61
31 28 54
31 28 24
30 28 46
30 28 24
30 28 24
29 28 38
29 28 24
29 28 24
28 28 31
28 28 24
28 28 24
27 28 25
27 28 24
27 28 24
26 28 20
26 28 24
26 28 24
26 27 16
26 27 24
26 27 24
25 27 15
25 27 24
25 27 24
24 27 15
24 27 24
24 27 24
23 27 15
23 27 24
23 27 24
23 26 15
23 26 24
23 26 24
22 26 15
22 26 24
22 26 24
21 26 15
21 26 24
21 26 24
21 25 15
21 25 24
20 25 15
20 25 24
19 25 15
19 25 24
19 24 15
19 24 24
18 24 15
18 24 24
17 24 18
17 24 24
17 23 19
16 23 21
16 22 23
16 21 25
16 20 26
16 19 25
15 18 20
14 18 20
13 18 22
12 18 24
11 18 27
10 18 28
9 18 29
9 18 24
8 18 28
8 18 24
7 18 25
7 18 24
6 18 22
6 18 24
6 18 24
5 18 18
5 18 24
5 18 24
4 18 15
4 18 24
4 18 24
4 18 24
4 19 17
4 19 24
4 19 24
4 20 18
4 20 24
4 20 24
4 21 18
4 21 24
4 22 16
4 22 24
4 23 15
4 23 24
4 24 15
4 24 24
4 25 15
4 25 24
4 26 15
4 27 15
4 28 15
3 28 15
2 28 15
2 29 15
2 30 15
2 31 15
2 32 15
2 33 15
2 34 15
2 35 15
2 36 15
2 37 15
2 38 15
2 39 15
2 40 15
2 40 24
2 41 15
2 41 24
2 42 15
2 42 24
2 43 15
2 43 24
2 44 15
2 44 24
2 44 24
2 45 15
2 45 24
2 45 24
2 45 24
2 46 23
2 46 24
2 46 24
2 46 24
2 46 24
2 47 31
2 47 24
2 47 24
2 47 24
2 47 24
2 47 24
2 48 38
2 48 24
2 48 24
2 48 24
2 48 24
2 48 24
2 49 42
2 49 24
2 49 24
2 49 24
2 49 24
2 49 24
2 50 43
2 50 24
2 50 24
2 50 24
2 50 24
2 50 24
2 51 42
2 51 24
2 51 24
2 51 24
2 51 24
2 52 37
2 52 24
2 52 24
2 52 24
2 52 24
2 53 29
2 53 24
2 53 24
2 53 24
2 53 24
2 54 20
2 54 24
2 54 24
2 54 24
2 55 15
2 55 24
2 55 24
2 55 24
2 56 15
2 56 24
2 56 24
2 57 15
2 57 24
2 57 24
2 58 15
2 58 24
2 58 24
2 59 15
2 59 24
2 59 24
3 59 15
3 59 24
3 59 24
3 59 24
4 59 15
4 59 24
4 59 24
4 59 24
4 59 24
5 59 15
5 59 24
5 59 24
5 59 24
5 59 24
5 59 24
5 59 24
5 60 15
5 60 24
5 60 24
5 60 24
5 60 24
5 60 24
6 60 15
6 60 24
6 60 24
6 60 24
6 60 24
6 60 24
6 60 24
6 61 15
6 61 24
6 61 24
6 61 24
6 61 24
6 61 24
7 61 15
7 61 24
7 61 24
7 61 24
7 61 24
7 61 24
7 61 24
7 62 15
7 62 24
7 62 24
7 62 24
7 62 24
7 62 24
7 62 24
7 63 15
7 63 24
7 63 24
7 63 24
7 63 24
7 63 24
7 63 24
8 63 15
8 63 24
8 63 24
8 63 24
8 63 24
8 63 24
8 63 24
9 63 15
9 63 24
9 63 24
9 63 24
9 63 24
9 63 24
9 63 24
10 63 58
10 63 24
10 63 24
10 63 24
10 63 24
163 67 133
164 67 155
164 66 181
165 66 209
165 65 239
166 65 270
166 64 300
167 64 330
167 63 355
168 63 382
168 62 400
168 61 416
169 61 427
170 61 440
171 60 439
171 60 24
171 60 24
171 60 24
171 59 419
171 59 24
171 59 24
171 59 24
171 59 24
171 59 24
171 59 24
171 58 394
171 58 24
171 58 24
171 58 24
171 58 24
171 58 24
171 58 24
171 58 24
171 57 364
171 57 24
171 57 24
171 57 24
171 57 24
171 57 24
171 57 24
171 57 24
171 56 330
171 56 24
171 56 24
171 56 24
171 56 24
171 56 24
171 55 292
171 55 24
171 55 24
171 54 252
171 53 211
171 52 171
171 51 134
171 50 100
172 49 35
172 49 24
172 48 15
172 48 24
172 48 24
172 47 15
172 47 24
172 47 24
172 46 15
172 46 24
172 46 24
172 45 15
172 45 24
172 45 24
172 44 15
172 44 24
172 44 24
172 43 15
172 43 24
171 43 15
171 43 24
171 42 16
171 42 24
170 42 19
170 42 24
170 41 19
170 41 24
170 40 20
170 39 21
169 38 15
169 37 15
169 36 15
169 35 15
169 34 15
169 33 15
169 32 15
170 32 15
170 31 15
170 30 15
171 30 15
172 30 15
173 30 15
173 29 15
173 28 15
174 28 15
175 28 15
176 28 15
177 28 15
178 28 15
179 28 15
180 28 15
181 28 15
182 28 15
183 28 15
184 28 15
185 28 15
186 28 15
187 28 15
187 27 15
188 27 15
189 26 15
190 26 15
191 26 15
192 26 15
192 25 15
193 25 15
194 25 15
195 25 15
195 24 15
195 23 15
195 22 15
195 21 15
195 20 15
196 20 15
