5 81 22
5 81 12
5 81 12
5 81 12
5 81 12
5 81 12
5 81 12
5 81 12
5 81 12
19 9 22
121 32 22
121 32 12
121 32 12
121 32 12
121 32 12
121 32 12
121 32 12
121 32 12
121 32 12
121 32 12
76 156 22
62 132 22
98 127 22
169 58 22
169 58 12
169 58 12
169 58 12
169 58 12
169 58 12
169 58 12
169 58 12
169 58 12
169 58 12
169 58 12
169 58 12
64 45 22
92 182 22
92 182 12
92 182 12
92 182 12
92 182 12
183 194 22
195 166 22
87 26 22
64 141 22
75 146 22
65 151 22
65 151 12
66 36 22
77 31 22
75 41 22
85 36 22
85 36 12
85 36 12
182 184 22
189 180 22
187 170 22
197 175 22
192 189 22
192 189 12
180 175 22
180 175 12
199 185 22
199 185 12
75 136 22
86 131 22
74 127 22
85 122 22
113 28 22
113 28 12
113 28 12
113 28 12
113 28 12
113 28 12
113 28 12
113 28 12
113 28 12
113 28 12
113 28 12
113 28 12
113 28 12
113 28 12
113 28 12
113 28 12
113 28 12
95 30 22
95 30 12
95 30 12
104 34 22
104 34 12
104 34 12
104 34 12
104 34 12
104 34 12
104 34 12
112 38 22
112 38 12
112 38 12
112 38 12
112 38 12
112 38 12
112 38 12
112 38 12
112 38 12
112 38 12
112 38 12
112 38 12
112 38 12
112 38 12
112 38 12
112 38 12
112 38 12
112 38 12
112 38 12
112 38 12
112 38 12
112 38 12
112 38 12
112 38 12
112 38 12
112 38 12
112 38 12
112 38 12
112 38 12
112 38 12
112 38 12
112 38 12
112 38 12
112 38 12
94 40 22
94 40 12
94 40 12
94 40 12
94 40 12
94 40 12
94 40 12
84 175 22
84 175 12
85 163 22
94 170 22
19 19 22
10 14 22
13 87 22
13 87 12
13 87 12
13 87 12
13 87 12
13 87 12
13 87 12
13 87 12
13 87 12
13 87 12
13 87 12
13 87 12
13 87 12
13 87 12
13 87 12
13 87 12
13 87 12
13 87 12
13 87 12
13 87 12
13 87 12
13 87 12
13 87 12
13 87 12
13 87 12
13 87 12
13 87 12
13 87 12
13 87 12
13 87 12
13 87 12
13 87 12
13 87 12
13 87 12
13 87 12
13 87 12
13 87 12
13 87 12
13 87 12
13 87 12
13 87 12
13 87 12
13 87 12
13 87 12
13 87 12
13 87 12
13 87 12
13 87 12
13 87 12
13 87 12
13 87 12
13 87 12
13 87 12
13 87 12
13 87 12
13 87 12
13 87 12
13 87 12
13 87 12
13 87 12
13 87 12
13 87 12
13 87 12
13 87 12
13 87 12
13 87 12
13 87 12
13 87 12
13 87 12
13 87 12
13 87 12
13 87 12
13 87 12
13 87 12
13 87 12
13 87 12
13 87 12
13 87 12
13 87 12
13 87 12
13 87 12
10 24 22
10 24 12
10 24 12
10 24 12
160 64 22
160 64 12
160 64 12
160 64 12
160 64 12
160 64 12
160 64 12
160 64 12
160 64 12
160 64 12
170 70 22
170 70 12
170 70 12
170 70 12
170 70 12
170 70 12
170 70 12
170 70 12
170 70 12
170 70 12
170 70 12
170 70 12
170 70 12
5 70 22
5 70 12
5 70 12
5 70 12
5 70 12
5 70 12
5 70 12
5 70 12
5 70 12
5 70 12
5 70 12
5 70 12
5 70 12
5 70 12
5 70 12
5 70 12
5 70 12
5 70 12
5 70 12
5 70 12
5 70 12
5 70 12
5 70 12
5 70 12
5 70 12
5 70 12
5 70 12
5 70 12
5 70 12
5 70 12
5 70 12
5 70 12
5 70 12
5 70 12
5 70 12
5 70 12
14 76 22
14 76 12
14 76 12
14 76 12
14 76 12
14 76 12
14 76 12
14 76 12
14 76 12
14 76 12
14 76 12
14 76 12
14 76 12
14 76 12
14 76 12
14 76 12
14 76 12
14 76 12
14 76 12
14 76 12
14 76 12
14 76 12
14 76 12
14 76 12
14 76 12
14 76 12
14 76 12
14 76 12
14 76 12
14 76 12
14 76 12
14 76 12
14 76 12
14 76 12
14 76 12
14 76 12
14 76 12
179 64 22
179 64 12
179 64 12
179 64 12
179 64 12
179 64 12
179 64 12
179 64 12
179 64 12
179 64 12
179 64 12
179 64 12
179 64 12
179 64 12
179 64 12
179 64 12
179 64 12
179 64 12
19 29 22
19 29 12
19 29 12
19 29 12
11 34 22
11 34 12
11 34 12
11 34 12
20 39 22
20 39 12
20 39 12
20 39 12
20 39 12
20 39 12
20 39 12
20 39 12
20 39 12
20 39 12
20 39 12
20 39 12
20 39 12
20 39 12
20 39 12
20 39 12
20 39 12
20 39 12
20 39 12
12 44 22
12 44 12
12 44 12
12 44 12
12 44 12
12 44 12
12 44 12
12 44 12
12 44 12
12 44 12
12 44 12
12 44 12
12 44 12
12 44 12
12 44 12
12 44 12
12 44 12
12 44 12
12 44 12
12 44 12
12 44 12
12 44 12
12 44 12
12 44 12
12 44 12
12 44 12
12 44 12
12 44 12
12 44 12
12 44 12
12 44 12
12 44 12
12 44 12
12 44 12
179 53 22
179 53 12
179 53 12
179 53 12
179 53 12
179 53 12
179 53 12
179 53 12
179 53 12
179 53 12
179 53 12
179 53 12
179 53 12
179 53 12
179 53 12
179 53 12
179 53 12
179 53 12
179 53 12
179 53 12
179 53 12
179 53 12
179 53 12
179 53 12
179 53 12
179 53 12
179 53 12
179 53 12
179 53 12
179 53 12
160 76 22
160 76 12
160 76 12
160 76 12
160 76 12
160 76 12
160 76 12
160 76 12
160 76 12
160 76 12
160 76 12
160 76 12
160 76 12
160 76 12
160 76 12
160 76 12
160 76 12
160 76 12
160 76 12
160 76 12
160 76 12
160 76 12
160 76 12
160 76 12
160 76 12
160 76 12
160 76 12
160 76 12
160 76 12
160 76 12
160 76 12
160 76 12
160 76 12
160 76 12
160 76 12
160 76 12
160 76 12
160 76 12
160 76 12
160 76 12
160 76 12
160 76 12
160 76 12
160 76 12
160 76 12
160 76 12
160 76 12
96 117 22
96 117 12
13 65 22
13 65 12
13 65 12
13 65 12
13 65 12
13 65 12
13 65 12
13 65 12
13 65 12
13 65 12
13 65 12
13 65 12
13 65 12
13 65 12
13 65 12
13 65 12
13 65 12
13 65 12
13 65 12
13 65 12
13 65 12
13 65 12
13 65 12
13 65 12
13 65 12
13 65 12
13 65 12
13 65 12
13 65 12
13 65 12
13 65 12
13 65 12
13 65 12
13 65 12
13 65 12
13 65 12
13 65 12
13 65 12
13 65 12
13 65 12
13 65 12
13 65 12
13 65 12
13 65 12
13 65 12
13 65 12
13 65 12
13 65 12
13 65 12
13 65 12
13 65 12
13 65 12
13 65 12
13 65 12
13 65 12
13 65 12
13 65 12
13 65 12
13 65 12
13 65 12
13 65 12
13 65 12
13 65 12
13 65 12
13 65 12
13 65 12
13 65 12
13 65 12
13 65 12
13 65 12
13 65 12
13 65 12
13 65 12
13 65 12
13 65 12
13 65 12
13 65 12
13 65 12
13 65 12
13 65 12
13 65 12
13 65 12
13 65 12
13 65 12
13 65 12
13 65 12
13 65 12
13 65 12
13 65 12
13 65 12
13 65 12
13 65 12
13 65 12
13 65 12
13 65 12
9 3 22
86 152 22
86 141 22
97 137 22
97 147 22
96 158 22
189 59 22
189 59 12
189 59 12
189 59 12
189 59 12
189 59 12
189 59 12
189 59 12
189 59 12
189 59 12
189 59 12
189 59 12
189 59 12
189 59 12
189 59 12
189 59 12
189 59 12
189 59 12
189 59 12
189 59 12
189 59 12
189 59 12
189 59 12
189 59 12
189 48 22
189 48 12
189 48 12
189 48 12
189 48 12
189 48 12
189 48 12
189 48 12
189 48 12
189 48 12
189 48 12
189 48 12
189 48 12
189 48 12
189 48 12
189 48 12
189 48 12
189 48 12
189 48 12
189 48 12
189 48 12
189 48 12
189 48 12
189 48 12
189 48 12
189 48 12
189 48 12
189 48 12
189 48 12
189 48 12
189 48 12
189 48 12
189 48 12
189 48 12
189 48 12
189 48 12
2 29 22
2 29 12
2 29 12
2 29 12
2 29 12
3 39 22
3 39 12
3 39 12
3 39 12
3 39 12
3 39 12
3 39 12
3 39 12
3 39 12
3 39 12
3 39 12
3 39 12
3 39 12
3 39 12
3 39 12
3 39 12
3 39 12
3 39 12
3 39 12
3 39 12
3 39 12
1 19 22
0 8 22
28 25 22
29 15 22
28 34 22
28 34 12
172 179 22
172 179 12
172 179 12
172 179 12
173 189 22
173 189 12
173 189 12
173 189 12
63 122 22
74 117 22
84 111 22
84 111 12
84 111 12
29 4 22
199 54 22
199 54 12
199 54 12
199 54 12
199 54 12
199 54 12
199 54 12
199 54 12
199 54 12
199 54 12
199 54 12
199 54 12
199 54 12
199 54 12
199 54 12
199 54 12
199 54 12
199 54 12
199 54 12
199 54 12
199 54 12
199 54 12
199 54 12
199 54 12
199 54 12
199 54 12
199 54 12
199 54 12
199 54 12
199 54 12
199 54 12
199 54 12
199 54 12
199 54 12
199 54 12
199 54 12
199 54 12
199 54 12
199 54 12
199 54 12
199 54 12
199 54 12
199 54 12
199 54 12
199 54 12
199 54 12
199 54 12
199 54 12
199 54 12
199 54 12
199 54 12
21 81 22
21 81 12
21 81 12
21 81 12
21 81 12
21 81 12
21 81 12
21 81 12
21 81 12
21 81 12
21 81 12
21 81 12
21 81 12
21 81 12
21 81 12
21 81 12
21 81 12
21 81 12
21 81 12
21 81 12
21 81 12
21 81 12
21 81 12
21 81 12
21 81 12
21 81 12
21 81 12
21 81 12
21 81 12
21 81 12
21 81 12
21 81 12
21 81 12
21 81 12
21 81 12
21 81 12
21 81 12
21 81 12
21 81 12
21 81 12
21 81 12
21 81 12
21 81 12
21 81 12
21 81 12
21 81 12
21 81 12
21 81 12
21 81 12
21 81 12
21 81 12
21 81 12
21 81 12
21 81 12
21 81 12
21 81 12
21 81 12
21 81 12
21 81 12
21 81 12
21 81 12
21 81 12
21 81 12
21 81 12
21 81 12
21 81 12
21 81 12
21 81 12
21 81 12
21 81 12
21 81 12
21 81 12
21 81 12
21 81 12
21 81 12
21 81 12
21 81 12
21 81 12
21 81 12
21 81 12
21 81 12
21 81 12
21 81 12
21 81 12
21 81 12
21 81 12
21 81 12
21 81 12
21 81 12
21 81 12
78 21 22
67 26 22
69 16 22
38 10 22
38 20 22
38 30 22
47 25 22
58 21 22
48 15 22
57 31 22
56 40 22
56 40 12
47 35 22
47 35 12
37 39 22
37 39 12
37 39 12
37 39 12
13 54 281
13 54 12
13 54 12
13 54 12
13 54 12
13 54 12
13 54 12
13 54 12
13 54 12
13 54 12
13 54 12
13 54 12
13 54 12
13 54 12
13 54 12
13 54 12
13 54 12
13 54 12
13 54 12
13 54 12
13 54 12
13 54 12
13 54 12
13 54 12
13 54 12
13 54 12
13 54 12
13 54 12
13 54 12
13 54 12
13 54 12
13 54 12
13 54 12
13 54 12
13 54 12
13 54 12
13 54 12
13 54 12
13 54 12
13 54 12
13 54 12
13 54 12
13 54 12
13 54 12
13 54 12
13 54 12
13 54 12
13 54 12
13 54 12
13 54 12
13 54 12
13 54 12
13 54 12
13 54 12
13 54 12
13 54 12
13 54 12
13 54 12
13 54 12
13 54 12
13 54 12
13 54 12
159 52 22
159 52 12
159 52 12
159 52 12
159 52 12
159 52 12
159 52 12
159 52 12
159 52 12
169 47 22
169 47 12
169 47 12
169 47 12
169 47 12
169 47 12
169 47 12
169 47 12
169 47 12
169 47 12
159 41 22
168 36 22
168 36 12
168 36 12
168 36 12
179 42 22
179 42 12
179 42 12
179 42 12
179 42 12
179 42 12
179 42 12
179 42 12
179 42 12
179 42 12
178 31 22
178 31 12
178 31 12
178 31 12
178 31 12
178 31 12
178 31 12
178 31 12
178 31 12
178 31 12
178 31 12
178 31 12
178 31 12
178 31 12
178 31 12
178 31 12
178 31 12
178 31 12
178 31 12
189 37 22
189 37 12
189 37 12
189 37 12
189 37 12
189 37 12
189 37 12
189 37 12
189 37 12
189 37 12
189 37 12
189 37 12
189 37 12
189 37 12
189 37 12
189 37 12
189 37 12
189 37 12
189 37 12
189 37 12
189 37 12
189 37 12
189 37 12
189 37 12
189 37 12
189 37 12
189 37 12
189 37 12
189 37 12
189 37 12
189 37 12
189 37 12
189 37 12
189 37 12
189 37 12
189 37 12
189 37 12
189 37 12
189 37 12
189 37 12
189 37 12
189 37 12
189 37 12
189 37 12
189 37 12
189 37 12
189 37 12
189 37 12
189 37 12
189 37 12
189 37 12
189 37 12
189 37 12
189 37 12
189 37 12
189 37 12
189 37 12
189 37 12
189 37 12
189 37 12
189 37 12
189 37 12
189 37 12
189 37 12
189 37 12
189 37 12
189 37 12
189 37 12
189 37 12
189 37 12
189 37 12
189 37 12
189 37 12
189 37 12
189 37 12
189 37 12
189 37 12
189 37 12
189 37 12
189 37 12
189 37 12
189 37 12
189 37 12
189 37 12
149 46 22
149 46 12
150 58 22
150 58 12
150 58 12
150 58 12
150 58 12
150 58 12
150 58 12
140 52 22
140 52 12
140 52 12
140 52 12
139 41 22
139 41 12
139 41 12
139 41 12
130 36 22
130 36 12
130 36 12
130 36 12
74 168 22
74 168 12
74 168 12
65 162 22
65 162 12
65 162 12
65 162 12
65 162 12
95 106 22
95 106 12
95 106 12
95 106 12
95 106 12
95 106 12
95 106 12
95 106 12
95 106 12
95 106 12
95 106 12
95 106 12
95 106 12
95 106 12
95 106 12
95 106 12
95 106 12
103 176 22
105 165 22
107 153 22
108 143 22
108 132 22
108 132 12
108 122 22
108 122 12
108 122 12
108 122 12
108 122 12
108 122 12
108 122 12
108 122 12
108 122 12
108 122 12
108 122 12
108 122 12
108 122 12
108 122 12
108 122 12
108 122 12
108 122 12
108 122 12
108 122 12
108 122 12
108 122 12
108 122 12
107 111 22
107 111 12
107 111 12
107 111 12
107 111 12
107 111 12
107 111 12
107 111 12
107 111 12
107 111 12
107 111 12
107 111 12
107 111 12
107 111 12
107 111 12
107 111 12
107 111 12
107 111 12
107 111 12
107 111 12
107 111 12
107 111 12
107 111 12
107 111 12
107 111 12
107 111 12
107 111 12
107 111 12
107 111 12
107 111 12
107 111 12
107 111 12
107 111 12
107 111 12
107 111 12
107 111 12
107 111 12
107 111 12
107 111 12
107 111 12
107 111 12
107 111 12
107 111 12
107 111 12
107 111 12
107 111 12
107 111 12
107 111 12
107 111 12
107 111 12
107 111 12
107 111 12
107 111 12
107 111 12
107 111 12
107 111 12
107 111 12
107 111 12
107 111 12
107 111 12
107 111 12
107 111 12
107 111 12
107 111 12
107 111 12
107 111 12
107 111 12
107 111 12
107 111 12
107 111 12
107 111 12
114 171 22
116 160 22
117 149 22
117 149 12
118 138 22
118 138 12
118 138 12
118 138 12
118 138 12
118 127 22
118 127 12
118 127 12
118 127 12
118 127 12
118 127 12
118 127 12
118 127 12
118 127 12
118 127 12
118 127 12
118 127 12
118 127 12
118 127 12
118 127 12
118 127 12
124 166 22
126 155 22
126 155 12
127 144 22
127 144 12
127 144 12
127 144 12
127 144 12
127 144 12
127 133 22
127 133 12
127 133 12
127 133 12
127 133 12
127 133 12
127 133 12
127 133 12
127 133 12
127 133 12
134 160 22
134 160 12
134 160 12
134 160 12
134 160 12
134 160 12
134 160 12
134 160 12
135 150 22
135 150 12
135 150 12
135 150 12
135 150 12
135 150 12
135 150 12
135 150 12
135 150 12
135 150 12
135 150 12
135 150 12
135 150 12
136 139 22
136 139 12
136 139 12
136 139 12
136 139 12
136 139 12
136 139 12
136 139 12
136 139 12
136 139 12
136 139 12
136 139 12
136 139 12
136 139 12
136 139 12
136 139 12
136 139 12
136 139 12
136 139 12
136 139 12
136 139 12
136 139 12
136 139 12
136 139 12
136 139 12
136 139 12
136 139 12
136 139 12
136 139 12
136 139 12
136 139 12
136 139 12
136 139 12
136 139 12
136 139 12
136 139 12
136 139 12
136 139 12
136 139 12
136 139 12
136 139 12
136 139 12
136 139 12
136 139 12
136 139 12
136 139 12
136 139 12
136 139 12
136 139 12
136 139 12
136 139 12
136 139 12
136 139 12
136 139 12
136 139 12
136 139 12
136 139 12
136 139 12
136 139 12
136 139 12
136 139 12
136 139 12
136 139 12
136 139 12
136 139 12
143 155 22
143 155 12
143 155 12
143 155 12
143 155 12
143 155 12
143 155 12
143 155 12
143 155 12
143 155 12
143 155 12
143 155 12
143 155 12
143 155 12
143 155 12
143 155 12
143 155 12
143 155 12
123 177 22
123 177 12
133 171 22
133 171 12
133 171 12
133 171 12
133 171 12
133 171 12
143 166 22
143 166 12
143 166 12
143 166 12
143 166 12
143 166 12
143 166 12
143 166 12
143 166 12
143 166 12
143 166 12
143 166 12
143 166 12
143 166 12
143 166 12
143 166 12
112 183 22
112 183 12
102 188 22
102 188 12
102 188 12
102 188 12
102 188 12
102 188 12
102 188 12
102 188 12
102 188 12
102 188 12
102 188 12
102 188 12
102 188 12
102 188 12
127 122 22
127 122 12
127 122 12
127 122 12
127 122 12
127 122 12
127 122 12
127 122 12
127 122 12
127 122 12
127 122 12
127 122 12
127 122 12
127 122 12
127 122 12
127 122 12
127 122 12
127 122 12
127 122 12
127 122 12
127 122 12
127 122 12
127 122 12
127 122 12
127 122 12
127 122 12
127 122 12
127 122 12
127 122 12
127 122 12
127 122 12
127 122 12
127 122 12
127 122 12
127 122 12
127 122 12
127 122 12
127 122 12
127 122 12
127 122 12
127 122 12
127 122 12
127 122 12
127 122 12
127 122 12
127 122 12
127 122 12
127 122 12
127 122 12
127 122 12
127 122 12
127 122 12
127 122 12
127 122 12
127 122 12
127 122 12
127 122 12
127 122 12
127 122 12
127 122 12
127 122 12
127 122 12
127 122 12
127 122 12
127 122 12
127 122 12
127 122 12
127 122 12
127 122 12
127 122 12
127 122 12
127 122 12
127 122 12
127 122 12
127 122 12
127 122 12
127 122 12
127 122 12
127 122 12
127 122 12
127 122 12
127 122 12
127 122 12
127 122 12
143 176 22
143 176 12
143 176 12
143 176 12
143 176 12
143 176 12
143 176 12
143 176 12
133 182 22
133 182 12
133 182 12
133 182 12
133 182 12
133 182 12
133 182 12
133 182 12
133 182 12
133 182 12
133 182 12
133 182 12
133 182 12
133 182 12
133 182 12
133 182 12
122 188 22
122 188 12
122 188 12
122 188 12
122 188 12
122 188 12
122 188 12
122 188 12
122 188 12
122 188 12
122 188 12
122 188 12
122 188 12
122 188 12
122 188 12
122 188 12
122 188 12
122 188 12
122 188 12
122 188 12
122 188 12
122 188 12
122 188 12
122 188 12
122 188 12
122 188 12
122 188 12
122 188 12
122 188 12
122 188 12
111 194 22
111 194 12
111 194 12
111 194 12
111 194 12
111 194 12
111 194 12
111 194 12
111 194 12
111 194 12
111 194 12
111 194 12
111 194 12
111 194 12
111 194 12
111 194 12
111 194 12
111 194 12
111 194 12
111 194 12
111 194 12
111 194 12
111 194 12
111 194 12
111 194 12
111 194 12
111 194 12
111 194 12
152 170 22
152 170 12
152 170 12
152 170 12
152 170 12
152 170 12
152 170 12
152 170 12
152 170 12
152 170 12
152 170 12
152 170 12
152 170 12
152 170 12
152 170 12
162 175 22
162 175 12
162 175 12
162 175 12
162 175 12
162 175 12
86 26 15
86 26 12
85 26 15
85 26 12
84 26 15
84 25 15
84 25 12
83 25 15
82 25 15
81 25 15
81 24 15
81 24 12
80 24 15
80 24 12
79 24 15
79 24 12
79 23 15
79 23 12
79 22 15
79 22 12
78 22 15
78 22 12
77 21 15
76 21 15
75 21 15
74 21 15
73 21 15
72 21 15
71 21 15
70 21 15
69 21 15
68 21 15
67 21 15
66 21 15
65 21 15
64 21 15
63 21 15
62 21 15
61 21 15
60 21 15
59 21 15
57 21 19
56 21 20
55 21 18
54 21 15
53 21 15
52 21 15
51 21 15
51 20 15
50 20 15
49 20 15
49 19 15
48 19 15
48 18 15
48 17 15
48 16 15
47 15 15
46 15 15
45 15 15
44 15 15
44 14 15
44 13 15
43 13 15
42 13 15
41 13 15
40 13 15
40 12 15
39 12 15
39 11 15
38 11 15
37 10 15
36 10 15
35 10 15
34 10 15
34 9 15
33 9 15
32 9 15
31 9 15
30 9 15
29 9 15
28 9 15
27 9 15
26 9 15
25 9 15
24 9 15
23 9 15
22 9 15
21 9 15
20 9 15
10 13 15
10 12 15
11 12 15
11 11 15
12 11 15
12 10 15
13 10 15
13 9 15
14 9 15
15 9 19
16 9 23
17 9 24
18 9 21
9 14 15
9 14 12
8 14 15
8 14 12
8 15 15
8 15 12
8 16 15
8 16 12
7 16 15
7 16 12
7 17 15
6 17 15
6 18 15
6 19 15
5 19 15
5 20 15
5 20 12
5 21 15
5 21 12
5 22 15
5 22 12
5 23 15
5 23 12
5 24 15
5 24 12
5 24 12
5 25 15
5 25 12
5 25 12
5 25 12
5 26 15
5 26 12
5 26 12
5 26 12
5 26 12
5 27 15
5 27 12
5 27 12
5 27 12
5 27 12
5 27 12
6 27 15
6 27 12
6 27 12
6 27 12
6 27 12
6 27 12
7 27 15
7 27 12
7 27 12
7 27 12
7 27 12
7 27 12
7 27 12
7 28 15
7 28 12
7 28 12
7 28 12
7 28 12
7 28 12
7 28 12
7 28 12
7 29 15
7 29 12
7 29 12
7 29 12
7 29 12
7 29 12
7 29 12
7 29 12
7 29 12
7 30 15
7 30 12
7 30 12
7 30 12
7 30 12
7 30 12
7 30 12
7 30 12
7 30 12
7 31 15
7 31 12
7 31 12
7 31 12
7 31 12
7 31 12
7 31 12
7 31 12
7 31 12
7 32 15
7 32 12
7 32 12
7 32 12
7 32 12
7 32 12
7 32 12
7 32 12
7 33 15
7 33 12
7 33 12
7 33 12
7 33 12
7 33 12
7 33 12
7 34 19
7 34 12
7 34 12
7 34 12
7 34 12
7 34 12
7 34 12
7 35 36
7 35 12
7 35 12
7 35 12
7 35 12
7 35 12
7 36 59
7 36 12
7 36 12
7 36 12
7 37 87
7 37 12
7 37 12
7 38 122
7 38 12
7 38 12
7 39 163
7 39 12
7 40 210
7 41 261
7 42 317
7 43 376
7 44 438
7 45 502
7 46 566
7 47 631
7 48 695
7 49 757
7 50 817
7 51 874
7 52 927
7 53 976
7 54 1020
7 55 1057
7 56 1088
7 57 1111
7 58 1124
7 59 1128
7 60 1120
7 61 1101
7 62 1070
7 63 1026
7 64 970
7 65 903
7 66 825
7 67 740
7 68 647
7 69 552
7 70 455
7 70 12
7 70 12
7 70 12
7 70 12
7 70 12
7 71 360
7 71 12
7 71 12
7 71 12
7 71 12
7 71 12
7 71 12
7 71 12
7 71 12
7 71 12
7 71 12
7 71 12
7 71 12
7 71 12
7 71 12
7 72 270
7 72 12
7 72 12
7 72 12
7 72 12
7 72 12
7 72 12
7 72 12
7 72 12
7 72 12
7 72 12
7 72 12
7 72 12
7 72 12
7 72 12
7 72 12
7 72 12
7 72 12
7 72 12
7 72 12
7 72 12
7 72 12
7 73 189
7 73 12
7 73 12
7 73 12
7 73 12
7 73 12
7 73 12
7 73 12
7 73 12
7 73 12
7 73 12
7 73 12
7 73 12
7 73 12
7 73 12
7 73 12
7 73 12
7 73 12
7 73 12
7 73 12
7 73 12
7 73 12
7 73 12
7 73 12
7 73 12
7 73 12
7 74 120
7 74 12
7 74 12
7 74 12
7 74 12
7 74 12
7 74 12
7 74 12
7 74 12
7 74 12
7 74 12
7 74 12
7 74 12
7 74 12
7 74 12
7 74 12
7 74 12
7 74 12
7 74 12
7 74 12
7 74 12
7 74 12
7 74 12
7 74 12
7 74 12
7 74 12
7 74 12
7 74 12
7 75 64
7 75 12
7 75 12
7 75 12
7 75 12
7 75 12
7 75 12
7 75 12
7 75 12
7 75 12
7 75 12
7 75 12
7 75 12
7 75 12
7 75 12
7 75 12
7 75 12
7 75 12
7 75 12
7 75 12
7 75 12
7 75 12
7 75 12
7 75 12
7 75 12
7 75 12
7 75 12
7 75 12
7 76 25
7 76 12
7 76 12
7 76 12
7 76 12
7 76 12
7 76 12
7 76 12
7 76 12
7 76 12
7 76 12
7 76 12
7 76 12
7 76 12
7 76 12
7 76 12
7 76 12
7 76 12
7 76 12
7 76 12
7 76 12
7 76 12
7 76 12
7 76 12
7 76 12
7 76 12
7 76 12
7 77 15
7 77 12
7 77 12
7 77 12
7 77 12
7 77 12
7 77 12
7 77 12
7 77 12
7 77 12
7 77 12
7 77 12
7 77 12
7 77 12
7 77 12
7 77 12
7 77 12
7 77 12
7 77 12
7 77 12
7 77 12
7 77 12
7 77 12
7 78 15
7 78 12
7 78 12
7 78 12
7 78 12
7 78 12
7 78 12
7 78 12
7 78 12
7 78 12
7 78 12
7 78 12
7 78 12
7 78 12
7 78 12
7 78 12
7 78 12
7 78 12
7 78 12
6 78 15
6 78 12
6 78 12
6 78 12
6 78 12
6 78 12
6 78 12
6 78 12
6 78 12
6 78 12
6 78 12
6 78 12
6 78 12
6 78 12
6 78 12
6 78 12
6 78 12
6 78 12
5 78 15
5 78 12
5 78 12
5 78 12
5 78 12
5 78 12
5 78 12
5 78 12
5 78 12
5 78 12
5 78 12
5 78 12
5 78 12
5 78 12
5 78 12
5 78 12
5 78 12
5 78 12
5 79 21
5 79 12
5 79 12
5 79 12
5 79 12
5 79 12
5 79 12
5 79 12
5 79 12
5 79 12
5 79 12
5 79 12
5 79 12
5 80 58
5 80 12
5 80 12
5 80 12
5 80 12
5 80 12
5 80 12
58 22 15
58 23 15
57 23 15
57 24 17
57 25 20
57 26 23
57 27 25
57 28 26
57 29 24
57 30 21
57 32 15
57 33 15
57 34 15
58 34 15
58 35 15
59 35 15
59 36 15
59 36 12
60 36 15
60 36 12
60 37 15
60 37 12
61 37 15
61 37 12
61 38 15
61 38 12
62 38 15
62 38 12
62 39 15
62 39 12
62 39 12
62 40 15
62 40 12
62 40 12
62 41 15
62 41 12
62 41 12
63 41 15
63 41 12
64 41 15
64 41 12
64 42 15
64 42 12
64 43 15
64 43 12
64 44 15
64 44 12
87 27 15
87 27 12
87 28 15
87 28 12
88 28 15
88 28 12
88 29 15
88 29 12
88 30 15
88 30 12
88 31 15
88 31 12
89 31 15
89 31 12
89 31 12
89 32 15
89 32 12
89 32 12
90 32 15
90 32 12
90 32 12
90 33 15
90 33 12
90 33 12
90 33 12
90 34 15
90 34 12
90 34 12
90 34 12
91 34 15
91 34 12
91 34 12
91 34 12
92 34 15
92 34 12
92 34 12
92 34 12
92 34 12
93 34 15
93 34 12
93 34 12
93 34 12
93 34 12
93 34 12
94 34 15
94 34 12
94 34 12
94 34 12
94 34 12
94 34 12
94 34 12
95 34 15
95 34 12
95 34 12
95 34 12
95 34 12
95 34 12
95 34 12
95 34 12
96 34 15
96 34 12
96 34 12
96 34 12
96 34 12
96 34 12
96 34 12
96 34 12
97 34 15
97 34 12
97 34 12
97 34 12
97 34 12
97 34 12
97 34 12
97 34 12
98 34 15
98 34 12
98 34 12
98 34 12
98 34 12
98 34 12
98 34 12
98 34 12
99 34 15
99 34 12
99 34 12
99 34 12
99 34 12
99 34 12
99 34 12
100 34 15
100 34 12
100 34 12
100 34 12
100 34 12
100 34 12
100 34 12
101 34 33
101 34 12
101 34 12
101 34 12
101 34 12
102 34 52
102 34 12
102 34 12
103 34 71
103 34 12
104 33 89
104 33 12
105 33 101
105 33 12
105 32 110
106 32 116
107 32 121
107 32 12
108 32 123
108 32 12
108 32 12
108 32 12
109 32 125
109 32 12
109 32 12
109 32 12
109 32 12
109 32 12
109 32 12
110 32 125
110 32 12
110 32 12
110 32 12
110 32 12
110 32 12
110 32 12
110 32 12
110 32 12
110 32 12
110 32 12
111 32 124
111 32 12
111 32 12
111 32 12
111 32 12
111 32 12
111 32 12
111 32 12
111 32 12
111 32 12
111 32 12
111 32 12
111 32 12
111 32 12
111 32 12
111 32 12
112 32 123
112 32 12
112 32 12
112 32 12
112 32 12
112 32 12
112 32 12
112 32 12
112 32 12
112 32 12
112 32 12
112 32 12
112 32 12
112 32 12
112 32 12
112 32 12
112 32 12
112 32 12
112 32 12
112 32 12
112 32 12
113 32 122
113 32 12
113 32 12
113 32 12
113 32 12
113 32 12
113 32 12
113 32 12
113 32 12
113 32 12
113 32 12
113 32 12
113 32 12
113 32 12
113 32 12
113 32 12
113 32 12
113 32 12
113 32 12
113 32 12
113 32 12
113 32 12
113 32 12
113 32 12
113 32 12
114 32 121
114 32 12
114 32 12
114 32 12
114 32 12
114 32 12
114 32 12
114 32 12
114 32 12
114 32 12
114 32 12
114 32 12
114 32 12
114 32 12
114 32 12
114 32 12
114 32 12
114 32 12
114 32 12
114 32 12
114 32 12
114 32 12
114 32 12
114 32 12
114 32 12
114 32 12
115 32 120
115 32 12
115 32 12
115 32 12
115 32 12
115 32 12
115 32 12
115 32 12
115 32 12
115 32 12
115 32 12
115 32 12
115 32 12
115 32 12
115 32 12
115 32 12
115 32 12
115 32 12
115 32 12
115 32 12
115 32 12
115 32 12
115 32 12
115 32 12
115 32 12
115 32 12
116 32 120
116 32 12
116 32 12
116 32 12
116 32 12
116 32 12
116 32 12
116 32 12
116 32 12
116 32 12
116 32 12
116 32 12
116 32 12
116 32 12
116 32 12
116 32 12
116 32 12
116 32 12
116 32 12
116 32 12
116 32 12
116 32 12
116 32 12
117 32 120
117 32 12
117 32 12
117 32 12
117 32 12
117 32 12
117 32 12
117 32 12
117 32 12
117 32 12
117 32 12
117 32 12
117 32 12
117 32 12
117 32 12
117 32 12
117 32 12
117 32 12
117 32 12
118 32 120
118 32 12
118 32 12
118 32 12
118 32 12
118 32 12
118 32 12
118 32 12
118 32 12
118 32 12
118 32 12
118 32 12
118 32 12
118 32 12
118 32 12
118 32 12
119 32 121
119 32 12
119 32 12
119 32 12
119 32 12
119 32 12
119 32 12
119 32 12
119 32 12
119 32 12
119 32 12
120 32 122
120 32 12
120 32 12
120 32 12
120 32 12
120 32 12
168 58 138
167 58 131
166 58 127
165 58 126
164 58 127
163 58 129
163 57 144
163 56 155
163 55 163
163 54 166
163 53 163
163 52 154
163 51 139
163 50 119
163 50 12
163 49 96
163 49 12
163 49 12
163 49 12
163 48 70
163 48 12
163 48 12
163 48 12
163 48 12
163 48 12
163 47 43
163 47 12
163 47 12
163 47 12
163 47 12
163 47 12
163 47 12
163 47 12
163 47 12
163 46 18
163 46 12
163 46 12
163 46 12
163 46 12
163 46 12
163 46 12
163 46 12
163 46 12
163 46 12
163 46 12
162 46 15
162 46 12
162 46 12
162 46 12
162 46 12
162 46 12
162 46 12
162 46 12
162 46 12
161 46 15
161 46 12
161 46 12
161 46 12
161 46 12
161 46 12
160 46 15
160 46 12
160 46 12
160 46 12
160 46 12
159 46 15
159 46 12
159 46 12
158 46 15
158 46 12
157 46 15
157 46 12
156 46 15
156 46 12
155 46 15
155 46 12
155 47 16
155 47 12
154 47 17
154 47 12
153 47 19
152 47 19
151 47 18
151 47 12
150 47 15
150 47 12
149 47 15
149 47 12
148 47 15
148 47 12
148 47 12
147 47 15
147 47 12
147 47 12
147 47 12
146 47 15
146 47 12
146 47 12
146 47 12
146 46 15
146 46 12
146 46 12
146 46 12
145 46 15
145 46 12
145 46 12
145 46 12
144 46 15
144 46 12
144 46 12
144 46 12
143 46 15
143 46 12
143 46 12
143 46 12
143 45 15
143 45 12
143 45 12
143 45 12
142 45 15
142 45 12
142 45 12
142 45 12
141 45 15
141 45 12
141 45 12
141 45 12
141 44 15
141 44 12
141 44 12
141 44 12
140 44 15
140 44 12
140 44 12
140 44 12
139 44 15
139 44 12
139 44 12
139 44 12
139 44 12
139 43 15
139 43 12
139 43 12
139 43 12
139 43 12
138 43 15
138 43 12
138 43 12
138 43 12
138 43 12
138 43 12
138 43 12
137 43 15
137 43 12
137 43 12
137 43 12
137 43 12
137 43 12
137 43 12
137 43 12
137 43 12
137 43 12
137 42 15
137 42 12
137 42 12
137 42 12
137 42 12
137 42 12
137 42 12
137 42 12
137 42 12
136 42 15
136 42 12
136 42 12
136 42 12
136 42 12
136 42 12
136 42 12
136 42 12
136 42 12
136 42 12
136 42 12
136 42 12
136 41 15
136 41 12
136 41 12
136 41 12
136 41 12
136 41 12
136 41 12
136 41 12
136 41 12
136 41 12
136 41 12
135 41 15
135 41 12
135 41 12
135 41 12
135 41 12
135 41 12
135 41 12
135 41 12
135 41 12
135 41 12
135 41 12
135 41 12
135 41 12
134 41 15
134 41 12
134 41 12
134 41 12
134 41 12
134 41 12
134 41 12
134 41 12
134 41 12
134 41 12
134 41 12
134 41 12
134 41 12
134 40 15
134 40 12
134 40 12
134 40 12
134 40 12
134 40 12
134 40 12
134 40 12
134 40 12
134 40 12
134 40 12
133 40 15
133 40 12
133 40 12
133 40 12
133 40 12
133 40 12
133 40 12
133 40 12
133 40 12
133 40 12
133 40 12
133 39 15
133 39 12
133 39 12
133 39 12
133 39 12
133 39 12
133 39 12
133 39 12
133 39 12
132 39 18
132 39 12
132 39 12
132 39 12
132 39 12
132 39 12
132 39 12
132 39 12
132 38 24
132 38 12
132 38 12
132 38 12
132 38 12
132 38 12
131 38 26
131 38 12
131 38 12
131 38 12
131 38 12
131 38 12
130 38 36
130 38 12
130 38 12
130 38 12
130 37 38
130 37 12
130 37 12
129 36 53
128 36 59
127 36 70
127 35 75
126 35 82
125 35 93
125 34 96
124 34 102
123 34 109
123 33 114
122 33 115
121 33 118
121 33 12
194 166 15
194 166 12
193 166 15
193 166 12
193 167 15
193 167 12
193 168 15
193 168 12
193 169 15
193 169 12
192 169 15
192 169 12
191 169 15
191 169 12
190 169 15
190 169 12
190 170 15
190 170 12
190 171 15
190 171 12
190 172 15
190 172 12
190 173 15
190 173 12
190 174 15
190 174 12
190 175 15
190 176 15
190 177 15
190 178 15
190 179 15
190 180 15
190 181 15
190 182 15
190 183 15
190 184 15
190 185 15
190 186 15
189 186 15
188 186 15
187 186 15
186 186 15
185 186 15
184 186 15
183 186 15
183 186 12
182 186 15
182 186 12
182 185 15
182 185 12
162 176 76
162 176 12
163 176 76
163 176 12
163 176 12
164 176 77
164 176 12
164 176 12
165 176 79
165 176 12
165 177 81
165 177 12
165 177 12
166 177 80
166 177 12
167 177 79
168 177 77
169 177 75
170 177 71
171 177 66
172 177 60
172 178 54
173 179 44
173 179 12
174 179 36
174 179 12
175 179 30
175 179 12
176 179 25
176 179 12
176 180 23
176 180 12
176 180 12
176 181 21
176 181 12
176 181 12
176 182 17
176 182 12
176 182 12
176 182 12
176 183 15
176 183 12
176 183 12
176 183 12
176 183 12
177 183 15
177 183 12
177 183 12
177 183 12
178 183 15
178 183 12
178 183 12
178 184 15
178 184 12
178 184 12
179 184 15
179 184 12
179 184 12
180 184 15
180 184 12
181 184 15
181 184 12
161 175 75
161 175 12
160 175 76
159 175 78
158 175 82
157 175 87
156 175 93
155 175 100
155 175 12
154 175 106
154 175 12
154 175 12
153 175 112
153 175 12
153 175 12
153 175 12
153 175 12
152 175 117
152 175 12
152 175 12
152 175 12
152 175 12
152 175 12
152 175 12
151 175 120
151 175 12
151 175 12
151 175 12
151 175 12
151 175 12
151 175 12
151 175 12
151 175 12
151 175 12
150 175 122
150 175 12
150 175 12
150 175 12
150 175 12
150 175 12
150 175 12
150 175 12
150 175 12
150 175 12
150 175 12
150 175 12
150 175 12
149 175 121
149 175 12
149 175 12
149 175 12
149 175 12
149 175 12
149 175 12
149 175 12
149 175 12
149 175 12
149 175 12
149 175 12
149 175 12
149 175 12
148 175 119
148 175 12
148 175 12
148 175 12
148 175 12
148 175 12
148 175 12
148 175 12
148 175 12
148 175 12
148 175 12
148 175 12
148 175 12
148 175 12
147 175 115
147 175 12
147 175 12
147 175 12
147 175 12
147 175 12
147 175 12
147 175 12
147 175 12
147 175 12
147 175 12
147 175 12
146 175 110
146 175 12
146 175 12
146 175 12
146 175 12
146 175 12
146 175 12
146 175 12
146 175 12
146 175 12
145 175 103
145 175 12
145 175 12
145 175 12
145 175 12
145 175 12
145 175 12
144 175 96
144 175 12
144 175 12
144 175 12
144 175 12
143 175 89
143 175 12
143 175 12
143 175 12
142 175 81
142 175 12
142 175 12
141 175 73
141 175 12
140 175 66
140 175 12
139 175 58
139 175 12
139 175 12
138 175 52
138 175 12
138 175 12
137 175 45
137 175 12
137 175 12
137 175 12
136 175 39
136 175 12
136 175 12
136 175 12
136 175 12
135 175 32
135 175 12
135 175 12
135 175 12
135 175 12
135 175 12
135 175 12
134 175 26
134 175 12
134 175 12
134 175 12
134 175 12
134 175 12
134 175 12
133 175 20
133 175 12
133 175 12
133 175 12
133 175 12
133 175 12
133 175 12
133 175 12
132 175 15
132 175 12
132 175 12
132 175 12
132 175 12
132 175 12
132 175 12
131 175 15
131 175 12
131 175 12
131 175 12
131 175 12
131 175 12
130 175 15
130 175 12
130 175 12
130 175 12
130 175 12
130 174 15
130 174 12
130 174 12
130 174 12
129 174 15
129 174 12
129 174 12
129 174 12
128 174 15
128 174 12
128 174 12
127 174 15
127 174 12
127 173 15
127 173 12
127 172 15
127 172 12
126 172 15
126 172 12
126 171 15
126 171 12
126 170 15
126 170 12
125 170 15
125 170 12
125 169 15
125 169 12
124 169 15
124 169 12
124 168 15
124 168 12
124 167 15
124 167 12
123 167 15
123 167 12
122 167 15
122 167 12
121 167 15
121 167 12
120 167 15
120 167 12
119 167 15
119 167 12
118 167 15
118 167 12
117 167 15
117 167 12
116 167 15
116 167 12
115 167 15
115 167 12
114 167 15
114 167 12
113 167 15
113 167 12
112 167 15
112 167 12
111 167 15
111 167 12
110 167 15
110 167 12
109 167 15
109 167 12
108 167 15
107 167 15
106 167 15
105 167 15
104 167 16
104 168 17
103 168 18
103 169 20
102 169 21
102 170 22
102 171 22
101 171 22
100 171 21
99 171 20
98 171 19
97 171 17
96 171 15
96 171 12
95 171 15
95 171 12
94 171 15
94 171 12
93 170 15
93 170 12
92 170 15
92 170 12
91 170 15
91 170 12
91 170 12
90 170 15
90 170 12
90 170 12
89 170 15
89 170 12
89 170 12
88 170 15
88 170 12
88 169 15
88 169 12
87 169 15
87 169 12
86 169 15
86 169 12
85 169 15
85 169 12
85 168 15
85 168 12
85 167 15
85 167 12
85 166 15
85 166 12
85 165 15
85 165 12
85 164 15
85 164 12
84 163 15
84 163 12
83 163 15
83 163 12
82 163 15
81 163 15
81 162 15
80 162 15
79 162 15
79 161 15
79 160 15
78 160 15
77 160 15
77 160 12
77 159 15
76 159 15
76 159 12
76 158 15
76 158 12
76 157 15
76 157 12
75 137 15
75 138 15
75 139 15
75 140 15
75 141 15
75 142 15
75 143 15
75 144 15
75 145 15
74 146 15
74 146 12
73 146 15
73 147 15
73 147 12
73 148 15
73 148 12
73 149 15
73 149 12
73 150 15
73 150 12
73 151 15
73 151 12
73 152 15
73 152 12
73 153 15
73 153 12
73 154 15
73 154 12
74 154 15
74 154 12
74 155 15
74 155 12
74 156 15
74 156 12
75 156 15
75 156 12
76 138 15
77 138 20
78 138 24
79 138 25
80 138 24
81 138 21
82 138 18
83 138 15
84 138 15
85 138 15
85 137 15
86 137 15
86 136 15
86 135 15
86 134 15
86 133 15
86 132 15
87 131 15
88 131 15
88 130 15
89 130 15
90 130 15
91 130 15
92 130 15
93 130 15
94 130 15
95 130 15
96 130 15
97 130 15
98 130 15
98 129 15
98 128 15
74 136 15
73 136 15
72 136 15
71 136 15
70 136 15
69 136 15
68 136 15
67 136 15
66 136 15
66 135 15
65 135 15
65 134 15
65 133 15
64 133 15
64 132 15
63 132 15
94 172 15
94 172 12
93 172 15
93 172 12
93 173 15
93 173 12
93 174 15
93 174 12
93 175 15
93 175 12
92 175 15
92 175 12
92 176 15
92 176 12
92 177 15
92 177 12
92 178 15
92 178 12
92 179 15
92 179 12
92 179 12
92 180 15
92 180 12
92 180 12
92 180 12
92 181 24
92 181 12
92 181 12
92 181 12
182 187 15
182 187 12
182 188 15
182 188 12
182 189 15
183 189 15
183 190 15
183 191 15
183 192 15
183 193 15
