86 142 202
188 165 202
113 92 202
4 151 202
76 71 202
75 188 202
40 40 202
86 152 202
77 147 202
77 137 202
84 183 202
75 177 202
85 172 202
85 162 202
76 167 202
76 157 202
104 87 202
104 98 202
85 76 202
94 81 202
94 92 202
85 87 202
76 82 202
49 45 202
40 51 202
13 156 202
4 162 202
179 170 202
179 159 202
49 56 202
13 167 202
188 176 202
58 50 202
58 61 202
67 66 202
179 181 202
22 161 202
22 171 202
22 171 192
22 171 192
22 171 192
188 187 202
179 192 202
179 192 192
67 55 202
188 153 202
13 145 202
23 150 202
23 150 192
4 140 202
4 140 192
4 140 192
188 197 202
188 197 192
188 197 192
188 197 192
188 197 192
188 197 192
31 155 202
31 155 192
31 155 192
179 147 202
179 147 192
179 147 192
179 147 192
31 165 202
31 165 192
31 165 192
31 165 192
86 131 202
77 126 202
67 77 202
3 173 202
12 177 202
12 177 192
86 120 202
77 115 202
86 109 202
95 104 202
198 159 202
198 170 202
198 181 202
198 148 202
3 183 202
3 183 192
188 142 202
169 164 202
169 164 192
169 175 202
169 186 202
23 140 202
23 140 192
13 134 202
13 134 192
13 134 192
32 144 202
32 134 202
32 134 192
41 139 202
41 149 202
41 149 192
160 180 202
160 180 192
160 169 202
160 169 192
160 169 192
160 169 192
160 169 192
198 136 202
198 136 192
198 136 192
198 136 192
50 143 202
58 148 202
67 152 202
160 191 202
169 196 202
169 196 192
160 199 202
151 195 202
151 184 202
151 184 192
141 189 202
141 199 202
132 193 202
132 182 202
141 178 202
151 174 202
151 174 192
151 174 192
132 171 202
141 167 202
141 167 192
141 167 192
141 167 192
141 167 192
123 176 202
122 186 202
122 197 202
113 191 202
113 180 202
103 184 202
94 178 202
40 41 94
40 42 45
40 43 15
41 43 15
42 43 15
43 43 15
44 43 15
44 44 15
44 45 15
44 46 15
44 47 15
45 47 15
45 48 15
45 49 15
45 50 15
45 51 15
45 52 15
46 52 15
47 52 15
48 52 15
48 53 15
49 53 15
50 53 15
51 53 15
51 54 15
52 54 15
53 54 15
53 55 15
54 55 15
55 55 15
55 56 15
56 56 15
57 56 15
58 56 15
59 56 15
59 57 15
59 58 15
59 59 15
60 59 15
61 59 15
61 60 15
62 60 15
63 60 15
64 60 15
65 60 23
65 61 36
65 62 53
66 62 66
66 63 77
66 64 88
67 64 97
67 65 100
67 67 98
67 68 94
68 68 85
68 69 74
68 70 62
69 70 49
69 71 33
69 72 21
70 72 15
71 72 15
72 72 15
72 73 15
73 73 15
74 73 15
75 73 15
76 73 34
76 72 76
94 91 88
94 90 76
94 89 64
94 88 54
94 87 46
93 87 41
93 86 33
92 86 26
92 85 19
91 85 15
91 84 15
91 83 15
90 83 15
90 82 15
89 82 15
89 81 15
88 81 15
88 80 15
87 80 15
86 80 15
86 79 15
85 79 15
84 79 15
84 78 15
83 78 15
82 78 15
81 78 15
81 77 15
80 77 15
79 77 15
78 77 15
77 77 15
76 77 15
76 76 15
76 75 15
76 74 15
95 92 85
95 93 92
95 94 97
95 95 101
95 96 104
95 97 105
95 98 106
95 99 107
95 100 109
95 101 113
95 102 121
95 103 132
94 104 136
93 104 130
92 104 130
92 105 133
91 105 133
91 106 134
90 106 134
90 107 133
89 107 132
89 108 128
88 108 125
88 109 118
87 109 114
86 110 97
86 111 83
86 112 74
85 112 60
85 113 48
84 113 35
84 114 21
84 114 192
83 114 15
83 114 192
83 115 15
83 115 192
83 116 15
83 116 192
83 117 15
83 117 192
83 118 15
83 118 192
83 119 15
83 119 192
83 120 15
83 120 192
83 121 15
83 121 192
83 122 15
83 122 192
83 123 15
83 123 192
83 124 15
83 124 192
83 125 15
83 126 15
83 127 15
83 128 15
83 129 15
83 130 15
83 131 15
83 132 15
83 133 15
83 134 15
83 135 15
83 136 15
83 137 15
83 138 15
83 139 19
83 140 23
83 141 28
83 142 34
84 142 52
85 142 82
78 147 81
79 147 66
80 147 54
81 147 47
81 146 45
81 145 42
81 144 38
81 143 34
81 142 29
82 142 26
83 183 79
82 183 51
81 183 27
81 182 15
81 181 15
81 180 15
81 179 15
81 178 15
81 177 15
81 176 23
81 175 31
81 174 39
81 173 45
81 172 51
81 171 55
81 170 57
81 169 58
81 168 58
81 167 57
81 166 55
81 165 53
81 164 50
81 163 48
81 162 46
81 161 44
81 160 43
81 159 42
81 158 42
81 157 42
81 156 43
81 155 44
81 154 45
81 153 47
81 152 48
81 151 49
81 150 49
81 149 49
81 148 49
131 193 112
130 193 112
129 193 110
128 193 105
127 193 98
126 193 90
125 193 80
124 193 71
123 193 63
122 193 57
121 193 53
121 192 47
120 192 44
120 191 40
119 191 38
119 190 35
118 190 32
118 189 30
117 189 28
117 188 26
116 188 25
116 187 23
115 187 22
115 186 22
114 186 22
114 185 24
113 185 25
112 185 28
112 184 32
111 184 35
110 184 40
110 183 47
109 183 52
108 183 58
107 183 65
107 182 73
106 182 78
105 182 84
104 182 90
103 182 98
103 181 103
102 181 106
101 181 111
100 181 117
100 180 122
99 180 124
98 180 127
97 180 130
96 180 134
95 180 137
94 180 140
93 180 143
92 180 143
91 180 141
90 180 137
89 180 130
88 180 120
87 180 107
86 180 91
85 180 73
84 180 53
84 181 65
84 182 82
133 193 104
134 193 97
135 193 89
136 193 81
137 193 74
138 193 68
138 194 62
138 194 192
139 194 58
139 194 192
140 194 56
140 194 192
140 195 56
140 195 192
141 195 56
141 195 192
142 195 58
143 195 63
144 195 70
145 195 77
146 195 85
147 195 93
148 195 100
149 195 104
150 195 107
150 195 192
152 195 104
152 195 192
153 195 100
153 195 192
154 195 93
154 195 192
155 195 86
155 195 192
156 195 79
156 195 192
157 195 72
157 195 192
158 195 68
158 195 192
159 195 66
159 195 192
160 195 67
160 195 192
160 194 69
160 194 192
160 193 79
160 193 192
160 192 93
160 192 192
161 191 105
161 191 192
162 191 102
162 191 192
163 191 101
163 191 192
164 191 103
164 191 192
165 191 108
165 191 192
165 190 112
165 190 192
166 190 115
166 190 192
166 189 117
166 189 192
167 189 118
167 189 192
167 188 118
167 188 192
168 188 117
168 187 116
169 187 113
170 186 106
170 185 103
171 185 99
172 185 96
172 184 93
173 184 91
173 184 192
174 184 90
174 184 192
175 184 90
175 184 192
176 184 90
176 184 192
177 184 90
177 184 192
178 184 89
178 184 192
179 184 88
179 184 192
180 184 86
180 184 192
181 184 82
181 184 192
182 184 77
182 184 192
183 184 71
183 184 192
184 184 64
184 184 192
185 184 56
185 184 192
186 184 49
186 184 192
187 184 42
187 184 192
187 183 33
187 183 192
188 183 24
188 183 192
189 183 16
189 183 192
189 182 15
189 182 192
190 182 15
190 182 192
191 182 15
191 182 192
191 181 15
191 181 192
191 180 15
191 180 192
191 179 15
191 179 192
191 178 15
191 178 192
192 178 15
192 178 192
193 178 15
193 178 192
193 177 15
193 177 192
193 176 15
193 176 192
193 175 15
193 174 28
193 173 39
193 172 50
193 171 58
193 170 64
193 169 68
193 168 70
193 167 70
193 166 69
193 165 66
192 165 73
191 165 84
190 165 95
189 165 107
80 183 15
79 183 15
79 184 15
78 184 15
77 184 15
76 184 20
76 185 36
75 185 61
75 186 83
75 187 116
77 148 95
76 148 110
75 148 124
74 148 136
73 148 146
72 148 152
71 148 156
70 148 157
69 148 155
68 148 152
67 148 147
66 148 141
65 148 136
64 148 130
63 148 126
62 148 122
61 148 120
60 148 120
59 148 121
58 147 123
57 147 123
56 147 124
55 147 126
55 146 125
54 146 123
53 146 122
52 146 121
52 145 121
51 145 116
50 145 112
50 144 117
49 143 124
48 143 111
47 143 99
46 143 88
45 143 77
44 143 67
44 143 192
43 143 58
43 143 192
42 143 51
42 143 192
41 143 44
41 143 192
40 143 40
40 143 192
40 143 192
39 143 38
39 143 192
39 143 192
38 143 39
38 143 192
38 143 192
37 143 43
37 143 192
36 143 50
36 143 192
35 143 60
35 143 192
34 143 73
34 143 192
33 143 90
33 143 192
32 143 110
32 143 192
31 144 154
30 144 175
29 144 197
28 144 218
28 144 192
27 144 237
27 144 192
26 144 255
26 144 192
25 144 269
25 144 192
24 144 279
24 144 192
23 144 285
23 144 192
22 144 285
21 144 281
20 144 272
19 144 258
18 144 241
17 144 220
16 144 199
16 144 192
15 144 176
15 144 192
14 144 156
14 144 192
13 144 138
13 144 192
12 145 112
12 145 192
11 145 101
11 145 192
11 146 91
11 146 192
11 147 83
11 147 192
10 147 74
10 147 192
10 148 67
10 148 192
10 149 62
10 149 192
9 149 57
9 149 192
9 150 52
9 150 192
9 151 49
9 151 192
8 151 49
8 151 192
7 151 57
6 151 75
5 151 103
96 92 72
97 92 60
98 92 48
99 92 37
100 92 26
101 92 15
101 92 192
102 92 15
102 92 192
103 92 15
103 92 192
104 92 15
104 92 192
105 92 15
105 92 192
106 92 15
106 92 192
107 92 15
107 92 192
108 92 15
108 92 192
109 92 15
109 92 192
110 92 31
110 92 192
111 92 64
111 92 192
112 92 106
112 92 192
