88 173 202
34 130 202
162 117 202
137 129 202
189 184 202
190 16 202
24 90 202
90 39 202
51 176 202
108 67 202
5 2 202
68 29 202
82 82 202
83 32 202
74 37 202
75 25 202
155 114 202
146 121 202
154 126 202
82 44 202
145 134 202
0 8 202
7 12 202
7 12 192
7 12 192
95 75 202
42 125 202
44 135 202
50 166 202
60 170 202
79 168 202
79 168 192
70 174 202
79 179 202
79 179 192
79 179 192
79 179 192
61 180 202
61 180 192
16 84 202
16 84 192
15 95 202
181 21 202
180 11 202
180 178 202
189 172 202
198 178 202
35 141 202
23 102 202
32 97 202
32 108 202
32 119 202
41 115 202
190 5 202
199 11 202
199 0 202
171 16 202
172 26 202
199 189 202
199 189 192
69 164 202
69 164 192
59 160 202
48 156 202
46 146 202
179 166 202
170 173 202
136 140 202
128 135 202
170 161 202
161 167 202
129 124 202
138 117 202
130 113 202
147 109 202
147 109 192
140 105 202
140 105 192
161 155 202
153 162 202
153 162 192
153 150 202
153 150 192
145 145 202
199 21 202
190 27 202
181 32 202
190 37 202
199 32 202
94 63 202
92 51 202
104 56 202
182 42 202
172 37 202
173 46 202
83 69 202
82 56 202
102 45 202
164 42 202
165 51 202
153 138 202
162 32 202
161 21 202
57 150 202
73 50 202
72 62 202
72 75 202
41 103 202
174 56 202
182 52 202
191 47 202
191 47 192
199 42 202
65 42 202
64 55 202
64 55 192
37 151 202
39 161 202
41 172 202
182 61 202
190 57 202
190 57 192
58 35 202
56 48 202
162 131 202
162 131 192
162 131 192
161 143 202
161 143 192
48 41 202
48 41 192
67 154 202
67 154 192
67 154 192
166 61 202
173 66 202
173 66 192
157 57 202
155 47 202
154 37 202
154 37 192
154 37 192
154 37 192
55 140 202
55 140 192
55 140 192
55 140 192
55 140 192
199 53 202
199 53 192
199 53 192
83 20 202
91 27 202
101 33 202
170 148 202
170 148 192
179 154 202
188 160 202
23 113 202
14 107 202
24 124 202
15 118 202
198 166 202
100 22 202
91 15 202
100 11 202
100 11 192
100 11 192
100 11 192
25 135 202
15 129 202
27 146 202
17 140 202
29 157 202
30 167 202
147 53 202
147 53 192
147 53 192
147 53 192
18 151 202
20 162 202
158 67 202
166 72 202
166 72 192
166 72 192
149 63 202
144 156 202
144 156 192
136 151 202
127 146 202
84 9 202
76 13 202
68 18 202
59 23 202
50 29 202
51 18 202
51 18 192
60 12 202
69 7 202
77 2 202
69 0 202
60 1 202
85 0 202
92 4 202
92 4 192
92 4 192
92 4 192
149 74 202
149 74 192
158 78 202
51 7 202
51 7 192
51 7 192
51 7 192
51 7 192
126 156 202
126 156 192
135 162 202
135 162 192
135 162 192
135 162 192
135 162 192
135 162 192
117 151 202
117 160 202
117 141 202
117 141 192
118 131 202
119 120 202
119 120 192
165 82 202
165 82 192
157 89 202
149 85 202
149 97 202
88 163 202
88 163 192
97 168 202
97 168 192
97 168 192
107 164 202
62 68 202
62 68 192
54 61 202
54 61 192
54 61 192
54 61 192
54 61 192
41 24 202
41 24 192
41 24 192
40 36 202
40 36 192
40 36 192
40 36 192
40 36 192
40 36 192
110 28 202
110 28 192
109 17 202
109 17 192
109 17 192
109 17 192
109 17 192
112 39 202
114 50 202
116 61 202
92 4 192
92 4 192
72 87 202
72 87 192
72 87 192
61 81 202
61 81 192
118 72 202
107 80 202
95 87 202
95 87 192
95 87 192
95 87 192
95 87 192
95 87 192
95 87 192
120 84 202
120 84 192
120 84 192
52 74 202
52 74 192
52 74 192
52 74 192
51 86 202
41 92 202
82 81 103
82 80 64
82 79 36
82 79 192
81 79 24
81 79 192
80 79 18
80 79 192
79 79 18
79 79 192
78 79 24
78 79 192
77 79 35
77 79 192
76 79 50
76 79 192
75 79 69
74 79 91
73 79 115
72 79 140
71 79 164
70 79 188
70 79 192
69 79 209
69 79 192
68 79 229
68 79 192
67 79 245
67 79 192
66 79 259
66 79 192
65 79 270
65 79 192
65 79 192
64 79 278
64 79 192
64 79 192
63 79 283
63 79 192
62 79 287
62 79 192
61 79 289
61 79 192
61 80 295
60 81 296
59 81 287
58 81 278
57 81 271
57 82 263
56 82 251
55 82 243
55 83 228
54 83 218
54 84 205
53 84 193
53 85 182
52 85 170
52 86 162
50 86 146
50 87 135
49 87 132
49 88 124
48 88 121
48 89 117
47 89 115
47 90 113
46 90 110
46 91 110
45 91 107
45 92 107
44 92 103
43 92 105
42 92 112
41 93 104
41 94 92
41 95 85
41 96 82
40 96 77
40 97 74
39 97 70
38 97 71
37 97 75
36 97 83
35 97 93
34 97 103
33 97 112
35 98 83
36 98 74
37 98 68
37 99 63
37 100 60
37 101 60
37 102 60
37 103 61
37 104 62
37 105 63
37 106 64
37 107 64
37 108 63
37 109 62
37 110 61
37 111 59
37 112 57
37 113 56
37 114 54
37 115 53
37 116 52
37 117 51
37 118 51
37 119 51
37 120 51
37 121 52
37 122 52
37 123 53
37 124 53
37 125 53
37 126 53
37 127 52
37 128 52
37 129 52
37 130 52
36 130 68
35 130 88
38 130 40
39 130 37
39 131 35
39 132 34
39 133 34
39 134 34
39 135 36
40 135 37
40 136 38
40 136 192
40 137 40
40 137 192
40 138 42
40 138 192
40 139 45
40 139 192
40 140 48
40 141 51
40 142 55
41 142 57
41 143 60
41 144 63
41 145 67
42 145 70
42 146 72
42 147 76
42 148 81
42 149 87
42 150 94
42 151 103
42 152 111
42 153 120
42 154 128
42 155 135
42 156 140
42 157 143
42 158 143
42 159 140
42 160 134
42 161 125
42 162 113
42 163 100
42 164 86
42 165 73
42 166 62
42 167 54
42 168 50
43 168 48
43 169 48
44 169 46
45 169 46
45 170 46
46 170 45
47 170 47
47 171 48
48 171 50
49 171 54
49 172 56
50 172 59
51 172 63
51 173 68
51 174 83
51 175 106
52 173 71
53 173 73
54 173 75
55 173 76
56 173 76
57 173 74
58 173 71
58 173 192
59 173 67
59 173 192
60 173 63
60 173 192
61 173 59
61 173 192
62 173 55
62 173 192
63 173 54
63 173 192
64 173 56
64 173 192
64 173 192
64 172 57
64 172 192
65 172 62
65 172 192
66 172 70
66 172 192
67 172 83
67 172 192
68 172 99
68 172 192
69 172 120
69 172 192
70 172 142
70 172 192
71 172 166
72 172 190
73 172 212
74 172 231
75 172 245
76 172 254
76 172 192
77 172 255
77 172 192
78 172 251
78 172 192
79 172 240
79 172 192
80 172 223
80 172 192
80 172 192
81 172 203
81 172 192
81 172 192
82 172 182
82 172 192
82 172 192
83 172 161
83 172 192
83 172 192
84 172 143
84 172 192
85 172 130
85 172 192
86 172 125
86 172 192
87 172 128
87 172 192
88 172 143
88 172 192
106 164 207
105 164 244
105 165 280
104 165 313
103 165 346
102 165 375
101 165 399
100 165 417
99 165 426
99 165 192
98 165 426
98 165 192
97 165 418
97 165 192
97 165 192
96 165 403
96 165 192
96 165 192
95 165 381
95 165 192
95 165 192
94 165 354
94 165 192
94 165 192
93 165 325
93 165 192
93 165 192
92 165 296
92 165 192
92 166 265
92 166 192
92 166 192
91 166 234
91 166 192
91 166 192
90 166 207
90 166 192
90 167 178
90 167 192
90 167 192
89 167 155
89 167 192
89 167 192
89 168 133
89 168 192
89 168 192
88 168 116
88 168 192
88 168 192
88 169 103
88 169 192
88 170 103
88 170 192
88 171 116
88 171 192
107 163 144
107 163 192
108 163 112
108 163 192
109 163 89
109 163 192
109 162 64
109 162 192
110 162 45
110 162 192
110 162 192
110 161 29
110 161 192
110 161 192
111 161 15
111 161 192
111 161 192
111 160 15
111 160 192
111 160 192
112 160 15
112 160 192
112 160 192
113 160 15
113 160 192
113 160 192
113 159 15
113 159 192
113 159 192
114 159 15
114 159 192
114 159 192
114 158 15
114 158 192
114 158 192
115 158 15
115 158 192
115 158 192
115 157 15
115 157 192
115 157 192
116 157 15
116 157 192
116 157 192
116 156 15
116 156 192
116 156 192
117 156 16
117 156 192
117 156 192
117 155 22
117 155 192
118 155 26
118 155 192
118 154 31
118 154 192
119 154 35
119 154 192
119 153 41
119 153 192
120 153 42
120 153 192
120 152 49
120 152 192
121 152 49
121 152 192
122 152 55
122 152 192
122 151 56
123 151 60
123 150 62
124 150 64
124 150 192
124 149 68
124 149 192
125 149 69
125 149 192
126 149 71
126 149 192
126 148 73
126 148 192
127 148 73
127 148 192
128 148 74
128 148 192
129 148 73
129 148 192
130 148 72
130 148 192
131 148 70
131 148 192
132 148 66
132 148 192
132 147 61
132 147 192
133 147 54
133 147 192
134 147 47
134 147 192
135 147 40
135 147 192
136 147 34
136 147 192
136 146 36
136 146 192
136 145 44
136 145 192
136 144 56
136 144 192
136 143 71
136 143 192
136 142 86
136 142 192
136 141 101
137 140 110
137 139 121
137 138 129
137 137 135
137 136 139
137 135 142
137 134 142
137 133 142
137 132 140
137 131 139
137 130 136
155 115 87
155 116 64
155 117 46
155 117 192
155 118 35
155 118 192
155 119 31
155 119 192
155 120 33
155 120 192
155 121 40
155 121 192
154 121 45
154 121 192
154 122 53
154 122 192
154 123 64
154 123 192
154 124 77
154 124 192
154 125 90
154 125 192
153 126 95
152 126 92
151 126 91
150 126 92
150 127 93
149 127 94
149 128 94
149 129 94
148 129 94
147 129 96
146 129 98
145 129 101
144 129 105
143 129 109
142 129 113
141 129 118
140 129 122
139 129 126
138 129 130
149 98 168
149 98 192
149 99 192
149 99 192
149 100 216
149 100 192
149 101 239
149 101 192
149 102 259
149 102 192
149 103 276
149 103 192
149 104 290
149 104 192
149 105 300
149 105 192
149 106 304
149 106 192
149 107 304
149 108 300
149 109 290
149 110 277
149 111 261
149 112 243
149 113 222
149 114 202
150 114 189
151 114 175
152 114 158
153 114 142
154 114 128
149 96 123
149 96 192
149 95 103
149 95 192
149 94 87
149 94 192
149 93 74
149 93 192
150 93 64
150 93 192
150 92 51
150 92 192
150 91 43
150 91 192
150 91 192
151 91 34
151 91 192
151 90 25
151 90 192
151 90 192
152 90 21
152 90 192
152 89 15
152 89 192
152 88 15
152 88 192
153 88 15
153 88 192
154 88 15
154 88 192
154 87 15
154 87 192
155 87 15
155 87 192
155 86 15
155 86 192
155 85 15
155 85 192
155 84 15
155 84 192
155 83 15
155 83 192
155 82 27
155 82 192
155 81 44
155 81 192
155 80 62
155 80 192
155 79 81
155 79 192
155 78 99
155 77 115
155 76 127
155 75 135
155 74 138
155 73 137
155 72 131
155 71 121
155 70 109
155 69 95
155 68 81
155 68 192
155 67 68
155 67 192
155 66 57
155 66 192
155 65 48
155 65 192
155 64 43
155 64 192
155 63 42
155 63 192
155 63 192
155 62 44
155 62 192
155 62 192
156 62 48
156 62 192
156 61 50
156 61 192
156 60 54
156 60 192
157 60 57
157 60 192
157 59 60
157 59 192
157 58 63
157 58 192
158 57 66
158 57 192
158 56 66
158 56 192
158 55 65
158 55 192
158 54 64
158 54 192
158 53 62
158 53 192
159 53 59
159 53 192
159 52 55
159 52 192
159 51 52
159 51 192
159 50 51
159 50 192
160 50 49
160 50 192
160 49 48
160 49 192
160 48 50
160 48 192
161 48 52
161 48 192
161 47 54
161 47 192
162 47 60
162 47 192
162 46 63
162 45 69
163 45 74
163 44 80
164 44 86
164 43 91
165 42 100
165 41 104
165 40 108
165 39 112
165 38 115
165 37 116
165 36 114
165 36 192
165 35 111
165 35 192
165 34 104
165 34 192
165 33 95
165 33 192
165 32 83
165 32 192
165 31 69
165 31 192
165 30 54
165 30 192
165 29 38
165 29 192
165 28 23
165 28 192
165 27 15
165 27 192
166 27 15
166 27 192
166 26 15
166 26 192
167 26 15
167 26 192
167 25 15
168 25 15
168 24 15
168 23 15
168 22 15
168 21 15
169 21 19
170 21 28
170 20 35
171 20 42
172 20 49
172 19 54
173 19 57
174 19 61
174 18 63
175 18 63
176 18 64
176 17 65
177 17 63
178 17 64
178 16 64
179 16 64
180 16 65
181 16 69
182 16 73
183 16 79
184 16 84
185 16 90
186 16 94
187 16 96
188 16 97
189 16 95
156 117 37
156 117 192
157 117 35
157 117 192
158 117 40
158 117 192
159 117 54
159 117 192
160 117 78
161 117 112
137 146 31
137 146 192
138 146 29
138 146 192
138 147 27
138 147 192
139 147 27
139 147 192
140 147 30
140 147 192
140 148 34
140 148 192
141 148 40
141 148 192
142 148 49
142 148 192
142 149 58
142 149 192
143 149 69
143 149 192
143 150 83
143 150 192
144 150 95
144 150 192
145 150 111
145 150 192
145 151 125
145 151 192
146 151 139
146 151 192
147 151 156
147 151 192
147 152 167
147 152 192
148 152 180
148 152 192
148 153 192
148 153 192
149 153 200
149 153 192
150 153 208
150 153 192
150 154 213
150 154 192
151 154 215
151 154 192
152 154 216
152 155 213
153 155 208
154 155 202
155 155 196
156 155 188
157 155 179
158 155 169
159 155 160
160 155 151
161 156 122
161 157 104
161 158 87
161 158 192
161 159 73
161 159 192
161 160 63
161 160 192
161 161 56
161 161 192
162 161 50
162 161 192
162 162 47
162 162 192
163 162 43
163 162 192
163 163 42
163 163 192
164 163 41
164 163 192
164 164 43
164 164 192
165 164 43
165 164 192
165 165 46
165 165 192
166 165 47
166 165 192
167 165 51
167 165 192
167 166 53
167 166 192
168 166 56
168 167 58
169 167 61
169 168 63
170 168 64
171 168 67
171 169 67
172 169 69
172 170 70
173 170 70
173 171 72
174 171 72
175 171 74
175 172 75
176 172 77
177 172 80
177 173 81
178 173 84
178 174 87
179 174 89
180 174 92
180 175 95
181 175 97
182 175 98
183 175 99
184 175 99
185 175 97
186 175 94
187 175 88
188 175 81
189 175 72
189 176 65
189 177 58
189 178 53
189 179 51
189 180 53
189 180 192
189 181 60
189 181 192
189 182 74
189 182 192
189 183 96
189 183 192
31 97 126
30 97 128
29 97 127
28 97 123
27 97 114
26 97 103
25 97 89
24 97 74
24 96 68
24 95 65
24 94 66
24 93 71
24 92 81
24 91 98
69 29 124
70 29 117
71 29 111
72 29 106
73 29 103
74 29 102
74 30 102
74 31 103
74 32 104
74 33 105
74 34 107
74 35 109
74 36 111
75 37 109
76 37 105
77 37 102
78 37 100
79 37 98
80 37 98
81 37 98
81 38 98
82 38 98
82 39 97
83 39 98
84 39 99
85 39 102
86 39 106
87 39 112
88 39 118
89 39 127
82 78 17
82 78 192
82 77 15
82 77 192
82 76 15
82 76 192
83 76 15
83 76 192
83 75 17
83 75 192
84 75 23
84 75 192
84 74 28
84 74 192
85 74 32
85 74 192
86 74 38
86 73 42
87 73 45
88 73 49
88 72 51
89 72 53
90 72 55
91 72 58
92 72 62
93 72 66
94 72 70
95 72 74
96 72 78
97 72 81
98 72 83
99 72 83
100 72 82
101 72 78
102 72 72
103 72 64
104 72 53
105 72 41
106 72 27
107 72 15
107 72 192
108 72 15
108 71 18
108 70 38
108 69 58
108 68 78
