199 152 394
101 37 394
86 79 394
28 164 394
160 181 394
29 85 394
191 118 394
142 145 394
8 185 394
166 52 394
166 52 384
166 52 384
166 52 384
5 59 394
116 15 394
18 169 394
18 180 394
8 174 394
28 175 394
0 180 394
113 29 394
104 23 394
104 23 384
199 122 394
199 113 394
199 142 394
199 132 394
191 128 394
190 138 394
190 148 394
94 75 394
95 85 394
87 89 394
20 80 394
12 75 394
13 64 394
4 70 394
169 185 394
160 192 394
151 151 394
142 157 394
133 151 394
151 187 394
21 69 394
30 74 394
160 199 394
151 198 394
151 163 394
151 175 394
104 80 394
102 70 394
112 75 394
111 65 394
120 70 394
0 191 394
160 168 394
8 196 394
18 191 394
28 186 394
190 108 394
199 103 394
120 59 394
111 41 394
111 53 394
0 169 394
8 163 394
18 158 394
189 98 394
189 98 384
189 98 384
189 98 384
170 173 394
161 156 394
170 161 394
180 155 394
9 153 394
0 158 394
37 181 394
38 170 394
47 176 394
101 48 394
101 59 394
48 165 394
38 159 394
28 153 394
18 147 394
189 159 394
179 166 394
93 65 394
92 54 394
9 142 394
9 142 384
9 142 384
28 142 394
28 142 384
28 142 384
28 142 384
84 69 394
83 59 394
57 171 394
57 171 384
179 178 394
170 150 394
180 144 394
92 42 394
120 47 394
27 197 394
37 192 394
47 187 394
57 182 394
57 182 384
82 48 394
161 145 394
171 139 394
181 133 394
122 34 394
124 22 394
124 22 384
181 123 394
171 129 394
162 134 394
152 139 394
48 154 394
48 154 384
48 154 384
48 154 384
47 198 394
57 193 394
57 193 384
181 113 394
171 118 394
162 123 394
0 147 394
0 147 384
83 37 394
93 30 394
152 129 394
76 73 394
77 83 394
77 83 384
74 64 394
73 53 394
73 42 394
142 134 394
133 139 394
189 171 394
198 163 394
66 67 394
65 57 394
64 47 394
67 77 394
141 169 394
132 163 394
56 51 394
56 61 394
57 71 394
48 65 394
48 55 394
39 70 394
48 75 394
39 80 394
39 60 394
30 64 394
58 81 394
58 81 384
38 148 394
38 148 384
38 148 384
38 148 384
22 59 394
14 54 394
31 54 394
57 159 394
57 159 384
57 159 384
57 159 384
57 159 384
66 188 394
66 188 384
67 177 394
67 177 384
67 177 384
67 177 384
66 199 394
66 199 384
66 199 384
66 199 384
141 181 394
132 175 394
141 193 394
141 199 394
132 186 394
132 198 394
39 49 394
48 45 394
56 41 394
64 36 394
170 197 394
179 190 394
188 183 394
198 175 394
18 136 394
18 136 384
18 136 384
23 48 394
31 44 394
39 39 394
47 35 394
179 199 394
188 194 394
56 30 394
198 187 394
0 136 394
0 136 384
9 130 394
9 130 384
0 125 394
0 125 384
9 119 394
9 119 384
9 119 384
18 125 394
18 125 384
18 125 384
18 125 384
0 114 394
0 102 394
9 108 394
10 96 394
11 85 394
123 192 394
123 192 384
123 199 394
123 180 394
123 168 394
123 156 394
124 144 394
171 108 394
171 108 384
161 113 394
161 113 384
152 118 394
143 123 394
133 128 394
124 133 394
115 138 394
114 150 394
114 162 394
113 173 394
113 173 384
105 155 394
105 155 384
105 144 394
105 144 384
180 103 394
180 103 384
115 127 394
124 122 394
133 117 394
142 112 394
151 108 394
151 108 384
151 108 384
106 132 394
133 107 394
124 111 394
115 116 394
106 121 394
19 91 394
115 106 394
106 110 394
124 101 394
124 101 384
106 100 394
105 90 394
116 16 345
116 17 307
116 18 276
116 19 253
116 20 235
116 21 222
116 22 214
116 23 209
116 24 206
116 25 205
116 26 204
116 27 204
116 28 203
116 29 201
116 30 199
116 31 196
116 32 193
116 33 190
116 34 187
116 34 384
116 35 184
116 35 384
116 36 181
116 36 384
116 37 180
116 37 384
116 38 179
116 39 179
116 40 179
116 41 181
115 41 182
114 41 189
113 41 199
112 41 211
111 42 223
111 43 221
111 44 221
111 45 220
111 46 220
111 47 221
111 48 222
111 49 223
111 50 224
111 51 226
111 52 227
111 54 229
111 55 229
111 56 228
111 57 226
111 58 224
111 59 220
111 60 215
111 61 210
111 62 203
111 63 197
111 64 190
111 66 178
111 67 174
111 68 172
111 69 173
111 70 177
111 71 184
110 71 190
109 71 197
109 72 202
108 72 208
108 73 214
107 73 218
106 73 223
106 74 226
105 74 229
105 75 232
104 75 233
104 76 235
104 77 238
104 78 241
104 79 244
123 111 241
122 111 244
121 111 244
120 111 241
119 111 236
118 111 228
117 111 218
116 111 208
115 111 197
115 111 384
114 111 187
114 111 384
113 111 179
113 111 384
112 111 175
112 111 384
111 111 176
111 111 384
111 110 176
111 110 384
111 109 178
111 109 384
111 108 182
111 108 384
110 108 186
110 108 384
110 107 191
110 107 384
110 106 198
109 106 204
109 105 211
109 104 220
108 104 229
108 103 237
108 102 246
107 102 255
107 101 262
107 100 270
106 99 282
106 98 287
106 97 291
105 97 294
105 96 294
105 95 294
105 94 294
105 93 295
105 92 295
105 91 296
104 90 278
104 89 276
104 88 273
104 87 271
104 86 269
104 85 266
104 84 263
104 83 260
104 82 256
104 81 252
125 111 230
126 111 222
127 111 213
128 111 204
129 111 196
129 112 188
130 112 180
131 112 174
132 112 170
132 113 166
133 113 163
133 114 163
133 115 167
133 116 176
134 117 182
134 117 384
135 117 178
135 117 384
136 117 176
136 117 384
137 117 176
137 117 384
138 117 178
138 117 384
139 117 181
139 117 384
140 117 185
140 118 188
141 118 191
141 119 194
142 119 196
142 120 200
142 121 206
142 122 213
142 123 221
142 124 229
142 125 236
142 126 243
142 127 248
142 128 253
142 129 255
142 130 257
142 131 258
142 132 257
142 133 256
142 135 253
142 136 251
142 137 249
142 138 247
142 139 246
142 140 245
142 141 244
142 142 244
142 143 244
142 144 244
160 145 247
159 145 248
158 145 248
157 145 248
156 145 248
155 145 248
154 145 248
153 145 248
152 145 248
151 145 248
150 145 248
149 145 247
148 145 247
147 145 247
146 145 246
145 145 246
144 145 245
143 145 244
162 145 246
163 145 246
164 145 245
165 145 244
166 145 243
167 145 242
168 145 241
169 145 239
170 145 239
171 145 238
172 145 239
173 145 240
174 145 241
175 145 244
176 145 247
177 145 250
178 145 254
179 145 258
180 145 262
181 145 265
182 145 267
183 145 267
184 145 265
185 145 261
186 145 255
187 145 246
188 145 236
189 145 225
190 145 213
190 146 213
190 147 212
190 144 213
190 143 213
190 142 213
190 141 212
190 140 212
190 139 211
191 138 200
191 137 199
191 136 199
191 135 199
191 134 199
191 133 201
191 132 202
191 131 204
191 130 207
191 129 210
191 127 216
191 126 218
191 125 220
191 124 221
191 123 220
191 122 218
191 121 214
191 120 208
191 119 201
191 148 200
192 148 191
193 148 185
194 148 183
194 149 183
194 150 182
194 151 182
194 152 182
195 152 188
196 152 201
197 152 223
198 152 254
161 146 247
161 147 246
161 148 246
161 149 246
161 150 247
161 151 247
161 152 248
161 153 249
161 154 249
161 155 250
161 157 252
161 158 253
161 159 253
161 160 254
161 161 254
161 162 254
161 163 254
161 164 254
161 165 253
161 166 253
161 167 252
161 168 251
160 169 250
160 170 250
160 171 249
160 172 250
160 173 250
160 174 251
160 175 252
160 176 254
160 177 256
160 178 258
160 179 260
160 180 261
103 80 240
102 80 233
101 80 227
100 80 222
99 80 218
98 80 213
97 80 209
96 80 205
95 80 201
94 80 198
93 80 195
92 80 194
91 80 195
90 80 198
89 80 204
89 79 209
88 79 216
87 79 226
111 40 227
111 39 230
110 39 244
109 39 256
108 39 266
107 39 273
106 39 277
105 39 277
104 39 274
103 39 268
102 39 260
101 39 249
101 38 249
6 59 283
7 59 247
7 60 217
8 60 191
8 61 170
8 62 155
9 62 142
9 63 134
9 64 131
10 64 129
10 65 131
10 66 136
11 66 142
11 67 150
11 68 159
12 68 169
12 69 178
12 70 188
12 71 199
12 72 209
12 73 218
12 74 227
12 85 250
12 84 253
12 83 255
12 82 256
12 81 257
12 80 256
12 79 255
12 78 252
12 77 247
12 76 242
11 86 281
11 87 278
11 88 274
11 89 270
11 90 266
11 91 261
11 92 257
11 93 252
11 94 248
11 95 245
11 96 242
10 97 228
10 98 221
9 98 208
9 99 196
8 99 184
8 100 168
8 101 156
7 101 140
7 102 127
6 102 115
6 103 102
5 103 96
5 104 85
5 105 82
4 105 78
4 106 79
3 106 84
3 107 90
2 107 104
2 108 114
2 109 134
1 109 154
1 110 177
0 110 208
0 111 235
0 112 267
0 113 304
0 115 385
0 116 426
0 117 465
0 118 500
0 119 532
0 120 558
0 121 580
0 122 595
0 123 606
0 124 613
0 126 618
0 127 618
0 128 618
0 129 619
0 130 623
0 130 384
0 131 630
0 131 384
0 132 639
0 132 384
0 133 652
0 133 384
0 134 667
0 134 384
0 135 685
0 135 384
0 137 721
0 138 738
0 139 751
0 140 761
0 141 766
0 142 765
0 143 758
0 144 744
0 145 723
0 146 697
0 148 631
0 149 592
0 150 553
0 151 513
0 152 473
0 153 436
0 154 402
0 155 371
0 156 345
0 157 323
1 158 266
2 158 235
3 158 213
3 158 384
4 158 198
4 158 384
4 159 186
4 159 384
4 160 178
4 160 384
5 160 172
5 160 384
5 161 169
5 162 168
6 162 170
6 163 172
7 163 179
9 163 202
10 163 214
11 163 227
12 163 238
13 163 247
14 163 254
15 163 258
16 163 260
17 163 259
18 163 257
19 163 253
20 163 248
21 163 242
22 163 235
23 163 229
24 163 223
25 163 218
26 163 213
27 163 208
28 163 203
8 164 195
8 165 200
8 166 204
8 167 209
8 168 212
8 169 215
8 170 218
8 171 220
8 172 222
8 173 223
8 175 225
8 176 225
8 177 224
8 178 222
8 179 218
8 180 213
8 181 207
8 182 199
8 183 189
8 184 179
13 85 223
14 85 202
15 85 187
16 85 177
17 85 171
18 85 169
19 85 171
20 85 176
21 85 184
22 85 193
23 85 204
24 85 217
25 85 232
26 85 247
27 85 264
28 85 282
