19 135 106
30 18 106
107 51 106
22 75 106
166 158 106
19 193 106
160 33 106
194 94 106
199 89 106
199 99 106
19 125 106
10 130 106
10 130 96
10 130 96
10 130 96
29 130 106
29 130 96
29 130 96
29 130 96
29 130 96
29 130 96
29 130 96
29 130 96
29 130 96
29 130 96
29 130 96
116 46 106
116 46 96
116 57 106
116 57 96
31 80 106
22 86 106
22 86 96
22 86 96
22 86 96
22 86 96
32 69 106
157 153 106
156 164 106
28 187 106
19 181 106
39 12 106
30 7 106
30 7 96
30 7 96
30 7 96
30 7 96
30 7 96
30 7 96
30 7 96
30 7 96
40 24 106
49 18 106
49 18 96
166 169 106
166 169 96
166 169 96
166 169 96
166 169 96
166 169 96
166 169 96
166 169 96
166 169 96
166 169 96
166 169 96
147 158 106
147 158 96
147 169 106
147 169 96
147 169 96
147 169 96
147 169 96
147 169 96
10 120 106
20 115 106
11 110 106
11 110 96
21 106 106
21 96 106
21 96 96
21 96 96
21 96 96
21 96 96
21 96 96
21 96 96
21 96 96
9 187 106
194 83 106
194 83 96
199 78 106
193 105 106
199 110 106
107 40 106
98 46 106
125 52 106
125 52 96
125 52 96
125 52 96
125 52 96
125 52 96
41 74 106
167 147 106
176 153 106
192 115 106
199 121 106
41 62 106
51 67 106
51 67 96
49 6 106
48 0 106
10 199 106
10 199 96
0 193 106
0 193 96
0 193 96
0 193 96
0 193 96
0 193 96
0 193 96
0 193 96
0 193 96
0 193 96
0 193 96
28 175 106
38 181 106
97 34 106
88 40 106
58 1 106
58 1 96
58 1 96
88 29 106
88 29 96
88 29 96
88 29 96
193 72 106
193 72 96
193 72 96
193 72 96
178 142 106
190 126 106
190 126 96
189 137 106
189 137 96
189 137 96
189 137 96
189 137 96
189 137 96
189 137 96
189 137 96
189 137 96
179 131 106
179 131 96
179 131 96
179 131 96
59 12 106
59 12 96
59 12 96
59 12 96
59 12 96
59 12 96
59 12 96
59 12 96
59 12 96
38 169 106
47 176 106
47 176 96
47 176 96
30 110 106
30 110 96
30 101 106
30 101 96
30 101 96
30 101 96
30 101 96
30 101 96
12 80 106
12 80 96
12 80 96
12 80 96
12 80 96
12 80 96
12 80 96
12 80 96
12 80 96
12 80 96
12 80 96
12 80 96
50 79 106
41 85 106
50 90 106
50 90 96
50 90 96
50 90 96
50 90 96
50 90 96
31 91 106
31 91 96
31 91 96
31 91 96
31 91 96
31 91 96
31 91 96
31 91 96
47 164 106
79 35 106
79 35 96
79 35 96
79 35 96
79 35 96
79 35 96
79 35 96
79 35 96
79 35 96
79 35 96
79 35 96
79 35 96
31 31 106
21 25 106
89 52 106
98 57 106
107 63 106
107 63 96
116 35 106
116 35 96
116 35 96
116 35 96
116 35 96
116 35 96
116 35 96
116 35 96
116 35 96
116 35 96
116 35 96
98 69 106
88 63 106
38 158 106
38 158 96
38 158 96
28 163 106
28 163 96
28 163 96
28 163 96
28 163 96
28 163 96
28 163 96
28 163 96
28 163 96
28 163 96
28 163 96
47 152 106
21 38 106
21 38 96
31 44 106
31 44 96
31 44 96
31 44 96
31 44 96
31 44 96
31 44 96
31 44 96
31 44 96
31 44 96
31 44 96
31 44 96
31 44 96
11 32 106
12 45 106
12 45 96
12 45 96
12 45 96
12 45 96
12 45 96
12 45 96
12 45 96
12 45 96
12 45 96
12 45 96
12 45 96
38 146 106
38 146 96
38 146 96
38 146 96
38 146 96
38 146 96
38 146 96
38 146 96
38 146 96
38 146 96
38 146 96
38 146 96
107 74 106
107 74 96
107 74 96
107 74 96
107 74 96
107 74 96
107 74 96
107 74 96
107 74 96
181 120 106
181 120 96
181 120 96
181 120 96
181 120 96
181 120 96
181 120 96
181 120 96
181 120 96
181 120 96
168 136 106
57 158 106
57 170 106
57 170 96
57 170 96
57 170 96
57 170 96
57 170 96
57 170 96
57 170 96
57 170 96
57 170 96
57 147 106
66 153 106
66 142 106
75 148 106
75 148 96
75 148 96
75 148 96
79 58 106
79 58 96
79 58 96
39 1 106
39 1 96
39 1 96
39 1 96
39 1 96
39 1 96
39 1 96
39 1 96
39 1 96
39 1 96
39 1 96
40 95 106
40 95 96
40 95 96
40 95 96
40 95 96
40 95 96
40 95 96
40 95 96
199 67 106
199 67 96
199 67 96
199 67 96
199 67 96
199 67 96
199 67 96
116 68 106
116 68 96
116 68 96
116 68 96
116 68 96
116 68 96
116 68 96
116 68 96
116 68 96
116 68 96
116 68 96
76 137 106
67 131 106
76 126 106
67 120 106
67 0 106
67 0 96
67 0 96
67 0 96
67 0 96
67 0 96
67 0 96
67 0 96
67 0 96
67 0 96
67 0 96
79 70 106
79 70 96
79 70 96
79 70 96
79 70 96
79 70 96
79 70 96
79 70 96
79 70 96
79 70 96
79 70 96
79 70 96
79 70 96
79 70 96
79 46 106
79 46 96
70 53 106
70 53 96
70 53 96
60 60 106
60 60 96
11 20 106
1 26 106
1 14 106
1 14 96
1 14 96
1 14 96
1 14 96
1 14 96
1 14 96
1 14 96
1 14 96
1 14 96
1 14 96
2 39 106
2 39 96
2 39 96
2 39 96
20 13 106
20 13 96
20 13 96
20 13 96
77 115 106
68 110 106
77 104 106
77 104 96
77 104 96
151 38 106
151 38 96
151 38 96
151 38 96
151 38 96
151 38 96
151 38 96
151 27 106
151 27 96
160 22 106
169 28 106
51 55 106
57 136 106
57 136 96
57 136 96
57 136 96
57 136 96
57 136 96
57 136 96
57 136 96
57 136 96
57 136 96
57 136 96
57 136 96
169 17 106
169 17 96
169 17 96
68 99 106
68 99 96
68 99 96
68 99 96
68 99 96
68 99 96
68 99 96
68 99 96
68 99 96
10 8 106
10 8 96
10 8 96
10 0 106
10 0 96
10 0 96
10 0 96
10 0 96
10 0 96
10 0 96
10 0 96
10 0 96
10 0 96
10 0 96
179 23 106
179 23 96
179 23 96
179 23 96
86 109 106
86 109 96
86 109 96
86 109 96
86 109 96
86 109 96
86 109 96
86 109 96
86 109 96
86 109 96
86 109 96
86 109 96
86 109 96
50 30 106
50 30 96
50 30 96
50 42 106
178 12 106
178 12 96
188 17 106
188 17 96
188 17 96
188 17 96
188 17 96
188 17 96
188 17 96
188 17 96
188 17 96
188 17 96
188 17 96
188 17 96
188 17 96
169 6 106
169 6 96
169 6 96
169 6 96
169 6 96
169 6 96
169 6 96
169 6 96
169 6 96
169 6 96
169 6 96
169 6 96
169 6 96
85 142 106
85 142 96
85 142 96
85 142 96
85 142 96
85 142 96
85 142 96
85 142 96
85 131 106
94 137 106
94 137 96
94 137 96
94 137 96
94 137 96
94 137 96
94 137 96
94 137 96
94 137 96
94 137 96
94 137 96
94 137 96
94 137 96
158 142 106
158 142 96
158 142 96
158 142 96
158 142 96
158 142 96
158 142 96
158 142 96
158 142 96
158 142 96
158 142 96
86 120 106
95 126 106
95 126 96
95 126 96
95 126 96
95 126 96
58 115 106
58 115 96
58 115 96
58 115 96
58 115 96
57 125 106
57 125 96
57 125 96
138 164 106
138 164 96
138 164 96
138 164 96
138 164 96
138 164 96
138 164 96
138 164 96
138 164 96
138 164 96
138 164 96
138 164 96
138 164 96
138 164 96
138 164 96
148 147 106
139 142 106
138 153 106
138 153 96
138 153 96
138 153 96
130 148 106
130 148 96
130 148 96
130 148 96
130 148 96
130 148 96
48 120 106
48 120 96
48 120 96
48 120 96
48 120 96
48 120 96
48 120 96
48 120 96
48 120 96
48 120 96
48 120 96
48 120 96
48 120 96
60 48 106
9 175 106
0 181 106
0 169 106
170 126 106
170 126 96
170 126 96
170 126 96
170 126 96
170 126 96
170 126 96
170 126 96
170 126 96
170 126 96
170 126 96
170 126 96
170 126 96
170 126 96
183 99 106
183 99 96
183 99 96
183 99 96
183 99 96
183 99 96
184 88 106
184 88 96
184 88 96
184 88 96
184 88 96
184 88 96
184 88 96
184 88 96
184 88 96
47 187 106
47 187 96
47 187 96
47 187 96
47 187 96
47 187 96
47 187 96
47 187 96
47 187 96
47 187 96
47 187 96
47 187 96
47 187 96
47 187 96
47 187 96
150 16 106
150 16 96
141 21 106
141 21 96
141 21 96
141 21 96
141 21 96
141 21 96
141 21 96
141 21 96
141 21 96
141 21 96
141 21 96
141 21 96
141 21 96
170 39 106
170 39 96
170 39 96
170 39 96
161 44 106
161 44 96
161 44 96
161 44 96
161 44 96
161 44 96
161 44 96
161 44 96
161 44 96
161 44 96
161 44 96
179 34 106
179 34 96
179 34 96
179 34 96
66 164 106
66 164 96
66 164 96
66 164 96
66 164 96
66 164 96
75 159 106
75 159 96
75 159 96
75 159 96
75 159 96
75 159 96
75 159 96
180 45 106
180 45 96
180 45 96
180 45 96
180 45 96
180 45 96
180 45 96
180 45 96
180 45 96
180 45 96
180 45 96
180 45 96
180 45 96
180 45 96
85 154 106
85 154 96
85 154 96
85 154 96
85 154 96
85 154 96
85 154 96
85 154 96
85 154 96
85 154 96
85 154 96
85 154 96
85 154 96
85 154 96
85 154 96
75 170 106
85 176 106
75 182 106
85 187 106
94 182 106
94 182 96
94 182 96
66 176 106
66 176 96
66 176 96
66 176 96
66 176 96
66 176 96
66 176 96
66 176 96
66 176 96
66 176 96
66 176 96
76 193 106
76 193 96
76 193 96
76 193 96
76 193 96
76 193 96
76 193 96
76 193 96
76 193 96
76 193 96
76 193 96
76 193 96
94 193 106
94 193 96
94 193 96
103 187 106
103 187 96
103 187 96
103 187 96
103 187 96
103 187 96
103 187 96
103 187 96
103 187 96
103 187 96
103 187 96
103 187 96
159 11 106
159 11 96
159 11 96
159 11 96
159 11 96
159 11 96
150 5 106
150 5 96
150 5 96
141 0 106
141 10 106
141 10 96
141 10 96
141 10 96
141 10 96
141 10 96
141 10 96
141 10 96
141 10 96
141 10 96
132 4 106
123 0 106
123 0 96
123 9 106
123 9 96
123 9 96
123 9 96
114 3 106
114 3 96
114 3 96
114 3 96
114 3 96
114 3 96
114 3 96
114 3 96
114 3 96
114 3 96
114 3 96
114 3 96
114 3 96
58 105 106
58 105 96
58 105 96
58 105 96
58 105 96
58 105 96
58 105 96
58 105 96
58 105 96
58 105 96
58 105 96
58 105 96
58 105 96
58 105 96
58 105 96
78 93 106
78 93 96
78 93 96
78 93 96
78 93 96
78 93 96
78 93 96
78 93 96
78 93 96
78 93 96
130 136 106
130 136 96
130 136 96
130 136 96
130 136 96
130 136 96
130 136 96
130 136 96
130 136 96
130 136 96
130 136 96
130 136 96
130 136 96
130 136 96
130 136 96
130 136 96
29 199 106
29 199 96
29 199 96
29 199 96
29 199 96
29 199 96
29 199 96
29 199 96
29 199 96
29 199 96
29 199 96
183 77 106
183 77 96
183 77 96
183 77 96
183 77 96
183 77 96
183 77 96
183 77 96
183 77 96
104 120 106
104 120 96
104 120 96
104 120 96
104 120 96
95 115 166
95 115 96
95 115 96
95 115 96
95 115 96
95 115 96
95 115 96
95 115 96
95 115 96
95 115 96
95 115 96
95 115 96
95 115 96
95 115 96
113 126 106
114 114 106
123 120 106
124 109 106
132 114 106
132 114 96
132 114 96
132 114 96
132 114 96
132 114 96
133 103 106
133 103 96
133 103 96
133 103 96
133 103 96
133 103 96
133 103 96
133 103 96
133 103 96
133 103 96
133 103 96
133 103 96
133 103 96
133 103 96
133 103 96
115 103 106
115 103 96
115 103 96
115 103 96
115 103 96
115 103 96
115 103 96
115 103 96
115 103 96
115 103 96
115 103 96
115 103 96
115 103 96
115 103 96
60 36 106
60 36 96
60 36 96
60 36 96
60 36 96
60 36 96
60 36 96
60 36 96
60 36 96
60 36 96
60 36 96
60 36 96
41 37 106
41 37 96
41 37 96
41 37 96
41 37 96
41 37 96
41 37 96
41 37 96
41 37 96
41 37 96
104 131 124
112 137 106
121 142 106
121 142 96
121 142 96
1 115 106
1 115 96
1 115 96
1 115 96
1 115 96
1 115 96
1 115 96
1 115 96
1 115 96
1 115 96
1 115 96
1 115 96
1 115 96
60 72 106
60 72 96
60 72 96
60 72 96
60 72 96
60 72 96
60 72 96
60 72 96
60 72 96
60 72 96
60 72 96
60 72 96
60 72 96
97 23 106
87 18 106
87 18 96
96 13 106
96 13 96
96 13 96
96 13 96
87 7 106
87 7 96
87 7 96
87 7 96
87 7 96
87 7 96
87 7 96
87 7 96
87 7 96
87 7 96
87 7 96
87 7 96
87 7 96
87 7 96
22 63 106
22 63 96
22 63 96
22 63 96
22 63 96
22 63 96
22 63 96
22 63 96
106 29 106
106 29 96
106 29 96
106 29 96
106 29 96
106 18 106
115 14 106
115 14 96
115 14 96
115 14 96
115 14 96
115 14 96
115 14 96
115 14 96
115 14 96
115 14 96
11 101 106
11 101 96
2 96 106
2 96 96
2 96 96
2 96 96
19 146 106
9 140 106
9 140 96
9 140 96
9 140 96
9 140 96
9 152 106
9 152 96
9 152 96
9 163 106
9 163 96
9 163 96
9 163 96
9 163 96
9 163 96
9 163 96
9 163 96
9 163 96
9 163 96
9 163 96
0 158 106
0 158 96
195 94 36
195 95 22
195 96 15
195 96 96
195 97 15
195 97 96
196 97 15
196 98 15
196 98 96
196 99 15
196 99 96
196 100 15
196 100 96
196 101 15
196 101 96
196 102 15
196 102 96
196 103 15
196 103 96
196 104 15
196 104 96
196 105 15
196 105 96
196 106 16
196 106 96
196 107 17
196 107 96
196 108 15
196 108 96
196 109 15
196 109 96
196 110 15
196 110 96
196 111 15
196 111 96
196 112 15
196 112 96
196 113 15
195 113 15
195 113 96
194 113 15
194 113 96
194 114 15
194 114 96
194 115 15
194 115 96
193 115 15
193 115 96
193 116 15
193 116 96
193 117 15
193 117 96
193 118 15
193 119 15
193 120 15
193 121 15
193 122 15
193 123 15
193 123 96
193 124 15
193 124 96
192 124 15
192 124 96
191 124 35
191 124 96
190 124 83
190 125 119
189 126 208
188 126 255
188 127 295
188 127 96
187 127 334
187 127 96
187 128 372
187 128 96
187 128 96
186 128 398
186 128 96
186 128 96
186 128 96
185 128 431
185 128 96
185 128 96
185 128 96
185 129 440
185 129 96
185 129 96
185 129 96
185 129 96
184 129 454
184 129 96
184 129 96
184 129 96
184 129 96
184 130 455
184 130 96
184 130 96
184 130 96
184 130 96
184 130 96
183 130 448
183 130 96
183 130 96
183 130 96
183 130 96
183 131 439
183 131 96
183 131 96
183 131 96
183 131 96
183 131 96
182 131 411
182 131 96
182 131 96
182 131 96
181 131 389
181 131 96
181 131 96
180 131 372
180 131 96
179 132 270
179 132 96
179 133 195
179 133 96
179 134 140
179 134 96
179 134 96
178 134 74
178 134 96
178 134 96
178 135 20
178 135 96
178 135 96
178 136 15
178 136 96
178 136 96
177 136 15
177 136 96
176 136 15
176 136 96
175 136 15
175 136 96
174 136 15
174 136 96
173 136 15
173 136 96
172 136 15
172 136 96
171 136 15
171 136 96
170 136 15
170 136 96
169 136 15
169 136 96
168 137 15
168 137 96
168 138 15
168 138 96
168 139 15
168 139 96
168 140 15
168 140 96
168 141 15
168 141 96
168 142 15
168 142 96
168 143 15
168 144 15
168 145 15
168 146 15
168 147 15
168 148 15
168 149 15
167 149 15
167 150 15
167 151 15
167 152 15
167 153 15
166 153 15
166 154 15
166 155 15
166 156 15
166 157 15
148 148 15
148 148 96
148 149 15
148 149 96
148 150 15
148 150 96
149 150 15
149 150 96
149 151 15
149 151 96
149 152 15
149 152 96
150 152 15
150 152 96
150 153 15
150 153 96
150 154 15
150 154 96
150 155 15
150 155 96
151 155 15
151 155 96
152 155 15
152 155 96
152 156 15
152 156 96
153 156 15
153 156 96
153 157 15
153 157 96
154 157 15
154 157 96
155 157 15
155 157 96
156 157 15
156 157 96
157 157 15
157 157 96
158 157 15
158 157 96
159 157 15
159 157 96
160 157 15
160 157 96
161 157 15
161 157 96
162 157 15
162 157 96
163 157 15
163 157 96
164 157 15
164 157 96
165 157 15
165 157 96
113 137 47
113 138 60
114 138 60
114 139 64
115 139 69
115 140 67
116 140 78
116 141 75
116 142 86
117 142 91
117 143 107
118 143 120
118 144 145
119 144 167
119 144 96
119 145 202
119 145 96
120 145 231
120 145 96
121 145 270
121 145 96
121 145 96
122 145 318
122 145 96
122 145 96
123 145 370
123 145 96
123 145 96
123 145 96
124 145 421
124 145 96
124 145 96
124 145 96
125 145 467
125 145 96
125 145 96
125 145 96
125 145 96
126 145 503
126 145 96
126 145 96
126 145 96
126 145 96
127 145 526
127 145 96
127 145 96
127 145 96
127 145 96
127 145 96
128 145 533
128 145 96
128 145 96
128 145 96
128 145 96
128 145 96
129 145 523
129 145 96
129 145 96
129 145 96
129 145 96
129 145 96
129 145 96
130 145 493
130 145 96
130 145 96
130 145 96
130 145 96
130 145 96
131 145 446
131 145 96
131 145 96
131 145 96
131 145 96
131 145 96
132 145 382
132 145 96
132 145 96
132 145 96
132 145 96
133 145 305
133 145 96
133 145 96
133 145 96
134 145 218
134 145 96
134 145 96
135 145 127
135 145 96
135 145 96
136 145 36
136 145 96
136 145 96
137 145 15
137 145 96
137 145 96
138 145 15
138 145 96
138 146 15
138 146 96
138 147 15
138 147 96
138 147 96
139 147 15
139 147 96
140 147 15
140 147 96
141 147 15
141 147 96
142 147 15
142 147 96
143 147 15
143 147 96
144 147 15
144 147 96
145 147 15
145 147 96
146 147 15
146 147 96
147 147 15
147 147 96
112 136 28
112 136 96
112 135 15
112 135 96
112 134 15
112 134 96
111 134 15
111 134 96
110 134 15
110 134 96
109 134 15
109 134 96
109 133 15
109 133 96
109 132 15
109 132 96
108 132 15
108 132 96
107 132 15
107 132 96
107 131 15
107 131 96
106 131 15
106 131 96
106 130 15
106 130 96
106 129 15
106 129 96
105 129 15
105 129 96
105 128 15
105 128 96
105 127 15
105 127 96
105 126 15
105 126 96
104 126 15
104 126 96
103 126 15
103 126 96
102 126 77
102 126 96
101 126 158
100 126 238
99 126 310
98 126 370
97 126 413
96 126 437
94 126 416
93 126 373
92 126 311
91 126 234
90 126 147
89 126 57
89 126 96
88 126 15
88 126 96
87 126 15
87 126 96
86 126 15
86 126 96
86 127 15
86 127 96
86 128 15
86 128 96
85 128 15
85 128 96
85 129 15
85 129 96
85 130 15
85 130 96
84 131 15
84 131 96
83 131 15
83 131 96
82 131 15
82 131 96
82 132 15
82 132 96
81 132 15
81 132 96
81 133 15
81 133 96
80 133 15
80 133 96
79 133 15
78 133 15
78 134 15
78 135 15
78 136 20
78 137 26
77 137 27
76 138 34
76 139 37
75 139 41
75 140 47
74 140 49
73 140 53
72 140 55
72 141 56
71 141 55
70 141 55
70 142 52
69 142 49
69 143 44
68 143 38
68 144 30
67 144 22
67 145 15
67 145 96
66 145 15
66 145 96
66 146 15
66 146 96
66 147 15
66 147 96
66 148 15
66 148 96
66 149 15
66 149 96
66 150 15
66 151 15
66 152 23
65 153 15
64 153 15
64 154 15
63 154 15
62 154 15
62 155 15
61 155 15
61 156 15
60 156 15
59 156 15
58 156 15
57 156 15
57 156 96
57 157 15
57 157 96
56 157 15
56 157 96
55 157 15
55 157 96
54 157 15
54 157 96
53 157 15
53 157 96
52 157 15
51 157 15
50 157 15
50 158 15
50 159 15
49 159 15
48 159 15
48 160 15
47 160 15
46 160 15
46 161 15
45 161 15
45 162 15
45 163 20
45 164 21
45 165 15
45 166 15
45 167 15
44 167 15
43 167 15
42 167 15
42 167 96
42 168 15
42 168 96
42 169 15
42 169 96
41 169 15
41 169 96
40 169 15
40 169 96
39 169 15
39 169 96
38 170 15
38 170 96
38 171 15
38 171 96
38 172 15
38 172 96
37 172 15
37 172 96
36 172 15
36 172 96
35 172 15
35 172 96
35 173 15
35 173 96
34 173 15
34 173 96
34 174 15
34 174 96
34 175 15
34 175 96
33 175 15
33 175 96
32 175 15
32 175 96
31 175 15
31 175 96
30 175 15
30 175 96
29 175 15
29 175 96
28 176 15
28 176 96
28 177 15
28 177 96
27 177 15
27 177 96
27 178 15
27 178 96
27 179 15
27 180 15
26 180 15
26 181 15
25 181 15
24 181 15
23 181 15
22 181 15
21 181 15
20 181 37
0 170 15
0 170 96
0 171 15
0 171 96
0 172 15
0 172 96
1 172 15
1 172 96
2 172 15
2 172 96
2 173 15
2 173 96
3 173 15
3 173 96
3 174 15
3 175 15
4 175 15
5 175 15
6 175 15
7 175 15
7 175 96
8 175 15
8 175 96
9 176 15
9 176 96
9 177 15
9 178 15
10 178 15
10 179 15
10 180 15
10 181 15
10 182 15
11 182 15
12 182 15
13 182 15
14 182 15
15 182 15
16 182 15
17 182 15
18 182 22
19 182 20
0 168 127
0 167 183
0 166 228
0 165 261
0 164 280
0 163 286
0 162 279
0 161 262
0 160 236
0 159 204
0 157 140
0 156 114
0 156 96
0 155 97
0 155 96
0 154 92
0 154 96
1 154 90
1 154 96
1 154 96
1 153 87
1 153 96
1 153 96
2 153 87
2 153 96
2 153 96
2 153 96
2 152 87
2 152 96
2 152 96
2 152 96
3 152 85
3 152 96
3 152 96
3 152 96
3 151 90
3 151 96
3 151 96
3 151 96
4 151 84
4 151 96
4 151 96
4 151 96
5 151 88
5 151 96
5 151 96
5 151 96
5 150 83
5 150 96
5 150 96
6 150 79
6 150 96
6 150 96
7 150 81
7 150 96
7 150 96
7 149 68
7 149 96
7 149 96
8 149 60
8 149 96
8 149 96
8 148 54
8 148 96
9 148 36
9 148 96
10 148 24
10 148 96
10 147 15
10 147 96
11 147 15
11 147 96
12 147 15
12 147 96
13 147 15
13 147 96
13 146 15
13 146 96
13 145 15
13 145 96
13 144 15
13 144 96
13 143 15
13 143 96
13 142 15
13 142 96
14 142 15
14 142 96
14 141 15
14 141 96
14 140 15
14 140 96
15 140 15
15 140 96
16 140 15
16 140 96
16 139 15
16 139 96
16 138 15
16 138 96
17 138 15
17 138 96
17 137 15
17 137 96
17 136 15
17 136 96
17 135 15
17 135 96
18 135 23
18 135 96
31 92 791
31 92 96
31 93 838
31 93 96
31 93 96
31 94 866
31 94 96
31 95 874
31 95 96
31 96 861
31 97 828
31 98 776
31 99 708
31 100 627
31 101 540
30 102 443
30 102 96
30 103 347
30 103 96
30 104 261
30 104 96
30 105 189
30 105 96
30 105 96
30 106 136
30 106 96
30 106 96
29 106 104
29 106 96
29 106 96
29 107 67
29 107 96
29 107 96
28 107 39
28 107 96
28 107 96
28 108 21
28 108 96
28 108 96
27 108 15
27 108 96
27 108 96
27 109 15
27 109 96
26 109 15
26 109 96
26 110 15
26 110 96
25 110 15
25 110 96
24 110 15
24 110 96
24 111 15
24 111 96
23 111 15
23 111 96
22 111 15
22 111 96
21 111 15
21 111 96
20 111 15
20 111 96
20 112 15
20 112 96
20 113 15
20 113 96
20 114 15
20 114 96
19 115 15
19 115 96
19 116 15
19 116 96
18 116 15
18 117 15
18 118 15
17 118 15
17 119 15
17 120 15
17 121 15
17 122 15
17 123 15
17 124 15
17 125 15
17 125 96
17 126 15
17 126 96
17 127 15
17 127 96
17 128 15
17 128 96
17 129 15
17 129 96
17 130 15
17 130 96
17 131 15
17 131 96
17 132 15
17 132 96
17 133 15
17 133 96
17 134 15
17 134 96
31 90 657
31 89 577
31 88 493
31 87 410
31 86 332
31 85 260
31 84 197
31 83 145
31 82 103
31 81 72
31 69 54
31 69 96
31 70 43
31 70 96
30 70 28
30 70 96
30 71 15
30 71 96
30 72 15
30 72 96
30 73 15
30 73 96
30 74 15
30 74 96
30 75 15
30 75 96
30 76 15
30 76 96
30 77 15
30 78 15
30 79 15
30 80 15
52 55 15
52 56 15
52 57 15
52 58 15
52 59 15
52 59 96
52 60 15
52 60 96
51 60 22
51 61 26
50 61 25
50 62 21
50 62 96
49 62 15
49 62 96
49 63 15
49 63 96
48 63 15
48 63 96
47 63 15
47 63 96
47 64 15
47 64 96
47 65 15
47 65 96
47 66 15
47 66 96
47 67 15
47 67 96
47 68 15
47 68 96
47 69 15
47 69 96
46 69 15
45 69 15
44 69 15
43 69 15
42 69 15
41 69 15
40 69 15
39 69 15
39 69 96
38 69 15
38 69 96
37 69 35
36 69 50
35 69 61
34 69 65
33 69 65
33 69 96
52 54 15
52 53 15
52 52 15
52 51 15
52 50 15
52 49 15
52 48 15
52 47 15
52 46 15
52 45 15
52 45 96
52 44 15
52 44 96
52 43 15
52 43 96
52 42 15
52 42 96
51 42 21
51 42 96
50 41 109
50 40 130
50 39 153
50 38 177
50 37 201
50 36 223
50 35 242
50 34 257
50 33 268
50 32 275
50 31 277
49 30 258
49 29 247
49 28 234
49 28 96
49 27 221
49 27 96
48 27 204
48 26 183
48 25 164
48 25 96
47 25 147
47 24 122
47 23 100
46 23 77
46 22 51
46 22 96
45 22 27
45 22 96
45 21 15
45 21 96
44 21 15
44 21 96
44 20 15
44 20 96
44 19 15
44 19 96
43 19 15
43 19 96
42 19 15
41 19 15
40 19 15
39 19 15
38 19 15
37 19 15
36 19 15
35 19 15
34 19 15
34 19 96
33 19 15
33 19 96
32 19 15
32 19 96
31 19 15
31 19 96
30 19 15
30 19 96
53 54 15
54 54 15
54 53 15
55 53 15
56 53 15
57 53 15
58 53 15
59 53 15
60 53 15
60 53 96
61 53 15
61 53 96
62 53 15
62 53 96
63 53 15
63 53 96
64 53 31
64 53 96
65 53 87
66 53 138
67 53 180
68 53 212
69 53 231
71 53 230
71 53 96
72 53 211
72 53 96
73 53 180
73 53 96
74 53 141
74 53 96
75 53 96
75 53 96
75 53 96
76 53 49
76 53 96
76 53 96
77 53 15
77 53 96
77 53 96
77 52 15
77 52 96
77 52 96
78 52 15
78 52 96
79 52 15
79 52 96
79 51 15
79 51 96
80 51 15
80 51 96
80 50 15
80 50 96
81 50 15
81 50 96
82 50 15
82 50 96
83 50 15
83 50 96
84 50 15
84 49 15
84 48 15
84 47 15
84 47 96
84 46 15
84 46 96
84 45 15
84 45 96
85 45 15
85 45 96
86 45 15
87 45 15
87 44 15
88 44 15
89 44 15
90 44 15
91 44 15
92 44 15
93 44 15
94 44 15
95 44 15
96 44 15
97 44 15
98 44 15
99 44 15
99 45 15
100 45 15
101 45 15
102 45 15
102 46 15
103 46 15
104 46 15
104 47 15
105 47 15
106 47 15
107 47 15
107 47 96
107 48 15
107 49 15
107 50 22
29 77 15
29 77 96
29 76 15
29 76 96
29 75 15
29 75 96
28 75 15
28 75 96
27 75 15
27 75 96
26 75 15
26 75 96
25 75 15
25 75 96
24 75 15
24 75 96
23 75 15
23 75 96
19 183 15
19 184 15
19 185 15
18 185 15
18 186 15
18 187 15
18 188 15
17 188 15
17 189 15
17 190 15
17 191 15
17 192 15
17 193 15
18 193 20
