131 123 22
131 123 12
131 123 12
131 123 12
131 123 12
131 123 12
18 108 22
18 108 12
18 108 12
18 108 12
18 108 12
18 108 12
18 108 12
18 108 12
18 108 12
18 108 12
18 108 12
18 108 12
18 108 12
18 108 12
18 108 12
18 108 12
18 108 12
18 108 12
18 108 12
18 108 12
18 108 12
18 108 12
18 108 12
18 108 12
18 108 12
18 108 12
18 108 12
18 108 12
18 108 12
18 108 12
18 108 12
18 108 12
18 108 12
18 108 12
18 108 12
18 108 12
18 108 12
18 108 12
18 108 12
18 108 12
18 108 12
18 108 12
18 108 12
18 108 12
18 108 12
18 108 12
18 108 12
18 108 12
18 108 12
18 108 12
18 108 12
18 108 12
18 108 12
18 108 12
18 108 12
18 108 12
18 108 12
18 108 12
18 108 12
18 108 12
18 108 12
18 108 12
18 108 12
18 108 12
18 108 12
18 108 12
18 108 12
18 108 12
18 108 12
18 108 12
18 108 12
18 108 12
18 108 12
18 108 12
18 108 12
18 108 12
18 108 12
18 108 12
18 108 12
18 108 12
18 108 12
18 108 12
18 108 12
18 108 12
18 108 12
18 108 12
18 108 12
18 108 12
18 108 12
18 108 12
18 108 12
18 108 12
18 108 12
18 108 12
18 108 12
18 108 12
18 108 12
18 108 12
18 108 12
18 108 12
18 108 12
18 108 12
18 108 12
18 108 12
18 108 12
18 108 12
18 108 12
18 108 12
18 108 12
18 108 12
18 108 12
18 108 12
18 108 12
18 108 12
18 108 12
18 108 12
18 108 12
18 108 12
18 108 12
18 108 12
18 108 12
18 108 12
18 108 12
18 108 12
18 108 12
18 108 12
18 108 12
18 108 12
18 108 12
18 108 12
18 108 12
18 108 12
18 108 12
18 108 12
18 108 12
18 108 12
18 108 12
18 108 12
18 108 12
18 108 12
18 108 12
18 108 12
18 108 12
18 108 12
18 108 12
18 108 12
18 108 12
18 108 12
18 108 12
18 108 12
18 108 12
18 108 12
18 108 12
18 108 12
18 108 12
18 108 12
18 108 12
18 108 12
18 108 12
18 108 12
18 108 12
18 108 12
18 108 12
18 108 12
18 108 12
18 108 12
18 108 12
18 108 12
18 108 12
18 108 12
18 108 12
18 108 12
18 108 12
18 108 12
18 108 12
18 108 12
18 108 12
18 108 12
18 108 12
18 108 12
18 108 12
18 108 12
18 108 12
18 108 12
18 108 12
18 108 12
18 108 12
18 108 12
18 108 12
18 108 12
18 108 12
18 108 12
18 108 12
18 108 12
18 108 12
18 108 12
18 108 12
18 108 12
18 108 12
18 108 12
18 108 12
18 108 12
18 108 12
18 108 12
18 108 12
18 108 12
18 108 12
18 108 12
18 108 12
18 108 12
18 108 12
18 108 12
18 108 12
18 108 12
18 108 12
18 108 12
18 108 12
18 108 12
18 108 12
18 108 12
18 108 12
18 108 12
18 108 12
18 108 12
18 108 12
18 108 12
18 108 12
18 108 12
18 108 12
18 108 12
18 108 12
18 108 12
18 108 12
18 108 12
18 108 12
18 108 12
18 108 12
18 108 12
18 108 12
18 108 12
18 108 12
18 108 12
18 108 12
18 108 12
18 108 12
18 108 12
18 108 12
18 108 12
18 108 12
18 108 12
18 108 12
18 108 12
198 188 22
110 23 22
188 83 22
188 83 12
91 92 22
91 102 22
91 102 12
91 102 12
91 102 12
101 97 22
101 97 12
101 97 12
101 97 12
101 97 12
101 97 12
101 97 12
101 97 12
101 97 12
101 97 12
101 97 12
101 97 12
101 97 12
101 97 12
101 97 12
101 97 12
101 97 12
101 97 12
101 97 12
101 97 12
101 97 12
101 97 12
119 18 22
119 28 22
189 193 22
189 193 12
189 193 12
189 182 22
179 88 22
188 94 22
188 94 12
198 177 22
179 99 22
122 129 22
122 129 12
122 129 12
122 129 12
122 129 12
122 129 12
122 129 12
122 129 12
122 129 12
122 129 12
122 129 12
122 129 12
122 129 12
122 129 12
122 129 12
122 129 12
122 129 12
122 129 12
122 129 12
122 129 12
122 129 12
122 129 12
122 129 12
122 129 12
122 129 12
121 118 22
121 118 12
121 118 12
121 118 12
121 118 12
121 118 12
121 118 12
121 118 12
121 118 12
121 118 12
121 118 12
121 118 12
121 118 12
121 118 12
121 118 12
121 118 12
121 118 12
121 118 12
121 118 12
121 118 12
121 118 12
121 118 12
121 118 12
121 118 12
121 118 12
121 118 12
121 118 12
121 118 12
121 118 12
121 118 12
121 118 12
121 118 12
121 118 12
121 118 12
121 118 12
121 118 12
121 118 12
121 118 12
121 118 12
121 118 12
121 118 12
121 118 12
121 118 12
121 118 12
121 118 12
121 118 12
121 118 12
121 118 12
121 118 12
121 118 12
121 118 12
121 118 12
121 118 12
121 118 12
121 118 12
121 118 12
121 118 12
121 118 12
121 118 12
121 118 12
121 118 12
121 118 12
121 118 12
121 118 12
121 118 12
121 118 12
121 118 12
121 118 12
121 118 12
121 118 12
121 118 12
121 118 12
121 118 12
121 118 12
121 118 12
121 118 12
121 118 12
121 118 12
121 118 12
121 118 12
121 118 12
121 118 12
121 118 12
132 135 22
141 129 22
141 118 22
141 118 12
141 118 12
110 12 22
110 12 12
110 12 12
81 98 22
82 87 22
72 93 22
73 82 22
122 140 22
122 140 12
122 140 12
122 140 12
63 88 22
64 77 22
54 84 22
54 84 12
54 84 12
54 84 12
54 84 12
54 84 12
54 84 12
54 84 12
54 84 12
55 72 22
55 72 12
55 72 12
55 72 12
55 72 12
55 72 12
55 72 12
55 72 12
55 72 12
55 72 12
55 72 12
55 72 12
55 72 12
189 171 22
198 166 22
198 166 12
198 166 12
198 166 12
198 166 12
198 166 12
198 199 22
198 199 12
198 199 12
198 199 12
198 199 12
198 199 12
198 199 12
198 199 12
179 77 22
188 72 22
188 72 12
188 72 12
188 72 12
188 72 12
188 72 12
188 72 12
188 72 12
188 72 12
188 72 12
188 72 12
188 72 12
188 72 12
188 72 12
188 72 12
188 72 12
188 72 12
188 72 12
188 105 22
188 105 12
188 105 12
188 105 12
188 105 12
188 105 12
188 105 12
188 105 12
188 105 12
188 105 12
188 105 12
188 105 12
188 105 12
188 105 12
188 105 12
188 105 12
188 105 12
188 105 12
188 105 12
188 105 12
188 105 12
188 105 12
188 105 12
188 105 12
188 105 12
188 105 12
188 105 12
188 105 12
188 105 12
188 105 12
188 105 12
188 105 12
179 67 22
179 67 12
179 67 12
179 67 12
179 67 12
179 67 12
179 67 12
179 67 12
179 67 12
179 67 12
179 67 12
179 67 12
179 67 12
179 67 12
179 67 12
100 17 22
100 17 12
100 17 12
100 17 12
100 17 12
100 17 12
100 17 12
100 17 12
100 17 12
129 23 22
129 23 12
128 34 22
137 28 22
137 28 12
137 28 12
137 28 12
137 28 12
136 39 22
146 34 22
146 34 12
145 44 22
154 39 22
154 39 12
154 39 12
154 39 12
154 39 12
154 39 12
154 39 12
154 39 12
154 39 12
154 39 12
154 39 12
189 160 22
189 160 12
189 160 12
179 109 22
179 109 12
179 109 12
179 109 12
179 109 12
153 50 22
162 45 22
162 45 12
162 45 12
162 45 12
162 45 12
162 45 12
162 45 12
162 45 12
162 45 12
162 45 12
162 45 12
162 45 12
162 55 22
162 55 12
170 61 22
170 61 12
170 61 12
170 61 12
170 61 12
170 61 12
170 61 12
171 50 22
171 50 12
171 50 12
171 50 12
171 50 12
171 50 12
171 50 12
171 50 12
171 50 12
171 50 12
171 50 12
171 50 12
171 50 12
171 50 12
171 50 12
171 50 12
171 50 12
171 50 12
171 50 12
171 50 12
171 50 12
171 50 12
171 50 12
171 50 12
171 50 12
171 50 12
171 50 12
171 50 12
171 50 12
171 50 12
171 50 12
171 50 12
171 50 12
171 50 12
171 50 12
171 50 12
171 50 12
171 50 12
171 50 12
171 50 12
171 50 12
171 50 12
171 50 12
171 50 12
171 50 12
171 50 12
171 50 12
171 50 12
170 72 22
161 66 22
152 60 22
144 55 22
144 55 12
144 55 12
144 55 12
135 50 22
127 44 22
127 44 12
118 39 22
109 34 22
99 28 22
99 28 12
99 28 12
151 124 22
150 113 22
150 113 12
150 113 12
160 119 22
169 114 22
169 114 12
169 114 12
160 108 22
169 104 22
169 82 22
169 93 22
160 98 22
160 98 12
160 87 22
160 77 22
151 71 22
151 71 12
151 71 12
151 71 12
151 81 22
151 81 12
151 81 12
151 81 12
151 81 12
151 81 12
151 81 12
151 81 12
151 81 12
151 81 12
151 81 12
151 81 12
151 81 12
151 81 12
151 81 12
151 81 12
151 81 12
142 66 22
142 66 12
142 66 12
142 66 12
142 66 12
142 66 12
142 66 12
134 60 22
134 60 12
134 60 12
134 60 12
134 60 12
134 60 12
134 60 12
134 60 12
134 60 12
134 60 12
134 60 12
134 60 12
134 60 12
134 60 12
134 60 12
134 60 12
134 60 12
134 60 12
134 60 12
134 60 12
134 60 12
134 60 12
134 60 12
134 60 12
134 60 12
134 60 12
150 102 22
150 102 12
150 102 12
150 92 22
150 92 12
150 92 12
150 92 12
150 92 12
150 92 12
150 92 12
150 92 12
150 92 12
150 92 12
150 92 12
150 92 12
150 92 12
150 92 12
150 92 12
150 92 12
150 92 12
150 92 12
150 92 12
150 92 12
150 92 12
150 92 12
150 92 12
150 92 12
150 92 12
150 92 12
150 92 12
150 92 12
150 92 12
150 92 12
150 92 12
198 154 22
198 154 12
198 154 12
198 154 12
198 154 12
198 154 12
198 154 12
198 154 12
198 154 12
198 154 12
198 154 12
198 154 12
198 154 12
198 154 12
198 154 12
198 154 12
198 154 12
189 149 22
189 149 12
189 149 12
189 149 12
189 149 12
189 149 12
189 149 12
189 149 12
189 149 12
189 149 12
189 149 12
189 149 12
189 149 12
189 149 12
189 149 12
189 149 12
189 149 12
189 149 12
189 149 12
189 149 12
189 149 12
189 149 12
189 149 12
189 149 12
189 149 12
189 149 12
189 149 12
189 149 12
189 149 12
189 149 12
189 149 12
189 149 12
189 149 12
189 149 12
189 149 12
189 149 12
189 149 12
189 149 12
189 149 12
189 149 12
189 149 12
189 149 12
189 149 12
189 149 12
189 149 12
189 149 12
189 149 12
189 149 12
189 149 12
189 149 12
189 149 12
189 149 12
189 149 12
189 149 12
189 149 12
189 149 12
189 149 12
189 149 12
189 149 12
189 149 12
189 149 12
189 149 12
189 149 12
189 149 12
189 149 12
189 149 12
189 149 12
189 149 12
189 149 12
189 149 12
189 149 12
141 107 22
141 107 12
141 107 12
141 107 12
141 107 12
141 107 12
141 107 12
141 107 12
141 107 12
141 107 12
141 107 12
141 107 12
141 107 12
141 107 12
141 107 12
141 107 12
141 107 12
141 107 12
141 107 12
141 107 12
141 107 12
141 107 12
141 107 12
141 107 12
141 107 12
141 107 12
141 76 22
141 76 12
141 76 12
141 76 12
141 76 12
141 76 12
141 76 12
141 76 12
141 76 12
141 76 12
141 76 12
141 76 12
141 76 12
141 76 12
141 76 12
141 76 12
141 76 12
141 76 12
141 76 12
141 76 12
141 76 12
141 76 12
141 76 12
141 76 12
141 76 12
141 76 12
141 76 12
141 76 12
141 76 12
141 76 12
141 76 12
141 76 12
141 76 12
141 76 12
141 76 12
141 76 12
141 76 12
141 76 12
141 76 12
141 76 12
141 76 12
141 76 12
141 76 12
141 76 12
141 76 12
141 76 12
141 76 12
141 76 12
141 76 12
141 76 12
141 76 12
141 76 12
141 76 12
141 76 12
141 76 12
141 76 12
141 76 12
141 76 12
141 76 12
141 76 12
141 76 12
141 76 12
141 76 12
141 76 12
141 76 12
141 76 12
141 76 12
45 79 22
45 79 12
45 79 12
45 79 12
45 79 12
45 79 12
45 79 12
45 79 12
45 79 12
45 79 12
45 79 12
45 79 12
45 79 12
45 79 12
45 79 12
45 79 12
45 79 12
45 79 12
45 79 12
45 79 12
45 79 12
45 79 12
45 79 12
45 79 12
45 79 12
45 79 12
45 79 12
45 79 12
45 79 12
45 79 12
45 79 12
108 44 22
108 44 12
108 44 12
108 44 12
108 44 12
108 44 12
108 44 12
108 44 12
108 44 12
108 44 12
108 44 12
108 44 12
108 44 12
108 44 12
108 44 12
108 44 12
108 44 12
108 44 12
108 44 12
108 44 12
108 44 12
108 44 12
108 44 12
108 44 12
108 44 12
108 44 12
108 44 12
108 44 12
108 44 12
108 44 12
98 39 22
98 39 12
98 39 12
98 39 12
98 39 12
98 39 12
98 39 12
98 39 12
98 39 12
98 39 12
98 39 12
98 39 12
98 39 12
98 39 12
98 39 12
98 39 12
101 107 22
101 107 12
101 107 12
101 107 12
101 107 12
101 107 12
101 107 12
101 107 12
101 107 12
101 107 12
101 107 12
101 107 12
101 107 12
101 107 12
101 107 12
101 107 12
101 107 12
101 107 12
101 107 12
101 107 12
101 107 12
101 107 12
101 107 12
101 107 12
101 107 12
101 107 12
101 107 12
101 107 12
101 107 12
101 107 12
101 107 12
101 107 12
101 107 12
101 107 12
101 107 12
101 107 12
101 107 12
101 107 12
101 107 12
101 107 12
101 107 12
101 107 12
101 107 12
101 107 12
101 107 12
101 107 12
101 107 12
101 107 12
101 107 12
101 107 12
101 107 12
101 107 12
101 107 12
101 107 12
101 107 12
101 107 12
101 107 12
101 107 12
101 107 12
101 107 12
101 107 12
101 107 12
101 107 12
101 107 12
101 107 12
101 107 12
101 107 12
101 107 12
101 107 12
101 107 12
101 107 12
160 130 22
160 130 12
160 130 12
160 130 12
160 130 12
160 130 12
170 125 22
170 125 12
170 125 12
170 125 12
170 125 12
170 125 12
170 125 12
170 125 12
170 125 12
170 125 12
170 125 12
170 125 12
170 125 12
170 125 12
170 125 12
170 125 12
170 125 12
170 125 12
170 125 12
170 125 12
170 125 12
170 125 12
170 125 12
170 125 12
170 125 12
170 125 12
170 125 12
170 125 12
170 125 12
170 125 12
170 125 12
170 125 12
170 125 12
170 125 12
170 125 12
170 125 12
170 125 12
170 125 12
170 125 12
170 125 12
170 125 12
170 125 12
170 125 12
170 125 12
170 125 12
170 125 12
170 125 12
170 125 12
170 125 12
170 125 12
170 125 12
170 125 12
170 125 12
170 125 12
170 125 12
170 125 12
170 125 12
170 125 12
170 125 12
170 125 12
151 135 22
151 135 12
151 135 12
151 135 12
160 141 22
160 141 12
160 141 12
160 141 12
160 141 12
160 141 12
160 141 12
160 141 12
160 141 12
160 141 12
160 141 12
160 141 12
160 141 12
160 141 12
160 141 12
160 141 12
160 141 12
160 141 12
160 141 12
160 141 12
160 141 12
160 141 12
160 141 12
160 141 12
160 141 12
160 141 12
160 141 12
160 141 12
160 141 12
160 141 12
160 141 12
160 141 12
160 141 12
160 141 12
160 141 12
160 141 12
160 141 12
160 141 12
160 141 12
160 141 12
160 141 12
160 141 12
160 141 12
160 141 12
160 141 12
160 141 12
160 141 12
160 141 12
160 141 12
160 141 12
160 141 12
160 141 12
160 141 12
160 141 12
160 141 12
160 141 12
160 141 12
160 141 12
160 141 12
160 141 12
160 141 12
160 141 12
160 141 12
160 141 12
160 141 12
160 141 12
160 141 12
160 141 12
160 141 12
160 141 12
160 141 12
160 141 12
160 141 12
160 141 12
160 141 12
160 141 12
160 141 12
160 141 12
160 141 12
160 141 12
160 141 12
160 141 12
146 23 22
146 23 12
146 23 12
146 23 12
146 23 12
146 23 12
146 23 12
146 23 12
146 23 12
146 23 12
146 23 12
146 23 12
146 23 12
146 23 12
146 23 12
146 23 12
146 23 12
146 23 12
146 23 12
146 23 12
146 23 12
146 23 12
146 23 12
146 23 12
146 23 12
146 23 12
146 23 12
146 23 12
146 23 12
146 23 12
146 23 12
146 23 12
146 23 12
146 23 12
146 23 12
146 23 12
146 23 12
146 23 12
146 23 12
146 23 12
146 23 12
146 23 12
146 23 12
146 23 12
146 23 12
146 23 12
146 23 12
146 23 12
146 23 12
146 23 12
146 23 12
146 23 12
146 23 12
146 23 12
146 23 12
146 23 12
146 23 12
146 23 12
146 23 12
146 23 12
146 23 12
146 23 12
146 23 12
146 23 12
146 23 12
146 23 12
146 23 12
146 23 12
146 23 12
146 23 12
46 67 22
46 67 12
46 67 12
46 67 12
46 67 12
46 67 12
46 67 12
46 67 12
46 67 12
46 67 12
46 67 12
46 67 12
46 67 12
46 67 12
46 67 12
46 67 12
46 67 12
46 67 12
46 67 12
46 67 12
46 67 12
46 67 12
46 67 12
46 67 12
46 67 12
46 67 12
46 67 12
46 67 12
46 67 12
46 67 12
46 67 12
46 67 12
46 67 12
46 67 12
46 67 12
46 67 12
46 67 12
46 67 12
46 67 12
46 67 12
46 67 12
46 67 12
46 67 12
46 67 12
46 67 12
46 67 12
46 67 12
46 67 12
46 67 12
46 67 12
46 67 12
46 67 12
46 67 12
46 67 12
46 67 12
46 67 12
46 67 12
46 67 12
46 67 12
46 67 12
46 67 12
125 55 22
125 55 12
125 55 12
125 55 12
125 55 12
125 55 12
125 55 12
125 55 12
125 55 12
125 55 12
125 55 12
125 55 12
125 55 12
125 55 12
125 55 12
125 55 12
125 55 12
125 55 12
125 55 12
125 55 12
125 55 12
125 55 12
125 55 12
125 55 12
125 55 12
125 55 12
125 55 12
125 55 12
125 55 12
125 55 12
125 55 12
125 55 12
125 55 12
125 55 12
125 55 12
125 55 12
125 55 12
125 55 12
125 55 12
125 55 12
125 55 12
125 55 12
116 50 22
116 50 12
116 50 12
116 50 12
116 50 12
116 50 12
116 50 12
116 50 12
116 50 12
116 50 12
116 50 12
116 50 12
116 50 12
116 50 12
116 50 12
116 50 12
116 50 12
116 50 12
116 50 12
116 50 12
116 50 12
116 50 12
116 50 12
116 50 12
116 50 12
116 50 12
116 50 12
116 50 12
116 50 12
116 50 12
116 50 12
116 50 12
116 50 12
116 50 12
116 50 12
116 50 12
116 50 12
116 50 12
116 50 12
116 50 12
116 50 12
116 50 12
116 50 12
116 50 12
116 50 12
116 50 12
116 50 12
179 165 22
179 165 12
179 165 12
179 165 12
179 165 12
179 165 12
179 165 12
179 165 12
179 165 12
179 165 12
179 165 12
179 165 12
179 165 12
179 165 12
179 165 12
179 165 12
179 165 12
179 165 12
179 176 22
179 188 22
179 188 12
179 188 12
170 182 22
170 182 12
170 182 12
170 182 12
170 182 12
170 170 22
170 170 12
170 170 12
170 170 12
170 170 12
170 170 12
170 170 12
170 170 12
170 170 12
170 170 12
170 170 12
170 170 12
170 170 12
170 170 12
170 170 12
170 170 12
170 170 12
170 170 12
170 170 12
170 170 12
170 170 12
170 170 12
170 170 12
170 170 12
170 170 12
170 170 12
170 170 12
170 170 12
170 170 12
170 170 12
170 170 12
170 170 12
170 170 12
170 170 12
170 170 12
170 170 12
170 170 12
170 170 12
170 170 12
170 170 12
170 170 12
170 193 22
170 193 12
170 193 12
170 193 12
170 193 12
170 193 12
170 193 12
170 193 12
170 193 12
170 193 12
170 193 12
170 193 12
170 193 12
170 193 12
170 193 12
170 193 12
170 193 12
170 193 12
170 193 12
170 193 12
170 193 12
170 193 12
170 193 12
170 193 12
170 193 12
170 193 12
170 193 12
170 193 12
170 193 12
170 193 12
170 193 12
170 193 12
170 193 12
179 199 22
179 199 12
179 199 12
179 199 12
179 199 12
179 199 12
179 199 12
179 199 12
179 199 12
179 199 12
179 199 12
198 89 22
198 89 12
198 89 12
198 89 12
198 89 12
198 89 12
198 89 12
198 89 12
198 89 12
198 89 12
198 89 12
198 89 12
198 78 22
198 78 12
198 78 12
198 78 12
198 78 12
198 78 12
198 78 12
198 78 12
198 78 12
198 78 12
198 78 12
198 78 12
198 78 12
198 78 12
198 78 12
198 78 12
198 78 12
198 78 12
198 78 12
198 78 12
198 78 12
198 78 12
198 78 12
198 78 12
198 78 12
198 78 12
198 78 12
198 78 12
198 78 12
198 78 12
198 78 12
198 78 12
198 78 12
198 78 12
198 78 12
198 78 12
198 78 12
198 78 12
198 78 12
198 78 12
198 78 12
198 78 12
198 100 22
198 100 12
198 100 12
198 100 12
198 100 12
198 100 12
198 100 12
198 100 12
198 100 12
198 100 12
198 100 12
198 100 12
198 100 12
198 100 12
198 100 12
198 100 12
198 100 12
198 100 12
198 100 12
198 100 12
198 100 12
198 100 12
198 100 12
198 100 12
198 100 12
198 100 12
198 100 12
198 100 12
198 100 12
198 100 12
198 100 12
198 100 12
198 100 12
198 100 12
198 100 12
198 100 12
198 100 12
198 100 12
198 100 12
198 100 12
198 100 12
198 100 12
198 100 12
198 100 12
198 100 12
198 100 12
198 100 12
198 100 12
198 100 12
198 100 12
198 100 12
198 100 12
198 100 12
198 100 12
198 100 12
198 100 12
198 100 12
198 100 12
198 100 12
198 100 12
198 100 12
198 100 12
198 100 12
198 100 12
198 100 12
198 100 12
198 100 12
198 100 12
198 100 12
198 100 12
198 100 12
198 100 12
198 100 12
198 100 12
198 100 12
198 100 12
198 100 12
198 100 12
198 100 12
141 141 22
132 146 22
142 152 22
142 152 12
142 152 12
142 152 12
142 152 12
142 152 12
142 152 12
142 152 12
142 152 12
142 152 12
142 152 12
142 152 12
142 152 12
142 152 12
142 152 12
142 152 12
142 152 12
142 152 12
142 152 12
142 152 12
142 152 12
142 152 12
142 152 12
142 152 12
142 152 12
142 152 12
142 152 12
142 152 12
142 152 12
142 152 12
142 152 12
142 152 12
142 152 12
142 152 12
142 152 12
142 152 12
142 152 12
142 152 12
142 152 12
142 152 12
63 99 22
72 104 22
81 109 22
81 109 12
81 109 12
81 109 12
81 109 12
81 109 12
81 109 12
81 109 12
54 95 22
54 95 12
45 90 22
45 90 12
45 90 12
45 90 12
45 90 12
45 90 12
45 90 12
45 90 12
45 90 12
45 90 12
45 90 12
45 90 12
45 90 12
45 90 12
45 90 12
45 90 12
45 90 12
45 90 12
45 90 12
45 90 12
45 90 12
45 90 12
45 90 12
45 90 12
45 90 12
45 90 12
45 90 12
45 90 12
45 90 12
45 90 12
45 90 12
45 90 12
72 115 22
72 115 12
63 110 22
63 110 12
54 106 22
54 106 12
54 106 12
45 101 22
45 101 12
45 101 12
45 101 12
45 101 12
45 101 12
45 101 12
45 101 12
45 101 12
45 101 12
45 101 12
82 120 22
82 120 12
82 120 12
82 120 12
82 120 12
82 120 12
82 120 12
82 120 12
82 120 12
82 120 12
82 120 12
82 120 12
82 120 12
82 120 12
82 120 12
82 120 12
82 120 12
91 113 22
91 113 12
91 113 12
91 113 12
91 113 12
91 113 12
91 113 12
91 113 12
91 113 12
91 113 12
91 113 12
91 113 12
91 113 12
91 113 12
91 113 12
91 113 12
91 113 12
91 113 12
91 113 12
91 113 12
91 113 12
91 113 12
91 113 12
91 113 12
91 113 12
91 113 12
91 113 12
91 113 12
91 113 12
91 113 12
91 113 12
91 113 12
91 113 12
91 113 12
91 113 12
91 113 12
91 113 12
91 113 12
91 113 12
91 113 12
91 113 12
91 113 12
91 113 12
91 113 12
91 113 12
91 113 12
91 113 12
91 113 12
91 113 12
91 113 12
91 113 12
91 113 12
91 113 12
91 113 12
91 113 12
91 113 12
91 113 12
91 113 12
91 113 12
91 113 12
91 113 12
91 113 12
91 113 12
91 113 12
91 113 12
91 113 12
91 113 12
91 113 12
91 113 12
73 126 22
73 126 12
73 126 12
73 126 12
73 126 12
73 126 12
73 126 12
73 126 12
73 126 12
73 126 12
73 126 12
73 126 12
73 126 12
73 126 12
73 126 12
73 126 12
73 126 12
73 126 12
73 126 12
73 126 12
73 126 12
73 126 12
83 131 22
83 131 12
83 131 12
83 131 12
83 131 12
83 131 12
83 131 12
83 131 12
83 131 12
83 131 12
83 131 12
83 131 12
83 131 12
83 131 12
83 131 12
83 131 12
83 131 12
83 131 12
83 131 12
83 131 12
83 131 12
83 131 12
83 131 12
83 131 12
83 131 12
83 131 12
83 131 12
83 131 12
83 131 12
83 131 12
83 131 12
83 131 12
83 131 12
83 131 12
83 131 12
83 131 12
83 131 12
83 131 12
83 131 12
83 131 12
83 131 12
83 131 12
83 131 12
83 131 12
83 131 12
83 131 12
83 131 12
83 131 12
83 131 12
83 131 12
83 131 12
83 131 12
83 131 12
83 131 12
83 131 12
83 131 12
83 131 12
83 131 12
83 131 12
83 131 12
83 131 12
83 131 12
83 131 12
83 131 12
83 131 12
83 131 12
83 131 12
83 131 12
83 131 12
83 131 12
83 131 12
83 131 12
83 131 12
83 131 12
83 131 12
83 131 12
83 131 12
83 131 12
83 131 12
83 131 12
83 131 12
83 131 12
83 131 12
83 131 12
83 131 12
83 131 12
63 121 22
63 121 12
54 117 22
54 117 12
54 117 12
54 117 12
54 117 12
54 117 12
54 117 12
54 117 12
54 117 12
54 117 12
54 117 12
54 117 12
54 117 12
54 117 12
54 117 12
54 117 12
54 117 12
45 112 22
45 112 12
45 112 12
45 112 12
45 112 12
45 112 12
45 112 12
45 112 12
45 112 12
45 112 12
45 112 12
45 112 12
45 112 12
45 112 12
45 112 12
45 112 12
45 112 12
45 112 12
45 112 12
45 112 12
45 112 12
45 112 12
45 112 12
45 112 12
45 112 12
45 112 12
45 112 12
45 112 12
45 112 12
45 112 12
45 112 12
45 112 12
45 112 12
45 112 12
45 112 12
45 112 12
45 112 12
45 112 12
45 112 12
45 112 12
45 112 12
45 112 12
45 112 12
45 112 12
45 112 12
45 112 12
45 112 12
45 112 12
45 112 12
45 112 12
45 112 12
45 112 12
45 112 12
45 112 12
45 112 12
45 112 12
55 128 22
55 128 12
55 128 12
55 128 12
55 128 12
55 128 12
55 128 12
55 128 12
55 128 12
55 128 12
55 128 12
55 128 12
55 128 12
55 128 12
55 128 12
55 128 12
55 128 12
55 128 12
55 128 12
55 128 12
55 128 12
55 128 12
55 128 12
55 128 12
55 128 12
55 128 12
55 128 12
55 128 12
55 128 12
55 128 12
55 128 12
55 128 12
64 132 22
64 132 12
64 132 12
64 132 12
64 132 12
64 132 12
64 132 12
64 132 12
64 132 12
64 132 12
64 132 12
64 132 12
64 132 12
64 132 12
64 132 12
64 132 12
64 132 12
64 132 12
64 132 12
64 132 12
64 132 12
64 132 12
64 132 12
64 132 12
64 132 12
64 132 12
64 132 12
64 132 12
64 132 12
64 132 12
64 132 12
64 132 12
64 132 12
64 132 12
64 132 12
64 132 12
64 132 12
64 132 12
64 132 12
83 76 22
74 71 22
65 66 22
92 81 22
92 81 12
75 61 22
75 61 12
84 66 22
84 66 12
84 66 12
84 66 12
84 66 12
93 71 22
93 71 12
93 71 12
93 71 12
93 71 12
66 56 22
56 61 22
56 61 12
56 61 12
56 61 12
57 50 22
101 86 22
101 86 12
101 86 12
101 86 12
102 76 22
102 76 12
102 76 12
102 76 12
102 76 12
102 76 12
102 76 12
102 76 12
102 76 12
102 76 12
102 76 12
102 76 12
102 76 12
102 76 12
102 76 12
102 76 12
102 76 12
102 76 12
102 76 12
102 76 12
102 76 12
102 76 12
102 76 12
102 76 12
102 76 12
102 76 12
102 76 12
102 76 12
102 76 12
102 76 12
102 76 12
102 76 12
102 76 12
102 76 12
102 76 12
102 76 12
102 76 12
102 76 12
102 76 12
47 56 22
47 56 12
48 45 22
48 45 12
48 45 12
48 45 12
48 45 12
48 45 12
48 45 12
48 45 12
48 45 12
48 45 12
48 45 12
48 45 12
48 45 12
95 60 22
95 60 12
95 60 12
95 60 12
95 60 12
95 60 12
95 60 12
95 60 12
95 60 12
95 60 12
95 60 12
95 60 12
95 60 12
95 60 12
95 60 12
95 60 12
95 60 12
95 60 12
95 60 12
95 60 12
95 60 12
95 60 12
95 60 12
95 60 12
95 60 12
95 60 12
95 60 12
95 60 12
95 60 12
95 60 12
95 60 12
95 60 12
95 60 12
95 60 12
95 60 12
95 60 12
95 60 12
95 60 12
95 60 12
95 60 12
95 60 12
95 60 12
95 60 12
95 60 12
95 60 12
95 60 12
95 60 12
95 60 12
95 60 12
95 60 12
95 60 12
95 60 12
95 60 12
95 60 12
95 60 12
95 60 12
95 60 12
95 60 12
95 60 12
95 60 12
95 60 12
95 60 12
95 60 12
95 60 12
95 60 12
95 60 12
95 60 12
95 60 12
95 60 12
95 60 12
95 60 12
95 60 12
95 60 12
95 60 12
95 60 12
95 60 12
95 60 12
95 60 12
95 60 12
95 60 12
95 60 12
95 60 12
95 60 12
95 60 12
95 60 12
95 60 12
95 60 12
38 51 22
38 51 12
38 51 12
38 51 12
38 51 12
38 51 12
38 51 12
38 51 12
38 51 12
38 51 12
38 51 12
38 51 12
38 51 12
38 51 12
38 51 12
38 51 12
38 51 12
38 51 12
38 51 12
38 51 12
38 51 12
38 51 12
38 51 12
38 51 12
38 51 12
38 51 12
38 51 12
38 51 12
38 51 12
38 51 12
38 51 12
38 51 12
38 51 12
38 51 12
38 51 12
38 51 12
38 51 12
38 51 12
89 34 22
89 34 12
89 34 12
89 34 12
89 34 12
89 34 12
89 34 12
89 34 12
89 34 12
89 34 12
90 23 22
90 23 12
90 23 12
90 23 12
90 23 12
90 23 12
90 23 12
90 23 12
90 23 12
90 23 12
90 23 12
90 23 12
90 23 12
90 23 12
90 23 12
90 23 12
90 23 12
90 23 12
90 23 12
90 23 12
90 23 12
90 23 12
90 23 12
90 23 12
161 187 22
161 187 12
161 187 12
161 187 12
161 187 12
161 187 12
161 187 12
161 187 12
161 187 12
161 187 12
161 187 12
161 187 12
161 187 12
161 187 12
161 187 12
161 187 12
161 187 12
161 187 12
161 187 12
161 187 12
161 187 12
161 187 12
161 187 12
161 187 12
161 187 12
161 187 12
161 187 12
161 187 12
161 187 12
161 187 12
161 187 12
161 187 12
161 187 12
161 187 12
161 187 12
161 187 12
161 187 12
161 187 12
161 187 12
161 187 12
161 187 12
161 187 12
161 187 12
161 187 12
161 187 12
161 187 12
161 187 12
161 187 12
161 187 12
161 187 12
161 187 12
161 187 12
161 187 12
161 187 12
161 187 12
161 187 12
161 187 12
161 187 12
161 187 12
161 187 12
161 187 12
161 187 12
161 187 12
161 187 12
161 187 12
161 187 12
161 187 12
161 187 12
161 187 12
161 187 12
161 187 12
161 187 12
161 187 12
161 187 12
161 187 12
161 187 12
161 187 12
161 187 12
161 187 12
161 187 12
161 187 12
161 187 12
161 187 12
161 187 12
161 187 12
161 187 12
122 152 22
122 152 12
122 152 12
122 152 12
122 152 12
122 152 12
122 152 12
122 152 12
132 158 22
132 158 12
132 158 12
132 158 12
132 158 12
132 158 12
132 158 12
132 158 12
132 158 12
132 158 12
132 158 12
132 158 12
132 158 12
132 158 12
132 158 12
132 158 12
132 158 12
132 158 12
132 158 12
132 158 12
132 158 12
132 158 12
132 158 12
132 158 12
132 158 12
132 158 12
132 158 12
132 158 12
132 158 12
132 158 12
132 158 12
132 158 12
132 158 12
132 158 12
113 146 22
113 146 12
113 146 12
113 146 12
113 146 12
113 146 12
113 146 12
113 146 12
113 146 12
113 146 12
113 146 12
113 146 12
113 146 12
113 146 12
113 146 12
113 146 12
113 146 12
113 146 12
113 146 12
113 146 12
113 146 12
113 146 12
113 146 12
113 146 12
113 146 12
113 146 12
113 146 12
113 146 12
113 146 12
113 146 12
113 146 12
113 146 12
113 146 12
113 146 12
113 146 12
113 146 12
113 146 12
113 146 12
113 146 12
113 146 12
113 146 12
113 146 12
113 146 12
113 146 12
113 146 12
113 146 12
113 146 12
113 146 12
113 146 12
113 146 12
113 146 12
113 146 12
113 146 12
113 146 12
113 146 12
113 146 12
113 146 12
113 146 12
113 146 12
113 146 12
113 146 12
113 146 12
113 146 12
113 146 12
113 146 12
113 146 12
113 146 12
113 146 12
113 146 12
113 146 12
113 146 12
113 146 12
113 146 12
113 146 12
113 146 12
113 146 12
113 146 12
113 146 12
113 146 12
113 146 12
113 146 12
113 146 12
113 146 12
113 146 12
113 146 12
113 146 12
67 45 22
67 45 12
67 45 12
77 50 22
77 50 12
77 50 12
77 50 12
77 50 12
78 39 22
78 39 12
78 39 12
78 39 12
78 39 12
78 39 12
78 39 12
78 39 12
78 39 12
78 39 12
78 39 12
78 39 12
88 44 22
88 44 12
88 44 12
88 44 12
88 44 12
88 44 12
88 44 12
88 44 12
88 44 12
88 44 12
88 44 12
88 44 12
88 44 12
88 44 12
88 44 12
88 44 12
88 44 12
88 44 12
88 44 12
88 44 12
88 44 12
88 44 12
88 44 12
88 44 12
88 44 12
88 44 12
88 44 12
88 44 12
88 44 12
88 44 12
88 44 12
88 44 12
88 44 12
88 44 12
88 44 12
88 44 12
88 44 12
88 44 12
88 44 12
88 44 12
88 44 12
88 44 12
88 44 12
88 44 12
88 44 12
88 44 12
88 44 12
88 44 12
88 44 12
88 44 12
88 44 12
88 44 12
88 44 12
88 44 12
88 44 12
58 39 22
58 39 12
58 39 12
58 39 12
58 39 12
58 39 12
58 39 12
58 39 12
58 39 12
58 39 12
58 39 12
58 39 12
58 39 12
58 39 12
58 39 12
68 34 22
68 34 12
68 34 12
68 34 12
68 34 12
68 34 12
68 34 12
68 34 12
68 34 12
68 34 12
68 34 12
68 34 12
68 34 12
68 34 12
68 34 12
68 34 12
68 34 12
79 28 22
79 28 12
79 28 12
79 28 12
79 28 12
79 28 12
79 28 12
79 28 12
79 28 12
79 28 12
79 28 12
79 28 12
79 28 12
79 28 12
79 28 12
79 28 12
79 28 12
79 28 12
161 176 22
161 176 12
161 176 12
161 176 12
161 176 12
161 176 12
161 176 12
161 176 12
161 176 12
161 176 12
161 176 12
161 176 12
161 176 12
161 176 12
161 176 12
161 176 12
161 176 12
161 176 12
161 176 12
161 176 12
161 176 12
161 176 12
161 176 12
161 176 12
161 176 12
161 176 12
161 176 12
161 176 12
161 176 12
161 176 12
161 176 12
161 176 12
161 176 12
161 176 12
161 176 12
161 176 12
161 176 12
161 176 12
161 176 12
161 176 12
161 176 12
161 176 12
161 176 12
161 176 12
161 176 12
161 176 12
161 176 12
161 176 12
161 176 12
161 176 12
161 176 12
161 176 12
161 176 12
161 176 12
161 176 12
161 176 12
161 176 12
161 176 12
161 176 12
161 176 12
161 176 12
161 176 12
161 176 12
161 176 12
161 176 12
161 176 12
161 176 12
161 176 12
161 176 12
161 176 12
161 176 12
161 176 12
161 176 12
161 176 12
161 176 12
161 176 12
161 176 12
161 176 12
161 176 12
161 176 12
161 176 12
161 176 12
161 176 12
161 176 12
161 176 12
161 176 12
161 176 12
161 176 12
161 176 12
161 176 12
161 176 12
161 176 12
161 176 12
161 176 12
161 176 12
161 176 12
161 176 12
161 176 12
161 176 12
161 176 12
161 176 12
161 176 12
161 176 12
161 176 12
161 176 12
161 176 12
161 176 12
100 6 22
100 6 12
100 6 12
100 6 12
100 6 12
100 6 12
100 6 12
100 6 12
100 6 12
100 6 12
100 6 12
100 6 12
100 6 12
100 6 12
100 6 12
100 6 12
100 6 12
100 6 12
100 6 12
100 6 12
100 6 12
100 6 12
100 6 12
100 6 12
100 6 12
100 6 12
100 6 12
100 6 12
100 6 12
100 6 12
100 6 12
100 6 12
100 6 12
100 6 12
100 6 12
100 6 12
100 6 12
100 6 12
100 6 12
100 6 12
100 6 12
100 6 12
100 6 12
100 6 12
100 6 12
100 6 12
100 6 12
100 6 12
100 6 12
100 6 12
129 12 22
129 12 12
129 12 12
129 12 12
129 12 12
129 12 12
129 12 12
129 12 12
129 12 12
129 12 12
129 12 12
129 12 12
129 12 12
129 12 12
129 12 12
129 12 12
129 12 12
129 12 12
129 12 12
129 12 12
119 6 22
119 6 12
119 6 12
119 6 12
119 6 12
119 6 12
119 6 12
119 6 12
119 6 12
119 6 12
119 6 12
119 6 12
119 6 12
119 6 12
119 6 12
119 6 12
138 17 22
138 17 12
138 17 12
138 17 12
138 17 12
138 17 12
138 17 12
138 17 12
138 17 12
138 17 12
138 17 12
138 17 12
138 17 12
138 17 12
138 17 12
138 17 12
138 17 12
138 17 12
138 17 12
138 17 12
138 17 12
138 17 12
138 17 12
138 17 12
138 17 12
138 17 12
138 17 12
138 17 12
138 17 12
138 17 12
138 17 12
138 17 12
138 17 12
138 17 12
138 17 12
138 17 12
138 17 12
138 17 12
138 17 12
138 17 12
138 17 12
138 17 12
138 17 12
138 17 12
138 17 12
138 17 12
138 17 12
138 17 12
138 17 12
138 17 12
138 17 12
138 17 12
138 17 12
138 17 12
138 17 12
138 17 12
138 17 12
138 17 12
138 17 12
138 17 12
138 17 12
138 17 12
138 17 12
138 17 12
138 17 12
138 17 12
138 17 12
138 17 12
138 17 12
138 17 12
138 17 12
138 17 12
138 17 12
109 1 22
109 1 12
109 1 12
109 1 12
109 1 12
109 1 12
109 1 12
109 1 12
109 1 12
109 1 12
109 1 12
109 1 12
109 1 12
109 1 12
109 1 12
109 1 12
109 1 12
109 1 12
109 1 12
109 1 12
109 1 12
109 1 12
109 1 12
109 1 12
109 1 12
109 1 12
109 1 12
109 1 12
109 1 12
109 1 12
109 1 12
109 1 12
109 1 12
109 1 12
109 1 12
109 1 12
109 1 12
109 1 12
109 1 12
109 1 12
109 1 12
109 1 12
109 1 12
109 1 12
109 1 12
109 1 12
109 1 12
109 1 12
109 1 12
109 1 12
109 1 12
109 1 12
109 1 12
109 1 12
109 1 12
109 1 12
109 1 12
109 1 12
109 1 12
109 1 12
109 1 12
109 1 12
128 1 22
128 1 12
128 1 12
128 1 12
128 1 12
128 1 12
128 1 12
128 1 12
128 1 12
128 1 12
128 1 12
128 1 12
128 1 12
128 1 12
128 1 12
128 1 12
128 1 12
128 1 12
128 1 12
128 1 12
128 1 12
128 1 12
128 1 12
128 1 12
128 1 12
128 1 12
128 1 12
128 1 12
128 1 12
128 1 12
128 1 12
128 1 12
128 1 12
128 1 12
128 1 12
128 1 12
128 1 12
128 1 12
128 1 12
128 1 12
128 1 12
128 1 12
128 1 12
128 1 12
128 1 12
128 1 12
128 1 12
128 1 12
128 1 12
128 1 12
128 1 12
128 1 12
128 1 12
128 1 12
128 1 12
128 1 12
128 1 12
128 1 12
128 1 12
128 1 12
128 1 12
128 1 12
128 1 12
128 1 12
128 1 12
128 1 12
128 1 12
128 1 12
128 1 12
128 1 12
128 1 12
128 1 12
128 1 12
128 1 12
128 1 12
128 1 12
128 1 12
128 1 12
128 1 12
128 1 12
128 1 12
128 1 12
128 1 12
128 1 12
128 1 12
128 1 12
128 1 12
128 1 12
128 1 12
128 1 12
128 1 12
128 1 12
128 1 12
128 1 12
59 28 22
59 28 12
59 28 12
59 28 12
59 28 12
59 28 12
59 28 12
59 28 12
59 28 12
59 28 12
59 28 12
59 28 12
59 28 12
59 28 12
59 28 12
59 28 12
59 28 12
59 28 12
59 28 12
69 23 22
69 23 12
69 23 12
69 23 12
69 23 12
69 23 12
69 23 12
69 23 12
69 23 12
69 23 12
69 23 12
69 23 12
69 23 12
69 23 12
69 23 12
69 23 12
69 23 12
69 23 12
69 23 12
80 17 22
80 17 12
80 17 12
80 17 12
80 17 12
80 17 12
80 17 12
80 17 12
80 17 12
80 17 12
80 17 12
80 17 12
80 17 12
80 17 12
80 17 12
80 17 12
80 17 12
80 17 12
80 17 12
80 17 12
80 17 12
80 17 12
80 17 12
80 17 12
80 17 12
80 17 12
80 17 12
80 17 12
80 17 12
80 17 12
80 17 12
80 17 12
80 17 12
80 17 12
80 17 12
80 17 12
80 17 12
80 17 12
80 17 12
80 17 12
80 17 12
80 17 12
80 17 12
80 17 12
80 17 12
80 17 12
80 17 12
80 17 12
80 17 12
80 17 12
80 17 12
80 17 12
80 17 12
80 17 12
80 17 12
80 17 12
80 17 12
80 17 12
80 17 12
80 17 12
80 17 12
80 17 12
80 17 12
80 17 12
80 17 12
80 17 12
80 17 12
80 17 12
80 17 12
80 17 12
80 17 12
80 17 12
80 17 12
80 17 12
80 17 12
80 17 12
80 17 12
80 17 12
80 17 12
80 17 12
80 17 12
80 17 12
80 17 12
80 17 12
80 17 12
80 17 12
80 17 12
80 17 12
48 34 22
48 34 12
48 34 12
48 34 12
48 34 12
48 34 12
48 34 12
48 34 12
48 34 12
48 34 12
48 34 12
48 34 12
48 34 12
48 34 12
48 34 12
48 34 12
48 34 12
48 34 12
48 34 12
48 34 12
48 34 12
48 34 12
48 34 12
48 34 12
48 34 12
48 34 12
48 34 12
48 34 12
48 34 12
48 34 12
48 34 12
48 34 12
48 34 12
48 34 12
48 34 12
48 34 12
48 34 12
48 34 12
48 34 12
48 34 12
48 34 12
48 34 12
48 34 12
48 34 12
48 34 12
48 34 12
48 34 12
48 34 12
48 34 12
48 34 12
48 34 12
48 34 12
59 17 22
59 17 12
59 17 12
59 17 12
59 17 12
59 17 12
59 17 12
59 17 12
59 17 12
59 17 12
59 17 12
59 17 12
59 17 12
59 17 12
59 17 12
59 17 12
59 17 12
59 17 12
27 102 663
27 102 12
27 102 12
27 102 12
27 102 12
27 102 12
27 102 12
27 102 12
27 102 12
27 102 12
27 102 12
27 102 12
27 102 12
27 102 12
27 102 12
27 102 12
27 102 12
27 102 12
27 102 12
27 102 12
27 102 12
27 102 12
27 102 12
27 102 12
27 102 12
27 102 12
27 102 12
27 102 12
27 102 12
27 102 12
27 102 12
27 102 12
27 102 12
27 102 12
27 102 12
27 102 12
27 102 12
27 102 12
27 102 12
27 102 12
27 102 12
27 102 12
27 102 12
27 102 12
27 102 12
27 102 12
27 102 12
27 102 12
27 102 12
27 102 12
27 102 12
27 102 12
27 102 12
27 102 12
27 102 12
27 102 12
27 102 12
27 102 12
27 102 12
27 102 12
27 102 12
27 102 12
27 102 12
27 102 12
27 102 12
27 102 12
27 102 12
27 102 12
27 102 12
27 102 12
27 102 12
27 102 12
27 102 12
27 102 12
27 102 12
27 102 12
27 102 12
27 102 12
27 102 12
27 102 12
27 102 12
27 102 12
27 102 12
27 102 12
27 102 12
27 102 12
27 102 12
27 102 12
27 102 12
27 102 12
27 102 12
27 102 12
27 102 12
27 102 12
27 102 12
27 102 12
27 102 12
27 102 12
27 102 12
27 102 12
27 102 12
27 102 12
27 102 12
27 102 12
27 102 12
27 102 12
27 102 12
36 96 22
36 96 12
36 96 12
36 96 12
36 96 12
36 96 12
36 96 12
36 96 12
36 96 12
36 96 12
36 96 12
36 96 12
36 96 12
36 96 12
36 96 12
36 96 12
36 96 12
36 96 12
36 96 12
36 96 12
36 96 12
36 96 12
36 96 12
36 96 12
36 96 12
36 96 12
36 96 12
36 96 12
36 96 12
36 96 12
36 96 12
36 96 12
36 96 12
36 96 12
36 96 12
36 96 12
36 96 12
36 96 12
36 96 12
36 96 12
36 96 12
36 96 12
36 96 12
36 96 12
36 96 12
36 96 12
36 96 12
36 96 12
36 96 12
36 96 12
36 96 12
36 96 12
36 96 12
36 96 12
36 96 12
36 96 12
36 96 12
36 96 12
36 96 12
36 96 12
36 96 12
36 96 12
36 96 12
36 96 12
36 96 12
36 96 12
36 96 12
36 96 12
36 96 12
36 96 12
36 96 12
36 96 12
36 96 12
36 96 12
36 96 12
36 96 12
36 96 12
36 96 12
36 96 12
36 96 12
36 96 12
36 96 12
36 96 12
36 96 12
36 96 12
36 96 12
36 96 12
36 96 12
36 96 12
36 96 12
36 96 12
36 96 12
36 107 201
36 107 12
36 107 12
36 107 12
36 107 12
36 107 12
36 107 12
36 107 12
36 107 12
36 107 12
36 107 12
36 107 12
36 107 12
36 107 12
36 107 12
36 107 12
36 107 12
36 107 12
36 107 12
36 107 12
36 107 12
36 107 12
36 107 12
36 107 12
36 107 12
36 107 12
36 107 12
36 107 12
36 107 12
36 107 12
36 107 12
36 107 12
36 107 12
36 107 12
36 107 12
36 107 12
36 107 12
36 107 12
36 107 12
36 107 12
36 107 12
36 107 12
36 107 12
36 107 12
36 107 12
36 107 12
36 107 12
36 107 12
36 107 12
36 107 12
36 107 12
36 107 12
36 107 12
36 107 12
36 107 12
36 107 12
36 107 12
36 107 12
36 107 12
36 107 12
36 107 12
36 107 12
36 107 12
36 107 12
36 107 12
36 107 12
36 107 12
36 107 12
36 107 12
36 107 12
36 107 12
36 107 12
36 107 12
36 107 12
36 107 12
36 107 12
179 154 22
179 154 12
179 154 12
179 154 12
179 154 12
179 154 12
179 154 12
179 154 12
179 154 12
179 154 12
179 154 12
179 154 12
179 154 12
179 154 12
179 154 12
179 154 12
179 154 12
179 154 12
179 154 12
179 154 12
179 154 12
179 154 12
179 154 12
179 154 12
179 154 12
179 154 12
179 154 12
179 154 12
179 154 12
179 154 12
179 154 12
179 154 12
179 154 12
179 154 12
179 154 12
179 154 12
179 154 12
179 154 12
179 154 12
179 154 12
179 154 12
179 154 12
179 154 12
179 154 12
179 154 12
179 154 12
179 154 12
179 154 12
179 154 12
179 154 12
179 154 12
179 154 12
179 154 12
179 154 12
179 154 12
179 154 12
179 154 12
179 154 12
179 154 12
179 154 12
179 154 12
179 154 12
179 154 12
179 154 12
179 154 12
179 154 12
179 154 12
179 154 12
179 154 12
179 154 12
179 154 12
179 154 12
179 154 12
179 154 12
179 154 12
179 154 12
179 154 12
179 154 12
179 154 12
179 154 12
179 154 12
179 154 12
179 154 12
179 154 12
179 154 12
179 154 12
179 154 12
179 154 12
179 154 12
179 154 12
179 154 12
179 154 12
179 154 12
179 154 12
179 154 12
179 154 12
179 154 12
179 154 12
179 154 12
179 154 12
179 154 12
179 154 12
179 154 12
179 154 12
179 154 12
179 154 12
179 154 12
179 154 12
179 154 12
179 154 12
179 154 12
179 154 12
179 154 12
179 154 12
198 143 22
198 143 12
198 143 12
198 143 12
198 143 12
198 143 12
198 143 12
198 143 12
198 143 12
198 143 12
198 143 12
198 143 12
198 143 12
198 143 12
198 143 12
198 143 12
198 143 12
198 143 12
198 143 12
198 143 12
198 143 12
198 143 12
198 143 12
198 143 12
198 143 12
198 143 12
198 143 12
198 143 12
198 143 12
198 143 12
198 143 12
198 143 12
198 143 12
198 143 12
198 143 12
198 143 12
198 143 12
198 143 12
198 143 12
198 143 12
198 143 12
198 143 12
198 143 12
198 143 12
198 143 12
198 143 12
198 143 12
198 132 22
198 132 12
198 132 12
198 132 12
198 132 12
198 132 12
198 132 12
198 132 12
198 132 12
198 132 12
198 132 12
198 132 12
198 132 12
198 132 12
198 132 12
198 132 12
198 132 12
198 132 12
198 132 12
198 132 12
198 132 12
198 132 12
198 132 12
198 132 12
198 132 12
198 132 12
198 132 12
198 132 12
198 132 12
198 132 12
198 132 12
198 132 12
198 132 12
198 132 12
198 132 12
198 132 12
198 132 12
198 132 12
198 132 12
198 132 12
198 132 12
198 132 12
198 132 12
198 132 12
198 132 12
198 132 12
198 132 12
198 132 12
198 132 12
198 132 12
198 132 12
198 132 12
198 132 12
198 132 12
198 132 12
198 132 12
198 132 12
198 132 12
198 132 12
198 132 12
198 132 12
198 132 12
198 132 12
198 132 12
198 132 12
198 132 12
198 132 12
198 132 12
198 132 12
198 132 12
198 132 12
198 132 12
198 132 12
198 132 12
198 132 12
198 132 12
198 132 12
198 132 12
198 132 12
198 132 12
198 132 12
198 132 12
198 132 12
198 132 12
198 132 12
198 132 12
198 132 12
198 132 12
198 132 12
198 132 12
198 132 12
198 132 12
198 132 12
198 132 12
198 132 12
198 132 12
198 132 12
198 132 12
198 132 12
198 132 12
198 132 12
198 132 12
198 132 12
198 132 12
198 132 12
198 132 12
198 132 12
198 132 12
198 132 12
198 132 12
198 132 12
198 132 12
198 132 12
198 132 12
198 132 12
198 132 12
198 132 12
198 132 12
198 132 12
198 132 12
198 132 12
198 132 12
198 132 12
198 132 12
198 132 12
198 132 12
198 132 12
198 132 12
198 132 12
198 132 12
198 132 12
198 132 12
198 132 12
198 132 12
198 132 12
198 132 12
198 132 12
198 132 12
198 132 12
170 159 230
170 159 12
170 159 12
170 159 12
170 159 12
170 159 12
170 159 12
170 159 12
170 159 12
170 159 12
170 159 12
170 159 12
170 159 12
170 159 12
170 159 12
170 159 12
170 159 12
170 159 12
170 159 12
170 159 12
170 159 12
170 159 12
170 159 12
170 159 12
170 159 12
170 159 12
170 159 12
170 159 12
170 159 12
170 159 12
170 159 12
170 159 12
170 159 12
170 159 12
170 159 12
170 159 12
170 159 12
170 159 12
170 159 12
170 159 12
170 159 12
170 159 12
170 159 12
170 159 12
170 159 12
170 159 12
170 159 12
170 159 12
170 159 12
170 159 12
170 159 12
170 159 12
170 159 12
170 159 12
170 159 12
170 159 12
170 159 12
170 159 12
170 159 12
170 159 12
170 159 12
170 159 12
170 159 12
170 159 12
170 159 12
170 159 12
170 159 12
170 159 12
170 159 12
170 159 12
170 159 12
170 159 12
170 159 12
170 159 12
170 159 12
170 159 12
170 159 12
170 159 12
170 159 12
170 159 12
170 159 12
170 159 12
170 159 12
170 159 12
170 159 12
170 159 12
170 159 12
170 159 12
170 159 12
170 159 12
170 159 12
170 159 12
170 159 12
170 159 12
170 159 12
170 159 12
170 159 12
170 159 12
170 159 12
170 159 12
170 159 12
170 159 12
170 159 12
170 159 12
170 159 12
170 159 12
170 159 12
170 159 12
170 159 12
170 159 12
170 159 12
170 159 12
170 159 12
170 159 12
170 159 12
170 159 12
161 199 22
161 199 12
161 199 12
161 199 12
161 199 12
161 199 12
161 199 12
161 199 12
161 199 12
161 199 12
161 199 12
161 199 12
161 199 12
161 199 12
161 199 12
161 199 12
161 199 12
161 199 12
161 199 12
161 199 12
161 199 12
161 199 12
161 199 12
161 199 12
161 199 12
161 199 12
161 199 12
161 199 12
161 199 12
161 199 12
161 199 12
161 199 12
161 199 12
161 199 12
161 199 12
161 199 12
161 199 12
161 199 12
161 199 12
151 193 22
151 193 12
151 193 12
151 193 12
151 193 12
151 193 12
151 193 12
151 193 12
151 193 12
151 193 12
151 193 12
151 193 12
151 193 12
151 193 12
151 193 12
151 193 12
151 193 12
151 193 12
151 193 12
151 193 12
151 193 12
151 193 12
151 193 12
151 193 12
151 193 12
151 193 12
151 193 12
142 198 22
142 198 12
142 198 12
142 198 12
142 198 12
142 198 12
142 198 12
142 198 12
142 198 12
142 198 12
142 198 12
142 198 12
142 198 12
142 198 12
142 198 12
142 198 12
142 198 12
142 198 12
142 198 12
142 198 12
142 198 12
142 198 12
142 198 12
142 198 12
142 187 22
142 187 12
142 187 12
142 187 12
142 187 12
142 187 12
142 187 12
142 187 12
142 187 12
142 187 12
142 187 12
142 187 12
142 187 12
142 187 12
142 187 12
142 187 12
142 187 12
142 187 12
142 187 12
142 187 12
142 187 12
142 187 12
142 187 12
142 187 12
142 187 12
142 187 12
142 187 12
142 187 12
142 187 12
142 187 12
142 187 12
142 187 12
142 187 12
142 187 12
142 187 12
142 187 12
142 187 12
142 187 12
142 187 12
142 187 12
142 187 12
142 187 12
142 187 12
142 187 12
142 187 12
142 187 12
142 187 12
142 187 12
142 187 12
142 187 12
142 187 12
142 187 12
142 187 12
142 187 12
142 187 12
142 187 12
142 187 12
142 187 12
142 187 12
142 187 12
142 187 12
142 187 12
142 187 12
142 187 12
142 187 12
142 187 12
142 187 12
142 187 12
142 187 12
142 187 12
142 187 12
142 187 12
142 187 12
142 187 12
142 187 12
142 187 12
142 187 12
142 187 12
142 187 12
142 187 12
142 187 12
142 187 12
142 187 12
142 187 12
142 187 12
142 187 12
142 187 12
142 187 12
142 187 12
142 187 12
142 187 12
142 187 12
142 187 12
142 187 12
142 187 12
142 187 12
142 187 12
142 187 12
142 187 12
142 187 12
142 187 12
142 187 12
142 187 12
142 187 12
142 187 12
142 187 12
142 187 12
142 187 12
142 187 12
142 187 12
142 187 12
142 187 12
142 187 12
142 187 12
142 187 12
142 187 12
142 187 12
132 193 311
132 193 12
132 193 12
132 193 12
132 193 12
132 193 12
132 193 12
132 193 12
132 193 12
132 193 12
132 193 12
132 193 12
132 193 12
132 193 12
132 193 12
132 193 12
132 193 12
132 193 12
132 193 12
132 193 12
132 193 12
132 193 12
132 193 12
132 193 12
132 193 12
132 193 12
132 193 12
132 193 12
132 193 12
132 193 12
132 193 12
132 193 12
132 193 12
132 193 12
132 193 12
132 193 12
132 193 12
132 193 12
132 193 12
132 193 12
132 193 12
132 193 12
132 193 12
132 193 12
132 193 12
132 193 12
132 193 12
132 193 12
132 193 12
132 193 12
132 193 12
132 193 12
132 193 12
132 193 12
132 193 12
132 193 12
132 193 12
132 193 12
132 193 12
132 193 12
132 193 12
132 193 12
132 193 12
132 193 12
132 193 12
132 193 12
132 193 12
132 193 12
132 193 12
132 193 12
132 193 12
132 193 12
132 193 12
132 193 12
132 193 12
132 193 12
132 193 12
132 193 12
132 193 12
132 193 12
132 193 12
132 193 12
132 193 12
132 193 12
132 193 12
132 193 12
132 193 12
132 193 12
132 193 12
132 193 12
132 193 12
132 193 12
132 193 12
132 193 12
132 193 12
132 193 12
132 193 12
132 193 12
132 193 12
132 193 12
132 193 12
132 193 12
132 193 12
132 193 12
132 193 12
132 193 12
132 193 12
132 193 12
132 193 12
132 193 12
132 193 12
132 193 12
132 193 12
132 193 12
132 193 12
132 193 12
132 193 12
132 193 12
132 193 12
132 193 12
132 193 12
132 193 12
132 193 12
132 193 12
132 193 12
132 193 12
132 193 12
132 193 12
132 193 12
132 193 12
132 193 12
132 193 12
132 193 12
132 193 12
132 193 12
132 193 12
132 193 12
132 193 12
132 193 12
132 193 12
132 193 12
132 193 12
132 193 12
132 193 12
132 193 12
132 193 12
132 193 12
132 193 12
132 193 12
132 193 12
132 193 12
132 193 12
132 193 12
161 176 12
161 176 12
161 176 12
161 176 12
161 176 12
161 176 12
161 176 12
161 176 12
161 176 12
161 176 12
161 176 12
161 176 12
161 176 12
161 176 12
161 176 12
161 176 12
161 176 12
161 176 12
161 176 12
161 176 12
161 176 12
161 176 12
161 176 12
161 176 12
161 176 12
161 176 12
161 176 12
161 176 12
161 176 12
161 176 12
161 176 12
161 176 12
161 176 12
161 176 12
161 176 12
161 176 12
161 176 12
161 176 12
161 176 12
161 176 12
161 176 12
161 176 12
161 176 12
161 176 12
161 176 12
161 176 12
161 176 12
189 137 775
189 137 12
189 137 12
189 137 12
189 137 12
189 137 12
189 137 12
189 137 12
189 137 12
189 137 12
189 137 12
189 137 12
189 137 12
189 137 12
189 137 12
189 137 12
189 137 12
189 137 12
189 137 12
189 137 12
189 137 12
189 137 12
189 137 12
189 137 12
189 137 12
189 137 12
189 137 12
189 137 12
189 137 12
189 137 12
189 137 12
189 137 12
189 137 12
189 137 12
189 137 12
189 137 12
189 137 12
189 137 12
189 137 12
189 137 12
189 137 12
189 137 12
189 137 12
189 137 12
189 137 12
189 137 12
189 137 12
189 137 12
189 137 12
189 137 12
189 137 12
189 137 12
189 137 12
189 137 12
189 137 12
189 137 12
189 137 12
189 137 12
189 137 12
189 137 12
189 137 12
189 137 12
189 137 12
189 137 12
189 137 12
189 137 12
189 137 12
189 137 12
189 137 12
189 137 12
189 137 12
189 137 12
189 137 12
189 137 12
189 137 12
189 137 12
189 137 12
189 137 12
189 137 12
189 137 12
189 137 12
189 137 12
189 137 12
189 137 12
189 137 12
189 137 12
189 137 12
189 137 12
189 137 12
189 137 12
189 137 12
189 137 12
189 137 12
189 137 12
189 137 12
189 137 12
189 137 12
189 137 12
189 137 12
189 137 12
189 137 12
189 137 12
189 137 12
189 137 12
189 137 12
189 137 12
189 137 12
189 137 12
189 137 12
189 137 12
189 137 12
189 137 12
189 137 12
189 137 12
189 137 12
189 137 12
189 137 12
189 137 12
189 137 12
189 137 12
189 137 12
189 137 12
189 137 12
189 137 12
189 137 12
189 137 12
189 137 12
189 137 12
189 137 12
189 137 12
189 137 12
189 137 12
189 137 12
189 137 12
170 159 12
170 159 12
170 159 12
170 159 12
170 159 12
170 159 12
170 159 12
170 159 12
170 159 12
170 159 12
170 159 12
170 159 12
170 159 12
170 159 12
170 159 12
170 159 12
170 159 12
170 159 12
170 159 12
170 159 12
170 159 12
170 159 12
170 159 12
170 159 12
170 159 12
170 159 12
170 159 12
142 187 12
142 187 12
142 187 12
142 187 12
142 187 12
142 187 12
142 187 12
142 187 12
142 187 12
142 187 12
142 187 12
142 187 12
142 187 12
142 187 12
142 187 12
142 187 12
142 187 12
142 187 12
142 187 12
142 187 12
142 187 12
142 187 12
142 187 12
142 187 12
142 187 12
142 187 12
142 187 12
142 187 12
142 187 12
142 187 12
142 187 12
142 187 12
142 187 12
142 187 12
142 187 12
142 187 12
142 187 12
142 187 12
142 187 12
142 187 12
142 187 12
142 187 12
142 187 12
161 164 1164
161 164 12
161 164 12
161 164 12
161 164 12
161 164 12
161 164 12
161 164 12
161 164 12
161 164 12
161 164 12
161 164 12
161 164 12
161 164 12
161 164 12
161 164 12
161 164 12
161 164 12
161 164 12
161 164 12
161 164 12
161 164 12
161 164 12
161 164 12
161 164 12
161 164 12
161 164 12
161 164 12
161 164 12
161 164 12
161 164 12
161 164 12
161 164 12
161 164 12
161 164 12
161 164 12
161 164 12
161 164 12
161 164 12
161 164 12
161 164 12
161 164 12
161 164 12
161 164 12
161 164 12
161 164 12
161 164 12
161 164 12
161 164 12
161 164 12
161 164 12
161 164 12
161 164 12
161 164 12
161 164 12
161 164 12
161 164 12
161 164 12
161 164 12
161 164 12
161 164 12
161 164 12
161 164 12
161 164 12
161 164 12
161 164 12
161 164 12
161 164 12
161 164 12
161 164 12
161 164 12
161 164 12
161 164 12
161 164 12
161 164 12
161 164 12
161 164 12
161 164 12
161 164 12
161 164 12
161 164 12
161 164 12
161 164 12
161 164 12
161 164 12
161 164 12
161 164 12
161 164 12
161 164 12
161 164 12
161 164 12
161 164 12
161 164 12
161 164 12
161 164 12
161 164 12
161 164 12
161 164 12
161 164 12
161 164 12
161 164 12
161 164 12
161 164 12
161 164 12
161 164 12
161 164 12
161 164 12
161 164 12
161 164 12
161 164 12
161 164 12
161 164 12
161 164 12
161 164 12
161 164 12
161 164 12
161 164 12
161 164 12
161 164 12
161 164 12
151 181 1247
151 181 12
151 181 12
151 181 12
151 181 12
151 181 12
151 181 12
151 181 12
151 181 12
151 181 12
151 181 12
151 181 12
151 181 12
151 181 12
151 181 12
151 181 12
151 181 12
151 181 12
151 181 12
151 181 12
151 181 12
151 181 12
151 181 12
151 181 12
151 181 12
151 181 12
151 181 12
151 181 12
151 181 12
151 181 12
151 181 12
151 181 12
151 181 12
151 181 12
151 181 12
151 181 12
151 181 12
151 181 12
151 181 12
151 181 12
151 181 12
151 181 12
151 181 12
151 181 12
151 181 12
151 181 12
151 181 12
151 181 12
151 181 12
151 181 12
151 181 12
151 181 12
151 181 12
151 181 12
151 181 12
151 181 12
151 181 12
151 181 12
151 181 12
151 181 12
151 181 12
151 181 12
151 181 12
151 181 12
151 181 12
151 181 12
151 181 12
151 181 12
151 181 12
151 181 12
151 181 12
151 181 12
151 181 12
151 181 12
151 181 12
151 181 12
151 181 12
151 181 12
151 181 12
151 181 12
151 181 12
151 181 12
151 181 12
151 181 12
151 181 12
151 181 12
151 181 12
151 181 12
151 181 12
151 181 12
151 181 12
151 181 12
151 181 12
151 181 12
151 181 12
151 181 12
151 181 12
151 181 12
151 181 12
151 181 12
151 181 12
151 181 12
151 181 12
151 181 12
151 181 12
151 181 12
151 181 12
198 132 12
198 132 12
198 132 12
198 132 12
198 132 12
198 132 12
198 132 12
198 132 12
198 132 12
198 132 12
198 132 12
198 132 12
198 132 12
198 132 12
198 132 12
198 132 12
198 132 12
198 132 12
198 132 12
198 132 12
198 132 12
198 132 12
198 132 12
198 132 12
198 132 12
198 132 12
198 132 12
198 132 12
198 132 12
198 132 12
198 132 12
198 132 12
198 132 12
198 132 12
198 132 12
198 132 12
198 132 12
198 132 12
198 132 12
198 132 12
198 132 12
198 132 12
198 132 12
198 132 12
198 132 12
198 132 12
198 132 12
198 132 12
198 132 12
198 132 12
198 132 12
198 132 12
198 132 12
198 132 12
198 132 12
198 132 12
198 132 12
198 132 12
198 132 12
198 132 12
198 132 12
198 132 12
198 132 12
198 132 12
198 132 12
198 132 12
198 132 12
198 132 12
198 132 12
198 132 12
198 132 12
198 132 12
198 132 12
198 132 12
198 132 12
198 132 12
198 132 12
198 132 12
198 132 12
198 132 12
198 132 12
198 132 12
198 132 12
198 132 12
198 132 12
198 132 12
198 132 12
198 132 12
198 132 12
198 132 12
198 132 12
198 132 12
198 132 12
198 132 12
198 132 12
198 132 12
198 132 12
198 132 12
198 132 12
170 148 1637
170 148 12
170 148 12
170 148 12
170 148 12
170 148 12
170 148 12
170 148 12
170 148 12
170 148 12
170 148 12
170 148 12
170 148 12
170 148 12
170 148 12
170 148 12
170 148 12
170 148 12
170 148 12
170 148 12
170 148 12
170 148 12
170 148 12
170 148 12
170 148 12
170 148 12
170 148 12
170 148 12
170 148 12
170 148 12
170 148 12
170 148 12
170 148 12
170 148 12
170 148 12
170 148 12
170 148 12
170 148 12
170 148 12
170 148 12
170 148 12
170 148 12
170 148 12
170 148 12
170 148 12
170 148 12
170 148 12
170 148 12
170 148 12
170 148 12
170 148 12
170 148 12
170 148 12
170 148 12
170 148 12
170 148 12
170 148 12
170 148 12
170 148 12
170 148 12
170 148 12
170 148 12
170 148 12
170 148 12
170 148 12
170 148 12
170 148 12
170 148 12
170 148 12
170 148 12
170 148 12
170 148 12
170 148 12
170 148 12
170 148 12
170 148 12
170 148 12
170 148 12
170 148 12
170 148 12
170 148 12
170 148 12
170 148 12
170 148 12
170 148 12
170 148 12
170 148 12
170 148 12
170 148 12
170 148 12
170 148 12
170 148 12
170 148 12
170 148 12
170 148 12
170 148 12
160 141 12
160 141 12
160 141 12
160 141 12
160 141 12
160 141 12
160 141 12
160 141 12
160 141 12
160 141 12
160 141 12
160 141 12
160 141 12
160 141 12
160 141 12
160 141 12
160 141 12
160 141 12
160 141 12
160 141 12
160 141 12
160 141 12
160 141 12
160 141 12
160 141 12
160 141 12
160 141 12
160 141 12
160 141 12
160 141 12
160 141 12
160 141 12
160 141 12
90 92 17
89 92 16
88 92 15
87 92 15
86 92 15
85 92 15
84 92 15
83 92 15
82 92 15
81 92 15
80 92 15
79 92 15
78 92 15
77 92 15
76 92 15
75 92 15
74 92 15
73 92 15
72 92 15
73 71 15
72 71 15
71 71 15
70 71 15
70 72 15
69 72 15
68 72 15
68 73 15
68 74 15
68 75 15
68 76 15
68 77 15
68 78 15
68 79 15
68 80 15
69 80 15
69 81 15
69 82 15
69 83 15
69 84 15
70 84 15
71 84 15
71 85 15
72 85 15
72 86 15
72 87 15
72 88 15
72 89 15
72 90 15
72 91 15
77 39 137
76 39 129
76 39 12
76 40 121
76 41 108
76 42 94
76 43 77
75 43 59
75 44 38
75 44 12
75 45 19
75 45 12
75 45 12
74 45 15
74 45 12
74 45 12
74 46 15
74 46 12
74 46 12
74 47 15
74 47 12
74 47 12
74 47 12
74 48 15
74 48 12
74 48 12
74 48 12
74 49 15
74 49 12
74 49 12
74 49 12
74 50 15
74 50 12
74 50 12
74 50 12
74 51 15
74 51 12
74 51 12
74 51 12
74 52 15
74 52 12
74 52 12
74 52 12
74 53 15
74 53 12
74 53 12
74 53 12
74 54 15
74 54 12
74 54 12
74 55 15
74 55 12
74 55 12
74 56 15
74 56 12
74 56 12
74 57 15
74 57 12
74 58 15
74 58 12
74 59 15
74 59 12
74 60 15
74 60 12
74 61 15
74 61 12
74 62 15
74 62 12
74 63 15
74 63 12
74 64 15
74 64 12
74 65 15
74 65 12
74 66 15
74 66 12
74 67 15
74 68 15
74 69 15
74 70 15
78 38 145
78 38 12
78 38 12
78 38 12
78 37 139
78 37 12
78 37 12
78 37 12
78 37 12
78 37 12
78 37 12
78 36 131
78 36 12
78 36 12
78 36 12
78 36 12
78 36 12
78 36 12
78 36 12
78 36 12
78 36 12
78 36 12
78 36 12
78 35 122
78 35 12
78 35 12
78 35 12
78 35 12
78 35 12
78 35 12
78 35 12
78 35 12
78 35 12
78 35 12
78 35 12
78 35 12
78 35 12
78 35 12
78 35 12
78 34 114
78 34 12
78 34 12
78 34 12
78 34 12
78 34 12
78 34 12
78 34 12
78 34 12
78 34 12
78 34 12
78 34 12
78 34 12
78 34 12
78 34 12
78 34 12
78 34 12
78 34 12
78 34 12
78 34 12
78 33 109
78 33 12
78 33 12
78 33 12
78 33 12
78 33 12
78 33 12
78 33 12
78 33 12
78 33 12
78 33 12
78 33 12
78 33 12
78 33 12
78 33 12
78 33 12
78 33 12
78 33 12
78 33 12
78 33 12
78 33 12
78 33 12
79 33 106
79 33 12
79 33 12
79 33 12
79 33 12
79 33 12
79 33 12
79 33 12
79 33 12
79 33 12
79 33 12
79 33 12
79 33 12
79 33 12
79 33 12
79 33 12
79 33 12
79 33 12
79 33 12
80 33 105
80 33 12
80 33 12
80 33 12
80 33 12
80 33 12
80 33 12
80 33 12
80 33 12
80 33 12
80 33 12
80 33 12
80 33 12
80 33 12
80 33 12
80 33 12
80 32 104
80 32 12
80 32 12
80 32 12
80 32 12
80 32 12
80 32 12
80 32 12
80 32 12
80 32 12
80 32 12
80 32 12
80 32 12
80 32 12
80 32 12
81 32 102
81 32 12
81 32 12
81 32 12
81 32 12
81 32 12
81 32 12
81 32 12
81 32 12
81 32 12
81 32 12
81 32 12
81 32 12
82 32 100
82 32 12
82 32 12
82 32 12
82 32 12
82 32 12
82 32 12
82 32 12
82 32 12
82 32 12
82 32 12
82 32 12
82 32 12
83 32 98
83 32 12
83 32 12
83 32 12
83 32 12
83 32 12
83 32 12
83 32 12
83 32 12
83 32 12
83 32 12
83 32 12
83 32 12
84 32 96
84 32 12
84 32 12
84 32 12
84 32 12
84 32 12
84 32 12
84 32 12
84 32 12
84 32 12
84 32 12
84 32 12
84 32 12
84 32 12
85 32 93
85 32 12
85 32 12
85 32 12
85 32 12
85 32 12
85 32 12
85 32 12
85 32 12
85 32 12
85 32 12
85 32 12
85 32 12
85 32 12
85 31 89
85 31 12
85 31 12
85 31 12
85 31 12
85 31 12
85 31 12
85 31 12
85 31 12
85 31 12
85 31 12
85 31 12
85 31 12
85 31 12
85 31 12
86 31 83
86 31 12
86 31 12
86 31 12
86 31 12
86 31 12
86 31 12
86 31 12
86 31 12
86 31 12
86 31 12
86 31 12
86 31 12
86 31 12
86 31 12
86 31 12
87 31 76
87 31 12
87 31 12
87 31 12
87 31 12
87 31 12
87 31 12
87 31 12
87 31 12
87 31 12
87 31 12
87 31 12
87 31 12
87 31 12
87 31 12
87 31 12
87 31 12
88 31 70
88 31 12
88 31 12
88 31 12
88 31 12
88 31 12
88 31 12
88 31 12
88 31 12
88 31 12
88 31 12
88 31 12
88 31 12
88 31 12
88 31 12
88 31 12
89 31 64
89 31 12
89 31 12
89 31 12
89 31 12
89 31 12
89 31 12
89 31 12
89 31 12
89 31 12
89 31 12
89 31 12
89 31 12
90 31 59
90 31 12
90 31 12
90 31 12
90 31 12
90 31 12
90 31 12
90 31 12
90 31 12
90 31 12
90 30 53
90 30 12
90 30 12
90 30 12
90 30 12
90 30 12
90 30 12
90 30 12
90 30 12
90 30 12
90 30 12
90 30 12
91 30 47
91 30 12
91 30 12
91 30 12
91 30 12
91 30 12
91 30 12
91 30 12
91 30 12
92 30 43
92 30 12
92 30 12
92 30 12
92 30 12
92 30 12
93 30 40
93 30 12
93 30 12
93 30 12
93 29 37
93 29 12
93 29 12
93 29 12
93 29 12
94 29 36
94 29 12
94 29 12
95 29 36
95 29 12
95 28 35
95 28 12
95 28 12
96 28 35
96 28 12
97 28 37
97 28 12
98 28 39
98 28 12
99 27 37
99 27 12
99 26 34
99 26 12
99 26 12
99 25 33
99 25 12
99 25 12
99 25 12
100 25 29
100 25 12
100 25 12
101 25 26
101 25 12
101 24 23
101 24 12
101 24 12
102 24 18
102 24 12
103 24 15
103 24 12
104 24 15
104 23 15
105 23 15
106 23 15
107 23 15
108 23 15
109 23 15
136 38 15
136 37 15
136 36 15
135 36 15
135 35 15
134 35 15
134 35 12
134 34 15
134 34 12
134 33 15
134 33 12
133 33 15
133 33 12
132 33 15
132 33 12
132 32 15
132 32 12
132 31 15
132 31 12
131 31 15
131 31 12
130 31 15
130 31 12
129 31 15
129 31 12
129 30 15
129 30 12
128 30 15
128 30 12
128 29 15
128 29 12
127 29 15
127 29 12
126 29 15
126 29 12
125 29 15
125 29 12
124 29 15
124 29 12
123 29 15
122 29 15
121 29 15
120 29 15
119 29 15
118 28 15
117 28 15
116 28 15
115 28 15
114 28 15
113 28 15
112 28 15
112 27 15
111 27 15
110 27 15
110 26 15
110 25 15
110 24 15
161 55 22
161 55 12
161 54 20
161 54 12
160 54 15
160 54 12
160 53 15
160 53 12
159 53 15
159 53 12
159 52 15
159 52 12
158 52 15
158 51 15
158 50 15
157 50 15
156 50 15
155 50 15
154 50 15
153 49 15
153 48 15
153 48 12
153 47 15
153 47 12
153 46 15
153 46 12
152 46 15
152 46 12
151 46 15
151 46 12
151 45 15
151 45 12
150 45 15
150 45 12
149 45 15
149 45 12
149 44 15
149 44 12
148 44 15
148 44 12
147 44 15
147 44 12
146 44 15
146 44 12
145 43 15
145 43 12
144 43 15
144 43 12
144 42 15
144 42 12
143 42 15
143 42 12
143 41 15
143 41 12
143 40 15
143 40 12
142 40 15
142 40 12
141 40 15
140 40 15
140 39 15
139 39 15
138 39 15
137 39 15
162 56 26
162 56 12
162 57 23
162 58 19
162 58 12
162 59 15
162 59 12
162 60 15
163 60 15
163 60 12
163 61 15
164 61 15
164 61 12
165 61 15
165 61 12
166 61 15
166 61 12
166 62 15
166 62 12
167 62 15
167 62 12
167 62 12
167 63 15
167 63 12
167 64 15
167 64 12
167 65 15
167 65 12
168 65 15
168 65 12
169 65 15
169 65 12
169 66 15
169 66 12
169 67 15
169 67 12
170 67 15
170 67 12
170 68 15
170 68 12
170 69 15
170 70 15
170 71 15
171 72 15
172 72 15
173 72 15
173 73 15
174 73 15
174 73 12
174 74 15
175 74 15
175 75 15
175 76 15
175 77 15
175 78 15
176 78 15
176 79 15
176 80 15
176 81 15
176 82 15
176 83 15
176 84 15
176 85 15
177 85 15
177 86 15
177 87 15
177 88 15
178 88 15
178 88 12
160 118 19
160 117 21
161 117 21
161 116 16
161 115 15
162 115 15
162 114 15
163 114 15
163 114 12
164 114 15
164 114 12
165 114 15
165 114 12
166 114 15
166 114 12
167 114 15
167 114 12
167 114 12
168 114 16
168 114 12
168 114 12
169 113 15
169 113 12
169 113 12
169 112 15
169 112 12
169 111 15
169 111 12
169 110 15
169 110 12
169 109 15
169 109 12
169 108 15
169 108 12
169 107 15
169 107 12
169 106 15
169 106 12
169 105 15
169 105 12
170 104 15
170 104 12
171 104 15
171 104 12
172 104 15
172 104 12
173 104 15
173 104 12
173 104 12
174 104 15
174 104 12
174 104 12
175 104 15
175 104 12
175 104 12
176 104 15
176 104 12
176 104 12
176 103 15
176 103 12
176 103 12
177 103 15
177 103 12
177 103 12
178 103 15
178 103 12
178 103 12
179 103 15
179 103 12
179 103 12
179 102 15
179 102 12
179 102 12
179 101 15
179 101 12
179 100 15
179 100 12
180 99 15
180 99 12
180 98 15
180 98 12
180 97 15
180 97 12
180 96 15
180 96 12
180 95 15
180 95 12
180 94 15
180 94 12
180 93 15
180 93 12
180 92 15
180 92 12
180 91 15
180 91 12
180 90 15
180 90 12
179 90 15
179 90 12
179 89 15
179 89 12
159 130 15
159 130 12
159 130 12
159 130 12
159 130 12
159 129 15
159 129 12
159 129 12
159 128 15
159 128 12
159 128 12
159 127 15
159 127 12
159 126 15
159 126 12
159 125 15
159 125 12
159 124 15
159 123 15
159 122 15
159 121 15
159 120 15
159 119 15
160 131 131
160 132 200
160 132 12
160 132 12
160 133 285
160 133 12
160 133 12
160 133 12
160 133 12
160 133 12
160 134 384
160 134 12
160 134 12
160 134 12
160 134 12
160 134 12
160 134 12
160 134 12
160 134 12
160 134 12
160 134 12
160 134 12
160 135 498
160 135 12
160 135 12
160 135 12
160 135 12
160 135 12
160 135 12
160 135 12
160 135 12
160 135 12
160 135 12
160 135 12
160 135 12
160 135 12
160 135 12
160 135 12
160 135 12
160 136 624
160 136 12
160 136 12
160 136 12
160 136 12
160 136 12
160 136 12
160 136 12
160 136 12
160 136 12
160 136 12
160 136 12
160 136 12
160 136 12
160 136 12
160 136 12
160 136 12
160 136 12
160 136 12
160 136 12
160 137 762
160 137 12
160 137 12
160 137 12
160 137 12
160 137 12
160 137 12
160 137 12
160 137 12
160 137 12
160 137 12
160 137 12
160 137 12
160 137 12
160 137 12
160 137 12
160 137 12
160 137 12
160 137 12
160 137 12
160 138 909
160 138 12
160 138 12
160 138 12
160 138 12
160 138 12
160 138 12
160 138 12
160 138 12
160 138 12
160 138 12
160 138 12
160 138 12
160 138 12
160 138 12
160 138 12
160 138 12
160 138 12
160 139 1064
160 139 12
160 139 12
160 139 12
160 139 12
160 139 12
160 139 12
160 139 12
160 139 12
160 139 12
160 139 12
160 139 12
160 139 12
160 139 12
160 140 1223
160 140 12
160 140 12
160 140 12
160 140 12
160 140 12
160 140 12
160 140 12
160 140 12
161 141 1504
161 141 12
161 141 12
161 141 12
162 141 1627
162 141 12
162 141 12
162 141 12
162 141 12
162 141 12
162 141 12
162 141 12
162 141 12
162 141 12
163 141 1751
163 141 12
163 141 12
163 141 12
163 141 12
163 141 12
163 141 12
163 141 12
163 141 12
163 141 12
163 141 12
163 141 12
163 141 12
163 141 12
163 141 12
163 141 12
163 141 12
163 141 12
163 141 12
163 141 12
163 141 12
164 141 1877
164 141 12
164 141 12
164 141 12
164 141 12
164 141 12
164 141 12
164 141 12
164 141 12
164 141 12
164 141 12
164 141 12
164 141 12
164 141 12
164 141 12
164 141 12
164 141 12
164 141 12
164 141 12
164 141 12
164 141 12
164 141 12
164 141 12
164 141 12
164 141 12
164 141 12
164 141 12
164 141 12
164 141 12
164 141 12
164 141 12
164 141 12
164 141 12
164 141 12
164 141 12
164 141 12
165 141 2004
165 141 12
165 141 12
165 141 12
165 141 12
165 141 12
165 141 12
165 141 12
165 141 12
165 141 12
165 141 12
165 141 12
165 141 12
165 141 12
165 141 12
165 141 12
165 141 12
165 141 12
165 141 12
165 141 12
165 141 12
165 141 12
165 141 12
165 141 12
165 141 12
165 141 12
165 141 12
165 141 12
165 141 12
165 141 12
165 141 12
165 141 12
165 141 12
165 141 12
165 141 12
165 141 12
165 141 12
165 141 12
165 141 12
165 141 12
165 141 12
165 141 12
165 141 12
165 141 12
165 141 12
165 141 12
165 141 12
165 141 12
165 141 12
165 141 12
165 141 12
166 141 2129
166 141 12
166 141 12
166 141 12
166 141 12
166 141 12
166 141 12
166 141 12
166 141 12
166 141 12
166 141 12
166 141 12
166 141 12
166 141 12
166 141 12
166 141 12
166 141 12
166 141 12
166 141 12
166 141 12
166 141 12
166 141 12
166 141 12
166 141 12
166 141 12
166 141 12
166 141 12
166 141 12
166 141 12
166 141 12
166 141 12
166 141 12
166 141 12
166 141 12
166 141 12
166 141 12
166 141 12
166 141 12
166 141 12
166 141 12
166 141 12
166 141 12
166 141 12
166 141 12
166 141 12
166 141 12
166 141 12
166 141 12
166 141 12
166 141 12
166 141 12
166 141 12
166 141 12
166 141 12
166 141 12
166 141 12
166 141 12
166 141 12
166 141 12
166 141 12
166 141 12
166 141 12
166 141 12
166 141 12
166 141 12
166 142 2247
166 142 12
166 142 12
166 142 12
166 142 12
166 142 12
166 142 12
166 142 12
166 142 12
166 142 12
166 142 12
166 142 12
166 142 12
166 142 12
166 142 12
166 142 12
166 142 12
166 142 12
166 142 12
166 142 12
166 142 12
166 142 12
166 142 12
166 142 12
166 142 12
166 142 12
166 142 12
166 142 12
166 142 12
166 142 12
166 142 12
166 142 12
166 142 12
166 142 12
166 142 12
166 142 12
166 142 12
166 142 12
166 142 12
166 142 12
166 142 12
166 142 12
166 142 12
166 142 12
166 142 12
166 142 12
166 142 12
166 142 12
166 142 12
166 142 12
167 142 2356
167 142 12
167 142 12
167 142 12
167 142 12
167 142 12
167 142 12
167 142 12
167 142 12
167 142 12
167 142 12
167 142 12
167 142 12
167 142 12
167 142 12
167 142 12
167 142 12
167 142 12
167 142 12
167 142 12
167 142 12
167 142 12
167 142 12
167 142 12
167 142 12
167 142 12
167 142 12
167 142 12
167 142 12
167 142 12
167 142 12
167 142 12
167 142 12
167 142 12
167 142 12
167 142 12
167 142 12
167 142 12
167 142 12
167 142 12
167 142 12
167 142 12
167 142 12
167 142 12
167 142 12
167 142 12
167 142 12
167 142 12
167 142 12
167 142 12
167 142 12
167 142 12
167 142 12
167 142 12
167 142 12
167 142 12
167 142 12
167 142 12
167 142 12
167 142 12
167 142 12
167 142 12
167 143 2454
167 143 12
167 143 12
167 143 12
167 143 12
167 143 12
167 143 12
167 143 12
167 143 12
167 143 12
167 143 12
167 143 12
167 143 12
167 143 12
167 143 12
167 143 12
167 143 12
167 143 12
167 143 12
167 143 12
167 143 12
167 143 12
167 143 12
167 143 12
167 143 12
167 143 12
167 143 12
167 143 12
167 143 12
167 143 12
167 143 12
167 143 12
167 143 12
167 143 12
167 143 12
167 143 12
167 143 12
167 143 12
167 143 12
167 143 12
167 143 12
167 143 12
167 143 12
167 143 12
167 143 12
168 143 2542
168 143 12
168 143 12
168 143 12
168 143 12
168 143 12
168 143 12
168 143 12
168 143 12
168 143 12
168 143 12
168 143 12
168 143 12
168 143 12
168 143 12
168 143 12
168 143 12
168 143 12
168 143 12
168 143 12
168 143 12
168 143 12
168 143 12
168 143 12
168 143 12
168 143 12
168 143 12
168 143 12
168 143 12
168 143 12
168 143 12
168 143 12
168 143 12
168 143 12
168 143 12
168 143 12
168 143 12
168 143 12
168 143 12
168 143 12
168 143 12
168 143 12
168 143 12
168 143 12
168 143 12
168 143 12
168 143 12
168 143 12
168 143 12
168 143 12
168 143 12
168 143 12
168 144 2615
168 144 12
168 144 12
168 144 12
168 144 12
168 144 12
168 144 12
168 144 12
168 144 12
168 144 12
168 144 12
168 144 12
168 144 12
168 144 12
168 144 12
168 144 12
168 144 12
168 144 12
168 144 12
168 144 12
168 144 12
168 144 12
168 144 12
168 144 12
168 144 12
168 144 12
168 144 12
168 144 12
168 144 12
168 144 12
168 144 12
168 144 12
168 144 12
168 144 12
168 144 12
168 145 2678
168 145 12
168 145 12
168 145 12
168 145 12
168 145 12
168 145 12
168 145 12
168 145 12
168 145 12
168 145 12
168 145 12
168 145 12
168 145 12
168 145 12
168 145 12
168 145 12
168 145 12
168 145 12
168 145 12
168 145 12
168 145 12
168 145 12
168 145 12
169 145 2724
169 145 12
169 145 12
169 145 12
169 145 12
169 145 12
169 145 12
169 145 12
169 145 12
169 145 12
169 145 12
169 145 12
169 145 12
169 145 12
169 145 12
169 145 12
169 145 12
169 145 12
169 145 12
169 146 2758
169 146 12
169 146 12
169 146 12
169 146 12
169 146 12
169 146 12
169 146 12
169 146 12
169 146 12
169 146 12
169 146 12
170 146 2777
170 147 2780
170 149 2749
170 149 12
170 149 12
170 149 12
170 149 12
170 149 12
170 149 12
170 150 2714
170 150 12
170 150 12
170 150 12
170 150 12
170 150 12
170 150 12
170 150 12
170 150 12
170 150 12
170 150 12
170 150 12
170 150 12
170 150 12
170 151 2667
170 151 12
170 151 12
170 151 12
170 151 12
170 151 12
170 151 12
170 151 12
170 151 12
170 151 12
170 151 12
170 151 12
170 151 12
170 151 12
170 151 12
170 151 12
170 151 12
170 151 12
170 151 12
170 151 12
170 152 2608
170 152 12
170 152 12
170 152 12
170 152 12
170 152 12
170 152 12
170 152 12
170 152 12
170 152 12
170 152 12
170 152 12
170 152 12
170 152 12
170 152 12
170 152 12
170 152 12
170 152 12
170 152 12
170 152 12
170 152 12
170 152 12
170 152 12
170 152 12
170 152 12
170 152 12
170 152 12
170 153 2538
170 153 12
170 153 12
170 153 12
170 153 12
170 153 12
170 153 12
170 153 12
170 153 12
170 153 12
170 153 12
170 153 12
170 153 12
170 153 12
170 153 12
170 153 12
170 153 12
170 153 12
170 153 12
170 153 12
170 153 12
170 153 12
170 153 12
170 153 12
170 153 12
170 153 12
170 153 12
170 153 12
170 153 12
170 153 12
170 153 12
170 153 12
170 154 2457
170 154 12
170 154 12
170 154 12
170 154 12
170 154 12
170 154 12
170 154 12
170 154 12
170 154 12
170 154 12
170 154 12
170 154 12
170 154 12
170 154 12
170 154 12
170 154 12
170 154 12
170 154 12
170 154 12
170 154 12
170 154 12
170 154 12
170 154 12
170 154 12
170 154 12
170 154 12
170 154 12
170 154 12
170 154 12
170 154 12
170 154 12
170 154 12
170 154 12
170 155 2367
170 155 12
170 155 12
170 155 12
170 155 12
170 155 12
170 155 12
170 155 12
170 155 12
170 155 12
170 155 12
170 155 12
170 155 12
170 155 12
170 155 12
170 155 12
170 155 12
170 155 12
170 155 12
170 155 12
170 155 12
170 155 12
170 155 12
170 155 12
170 155 12
170 155 12
170 155 12
170 155 12
170 155 12
170 155 12
170 155 12
170 155 12
170 155 12
170 156 2268
170 156 12
170 156 12
170 156 12
170 156 12
170 156 12
170 156 12
170 156 12
170 156 12
170 156 12
170 156 12
170 156 12
170 156 12
170 156 12
170 156 12
170 156 12
170 156 12
170 156 12
170 156 12
170 156 12
170 156 12
170 156 12
170 156 12
170 156 12
170 156 12
170 156 12
170 156 12
170 157 2162
170 157 12
170 157 12
170 157 12
170 157 12
170 157 12
170 157 12
170 157 12
170 157 12
170 157 12
170 157 12
170 157 12
170 157 12
170 157 12
170 157 12
170 157 12
170 157 12
170 157 12
170 157 12
170 158 2048
170 158 12
170 158 12
170 158 12
170 158 12
170 158 12
170 158 12
170 158 12
170 158 12
171 159 1753
172 159 1586
173 159 1428
174 159 1282
174 160 1148
174 161 1017
174 162 891
174 163 769
174 164 654
174 165 545
174 166 442
174 167 348
174 168 261
174 169 183
174 169 12
174 169 12
174 170 113
174 170 12
174 170 12
174 170 12
174 170 12
174 170 12
174 171 52
174 171 12
174 171 12
174 171 12
174 171 12
174 171 12
174 171 12
174 171 12
174 172 15
174 172 12
174 172 12
174 172 12
174 172 12
174 172 12
174 172 12
174 172 12
174 173 15
174 173 12
174 173 12
174 173 12
174 173 12
174 173 12
174 174 15
174 174 12
174 174 12
174 174 12
174 174 12
175 174 15
175 174 12
175 174 12
175 174 12
175 175 15
175 175 12
175 175 12
175 175 12
176 175 15
176 175 12
176 175 12
177 175 15
177 175 12
177 175 12
178 175 15
178 175 12
178 175 12
178 176 15
178 176 12
178 177 15
178 177 12
178 178 15
178 178 12
178 178 12
178 179 15
178 179 12
178 179 12
178 180 15
178 180 12
178 180 12
178 181 15
178 181 12
178 181 12
178 182 15
178 182 12
178 182 12
178 183 15
178 183 12
178 183 12
178 184 15
178 184 12
178 184 12
178 185 16
178 185 12
178 185 12
179 185 24
179 185 12
179 186 30
180 186 36
181 186 42
182 186 48
183 186 52
184 186 53
185 186 52
186 186 46
187 186 37
188 186 25
189 186 15
190 186 15
190 187 15
191 187 15
192 187 15
192 188 15
193 188 15
194 188 15
195 188 15
196 188 15
197 188 15
197 188 12
158 130 15
158 130 12
158 130 12
157 130 15
157 130 12
157 130 12
156 130 15
156 130 12
155 130 15
155 130 12
154 130 15
154 130 12
153 130 15
153 130 12
152 130 15
152 130 12
151 130 15
151 130 12
150 130 15
150 130 12
149 130 15
149 130 12
148 130 15
148 130 12
147 130 22
146 130 33
145 130 40
144 130 42
143 130 39
142 130 33
141 130 23
140 129 15
140 129 12
139 129 15
139 129 12
138 129 15
138 129 12
138 128 15
138 128 12
138 127 15
138 127 12
138 126 15
138 126 12
138 125 15
138 125 12
137 125 15
137 125 12
136 125 15
136 125 12
136 124 15
136 124 12
135 124 15
135 124 12
135 124 12
134 124 15
134 124 12
134 124 12
133 124 15
133 124 12
133 124 12
133 124 12
132 124 15
132 124 12
132 124 12
132 124 12
132 124 12
131 124 16
131 124 12
131 124 12
131 124 12
131 124 12
131 124 12
180 88 20
181 88 22
182 88 21
183 88 16
183 88 12
184 88 15
184 88 12
185 88 15
185 88 12
186 88 15
186 88 12
186 87 15
186 87 12
186 86 15
186 86 12
187 86 15
187 86 12
188 86 15
188 86 12
188 85 15
188 85 12
188 84 15
188 84 12
71 93 15
70 93 15
69 93 15
68 93 15
68 94 15
67 94 15
67 95 15
67 96 15
67 97 15
66 97 15
66 98 15
66 99 15
65 99 15
64 99 15
63 100 15
63 101 15
63 102 15
63 103 15
62 103 15
61 103 15
60 103 16
59 103 20
58 103 21
57 103 19
57 103 12
56 103 15
56 103 12
55 103 15
55 103 12
54 103 15
54 103 12
54 104 15
54 104 12
53 104 15
53 104 12
53 104 12
52 104 15
52 104 12
52 104 12
51 104 15
51 104 12
51 104 12
50 104 15
50 104 12
50 104 12
50 104 12
49 104 15
49 104 12
49 104 12
49 104 12
49 104 12
48 104 33
48 104 12
48 104 12
48 104 12
48 104 12
48 104 12
47 104 67
47 104 12
47 104 12
47 104 12
47 104 12
47 104 12
47 105 106
47 105 12
47 105 12
47 105 12
46 105 153
46 105 12
46 105 12
46 105 12
46 106 202
46 107 259
45 107 316
44 107 382
43 107 456
42 107 537
41 107 624
40 107 715
39 107 809
38 107 905
37 107 1000
36 108 1124
36 108 12
36 108 12
36 108 12
36 108 12
35 108 1215
35 108 12
35 108 12
35 108 12
35 108 12
35 108 12
35 108 12
35 108 12
35 108 12
35 108 12
35 108 12
35 108 12
35 108 12
35 108 12
35 108 12
35 108 12
35 108 12
35 108 12
35 108 12
35 108 12
35 108 12
35 108 12
35 108 12
35 108 12
35 108 12
35 108 12
34 108 1306
34 108 12
34 108 12
34 108 12
34 108 12
34 108 12
34 108 12
34 108 12
34 108 12
34 108 12
34 108 12
34 108 12
34 108 12
34 108 12
34 108 12
34 108 12
34 108 12
34 108 12
34 108 12
34 108 12
34 108 12
34 108 12
34 108 12
34 108 12
34 108 12
34 108 12
34 108 12
34 108 12
34 108 12
34 108 12
34 108 12
34 108 12
34 108 12
34 108 12
34 108 12
34 108 12
34 108 12
34 108 12
34 108 12
34 108 12
34 108 12
34 108 12
34 108 12
34 108 12
34 108 12
34 108 12
34 108 12
33 108 1398
33 108 12
33 108 12
33 108 12
33 108 12
33 108 12
33 108 12
33 108 12
33 108 12
33 108 12
33 108 12
33 108 12
33 108 12
33 108 12
33 108 12
33 108 12
33 108 12
33 108 12
33 108 12
33 108 12
33 108 12
33 108 12
33 108 12
33 108 12
33 108 12
33 108 12
33 108 12
33 108 12
33 108 12
33 108 12
33 108 12
33 108 12
33 108 12
33 108 12
33 108 12
33 108 12
33 108 12
33 108 12
33 108 12
33 108 12
33 108 12
33 108 12
33 108 12
33 108 12
33 108 12
33 108 12
33 108 12
33 108 12
33 108 12
33 108 12
33 108 12
33 108 12
33 108 12
33 108 12
33 108 12
33 108 12
33 108 12
33 108 12
33 108 12
33 108 12
33 108 12
33 108 12
33 108 12
32 108 1491
32 108 12
32 108 12
32 108 12
32 108 12
32 108 12
32 108 12
32 108 12
32 108 12
32 108 12
32 108 12
32 108 12
32 108 12
32 108 12
32 108 12
32 108 12
32 108 12
32 108 12
32 108 12
32 108 12
32 108 12
32 108 12
32 108 12
32 108 12
32 108 12
32 108 12
32 108 12
32 108 12
32 108 12
32 108 12
32 108 12
32 108 12
32 108 12
32 108 12
32 108 12
32 108 12
32 108 12
32 108 12
32 108 12
32 108 12
32 108 12
32 108 12
32 108 12
32 108 12
32 108 12
32 108 12
32 108 12
32 108 12
32 108 12
32 108 12
32 108 12
32 108 12
32 108 12
32 108 12
32 108 12
32 108 12
32 108 12
32 108 12
32 108 12
32 108 12
32 108 12
32 108 12
32 108 12
32 108 12
32 108 12
32 108 12
32 108 12
32 108 12
32 108 12
32 108 12
32 108 12
32 108 12
32 108 12
31 108 1587
31 108 12
31 108 12
31 108 12
31 108 12
31 108 12
31 108 12
31 108 12
31 108 12
31 108 12
31 108 12
31 108 12
31 108 12
31 108 12
31 108 12
31 108 12
31 108 12
31 108 12
31 108 12
31 108 12
31 108 12
31 108 12
31 108 12
31 108 12
31 108 12
31 108 12
31 108 12
31 108 12
31 108 12
31 108 12
31 108 12
31 108 12
31 108 12
31 108 12
31 108 12
31 108 12
31 108 12
31 108 12
31 108 12
31 108 12
31 108 12
31 108 12
31 108 12
31 108 12
31 108 12
31 108 12
31 108 12
31 108 12
31 108 12
31 108 12
31 108 12
31 108 12
31 108 12
31 108 12
31 108 12
31 108 12
31 108 12
31 108 12
31 108 12
31 108 12
31 108 12
31 108 12
31 108 12
31 108 12
31 108 12
31 108 12
31 108 12
31 108 12
31 108 12
31 108 12
31 108 12
31 108 12
31 108 12
31 108 12
31 108 12
31 108 12
30 108 1687
30 108 12
30 108 12
30 108 12
30 108 12
30 108 12
30 108 12
30 108 12
30 108 12
30 108 12
30 108 12
30 108 12
30 108 12
30 108 12
30 108 12
30 108 12
30 108 12
30 108 12
30 108 12
30 108 12
30 108 12
30 108 12
30 108 12
30 108 12
30 108 12
30 108 12
30 108 12
30 108 12
30 108 12
30 108 12
30 108 12
30 108 12
30 108 12
30 108 12
30 108 12
30 108 12
30 108 12
30 108 12
30 108 12
30 108 12
30 108 12
30 108 12
30 108 12
30 108 12
30 108 12
30 108 12
30 108 12
30 108 12
30 108 12
30 108 12
30 108 12
30 108 12
30 108 12
30 108 12
30 108 12
30 108 12
30 108 12
30 108 12
30 108 12
30 108 12
30 108 12
30 108 12
30 108 12
30 108 12
30 108 12
30 108 12
30 108 12
30 108 12
30 108 12
30 108 12
30 108 12
30 108 12
30 108 12
30 108 12
30 108 12
29 108 1791
29 108 12
29 108 12
29 108 12
29 108 12
29 108 12
29 108 12
29 108 12
29 108 12
29 108 12
29 108 12
29 108 12
29 108 12
29 108 12
29 108 12
29 108 12
29 108 12
29 108 12
29 108 12
29 108 12
29 108 12
29 108 12
29 108 12
29 108 12
29 108 12
29 108 12
29 108 12
29 108 12
29 108 12
29 108 12
29 108 12
29 108 12
29 108 12
29 108 12
29 108 12
29 108 12
29 108 12
29 108 12
29 108 12
29 108 12
29 108 12
29 108 12
29 108 12
29 108 12
29 108 12
29 108 12
29 108 12
29 108 12
29 108 12
29 108 12
29 108 12
29 108 12
29 108 12
29 108 12
29 108 12
29 108 12
29 108 12
29 108 12
29 108 12
29 108 12
29 108 12
29 108 12
29 108 12
29 108 12
29 108 12
29 108 12
29 108 12
29 108 12
29 108 12
29 108 12
28 108 1901
28 108 12
28 108 12
28 108 12
28 108 12
28 108 12
28 108 12
28 108 12
28 108 12
28 108 12
28 108 12
28 108 12
28 108 12
28 108 12
28 108 12
28 108 12
28 108 12
28 108 12
28 108 12
28 108 12
28 108 12
28 108 12
28 108 12
28 108 12
28 108 12
28 108 12
28 108 12
28 108 12
28 108 12
28 108 12
28 108 12
28 108 12
28 108 12
28 108 12
28 108 12
28 108 12
28 108 12
28 108 12
28 108 12
28 108 12
28 108 12
28 108 12
28 108 12
28 108 12
28 108 12
28 108 12
28 108 12
28 108 12
28 108 12
28 108 12
28 108 12
28 108 12
28 108 12
28 108 12
28 108 12
28 108 12
28 108 12
28 108 12
28 108 12
27 108 2015
27 108 12
27 108 12
27 108 12
27 108 12
27 108 12
27 108 12
27 108 12
27 108 12
27 108 12
27 108 12
27 108 12
27 108 12
27 108 12
27 108 12
27 108 12
27 108 12
27 108 12
27 108 12
27 108 12
27 108 12
27 108 12
27 108 12
27 108 12
27 108 12
27 108 12
27 108 12
27 108 12
27 108 12
27 108 12
27 108 12
27 108 12
27 108 12
27 108 12
27 108 12
27 108 12
27 108 12
27 108 12
27 108 12
27 108 12
27 108 12
27 108 12
27 108 12
27 108 12
27 108 12
26 108 2133
26 108 12
26 108 12
26 108 12
26 108 12
26 108 12
26 108 12
26 108 12
26 108 12
26 108 12
26 108 12
26 108 12
26 108 12
26 108 12
26 108 12
26 108 12
26 108 12
26 108 12
26 108 12
26 108 12
26 108 12
26 108 12
26 108 12
26 108 12
26 108 12
26 108 12
26 108 12
26 108 12
26 108 12
26 108 12
25 108 2255
25 108 12
25 108 12
25 108 12
25 108 12
25 108 12
25 108 12
25 108 12
25 108 12
25 108 12
25 108 12
25 108 12
25 108 12
25 108 12
25 108 12
25 108 12
25 108 12
25 108 12
25 108 12
24 108 2379
24 108 12
24 108 12
24 108 12
24 108 12
24 108 12
24 108 12
24 108 12
24 108 12
24 108 12
24 108 12
23 108 2503
23 108 12
23 108 12
23 108 12
23 108 12
23 108 12
23 108 12
23 108 12
22 108 2624
22 108 12
22 108 12
22 108 12
22 108 12
22 108 12
22 108 12
22 108 12
21 108 2740
21 108 12
21 108 12
21 108 12
21 108 12
21 108 12
21 108 12
21 108 12
21 108 12
20 108 2848
20 108 12
20 108 12
20 108 12
20 108 12
20 108 12
20 108 12
20 108 12
20 108 12
19 108 2945
19 108 12
19 108 12
19 108 12
19 108 12
19 108 12
