152 102 34
96 163 34
87 39 34
87 39 24
87 39 24
187 4 34
164 71 34
164 71 24
165 188 34
7 102 34
31 189 34
31 189 24
56 19 34
56 19 24
56 19 24
56 19 24
56 19 24
32 66 34
117 0 34
153 93 34
153 93 24
153 93 24
164 80 34
164 80 24
164 80 24
164 80 24
164 80 24
164 80 24
164 80 24
154 84 34
154 84 24
154 84 24
154 84 24
154 84 24
154 84 24
154 84 24
154 84 24
154 84 24
154 84 24
154 84 24
154 84 24
154 84 24
154 84 24
154 84 24
154 84 24
154 84 24
154 84 24
154 84 24
154 84 24
154 84 24
154 84 24
154 84 24
154 84 24
154 84 24
154 84 24
154 84 24
154 84 24
154 84 24
173 77 34
173 77 24
173 77 24
173 77 24
173 77 24
173 77 24
162 98 34
163 89 34
173 86 34
172 95 34
0 96 34
0 108 34
143 96 34
143 96 24
143 96 24
143 96 24
143 96 24
143 96 24
143 96 24
143 96 24
143 96 24
143 96 24
143 96 24
143 96 24
143 96 24
143 96 24
143 96 24
143 96 24
143 96 24
143 96 24
143 96 24
143 96 24
143 96 24
143 96 24
143 96 24
143 96 24
143 96 24
143 96 24
143 96 24
143 96 24
143 96 24
143 96 24
143 96 24
143 96 24
143 96 24
143 96 24
143 96 24
78 35 34
78 35 24
78 35 24
78 35 24
78 35 24
78 35 24
78 35 24
86 29 34
86 29 24
86 29 24
86 29 24
86 29 24
86 29 24
86 29 24
86 29 24
86 29 24
86 29 24
86 29 24
86 29 24
86 29 24
86 29 24
86 29 24
86 29 24
86 29 24
86 29 24
86 29 24
86 29 24
86 29 24
86 29 24
86 29 24
86 29 24
86 29 24
79 45 34
58 28 34
68 32 34
68 32 24
68 32 24
68 32 24
68 32 24
68 32 24
68 32 24
68 32 24
66 22 34
66 22 24
66 22 24
66 22 24
66 22 24
66 22 24
66 22 24
66 22 24
66 22 24
66 22 24
66 22 24
66 22 24
66 22 24
66 22 24
66 22 24
66 22 24
66 22 24
66 22 24
66 22 24
66 22 24
66 22 24
66 22 24
66 22 24
66 22 24
69 41 34
59 38 34
47 25 34
46 15 34
46 15 24
46 15 24
49 34 34
54 9 34
54 9 24
54 9 24
54 9 24
54 9 24
54 9 24
54 9 24
54 9 24
54 9 24
54 9 24
54 9 24
54 9 24
54 9 24
54 9 24
7 113 34
177 0 34
178 11 34
87 169 34
87 169 24
87 169 24
87 169 24
96 174 34
96 174 24
96 174 24
96 174 24
96 174 24
96 174 24
96 174 24
96 174 24
96 174 24
96 174 24
96 174 24
96 174 24
96 174 24
174 182 34
174 194 34
174 194 24
174 194 24
174 194 24
174 194 24
174 194 24
174 194 24
174 194 24
174 194 24
174 194 24
174 194 24
174 194 24
174 194 24
174 194 24
174 194 24
174 194 24
174 194 24
174 194 24
174 194 24
174 194 24
174 194 24
174 194 24
174 194 24
174 194 24
174 194 24
164 176 34
86 157 34
86 157 24
86 157 24
86 157 24
86 157 24
86 157 24
86 157 24
86 157 24
86 157 24
86 157 24
86 157 24
86 157 24
86 157 24
86 157 24
86 157 24
86 157 24
86 157 24
0 119 34
7 124 34
155 183 34
0 130 34
0 130 24
0 130 24
0 130 24
0 130 24
0 130 24
0 130 24
0 130 24
0 130 24
0 130 24
0 130 24
167 5 34
168 17 34
168 17 24
168 17 24
168 17 24
168 17 24
168 17 24
168 17 24
168 17 24
158 12 34
158 12 24
155 171 34
145 177 34
173 66 34
106 168 34
77 163 34
77 163 24
77 163 24
77 163 24
77 163 24
77 163 24
77 163 24
77 163 24
77 163 24
77 163 24
77 163 24
77 163 24
77 163 24
77 163 24
77 163 24
77 163 24
77 163 24
77 163 24
77 163 24
77 163 24
77 163 24
77 163 24
77 163 24
77 163 24
77 163 24
77 163 24
77 163 24
77 163 24
77 163 24
77 163 24
77 163 24
77 163 24
77 163 24
77 163 24
77 163 24
77 163 24
77 163 24
77 163 24
77 163 24
77 163 24
77 163 24
77 163 24
115 173 34
115 173 24
115 173 24
115 173 24
115 173 24
115 162 34
125 167 34
125 167 24
135 172 34
135 172 24
135 172 24
135 172 24
7 135 34
7 135 24
7 135 24
7 135 24
7 135 24
7 135 24
7 135 24
7 135 24
7 135 24
7 135 24
7 135 24
7 135 24
7 135 24
7 135 24
7 135 24
157 0 34
147 6 34
9 90 34
0 85 34
182 91 34
182 91 24
182 91 24
182 91 24
182 91 24
181 100 34
181 100 24
181 100 24
181 100 24
181 100 24
181 100 24
181 100 24
181 100 24
181 100 24
181 100 24
10 79 34
21 73 34
137 0 34
127 5 34
163 60 34
173 55 34
144 165 34
183 82 34
183 82 24
183 82 24
183 82 24
183 82 24
183 82 24
183 82 24
183 82 24
183 82 24
183 82 24
183 82 24
183 82 24
183 82 24
183 82 24
183 82 24
183 82 24
183 82 24
183 82 24
183 82 24
183 82 24
183 82 24
183 82 24
183 82 24
183 82 24
183 82 24
183 82 24
183 82 24
183 82 24
183 82 24
183 82 24
183 82 24
183 82 24
183 82 24
183 82 24
183 82 24
183 82 24
183 82 24
183 82 24
183 82 24
183 82 24
183 82 24
162 49 34
162 49 24
162 49 24
171 43 34
134 160 34
134 160 24
134 160 24
134 160 24
134 160 24
134 160 24
134 160 24
191 96 34
191 96 24
170 30 34
170 30 24
170 30 24
170 30 24
170 30 24
170 30 24
170 30 24
170 30 24
170 30 24
170 30 24
170 30 24
170 30 24
170 30 24
170 30 24
170 30 24
170 30 24
170 30 24
170 30 24
170 30 24
170 30 24
170 30 24
170 30 24
170 30 24
170 30 24
170 30 24
170 30 24
170 30 24
170 30 24
170 30 24
170 30 24
170 30 24
170 30 24
170 30 24
170 30 24
170 30 24
170 30 24
170 30 24
170 30 24
170 30 24
170 30 24
170 30 24
170 30 24
170 30 24
170 30 24
181 49 34
124 155 34
124 155 24
124 155 24
124 155 24
191 105 34
191 105 24
191 105 24
191 105 24
191 105 24
191 105 24
191 105 24
191 105 24
191 105 24
191 105 24
191 105 24
191 105 24
191 105 24
191 105 24
191 105 24
191 105 24
191 105 24
191 105 24
191 105 24
191 105 24
191 105 24
199 101 34
199 91 34
125 178 34
125 178 24
125 178 24
125 178 24
125 178 24
125 178 24
125 178 24
125 178 24
125 178 24
125 178 24
125 178 24
125 178 24
125 178 24
125 178 24
125 178 24
125 178 24
125 178 24
125 178 24
105 156 34
114 149 34
96 151 34
96 151 24
96 151 24
96 151 24
96 151 24
96 151 24
96 151 24
105 144 34
153 53 34
153 53 24
153 53 24
153 53 24
153 53 24
153 53 24
153 53 24
153 53 24
153 53 24
153 53 24
153 53 24
153 53 24
153 53 24
153 53 24
153 53 24
153 53 24
153 53 24
154 64 34
154 64 24
154 64 24
154 64 24
154 64 24
154 64 24
154 64 24
154 64 24
182 61 34
191 55 34
106 180 34
106 180 24
106 180 24
106 180 24
106 180 24
106 180 24
106 180 24
106 180 24
106 180 24
106 180 24
106 180 24
106 180 24
106 180 24
106 180 24
106 180 24
106 180 24
106 180 24
106 180 24
106 180 24
106 180 24
106 180 24
106 180 24
106 180 24
106 180 24
106 180 24
106 180 24
106 180 24
106 180 24
106 180 24
106 180 24
106 180 24
106 180 24
106 180 24
106 180 24
106 180 24
106 180 24
106 180 24
106 180 24
106 180 24
106 180 24
106 180 24
106 180 24
106 180 24
106 180 24
199 60 34
199 60 24
199 60 24
199 60 24
199 60 24
199 60 24
192 66 34
192 66 24
199 71 34
199 71 24
199 71 24
199 71 24
199 71 24
199 71 24
199 71 24
199 71 24
199 71 24
199 71 24
199 71 24
199 81 34
199 81 24
199 81 24
199 81 24
199 81 24
199 81 24
199 81 24
199 81 24
192 87 34
192 87 24
192 87 24
192 87 24
192 87 24
192 87 24
199 111 34
199 111 24
199 111 24
87 180 34
87 180 24
87 180 24
87 180 24
114 137 34
114 137 24
114 137 24
114 137 24
114 137 24
124 142 34
124 142 24
124 142 24
124 142 24
124 142 24
124 142 24
124 142 24
124 142 24
124 142 24
124 142 24
124 142 24
124 142 24
124 142 24
124 142 24
124 142 24
124 142 24
124 142 24
124 142 24
124 142 24
124 142 24
124 142 24
124 142 24
124 142 24
124 142 24
124 142 24
124 142 24
124 142 24
124 142 24
124 142 24
124 142 24
124 142 24
124 142 24
124 142 24
124 142 24
104 132 34
95 139 34
95 139 24
86 145 34
86 145 24
86 145 24
86 145 24
86 145 24
86 145 24
86 145 24
86 145 24
86 145 24
86 145 24
86 145 24
86 145 24
86 145 24
86 145 24
86 145 24
86 145 24
86 145 24
86 145 24
86 145 24
86 145 24
86 145 24
86 145 24
86 145 24
86 145 24
86 145 24
86 145 24
86 145 24
86 145 24
86 145 24
86 145 24
86 145 24
86 145 24
86 145 24
95 126 34
21 62 34
11 68 34
86 133 34
86 133 24
86 133 24
86 133 24
86 133 24
86 133 24
86 133 24
86 121 34
86 121 24
86 121 24
86 121 24
86 121 24
86 121 24
86 121 24
86 121 24
86 121 24
86 121 24
86 121 24
86 121 24
86 121 24
86 121 24
86 121 24
86 121 24
0 73 34
138 11 34
161 108 34
171 104 34
171 104 24
171 113 34
171 113 24
171 113 24
171 113 24
171 113 24
171 113 24
171 113 24
171 113 24
171 113 24
171 113 24
171 113 24
171 113 24
171 113 24
171 113 24
171 113 24
171 113 24
171 113 24
171 113 24
171 113 24
171 113 24
171 113 24
171 113 24
171 113 24
151 112 34
114 125 34
105 119 34
96 114 34
96 114 24
96 114 24
96 114 24
96 114 24
96 114 24
96 114 24
105 107 34
114 112 34
89 49 34
89 49 24
123 118 34
142 117 34
142 117 24
142 117 24
142 117 24
142 117 24
132 123 34
132 123 24
132 123 24
132 123 24
132 123 24
132 123 24
132 123 24
132 123 24
132 123 24
132 123 24
132 123 24
132 123 24
132 123 24
132 123 24
132 123 24
132 123 24
132 123 24
132 123 24
132 123 24
132 123 24
132 123 24
132 123 24
132 123 24
132 123 24
132 123 24
132 123 24
132 123 24
132 123 24
132 123 24
132 123 24
132 123 24
132 123 24
132 123 24
132 112 34
132 112 24
132 112 24
132 112 24
118 10 34
129 16 34
129 16 24
129 16 24
129 16 24
129 16 24
129 16 24
129 16 24
129 16 24
129 16 24
129 16 24
129 16 24
129 16 24
129 16 24
129 16 24
108 5 34
110 15 34
102 19 34
100 10 34
94 24 34
94 24 24
94 24 24
94 24 24
94 24 24
94 24 24
94 24 24
94 24 24
94 24 24
92 15 34
97 44 34
97 44 24
97 44 24
97 44 24
97 44 24
97 44 24
97 44 24
97 44 24
97 44 24
97 44 24
97 44 24
97 44 24
97 44 24
97 44 24
97 44 24
96 34 34
96 34 24
96 34 24
96 34 24
96 34 24
96 34 24
96 34 24
96 34 24
104 29 34
104 29 24
112 25 34
120 21 34
120 21 24
90 5 34
99 0 34
99 0 24
99 0 24
32 56 34
51 44 34
41 50 34
42 60 34
51 54 34
51 54 24
51 54 24
51 54 24
51 54 24
61 47 34
61 47 24
61 47 24
61 47 24
71 51 34
71 51 24
71 51 24
71 51 24
71 51 24
71 51 24
71 51 24
80 55 34
80 55 24
80 55 24
80 55 24
80 55 24
40 40 34
39 30 34
37 20 34
37 20 24
37 20 24
37 20 24
31 46 34
30 36 34
30 36 24
30 36 24
30 36 24
30 36 24
29 26 34
29 26 24
21 51 34
21 51 24
21 51 24
21 51 24
21 51 24
21 51 24
21 51 24
21 41 34
21 41 24
21 41 24
21 41 24
21 41 24
21 41 24
21 41 24
21 41 24
21 41 24
21 41 24
21 41 24
21 41 24
21 41 24
21 41 24
21 41 24
21 41 24
21 41 24
21 41 24
61 58 34
61 58 24
61 58 24
61 58 24
61 58 24
61 58 24
61 58 24
61 58 24
61 58 24
61 58 24
61 58 24
61 58 24
61 58 24
61 58 24
61 58 24
61 58 24
61 58 24
61 58 24
61 58 24
61 58 24
61 58 24
61 58 24
61 58 24
61 58 24
61 58 24
61 58 24
61 58 24
61 58 24
61 58 24
61 58 24
61 58 24
61 58 24
61 58 24
61 58 24
61 58 24
61 58 24
123 106 34
123 106 24
114 101 34
106 95 34
106 95 24
106 95 24
106 95 24
96 101 34
96 101 24
96 101 24
96 101 24
96 101 24
96 101 24
96 101 24
96 101 24
96 101 24
96 101 24
96 101 24
28 15 34
28 15 24
28 15 24
28 15 24
28 15 24
28 15 24
28 15 24
28 15 24
28 15 24
28 15 24
28 15 24
28 15 24
28 15 24
28 15 24
28 15 24
28 15 24
28 15 24
28 15 24
28 15 24
28 15 24
28 15 24
28 15 24
28 15 24
28 15 24
28 15 24
28 15 24
28 15 24
28 15 24
11 57 34
11 57 24
11 57 24
11 57 24
11 57 24
11 57 24
11 57 24
11 57 24
11 57 24
11 57 24
11 57 24
11 57 24
11 57 24
11 57 24
11 57 24
11 57 24
11 57 24
11 57 24
11 57 24
11 57 24
11 57 24
11 57 24
11 57 24
11 57 24
11 57 24
11 57 24
11 57 24
11 57 24
11 57 24
11 57 24
11 57 24
11 57 24
11 57 24
11 57 24
11 57 24
11 57 24
11 57 24
11 57 24
11 57 24
11 57 24
11 57 24
41 71 34
31 78 34
31 78 24
41 82 34
20 84 34
30 89 34
30 89 24
30 89 24
30 89 24
30 89 24
30 89 24
30 89 24
30 89 24
30 89 24
30 89 24
30 89 24
30 89 24
30 89 24
30 89 24
30 89 24
30 89 24
30 89 24
30 89 24
30 89 24
30 89 24
30 89 24
30 89 24
30 89 24
30 89 24
30 89 24
30 89 24
30 89 24
30 89 24
30 89 24
142 106 34
142 106 24
142 106 24
106 39 34
106 39 24
106 39 24
106 39 24
106 39 24
106 39 24
106 39 24
106 39 24
106 39 24
106 39 24
106 39 24
106 39 24
106 39 24
106 39 24
106 39 24
114 35 34
114 35 24
122 31 34
122 31 24
122 31 24
122 31 24
122 31 24
122 31 24
122 31 24
122 31 24
122 31 24
77 128 34
77 128 24
77 128 24
77 128 24
77 128 24
77 128 24
77 128 24
77 128 24
77 128 24
77 128 24
20 31 34
20 31 24
20 31 24
20 31 24
19 20 34
19 20 24
10 25 34
18 96 34
18 96 24
18 96 24
18 96 24
18 96 24
18 96 24
18 96 24
18 96 24
18 96 24
18 96 24
18 96 24
18 96 24
18 96 24
17 107 34
17 118 34
17 130 34
17 130 24
17 130 24
17 130 24
17 130 24
17 130 24
115 89 34
115 89 24
124 95 34
124 95 24
124 95 24
124 95 24
124 95 24
124 95 24
124 95 24
124 95 24
124 95 24
124 95 24
124 95 24
124 95 24
124 95 24
124 95 24
124 95 24
124 95 24
124 95 24
124 95 24
124 95 24
124 95 24
106 83 34
106 83 24
106 83 24
106 83 24
97 89 34
97 89 24
97 89 24
97 89 24
97 89 24
97 89 24
97 89 24
98 77 34
98 77 24
98 77 24
98 77 24
98 77 24
98 77 24
98 77 24
98 77 24
98 77 24
98 77 24
98 77 24
98 77 24
98 77 24
98 77 24
98 77 24
98 77 24
98 77 24
98 77 24
98 77 24
98 77 24
98 77 24
98 77 24
98 77 24
98 77 24
98 77 24
98 77 24
98 77 24
98 77 24
98 77 24
98 77 24
98 77 24
98 77 24
98 77 24
98 77 24
98 77 24
98 77 24
98 77 24
98 77 24
98 77 24
98 77 24
98 77 24
98 77 24
98 77 24
98 77 24
98 77 24
116 78 34
116 78 24
125 84 34
125 84 24
125 74 34
125 74 24
125 74 24
125 74 24
125 74 24
125 74 24
11 35 34
11 35 24
11 35 24
11 35 24
11 35 24
11 35 24
11 35 24
11 35 24
11 35 24
11 35 24
11 35 24
11 35 24
11 35 24
11 35 24
11 35 24
11 35 24
11 35 24
11 35 24
11 35 24
11 35 24
11 35 24
11 35 24
11 35 24
11 35 24
11 35 24
11 35 24
11 35 24
11 35 24
11 35 24
11 35 24
11 35 24
11 35 24
11 35 24
11 35 24
11 35 24
11 35 24
11 35 24
11 35 24
11 35 24
11 35 24
11 35 24
11 35 24
11 35 24
11 35 24
9 14 34
9 14 24
0 19 34
0 19 24
0 19 24
0 19 24
0 19 24
0 19 24
0 19 24
0 19 24
0 19 24
0 19 24
0 19 24
0 19 24
0 19 24
0 19 24
0 19 24
0 19 24
0 19 24
0 19 24
0 19 24
0 19 24
0 19 24
0 19 24
0 19 24
0 19 24
0 19 24
0 19 24
0 19 24
0 19 24
0 19 24
0 19 24
0 19 24
0 19 24
0 19 24
0 19 24
0 19 24
0 19 24
0 19 24
0 19 24
0 19 24
36 10 34
36 10 24
36 10 24
36 10 24
36 10 24
36 10 24
36 10 24
36 10 24
36 10 24
36 10 24
36 10 24
36 10 24
36 10 24
36 10 24
36 10 24
36 10 24
36 10 24
36 10 24
36 10 24
36 10 24
36 10 24
36 10 24
36 10 24
36 10 24
36 10 24
36 10 24
36 10 24
36 10 24
36 10 24
36 10 24
36 10 24
36 10 24
36 10 24
36 10 24
36 10 24
36 10 24
36 10 24
36 10 24
36 10 24
36 10 24
18 9 34
18 9 24
18 9 24
18 9 24
18 9 24
18 9 24
18 9 24
18 9 24
18 9 24
18 9 24
18 9 24
18 9 24
18 9 24
18 9 24
18 9 24
31 199 34
40 195 34
40 195 24
40 195 24
40 184 34
40 184 24
40 184 24
40 184 24
40 184 24
40 184 24
40 184 24
40 184 24
40 184 24
40 184 24
40 184 24
40 184 24
40 184 24
40 184 24
40 184 24
40 184 24
77 174 34
77 174 24
77 174 24
77 174 24
78 185 34
68 180 34
68 190 34
59 185 34
50 190 34
50 190 24
50 190 24
50 190 24
50 190 24
50 190 24
50 190 24
50 190 24
50 190 24
50 190 24
50 190 24
50 190 24
50 190 24
50 190 24
50 190 24
32 189 15
32 189 24
32 189 24
32 190 15
32 190 24
33 190 15
33 190 24
33 190 24
34 190 15
34 190 24
34 190 24
35 190 15
35 190 24
35 190 24
35 190 24
36 190 15
36 190 24
36 190 24
36 190 24
37 190 15
37 190 24
37 190 24
37 190 24
37 190 24
38 190 15
38 190 24
38 190 24
38 190 24
38 190 24
38 190 24
38 190 24
39 190 15
39 190 24
39 190 24
39 190 24
39 190 24
39 190 24
39 190 24
39 190 24
39 190 24
40 190 36
40 190 24
40 190 24
40 190 24
40 190 24
40 190 24
40 190 24
40 190 24
40 190 24
41 190 85
41 190 24
41 190 24
41 190 24
41 190 24
41 190 24
41 190 24
41 190 24
41 190 24
42 190 135
42 190 24
42 190 24
42 190 24
42 190 24
42 190 24
42 190 24
42 190 24
42 190 24
43 190 185
43 190 24
43 190 24
43 190 24
43 190 24
43 190 24
43 190 24
43 190 24
43 190 24
44 190 231
44 190 24
44 190 24
44 190 24
44 190 24
44 190 24
44 190 24
44 190 24
45 190 272
45 190 24
45 190 24
45 190 24
45 190 24
45 190 24
45 190 24
45 190 24
46 190 306
46 190 24
46 190 24
46 190 24
46 190 24
46 190 24
46 190 24
46 190 24
47 190 333
47 190 24
47 190 24
47 190 24
47 190 24
47 190 24
47 190 24
48 190 350
48 190 24
48 190 24
48 190 24
48 190 24
48 190 24
49 190 359
49 190 24
49 190 24
49 190 24
50 189 335
51 189 321
52 189 300
53 189 272
54 189 239
55 189 202
56 189 163
57 189 123
58 189 83
58 189 24
59 189 46
59 189 24
59 189 24
59 188 15
59 188 24
59 188 24
59 187 15
59 187 24
59 187 24
59 186 15
59 186 24
60 185 15
60 185 24
61 185 15
61 185 24
62 185 15
62 185 24
63 185 15
63 185 24
64 185 15
64 185 24
65 185 15
66 185 15
67 185 15
68 185 15
69 185 15
70 185 15
71 185 15
72 185 15
73 185 15
74 185 15
75 185 15
76 185 15
77 185 15
78 184 15
79 184 15
79 183 15
80 183 15
80 183 24
81 183 15
81 183 24
81 182 15
81 182 24
82 182 15
82 182 24
82 181 15
82 181 24
83 181 15
83 181 24
83 181 24
84 181 15
84 181 24
84 181 24
84 180 15
84 180 24
84 180 24
85 180 15
85 180 24
85 180 24
85 179 15
85 179 24
85 179 24
85 178 15
85 178 24
85 178 24
85 177 15
85 177 24
85 177 24
85 177 24
86 177 15
86 177 24
86 177 24
86 177 24
87 177 15
87 177 24
87 177 24
87 177 24
87 176 15
87 176 24
87 176 24
87 176 24
88 176 15
88 176 24
88 176 24
88 176 24
88 175 15
88 175 24
88 175 24
88 175 24
88 174 15
88 174 24
88 174 24
88 174 24
88 173 15
88 173 24
88 173 24
88 173 24
89 173 18
89 173 24
89 173 24
89 173 24
89 172 28
89 172 24
89 172 24
90 172 41
90 172 24
90 171 48
90 171 24
90 170 57
91 170 61
91 169 66
92 169 67
92 168 67
92 167 66
93 167 63
93 166 58
93 165 52
93 164 44
93 163 36
94 163 30
95 163 25
115 163 15
114 163 15
113 163 15
112 163 15
111 163 15
110 163 15
109 163 15
108 163 15
107 163 15
106 163 15
105 163 15
104 163 15
103 163 15
102 163 15
101 163 15
100 163 15
99 163 15
98 163 15
97 163 17
113 125 23
113 126 28
112 126 31
112 127 32
112 128 32
112 129 31
112 130 29
111 130 23
111 131 16
111 131 24
111 132 15
111 132 24
111 133 15
111 133 24
111 134 15
111 134 24
111 135 15
111 135 24
111 136 15
111 136 24
111 137 15
111 137 24
111 138 15
111 138 24
111 139 15
111 139 24
111 140 15
111 140 24
111 141 15
111 141 24
111 142 15
111 142 24
111 143 15
111 143 24
111 144 15
111 144 24
111 145 15
111 145 24
111 146 15
111 146 24
111 147 15
111 147 24
111 148 15
111 148 24
111 149 15
111 149 24
112 149 15
112 149 24
113 149 15
113 149 24
114 150 15
114 150 24
114 151 15
114 151 24
114 152 15
114 153 15
115 153 15
115 154 15
115 155 15
115 156 15
115 157 15
115 158 21
115 159 27
115 160 29
115 161 27
114 124 15
114 123 15
115 123 15
116 123 15
116 122 15
116 121 15
116 120 15
116 119 15
117 119 15
117 118 15
118 118 15
119 118 15
120 118 15
121 118 15
121 118 24
122 118 15
122 118 24
123 117 15
123 117 24
123 116 15
123 116 24
124 116 15
124 116 24
124 115 15
124 115 24
124 114 15
124 114 24
125 114 15
125 114 24
125 113 15
125 113 24
126 113 15
126 113 24
126 112 15
126 112 24
127 112 32
127 112 24
128 112 61
129 112 85
130 112 99
131 112 102
133 112 72
133 112 24
133 112 24
134 112 39
134 112 24
134 112 24
134 112 24
135 112 15
135 112 24
135 112 24
135 112 24
135 112 24
136 112 15
136 112 24
136 112 24
136 112 24
136 112 24
137 112 15
137 112 24
137 112 24
137 112 24
137 112 24
138 112 15
138 112 24
138 112 24
138 112 24
138 112 24
139 112 15
139 112 24
139 112 24
139 112 24
140 112 15
140 112 24
140 112 24
140 112 24
141 112 15
141 112 24
141 112 24
142 112 15
142 112 24
142 112 24
143 112 15
143 112 24
144 112 15
144 112 24
145 112 15
145 112 24
146 112 15
147 112 15
148 112 15
149 112 15
150 112 15
151 111 15
151 110 15
152 110 15
152 109 15
152 108 15
152 107 15
152 106 15
152 105 15
152 104 15
152 103 15
165 71 15
165 71 24
165 71 24
166 71 15
166 71 24
166 71 24
166 72 15
166 72 24
166 72 24
166 73 15
166 73 24
166 73 24
166 73 24
166 74 15
166 74 24
166 74 24
166 74 24
166 75 15
166 75 24
166 75 24
166 75 24
166 75 24
166 76 15
166 76 24
166 76 24
166 76 24
166 76 24
166 76 24
166 77 15
166 77 24
166 77 24
166 77 24
166 77 24
166 77 24
166 78 15
166 78 24
166 78 24
166 78 24
166 78 24
166 78 24
166 79 15
166 79 24
166 79 24
166 79 24
166 79 24
166 80 15
166 80 24
166 80 24
166 80 24
166 81 15
166 81 24
166 81 24
166 81 24
166 82 15
166 82 24
166 82 24
166 83 15
166 83 24
166 83 24
166 84 15
166 84 24
166 84 24
166 85 15
166 85 24
165 85 15
165 85 24
165 85 24
165 86 15
165 86 24
165 86 24
165 87 15
165 87 24
165 88 15
165 88 24
165 89 15
165 89 24
164 89 15
164 89 24
163 90 15
163 90 24
163 91 15
163 91 24
162 91 15
162 91 24
161 91 15
161 91 24
160 91 15
160 91 24
159 91 15
159 91 24
158 91 15
158 91 24
157 91 15
157 91 24
157 92 15
157 92 24
157 93 15
157 93 24
156 93 15
156 93 24
155 93 15
155 93 24
154 93 15
154 93 24
154 93 24
153 94 18
153 94 24
153 94 24
153 95 15
153 95 24
153 95 24
153 96 15
153 96 24
153 97 15
153 97 24
153 98 15
153 98 24
153 99 15
153 99 24
153 100 15
153 100 24
153 101 15
153 102 15
115 164 15
116 164 15
117 164 15
118 164 15
119 164 15
120 164 18
121 164 20
121 164 24
122 164 23
122 164 24
123 164 25
123 164 24
124 164 27
124 164 24
125 164 30
125 164 24
126 164 32
126 164 24
127 164 34
127 164 24
127 164 24
128 164 36
128 164 24
128 164 24
129 164 38
129 164 24
129 164 24
129 164 24
130 164 39
130 164 24
130 164 24
130 164 24
131 164 40
131 164 24
131 164 24
131 164 24
131 164 24
132 164 40
132 164 24
132 164 24
132 164 24
132 164 24
132 165 38
132 165 24
132 165 24
132 165 24
132 165 24
132 165 24
133 165 33
133 165 24
133 165 24
133 165 24
133 165 24
133 165 24
134 165 27
134 165 24
134 165 24
134 165 24
134 165 24
135 165 20
135 165 24
135 165 24
135 165 24
135 165 24
136 165 15
136 165 24
136 165 24
136 165 24
137 165 15
137 165 24
137 165 24
138 165 15
138 165 24
139 165 15
139 165 24
140 165 15
140 165 24
141 165 15
141 165 24
142 165 15
143 165 15
144 166 15
145 166 15
145 167 15
145 168 15
145 169 15
146 169 15
147 169 15
148 169 15
149 169 15
149 170 15
149 171 15
150 171 15
151 171 15
152 171 15
153 171 15
154 171 15
155 172 15
156 172 15
156 173 15
156 174 15
156 175 15
156 176 15
157 176 15
158 176 15
159 176 15
160 176 15
161 176 15
162 176 15
163 176 15
164 177 15
164 178 15
164 179 15
165 179 15
165 180 15
165 181 15
165 182 15
165 183 15
165 184 15
165 184 24
165 185 15
165 185 24
165 186 15
165 186 24
165 187 15
165 187 24
117 1 15
118 1 15
118 2 15
118 3 15
118 4 15
119 4 15
120 4 15
121 4 19
122 4 29
123 4 37
124 4 40
125 4 38
126 4 31
127 4 18
128 4 15
129 4 15
130 4 15
131 4 15
132 4 15
132 4 24
133 4 15
134 4 15
135 4 15
136 4 15
137 4 15
138 4 15
139 4 15
140 4 15
141 4 15
142 4 15
143 4 15
144 4 15
145 4 15
146 4 15
147 4 15
148 4 15
149 4 15
150 4 15
151 4 15
152 4 15
153 4 15
154 4 15
155 4 15
155 5 15
156 5 15
157 5 15
158 5 15
159 5 15
160 5 15
161 5 15
162 5 15
163 5 15
164 5 15
165 5 15
166 5 15
167 6 15
168 6 15
169 6 15
170 6 15
171 6 15
172 6 15
172 5 15
173 5 15
174 5 15
174 4 15
175 4 15
176 4 15
177 4 15
178 4 15
179 4 15
180 4 15
181 4 15
182 4 15
183 4 15
184 4 15
185 4 15
186 4 15
31 66 24
30 66 24
29 66 22
28 66 19
27 66 16
26 66 15
25 66 15
24 66 15
23 66 15
22 66 15
21 66 15
21 67 15
20 67 15
20 68 15
20 69 15
20 70 15
20 71 15
20 72 15
20 73 15
20 74 15
20 75 15
20 76 15
20 77 15
20 78 15
20 79 15
20 80 15
20 80 24
20 81 15
20 81 24
20 82 15
20 82 24
20 83 15
20 83 24
19 84 15
19 84 24
19 85 15
19 85 24
18 85 15
18 85 24
17 85 15
17 86 15
17 86 24
16 86 15
15 86 15
15 87 15
15 88 15
15 88 24
14 88 15
14 88 24
13 88 15
12 88 15
12 89 15
12 90 15
12 90 24
11 90 15
10 90 17
9 91 20
8 91 20
7 91 17
6 91 15
6 92 15
6 93 15
6 94 15
6 95 15
5 95 15
5 96 15
5 97 15
5 98 15
5 99 15
5 100 15
5 101 16
5 102 16
6 102 19
55 19 34
55 19 24
55 19 24
54 19 15
54 19 24
54 19 24
54 20 15
54 20 24
54 21 15
54 21 24
54 22 15
54 22 24
54 23 15
54 24 15
54 25 15
54 26 15
54 27 15
54 28 15
55 28 15
56 28 15
57 28 15
58 29 15
58 30 15
58 31 15
58 32 15
59 32 15
59 33 15
59 34 15
59 35 15
59 36 15
59 37 15
60 38 15
61 38 15
62 38 15
63 38 15
63 38 24
63 39 15
63 39 24
64 39 15
64 39 24
65 39 15
65 39 24
65 40 15
65 40 24
66 40 15
66 40 24
67 40 15
67 40 24
67 41 15
67 41 24
68 41 17
68 41 24
69 42 23
69 42 24
69 43 24
69 43 24
69 44 27
69 44 24
69 44 24
70 44 31
70 44 24
70 45 33
70 45 24
70 45 24
71 45 36
71 45 24
72 45 39
72 45 24
73 45 42
73 45 24
74 45 43
75 45 43
76 45 41
77 45 36
78 45 30
80 45 15
81 45 15
82 45 15
83 45 15
84 45 15
84 44 15
85 44 15
86 44 15
86 44 24
87 44 15
87 44 24
87 43 15
87 43 24
87 42 15
87 42 24
87 41 15
87 41 24
87 40 41
87 40 24
