137 51 106
10 101 106
131 109 106
116 10 106
51 77 106
74 105 106
74 105 96
74 105 96
26 177 106
42 1 106
137 41 106
146 46 106
146 56 106
19 106 106
19 106 96
19 106 96
9 112 106
9 112 96
9 112 96
59 82 106
50 88 106
58 94 106
66 99 106
68 88 106
68 88 96
68 88 96
68 88 96
68 88 96
68 88 96
116 21 106
126 15 106
127 26 106
127 26 96
127 26 96
122 103 106
122 103 96
122 103 96
122 103 96
121 114 106
131 120 106
127 36 106
127 36 96
127 36 96
127 36 96
127 36 96
127 36 96
127 36 96
127 36 96
127 36 96
137 30 106
137 30 96
137 30 96
137 30 96
137 30 96
137 30 96
137 30 96
137 30 96
0 107 106
0 107 96
1 96 106
121 125 106
130 131 106
130 131 96
130 131 96
155 62 106
155 62 96
155 62 96
155 62 96
155 62 96
155 62 96
155 62 96
155 62 96
155 62 96
106 15 106
105 4 106
18 117 106
18 117 96
18 117 96
18 117 96
18 117 96
18 117 96
18 117 96
18 117 96
18 117 96
18 117 96
18 117 96
18 117 96
20 95 106
11 90 106
1 84 106
95 10 106
95 10 96
95 10 96
95 10 96
95 10 96
95 10 96
95 10 96
95 10 96
95 10 96
95 10 96
95 10 96
95 10 96
120 136 106
120 136 96
30 100 106
40 94 106
40 94 96
40 94 96
40 94 96
40 94 96
145 68 106
136 62 106
136 62 96
136 62 96
135 74 106
144 79 106
134 85 106
134 85 96
134 85 96
134 85 96
134 85 96
134 85 96
134 85 96
107 26 106
133 97 106
133 97 96
97 31 106
107 36 106
107 36 96
107 36 96
107 36 96
107 36 96
107 36 96
107 36 96
107 36 96
107 36 96
107 36 96
107 36 96
96 20 106
96 20 96
86 25 106
87 35 106
76 30 106
78 40 106
67 34 106
68 45 106
68 45 96
58 39 106
58 39 96
58 39 96
58 39 96
58 39 96
143 91 106
142 103 106
41 83 106
41 83 96
41 83 96
41 83 96
41 83 96
41 83 96
41 83 96
41 83 96
41 83 96
41 83 96
48 99 106
38 105 106
38 105 96
38 105 96
38 105 96
38 105 96
56 105 106
65 110 106
59 50 106
60 61 106
60 71 106
141 114 106
141 126 106
141 126 96
151 120 106
151 120 96
151 120 96
151 120 96
151 120 96
151 120 96
151 120 96
151 120 96
151 120 96
151 120 96
151 120 96
151 120 96
111 119 106
110 130 106
112 108 106
112 108 96
112 108 96
112 108 96
112 108 96
112 108 96
112 108 96
112 108 96
112 108 96
140 136 106
131 142 106
131 142 96
131 142 96
131 142 96
131 142 96
131 142 96
111 141 106
121 147 106
111 151 106
121 157 106
112 162 106
122 167 106
122 167 96
122 167 96
122 167 96
122 167 96
122 167 96
122 167 96
122 167 96
122 167 96
122 167 96
122 167 96
153 85 106
153 85 96
153 85 96
153 85 96
153 85 96
153 85 96
153 85 96
153 85 96
153 85 96
153 85 96
153 85 96
51 66 106
101 124 106
101 135 106
101 135 96
101 135 96
91 129 106
91 129 96
91 129 96
91 129 96
91 129 96
50 55 106
50 55 96
101 146 106
101 146 96
101 146 96
101 146 96
101 146 96
101 146 96
101 146 96
101 146 96
101 146 96
101 146 96
101 146 96
101 146 96
141 147 106
150 141 106
150 141 96
150 152 106
150 152 96
150 152 96
150 152 96
150 152 96
150 152 96
131 152 106
131 152 96
131 152 96
131 152 96
141 157 106
150 131 106
150 131 96
150 131 96
150 131 96
150 131 96
69 55 106
79 51 106
79 51 96
79 51 96
79 51 96
79 51 96
79 51 96
79 51 96
70 66 106
69 77 106
78 72 106
79 61 106
91 118 106
82 111 106
82 111 96
74 106 214
74 107 190
74 108 177
74 109 176
74 110 185
75 110 196
76 110 204
77 110 208
77 111 205
78 111 198
79 111 189
80 111 180
81 111 171
82 112 134
82 113 118
83 113 101
84 113 90
84 113 96
84 114 74
84 114 96
85 114 63
85 114 96
85 115 55
85 115 96
86 115 46
86 115 96
86 116 45
86 116 96
87 116 39
87 116 96
88 116 42
88 116 96
88 117 40
88 117 96
89 117 45
89 117 96
89 118 48
89 118 96
90 118 54
90 118 96
91 119 65
91 119 96
91 120 72
92 120 76
92 121 83
93 121 84
94 121 90
94 122 87
95 122 87
95 123 83
96 123 79
96 124 74
97 124 66
98 124 61
99 124 57
100 124 55
101 125 32
101 126 17
102 126 15
103 126 15
104 126 15
105 126 15
106 126 15
107 126 15
108 126 15
108 125 15
108 124 15
109 124 15
109 123 15
110 123 15
111 123 15
112 123 15
113 123 15
113 122 15
113 121 15
114 121 15
114 120 15
114 119 15
115 119 15
115 118 15
116 118 15
117 118 15
118 118 15
119 118 15
120 118 15
121 118 15
122 118 15
123 118 15
123 117 15
124 117 23
125 117 40
126 117 55
127 117 64
128 117 68
129 117 65
130 117 54
131 117 38
132 117 17
133 117 15
133 116 15
133 115 15
133 114 15
133 113 15
133 112 15
133 111 15
133 110 15
133 109 15
132 109 24
134 109 15
135 109 15
135 108 15
135 107 15
135 106 15
135 105 15
135 104 15
135 103 15
136 103 15
137 103 15
138 103 15
139 103 15
139 102 15
139 101 15
139 100 15
139 99 15
139 98 15
139 97 15
139 97 96
139 96 15
139 96 96
140 96 15
140 96 96
141 96 15
141 96 96
141 95 15
141 95 96
141 94 15
141 94 96
141 93 15
141 93 96
141 92 15
141 92 96
141 91 15
141 91 96
141 90 25
141 90 96
141 89 37
141 89 96
141 88 47
141 88 96
141 87 52
141 87 96
141 86 52
141 86 96
141 85 47
141 85 96
141 84 35
141 84 96
141 83 18
141 83 96
141 82 15
141 82 96
141 81 15
141 81 96
142 81 15
142 81 96
142 80 15
142 80 96
142 79 15
142 78 15
142 77 15
142 76 15
142 75 15
142 74 15
142 73 15
142 72 15
142 71 15
142 71 96
142 70 15
142 70 96
142 69 15
142 69 96
142 68 15
142 68 96
142 67 15
142 67 96
142 66 15
142 66 96
142 65 15
142 65 96
142 64 15
142 64 96
142 64 96
142 63 15
142 63 96
142 63 96
142 62 22
142 62 96
142 61 34
142 61 96
142 60 40
142 60 96
142 59 40
142 59 96
142 58 34
142 58 96
142 57 22
142 57 96
142 56 15
142 56 96
142 55 15
142 55 96
141 55 15
141 55 96
141 54 15
141 54 96
141 53 15
140 53 15
140 52 15
139 52 15
139 51 15
138 51 15
52 77 15
52 78 15
53 78 15
53 79 15
53 80 15
53 81 15
53 82 15
53 83 15
53 84 15
53 85 15
53 85 96
53 86 15
53 86 96
53 87 15
53 87 96
53 88 15
53 88 96
53 89 15
53 89 96
52 89 15
52 89 96
52 90 15
52 90 96
51 90 15
51 90 96
51 91 15
51 91 96
51 92 15
51 92 96
51 93 15
51 93 96
51 94 15
51 94 96
51 95 15
51 95 96
51 96 15
51 96 96
51 97 15
51 97 96
51 98 15
51 98 96
50 98 15
50 98 96
49 98 15
49 98 96
48 98 34
48 98 96
47 99 80
47 99 96
46 99 101
46 99 96
45 99 123
45 99 96
45 99 96
44 99 143
44 99 96
44 99 96
43 99 163
43 99 96
43 99 96
43 99 96
42 99 180
42 99 96
42 99 96
42 99 96
41 99 194
41 99 96
41 99 96
40 99 205
40 99 96
39 99 212
38 99 214
37 99 211
36 99 204
35 99 191
34 99 174
33 99 153
32 99 130
31 99 103
30 99 76
29 100 38
28 100 15
27 100 15
27 101 15
26 101 15
25 101 15
24 101 15
23 101 15
22 101 15
21 101 15
20 101 15
19 101 15
19 101 96
18 101 15
18 101 96
17 101 15
17 101 96
16 101 15
16 101 96
15 101 24
14 101 33
13 101 40
12 101 44
11 101 45
52 76 15
52 75 15
52 74 15
53 74 15
54 74 15
55 74 15
55 73 15
55 72 15
55 71 15
55 70 15
55 69 15
55 68 15
55 67 15
55 66 15
55 65 15
55 64 15
55 63 15
56 63 15
56 62 15
56 61 15
57 61 15
57 60 15
58 60 15
58 59 15
59 59 15
59 58 15
60 58 15
60 57 15
61 57 15
61 56 15
62 56 15
62 55 15
62 54 15
62 53 15
63 53 22
64 53 34
64 52 47
65 52 61
65 51 77
65 50 94
65 49 110
65 48 123
65 47 133
65 46 138
65 45 139
66 45 138
67 45 140
68 44 126
68 43 102
68 42 74
68 42 96
68 41 46
68 41 96
68 40 20
68 40 96
69 40 15
69 40 96
70 40 15
70 40 96
70 39 15
70 39 96
71 39 15
71 39 96
72 39 15
72 39 96
72 38 15
72 38 96
73 38 15
73 38 96
73 37 15
73 37 96
73 36 15
73 36 96
74 36 15
74 36 96
75 36 15
75 36 96
75 35 15
75 35 96
76 35 15
77 35 15
78 35 15
79 35 15
80 35 15
81 35 15
82 35 15
83 35 15
84 35 15
85 35 15
86 35 19
87 34 15
87 33 15
87 32 15
87 31 15
88 31 15
89 31 15
90 31 15
91 31 15
91 31 96
92 31 15
92 31 96
93 31 15
93 31 96
94 31 15
94 31 96
95 31 15
95 31 96
96 31 15
96 31 96
97 30 15
97 30 96
98 30 15
98 30 96
98 29 15
98 29 96
99 29 15
99 29 96
100 29 15
100 29 96
100 28 15
100 28 96
101 28 15
101 28 96
102 28 15
102 28 96
102 27 15
102 27 96
102 26 15
102 26 96
103 26 15
103 26 96
104 26 15
104 26 96
105 26 15
105 26 96
106 26 15
106 26 96
107 25 15
107 25 96
107 24 15
108 24 15
108 23 15
108 22 15
109 22 15
109 21 15
109 20 15
110 20 15
111 20 15
111 19 15
112 19 15
112 18 15
113 18 15
113 17 15
114 17 15
114 16 15
114 15 15
114 14 15
114 13 15
114 12 15
114 11 15
114 10 15
115 10 18
