48 120 34
188 142 34
194 46 34
83 7 34
83 7 24
83 7 24
148 24 34
131 60 34
131 60 24
131 60 24
131 60 24
131 60 24
131 60 24
131 60 24
131 60 24
33 199 34
33 199 24
33 199 24
33 199 24
152 167 34
83 0 34
83 0 24
83 0 24
83 0 24
83 0 24
83 0 24
83 0 24
83 0 24
83 0 24
83 0 24
83 0 24
83 0 24
83 0 24
83 0 24
83 0 24
83 0 24
83 0 24
83 0 24
83 0 24
179 146 34
179 146 24
179 146 24
179 146 24
179 146 24
179 146 24
179 146 24
179 146 24
188 152 34
188 152 24
188 152 24
197 148 34
197 138 34
161 163 34
161 163 24
179 156 34
179 156 24
179 156 24
179 156 24
179 156 24
179 156 24
179 156 24
179 156 24
179 156 24
179 156 24
179 156 24
179 156 24
179 156 24
179 156 24
179 156 24
179 156 24
179 156 24
179 156 24
179 156 24
179 156 24
179 156 24
179 156 24
179 156 24
179 156 24
179 156 24
179 156 24
179 156 24
179 156 24
179 156 24
179 156 24
152 157 34
161 153 34
161 153 24
161 153 24
161 153 24
161 153 24
161 153 24
161 153 24
161 153 24
161 153 24
161 153 24
161 153 24
161 153 24
161 153 24
161 153 24
161 153 24
161 153 24
161 153 24
161 153 24
161 153 24
161 153 24
161 153 24
161 153 24
161 153 24
161 153 24
161 153 24
161 153 24
161 153 24
161 153 24
161 153 24
161 153 24
161 153 24
161 173 34
161 173 24
161 173 24
161 173 24
161 173 24
161 173 24
161 173 24
161 173 24
161 173 24
161 173 24
161 173 24
161 173 24
161 173 24
161 173 24
161 173 24
161 173 24
161 173 24
161 173 24
161 173 24
161 173 24
161 173 24
161 173 24
161 173 24
161 173 24
161 173 24
161 173 24
161 173 24
161 173 24
161 173 24
161 173 24
161 173 24
161 173 24
161 173 24
143 161 34
185 51 34
185 51 24
185 40 34
185 40 24
185 40 24
185 40 24
185 40 24
185 40 24
185 40 24
185 40 24
185 40 24
185 40 24
185 40 24
185 40 24
185 40 24
185 40 24
185 40 24
185 40 24
185 40 24
185 40 24
185 40 24
185 40 24
185 40 24
185 40 24
185 40 24
185 40 24
185 40 24
185 40 24
185 40 24
185 40 24
185 40 24
185 40 24
185 40 24
185 40 24
185 40 24
185 40 24
185 40 24
185 40 24
185 40 24
194 58 34
57 115 34
48 109 34
48 109 24
48 109 24
157 19 34
157 19 24
157 19 24
157 19 24
157 19 24
157 19 24
157 19 24
157 19 24
157 19 24
157 19 24
157 19 24
157 19 24
157 19 24
157 19 24
157 19 24
157 19 24
157 19 24
157 19 24
157 19 24
157 19 24
157 19 24
157 19 24
157 19 24
157 19 24
157 19 24
157 19 24
157 19 24
157 19 24
157 19 24
157 19 24
157 19 24
157 19 24
157 19 24
157 19 24
157 19 24
157 19 24
157 19 24
157 19 24
157 19 24
157 19 24
157 19 24
157 19 24
157 19 24
157 19 24
139 30 34
139 30 24
139 30 24
139 30 24
139 30 24
139 30 24
139 18 34
92 12 34
92 12 24
92 12 24
92 12 24
92 12 24
92 12 24
92 12 24
92 12 24
92 12 24
92 12 24
92 12 24
92 12 24
92 12 24
92 12 24
92 12 24
92 12 24
92 12 24
92 12 24
92 12 24
92 12 24
92 12 24
92 12 24
92 12 24
92 12 24
92 12 24
92 12 24
92 12 24
92 12 24
92 12 24
92 12 24
92 12 24
92 12 24
185 63 34
185 63 24
185 63 24
185 63 24
185 63 24
185 63 24
185 63 24
185 63 24
57 104 34
57 104 24
57 104 24
74 13 34
74 2 34
83 18 34
83 18 24
83 18 24
83 18 24
83 18 24
83 18 24
148 37 34
148 37 24
148 37 24
148 37 24
148 37 24
148 37 24
148 37 24
148 37 24
148 37 24
148 37 24
148 37 24
148 37 24
148 37 24
148 37 24
148 37 24
148 37 24
148 37 24
148 37 24
148 37 24
148 37 24
148 37 24
148 37 24
148 37 24
148 37 24
148 37 24
148 37 24
148 37 24
148 37 24
148 37 24
148 37 24
148 37 24
148 37 24
148 37 24
148 37 24
148 37 24
148 37 24
148 37 24
148 37 24
148 37 24
148 37 24
148 37 24
179 136 34
188 132 34
197 127 34
197 127 24
197 127 24
197 127 24
197 127 24
197 127 24
197 127 24
197 127 24
197 127 24
197 127 24
197 127 24
197 127 24
197 127 24
197 127 24
197 127 24
197 127 24
197 127 24
197 127 24
197 127 24
197 127 24
197 127 24
197 127 24
197 127 24
197 127 24
197 127 24
197 127 24
197 127 24
198 158 34
198 158 24
198 158 24
198 158 24
175 57 34
175 57 24
175 57 24
175 57 24
175 57 24
175 57 24
175 57 24
175 57 24
175 57 24
175 57 24
175 57 24
175 57 24
175 57 24
175 57 24
175 57 24
175 57 24
175 57 24
175 57 24
175 57 24
175 57 24
175 57 24
175 57 24
175 57 24
175 57 24
175 57 24
175 57 24
175 57 24
175 57 24
175 57 24
175 57 24
175 57 24
175 57 24
175 57 24
175 57 24
175 57 24
175 57 24
175 57 24
175 57 24
130 24 34
130 24 24
130 24 24
130 24 24
130 24 24
130 24 24
130 24 24
130 24 24
130 24 24
130 24 24
130 24 24
130 24 24
130 24 24
130 24 24
130 24 24
67 109 34
67 109 24
66 98 34
66 98 24
66 98 24
66 98 24
66 98 24
76 104 34
76 104 24
76 104 24
76 104 24
76 104 24
76 104 24
76 104 24
76 104 24
76 104 24
76 104 24
178 126 34
178 126 24
178 126 24
178 126 24
178 126 24
178 126 24
178 126 24
178 126 24
178 126 24
178 126 24
178 126 24
178 126 24
178 126 24
178 126 24
178 126 24
178 126 24
178 126 24
38 115 34
38 115 24
38 115 24
38 115 24
38 115 24
38 115 24
38 115 24
38 115 24
38 115 24
38 115 24
38 115 24
64 8 34
64 0 34
64 0 24
64 0 24
64 0 24
64 0 24
64 0 24
64 0 24
64 0 24
64 0 24
143 151 34
133 156 34
133 156 24
133 156 24
133 156 24
133 156 24
133 156 24
133 156 24
133 156 24
133 156 24
133 156 24
133 156 24
133 156 24
133 156 24
133 156 24
133 156 24
133 156 24
133 156 24
133 156 24
133 156 24
133 156 24
133 156 24
133 156 24
133 156 24
133 156 24
133 156 24
133 156 24
133 156 24
133 156 24
133 156 24
133 156 24
133 156 24
133 156 24
133 156 24
133 156 24
133 156 24
133 156 24
133 156 24
133 156 24
133 156 24
133 156 24
55 3 34
55 3 24
55 14 34
46 9 34
46 0 34
46 0 24
46 0 24
46 0 24
46 0 24
46 0 24
65 19 34
74 24 34
39 126 34
48 131 34
48 131 24
58 126 34
58 126 24
58 126 24
58 126 24
58 126 24
58 126 24
58 126 24
58 126 24
58 126 24
58 126 24
58 126 24
58 126 24
58 126 24
58 126 24
58 126 24
58 126 24
58 126 24
58 126 24
58 126 24
58 126 24
58 126 24
58 126 24
58 126 24
58 126 24
58 126 24
58 126 24
58 126 24
58 126 24
58 126 24
58 126 24
39 137 34
49 142 34
142 141 34
133 145 34
133 145 24
133 136 34
133 136 24
133 136 24
133 136 24
133 136 24
133 136 24
133 136 24
133 136 24
133 136 24
133 136 24
130 12 34
120 18 34
120 18 24
120 18 24
120 18 24
120 18 24
120 18 24
120 18 24
120 18 24
120 18 24
120 18 24
120 6 34
120 6 24
120 6 24
120 6 24
120 6 24
120 6 24
120 6 24
120 6 24
120 6 24
120 6 24
120 6 24
120 6 24
120 6 24
120 6 24
120 6 24
120 6 24
120 6 24
120 6 24
120 6 24
120 6 24
120 6 24
120 6 24
120 6 24
120 6 24
120 6 24
120 6 24
120 6 24
120 6 24
120 6 24
120 6 24
120 6 24
120 6 24
120 6 24
120 6 24
40 148 34
40 148 24
40 148 24
40 148 24
40 148 24
40 148 24
40 148 24
40 148 24
40 148 24
40 148 24
40 148 24
40 148 24
40 148 24
40 148 24
40 148 24
40 148 24
40 148 24
40 148 24
40 148 24
40 148 24
40 148 24
40 148 24
40 148 24
40 148 24
40 148 24
40 148 24
40 148 24
40 148 24
40 148 24
40 148 24
40 148 24
40 148 24
40 148 24
40 148 24
40 148 24
40 148 24
40 148 24
40 148 24
40 148 24
40 148 24
189 162 34
189 162 24
198 168 34
198 168 24
198 168 24
198 168 24
198 168 24
198 168 24
189 172 34
189 172 24
189 172 24
189 172 24
139 7 34
139 0 34
130 1 34
130 1 24
130 1 24
130 1 24
195 69 34
186 75 34
186 75 24
195 81 34
186 87 34
196 92 34
196 92 24
196 92 24
196 92 24
196 92 24
196 92 24
196 92 24
196 92 24
196 92 24
187 98 34
187 98 24
187 98 24
187 98 24
187 98 24
187 98 24
187 98 24
187 98 24
187 98 24
37 4 34
37 4 24
37 4 24
37 4 24
37 4 24
37 4 24
198 178 34
198 178 24
198 178 24
198 178 24
198 178 24
198 178 24
198 178 24
198 178 24
198 178 24
198 178 24
198 178 24
198 178 24
198 178 24
198 178 24
198 178 24
198 178 24
198 178 24
198 178 24
198 178 24
198 178 24
198 178 24
198 178 24
198 178 24
198 178 24
198 178 24
198 178 24
198 178 24
198 178 24
198 178 24
198 178 24
198 178 24
198 178 24
198 178 24
198 178 24
198 178 24
198 178 24
198 178 24
198 178 24
198 178 24
198 178 24
198 178 24
198 178 24
198 178 24
198 178 24
30 131 34
30 131 24
29 120 34
29 120 24
29 120 24
29 120 24
29 120 24
29 120 24
29 120 24
29 120 24
29 120 24
29 120 24
29 120 24
29 120 24
29 120 24
29 120 24
29 120 24
29 120 24
29 120 24
29 120 24
29 120 24
29 120 24
29 120 24
29 120 24
29 120 24
29 120 24
29 120 24
29 120 24
29 120 24
29 120 24
29 120 24
29 120 24
29 120 24
29 120 24
29 120 24
29 120 24
58 137 34
58 137 24
58 137 24
58 137 24
58 137 24
58 137 24
58 137 24
58 137 24
58 137 24
142 131 34
142 121 34
133 126 34
133 126 24
133 126 24
133 126 24
133 126 24
133 126 24
133 126 24
133 116 34
142 111 34
142 111 24
177 92 34
177 92 24
177 92 24
177 92 24
177 80 34
177 80 24
177 80 24
168 86 34
168 86 24
168 86 24
168 86 24
168 86 24
168 86 24
168 86 24
168 86 24
168 86 24
30 143 34
30 143 24
20 137 34
21 148 34
176 69 34
176 69 24
176 69 24
176 69 24
176 69 24
176 69 24
176 69 24
176 69 24
176 69 24
176 69 24
176 69 24
176 69 24
176 69 24
176 69 24
176 69 24
176 69 24
176 69 24
176 69 24
176 69 24
176 69 24
176 69 24
176 69 24
176 69 24
176 69 24
176 69 24
176 69 24
176 69 24
176 69 24
176 69 24
176 69 24
176 69 24
176 69 24
176 69 24
176 69 24
176 69 24
176 69 24
176 69 24
176 69 24
176 69 24
176 69 24
176 69 24
65 31 34
65 31 24
65 31 24
65 31 24
65 31 24
65 31 24
65 31 24
65 31 24
65 31 24
65 31 24
65 31 24
65 31 24
55 25 34
55 25 24
55 25 24
55 25 24
55 25 24
55 25 24
55 25 24
55 25 24
55 25 24
55 25 24
55 25 24
55 25 24
55 25 24
55 25 24
55 25 24
55 25 24
55 25 24
132 105 34
132 105 24
141 101 34
141 101 24
141 101 24
141 101 24
141 101 24
141 101 24
141 101 24
141 101 24
141 101 24
141 101 24
141 101 24
141 101 24
141 101 24
141 101 24
141 101 24
141 101 24
141 101 24
141 101 24
141 101 24
141 101 24
141 101 24
141 101 24
141 101 24
141 101 24
141 101 24
141 101 24
141 101 24
141 101 24
141 101 24
141 101 24
123 110 34
123 100 34
123 100 24
123 100 24
148 13 34
148 13 24
148 13 24
148 13 24
148 13 24
148 13 24
148 13 24
148 13 24
148 13 24
148 13 24
148 2 34
148 2 24
148 2 24
151 117 34
151 117 24
151 117 24
151 117 24
151 117 24
151 117 24
151 117 24
151 117 24
151 117 24
151 117 24
151 117 24
151 117 24
151 117 24
151 117 24
151 117 24
151 117 24
151 117 24
151 117 24
151 117 24
170 140 34
170 140 24
170 140 24
170 140 24
170 140 24
170 140 24
170 140 24
170 140 24
170 140 24
170 140 24
170 140 24
170 140 24
170 140 24
170 140 24
170 140 24
170 140 24
170 140 24
170 140 24
170 140 24
170 140 24
170 140 24
170 140 24
170 140 24
170 140 24
170 140 24
170 140 24
170 140 24
170 140 24
170 140 24
170 140 24
170 140 24
170 140 24
170 140 24
170 140 24
170 140 24
170 140 24
170 140 24
170 140 24
170 140 24
170 140 24
170 140 24
170 140 24
170 140 24
170 140 24
170 140 24
170 140 24
123 120 34
123 120 24
123 120 24
123 120 24
123 120 24
123 120 24
123 120 24
123 120 24
123 120 24
123 120 24
123 120 24
59 148 34
59 148 24
59 148 24
59 148 24
59 148 24
59 148 24
59 148 24
59 148 24
59 148 24
59 148 24
59 148 24
59 148 24
59 148 24
59 148 24
59 148 24
59 148 24
59 148 24
59 148 24
59 148 24
59 148 24
151 127 34
151 127 24
151 137 34
151 137 24
151 137 24
151 137 24
124 130 34
124 130 24
124 130 24
124 130 24
124 130 24
124 130 24
124 130 24
124 130 24
124 130 24
124 130 24
124 130 24
124 130 24
124 130 24
124 130 24
124 130 24
124 130 24
124 130 24
124 130 24
124 130 24
124 130 24
124 130 24
124 130 24
124 130 24
124 130 24
124 130 24
124 130 24
124 130 24
124 130 24
124 130 24
124 130 24
124 130 24
160 133 34
160 133 24
160 133 24
160 133 24
160 133 24
160 133 24
160 133 24
160 133 24
160 133 24
160 133 24
160 133 24
160 133 24
160 133 24
160 133 24
160 133 24
160 133 24
160 133 24
160 133 24
160 133 24
160 133 24
160 133 24
160 133 24
160 133 24
160 133 24
160 133 24
160 133 24
160 133 24
160 133 24
160 133 24
196 104 34
196 104 24
196 104 24
196 104 24
196 104 24
196 104 24
196 104 24
196 104 24
196 104 24
196 104 24
196 104 24
196 104 24
196 104 24
196 104 24
196 104 24
196 104 24
196 104 24
196 104 24
196 104 24
196 104 24
196 104 24
196 104 24
196 104 24
196 104 24
196 104 24
196 104 24
196 104 24
196 104 24
196 104 24
196 104 24
196 104 24
196 104 24
196 104 24
196 104 24
196 104 24
196 104 24
196 104 24
196 104 24
196 104 24
196 104 24
196 104 24
196 104 24
196 104 24
196 104 24
196 104 24
196 104 24
196 104 24
196 104 24
196 104 24
196 104 24
178 104 34
178 104 24
178 104 24
178 104 24
178 104 24
178 104 24
178 104 24
178 104 24
178 104 24
178 104 24
178 104 24
178 104 24
178 104 24
178 104 24
178 104 24
178 104 24
178 104 24
178 104 24
178 104 24
178 104 24
178 104 24
178 104 24
178 104 24
178 104 24
178 104 24
178 104 24
178 104 24
178 104 24
178 104 24
178 104 24
178 104 24
178 104 24
178 104 24
178 104 24
178 104 24
178 104 24
178 104 24
178 104 24
178 104 24
178 104 24
178 104 24
178 104 24
178 104 24
178 104 24
178 104 24
178 104 24
46 20 34
46 20 24
46 20 24
46 20 24
46 20 24
46 20 24
46 20 24
46 20 24
46 20 24
46 20 24
46 20 24
46 20 24
46 20 24
46 20 24
37 15 34
28 10 34
28 21 34
28 21 24
28 21 24
28 21 24
28 21 24
28 21 24
28 21 24
37 26 34
37 26 24
37 26 24
37 26 24
37 26 24
37 26 24
37 26 24
37 26 24
37 26 24
37 26 24
37 26 24
37 26 24
37 26 24
37 26 24
37 26 24
121 30 34
121 30 24
121 30 24
121 30 24
121 30 24
121 30 24
121 30 24
121 30 24
121 30 24
121 30 24
121 30 24
121 30 24
121 30 24
121 30 24
121 30 24
121 30 24
121 30 24
121 30 24
121 30 24
121 30 24
121 30 24
121 30 24
121 30 24
121 30 24
121 30 24
121 30 24
121 30 24
121 30 24
121 30 24
121 30 24
121 30 24
121 30 24
121 30 24
121 30 24
121 30 24
121 30 24
121 30 24
121 30 24
121 30 24
121 30 24
121 30 24
121 30 24
121 30 24
121 30 24
121 30 24
121 30 24
121 30 24
121 30 24
121 30 24
121 30 24
121 30 24
121 30 24
121 30 24
121 30 24
121 30 24
158 0 34
158 0 24
158 0 24
158 0 24
158 0 24
158 0 24
158 0 24
158 0 24
158 0 24
158 0 24
158 0 24
158 0 24
158 0 24
158 0 24
158 0 24
158 0 24
158 0 24
158 0 24
158 0 24
158 0 24
158 0 24
158 0 24
158 0 24
158 0 24
158 0 24
158 0 24
158 0 24
158 0 24
158 0 24
11 143 34
11 154 34
11 154 24
11 154 24
11 154 24
11 154 24
11 154 24
11 154 24
11 154 24
11 154 24
28 0 34
28 0 24
18 5 34
18 5 24
18 5 24
18 5 24
18 5 24
18 5 24
18 5 24
18 5 24
18 5 24
121 0 282
121 0 24
121 0 24
121 0 24
121 0 24
121 0 24
121 0 24
121 0 24
121 0 24
121 0 24
121 0 24
121 0 24
121 0 24
121 0 24
121 0 24
121 0 24
121 0 24
121 0 24
121 0 24
121 0 24
121 0 24
121 0 24
121 0 24
121 0 24
121 0 24
121 0 24
121 0 24
121 0 24
121 0 24
121 0 24
121 0 24
121 0 24
121 0 24
121 0 24
121 0 24
121 0 24
121 0 24
121 0 24
121 0 24
121 0 24
111 12 34
111 12 24
111 12 24
111 12 24
111 12 24
111 12 24
111 12 24
111 12 24
111 12 24
111 12 24
111 12 24
111 12 24
111 12 24
111 12 24
111 12 24
111 12 24
111 12 24
111 12 24
18 16 34
18 16 24
18 16 24
18 16 24
18 16 24
18 16 24
18 16 24
18 16 24
18 16 24
18 16 24
18 16 24
18 16 24
18 16 24
18 16 24
18 16 24
18 16 24
18 16 24
18 16 24
18 16 24
18 16 24
18 16 24
18 16 24
18 16 24
18 16 24
18 16 24
18 16 24
18 16 24
18 16 24
18 16 24
18 16 24
18 16 24
18 16 24
18 16 24
18 16 24
18 16 24
18 16 24
18 16 24
18 16 24
18 16 24
18 16 24
18 16 24
76 93 34
76 93 24
76 93 24
76 93 24
76 93 24
76 93 24
76 93 24
76 93 24
76 93 24
76 93 24
76 93 24
76 93 24
76 93 24
76 93 24
76 93 24
76 93 24
76 93 24
76 93 24
76 93 24
76 93 24
76 93 24
76 93 24
76 93 24
76 93 24
76 93 24
76 93 24
76 93 24
76 93 24
76 93 24
76 93 24
76 93 24
76 93 24
76 93 24
76 93 24
76 93 24
76 93 24
76 93 24
76 93 24
76 93 24
76 93 24
76 93 24
76 93 24
76 93 24
76 93 24
76 93 24
102 18 34
102 18 24
102 18 24
102 18 24
102 18 24
102 18 24
102 18 24
102 18 24
102 18 24
102 18 24
102 18 24
102 18 24
102 18 24
102 18 24
102 18 24
102 18 24
102 18 24
102 18 24
102 18 24
102 18 24
102 18 24
102 18 24
102 18 24
102 18 24
102 18 24
102 18 24
102 18 24
102 18 24
102 18 24
102 18 24
102 18 24
102 18 24
102 18 24
102 18 24
102 18 24
102 18 24
102 18 24
102 18 24
102 18 24
102 18 24
102 18 24
102 18 24
102 18 24
102 18 24
102 18 24
102 18 24
102 18 24
102 18 24
102 18 24
102 18 24
102 18 24
102 18 24
102 18 24
102 18 24
102 18 24
102 7 34
102 7 24
102 7 24
102 7 24
102 7 24
102 7 24
102 0 34
102 0 24
102 0 24
1 149 34
1 149 24
1 149 24
1 149 24
1 149 24
1 149 24
1 149 24
1 149 24
1 149 24
1 149 24
1 149 24
1 149 24
1 149 24
1 149 24
1 149 24
1 149 24
1 149 24
1 149 24
1 149 24
1 149 24
1 149 24
1 149 24
1 149 24
1 149 24
1 149 24
1 149 24
1 149 24
1 149 24
1 149 24
1 149 24
1 149 24
1 149 24
1 149 24
1 149 24
1 149 24
1 149 24
1 149 24
1 149 24
1 149 24
1 149 24
1 149 24
1 149 24
1 149 24
1 149 24
1 149 24
1 149 24
1 149 24
92 1 34
92 1 24
92 1 24
92 1 24
92 1 24
57 93 34
57 93 24
57 93 24
57 93 24
57 93 24
57 93 24
57 93 24
57 93 24
57 93 24
57 93 24
57 93 24
57 93 24
57 93 24
57 93 24
57 93 24
57 93 24
57 93 24
57 93 24
57 93 24
57 93 24
57 93 24
57 93 24
57 93 24
168 97 130
168 97 24
168 97 24
168 97 24
168 97 24
168 97 24
168 97 24
168 97 24
168 97 24
168 97 24
168 97 24
168 97 24
168 97 24
168 97 24
168 97 24
168 97 24
168 97 24
168 97 24
168 97 24
168 97 24
159 91 34
159 91 24
159 91 24
159 91 24
159 91 24
159 91 24
159 91 24
159 91 24
159 91 24
159 91 24
159 91 24
159 91 24
159 91 24
159 91 24
159 91 24
159 91 24
159 91 24
159 91 24
159 91 24
159 91 24
159 91 24
159 91 24
159 91 24
159 91 24
159 91 24
159 91 24
159 91 24
159 102 34
159 102 24
151 107 34
151 107 24
151 107 24
151 107 24
151 107 24
151 107 24
151 107 24
151 107 24
38 104 34
38 104 24
38 104 24
38 104 24
38 104 24
38 104 24
38 104 24
38 104 24
38 104 24
38 104 24
38 104 24
38 104 24
38 104 24
38 104 24
38 104 24
38 104 24
38 104 24
38 104 24
38 104 24
38 104 24
38 104 24
38 104 24
38 104 24
38 104 24
38 104 24
38 104 24
38 104 24
38 104 24
38 104 24
38 104 24
38 104 24
38 104 24
38 104 24
38 104 24
38 104 24
38 104 24
38 104 24
38 104 24
38 104 24
38 104 24
38 104 24
38 104 24
38 104 24
38 104 24
38 104 24
38 104 24
38 104 24
38 104 24
38 104 24
76 115 34
76 115 24
76 115 24
76 115 24
76 115 24
76 115 24
76 115 24
76 115 24
76 115 24
76 115 24
76 115 24
76 115 24
76 115 24
76 115 24
67 120 34
67 120 24
67 120 24
67 120 24
67 120 24
67 120 24
67 120 24
67 120 24
67 120 24
67 120 24
67 120 24
67 120 24
67 120 24
67 120 24
67 120 24
67 120 24
67 120 24
67 120 24
67 120 24
67 120 24
67 120 24
67 120 24
67 120 24
86 109 34
86 109 24
86 109 24
86 109 24
86 109 24
86 109 24
86 109 24
86 109 24
86 109 24
86 109 24
86 120 34
86 120 24
86 120 24
86 120 24
86 120 24
86 120 24
86 120 24
86 120 24
86 120 24
86 120 24
86 120 24
86 120 24
86 120 24
86 120 24
86 120 24
86 120 24
86 120 24
86 120 24
86 120 24
86 120 24
86 120 24
86 120 24
86 120 24
86 120 24
86 120 24
86 120 24
86 120 24
86 120 24
86 120 24
86 120 24
86 120 24
86 120 24
86 120 24
86 120 24
86 120 24
86 120 24
86 120 24
86 120 24
86 120 24
86 120 24
86 120 24
86 120 24
86 120 24
86 120 24
86 120 24
86 120 24
86 120 24
86 120 24
86 120 24
86 120 24
86 120 24
86 120 24
86 120 24
95 104 34
104 99 34
104 99 24
104 99 24
104 99 24
104 99 24
104 99 24
104 99 24
104 99 24
104 99 24
104 99 24
104 99 24
104 99 24
104 99 24
104 99 24
104 99 24
104 99 24
104 99 24
104 99 24
104 99 24
104 99 24
114 105 34
114 105 24
114 105 24
114 105 24
114 105 24
114 105 24
114 105 24
114 105 24
114 105 24
114 105 24
114 105 24
114 105 24
114 105 24
114 105 24
114 105 24
114 105 24
114 105 24
114 105 24
114 105 24
114 105 24
114 105 24
114 105 24
114 105 24
114 105 24
114 105 24
114 105 24
114 105 24
114 105 24
114 105 24
114 105 24
114 105 24
114 105 24
114 105 24
95 93 34
85 99 34
85 99 24
85 99 24
85 99 24
85 99 24
104 88 34
104 88 24
104 88 24
104 88 24
114 94 34
114 94 24
114 94 24
114 94 24
114 94 24
114 94 24
114 94 24
114 94 24
114 94 24
114 94 24
114 94 24
114 94 24
114 94 24
114 94 24
114 94 24
114 94 24
114 94 24
114 94 24
114 94 24
114 94 24
114 94 24
114 94 24
114 94 24
114 94 24
114 94 24
114 94 24
114 94 24
114 94 24
114 94 24
114 94 24
114 94 24
114 94 24
114 94 24
74 36 34
74 36 24
74 36 24
74 36 24
74 36 24
74 36 24
74 36 24
74 36 24
74 36 24
74 36 24
74 36 24
74 36 24
74 36 24
74 36 24
74 36 24
74 36 24
74 36 24
74 36 24
74 36 24
74 36 24
74 36 24
74 36 24
74 36 24
74 36 24
74 36 24
74 36 24
74 36 24
74 36 24
74 36 24
74 36 24
74 36 24
74 36 24
74 36 24
74 36 24
74 36 24
74 36 24
74 36 24
74 36 24
74 36 24
74 36 24
74 36 24
74 36 24
74 36 24
74 36 24
74 36 24
74 36 24
74 36 24
74 36 24
74 36 24
74 36 24
9 0 34
9 0 24
9 0 24
9 0 24
9 0 24
9 0 24
9 0 24
9 0 24
9 0 24
9 0 24
9 0 24
9 0 24
9 0 24
9 0 24
9 0 24
9 0 24
9 0 24
9 0 24
9 0 24
9 0 24
9 0 24
9 0 24
9 0 24
9 0 24
9 0 24
9 0 24
9 0 24
9 0 24
9 0 24
9 0 24
9 0 24
9 0 24
9 0 24
9 0 24
9 0 24
9 0 24
9 0 24
9 0 24
9 0 24
9 0 24
9 0 24
9 0 24
9 0 24
9 0 24
9 0 24
9 0 24
9 0 24
9 0 24
9 0 24
9 0 24
9 0 24
28 32 34
28 32 24
28 32 24
28 32 24
28 32 24
28 32 24
28 32 24
28 32 24
28 32 24
28 32 24
28 32 24
28 32 24
28 32 24
28 32 24
28 32 24
28 32 24
28 32 24
28 32 24
28 32 24
28 32 24
28 32 24
28 32 24
28 32 24
28 32 24
28 32 24
28 32 24
28 32 24
28 32 24
28 32 24
28 32 24
28 32 24
28 32 24
28 32 24
28 32 24
28 32 24
28 32 24
28 32 24
28 32 24
28 32 24
28 32 24
28 32 24
28 32 24
157 8 205
157 8 24
157 8 24
157 8 24
157 8 24
157 8 24
157 8 24
157 8 24
157 8 24
157 8 24
157 8 24
157 8 24
157 8 24
157 8 24
157 8 24
157 8 24
157 8 24
157 8 24
157 8 24
157 8 24
157 8 24
157 8 24
157 8 24
157 8 24
157 8 24
157 8 24
157 8 24
157 8 24
157 8 24
157 8 24
157 8 24
157 8 24
157 8 24
157 8 24
157 8 24
157 8 24
157 8 24
157 8 24
157 8 24
157 8 24
157 8 24
157 8 24
157 8 24
157 8 24
157 8 24
56 37 34
56 37 24
56 37 24
56 37 24
56 37 24
56 37 24
56 37 24
56 37 24
56 37 24
56 37 24
56 37 24
56 37 24
56 37 24
56 37 24
56 37 24
56 37 24
56 37 24
56 37 24
56 37 24
56 37 24
56 37 24
56 37 24
56 37 24
56 37 24
56 37 24
56 37 24
56 37 24
56 37 24
56 37 24
56 37 24
56 37 24
56 37 24
56 37 24
56 37 24
56 37 24
56 37 24
56 37 24
56 37 24
56 37 24
56 37 24
56 37 24
56 37 24
56 37 24
56 37 24
56 37 24
56 37 24
56 37 24
56 37 24
56 37 24
56 37 24
56 37 24
56 37 24
56 37 24
56 37 24
56 37 24
56 37 24
56 37 24
56 37 24
56 37 24
139 42 34
139 42 24
139 42 24
139 42 24
139 42 24
139 42 24
139 42 24
139 42 24
139 42 24
139 42 24
139 42 24
139 42 24
139 42 24
139 42 24
139 42 24
139 42 24
139 42 24
139 42 24
139 42 24
139 42 24
139 42 24
139 42 24
139 42 24
139 42 24
139 42 24
139 42 24
139 42 24
139 42 24
139 42 24
139 42 24
139 42 24
139 42 24
139 42 24
139 42 24
139 42 24
139 42 24
139 42 24
139 42 24
139 42 24
139 42 24
139 42 24
139 42 24
139 42 24
139 42 24
139 42 24
139 42 24
139 42 24
139 42 24
139 42 24
139 42 24
139 42 24
139 42 24
139 42 24
139 42 24
139 42 24
139 42 24
139 42 24
139 42 24
139 42 24
139 42 24
139 42 24
139 42 24
139 42 24
157 31 34
157 31 24
157 31 24
157 31 24
166 38 34
166 38 24
166 38 24
166 38 24
166 38 24
166 38 24
166 38 24
166 38 24
166 38 24
166 38 24
166 38 24
166 38 24
166 38 24
166 38 24
166 38 24
166 38 24
166 38 24
166 38 24
166 38 24
166 38 24
166 38 24
166 38 24
166 38 24
166 38 24
166 38 24
166 38 24
166 38 24
166 38 24
166 38 24
166 38 24
166 38 24
166 38 24
166 38 24
166 38 24
166 38 24
166 38 24
166 38 24
166 38 24
166 38 24
166 38 24
166 38 24
166 38 24
166 38 24
166 38 24
166 38 24
166 38 24
166 38 24
166 38 24
111 1 598
111 1 24
111 1 24
111 1 24
111 1 24
111 1 24
84 30 135
84 30 24
84 30 24
84 30 24
84 30 24
84 30 24
84 30 24
84 30 24
84 30 24
84 30 24
84 30 24
84 30 24
84 30 24
84 30 24
84 30 24
84 30 24
84 30 24
84 30 24
84 30 24
84 30 24
84 30 24
84 30 24
84 30 24
84 30 24
84 30 24
84 30 24
84 30 24
84 30 24
84 30 24
84 30 24
84 30 24
84 30 24
84 30 24
84 30 24
84 30 24
84 30 24
84 30 24
84 30 24
84 30 24
84 30 24
84 30 24
84 30 24
84 30 24
84 30 24
84 30 24
84 30 24
84 30 24
84 30 24
84 30 24
84 30 24
84 30 24
84 30 24
84 30 24
84 30 24
84 30 24
84 30 24
84 30 24
84 30 24
84 30 24
84 30 24
84 30 24
84 30 24
84 30 24
84 30 24
84 30 24
84 30 24
84 30 24
84 30 24
46 31 616
46 31 24
46 31 24
46 31 24
46 31 24
46 31 24
46 31 24
46 31 24
46 31 24
46 31 24
46 31 24
46 31 24
46 31 24
46 31 24
46 31 24
46 31 24
46 31 24
46 31 24
46 31 24
46 31 24
46 31 24
46 31 24
46 31 24
46 31 24
46 31 24
46 31 24
46 31 24
46 31 24
46 31 24
46 31 24
46 31 24
46 31 24
46 31 24
46 31 24
46 31 24
46 31 24
46 31 24
46 31 24
46 31 24
46 31 24
46 31 24
46 31 24
46 31 24
46 31 24
46 31 24
46 31 24
46 31 24
46 31 24
46 31 24
121 0 24
121 0 24
121 0 24
121 0 24
121 0 24
121 0 24
121 0 24
121 0 24
121 0 24
121 0 24
121 0 24
121 0 24
121 0 24
121 0 24
121 0 24
121 0 24
121 0 24
121 0 24
121 0 24
121 0 24
121 0 24
121 0 24
121 0 24
121 0 24
121 0 24
121 0 24
121 0 24
121 0 24
121 0 24
121 0 24
121 0 24
121 0 24
121 0 24
121 0 24
121 0 24
121 0 24
121 0 24
121 0 24
121 0 24
121 0 24
121 0 24
121 0 24
121 0 24
121 0 24
121 0 24
121 0 24
121 0 24
121 0 24
121 0 24
121 0 24
121 0 24
121 0 24
121 0 24
121 0 24
121 0 24
121 0 24
121 0 24
121 0 24
121 0 24
121 0 24
121 0 24
121 0 24
121 0 24
121 0 24
121 0 24
121 0 24
121 0 24
121 0 24
121 0 24
121 0 24
121 0 24
121 0 24
121 0 24
121 0 24
121 0 24
121 0 24
121 0 24
121 0 24
121 0 24
121 0 24
121 0 24
157 43 306
157 43 24
157 43 24
157 43 24
157 43 24
157 43 24
157 43 24
157 43 24
157 43 24
157 43 24
157 43 24
157 43 24
157 43 24
157 43 24
157 43 24
157 43 24
157 43 24
157 43 24
157 43 24
157 43 24
157 43 24
157 43 24
157 43 24
157 43 24
157 43 24
157 43 24
157 43 24
157 43 24
157 43 24
157 43 24
157 43 24
157 43 24
157 43 24
157 43 24
157 43 24
157 43 24
157 43 24
157 43 24
157 43 24
157 43 24
157 43 24
157 43 24
157 43 24
157 43 24
157 43 24
157 43 24
18 16 24
18 27 355
18 27 24
18 27 24
18 27 24
18 27 24
18 27 24
18 27 24
18 27 24
18 27 24
18 27 24
18 27 24
18 27 24
18 27 24
18 27 24
18 27 24
18 27 24
18 27 24
18 27 24
18 27 24
18 27 24
18 27 24
18 27 24
18 27 24
18 27 24
18 27 24
18 27 24
18 27 24
18 27 24
18 27 24
18 27 24
18 27 24
18 27 24
18 27 24
18 27 24
18 27 24
18 27 24
18 27 24
18 27 24
18 27 24
18 27 24
18 27 24
18 27 24
18 27 24
18 27 24
18 27 24
18 27 24
18 27 24
18 27 24
18 27 24
18 27 24
18 27 24
18 27 24
18 27 24
18 27 24
18 27 24
18 27 24
18 27 24
18 27 24
18 27 24
18 27 24
18 27 24
18 27 24
18 27 24
18 27 24
18 27 24
9 10 323
9 10 24
9 10 24
9 10 24
9 10 24
9 10 24
9 10 24
9 10 24
9 10 24
9 10 24
9 10 24
9 10 24
9 10 24
9 10 24
9 10 24
9 10 24
9 10 24
9 10 24
9 10 24
9 10 24
0 16 34
0 27 34
0 27 24
0 27 24
0 27 24
0 27 24
0 27 24
0 27 24
0 27 24
0 27 24
0 27 24
0 38 34
0 38 24
0 38 24
0 38 24
0 38 24
0 38 24
0 38 24
0 38 24
0 38 24
0 38 24
0 38 24
0 38 24
0 38 24
0 38 24
0 38 24
0 38 24
0 38 24
0 38 24
0 38 24
0 38 24
0 38 24
0 38 24
0 38 24
0 38 24
0 38 24
0 38 24
0 38 24
0 38 24
0 38 24
0 38 24
0 38 24
0 38 24
0 38 24
0 38 24
0 38 24
0 38 24
0 38 24
0 38 24
0 38 24
0 38 24
0 38 24
0 38 24
0 38 24
0 38 24
0 38 24
0 38 24
0 38 24
0 38 24
0 38 24
0 38 24
0 38 24
0 38 24
0 38 24
0 38 24
0 38 24
9 22 501
9 22 24
9 22 24
9 22 24
9 22 24
9 22 24
9 22 24
9 22 24
9 22 24
9 22 24
9 22 24
9 22 24
9 22 24
9 22 24
9 22 24
9 22 24
9 22 24
9 22 24
9 22 24
9 22 24
9 22 24
9 22 24
9 22 24
9 22 24
9 22 24
9 22 24
9 22 24
9 22 24
9 22 24
9 22 24
0 5 497
28 43 130
28 54 34
28 54 24
28 54 24
28 54 24
28 54 24
28 54 24
28 54 24
28 54 24
28 54 24
28 54 24
28 54 24
28 54 24
28 54 24
28 54 24
28 54 24
28 54 24
28 54 24
28 54 24
28 54 24
28 54 24
28 54 24
28 54 24
28 54 24
28 54 24
28 54 24
28 54 24
28 54 24
28 54 24
28 54 24
28 54 24
28 54 24
28 54 24
28 54 24
28 54 24
28 54 24
28 54 24
28 54 24
28 54 24
28 54 24
28 54 24
19 49 34
19 49 24
19 49 24
19 49 24
19 49 24
19 49 24
19 49 24
19 49 24
19 49 24
19 49 24
19 49 24
19 49 24
37 49 34
37 49 24
37 49 24
37 49 24
37 49 24
37 49 24
37 49 24
37 49 24
37 49 24
37 49 24
37 49 24
37 49 24
37 49 24
37 49 24
37 49 24
37 49 24
37 49 24
37 49 24
37 49 24
37 49 24
37 49 24
37 49 24
37 49 24
37 49 24
37 49 24
37 49 24
37 49 24
37 49 24
37 49 24
37 49 24
37 49 24
37 49 24
37 49 24
37 49 24
37 49 24
37 49 24
37 49 24
37 49 24
37 49 24
37 49 24
37 49 24
37 49 24
37 49 24
37 49 24
37 49 24
37 49 24
37 49 24
37 49 24
37 49 24
37 49 24
37 49 24
37 49 24
37 49 24
37 49 24
37 49 24
37 49 24
37 49 24
37 49 24
37 49 24
37 49 24
37 49 24
37 49 24
37 49 24
37 49 24
37 49 24
37 49 24
37 49 24
37 49 24
19 60 34
19 60 24
19 60 24
19 60 24
19 60 24
19 60 24
19 60 24
19 60 24
19 60 24
19 60 24
19 60 24
19 60 24
19 60 24
19 60 24
19 60 24
19 60 24
19 60 24
19 60 24
19 60 24
19 60 24
19 60 24
19 60 24
19 60 24
19 60 24
19 60 24
19 60 24
19 60 24
19 60 24
19 60 24
19 60 24
19 60 24
19 60 24
19 60 24
19 60 24
19 60 24
19 60 24
19 60 24
19 60 24
19 60 24
19 60 24
19 60 24
19 60 24
19 60 24
19 60 24
19 60 24
19 60 24
19 60 24
19 60 24
19 60 24
19 60 24
19 60 24
19 60 24
19 60 24
19 60 24
19 60 24
19 60 24
19 60 24
19 60 24
19 60 24
19 60 24
19 60 24
19 60 24
19 60 24
19 60 24
19 60 24
19 60 24
19 60 24
19 60 24
19 60 24
19 60 24
19 38 330
19 38 24
19 38 24
19 38 24
19 38 24
19 38 24
19 38 24
19 38 24
19 38 24
19 38 24
19 38 24
19 38 24
19 38 24
19 38 24
19 38 24
19 38 24
19 38 24
19 38 24
19 38 24
19 38 24
19 38 24
19 38 24
19 38 24
19 38 24
19 38 24
19 38 24
19 38 24
19 38 24
19 38 24
19 38 24
19 38 24
19 38 24
19 38 24
19 38 24
19 38 24
19 38 24
19 38 24
19 38 24
19 38 24
19 38 24
19 38 24
19 38 24
19 38 24
19 38 24
19 38 24
19 38 24
19 38 24
19 38 24
19 38 24
19 38 24
19 38 24
157 8 24
157 8 24
157 8 24
157 8 24
157 8 24
157 8 24
157 8 24
157 8 24
157 8 24
157 8 24
157 8 24
157 8 24
157 8 24
157 8 24
157 8 24
157 8 24
157 8 24
157 8 24
157 8 24
157 8 24
157 8 24
157 8 24
157 8 24
157 8 24
157 8 24
157 8 24
157 8 24
157 8 24
157 8 24
157 8 24
157 8 24
157 8 24
157 8 24
157 8 24
157 8 24
157 8 24
157 8 24
157 8 24
157 8 24
157 8 24
157 8 24
157 8 24
157 8 24
157 8 24
157 8 24
157 8 24
157 8 24
157 8 24
157 8 24
157 8 24
157 8 24
157 8 24
157 8 24
157 8 24
157 8 24
157 8 24
157 8 24
157 8 24
157 8 24
157 8 24
157 8 24
157 8 24
157 8 24
157 8 24
157 8 24
157 8 24
157 8 24
157 8 24
157 8 24
157 8 24
157 8 24
157 8 24
157 8 24
157 8 24
157 8 24
157 8 24
157 8 24
157 8 24
157 8 24
157 8 24
157 8 24
157 8 24
157 8 24
157 8 24
157 8 24
157 8 24
157 8 24
166 26 120
166 26 24
166 26 24
166 26 24
166 26 24
166 26 24
166 26 24
166 26 24
166 26 24
166 26 24
166 26 24
166 26 24
166 26 24
176 21 34
176 21 24
176 21 24
185 16 34
185 16 24
185 16 24
185 16 24
185 16 24
185 28 34
185 28 24
185 28 24
185 28 24
185 28 24
185 28 24
185 28 24
185 28 24
185 28 24
185 28 24
185 28 24
185 28 24
185 28 24
185 28 24
185 28 24
185 28 24
185 28 24
185 28 24
185 28 24
185 28 24
185 28 24
185 28 24
185 28 24
185 28 24
185 28 24
185 28 24
185 28 24
185 28 24
185 28 24
185 28 24
185 28 24
185 28 24
185 28 24
185 28 24
185 28 24
185 28 24
185 28 24
185 28 24
185 28 24
185 28 24
185 28 24
185 28 24
185 28 24
185 28 24
185 28 24
185 28 24
185 28 24
185 28 24
185 28 24
185 28 24
185 28 24
185 28 24
185 28 24
185 28 24
185 28 24
185 28 24
185 28 24
185 28 24
185 28 24
186 5 34
186 5 24
186 5 24
186 5 24
186 5 24
186 5 24
176 10 34
177 0 34
177 0 24
195 11 34
195 11 24
196 0 34
196 0 24
196 0 24
196 0 24
196 0 24
196 0 24
196 0 24
196 0 24
196 0 24
196 0 24
196 0 24
196 0 24
196 0 24
196 0 24
196 0 24
196 0 24
196 0 24
196 0 24
196 0 24
196 0 24
196 0 24
196 0 24
196 0 24
196 0 24
196 0 24
196 0 24
196 0 24
196 0 24
196 0 24
196 0 24
196 0 24
196 0 24
196 0 24
196 0 24
196 0 24
196 0 24
196 0 24
196 0 24
196 0 24
196 0 24
196 0 24
196 0 24
196 0 24
196 0 24
196 0 24
196 0 24
196 0 24
196 0 24
196 0 24
196 0 24
196 0 24
196 0 24
196 0 24
196 0 24
195 23 34
195 23 24
195 23 24
195 23 24
195 23 24
195 23 24
195 23 24
195 23 24
194 34 61
194 34 24
194 34 24
194 34 24
194 34 24
194 34 24
194 34 24
194 34 24
194 34 24
194 34 24
194 34 24
194 34 24
194 34 24
194 34 24
194 34 24
194 34 24
194 34 24
152 166 15
152 165 15
152 164 15
152 163 15
151 163 15
151 162 15
151 161 15
150 161 15
149 161 15
148 161 15
147 161 15
146 161 15
145 161 15
144 161 15
143 160 15
143 159 15
143 158 15
143 157 15
143 156 15
143 155 15
143 154 15
143 153 15
143 152 15
142 151 15
142 150 15
142 149 15
142 148 15
142 147 15
142 146 15
142 145 15
142 144 15
142 143 15
142 142 16
143 131 15
143 132 15
143 133 15
143 134 15
143 135 20
143 136 27
143 137 33
142 137 35
142 138 33
142 139 30
142 140 26
142 112 15
142 112 24
142 113 15
142 113 24
142 114 15
142 114 24
142 115 15
142 116 15
142 117 15
142 118 15
142 119 15
142 120 17
142 122 25
142 123 26
142 124 25
142 125 22
143 125 19
143 126 15
143 127 15
143 128 15
143 129 15
143 130 15
158 102 29
158 102 24
157 102 34
157 102 24
157 103 34
157 103 24
156 103 50
156 103 24
156 104 55
156 104 24
155 104 78
155 105 87
154 105 112
154 106 124
153 106 145
153 107 157
152 107 170
151 108 183
151 108 24
150 108 190
150 108 24
150 108 24
150 109 181
150 109 24
150 109 24
149 109 174
149 109 24
149 109 24
149 109 24
149 110 164
149 110 24
149 110 24
148 110 145
148 110 24
148 110 24
148 110 24
147 110 131
147 110 24
147 110 24
147 111 108
147 111 24
147 111 24
146 111 86
146 111 24
146 111 24
146 112 69
146 112 24
145 112 44
145 112 24
144 112 26
144 112 24
143 112 15
143 112 24
159 101 43
159 101 24
159 100 55
159 100 24
160 100 76
160 99 91
160 99 24
160 98 121
160 98 24
160 98 24
161 98 140
161 97 169
161 97 24
161 97 24
162 97 194
162 96 219
162 96 24
163 96 245
163 95 263
163 95 24
164 95 284
164 94 293
164 94 24
165 94 305
165 93 303
165 93 24
166 93 302
166 93 24
166 92 290
166 92 24
167 92 275
167 92 24
167 92 24
167 91 254
167 91 24
167 91 24
168 91 224
168 91 24
168 91 24
168 91 24
169 91 197
169 91 24
169 91 24
169 91 24
169 91 24
169 91 24
169 90 157
169 90 24
169 90 24
169 90 24
169 90 24
169 90 24
170 90 118
170 90 24
170 90 24
170 90 24
170 90 24
170 90 24
170 90 24
170 89 80
170 89 24
170 89 24
170 89 24
170 89 24
170 89 24
170 89 24
171 89 35
171 89 24
171 89 24
171 89 24
171 89 24
171 89 24
171 89 24
171 89 24
172 89 15
172 89 24
172 89 24
172 89 24
172 89 24
172 89 24
172 89 24
172 89 24
173 89 15
173 89 24
173 89 24
173 89 24
173 89 24
173 89 24
174 89 15
174 89 24
174 89 24
174 89 24
174 89 24
175 89 15
175 89 24
175 89 24
176 89 15
176 89 24
176 89 24
177 89 15
177 89 24
178 89 15
178 89 24
179 89 15
179 89 24
179 88 15
180 88 15
181 88 15
182 88 15
183 88 15
183 87 15
183 86 15
183 85 15
183 84 15
183 83 15
183 82 15
183 81 15
184 81 16
184 80 25
185 80 25
186 80 23
186 79 17
186 79 24
187 79 15
187 79 24
187 78 15
187 78 24
187 77 15
187 77 24
187 76 15
187 76 24
187 75 15
187 75 24
187 74 15
187 74 24
188 74 15
188 74 24
188 73 15
188 73 24
189 73 15
189 73 24
190 73 15
190 73 24
190 72 15
190 72 24
190 71 15
190 71 24
190 70 15
190 70 24
191 70 15
191 70 24
191 69 15
191 69 24
192 69 15
192 68 15
192 67 15
192 67 24
192 66 15
192 66 24
192 65 15
192 65 24
193 65 15
193 64 15
193 63 15
193 62 15
193 61 15
193 60 15
193 59 15
193 58 15
194 57 15
194 56 15
194 55 15
194 55 24
194 54 15
194 54 24
194 53 15
194 53 24
194 52 15
194 52 24
194 51 15
194 51 24
194 50 15
194 50 24
194 49 15
194 49 24
194 48 15
194 48 24
194 47 15
194 47 24
167 26 401
167 25 391
168 25 370
169 25 358
169 24 323
170 24 291
170 23 262
171 23 215
171 22 190
172 22 134
173 22 106
173 21 52
173 21 24
174 21 26
174 21 24
174 21 24
174 20 15
174 20 24
174 20 24
175 20 15
175 20 24
175 20 24
175 19 15
175 19 24
175 18 15
175 18 24
175 17 15
175 17 24
175 16 15
175 16 24
176 16 15
176 16 24
176 15 15
176 15 24
176 14 15
176 14 24
177 14 15
177 14 24
178 14 15
178 14 24
179 14 15
179 14 24
180 14 15
180 14 24
181 14 15
181 14 24
182 14 15
182 14 24
182 14 24
183 14 15
183 14 24
183 14 24
184 14 15
184 14 24
184 14 24
185 14 15
185 14 24
185 14 24
186 14 15
186 14 24
186 14 24
187 14 15
187 14 24
187 14 24
188 14 15
188 14 24
188 14 24
189 14 15
189 14 24
189 14 24
190 14 15
190 14 24
190 14 24
191 14 15
191 14 24
191 14 24
191 15 15
191 15 24
191 15 24
192 15 15
192 15 24
192 16 15
192 16 24
193 16 15
193 16 24
193 17 15
193 17 24
194 17 15
194 17 24
194 18 15
194 18 24
195 18 15
195 18 24
195 19 15
195 19 24
196 19 15
196 19 24
196 20 15
196 20 24
197 20 15
197 20 24
198 20 15
198 20 24
198 21 15
198 21 24
198 22 15
198 22 24
198 22 24
198 23 15
198 23 24
198 23 24
198 23 24
198 23 24
198 24 15
198 24 24
198 24 24
198 24 24
198 24 24
198 24 24
198 24 24
198 24 24
198 25 15
198 25 24
198 25 24
198 25 24
198 25 24
198 25 24
198 25 24
198 25 24
198 25 24
198 25 24
198 25 24
198 25 24
198 26 15
198 26 24
198 26 24
198 26 24
198 26 24
198 26 24
198 26 24
198 26 24
198 26 24
198 26 24
198 26 24
198 26 24
198 26 24
198 26 24
198 26 24
198 26 24
198 26 24
198 27 15
198 27 24
198 27 24
198 27 24
198 27 24
198 27 24
198 27 24
198 27 24
198 27 24
198 27 24
198 27 24
198 27 24
198 27 24
198 27 24
198 27 24
198 27 24
198 27 24
198 27 24
198 27 24
198 27 24
198 27 24
198 27 24
198 28 15
198 28 24
198 28 24
198 28 24
198 28 24
198 28 24
198 28 24
198 28 24
198 28 24
198 28 24
198 28 24
198 28 24
198 28 24
198 28 24
198 28 24
198 28 24
198 28 24
198 28 24
198 28 24
198 28 24
198 28 24
198 28 24
198 28 24
198 28 24
198 28 24
198 28 24
198 29 15
198 29 24
198 29 24
198 29 24
198 29 24
198 29 24
198 29 24
198 29 24
198 29 24
198 29 24
198 29 24
198 29 24
198 29 24
198 29 24
198 29 24
198 29 24
198 29 24
198 29 24
198 29 24
198 29 24
198 29 24
198 29 24
198 29 24
198 29 24
198 29 24
198 29 24
198 29 24
198 29 24
198 30 15
198 30 24
198 30 24
198 30 24
198 30 24
198 30 24
198 30 24
198 30 24
198 30 24
198 30 24
198 30 24
198 30 24
198 30 24
198 30 24
198 30 24
198 30 24
198 30 24
198 30 24
198 30 24
198 30 24
198 30 24
198 30 24
198 30 24
198 30 24
198 30 24
198 30 24
198 31 15
198 31 24
198 31 24
198 31 24
198 31 24
198 31 24
198 31 24
198 31 24
198 31 24
198 31 24
198 31 24
198 31 24
198 31 24
198 31 24
198 31 24
198 31 24
198 31 24
198 31 24
198 31 24
198 31 24
198 31 24
198 31 24
198 31 24
198 32 15
198 32 24
198 32 24
198 32 24
198 32 24
198 32 24
198 32 24
198 32 24
198 32 24
198 32 24
198 32 24
198 32 24
198 32 24
198 32 24
198 32 24
198 32 24
198 32 24
198 32 24
198 32 24
198 33 15
198 33 24
198 33 24
198 33 24
198 33 24
198 33 24
198 33 24
198 33 24
198 33 24
198 33 24
198 33 24
198 33 24
198 33 24
198 33 24
198 34 15
198 34 24
198 34 24
198 34 24
198 34 24
198 34 24
198 34 24
198 34 24
198 34 24
198 34 24
198 35 15
198 35 24
198 35 24
198 35 24
198 35 24
198 35 24
198 35 24
198 36 15
198 36 24
198 36 24
198 36 24
198 37 15
198 37 24
198 37 24
198 38 15
198 38 24
198 39 15
198 39 24
198 40 15
198 40 24
197 40 15
197 40 24
197 41 15
197 41 24
197 42 26
196 42 31
196 43 33
196 44 37
195 44 39
195 45 32
195 46 29
165 26 394
165 26 24
165 27 387
164 27 359
163 27 333
162 27 309
162 28 273
161 28 234
160 28 200
159 28 173
158 28 153
157 28 140
156 28 133
155 28 131
154 28 134
153 28 140
152 28 146
151 28 150
150 28 152
150 27 140
149 27 122
148 27 100
148 26 67
148 25 40
130 11 15
130 11 24
130 10 15
130 10 24
131 10 15
131 10 24
132 10 15
132 9 15
133 9 15
134 9 15
134 8 15
135 8 15
136 8 15
137 8 15
137 7 15
138 7 15
140 7 35
141 7 39
142 7 36
142 8 22
142 9 15
142 10 15
143 10 15
144 10 15
144 11 15
145 11 15
145 11 24
145 12 15
145 12 24
145 13 15
145 13 24
145 14 15
145 14 24
145 15 15
145 15 24
145 16 15
145 16 24
145 17 15
145 17 24
145 18 15
145 18 24
145 19 15
145 19 24
146 19 15
146 19 24
146 20 15
146 20 24
146 21 15
146 21 24
146 22 15
147 22 15
147 22 24
148 22 15
148 22 24
148 23 15
148 23 24
129 11 15
129 11 24
128 11 15
128 11 24
127 11 15
127 11 24
126 11 15
126 11 24
125 11 15
125 11 24
125 11 24
124 11 15
124 11 24
124 11 24
123 11 15
123 11 24
123 11 24
123 11 24
122 11 15
122 11 24
122 11 24
122 11 24
121 11 15
121 11 24
121 11 24
121 11 24
121 11 24
120 11 15
120 11 24
120 11 24
120 11 24
120 11 24
120 11 24
119 11 15
119 11 24
119 11 24
119 11 24
119 11 24
119 11 24
119 11 24
118 11 15
118 11 24
118 11 24
118 11 24
118 11 24
118 11 24
118 11 24
118 11 24
117 11 15
117 11 24
117 11 24
117 11 24
117 11 24
117 11 24
117 11 24
117 11 24
117 11 24
116 11 52
116 11 24
116 11 24
116 11 24
116 11 24
116 11 24
116 11 24
116 11 24
116 10 67
116 10 24
116 10 24
116 10 24
116 10 24
116 10 24
116 10 24
116 10 24
116 10 24
115 10 76
115 10 24
115 10 24
115 10 24
115 10 24
115 10 24
115 10 24
115 10 24
115 10 24
114 10 84
114 10 24
114 10 24
114 10 24
114 10 24
114 10 24
114 10 24
114 10 24
114 9 77
114 9 24
114 9 24
114 9 24
114 9 24
114 9 24
114 9 24
114 9 24
114 9 24
114 9 24
113 9 53
113 9 24
113 9 24
113 9 24
113 9 24
113 9 24
113 9 24
113 9 24
113 9 24
113 9 24
112 9 37
112 9 24
112 9 24
112 9 24
112 9 24
112 9 24
112 9 24
112 9 24
112 9 24
112 9 24
112 8 15
112 8 24
112 8 24
112 8 24
112 8 24
112 8 24
112 8 24
112 8 24
112 8 24
112 8 24
112 8 24
111 8 15
111 8 24
111 8 24
111 8 24
111 8 24
111 8 24
111 8 24
111 8 24
111 8 24
111 8 24
110 8 15
110 8 24
110 8 24
110 8 24
110 8 24
110 8 24
110 8 24
110 8 24
110 8 24
110 8 24
109 8 15
109 8 24
109 8 24
109 8 24
109 8 24
109 8 24
109 8 24
109 8 24
109 8 24
109 8 24
108 8 15
108 8 24
108 8 24
108 8 24
108 8 24
108 8 24
108 8 24
108 8 24
108 8 24
108 8 24
107 8 15
107 8 24
107 8 24
107 8 24
107 8 24
107 8 24
107 8 24
107 8 24
107 8 24
107 8 24
107 7 15
107 7 24
107 7 24
107 7 24
107 7 24
107 7 24
107 7 24
107 7 24
107 6 15
107 6 24
107 6 24
107 6 24
107 6 24
107 6 24
107 6 24
107 5 15
107 5 24
107 5 24
107 5 24
107 5 24
107 5 24
107 4 15
107 4 24
107 4 24
107 4 24
107 4 24
107 4 24
107 3 15
107 3 24
107 3 24
107 3 24
107 3 24
107 3 24
106 3 15
106 3 24
106 3 24
106 3 24
106 3 24
105 3 15
105 3 24
105 3 24
105 3 24
104 3 15
104 3 24
104 3 24
104 3 24
103 3 15
103 3 24
103 3 24
102 3 15
102 3 24
102 3 24
101 3 15
101 3 24
101 3 24
100 3 15
100 3 24
100 3 24
99 3 17
99 3 24
98 3 51
97 3 72
96 3 82
95 3 83
94 3 79
93 3 73
92 3 69
92 3 24
91 3 68
91 3 24
91 3 24
91 3 24
90 3 74
90 3 24
90 3 24
90 3 24
90 3 24
90 4 74
90 4 24
90 4 24
90 4 24
89 4 78
89 4 24
89 4 24
89 4 24
89 4 24
88 4 88
88 4 24
88 4 24
88 4 24
88 4 24
88 4 24
88 5 91
88 5 24
88 5 24
88 5 24
88 5 24
87 5 95
87 5 24
87 5 24
87 5 24
87 5 24
86 5 102
86 5 24
86 5 24
86 5 24
86 5 24
86 6 99
86 6 24
86 6 24
86 6 24
85 6 96
85 6 24
85 6 24
85 6 24
84 6 94
84 6 24
84 6 24
84 7 82
84 7 24
141 113 15
141 113 24
140 113 15
140 113 24
139 113 15
139 113 24
138 113 15
138 113 24
137 113 15
137 113 24
136 113 15
136 113 24
135 113 15
135 113 24
134 113 15
134 113 24
133 113 15
133 113 24
133 112 15
133 112 24
133 111 15
133 111 24
133 110 15
133 110 24
133 109 15
133 109 24
133 108 15
133 108 24
132 108 15
132 108 24
132 107 15
132 107 24
132 106 15
132 106 24
131 105 15
131 105 24
131 104 15
131 104 24
131 104 24
130 104 15
130 104 24
130 103 15
130 103 24
129 103 15
129 103 24
128 103 15
128 103 24
128 102 15
128 102 24
128 101 15
128 101 24
128 101 24
127 101 15
127 101 24
127 100 15
127 100 24
127 100 24
126 100 15
126 100 24
126 100 24
125 100 15
125 100 24
125 100 24
124 100 15
124 100 24
124 100 24
123 99 119
123 98 176
123 97 244
122 97 304
122 96 370
121 96 434
121 95 496
120 95 556
120 94 611
119 94 661
118 94 708
117 94 747
116 94 776
115 94 791
113 94 771
113 94 24
113 94 24
113 94 24
113 94 24
113 94 24
112 94 736
112 94 24
112 94 24
112 94 24
112 94 24
112 94 24
112 94 24
112 94 24
112 94 24
111 94 684
111 94 24
111 94 24
111 94 24
111 94 24
111 94 24
111 94 24
111 94 24
111 94 24
111 94 24
110 94 618
110 94 24
110 94 24
110 94 24
110 94 24
110 94 24
110 94 24
110 94 24
109 94 541
109 94 24
109 94 24
109 94 24
109 94 24
109 94 24
108 94 456
108 94 24
108 94 24
107 94 368
106 94 278
105 94 192
104 94 112
104 94 24
103 94 42
103 94 24
103 94 24
102 94 15
102 94 24
102 94 24
101 94 15
101 94 24
100 94 15
100 94 24
99 94 15
99 94 24
98 94 15
97 94 15
96 94 15
95 94 15
95 95 15
95 96 15
95 97 15
95 98 15
95 99 15
95 100 15
95 101 15
95 102 15
95 103 15
95 103 24
94 104 15
94 104 24
93 104 15
93 104 24
92 104 15
92 105 15
92 105 24
91 105 15
91 105 24
90 105 15
90 105 24
90 106 15
90 106 24
89 106 15
89 106 24
88 106 15
88 106 24
88 106 24
87 106 15
87 106 24
87 106 24
86 106 15
86 106 24
86 106 24
86 106 24
86 107 15
86 107 24
86 107 24
86 107 24
86 107 24
86 107 24
85 107 15
85 107 24
85 107 24
85 107 24
85 107 24
85 107 24
85 107 24
84 107 15
84 107 24
84 107 24
84 107 24
84 107 24
84 107 24
84 107 24
84 107 24
84 107 24
83 107 15
83 107 24
83 107 24
83 107 24
83 107 24
83 107 24
83 107 24
83 107 24
83 107 24
83 107 24
83 107 24
82 107 15
82 107 24
82 107 24
82 107 24
82 107 24
82 107 24
82 107 24
82 107 24
82 107 24
82 107 24
82 107 24
82 107 24
81 107 19
81 107 24
81 107 24
81 107 24
81 107 24
81 107 24
81 107 24
81 107 24
81 107 24
81 107 24
81 107 24
81 107 24
80 107 36
80 107 24
80 107 24
80 107 24
80 107 24
80 107 24
80 107 24
80 107 24
80 107 24
80 107 24
80 107 24
80 107 24
79 107 54
79 107 24
79 107 24
79 107 24
79 107 24
79 107 24
79 107 24
79 107 24
79 107 24
79 107 24
79 107 24
79 107 24
79 108 63
79 108 24
79 108 24
79 108 24
79 108 24
79 108 24
79 108 24
79 108 24
79 108 24
79 108 24
79 108 24
79 108 24
79 108 24
78 108 70
78 108 24
78 108 24
78 108 24
78 108 24
78 108 24
78 108 24
78 108 24
78 108 24
78 108 24
78 108 24
78 108 24
77 108 78
77 108 24
77 108 24
77 108 24
77 108 24
77 108 24
77 108 24
77 108 24
77 108 24
77 108 24
77 108 24
76 108 85
76 108 24
76 108 24
76 108 24
76 108 24
76 108 24
76 108 24
76 108 24
76 108 24
76 108 24
75 108 90
75 108 24
75 108 24
75 108 24
75 108 24
75 108 24
75 108 24
75 108 24
74 108 94
74 108 24
74 108 24
74 108 24
74 108 24
74 108 24
73 108 94
73 108 24
73 108 24
73 108 24
72 108 91
72 108 24
71 108 86
70 108 77
69 108 65
68 108 51
67 108 36
66 108 20
66 108 24
65 108 15
65 108 24
64 108 15
64 108 24
64 109 15
64 109 24
63 109 15
63 109 24
62 109 15
62 109 24
62 110 15
62 110 24
62 111 15
62 111 24
61 111 15
61 111 24
60 111 15
60 111 24
59 111 15
59 111 24
59 112 15
59 112 24
58 112 15
58 112 24
57 112 15
57 112 24
57 113 15
57 113 24
57 114 15
57 114 24
56 115 15
56 115 24
55 115 15
55 115 24
54 115 15
54 115 24
54 116 15
54 116 24
53 116 15
53 116 24
52 116 15
52 116 24
51 116 15
51 116 24
50 116 15
50 116 24
49 116 15
49 116 24
48 116 15
48 117 15
48 118 15
48 119 15
144 132 15
145 132 15
145 133 15
146 133 15
147 133 15
148 133 15
148 133 24
149 133 15
149 133 24
150 133 15
150 133 24
151 133 15
151 133 24
151 133 24
152 133 15
152 133 24
152 133 24
152 133 24
152 133 24
153 133 15
153 133 24
153 133 24
153 133 24
153 133 24
153 133 24
153 133 24
154 133 58
154 133 24
154 133 24
154 133 24
154 133 24
154 133 24
154 133 24
154 133 24
155 133 141
155 133 24
155 133 24
155 133 24
155 133 24
155 133 24
155 133 24
156 133 238
156 133 24
156 133 24
156 133 24
156 133 24
156 133 24
157 133 346
157 133 24
157 133 24
157 133 24
157 133 24
158 133 461
158 133 24
158 133 24
159 133 579
159 133 24
161 133 803
161 133 24
162 133 899
162 133 24
162 133 24
163 133 980
163 133 24
163 133 24
163 133 24
163 133 24
164 133 1041
164 133 24
164 133 24
164 133 24
164 133 24
164 133 24
164 133 24
165 133 1081
165 133 24
165 133 24
165 133 24
165 133 24
165 133 24
165 133 24
165 133 24
165 133 24
165 133 24
166 133 1096
166 133 24
166 133 24
166 133 24
166 133 24
166 133 24
166 133 24
166 133 24
166 133 24
166 133 24
166 133 24
166 133 24
167 133 1087
167 133 24
167 133 24
167 133 24
167 133 24
167 133 24
167 133 24
167 133 24
167 133 24
167 133 24
167 133 24
167 133 24
167 133 24
167 133 24
168 133 1054
168 133 24
168 133 24
168 133 24
168 133 24
168 133 24
168 133 24
168 133 24
168 133 24
168 133 24
168 133 24
168 133 24
168 133 24
168 133 24
169 133 999
169 133 24
169 133 24
169 133 24
169 133 24
169 133 24
169 133 24
169 133 24
169 133 24
169 133 24
169 133 24
169 133 24
169 133 24
170 133 925
170 133 24
170 133 24
170 133 24
170 133 24
170 133 24
170 133 24
170 133 24
170 133 24
171 133 834
171 133 24
171 133 24
171 133 24
172 133 731
173 133 620
174 133 506
175 133 393
176 133 286
177 133 187
178 133 101
179 133 28
180 133 15
180 134 15
180 135 15
181 135 15
182 135 15
182 136 15
183 136 15
183 137 15
183 138 15
183 139 15
183 140 15
183 141 15
183 142 15
183 142 24
184 142 15
185 142 15
186 142 15
187 142 15
