112 121 34
112 121 24
112 121 24
112 121 24
112 121 24
112 121 24
112 121 24
112 121 24
144 198 34
144 198 24
44 143 34
44 143 24
44 143 24
44 143 24
119 155 34
32 184 34
32 184 24
32 184 24
32 184 24
32 184 24
32 184 24
32 184 24
32 184 24
32 184 24
32 184 24
32 184 24
32 184 24
32 184 24
32 184 24
68 31 34
177 89 34
177 89 24
177 89 24
177 89 24
177 89 24
177 89 24
177 89 24
177 89 24
177 89 24
177 89 24
177 89 24
177 89 24
141 167 34
27 98 34
18 150 34
173 116 34
7 190 34
7 190 24
7 190 24
7 190 24
7 190 24
7 190 24
7 190 24
7 190 24
7 190 24
7 190 24
5 55 34
5 55 24
130 161 34
36 148 34
27 144 34
28 154 34
0 60 34
0 60 24
0 60 24
0 60 24
0 60 24
0 60 24
0 60 24
0 60 24
0 60 24
0 60 24
0 60 24
0 60 24
0 60 24
0 60 24
0 60 24
0 60 24
0 60 24
0 60 24
0 60 24
0 60 24
0 60 24
0 60 24
0 60 24
0 60 24
0 60 24
0 60 24
0 60 24
0 60 24
0 60 24
5 44 34
0 50 34
35 138 34
35 138 24
35 138 24
131 171 34
120 166 34
143 188 34
143 188 24
143 188 24
143 188 24
143 188 24
142 177 34
142 177 24
142 177 24
179 99 34
179 99 24
179 99 24
179 99 24
171 105 34
181 110 34
169 95 34
20 182 34
20 182 24
20 182 24
20 182 24
20 182 24
20 182 24
20 182 24
20 182 24
20 182 24
20 182 24
16 49 34
36 93 34
36 104 34
36 104 24
36 104 24
36 104 24
36 104 24
36 104 24
111 131 34
111 131 24
111 131 24
111 131 24
111 131 24
111 131 24
111 131 24
111 131 24
111 131 24
111 131 24
111 131 24
111 131 24
111 131 24
111 131 24
111 131 24
111 131 24
111 131 24
111 131 24
111 131 24
111 131 24
111 131 24
111 131 24
111 131 24
111 131 24
111 131 24
111 131 24
111 131 24
111 131 24
111 131 24
111 131 24
111 131 24
111 131 24
111 131 24
111 131 24
111 131 24
111 131 24
111 131 24
111 131 24
68 42 34
58 37 34
58 26 34
27 87 34
103 116 34
102 126 34
102 126 24
102 126 24
102 126 24
102 126 24
102 126 24
102 126 24
102 126 24
102 126 24
102 126 24
102 126 24
102 126 24
102 126 24
102 126 24
102 126 24
102 126 24
102 126 24
102 126 24
102 126 24
102 126 24
102 126 24
102 126 24
102 126 24
102 126 24
102 126 24
102 126 24
113 110 34
113 110 24
113 110 24
113 110 24
113 110 24
44 133 34
44 133 24
44 133 24
44 133 24
44 133 24
44 133 24
44 133 24
44 133 24
44 133 24
44 133 24
44 133 24
44 133 24
44 133 24
44 133 24
44 133 24
44 133 24
44 133 24
44 133 24
44 133 24
44 133 24
18 161 34
19 171 34
30 175 34
30 175 24
29 164 34
45 99 34
45 99 24
45 99 24
45 99 24
45 99 24
45 99 24
45 99 24
45 99 24
45 99 24
45 99 24
45 99 24
45 99 24
45 99 24
45 99 24
45 99 24
45 99 24
45 99 24
45 99 24
45 99 24
45 99 24
45 99 24
45 99 24
45 99 24
45 99 24
45 99 24
45 99 24
45 99 24
45 99 24
104 104 34
78 37 34
78 37 24
78 48 34
87 43 34
87 43 24
87 43 24
87 43 24
87 43 24
132 182 34
132 182 24
133 192 34
133 192 24
17 93 34
17 93 24
17 81 34
17 81 24
17 81 24
17 81 24
17 81 24
8 87 34
8 87 24
8 87 24
8 87 24
8 87 24
8 87 24
8 87 24
8 87 24
8 87 24
94 110 34
95 98 34
84 103 34
84 103 24
84 103 24
84 103 24
84 103 24
84 103 24
121 176 34
121 176 24
121 176 24
121 176 24
121 176 24
121 176 24
121 176 24
121 176 24
121 176 24
122 186 34
122 186 24
122 186 24
122 186 24
122 186 24
122 186 24
122 186 24
122 186 24
122 186 24
122 186 24
122 186 24
122 186 24
122 186 24
122 186 24
122 186 24
122 186 24
122 186 24
122 186 24
122 186 24
122 186 24
122 186 24
122 186 24
122 186 24
122 186 24
122 186 24
122 186 24
122 186 24
122 186 24
122 186 24
122 186 24
122 186 24
122 186 24
122 186 24
122 186 24
131 151 34
131 151 24
141 156 34
120 146 34
120 146 24
87 55 34
87 55 24
87 55 24
87 55 24
87 55 24
87 55 24
87 55 24
96 49 34
96 49 24
96 49 24
96 49 24
96 49 24
96 49 24
96 49 24
8 98 34
8 98 24
8 98 24
8 98 24
8 98 24
17 104 34
17 104 24
17 104 24
17 104 24
17 104 24
26 110 34
26 110 24
26 110 24
26 110 24
26 110 24
27 76 34
27 76 24
27 76 24
27 76 24
27 76 24
27 76 24
27 76 24
27 76 24
27 76 24
27 76 24
27 76 24
27 76 24
27 76 24
27 76 24
27 76 24
27 76 24
37 81 34
37 81 24
37 81 24
37 81 24
37 81 24
37 81 24
37 81 24
37 81 24
37 81 24
37 81 24
37 81 24
37 81 24
37 81 24
37 81 24
37 81 24
37 81 24
37 81 24
37 81 24
37 81 24
37 81 24
37 81 24
37 81 24
37 81 24
47 31 34
47 31 24
47 31 24
47 31 24
47 31 24
47 31 24
47 31 24
47 31 24
47 31 24
47 31 24
92 120 34
92 120 24
92 120 24
92 120 24
92 120 24
92 120 24
92 120 24
92 120 24
83 114 34
83 114 24
83 114 24
105 93 34
105 93 24
105 93 24
105 93 24
105 93 24
105 93 24
105 93 24
105 93 24
114 99 34
114 99 24
114 99 24
114 99 24
114 99 24
114 99 24
114 99 24
114 99 24
114 99 24
114 99 24
114 99 24
114 99 24
114 99 24
114 99 24
114 99 24
114 99 24
114 99 24
114 99 24
114 99 24
114 99 24
114 99 24
114 99 24
114 99 24
114 99 24
114 99 24
114 99 24
114 99 24
114 99 24
114 99 24
114 99 24
114 99 24
114 99 24
114 99 24
114 99 24
0 93 34
0 93 24
0 93 24
0 93 24
0 93 24
0 93 24
0 93 24
0 93 24
0 93 24
0 93 24
0 93 24
0 93 24
0 93 24
0 93 24
0 93 24
0 93 24
0 93 24
0 93 24
0 93 24
0 93 24
0 93 24
0 93 24
0 93 24
0 93 24
0 93 24
47 20 34
47 20 24
47 20 24
58 15 34
58 15 24
58 15 24
58 15 24
58 15 24
58 15 24
58 15 24
58 15 24
58 15 24
58 15 24
58 15 24
58 15 24
48 10 34
48 10 24
48 10 24
48 10 24
48 10 24
48 10 24
48 10 24
48 10 24
48 10 24
48 10 24
48 10 24
48 10 24
48 10 24
48 10 24
48 10 24
48 10 24
48 10 24
48 10 24
48 10 24
48 10 24
48 10 24
48 10 24
48 10 24
48 10 24
48 10 24
48 10 24
48 10 24
48 10 24
48 10 24
48 10 24
48 10 24
48 10 24
48 10 24
48 10 24
48 10 24
48 10 24
48 10 24
48 10 24
48 10 24
48 10 24
68 20 34
68 20 24
68 20 24
68 20 24
68 20 24
68 20 24
68 20 24
68 20 24
68 20 24
68 20 24
68 20 24
68 20 24
68 20 24
68 20 24
68 20 24
68 20 24
68 20 24
68 20 24
68 20 24
78 26 34
78 26 24
78 26 24
78 26 24
78 26 24
78 26 24
78 26 24
78 26 24
78 26 24
78 26 24
78 26 24
78 26 24
78 26 24
78 26 24
78 26 24
78 26 24
78 26 24
78 26 24
78 26 24
78 26 24
78 26 24
78 26 24
78 26 24
78 26 24
78 26 24
78 26 24
78 26 24
78 26 24
78 26 24
78 26 24
78 26 24
78 26 24
78 26 24
78 26 24
78 26 24
78 26 24
78 26 24
78 26 24
78 26 24
78 26 24
78 26 24
78 26 24
78 26 24
37 26 34
37 26 24
37 26 24
37 26 24
37 26 24
37 26 24
37 26 24
37 26 24
37 26 24
37 26 24
37 26 24
37 26 24
37 26 24
37 26 24
37 26 24
37 26 24
37 26 24
37 26 24
37 26 24
37 26 24
37 26 24
37 26 24
37 26 24
37 26 24
37 26 24
37 26 24
37 26 24
37 26 24
37 26 24
37 26 24
37 26 24
37 26 24
37 26 24
37 26 24
37 26 24
37 26 24
37 26 24
37 26 24
37 26 24
37 26 24
37 26 24
37 26 24
37 26 24
96 86 34
96 86 24
96 86 24
96 86 24
96 86 24
96 86 24
96 86 24
96 86 24
96 86 24
96 86 24
96 86 24
96 86 24
96 86 24
96 86 24
96 86 24
96 86 24
96 86 24
96 86 24
96 86 24
96 86 24
96 86 24
96 86 24
96 86 24
96 86 24
96 86 24
96 86 24
96 86 24
96 86 24
96 86 24
96 86 24
96 86 24
96 86 24
96 86 24
96 86 24
96 86 24
96 86 24
96 86 24
96 86 24
35 116 34
35 116 24
35 116 24
35 116 24
35 116 24
35 116 24
35 116 24
35 116 24
35 116 24
35 116 24
35 116 24
35 116 24
35 116 24
35 116 24
35 116 24
35 116 24
35 116 24
35 116 24
35 116 24
35 116 24
35 116 24
35 116 24
35 116 24
35 116 24
35 116 24
35 116 24
35 116 24
35 116 24
35 116 24
35 116 24
35 116 24
35 116 24
35 116 24
35 116 24
35 116 24
35 116 24
35 116 24
35 116 24
35 116 24
35 116 24
35 116 24
35 116 24
35 116 24
35 116 24
17 116 34
17 116 24
17 116 24
17 116 24
17 116 24
17 116 24
17 116 24
17 116 24
17 116 24
17 116 24
17 116 24
17 116 24
17 116 24
17 116 24
17 116 24
17 116 24
17 116 24
17 116 24
17 116 24
17 116 24
17 116 24
17 116 24
17 116 24
17 116 24
17 116 24
17 116 24
17 116 24
17 116 24
17 116 24
17 116 24
17 116 24
17 116 24
17 116 24
17 116 24
17 116 24
17 116 24
17 116 24
17 116 24
17 116 24
17 116 24
17 116 24
17 116 24
17 116 24
17 116 24
17 116 24
110 170 34
110 170 24
110 170 24
110 170 24
110 170 24
110 170 24
110 170 24
110 170 24
110 170 24
110 170 24
110 170 24
110 170 24
110 170 24
110 170 24
110 170 24
110 170 24
110 170 24
110 170 24
110 170 24
110 170 24
110 170 24
110 170 24
110 170 24
110 170 24
47 42 34
47 42 24
47 42 24
47 42 24
47 42 24
47 42 24
47 42 24
47 42 24
47 42 24
47 42 24
47 42 24
47 42 24
47 42 24
47 42 24
47 42 24
47 42 24
47 42 24
58 48 34
68 54 34
77 60 34
77 60 24
77 60 24
77 60 24
67 65 34
57 59 34
74 108 34
74 108 24
74 108 24
74 108 24
74 108 24
74 108 24
74 108 24
74 108 24
74 108 24
74 108 24
74 108 24
74 108 24
74 108 24
74 108 24
74 108 24
74 108 24
74 108 24
74 108 24
74 108 24
74 108 24
74 108 24
74 108 24
74 108 24
74 108 24
74 108 24
74 108 24
74 108 24
74 108 24
74 108 24
74 108 24
74 108 24
74 108 24
74 108 24
74 108 24
74 108 24
131 141 34
131 141 24
131 141 24
131 141 24
131 141 24
131 141 24
131 141 24
131 141 24
131 141 24
131 141 24
131 141 24
131 141 24
131 141 24
131 141 24
131 141 24
131 141 24
131 141 24
131 141 24
131 141 24
131 141 24
131 141 24
131 141 24
131 141 24
131 141 24
131 141 24
131 141 24
131 141 24
131 141 24
131 141 24
131 141 24
131 141 24
131 141 24
131 141 24
131 141 24
131 141 24
131 141 24
131 141 24
131 141 24
131 141 24
131 141 24
131 141 24
131 141 24
131 141 24
131 141 24
131 141 24
47 53 34
47 53 24
47 53 24
16 60 34
16 70 34
16 70 24
16 70 24
16 70 24
16 70 24
16 70 24
16 70 24
16 70 24
16 70 24
16 70 24
16 70 24
109 150 34
110 141 34
110 141 24
110 141 24
47 65 34
47 65 24
47 65 24
47 65 24
37 59 34
37 59 24
37 59 24
37 59 24
37 59 24
37 59 24
37 59 24
37 59 24
37 59 24
37 59 24
37 59 24
37 59 24
37 59 24
37 59 24
37 59 24
37 59 24
37 59 24
37 59 24
26 65 34
26 65 24
26 65 24
26 65 24
26 65 24
26 65 24
26 65 24
26 65 24
26 65 24
26 65 24
26 65 24
26 65 24
26 65 24
26 65 24
26 65 24
26 65 24
26 65 24
26 65 24
26 65 24
26 65 24
109 160 34
109 160 24
109 160 24
109 160 24
100 145 34
100 145 24
99 154 34
99 154 24
99 154 24
99 154 24
99 154 24
99 154 24
100 136 34
100 136 24
100 136 24
100 136 24
100 136 24
100 136 24
100 136 24
100 136 24
100 136 24
100 136 24
100 136 24
100 164 34
100 164 24
100 164 24
100 164 24
100 164 24
100 164 24
100 164 24
100 164 24
100 164 24
100 164 24
100 164 24
100 164 24
100 164 24
100 164 24
100 164 24
100 164 24
100 164 24
100 164 24
100 164 24
100 164 24
100 164 24
100 164 24
100 164 24
100 164 24
100 164 24
100 164 24
100 164 24
100 164 24
100 164 24
100 164 24
100 164 24
100 164 24
100 164 24
91 131 34
91 131 24
91 131 24
91 131 24
91 131 24
91 131 24
91 131 24
91 131 24
91 131 24
91 131 24
91 131 24
91 131 24
91 131 24
91 131 24
91 131 24
91 131 24
91 131 24
91 131 24
91 131 24
91 131 24
91 131 24
91 131 24
91 131 24
91 131 24
91 131 24
91 131 24
91 131 24
91 131 24
91 131 24
91 131 24
91 131 24
91 131 24
91 131 24
91 131 24
123 115 34
123 115 24
123 115 24
123 115 24
123 115 24
123 115 24
123 115 24
123 115 24
123 115 24
123 115 24
123 115 24
123 115 24
123 115 24
123 115 24
123 115 24
123 115 24
123 115 24
123 115 24
123 115 24
123 115 24
123 115 24
123 115 24
123 115 24
123 115 24
123 115 24
123 115 24
123 115 24
123 115 24
123 115 24
123 115 24
123 115 24
123 115 24
123 115 24
123 115 24
123 115 24
123 115 24
123 115 24
123 115 24
123 115 24
123 115 24
123 115 24
123 115 24
123 115 24
123 115 24
123 115 24
123 115 24
123 115 24
123 115 24
90 149 34
90 149 24
90 149 24
90 149 24
90 149 24
90 149 24
90 149 24
90 149 24
90 149 24
90 149 24
90 149 24
90 149 24
90 149 24
90 149 24
90 149 24
90 149 24
90 149 24
90 158 34
90 158 24
90 158 24
90 158 24
90 158 24
90 158 24
90 158 24
90 158 24
90 158 24
90 158 24
90 158 24
90 158 24
90 158 24
90 158 24
90 158 24
90 158 24
90 158 24
90 158 24
90 158 24
90 158 24
90 158 24
90 158 24
90 158 24
90 158 24
90 158 24
90 158 24
90 158 24
90 158 24
90 158 24
90 158 24
90 158 24
90 158 24
90 158 24
90 158 24
90 158 24
90 158 24
90 158 24
90 158 24
90 158 24
90 158 24
90 158 24
90 158 24
90 158 24
90 158 24
90 158 24
85 91 34
85 91 24
85 91 24
85 91 24
85 91 24
85 91 24
85 91 24
85 91 24
85 91 24
85 91 24
85 91 24
85 91 24
85 91 24
85 91 24
85 91 24
85 91 24
85 91 24
85 91 24
85 91 24
85 91 24
85 91 24
85 91 24
85 91 24
85 91 24
85 91 24
85 91 24
85 91 24
85 91 24
85 91 24
85 91 24
85 91 24
85 91 24
85 91 24
85 91 24
85 91 24
85 91 24
85 91 24
85 91 24
85 91 24
85 91 24
85 91 24
85 91 24
85 91 24
85 91 24
85 91 24
85 91 24
85 91 24
85 91 24
85 91 24
85 91 24
152 172 34
152 172 24
152 172 24
152 172 24
152 172 24
152 172 24
152 172 24
152 172 24
152 172 24
152 172 24
152 172 24
152 172 24
152 172 24
152 172 24
152 172 24
152 172 24
152 172 24
152 172 24
152 172 24
152 172 24
152 172 24
152 172 24
152 172 24
152 162 34
152 151 34
163 156 34
163 156 24
163 156 24
163 156 24
163 156 24
163 156 24
163 156 24
163 156 24
163 156 24
163 156 24
163 156 24
163 156 24
163 156 24
163 156 24
163 156 24
163 145 34
163 145 24
163 145 24
163 145 24
163 145 24
153 140 34
153 140 24
153 140 24
153 140 24
164 134 34
164 134 24
164 134 24
164 134 24
164 134 24
164 134 24
164 134 24
164 134 24
164 134 24
164 134 24
164 134 24
164 134 24
164 134 24
164 134 24
174 127 34
174 127 24
174 127 24
174 127 24
174 127 24
6 55 15
6 55 24
7 55 15
7 55 24
7 55 24
8 55 15
8 55 24
8 55 24
9 55 15
9 55 24
10 55 15
10 55 24
10 56 15
10 56 24
10 56 24
11 56 15
11 56 24
12 56 15
12 56 24
13 56 15
13 56 24
14 56 15
14 56 24
14 57 15
14 57 24
14 58 15
14 58 24
15 58 15
15 58 24
15 59 15
15 59 24
16 59 15
16 59 24
17 59 15
17 59 24
18 59 48
19 59 93
20 59 147
21 59 207
22 59 270
23 59 334
24 59 397
25 59 457
26 59 512
27 59 558
28 59 596
29 59 623
30 59 638
31 59 641
32 59 632
32 59 24
33 59 611
33 59 24
33 59 24
33 59 24
34 59 579
34 59 24
34 59 24
34 59 24
34 59 24
35 59 538
35 59 24
35 59 24
35 59 24
36 59 487
36 59 24
36 59 24
38 59 369
39 59 306
40 59 242
41 59 181
42 59 124
43 59 73
43 59 24
44 59 29
44 59 24
44 59 24
45 59 15
45 59 24
45 59 24
46 59 15
46 59 24
47 59 15
47 59 24
48 59 15
48 59 24
49 59 15
49 59 24
50 59 15
50 59 24
51 59 15
51 59 24
52 59 15
52 59 24
53 59 15
53 59 24
54 59 15
54 59 24
55 59 15
56 59 17
57 58 15
57 57 15
57 56 15
57 55 15
57 54 15
57 53 15
57 52 15
57 51 15
57 50 15
57 49 15
57 48 15
57 47 15
57 46 15
57 45 15
57 44 15
57 44 24
57 43 15
57 43 24
57 42 15
57 42 24
57 41 15
57 41 24
57 40 15
57 40 24
58 40 15
58 40 24
58 39 15
58 39 24
59 39 15
59 39 24
60 39 15
61 39 15
62 39 15
62 38 15
63 38 15
64 38 15
64 37 15
64 36 15
64 35 15
64 34 15
64 34 24
64 33 15
64 33 24
64 32 15
64 32 24
65 32 15
65 32 24
66 32 15
66 32 24
67 32 15
67 32 24
68 32 15
68 32 24
17 60 38
17 61 65
18 61 87
18 62 107
18 63 128
18 64 147
18 65 165
18 66 182
18 67 196
18 68 208
18 69 217
18 69 24
18 69 24
18 70 223
18 70 24
18 70 24
18 70 24
18 70 24
18 71 227
18 71 24
18 71 24
18 71 24
18 71 24
18 71 24
18 72 227
18 72 24
18 72 24
18 72 24
18 72 24
18 72 24
18 72 24
18 73 224
18 73 24
18 73 24
18 73 24
18 73 24
18 73 24
18 73 24
18 74 217
18 74 24
18 74 24
18 74 24
18 74 24
18 74 24
18 74 24
18 75 207
18 75 24
18 75 24
18 75 24
18 75 24
18 75 24
18 76 193
18 76 24
18 76 24
18 76 24
18 77 177
18 77 24
18 77 24
18 78 159
18 78 24
18 78 24
18 79 140
18 79 24
18 80 120
18 80 24
18 81 100
18 81 24
18 82 83
18 82 24
18 83 67
18 83 24
18 84 55
18 84 24
19 84 45
19 84 24
20 84 39
20 84 24
21 84 34
21 84 24
21 85 30
21 85 24
22 85 28
22 85 24
23 85 26
23 85 24
24 85 25
24 85 24
24 86 26
24 86 24
25 86 24
25 86 24
26 86 23
26 86 24
27 86 24
27 86 24
28 87 22
28 87 24
29 87 24
29 87 24
29 88 21
29 88 24
30 88 21
30 88 24
30 89 19
30 89 24
31 89 18
31 89 24
31 90 15
31 90 24
32 90 15
32 90 24
32 91 15
32 91 24
32 92 15
32 93 15
32 94 15
32 95 15
31 95 15
31 96 15
31 97 15
31 98 15
30 98 15
29 98 15
28 98 15
8 190 226
8 190 24
8 189 213
8 189 24
8 189 24
8 189 24
8 189 24
9 189 209
9 189 24
9 189 24
9 189 24
9 189 24
9 188 207
9 188 24
9 188 24
9 188 24
9 188 24
9 188 24
9 188 24
9 188 24
10 188 210
10 188 24
10 188 24
10 188 24
10 188 24
10 188 24
10 188 24
10 188 24
10 188 24
10 187 216
10 187 24
10 187 24
10 187 24
10 187 24
10 187 24
10 187 24
10 187 24
10 187 24
10 187 24
10 187 24
10 187 24
11 187 225
11 187 24
11 187 24
11 187 24
11 187 24
11 187 24
11 187 24
11 187 24
11 187 24
11 187 24
11 187 24
11 187 24
11 187 24
11 186 236
11 186 24
11 186 24
11 186 24
11 186 24
11 186 24
11 186 24
11 186 24
11 186 24
11 186 24
11 186 24
11 186 24
11 186 24
11 186 24
11 186 24
11 186 24
12 186 246
12 186 24
12 186 24
12 186 24
12 186 24
12 186 24
12 186 24
12 186 24
12 186 24
12 186 24
12 186 24
12 186 24
12 186 24
12 186 24
12 186 24
12 186 24
12 185 260
12 185 24
12 185 24
12 185 24
12 185 24
12 185 24
12 185 24
12 185 24
12 185 24
12 185 24
12 185 24
12 185 24
12 185 24
12 185 24
12 185 24
12 185 24
12 185 24
13 185 269
13 185 24
13 185 24
13 185 24
13 185 24
13 185 24
13 185 24
13 185 24
13 185 24
13 185 24
13 185 24
13 185 24
13 185 24
13 185 24
13 185 24
13 185 24
13 185 24
14 185 281
14 185 24
14 185 24
14 185 24
14 185 24
14 185 24
14 185 24
14 185 24
14 185 24
14 185 24
14 185 24
14 185 24
14 185 24
14 185 24
14 185 24
14 185 24
14 184 286
14 184 24
14 184 24
14 184 24
14 184 24
14 184 24
14 184 24
14 184 24
14 184 24
14 184 24
14 184 24
14 184 24
14 184 24
14 184 24
14 184 24
15 184 292
15 184 24
15 184 24
15 184 24
15 184 24
15 184 24
15 184 24
15 184 24
15 184 24
15 184 24
15 184 24
15 184 24
15 184 24
15 184 24
15 183 294
15 183 24
15 183 24
15 183 24
15 183 24
15 183 24
15 183 24
15 183 24
15 183 24
15 183 24
15 183 24
16 183 292
16 183 24
16 183 24
16 183 24
16 183 24
16 183 24
16 183 24
16 183 24
16 183 24
16 183 24
16 182 288
16 182 24
16 182 24
16 182 24
16 182 24
16 182 24
16 182 24
17 182 277
17 182 24
17 182 24
17 182 24
17 182 24
18 182 266
18 182 24
18 182 24
18 182 24
19 182 253
19 182 24
29 175 15
29 175 24
28 175 15
28 175 24
27 175 15
27 175 24
26 175 15
26 175 24
25 175 15
25 175 24
25 176 15
25 176 24
25 177 15
25 177 24
24 177 15
24 177 24
23 177 15
23 177 24
22 177 35
21 177 65
21 178 94
21 179 124
20 179 153
20 180 180
20 181 209
29 176 15
29 176 24
29 176 24
29 177 31
29 177 24
29 177 24
29 178 50
29 178 24
29 178 24
29 179 73
29 179 24
29 180 99
29 180 24
30 180 126
30 180 24
30 181 154
31 181 188
31 182 219
31 183 256
32 183 294
29 174 15
29 174 24
29 173 15
29 173 24
29 172 15
29 172 24
29 171 15
29 170 15
29 169 15
29 168 15
29 167 15
29 166 15
29 165 15
28 164 15
27 164 15
27 163 15
27 162 15
27 161 15
27 160 15
27 159 15
27 158 15
27 157 15
27 156 15
27 155 15
27 154 15
28 153 15
28 152 15
28 151 15
29 151 15
29 150 15
30 150 15
30 149 15
30 148 15
31 148 15
32 148 15
33 148 15
34 148 15
35 148 15
36 147 15
37 147 15
37 146 15
37 145 15
37 145 24
38 145 15
38 145 24
39 145 15
39 145 24
40 145 15
40 145 24
40 144 15
40 144 24
41 144 15
41 144 24
42 144 15
42 144 24
42 144 24
42 143 15
42 143 24
42 143 24
43 143 25
43 143 24
43 143 24
27 152 15
27 151 15
27 150 15
26 150 15
25 150 15
24 150 15
23 150 15
22 150 15
21 150 15
20 150 15
19 150 15
174 116 15
174 116 24
174 117 15
174 117 24
174 118 15
174 118 24
174 119 15
174 119 24
174 120 15
174 120 24
174 121 15
174 121 24
174 121 24
174 122 15
174 122 24
174 122 24
174 123 18
174 123 24
174 123 24
174 124 35
174 124 24
174 124 24
174 125 58
174 125 24
174 125 24
174 126 86
174 126 24
173 127 126
173 127 24
172 127 147
172 127 24
172 127 24
172 128 174
172 128 24
172 128 24
171 128 199
171 128 24
171 128 24
171 129 224
171 129 24
171 129 24
171 129 24
170 129 251
170 129 24
170 129 24
170 129 24
170 130 272
170 130 24
170 130 24
170 130 24
170 130 24
170 130 24
170 131 297
170 131 24
170 131 24
170 131 24
170 131 24
170 131 24
170 131 24
169 131 313
169 131 24
169 131 24
169 131 24
169 131 24
169 131 24
169 131 24
169 132 331
169 132 24
169 132 24
169 132 24
169 132 24
169 132 24
169 132 24
169 132 24
168 132 341
168 132 24
168 132 24
168 132 24
168 132 24
168 132 24
168 132 24
168 132 24
168 133 351
168 133 24
168 133 24
168 133 24
168 133 24
168 133 24
168 133 24
168 133 24
167 133 353
167 133 24
167 133 24
167 133 24
167 133 24
167 133 24
167 133 24
167 134 354
167 134 24
167 134 24
167 134 24
167 134 24
167 134 24
166 134 346
166 134 24
166 134 24
166 134 24
166 134 24
165 134 340
165 134 24
165 134 24
164 135 303
164 136 275
164 137 250
163 137 216
162 137 186
162 138 148
161 138 115
161 139 78
160 139 47
160 139 24
160 140 15
160 140 24
160 140 24
160 141 15
160 141 24
160 141 24
160 142 15
160 142 24
160 142 24
160 143 15
160 143 24
160 143 24
160 144 15
160 144 24
160 144 24
159 144 15
159 144 24
159 145 15
159 145 24
158 145 15
158 145 24
157 145 15
157 145 24
156 145 15
156 145 24
156 146 15
156 146 24
155 146 15
155 146 24
155 147 15
155 147 24
155 148 15
155 148 24
154 148 15
154 148 24
153 148 15
153 148 24
153 149 15
153 149 24
153 150 15
153 150 24
153 151 15
153 151 24
152 152 16
152 152 24
152 153 15
152 153 24
152 154 15
152 154 24
152 155 15
152 155 24
152 156 15
152 156 24
152 157 15
152 157 24
151 157 15
151 157 24
150 157 15
150 157 24
149 157 15
149 157 24
148 157 15
148 157 24
147 157 15
147 157 24
146 157 15
145 157 16
144 157 16
143 157 15
142 157 15
141 157 15
140 156 15
139 156 15
138 156 15
137 156 15
136 156 15
136 155 15
135 155 15
134 155 15
133 155 15
132 155 15
131 155 15
130 155 15
129 155 15
128 155 15
127 155 15
126 155 15
125 155 15
124 155 15
123 155 15
122 155 15
121 155 15
120 155 15
120 155 24
119 154 15
119 154 24
119 153 15
119 153 24
119 152 15
119 152 24
118 152 15
118 152 24
117 152 15
117 152 24
117 151 15
117 151 24
117 150 15
117 150 24
116 150 15
116 150 24
115 150 15
115 150 24
114 150 15
114 150 24
113 150 15
113 150 24
112 150 15
112 150 24
111 150 15
111 150 24
110 150 15
110 150 24
109 149 16
109 149 24
109 148 15
109 148 24
109 147 15
109 147 24
109 146 15
109 146 24
109 145 15
109 145 24
108 145 15
108 145 24
107 145 15
107 145 24
107 144 15
107 144 24
107 143 15
107 143 24
107 142 15
107 142 24
106 142 15
106 142 24
106 141 15
106 141 24
106 141 24
105 141 15
105 141 24
105 140 19
105 140 24
105 140 24
105 139 50
105 139 24
105 138 93
105 138 24
105 137 150
105 136 217
105 135 292
105 134 371
105 133 448
105 133 24
105 132 520
105 132 24
105 132 24
105 132 24
105 131 582
105 131 24
105 131 24
105 131 24
105 131 24
105 130 628
105 130 24
105 130 24
105 130 24
105 130 24
105 129 656
105 129 24
105 129 24
105 129 24
105 128 663
105 128 24
105 127 648
105 126 612
105 125 558
105 124 488
105 123 407
105 122 319
105 121 231
105 120 145
105 119 68
106 119 20
106 119 24
106 119 24
107 119 15
107 119 24
107 119 24
108 119 15
108 119 24
108 119 24
109 119 15
109 119 24
109 119 24
109 119 24
110 119 15
110 119 24
110 119 24
110 119 24
111 119 15
111 119 24
111 119 24
111 119 24
111 119 24
111 119 24
112 119 15
112 119 24
112 119 24
112 119 24
112 119 24
112 119 24
112 119 24
112 119 24
112 120 86
112 120 24
112 120 24
112 120 24
112 120 24
141 158 15
141 159 15
141 160 15
141 161 15
141 162 15
141 163 15
141 164 15
141 165 15
141 166 18
141 168 24
141 169 25
141 169 24
141 170 24
141 170 24
140 170 21
140 170 24
140 171 15
140 171 24
140 172 15
140 172 24
140 173 15
140 173 24
140 174 15
140 174 24
140 175 15
140 175 24
140 176 15
140 176 24
140 177 15
140 177 24
140 178 15
140 178 24
140 179 15
140 179 24
140 180 15
140 180 24
140 181 15
140 181 24
140 182 15
140 182 24
140 183 15
140 183 24
140 184 15
140 184 24
140 184 24
140 185 15
140 185 24
140 185 24
140 186 15
140 186 24
140 186 24
140 187 15
140 187 24
140 187 24
141 187 15
141 187 24
141 187 24
141 187 24
141 188 15
141 188 24
141 188 24
141 188 24
141 189 15
141 189 24
141 189 24
141 189 24
141 190 15
141 190 24
141 190 24
141 190 24
141 191 15
141 191 24
141 191 24
141 191 24
142 191 15
142 191 24
142 191 24
142 191 24
142 191 24
142 192 15
142 192 24
142 192 24
142 192 24
142 192 24
142 193 15
142 193 24
142 193 24
142 193 24
142 193 24
142 194 15
142 194 24
142 194 24
142 194 24
142 195 15
142 195 24
142 195 24
142 195 24
142 196 15
142 196 24
142 196 24
142 197 15
142 197 24
142 197 24
142 198 15
142 198 24
142 198 24
143 198 15
143 198 24
143 198 24
175 116 15
175 116 24
175 115 15
175 114 15
175 113 15
175 112 15
175 111 15
175 110 15
175 109 15
175 109 24
175 108 15
175 108 24
175 107 15
175 107 24
175 106 15
175 106 24
175 105 15
175 105 24
175 104 15
175 104 24
175 103 15
175 103 24
175 102 15
175 102 24
175 101 15
175 101 24
175 100 15
175 100 24
175 99 15
175 99 24
175 98 15
175 98 24
175 97 15
175 97 24
175 97 24
175 96 15
175 96 24
175 96 24
175 95 15
175 95 24
175 95 24
175 94 15
175 94 24
175 94 24
175 94 24
175 93 15
175 93 24
175 93 24
175 93 24
175 92 28
175 92 24
175 92 24
175 92 24
175 92 24
176 92 69
176 92 24
176 92 24
176 92 24
176 91 117
176 91 24
176 91 24
177 91 171
177 91 24
177 90 225
