100 119 16
143 182 16
132 134 16
151 87 16
151 87 6
151 87 6
151 87 6
151 87 6
151 87 6
151 87 6
151 87 6
151 87 6
151 87 6
151 87 6
151 87 6
151 87 6
151 87 6
151 87 6
151 87 6
151 87 6
151 87 6
151 87 6
151 87 6
151 87 6
151 87 6
151 87 6
151 87 6
151 87 6
151 87 6
151 87 6
151 87 6
151 87 6
151 87 6
151 87 6
151 87 6
151 87 6
151 87 6
151 87 6
151 87 6
151 87 6
151 87 6
151 87 6
151 87 6
151 87 6
151 87 6
151 87 6
151 87 6
151 87 6
151 87 6
151 87 6
151 87 6
151 87 6
151 87 6
151 87 6
151 87 6
151 87 6
151 87 6
151 87 6
151 87 6
151 87 6
151 87 6
151 87 6
151 87 6
151 87 6
151 87 6
151 87 6
151 87 6
151 87 6
185 102 16
185 102 6
5 97 16
50 187 16
50 187 6
50 187 6
50 187 6
50 187 6
50 187 6
50 187 6
50 187 6
50 187 6
50 187 6
50 187 6
50 187 6
50 187 6
50 187 6
50 187 6
50 187 6
50 187 6
50 187 6
50 187 6
50 187 6
50 187 6
50 187 6
50 187 6
50 187 6
50 187 6
50 187 6
50 187 6
50 187 6
50 187 6
50 187 6
50 187 6
50 187 6
50 187 6
50 187 6
50 187 6
50 187 6
50 187 6
50 187 6
50 187 6
50 187 6
50 187 6
50 187 6
50 187 6
50 187 6
50 187 6
50 187 6
50 187 6
50 187 6
50 187 6
50 187 6
50 187 6
50 187 6
50 187 6
50 187 6
50 187 6
50 187 6
50 187 6
50 187 6
50 187 6
50 187 6
50 187 6
50 187 6
50 187 6
50 187 6
50 187 6
50 187 6
50 187 6
50 187 6
50 187 6
50 187 6
50 187 6
50 187 6
50 187 6
50 187 6
50 187 6
50 187 6
50 187 6
50 187 6
50 187 6
50 187 6
50 187 6
50 187 6
50 187 6
50 187 6
50 187 6
50 187 6
50 187 6
50 187 6
50 187 6
50 187 6
50 187 6
50 187 6
50 187 6
50 187 6
50 187 6
50 187 6
50 187 6
50 187 6
50 187 6
50 187 6
50 187 6
50 187 6
50 187 6
50 187 6
50 187 6
50 187 6
50 187 6
50 187 6
50 187 6
50 187 6
50 187 6
50 187 6
50 187 6
50 187 6
50 187 6
50 187 6
50 187 6
50 187 6
50 187 6
50 187 6
50 187 6
50 187 6
50 187 6
50 187 6
60 13 16
6 148 16
119 198 16
119 198 6
119 198 6
119 198 6
0 91 16
0 153 16
132 185 16
121 188 16
121 188 6
121 188 6
131 196 16
142 193 16
6 85 16
15 91 16
176 98 16
176 107 16
176 107 6
168 103 16
159 91 16
159 91 6
159 91 6
159 91 6
159 91 6
159 91 6
159 91 6
159 91 6
159 91 6
159 91 6
159 91 6
159 91 6
159 91 6
159 91 6
159 91 6
159 91 6
159 91 6
159 91 6
159 91 6
159 91 6
159 91 6
159 91 6
159 91 6
159 91 6
159 91 6
159 91 6
159 91 6
159 91 6
159 91 6
168 94 16
159 100 16
159 100 6
159 100 6
159 100 6
159 100 6
159 100 6
151 96 16
151 96 6
151 96 6
151 96 6
151 96 6
151 96 6
151 96 6
151 96 6
151 96 6
151 96 6
151 96 6
151 96 6
151 96 6
151 96 6
151 96 6
151 96 6
151 96 6
132 124 16
122 129 16
111 123 16
111 114 16
121 118 16
0 80 16
6 74 16
6 74 6
6 74 6
0 68 16
0 68 6
0 68 6
0 68 6
0 68 6
0 68 6
0 68 6
0 68 6
0 68 6
0 68 6
0 68 6
0 68 6
0 68 6
0 68 6
0 68 6
0 68 6
0 68 6
0 68 6
0 68 6
0 68 6
0 68 6
0 68 6
0 68 6
0 68 6
0 68 6
0 68 6
0 68 6
0 68 6
0 68 6
0 68 6
0 68 6
0 68 6
0 68 6
0 68 6
0 68 6
0 68 6
0 68 6
0 68 6
0 68 6
0 68 6
0 68 6
0 68 6
0 68 6
0 68 6
0 68 6
0 68 6
185 112 16
101 109 16
16 80 16
16 80 6
25 86 16
25 86 6
25 86 6
25 86 6
25 86 6
25 86 6
141 199 16
194 106 16
194 106 6
194 106 6
131 114 16
121 109 16
131 105 16
131 105 6
131 105 6
131 105 6
122 101 16
111 105 16
141 101 16
141 101 6
141 101 6
141 101 6
141 101 6
141 101 6
141 101 6
141 101 6
141 101 6
141 101 6
141 101 6
141 101 6
141 101 6
141 101 6
141 101 6
141 101 6
141 101 6
0 104 16
5 110 16
14 104 16
24 98 16
7 159 16
16 153 16
0 116 16
110 192 16
110 192 6
110 192 6
110 192 6
110 192 6
5 123 16
14 116 16
24 110 16
141 109 16
141 109 6
141 109 6
141 109 6
141 109 6
141 109 6
150 105 16
150 105 6
150 105 6
150 105 6
150 105 6
150 105 6
150 105 6
150 105 6
150 105 6
0 129 16
0 129 6
0 141 16
132 97 16
132 97 6
132 97 6
132 97 6
132 97 6
132 97 6
132 97 6
132 97 6
132 97 6
132 97 6
132 97 6
132 97 6
132 97 6
132 97 6
132 97 6
132 97 6
132 97 6
142 92 16
142 92 6
142 92 6
142 92 6
142 92 6
142 92 6
142 92 6
142 92 6
142 92 6
142 92 6
142 92 6
142 92 6
142 92 6
142 92 6
142 92 6
142 92 6
142 92 6
142 92 6
142 92 6
142 92 6
142 92 6
142 92 6
142 92 6
142 92 6
142 92 6
142 92 6
142 92 6
142 92 6
142 92 6
142 92 6
142 92 6
142 92 6
142 92 6
142 92 6
142 92 6
142 92 6
142 92 6
142 92 6
142 92 6
142 92 6
142 92 6
142 92 6
142 92 6
142 92 6
142 92 6
142 92 6
142 92 6
142 92 6
142 92 6
142 92 6
5 135 16
141 119 16
141 119 6
141 119 6
151 114 16
151 114 6
151 114 6
151 114 6
151 114 6
151 114 6
151 114 6
159 109 16
159 109 6
159 109 6
159 109 6
159 109 6
159 109 6
159 109 6
159 109 6
142 129 16
142 129 6
142 129 6
151 124 16
151 124 6
151 124 6
151 124 6
151 124 6
151 124 6
151 124 6
151 124 6
151 124 6
151 124 6
151 124 6
151 124 6
151 124 6
151 124 6
151 124 6
151 124 6
151 124 6
151 124 6
151 124 6
151 124 6
151 124 6
151 124 6
151 124 6
151 124 6
151 124 6
151 124 6
151 124 6
151 124 6
151 124 6
151 124 6
151 124 6
151 124 6
151 124 6
151 124 6
151 124 6
151 124 6
151 124 6
151 124 6
151 124 6
151 124 6
151 124 6
151 124 6
151 124 6
151 124 6
151 124 6
151 124 6
151 124 6
151 124 6
151 124 6
151 124 6
151 124 6
151 124 6
151 124 6
151 124 6
151 124 6
151 124 6
151 124 6
151 124 6
151 124 6
151 124 6
151 124 6
151 124 6
168 113 16
168 113 6
168 113 6
168 113 6
168 113 6
168 113 6
160 119 16
160 119 6
160 119 6
160 119 6
160 119 6
160 119 6
160 119 6
160 119 6
160 119 6
160 119 6
160 119 6
160 119 6
160 119 6
160 119 6
160 119 6
160 119 6
177 118 16
177 118 6
177 118 6
169 124 16
169 124 6
169 124 6
169 124 6
169 124 6
169 124 6
169 124 6
169 124 6
169 124 6
169 124 6
169 124 6
169 124 6
169 124 6
169 124 6
169 124 6
169 124 6
169 124 6
169 124 6
169 124 6
169 124 6
169 124 6
169 124 6
169 124 6
169 124 6
169 124 6
169 124 6
169 124 6
169 124 6
169 124 6
169 124 6
169 124 6
169 124 6
169 124 6
169 124 6
169 124 6
169 124 6
169 124 6
169 124 6
169 124 6
169 124 6
169 124 6
169 124 6
169 124 6
169 124 6
169 124 6
169 124 6
169 124 6
169 124 6
169 124 6
169 124 6
169 124 6
169 124 6
169 124 6
169 124 6
169 124 6
169 124 6
169 124 6
169 124 6
169 124 6
169 124 6
169 124 6
169 124 6
169 124 6
14 129 16
15 141 16
15 141 6
24 122 16
24 122 6
24 122 6
25 135 16
25 135 6
25 135 6
26 146 16
26 146 6
26 146 6
26 146 6
26 146 6
26 146 6
26 146 6
26 146 6
26 146 6
26 146 6
26 146 6
26 146 6
112 96 16
112 96 6
122 92 16
122 92 6
122 92 6
122 92 6
122 92 6
122 92 6
122 92 6
122 92 6
122 92 6
122 92 6
101 100 16
132 88 16
132 88 6
132 88 6
132 88 6
132 88 6
132 88 6
132 88 6
132 88 6
132 88 6
132 88 6
132 88 6
132 88 6
132 88 6
132 88 6
132 88 6
132 88 6
132 88 6
132 88 6
132 88 6
132 88 6
132 88 6
132 88 6
132 88 6
132 88 6
132 88 6
132 88 6
132 88 6
132 88 6
132 88 6
132 88 6
132 88 6
132 88 6
132 88 6
132 88 6
132 88 6
132 88 6
132 88 6
132 88 6
132 88 6
132 88 6
132 88 6
132 88 6
132 88 6
132 88 6
132 88 6
132 88 6
132 88 6
132 88 6
132 88 6
132 88 6
0 165 16
102 90 16
102 90 6
102 90 6
102 90 6
102 90 6
102 90 6
102 90 6
102 90 6
102 90 6
102 90 6
102 90 6
113 86 16
113 86 6
113 86 6
113 86 6
113 86 6
113 86 6
113 86 6
113 86 6
123 82 16
123 82 6
123 82 6
123 82 6
123 82 6
123 82 6
123 82 6
123 82 6
123 82 6
123 82 6
123 82 6
123 82 6
123 82 6
123 82 6
123 82 6
123 82 6
123 82 6
123 82 6
123 82 6
123 82 6
123 82 6
123 82 6
123 82 6
123 82 6
123 82 6
123 82 6
123 82 6
123 82 6
8 170 16
18 164 16
27 158 16
0 176 16
194 96 16
194 96 6
194 96 6
194 96 6
194 96 6
194 96 6
194 96 6
194 96 6
194 96 6
194 96 6
194 96 6
194 96 6
194 96 6
194 96 6
194 96 6
194 96 6
185 92 16
185 92 6
185 92 6
185 92 6
185 92 6
185 92 6
185 92 6
185 92 6
185 92 6
185 92 6
185 92 6
185 92 6
185 92 6
185 92 6
185 92 6
185 92 6
185 92 6
185 92 6
185 92 6
185 92 6
185 92 6
185 92 6
185 92 6
185 92 6
185 92 6
185 92 6
185 92 6
185 92 6
185 92 6
185 92 6
185 92 6
185 92 6
185 92 6
185 92 6
177 88 16
177 88 6
177 88 6
177 88 6
168 85 16
168 85 6
168 85 6
168 85 6
168 85 6
168 85 6
168 85 6
160 81 16
160 81 6
160 81 6
160 81 6
160 81 6
160 81 6
160 81 6
160 81 6
160 81 6
160 81 6
160 81 6
160 81 6
160 81 6
160 81 6
160 81 6
160 81 6
160 81 6
160 81 6
160 81 6
160 81 6
160 81 6
160 81 6
160 81 6
160 81 6
160 81 6
160 81 6
160 81 6
160 81 6
160 81 6
160 81 6
160 81 6
160 81 6
160 81 6
160 81 6
160 81 6
160 81 6
160 81 6
160 81 6
9 181 16
19 175 16
29 169 16
29 169 6
30 179 16
30 179 6
30 179 6
30 179 6
30 179 6
30 179 6
20 185 16
177 79 16
177 79 6
177 79 6
177 79 6
177 79 6
177 79 6
177 79 6
177 79 6
177 79 6
177 79 6
177 79 6
177 79 6
177 79 6
177 79 6
177 79 6
177 79 6
177 79 6
177 79 6
177 79 6
177 79 6
177 79 6
177 79 6
177 79 6
177 79 6
177 79 6
177 79 6
169 75 16
169 75 6
169 75 6
169 75 6
169 75 6
169 75 6
169 75 6
169 75 6
169 75 6
169 75 6
169 75 6
169 75 6
169 75 6
169 75 6
169 75 6
40 183 16
40 183 6
40 183 6
40 183 6
40 183 6
40 183 6
40 183 6
40 183 6
40 183 6
40 183 6
40 183 6
40 183 6
40 183 6
40 183 6
40 183 6
40 183 6
40 183 6
40 183 6
40 183 6
40 183 6
40 183 6
40 183 6
40 183 6
40 183 6
40 183 6
40 183 6
40 183 6
40 183 6
40 183 6
40 183 6
40 183 6
40 183 6
40 183 6
40 183 6
40 183 6
39 173 16
39 173 6
39 173 6
39 173 6
39 173 6
39 173 6
39 173 6
39 173 6
39 173 6
39 173 6
39 173 6
39 173 6
38 162 16
38 162 6
38 162 6
38 162 6
36 151 16
36 151 6
36 151 6
36 151 6
36 151 6
36 151 6
35 140 16
35 140 6
35 140 6
35 140 6
35 140 6
35 140 6
35 140 6
35 140 6
35 140 6
35 140 6
35 140 6
35 140 6
35 140 6
35 140 6
35 140 6
35 140 6
35 140 6
35 140 6
35 140 6
35 140 6
35 140 6
35 140 6
35 140 6
35 140 6
35 140 6
35 140 6
35 140 6
35 140 6
35 140 6
35 140 6
35 140 6
35 140 6
35 140 6
35 140 6
35 140 6
35 140 6
35 140 6
35 140 6
35 140 6
35 140 6
35 140 6
35 140 6
35 140 6
35 140 6
35 140 6
35 140 6
35 140 6
35 140 6
35 140 6
35 140 6
35 140 6
35 140 6
35 140 6
35 140 6
35 140 6
35 140 6
35 140 6
35 140 6
35 140 6
35 140 6
35 140 6
35 140 6
35 140 6
35 140 6
35 140 6
35 140 6
35 140 6
35 140 6
35 140 6
35 140 6
35 140 6
35 140 6
35 140 6
35 140 6
35 140 6
35 140 6
35 140 6
35 140 6
35 140 6
35 140 6
35 140 6
35 140 6
35 140 6
35 140 6
35 140 6
35 140 6
35 140 6
35 140 6
35 140 6
35 140 6
35 140 6
35 140 6
35 140 6
35 140 6
35 140 6
35 140 6
35 140 6
35 140 6
35 140 6
35 140 6
35 140 6
35 140 6
35 140 6
35 140 6
35 140 6
35 140 6
35 140 6
35 140 6
35 140 6
35 140 6
35 140 6
35 140 6
35 140 6
35 140 6
35 140 6
35 140 6
35 140 6
35 140 6
35 140 6
35 140 6
35 140 6
35 140 6
35 140 6
35 140 6
35 140 6
35 140 6
35 140 6
35 140 6
35 140 6
35 140 6
161 71 16
161 71 6
161 71 6
161 71 6
161 71 6
161 71 6
161 71 6
161 71 6
161 71 6
161 71 6
161 71 6
161 71 6
161 71 6
161 71 6
161 71 6
161 71 6
161 71 6
161 71 6
161 71 6
161 71 6
161 71 6
161 71 6
161 71 6
161 71 6
161 71 6
161 71 6
161 71 6
161 71 6
161 71 6
161 71 6
161 71 6
161 71 6
161 71 6
161 71 6
161 71 6
161 71 6
161 71 6
161 71 6
161 71 6
161 71 6
161 71 6
161 71 6
161 71 6
161 71 6
161 71 6
161 71 6
161 71 6
161 71 6
161 71 6
161 71 6
31 190 16
31 190 6
31 190 6
31 190 6
31 190 6
31 190 6
31 190 6
31 190 6
31 190 6
31 190 6
31 190 6
31 190 6
31 190 6
31 190 6
31 190 6
31 190 6
31 190 6
31 190 6
31 190 6
31 190 6
31 190 6
31 190 6
31 190 6
31 190 6
31 190 6
31 190 6
31 190 6
31 190 6
31 190 6
31 190 6
31 190 6
31 190 6
31 190 6
31 190 6
31 190 6
31 190 6
31 190 6
31 190 6
31 190 6
31 190 6
31 190 6
31 190 6
31 190 6
31 190 6
31 190 6
31 190 6
101 129 16
111 134 16
122 140 16
0 186 16
10 191 16
21 195 16
21 195 6
11 199 16
1 196 16
186 82 16
186 82 6
186 82 6
186 82 6
186 82 6
186 82 6
186 82 6
186 82 6
186 82 6
186 82 6
186 82 6
186 82 6
186 82 6
186 82 6
186 82 6
186 82 6
186 82 6
186 82 6
186 82 6
186 82 6
194 86 16
194 86 6
194 86 6
194 86 6
194 86 6
194 86 6
194 86 6
194 86 6
194 86 6
194 86 6
194 86 6
194 86 6
194 86 6
194 86 6
194 86 6
194 86 6
194 86 6
194 86 6
194 86 6
194 86 6
194 86 6
194 86 6
194 86 6
194 86 6
194 86 6
194 86 6
194 86 6
194 86 6
194 86 6
194 86 6
194 86 6
194 86 6
194 86 6
194 86 6
194 86 6
194 86 6
194 86 6
194 86 6
194 86 6
194 86 6
194 86 6
194 86 6
194 86 6
194 86 6
194 86 6
194 86 6
194 86 6
194 86 6
194 86 6
194 86 6
194 86 6
194 86 6
194 86 6
194 86 6
194 86 6
194 86 6
194 86 6
194 86 6
194 86 6
194 86 6
194 86 6
194 86 6
194 86 6
194 86 6
194 86 6
194 86 6
194 86 6
114 76 16
114 76 6
114 76 6
114 76 6
114 76 6
114 76 6
114 76 6
114 76 6
114 76 6
114 76 6
114 76 6
114 76 6
114 76 6
114 76 6
114 76 6
114 76 6
114 76 6
114 76 6
114 76 6
114 76 6
114 76 6
114 76 6
114 76 6
114 76 6
114 76 6
114 76 6
114 76 6
114 76 6
114 76 6
114 76 6
114 76 6
114 76 6
114 76 6
114 76 6
114 76 6
114 76 6
114 76 6
114 76 6
114 76 6
114 76 6
114 76 6
114 76 6
114 76 6
114 76 6
114 76 6
114 76 6
114 76 6
114 76 6
114 76 6
114 76 6
114 76 6
114 76 6
114 76 6
114 76 6
114 76 6
114 76 6
114 76 6
114 76 6
114 76 6
114 76 6
114 76 6
114 76 6
114 76 6
114 76 6
114 76 6
114 76 6
114 76 6
114 76 6
114 76 6
114 76 6
114 76 6
114 76 6
114 76 6
114 76 6
114 76 6
114 76 6
114 76 6
114 76 6
114 76 6
114 76 6
114 76 6
114 76 6
114 76 6
114 76 6
114 76 6
114 76 6
114 76 6
114 76 6
114 76 6
114 76 6
114 76 6
114 76 6
114 76 6
114 76 6
114 76 6
114 76 6
114 76 6
114 76 6
114 76 6
49 177 16
49 177 6
49 177 6
49 177 6
49 177 6
49 177 6
49 177 6
49 177 6
49 177 6
49 177 6
49 177 6
49 177 6
49 177 6
49 177 6
49 177 6
49 177 6
49 177 6
49 177 6
49 177 6
49 177 6
49 177 6
49 177 6
49 177 6
49 177 6
49 177 6
49 177 6
49 177 6
49 177 6
49 177 6
49 177 6
49 177 6
49 177 6
49 177 6
49 177 6
49 177 6
49 177 6
49 177 6
49 177 6
49 177 6
49 177 6
49 177 6
49 177 6
49 177 6
49 177 6
49 177 6
49 177 6
49 177 6
49 177 6
49 177 6
49 177 6
49 177 6
49 177 6
49 177 6
49 177 6
49 177 6
47 156 16
47 156 6
47 156 6
47 156 6
47 156 6
47 156 6
47 156 6
47 156 6
47 156 6
47 156 6
47 156 6
47 156 6
47 156 6
47 156 6
47 156 6
47 156 6
47 156 6
47 156 6
47 156 6
47 156 6
47 156 6
47 156 6
47 156 6
47 156 6
47 156 6
47 156 6
47 156 6
47 156 6
47 156 6
47 156 6
47 156 6
47 156 6
47 156 6
47 156 6
47 156 6
47 156 6
47 156 6
47 156 6
47 156 6
47 156 6
47 156 6
47 156 6
47 156 6
48 166 16
48 166 6
48 166 6
48 166 6
48 166 6
48 166 6
48 166 6
48 166 6
48 166 6
48 166 6
48 166 6
48 166 6
48 166 6
48 166 6
48 166 6
48 166 6
48 166 6
48 166 6
48 166 6
48 166 6
48 166 6
48 166 6
48 166 6
48 166 6
48 166 6
48 166 6
48 166 6
48 166 6
48 166 6
48 166 6
48 166 6
48 166 6
48 166 6
48 166 6
48 166 6
48 166 6
48 166 6
48 166 6
48 166 6
48 166 6
48 166 6
48 166 6
48 166 6
48 166 6
48 166 6
48 166 6
48 166 6
48 166 6
48 166 6
48 166 6
48 166 6
48 166 6
48 166 6
48 166 6
48 166 6
48 166 6
48 166 6
48 166 6
48 166 6
101 139 16
112 145 16
103 80 16
103 80 6
103 80 6
103 80 6
103 80 6
103 80 6
103 80 6
103 80 6
103 80 6
103 80 6
103 80 6
103 80 6
103 80 6
103 80 6
103 80 6
103 80 6
103 80 6
103 80 6
103 80 6
103 80 6
103 80 6
103 80 6
103 80 6
103 80 6
103 80 6
103 80 6
103 80 6
103 80 6
103 80 6
152 77 16
152 77 6
152 77 6
152 77 6
152 77 6
152 77 6
152 77 6
152 77 6
152 77 6
152 77 6
152 77 6
152 77 6
152 77 6
152 77 6
152 77 6
152 77 6
152 77 6
152 77 6
152 77 6
152 77 6
152 77 6
152 77 6
152 77 6
152 77 6
152 77 6
152 77 6
152 77 6
152 77 6
152 77 6
152 77 6
152 77 6
152 77 6
152 77 6
152 77 6
152 77 6
152 77 6
152 77 6
152 77 6
152 77 6
152 77 6
152 77 6
152 77 6
152 77 6
152 77 6
152 77 6
152 77 6
152 77 6
152 77 6
152 77 6
152 77 6
152 77 6
152 77 6
152 77 6
152 77 6
152 77 6
152 77 6
152 77 6
152 77 6
152 77 6
152 77 6
152 77 6
152 77 6
152 77 6
152 77 6
152 77 6
152 77 6
152 77 6
152 77 6
152 77 6
152 77 6
152 77 6
152 77 6
152 77 6
152 77 6
152 77 6
152 77 6
152 77 6
152 77 6
152 77 6
152 77 6
152 77 6
152 77 6
152 77 6
152 77 6
152 77 6
152 77 6
152 77 6
152 77 6
152 77 6
152 77 6
152 77 6
152 77 6
152 77 6
142 83 16
142 83 6
142 83 6
142 83 6
142 83 6
142 83 6
142 83 6
142 83 6
142 83 6
142 83 6
142 83 6
142 83 6
142 83 6
142 83 6
142 83 6
142 83 6
142 83 6
142 83 6
142 83 6
142 83 6
142 83 6
142 83 6
142 83 6
142 83 6
142 83 6
142 83 6
142 83 6
142 83 6
142 83 6
142 83 6
142 83 6
142 83 6
142 83 6
142 83 6
142 83 6
142 83 6
142 83 6
142 83 6
142 83 6
142 83 6
142 83 6
142 83 6
142 83 6
142 83 6
142 83 6
142 83 6
142 83 6
142 83 6
142 83 6
142 83 6
142 83 6
142 83 6
142 83 6
142 83 6
142 83 6
142 83 6
142 83 6
142 83 6
142 83 6
142 83 6
142 83 6
142 83 6
142 83 6
142 83 6
142 83 6
142 83 6
142 83 6
142 83 6
142 83 6
142 83 6
142 83 6
142 83 6
142 83 6
142 83 6
142 83 6
142 83 6
142 83 6
142 83 6
142 83 6
142 83 6
142 83 6
142 83 6
142 83 6
142 83 6
142 83 6
142 83 6
142 83 6
142 83 6
142 83 6
142 83 6
142 83 6
142 83 6
142 83 6
142 83 6
142 83 6
142 83 6
142 83 6
142 83 6
142 83 6
142 83 6
142 83 6
142 83 6
142 83 6
142 83 6
142 83 6
142 83 6
142 83 6
142 83 6
142 83 6
142 83 6
142 83 6
142 83 6
142 83 6
142 83 6
142 83 6
142 83 6
142 83 6
142 83 6
142 83 6
142 83 6
142 83 6
142 83 6
142 83 6
142 83 6
142 83 6
142 83 6
142 83 6
142 83 6
142 83 6
142 83 6
142 83 6
142 83 6
142 83 6
142 83 6
142 83 6
142 83 6
142 83 6
142 83 6
142 83 6
142 83 6
142 83 6
142 83 6
142 83 6
142 83 6
69 8 16
69 8 6
69 19 16
91 124 16
91 134 16
91 134 6
91 134 6
91 134 6
91 134 6
90 114 16
91 104 16
91 104 6
91 104 6
91 104 6
91 104 6
91 104 6
91 104 6
91 104 6
91 104 6
91 104 6
91 104 6
91 104 6
92 94 16
92 94 6
92 94 6
92 94 6
92 94 6
92 94 6
92 94 6
92 94 6
92 94 6
92 94 6
92 94 6
92 94 6
92 94 6
92 94 6
92 94 6
92 94 6
92 94 6
92 94 6
92 94 6
93 84 16
93 84 6
93 84 6
93 84 6
93 84 6
93 84 6
93 84 6
93 84 6
93 84 6
93 84 6
93 84 6
93 84 6
93 84 6
93 84 6
93 84 6
93 84 6
93 84 6
93 84 6
93 84 6
93 84 6
93 84 6
93 84 6
93 84 6
93 84 6
93 84 6
93 84 6
93 84 6
93 84 6
93 84 6
93 84 6
93 84 6
93 84 6
93 84 6
93 84 6
93 84 6
93 84 6
93 84 6
93 84 6
93 84 6
93 84 6
93 84 6
93 84 6
93 84 6
93 84 6
93 84 6
93 84 6
93 84 6
93 84 6
93 84 6
93 84 6
93 84 6
93 84 6
93 84 6
93 84 6
93 84 6
93 84 6
93 84 6
93 84 6
93 84 6
93 84 6
93 84 6
93 84 6
93 84 6
93 84 6
93 84 6
93 84 6
93 84 6
93 84 6
93 84 6
93 84 6
93 84 6
93 84 6
93 84 6
93 84 6
93 84 6
93 84 6
93 84 6
93 84 6
93 84 6
93 84 6
93 84 6
93 84 6
93 84 6
93 84 6
93 84 6
93 84 6
93 84 6
93 84 6
93 84 6
93 84 6
93 84 6
93 84 6
93 84 6
93 84 6
93 84 6
93 84 6
93 84 6
93 84 6
59 24 16
69 0 16
69 0 6
69 0 6
60 2 16
60 2 6
69 30 16
92 145 16
92 145 6
92 145 6
92 145 6
92 145 6
92 145 6
92 145 6
92 145 6
92 145 6
92 145 6
92 145 6
92 145 6
92 145 6
92 145 6
92 145 6
92 145 6
92 145 6
92 145 6
92 145 6
92 145 6
92 145 6
92 145 6
92 145 6
92 145 6
92 145 6
92 145 6
92 145 6
92 145 6
92 145 6
92 145 6
92 145 6
92 145 6
92 145 6
92 145 6
92 145 6
92 145 6
92 145 6
92 145 6
92 145 6
92 145 6
92 145 6
92 145 6
101 151 16
101 151 6
101 151 6
59 36 16
68 42 16
58 47 16
67 54 16
81 119 16
81 119 6
81 119 6
81 119 6
81 119 6
81 109 16
81 109 6
81 109 6
81 109 6
81 109 6
81 109 6
81 109 6
81 109 6
81 109 6
81 109 6
81 109 6
81 130 16
81 130 6
81 130 6
81 99 16
81 99 6
81 99 6
81 99 6
81 99 6
81 99 6
81 99 6
81 99 6
81 99 6
81 99 6
81 99 6
81 99 6
81 99 6
81 99 6
81 99 6
81 99 6
81 99 6
81 99 6
81 99 6
81 99 6
81 99 6
81 99 6
81 99 6
81 99 6
81 99 6
81 99 6
81 99 6
81 99 6
81 99 6
81 99 6
81 99 6
81 99 6
81 99 6
82 140 16
82 140 6
82 140 6
82 140 6
82 140 6
82 140 6
82 140 6
82 140 6
82 140 6
82 140 6
82 140 6
82 140 6
82 140 6
82 140 6
82 140 6
82 140 6
82 140 6
82 140 6
82 140 6
82 140 6
82 140 6
82 140 6
82 140 6
82 140 6
82 140 6
82 140 6
82 140 6
82 140 6
82 140 6
82 140 6
82 140 6
82 140 6
82 140 6
82 140 6
82 140 6
82 140 6
82 140 6
82 140 6
31 199 16
31 199 6
31 199 6
31 199 6
31 199 6
31 199 6
31 199 6
31 199 6
31 199 6
31 199 6
31 199 6
31 199 6
31 199 6
31 199 6
31 199 6
31 199 6
31 199 6
31 199 6
31 199 6
31 199 6
31 199 6
31 199 6
31 199 6
31 199 6
31 199 6
31 199 6
31 199 6
31 199 6
31 199 6
31 199 6
31 199 6
31 199 6
31 199 6
31 199 6
31 199 6
31 199 6
31 199 6
31 199 6
31 199 6
31 199 6
31 199 6
31 199 6
31 199 6
31 199 6
31 199 6
31 199 6
41 194 16
41 194 6
41 194 6
41 194 6
41 194 6
41 194 6
41 194 6
41 194 6
41 194 6
41 194 6
41 194 6
41 194 6
41 194 6
41 194 6
41 194 6
41 194 6
41 194 6
41 194 6
41 194 6
41 194 6
41 194 6
41 194 6
41 194 6
41 194 6
41 194 6
41 194 6
41 194 6
41 194 6
41 194 6
41 194 6
41 194 6
41 194 6
41 194 6
41 194 6
41 194 6
41 194 6
41 194 6
41 194 6
41 194 6
41 194 6
41 194 6
41 194 6
41 194 6
41 194 6
41 194 6
41 194 6
41 194 6
41 194 6
41 194 6
41 194 6
41 194 6
41 194 6
41 194 6
41 194 6
41 194 6
41 194 6
41 194 6
41 194 6
41 194 6
41 194 6
41 194 6
41 194 6
41 194 6
41 194 6
41 194 6
41 194 6
41 194 6
41 194 6
41 194 6
41 194 6
41 194 6
41 194 6
41 194 6
41 194 6
41 194 6
41 194 6
41 194 6
41 194 6
41 194 6
41 194 6
41 194 6
41 194 6
41 194 6
41 194 6
82 89 16
82 89 6
82 89 6
82 89 6
82 89 6
82 89 6
82 89 6
82 89 6
82 89 6
82 89 6
82 89 6
82 89 6
82 89 6
82 89 6
82 89 6
82 89 6
82 89 6
82 89 6
82 89 6
82 89 6
82 89 6
82 89 6
82 89 6
82 89 6
82 89 6
82 89 6
82 89 6
82 89 6
82 89 6
82 89 6
82 89 6
82 89 6
82 89 6
82 89 6
82 89 6
82 89 6
82 89 6
82 89 6
82 89 6
82 89 6
82 89 6
82 89 6
82 89 6
82 89 6
82 89 6
82 89 6
82 89 6
82 89 6
82 89 6
82 89 6
82 89 6
82 89 6
82 89 6
82 89 6
82 89 6
82 89 6
82 89 6
82 89 6
82 89 6
82 89 6
82 89 6
82 89 6
82 89 6
82 89 6
82 89 6
82 89 6
82 89 6
82 89 6
82 89 6
82 89 6
82 89 6
82 89 6
82 89 6
82 89 6
82 89 6
82 89 6
82 89 6
82 89 6
82 89 6
82 89 6
82 89 6
82 89 6
82 89 6
82 89 6
82 89 6
82 89 6
82 89 6
82 89 6
82 89 6
82 89 6
82 89 6
82 89 6
82 89 6
82 89 6
82 89 6
82 89 6
82 89 6
82 89 6
82 89 6
82 89 6
82 89 6
82 89 6
82 89 6
82 89 6
82 89 6
82 89 6
82 89 6
82 89 6
82 89 6
82 89 6
82 89 6
82 89 6
82 89 6
82 89 6
82 89 6
82 89 6
82 89 6
82 89 6
82 89 6
82 89 6
82 89 6
82 89 6
82 89 6
82 89 6
82 89 6
82 89 6
82 89 6
82 89 6
82 89 6
82 89 6
82 89 6
82 89 6
82 89 6
82 89 6
82 89 6
82 89 6
82 89 6
82 89 6
82 89 6
82 89 6
82 89 6
82 89 6
82 89 6
82 89 6
82 89 6
82 89 6
82 89 6
82 89 6
82 89 6
82 89 6
82 89 6
82 89 6
82 89 6
82 89 6
82 89 6
82 89 6
82 89 6
82 89 6
82 89 6
82 89 6
7 63 16
7 63 6
7 63 6
7 63 6
7 63 6
7 63 6
7 63 6
7 63 6
7 63 6
7 63 6
17 68 16
17 68 6
17 68 6
17 68 6
17 68 6
17 68 6
26 74 16
26 74 6
26 74 6
26 74 6
26 74 6
26 74 6
26 74 6
26 74 6
26 74 6
26 74 6
26 74 6
26 74 6
26 74 6
26 74 6
26 74 6
26 74 6
26 74 6
26 74 6
186 124 16
186 124 6
186 124 6
186 124 6
195 117 16
196 129 16
0 57 16
0 57 6
0 57 6
0 57 6
0 57 6
0 57 6
0 57 6
0 57 6
0 57 6
0 57 6
0 57 6
0 57 6
0 57 6
0 57 6
0 57 6
0 57 6
0 57 6
0 57 6
0 57 6
0 57 6
0 57 6
0 57 6
0 57 6
0 57 6
0 57 6
0 57 6
0 57 6
0 57 6
0 57 6
0 57 6
0 57 6
0 57 6
0 57 6
0 57 6
0 57 6
0 57 6
0 57 6
0 57 6
0 57 6
0 57 6
0 57 6
0 57 6
0 57 6
0 57 6
0 57 6
0 57 6
0 57 6
0 57 6
0 57 6
0 57 6
0 57 6
0 57 6
0 57 6
0 57 6
0 57 6
0 57 6
0 57 6
0 57 6
0 57 6
0 57 6
0 57 6
0 57 6
0 57 6
0 57 6
0 57 6
0 57 6
0 57 6
0 57 6
0 57 6
0 57 6
0 57 6
0 57 6
0 57 6
0 57 6
0 57 6
0 57 6
0 57 6
0 57 6
0 57 6
0 57 6
0 57 6
0 57 6
0 57 6
0 57 6
0 57 6
0 57 6
0 57 6
0 57 6
0 57 6
0 57 6
0 57 6
0 57 6
0 57 6
0 57 6
0 57 6
0 57 6
0 57 6
0 57 6
56 59 16
56 59 6
56 59 6
56 59 6
56 59 6
56 59 6
56 59 6
56 59 6
56 59 6
56 59 6
56 59 6
56 59 6
56 59 6
56 59 6
56 59 6
56 59 6
56 59 6
56 59 6
56 59 6
56 59 6
56 59 6
56 59 6
56 59 6
56 59 6
65 65 16
65 65 6
65 65 6
65 65 6
65 65 6
65 65 6
65 65 6
65 65 6
65 65 6
65 65 6
65 65 6
65 65 6
65 65 6
65 65 6
65 65 6
65 65 6
65 65 6
65 65 6
65 65 6
65 65 6
65 65 6
65 65 6
65 65 6
65 65 6
65 65 6
65 65 6
65 65 6
65 65 6
65 65 6
65 65 6
65 65 6
65 65 6
65 65 6
65 65 6
65 65 6
65 65 6
65 65 6
65 65 6
65 65 6
65 65 6
65 65 6
65 65 6
65 65 6
65 65 6
65 65 6
65 65 6
65 65 6
65 65 6
72 136 16
72 136 6
72 136 6
72 136 6
72 136 6
72 136 6
72 136 6
72 136 6
72 136 6
72 136 6
72 136 6
72 136 6
72 136 6
72 136 6
72 136 6
72 136 6
72 136 6
72 136 6
72 136 6
72 136 6
72 136 6
72 136 6
72 136 6
72 136 6
72 136 6
72 136 6
72 136 6
72 136 6
72 136 6
72 136 6
72 136 6
72 136 6
72 136 6
72 136 6
72 136 6
72 136 6
72 136 6
72 136 6
72 136 6
72 136 6
72 136 6
72 136 6
72 136 6
72 136 6
72 136 6
72 136 6
72 136 6
72 136 6
72 136 6
72 136 6
72 136 6
72 136 6
72 136 6
72 136 6
72 136 6
72 136 6
72 136 6
72 136 6
72 136 6
72 136 6
72 136 6
72 136 6
72 136 6
72 136 6
72 136 6
72 136 6
72 136 6
72 136 6
72 136 6
72 136 6
72 136 6
72 136 6
72 136 6
72 136 6
72 136 6
72 136 6
72 136 6
72 136 6
72 136 6
72 136 6
72 136 6
72 136 6
72 136 6
72 136 6
72 136 6
72 136 6
72 136 6
72 136 6
72 136 6
72 136 6
72 136 6
72 136 6
72 136 6
72 136 6
72 136 6
72 136 6
72 136 6
72 136 6
72 136 6
72 136 6
72 136 6
72 136 6
72 136 6
72 136 6
72 136 6
72 136 6
72 136 6
72 136 6
72 136 6
72 136 6
72 136 6
72 136 6
72 136 6
72 136 6
72 136 6
72 136 6
72 136 6
72 136 6
72 136 6
72 136 6
72 136 6
72 136 6
72 136 6
72 136 6
72 136 6
72 136 6
72 136 6
72 136 6
72 136 6
72 136 6
72 136 6
72 136 6
72 136 6
72 136 6
72 136 6
72 136 6
72 136 6
72 136 6
72 136 6
72 136 6
72 136 6
72 136 6
72 136 6
72 136 6
72 136 6
72 136 6
72 136 6
72 136 6
72 136 6
72 136 6
72 136 6
72 136 6
72 136 6
72 136 6
72 136 6
72 136 6
72 136 6
72 136 6
72 136 6
72 136 6
72 136 6
72 136 6
72 136 6
72 136 6
72 136 6
72 136 6
72 136 6
72 136 6
72 136 6
72 136 6
72 136 6
72 136 6
72 136 6
72 136 6
72 136 6
72 136 6
72 136 6
72 136 6
72 136 6
72 136 6
72 136 6
72 136 6
72 136 6
72 136 6
72 136 6
72 136 6
72 136 6
72 136 6
72 136 6
72 136 6
72 136 6
72 136 6
72 136 6
186 72 16
186 72 6
186 72 6
186 72 6
186 72 6
186 72 6
186 72 6
186 72 6
186 72 6
186 72 6
186 72 6
186 72 6
186 72 6
186 72 6
186 72 6
186 72 6
186 72 6
186 72 6
186 72 6
186 72 6
186 72 6
186 72 6
186 72 6
186 72 6
186 72 6
186 72 6
186 72 6
186 72 6
186 72 6
186 72 6
186 72 6
186 72 6
186 72 6
186 72 6
186 72 6
186 72 6
186 72 6
186 72 6
186 72 6
186 72 6
186 72 6
186 72 6
186 72 6
186 72 6
186 72 6
186 72 6
186 72 6
186 72 6
186 72 6
186 72 6
186 72 6
186 72 6
186 72 6
186 72 6
195 76 16
195 76 6
195 76 6
195 76 6
195 76 6
195 76 6
195 76 6
195 76 6
195 76 6
195 76 6
195 76 6
195 76 6
195 76 6
195 76 6
195 76 6
195 76 6
195 76 6
195 76 6
195 76 6
195 76 6
195 76 6
195 76 6
195 76 6
195 76 6
195 76 6
195 76 6
195 76 6
195 76 6
195 76 6
195 76 6
195 76 6
195 76 6
195 76 6
195 76 6
195 76 6
195 76 6
195 76 6
195 76 6
195 76 6
195 76 6
195 76 6
195 76 6
195 76 6
195 76 6
195 76 6
195 76 6
195 76 6
195 76 6
195 76 6
195 76 6
195 76 6
195 76 6
195 76 6
195 76 6
195 76 6
195 76 6
195 76 6
195 76 6
195 76 6
195 76 6
195 76 6
195 76 6
195 76 6
195 76 6
195 76 6
195 76 6
195 76 6
195 76 6
195 76 6
195 76 6
195 76 6
195 76 6
195 76 6
195 76 6
195 76 6
195 76 6
195 76 6
195 76 6
195 76 6
195 76 6
195 76 6
195 76 6
195 76 6
195 76 6
195 76 6
195 76 6
195 76 6
195 76 6
195 76 6
195 76 6
195 76 6
195 76 6
195 76 6
195 76 6
195 76 6
195 76 6
195 76 6
195 76 6
195 76 6
195 76 6
195 76 6
195 76 6
195 76 6
195 76 6
195 76 6
195 76 6
195 76 6
195 76 6
195 76 6
195 76 6
195 76 6
195 76 6
195 76 6
195 76 6
195 76 6
195 76 6
195 76 6
195 76 6
195 76 6
195 76 6
195 76 6
195 76 6
195 76 6
195 76 6
195 76 6
195 76 6
195 76 6
195 76 6
195 76 6
195 76 6
195 76 6
195 76 6
195 76 6
195 76 6
178 69 16
178 69 6
178 69 6
178 69 6
178 69 6
178 69 6
178 69 6
170 65 16
170 65 6
170 65 6
170 65 6
170 65 6
179 58 16
187 62 16
187 62 6
187 62 6
187 62 6
35 80 16
35 80 6
35 80 6
35 80 6
35 80 6
35 80 6
35 80 6
35 80 6
35 80 6
35 80 6
35 80 6
35 80 6
35 80 6
35 80 6
35 80 6
35 80 6
35 80 6
35 80 6
35 80 6
35 80 6
35 80 6
35 80 6
35 80 6
35 80 6
35 80 6
34 92 16
34 92 6
34 92 6
34 92 6
34 92 6
34 92 6
34 92 6
34 92 6
34 92 6
34 92 6
34 92 6
34 104 16
33 116 16
33 116 6
43 110 16
43 110 6
43 110 6
43 110 6
43 110 6
43 110 6
43 110 6
43 110 6
43 98 16
43 98 6
43 98 6
43 98 6
43 98 6
43 98 6
43 98 6
43 98 6
43 98 6
43 98 6
43 98 6
43 98 6
43 98 6
43 98 6
43 98 6
43 98 6
43 98 6
43 98 6
43 98 6
43 98 6
43 98 6
43 98 6
43 98 6
43 98 6
43 98 6
43 98 6
43 98 6
43 98 6
43 98 6
43 98 6
43 98 6
43 98 6
43 98 6
43 98 6
43 98 6
43 98 6
43 98 6
43 98 6
43 98 6
43 98 6
43 98 6
43 98 6
43 98 6
43 98 6
43 98 6
44 87 16
44 87 6
44 87 6
44 87 6
44 87 6
44 87 6
44 87 6
44 87 6
44 87 6
44 87 6
44 87 6
44 87 6
44 87 6
44 87 6
44 87 6
44 87 6
44 87 6
44 87 6
44 87 6
44 87 6
44 87 6
44 87 6
44 87 6
44 87 6
44 87 6
44 87 6
44 87 6
44 87 6
44 87 6
44 87 6
44 87 6
44 87 6
44 87 6
44 87 6
44 87 6
44 87 6
44 87 6
44 87 6
44 87 6
44 87 6
44 87 6
44 87 6
44 87 6
44 87 6
44 87 6
44 87 6
44 87 6
44 87 6
44 87 6
44 87 6
44 87 6
44 87 6
44 87 6
44 87 6
170 54 16
161 60 16
161 60 6
161 60 6
161 60 6
161 60 6
161 60 6
161 60 6
161 49 16
161 49 6
152 55 16
152 55 6
152 55 6
152 55 6
152 55 6
152 55 6
152 55 6
152 55 6
152 55 6
152 55 6
152 55 6
152 55 6
152 55 6
152 55 6
152 55 6
152 55 6
152 55 6
152 55 6
152 55 6
152 55 6
152 55 6
152 55 6
152 55 6
152 55 6
152 55 6
152 55 6
152 55 6
152 55 6
152 55 6
152 55 6
152 55 6
152 55 6
152 55 6
152 55 6
152 55 6
152 55 6
152 55 6
152 55 6
152 55 6
152 55 6
152 67 16
152 67 6
152 67 6
152 67 6
152 67 6
152 67 6
152 67 6
152 67 6
152 67 6
152 67 6
152 67 6
152 67 6
152 67 6
152 67 6
152 67 6
152 67 6
152 67 6
152 67 6
152 67 6
152 67 6
152 67 6
152 67 6
152 67 6
152 67 6
152 67 6
152 67 6
152 67 6
152 67 6
152 67 6
152 67 6
152 67 6
152 67 6
152 67 6
152 67 6
152 67 6
152 67 6
152 67 6
152 67 6
152 67 6
152 67 6
152 67 6
152 67 6
152 67 6
152 67 6
152 67 6
152 67 6
152 67 6
152 67 6
152 67 6
152 67 6
152 67 6
152 67 6
152 67 6
152 67 6
152 67 6
152 67 6
152 67 6
152 67 6
152 67 6
152 67 6
55 70 16
55 70 6
55 70 6
55 70 6
55 70 6
55 70 6
55 70 6
55 70 6
55 70 6
55 70 6
55 70 6
55 70 6
55 70 6
55 70 6
55 70 6
55 70 6
55 70 6
55 70 6
55 70 6
55 70 6
55 70 6
55 70 6
55 70 6
55 70 6
55 70 6
55 70 6
55 70 6
55 70 6
55 70 6
55 70 6
55 70 6
55 70 6
55 70 6
55 70 6
55 70 6
55 70 6
55 70 6
55 70 6
55 70 6
55 70 6
55 70 6
55 70 6
55 70 6
55 70 6
55 70 6
55 70 6
55 70 6
55 70 6
55 70 6
55 70 6
55 70 6
55 70 6
55 70 6
55 70 6
55 70 6
55 70 6
55 70 6
55 70 6
55 70 6
55 70 6
55 70 6
55 70 6
55 70 6
55 70 6
55 70 6
55 70 6
55 70 6
55 70 6
55 70 6
55 70 6
55 70 6
55 70 6
55 70 6
55 70 6
55 70 6
55 70 6
55 70 6
55 70 6
55 70 6
55 70 6
55 70 6
55 70 6
55 70 6
55 70 6
55 70 6
55 70 6
55 70 6
55 70 6
55 70 6
55 70 6
55 70 6
55 70 6
55 70 6
55 70 6
55 70 6
55 70 6
55 70 6
55 70 6
55 70 6
55 70 6
55 70 6
55 70 6
55 70 6
55 70 6
55 70 6
55 70 6
55 70 6
55 70 6
55 70 6
55 70 6
55 70 6
55 70 6
55 70 6
55 70 6
55 70 6
55 70 6
55 70 6
55 70 6
55 70 6
55 70 6
55 70 6
55 70 6
55 70 6
55 70 6
55 70 6
55 70 6
55 70 6
55 70 6
55 70 6
55 70 6
55 70 6
55 70 6
55 70 6
55 70 6
55 70 6
55 70 6
55 70 6
55 70 6
55 70 6
55 70 6
55 70 6
55 70 6
55 70 6
55 70 6
55 70 6
55 70 6
55 70 6
55 70 6
55 70 6
55 70 6
55 70 6
55 70 6
55 70 6
55 70 6
55 70 6
55 70 6
55 70 6
55 70 6
55 70 6
55 70 6
55 70 6
55 70 6
55 70 6
55 70 6
55 70 6
55 70 6
55 70 6
55 70 6
55 70 6
55 70 6
55 70 6
55 70 6
55 70 6
55 70 6
55 70 6
55 70 6
55 70 6
55 70 6
55 70 6
55 70 6
55 70 6
55 70 6
55 70 6
55 70 6
55 70 6
55 70 6
55 70 6
55 70 6
55 70 6
55 70 6
55 70 6
111 181 16
111 181 6
111 181 6
111 181 6
111 181 6
121 177 16
132 172 16
112 157 16
112 157 6
112 157 6
111 169 16
111 169 6
119 197 15
119 197 6
119 197 6
119 197 6
119 197 6
118 197 15
118 197 6
118 197 6
118 197 6
118 197 6
118 197 6
118 197 6
118 196 15
118 196 6
118 196 6
118 196 6
118 196 6
118 196 6
118 196 6
118 195 15
118 195 6
118 195 6
118 195 6
118 195 6
118 195 6
118 195 6
118 194 15
118 194 6
118 194 6
118 194 6
118 194 6
118 194 6
118 194 6
118 194 6
118 193 15
118 193 6
118 193 6
118 193 6
118 193 6
118 193 6
118 193 6
118 193 6
118 192 15
118 192 6
118 192 6
118 192 6
118 192 6
118 192 6
118 192 6
118 192 6
118 191 15
118 191 6
118 191 6
118 191 6
118 191 6
118 191 6
118 191 6
118 191 6
118 190 15
118 190 6
118 190 6
118 190 6
118 190 6
118 190 6
118 190 6
118 189 15
118 189 6
118 189 6
118 189 6
118 189 6
118 188 15
118 188 6
118 188 6
118 188 6
118 187 15
118 187 6
118 187 6
118 186 15
118 186 6
118 185 15
118 184 15
118 183 15
118 182 15
118 181 15
118 180 15
118 179 15
119 179 15
119 178 15
119 177 15
120 177 15
112 169 15
112 170 15
112 170 6
112 171 15
112 171 6
113 171 15
113 172 15
113 173 15
113 174 15
113 174 6
113 175 15
113 175 6
113 176 15
113 176 6
113 177 15
113 177 6
114 177 15
115 177 15
116 177 15
117 177 15
118 177 15
111 168 16
111 167 15
111 166 15
111 165 15
111 165 6
111 164 15
111 164 6
111 163 15
111 163 6
111 162 15
111 162 6
111 161 15
111 161 6
111 160 15
111 160 6
111 160 6
111 159 15
111 159 6
111 159 6
111 158 15
111 158 6
111 158 6
111 157 15
111 157 6
111 157 6
111 157 6
111 156 15
111 156 6
111 156 6
111 156 6
111 155 15
111 155 6
111 155 6
111 155 6
111 155 6
111 154 15
111 154 6
111 154 6
111 154 6
111 154 6
111 153 15
111 153 6
111 153 6
111 153 6
111 152 15
111 152 6
111 152 6
111 151 15
111 151 6
111 150 15
111 150 6
111 149 15
111 148 15
111 147 15
111 146 15
111 145 15
111 144 15
111 143 15
111 142 15
111 141 15
111 140 15
111 139 15
111 138 15
111 137 15
111 136 15
111 135 15
112 135 15
113 135 15
114 135 15
115 135 15
116 135 15
117 135 15
118 135 15
119 135 15
120 135 15
121 135 15
122 135 15
123 135 15
123 134 15
124 134 15
125 134 15
126 134 15
127 134 15
128 134 15
129 134 15
130 134 15
131 134 15
140 119 19
140 119 6
140 120 15
140 120 6
140 120 6
139 120 15
139 120 6
139 121 15
139 121 6
138 121 15
138 121 6
138 122 15
138 122 6
137 122 15
137 122 6
136 122 15
136 123 15
136 124 15
135 124 15
134 124 15
133 124 15
132 125 15
132 126 15
132 127 15
132 128 15
132 129 15
132 130 15
132 131 15
132 132 15
132 133 15
141 118 28
141 117 28
141 116 27
141 115 26
141 115 6
141 114 25
141 114 6
141 114 6
141 113 25
141 113 6
141 113 6
141 113 6
142 113 26
142 113 6
142 113 6
142 113 6
142 113 6
142 112 27
142 112 6
142 112 6
142 112 6
142 112 6
142 112 6
143 112 29
143 112 6
143 112 6
143 112 6
143 112 6
143 112 6
143 112 6
143 112 6
144 112 30
144 112 6
144 112 6
144 112 6
144 112 6
144 112 6
144 112 6
144 112 6
144 112 6
144 112 6
144 112 6
145 112 31
145 112 6
145 112 6
145 112 6
145 112 6
145 112 6
145 112 6
145 112 6
145 112 6
145 112 6
145 112 6
145 112 6
145 112 6
145 111 32
145 111 6
145 111 6
145 111 6
145 111 6
145 111 6
145 111 6
145 111 6
145 111 6
145 111 6
145 111 6
145 111 6
145 111 6
146 111 33
146 111 6
146 111 6
146 111 6
146 111 6
146 111 6
146 111 6
146 111 6
146 111 6
146 111 6
146 111 6
146 111 6
146 111 6
147 111 33
147 111 6
147 111 6
147 111 6
147 111 6
147 111 6
147 111 6
147 111 6
147 111 6
147 111 6
147 111 6
148 111 34
148 111 6
148 111 6
148 111 6
148 111 6
148 111 6
148 111 6
148 111 6
148 111 6
149 111 34
149 111 6
149 111 6
149 111 6
149 111 6
149 111 6
150 111 35
150 111 6
150 111 6
150 111 6
150 110 36
150 110 6
150 110 6
150 110 6
150 109 39
150 109 6
150 109 6
150 108 44
150 108 6
150 108 6
150 107 50
150 107 6
150 106 56
150 106 6
151 105 59
151 104 63
151 103 67
151 102 71
151 101 74
151 100 78
151 99 83
151 98 89
151 97 98
151 95 125
151 95 6
151 95 6
151 94 144
151 94 6
151 94 6
151 93 168
151 93 6
151 92 197
151 91 230
151 90 268
151 89 309
151 88 353
152 105 56
153 105 54
154 105 52
155 105 50
155 105 6
156 105 49
156 105 6
156 105 6
157 105 49
157 105 6
157 105 6
157 104 47
157 104 6
157 104 6
158 104 45
158 104 6
158 104 6
158 104 6
158 103 43
158 103 6
158 103 6
159 103 41
159 103 6
159 103 6
159 103 6
160 103 39
160 103 6
160 103 6
160 103 6
161 103 37
161 103 6
161 103 6
162 103 35
162 103 6
163 103 32
164 103 30
165 103 26
166 103 22
167 103 18
169 103 15
170 103 15
171 103 15
172 103 15
173 103 15
174 103 15
175 103 15
176 103 15
177 103 15
178 103 15
178 103 6
179 103 15
179 103 6
180 103 15
180 103 6
181 103 16
181 103 6
182 103 15
182 103 6
183 103 15
183 103 6
184 103 15
184 103 6
185 103 15
185 103 6
110 134 15
110 133 15
109 133 15
109 132 15
108 132 15
107 132 15
106 132 15
105 132 15
104 132 15
103 132 15
103 131 15
103 130 15
102 130 15
102 129 15
102 128 15
102 127 15
102 126 15
102 125 15
102 124 15
102 123 15
102 122 15
101 122 15
101 121 15
101 120 15
101 119 15
121 176 15
122 176 15
123 176 15
124 176 15
125 176 15
126 176 15
127 176 15
128 176 15
129 176 15
129 177 15
130 177 15
131 177 15
131 178 15
131 179 15
131 180 15
132 180 15
133 180 15
133 181 15
133 182 15
134 182 15
135 182 15
136 182 15
137 182 15
138 182 15
139 182 15
140 182 15
141 182 15
142 182 15
5 148 15
5 147 15
4 147 15
4 146 15
4 145 15
4 144 15
4 143 15
4 142 15
4 141 15
4 140 15
4 139 15
4 138 15
4 137 15
4 136 15
4 135 15
4 134 15
4 133 15
4 132 15
4 131 15
4 130 15
4 129 15
4 128 15
4 127 15
4 126 15
4 125 15
4 124 15
4 123 15
5 122 15
5 121 15
5 120 15
5 119 15
5 118 15
5 117 15
5 116 15
5 115 15
5 114 15
5 113 15
5 112 15
5 111 15
4 110 15
4 109 15
4 108 15
4 107 15
4 106 15
4 105 15
4 104 15
4 103 15
4 102 15
4 101 15
4 100 15
4 99 15
4 98 15
4 97 15
