134 35 34
192 198 34
30 162 34
30 162 24
30 162 24
30 162 24
30 162 24
30 162 24
30 162 24
30 162 24
30 162 24
30 162 24
30 162 24
30 162 24
30 162 24
30 162 24
30 162 24
30 162 24
21 89 34
90 140 34
128 179 34
168 127 34
199 199 34
199 192 34
192 186 34
192 186 24
192 186 24
192 186 24
192 186 24
192 186 24
192 186 24
192 186 24
192 186 24
192 186 24
12 84 34
12 84 24
12 84 24
12 84 24
12 84 24
12 84 24
12 84 24
12 84 24
12 84 24
12 84 24
12 84 24
12 84 24
12 84 24
12 84 24
12 84 24
12 84 24
12 84 24
143 30 34
134 24 34
134 24 24
134 24 24
12 95 34
12 95 24
12 95 24
12 95 24
12 95 24
12 95 24
12 95 24
12 95 24
12 95 24
12 95 24
12 95 24
12 95 24
12 95 24
12 95 24
12 95 24
12 95 24
12 95 24
12 95 24
12 95 24
12 95 24
12 95 24
12 95 24
12 95 24
12 95 24
12 95 24
12 95 24
12 95 24
12 95 24
12 95 24
12 95 24
12 95 24
12 95 24
12 95 24
12 95 24
12 95 24
12 95 24
12 95 24
12 95 24
12 95 24
12 95 24
12 95 24
21 78 34
30 84 34
136 174 34
143 19 34
143 19 24
143 19 24
143 19 24
143 19 24
143 19 24
143 19 24
143 19 24
143 19 24
143 19 24
143 19 24
143 19 24
143 19 24
143 19 24
143 19 24
143 19 24
138 185 34
39 157 34
39 157 24
39 157 24
39 157 24
39 157 24
39 157 24
39 157 24
39 157 24
39 157 24
39 157 24
30 151 34
38 146 34
30 140 34
38 135 34
128 190 34
143 41 34
183 192 34
183 192 24
183 192 24
183 192 24
183 192 24
183 199 34
175 197 34
175 197 24
175 197 24
175 197 24
175 197 24
175 197 24
175 197 24
30 73 34
133 46 34
133 46 24
143 52 34
143 52 24
39 79 34
39 68 34
39 68 24
48 74 34
48 74 24
48 74 24
30 128 34
30 128 24
30 128 24
30 128 24
38 123 34
38 123 24
38 123 24
38 123 24
38 123 24
38 123 24
38 123 24
38 123 24
38 123 24
38 123 24
38 123 24
38 123 24
38 123 24
38 123 24
38 123 24
38 123 24
38 123 24
81 145 34
80 134 34
72 139 34
133 58 34
133 58 24
133 58 24
133 58 24
133 58 24
133 58 24
133 58 24
133 58 24
133 58 24
133 58 24
133 58 24
133 58 24
133 58 24
133 58 24
133 58 24
133 58 24
133 58 24
133 58 24
133 58 24
133 58 24
133 58 24
133 58 24
133 58 24
133 58 24
133 58 24
133 58 24
133 58 24
133 58 24
133 58 24
133 58 24
133 58 24
48 63 34
48 63 24
48 63 24
48 63 24
48 63 24
48 63 24
48 63 24
48 63 24
48 63 24
48 63 24
48 63 24
48 63 24
48 63 24
48 63 24
48 63 24
48 63 24
48 63 24
48 63 24
48 63 24
48 63 24
48 63 24
48 63 24
48 63 24
48 63 24
48 63 24
48 63 24
48 63 24
48 63 24
48 63 24
48 63 24
48 63 24
48 63 24
48 63 24
48 63 24
48 63 24
48 63 24
48 63 24
48 63 24
48 63 24
48 63 24
48 63 24
30 63 34
21 68 34
11 73 34
11 73 24
11 73 24
30 95 34
39 90 34
48 85 34
152 47 34
152 47 24
152 47 24
152 47 24
152 47 24
152 47 24
152 47 24
152 47 24
152 47 24
152 47 24
152 47 24
152 47 24
152 47 24
152 47 24
152 47 24
152 47 24
152 47 24
152 47 24
152 47 24
152 47 24
152 47 24
152 47 24
152 47 24
152 47 24
152 47 24
199 180 34
199 180 24
199 180 24
199 180 24
199 180 24
199 180 24
199 180 24
199 180 24
199 180 24
199 180 24
199 180 24
199 180 24
199 180 24
199 180 24
199 180 24
199 180 24
199 180 24
46 130 34
46 130 24
46 130 24
46 130 24
46 130 24
46 130 24
46 130 24
46 130 24
46 130 24
46 130 24
46 130 24
46 130 24
46 130 24
46 130 24
46 130 24
46 130 24
46 130 24
46 130 24
46 130 24
46 130 24
46 130 24
46 130 24
46 130 24
46 130 24
46 130 24
46 130 24
46 130 24
46 130 24
57 80 34
57 80 24
47 141 34
47 141 24
47 141 24
47 141 24
47 141 24
47 141 24
47 141 24
47 152 34
47 152 24
47 152 24
47 152 24
55 148 34
55 148 24
55 148 24
55 148 24
55 148 24
55 148 24
63 143 34
63 143 24
174 186 34
174 186 24
174 186 24
174 186 24
174 186 24
174 186 24
174 186 24
174 186 24
174 186 24
174 186 24
174 186 24
174 186 24
174 186 24
174 186 24
174 186 24
174 186 24
174 186 24
174 186 24
174 186 24
174 186 24
174 186 24
174 186 24
174 186 24
174 186 24
174 186 24
174 186 24
174 186 24
174 186 24
174 186 24
174 186 24
174 186 24
174 186 24
174 186 24
174 186 24
174 186 24
174 186 24
174 186 24
174 186 24
174 186 24
174 186 24
174 186 24
174 186 24
174 186 24
174 186 24
174 186 24
174 186 24
174 186 24
174 186 24
174 186 24
166 199 34
166 199 24
166 199 24
166 199 24
166 199 24
166 199 24
166 199 24
166 199 24
166 199 24
166 199 24
166 199 24
166 199 24
166 199 24
166 199 24
166 199 24
166 199 24
166 199 24
166 199 24
166 199 24
166 199 24
166 199 24
166 199 24
166 199 24
166 199 24
124 41 34
124 41 24
124 41 24
124 41 24
124 41 24
124 41 24
124 41 24
124 41 24
124 41 24
124 41 24
124 41 24
124 41 24
124 30 34
124 30 24
124 30 24
124 30 24
124 30 24
124 30 24
124 30 24
124 30 24
125 19 34
125 19 24
125 19 24
125 19 24
125 19 24
125 19 24
125 19 24
125 19 24
125 19 24
125 19 24
125 19 24
125 19 24
125 19 24
125 19 24
125 19 24
125 19 24
125 19 24
125 19 24
125 19 24
125 19 24
125 19 24
125 19 24
125 19 24
125 19 24
125 19 24
125 19 24
125 19 24
125 19 24
125 19 24
125 19 24
125 19 24
125 19 24
125 19 24
125 19 24
125 19 24
125 19 24
125 19 24
125 19 24
125 19 24
125 19 24
125 19 24
125 19 24
125 19 24
115 36 34
115 36 24
115 36 24
115 36 24
115 36 24
115 36 24
115 36 24
115 36 24
115 36 24
115 36 24
115 36 24
115 36 24
115 36 24
115 36 24
115 36 24
115 36 24
115 36 24
115 36 24
115 36 24
115 36 24
115 36 24
115 36 24
115 36 24
115 36 24
115 36 24
115 36 24
115 36 24
115 36 24
115 36 24
115 36 24
115 36 24
115 36 24
115 36 24
115 36 24
115 36 24
115 36 24
115 36 24
115 36 24
115 36 24
115 36 24
115 36 24
115 36 24
153 35 34
153 35 24
153 24 34
153 24 24
153 24 24
153 24 24
162 30 34
162 30 24
162 30 24
162 30 24
162 30 24
162 30 24
162 30 24
162 30 24
162 30 24
55 137 34
55 137 24
55 137 24
55 137 24
55 137 24
55 137 24
55 137 24
55 137 24
55 137 24
55 137 24
55 137 24
55 137 24
55 137 24
55 137 24
55 137 24
55 137 24
55 137 24
55 137 24
55 137 24
55 137 24
55 137 24
55 137 24
55 137 24
55 137 24
55 137 24
72 150 34
72 150 24
64 154 34
64 154 24
64 154 24
64 154 24
64 154 24
64 154 24
11 63 34
21 57 34
191 175 34
191 175 24
191 175 24
191 175 24
191 175 24
191 175 24
191 175 24
191 175 24
191 175 24
191 175 24
191 175 24
191 175 24
191 175 24
191 175 24
191 175 24
191 175 24
191 175 24
191 175 24
191 175 24
191 175 24
191 175 24
191 175 24
191 175 24
191 175 24
191 175 24
191 175 24
191 175 24
191 175 24
191 175 24
191 175 24
191 175 24
191 175 24
191 175 24
191 175 24
191 175 24
191 175 24
191 175 24
191 175 24
191 175 24
191 175 24
191 175 24
191 175 24
191 175 24
191 175 24
191 175 24
191 175 24
191 175 24
191 175 24
191 175 24
191 175 24
191 175 24
191 175 24
191 175 24
191 175 24
191 175 24
39 101 34
47 96 34
56 91 34
56 91 24
56 91 24
162 19 34
162 19 24
162 19 24
162 19 24
162 19 24
162 19 24
162 19 24
162 19 24
162 19 24
162 19 24
162 19 24
162 19 24
162 19 24
162 19 24
162 19 24
162 19 24
162 19 24
162 19 24
162 19 24
162 19 24
162 19 24
162 19 24
162 19 24
162 19 24
162 19 24
162 19 24
162 19 24
162 19 24
162 19 24
162 19 24
162 19 24
162 19 24
162 19 24
162 19 24
162 19 24
162 19 24
162 19 24
162 19 24
162 19 24
162 19 24
162 19 24
162 19 24
162 19 24
162 19 24
162 19 24
65 86 34
124 52 34
124 52 24
124 52 24
124 52 24
124 52 24
124 52 24
124 52 24
124 52 24
124 52 24
124 52 24
124 52 24
124 52 24
124 52 24
124 52 24
124 52 24
124 52 24
124 52 24
124 52 24
124 52 24
124 52 24
124 52 24
124 52 24
124 52 24
124 52 24
124 52 24
124 52 24
124 52 24
124 52 24
124 52 24
124 52 24
124 52 24
124 52 24
124 52 24
124 52 24
124 52 24
124 52 24
124 52 24
124 52 24
124 52 24
124 52 24
124 52 24
124 52 24
124 52 24
124 52 24
124 52 24
124 52 24
162 41 34
162 41 24
162 41 24
162 41 24
162 41 24
162 41 24
162 41 24
162 41 24
162 41 24
162 41 24
171 36 34
171 36 24
171 36 24
171 36 24
171 36 24
171 36 24
171 36 24
171 36 24
171 36 24
157 196 34
157 196 24
157 196 24
157 196 24
157 196 24
157 196 24
157 196 24
157 196 24
157 196 24
157 196 24
157 196 24
157 196 24
157 196 24
157 196 24
157 196 24
157 196 24
157 196 24
157 196 24
157 196 24
157 196 24
157 196 24
157 196 24
157 196 24
157 196 24
157 196 24
157 196 24
157 196 24
157 196 24
157 196 24
157 196 24
157 196 24
157 196 24
157 196 24
157 196 24
157 196 24
157 196 24
157 196 24
148 190 34
148 190 24
171 47 34
171 47 24
171 47 24
171 47 24
171 47 24
171 47 24
171 47 24
180 42 34
180 53 34
180 53 24
180 53 24
180 53 24
180 53 24
180 53 24
180 53 24
180 53 24
180 53 24
190 48 34
190 37 34
199 43 34
199 43 24
199 32 34
47 107 34
47 107 24
55 103 34
55 103 24
55 103 24
55 103 24
55 103 24
55 103 24
55 103 24
55 103 24
55 103 24
55 103 24
55 103 24
55 103 24
38 112 34
38 112 24
38 112 24
38 112 24
38 112 24
38 112 24
190 26 34
181 31 34
199 54 34
189 59 34
198 65 34
199 21 34
189 71 34
179 65 34
179 65 24
179 65 24
170 59 34
170 59 24
170 59 24
170 59 24
170 59 24
170 59 24
170 59 24
170 59 24
170 59 24
170 59 24
170 59 24
170 59 24
170 59 24
170 59 24
170 59 24
170 59 24
170 59 24
170 59 24
170 59 24
170 59 24
170 59 24
170 59 24
170 59 24
170 59 24
170 59 24
170 59 24
170 59 24
170 59 24
170 59 24
170 59 24
170 59 24
170 59 24
170 59 24
170 59 24
170 59 24
170 59 24
179 76 34
190 15 34
181 20 34
181 20 24
181 20 24
199 10 34
190 4 34
190 4 24
190 4 24
190 4 24
190 4 24
190 4 24
190 4 24
190 4 24
190 4 24
190 4 24
190 4 24
181 10 34
181 10 24
181 10 24
181 10 24
181 10 24
181 10 24
181 10 24
181 10 24
181 10 24
181 10 24
181 10 24
181 10 24
181 10 24
181 10 24
181 10 24
181 10 24
181 10 24
181 10 24
181 10 24
181 10 24
181 10 24
181 10 24
181 10 24
181 10 24
181 10 24
181 10 24
181 10 24
181 10 24
181 10 24
181 10 24
181 10 24
181 10 24
181 10 24
181 10 24
181 10 24
199 0 34
171 25 34
171 25 24
171 25 24
171 25 24
171 25 24
171 25 24
171 25 24
171 25 24
171 25 24
171 25 24
171 25 24
171 25 24
171 25 24
171 25 24
171 25 24
171 25 24
171 25 24
171 25 24
171 25 24
171 25 24
171 25 24
171 25 24
171 25 24
188 82 34
198 77 34
198 88 34
188 93 34
188 93 24
188 93 24
188 93 24
188 93 24
188 93 24
178 87 34
178 87 24
178 98 34
178 98 24
178 98 24
178 98 24
178 98 24
178 98 24
178 98 24
178 98 24
178 98 24
178 98 24
178 98 24
178 98 24
178 98 24
178 98 24
178 98 24
178 98 24
178 98 24
178 98 24
178 98 24
178 98 24
178 98 24
178 98 24
178 98 24
178 98 24
178 98 24
178 98 24
178 98 24
178 98 24
178 98 24
178 98 24
178 98 24
178 98 24
178 98 24
178 98 24
178 98 24
178 98 24
178 98 24
178 98 24
178 98 24
178 98 24
178 98 24
178 98 24
178 98 24
178 98 24
169 81 34
169 81 24
197 99 34
197 99 24
197 99 24
197 99 24
197 99 24
147 179 34
170 70 34
170 70 24
170 70 24
170 70 24
170 70 24
170 70 24
170 70 24
170 70 24
170 70 24
170 70 24
170 70 24
170 70 24
170 70 24
170 70 24
170 70 24
170 70 24
170 70 24
170 70 24
160 75 34
160 75 24
160 75 24
160 75 24
151 70 34
151 70 24
151 70 24
151 70 24
151 70 24
151 70 24
151 70 24
142 64 34
142 64 24
142 64 24
142 64 24
142 64 24
142 64 24
142 64 24
142 64 24
142 64 24
142 64 24
150 81 34
141 75 34
159 87 34
159 87 24
159 87 24
159 87 24
159 87 24
132 70 34
132 70 24
131 81 34
122 76 34
122 76 24
122 76 24
122 76 24
122 76 24
122 76 24
122 76 24
122 76 24
30 106 34
30 106 24
30 117 34
30 117 24
30 117 24
30 117 24
140 87 34
149 93 34
149 93 24
21 100 34
21 100 24
21 100 24
21 100 24
21 111 34
21 111 24
21 111 24
21 111 24
21 111 24
21 111 24
21 111 24
138 196 34
138 196 24
129 199 34
129 199 24
129 199 24
129 199 24
129 199 24
129 199 24
129 199 24
129 199 24
129 199 24
129 199 24
129 199 24
129 199 24
139 99 34
139 99 24
130 93 34
121 87 34
112 82 34
112 82 24
112 82 24
112 82 24
112 82 24
112 82 24
112 82 24
112 82 24
112 82 24
21 122 34
21 122 24
21 122 24
21 122 24
21 134 34
21 134 24
21 145 34
21 145 24
21 156 34
21 156 24
21 156 24
21 156 24
21 156 24
21 156 24
21 156 24
21 156 24
21 156 24
21 156 24
21 156 24
21 156 24
21 156 24
21 156 24
21 156 24
21 156 24
149 104 34
149 104 24
149 104 24
158 98 34
158 98 24
158 98 24
158 98 24
158 98 24
158 98 24
158 110 34
158 110 24
158 110 24
158 121 34
129 179 15
130 179 15
131 179 15
132 179 15
133 179 15
134 179 15
135 179 15
136 179 15
137 179 15
138 179 15
139 179 15
140 179 15
141 179 15
142 179 15
143 179 15
144 179 15
145 179 15
146 179 15
147 180 15
147 181 15
147 182 15
147 182 24
147 183 15
147 183 24
147 184 15
147 184 24
147 185 15
147 185 24
147 186 15
147 186 24
147 187 15
147 187 24
147 188 15
147 188 24
147 189 15
147 189 24
147 190 15
147 190 24
148 191 86
148 192 132
148 193 185
149 193 244
149 194 306
150 194 372
150 195 441
151 195 509
152 195 577
152 196 644
153 196 705
154 196 762
155 196 811
156 196 853
158 196 908
158 196 24
158 196 24
158 196 24
158 196 24
158 196 24
158 196 24
158 196 24
158 196 24
158 197 920
158 197 24
159 197 920
159 197 24
159 197 24
159 197 24
159 197 24
159 197 24
159 197 24
159 197 24
159 197 24
159 197 24
160 197 909
160 197 24
160 197 24
160 197 24
160 197 24
160 197 24
160 197 24
160 197 24
160 197 24
160 197 24
160 197 24
160 197 24
160 197 24
160 197 24
160 197 24
160 197 24
160 197 24
161 197 889
161 197 24
161 197 24
161 197 24
161 197 24
161 197 24
161 197 24
161 197 24
161 197 24
161 197 24
161 197 24
161 197 24
161 197 24
161 197 24
161 197 24
161 197 24
161 197 24
161 197 24
161 197 24
161 197 24
161 197 24
161 197 24
162 197 859
162 197 24
162 197 24
162 197 24
162 197 24
162 197 24
162 197 24
162 197 24
162 197 24
162 197 24
162 197 24
162 197 24
162 197 24
162 197 24
162 197 24
162 197 24
162 197 24
162 197 24
162 197 24
162 197 24
162 197 24
162 197 24
162 197 24
162 197 24
163 197 822
163 197 24
163 197 24
163 197 24
163 197 24
163 197 24
163 197 24
163 197 24
163 197 24
163 197 24
163 197 24
163 197 24
163 197 24
163 197 24
163 197 24
163 197 24
163 197 24
163 197 24
163 197 24
163 197 24
163 197 24
163 197 24
163 197 24
163 197 24
164 197 778
164 197 24
164 197 24
164 197 24
164 197 24
164 197 24
164 197 24
164 197 24
164 197 24
164 197 24
164 197 24
164 197 24
164 197 24
164 197 24
164 197 24
164 197 24
164 197 24
164 197 24
164 197 24
164 197 24
164 197 24
164 197 24
165 197 729
165 197 24
165 197 24
165 197 24
165 197 24
165 197 24
165 197 24
165 197 24
165 197 24
165 197 24
165 197 24
165 197 24
165 197 24
165 197 24
165 197 24
165 197 24
165 197 24
165 197 24
165 197 24
165 197 24
165 197 24
166 197 675
166 197 24
166 197 24
166 197 24
166 197 24
166 197 24
166 197 24
166 197 24
166 197 24
166 197 24
166 197 24
166 197 24
166 197 24
166 197 24
166 197 24
166 197 24
166 197 24
166 197 24
166 197 24
166 198 617
166 198 24
166 198 24
166 198 24
166 198 24
166 198 24
166 198 24
166 198 24
166 198 24
167 199 512
167 199 24
167 199 24
168 199 449
168 199 24
168 199 24
168 199 24
168 199 24
169 199 389
169 199 24
169 199 24
169 199 24
169 199 24
169 199 24
169 199 24
169 199 24
170 199 331
170 199 24
170 199 24
170 199 24
170 199 24
170 199 24
170 199 24
170 199 24
170 199 24
170 199 24
171 199 277
171 199 24
171 199 24
171 199 24
171 199 24
171 199 24
171 199 24
171 199 24
171 199 24
171 199 24
172 199 227
172 199 24
172 199 24
172 199 24
172 199 24
172 199 24
172 199 24
172 199 24
173 199 182
173 199 24
173 199 24
173 199 24
173 199 24
173 199 24
174 199 141
174 199 24
174 199 24
174 199 24
175 199 106
175 199 24
176 199 76
176 199 24
177 199 52
177 199 24
178 199 33
178 199 24
179 199 20
179 199 24
179 198 15
179 198 24
179 198 24
179 197 15
179 197 24
179 197 24
180 197 15
180 197 24
181 197 15
181 197 24
182 197 15
182 197 24
183 197 15
183 197 24
184 197 15
184 197 24
185 197 15
185 197 24
186 197 15
186 197 24
187 197 15
187 197 24
188 197 15
189 197 15
190 197 15
191 197 15
192 197 15
89 140 15
88 140 15
88 141 15
88 142 15
87 142 15
87 143 15
87 143 24
86 143 15
86 143 24
85 143 15
85 143 24
84 143 15
84 143 24
84 144 15
84 144 24
83 144 15
83 144 24
82 144 15
82 144 24
81 144 15
80 145 15
79 145 15
78 145 15
77 145 15
76 145 15
75 145 15
74 145 15
74 146 15
74 147 15
73 147 15
73 147 24
72 147 15
72 147 24
71 147 15
71 147 24
70 147 15
70 147 24
69 147 15
69 147 24
69 148 15
69 148 24
68 148 15
68 148 24
67 148 15
67 148 24
66 148 15
66 148 24
65 148 15
65 148 24
64 148 15
64 148 24
63 148 15
63 148 24
62 148 15
62 148 24
61 148 15
61 148 24
60 148 34
60 148 24
59 148 64
59 148 24
58 148 91
57 148 114
56 148 131
54 148 146
53 148 144
52 148 136
51 148 123
50 148 107
49 148 89
48 148 70
47 148 52
47 148 24
46 148 37
46 148 24
45 148 24
45 148 24
45 148 24
44 148 16
44 148 24
44 148 24
43 148 15
43 148 24
43 148 24
43 147 15
43 147 24
43 147 24
43 146 15
43 146 24
43 146 24
42 146 15
42 146 24
42 146 24
41 146 15
41 146 24
40 146 15
40 146 24
39 146 15
39 146 24
38 145 15
38 145 24
38 144 15
38 144 24
38 143 15
38 143 24
38 142 15
38 142 24
37 142 15
37 142 24
36 142 15
36 142 24
36 141 15
36 141 24
35 141 15
35 141 24
35 140 15
35 140 24
34 140 15
34 140 24
33 140 15
33 140 24
32 140 19
32 140 24
31 140 22
31 140 24
29 140 18
29 140 24
28 140 15
28 140 24
28 141 15
28 141 24
28 142 15
28 142 24
28 143 15
28 143 24
28 144 15
28 144 24
28 145 15
28 145 24
28 146 15
28 146 24
28 147 15
28 148 15
28 149 15
28 150 15
28 151 15
29 151 15
29 151 24
30 152 26
30 153 33
30 154 45
30 155 62
30 156 86
30 157 116
30 158 154
30 159 200
30 160 254
30 161 315
29 106 34
29 106 24
29 106 24
28 106 22
28 106 24
28 106 24
27 106 15
27 106 24
27 106 24
27 106 24
26 106 15
26 106 24
26 106 24
26 106 24
26 107 15
26 107 24
26 107 24
26 107 24
26 108 16
26 108 24
26 108 24
26 108 24
26 109 20
26 109 24
26 109 24
26 109 24
26 110 24
26 110 24
26 110 24
26 110 24
26 111 28
26 111 24
26 111 24
26 111 24
26 111 24
26 112 32
26 112 24
26 112 24
26 112 24
26 112 24
26 112 24
26 113 35
26 113 24
26 113 24
26 113 24
26 113 24
26 113 24
26 113 24
26 114 38
26 114 24
26 114 24
26 114 24
26 114 24
26 114 24
26 114 24
26 115 40
26 115 24
26 115 24
26 115 24
26 115 24
26 115 24
26 115 24
26 116 42
26 116 24
26 116 24
26 116 24
26 116 24
26 116 24
26 116 24
26 117 43
26 117 24
26 117 24
26 117 24
26 117 24
26 117 24
26 118 44
26 118 24
26 118 24
26 118 24
26 118 24
26 118 24
25 118 44
25 118 24
25 118 24
25 118 24
25 118 24
25 119 43
25 119 24
25 119 24
25 119 24
25 119 24
25 120 41
25 120 24
25 120 24
25 120 24
25 120 24
25 121 39
25 121 24
25 121 24
25 121 24
25 121 24
25 122 37
25 122 24
25 122 24
25 122 24
25 122 24
25 123 35
25 123 24
25 123 24
25 123 24
25 123 24
25 124 34
25 124 24
25 124 24
25 124 24
25 124 24
25 124 24
25 125 32
25 125 24
25 125 24
25 125 24
25 125 24
25 125 24
25 126 31
25 126 24
25 126 24
25 126 24
25 126 24
25 126 24
25 127 29
25 127 24
25 127 24
25 127 24
25 127 24
25 127 24
25 128 27
25 128 24
25 128 24
25 128 24
25 128 24
25 129 25
25 129 24
25 129 24
25 129 24
25 130 22
25 130 24
25 130 24
25 131 20
25 131 24
25 131 24
25 132 17
25 132 24
25 133 15
25 133 24
25 134 15
25 134 24
25 135 15
25 135 24
25 136 15
25 136 24
26 136 15
26 136 24
26 137 15
26 137 24
26 138 15
26 138 24
27 138 15
27 138 24
27 139 15
27 139 24
27 140 15
27 140 24
26 105 15
26 105 24
26 105 24
26 105 24
26 104 15
26 104 24
26 104 24
26 104 24
26 103 15
26 103 24
26 103 24
26 103 24
26 102 15
26 102 24
26 102 24
25 102 15
25 102 24
25 102 24
24 102 15
24 102 24
24 102 24
24 102 24
24 101 15
24 101 24
24 101 24
24 100 15
24 100 24
24 100 24
24 99 15
24 99 24
24 98 15
24 98 24
24 97 15
24 97 24
24 96 15
24 96 24
24 95 15
24 95 24
24 94 15
24 94 24
23 94 15
23 94 24
23 93 15
23 93 24
23 92 15
23 92 24
23 91 15
23 91 24
23 90 15
23 90 24
23 89 15
22 89 15
22 89 24
167 127 15
166 127 15
166 126 15
166 125 15
165 125 15
164 125 15
163 125 15
163 124 15
162 124 15
161 124 15
161 123 15
160 123 15
159 123 15
159 123 24
159 122 15
159 122 24
159 121 15
159 121 24
158 120 15
158 120 24
158 119 15
158 119 24
158 118 15
158 118 24
158 117 15
158 117 24
158 117 24
158 116 15
158 116 24
158 116 24
158 115 16
158 115 24
158 115 24
158 115 24
158 114 27
158 114 24
158 114 24
158 114 24
158 113 38
158 113 24
158 113 24
158 113 24
158 112 49
158 112 24
158 112 24
158 111 60
158 111 24
158 111 24
157 110 48
157 110 24
157 110 24
156 110 41
156 110 24
156 110 24
156 109 36
156 109 24
156 108 31
156 108 24
155 108 26
155 108 24
155 107 16
155 107 24
155 107 24
155 106 15
155 106 24
155 106 24
155 105 15
155 105 24
155 105 24
155 104 15
155 104 24
155 104 24
155 103 15
155 103 24
155 103 24
155 102 15
155 102 24
155 102 24
155 102 24
155 101 15
155 101 24
155 101 24
155 101 24
155 100 15
155 100 24
155 100 24
155 100 24
154 100 15
154 100 24
154 100 24
154 100 24
154 99 15
154 99 24
154 99 24
154 99 24
153 99 15
153 99 24
153 99 24
153 99 24
153 98 15
153 98 24
153 98 24
153 98 24
153 97 15
153 97 24
153 97 24
153 97 24
152 97 15
152 97 24
152 97 24
152 97 24
151 97 15
151 97 24
151 97 24
151 97 24
151 97 24
150 97 15
150 97 24
150 97 24
150 97 24
150 97 24
149 97 15
149 97 24
149 97 24
149 97 24
149 97 24
149 96 15
149 96 24
149 96 24
149 96 24
148 96 15
148 96 24
148 96 24
148 96 24
147 96 15
147 96 24
147 96 24
146 96 15
146 96 24
146 96 24
146 95 15
146 95 24
146 95 24
146 94 15
146 94 24
145 94 15
145 94 24
145 93 15
145 93 24
144 93 15
144 93 24
144 92 15
143 92 15
142 92 15
142 91 15
142 90 15
141 90 15
141 89 15
140 89 15
140 88 15
139 87 15
138 87 15
137 87 15
136 87 15
136 86 15
135 86 15
134 86 15
133 86 15
132 86 15
132 85 15
131 85 15
131 84 15
131 83 21
131 82 23
131 80 16
131 80 24
131 79 15
131 79 24
132 79 15
132 79 24
132 78 15
132 78 24
133 78 15
133 78 24
133 77 15
133 77 24
133 76 15
133 76 24
133 76 24
133 75 15
133 75 24
133 75 24
133 74 15
133 74 24
133 74 24
134 74 15
134 74 24
134 74 24
135 74 15
135 74 24
135 73 15
135 73 24
135 72 15
135 72 24
135 72 24
135 71 15
135 71 24
135 71 24
136 71 15
136 71 24
136 71 24
137 71 15
137 71 24
137 71 24
138 71 15
138 71 24
138 71 24
139 71 15
139 71 24
139 71 24
140 71 15
140 71 24
140 71 24
140 70 24
140 70 24
140 70 24
140 70 24
140 69 46
140 69 24
140 69 24
140 69 24
140 68 74
140 68 24
140 68 24
140 68 24
140 67 107
140 67 24
140 67 24
140 67 24
140 66 143
140 66 24
140 66 24
140 66 24
140 65 181
140 65 24
140 65 24
140 65 24
140 65 24
140 64 216
140 64 24
140 64 24
140 64 24
140 64 24
140 63 248
140 63 24
140 63 24
140 63 24
140 63 24
140 62 274
140 62 24
140 62 24
140 62 24
140 61 292
140 61 24
140 60 299
140 59 296
140 58 280
140 57 253
140 56 214
140 55 167
140 54 113
140 53 55
140 52 15
140 52 24
140 52 24
140 51 15
140 51 24
139 51 15
139 51 24
138 51 15
138 51 24
138 51 24
138 50 15
138 50 24
138 50 24
137 50 15
137 50 24
137 50 24
137 49 15
137 49 24
137 49 24
136 49 15
136 49 24
136 49 24
136 48 15
136 48 24
136 48 24
136 47 15
136 47 24
136 47 24
135 47 15
135 47 24
135 47 24
135 46 15
135 46 24
135 46 24
135 45 15
135 45 24
135 45 24
134 45 15
134 45 24
134 45 24
134 44 15
134 44 24
134 44 24
134 43 15
134 43 24
134 43 24
134 42 15
134 42 24
134 42 24
134 41 15
134 41 24
134 41 24
134 40 15
134 40 24
134 39 15
134 39 24
134 38 15
134 38 24
134 37 15
134 37 24
134 36 19
134 36 24
