29 177 22
25 32 22
25 32 12
25 32 12
25 32 12
133 63 22
142 68 22
142 68 12
142 68 12
142 68 12
142 68 12
142 68 12
142 68 12
142 68 12
142 68 12
142 68 12
142 68 12
142 68 12
142 68 12
142 57 22
142 57 12
142 57 12
16 27 22
16 27 12
16 27 12
16 27 12
16 27 12
16 27 12
16 27 12
16 27 12
16 27 12
16 27 12
16 27 12
16 27 12
16 27 12
16 27 12
16 27 12
16 27 12
16 27 12
16 27 12
16 27 12
16 27 12
16 27 12
16 27 12
16 27 12
16 27 12
16 27 12
16 27 12
16 27 12
16 27 12
16 27 12
16 27 12
16 27 12
16 27 12
16 27 12
16 27 12
16 27 12
16 27 12
16 27 12
16 27 12
16 27 12
16 27 12
16 27 12
16 27 12
16 27 12
16 27 12
38 171 22
29 166 22
29 166 12
29 166 12
29 166 12
29 166 12
29 166 12
133 52 22
16 38 22
16 38 12
16 38 12
16 38 12
16 38 12
16 38 12
16 38 12
16 38 12
16 38 12
16 38 12
16 38 12
16 38 12
16 38 12
16 38 12
16 38 12
16 38 12
16 38 12
16 38 12
16 38 12
16 38 12
16 38 12
16 38 12
16 38 12
16 38 12
16 38 12
16 38 12
16 38 12
16 38 12
16 38 12
16 38 12
16 38 12
16 38 12
16 38 12
16 38 12
16 38 12
16 38 12
16 38 12
16 38 12
16 38 12
16 38 12
16 38 12
16 38 12
16 38 12
16 38 12
16 38 12
16 38 12
16 38 12
16 38 12
16 38 12
16 38 12
16 38 12
16 38 12
16 38 12
16 38 12
16 38 12
16 38 12
16 38 12
16 38 12
16 38 12
16 38 12
16 38 12
16 38 12
16 38 12
16 38 12
16 38 12
16 38 12
16 38 12
16 38 12
16 38 12
16 38 12
16 38 12
16 38 12
16 38 12
16 38 12
16 38 12
16 38 12
16 38 12
16 38 12
16 38 12
16 38 12
16 38 12
16 38 12
16 38 12
16 38 12
16 38 12
16 38 12
16 38 12
16 38 12
25 21 22
25 21 12
35 27 22
35 27 12
35 27 12
35 27 12
35 27 12
38 183 22
35 38 22
35 38 12
35 38 12
29 188 22
29 188 12
29 188 12
29 188 12
29 188 12
29 188 12
29 188 12
29 188 12
29 188 12
29 188 12
29 188 12
29 188 12
29 188 12
29 188 12
29 188 12
29 188 12
29 188 12
29 188 12
29 188 12
29 188 12
29 188 12
29 188 12
29 188 12
142 46 22
142 46 12
142 46 12
142 46 12
142 46 12
142 46 12
142 46 12
142 46 12
142 46 12
142 46 12
142 46 12
142 46 12
142 46 12
142 46 12
142 46 12
142 46 12
142 46 12
142 46 12
142 46 12
142 46 12
142 46 12
142 46 12
142 46 12
142 46 12
142 46 12
142 46 12
142 46 12
142 46 12
142 46 12
142 46 12
142 46 12
142 46 12
142 46 12
142 46 12
142 46 12
142 46 12
142 46 12
142 46 12
142 46 12
142 46 12
142 46 12
142 46 12
142 46 12
142 46 12
142 46 12
142 46 12
142 46 12
142 46 12
142 46 12
142 46 12
142 46 12
142 46 12
142 46 12
142 46 12
142 46 12
142 46 12
142 46 12
142 46 12
142 46 12
142 46 12
142 46 12
142 46 12
142 46 12
142 46 12
142 46 12
142 46 12
142 46 12
142 46 12
142 46 12
142 46 12
142 46 12
142 46 12
142 46 12
142 46 12
142 46 12
142 46 12
142 46 12
142 46 12
142 46 12
142 46 12
142 46 12
142 46 12
142 46 12
142 46 12
142 46 12
142 46 12
142 46 12
142 46 12
123 57 22
123 46 22
123 46 12
38 160 22
38 160 12
38 160 12
38 160 12
38 160 12
38 160 12
38 160 12
38 160 12
38 160 12
38 160 12
38 160 12
38 160 12
38 160 12
38 160 12
38 160 12
38 160 12
38 160 12
38 160 12
38 160 12
38 160 12
38 160 12
38 160 12
38 160 12
38 160 12
38 160 12
38 160 12
38 160 12
38 160 12
38 160 12
38 160 12
38 160 12
38 160 12
38 160 12
38 160 12
38 160 12
38 160 12
38 160 12
38 160 12
38 160 12
38 160 12
38 160 12
38 160 12
38 160 12
38 160 12
38 160 12
38 160 12
38 160 12
38 160 12
38 160 12
38 160 12
38 160 12
38 160 12
38 160 12
38 160 12
38 160 12
38 160 12
38 160 12
38 160 12
114 51 22
114 51 12
114 51 12
114 51 12
114 51 12
114 51 12
114 51 12
114 51 12
114 51 12
114 51 12
114 51 12
114 51 12
114 51 12
114 51 12
114 51 12
114 51 12
114 51 12
114 51 12
114 51 12
114 51 12
114 51 12
114 51 12
114 51 12
114 51 12
114 51 12
114 51 12
114 51 12
114 51 12
114 51 12
114 51 12
114 51 12
114 51 12
114 51 12
114 51 12
114 51 12
114 51 12
114 51 12
114 51 12
114 51 12
114 51 12
114 51 12
114 51 12
114 51 12
114 51 12
114 51 12
114 51 12
114 51 12
114 51 12
114 51 12
114 51 12
114 51 12
114 51 12
114 51 12
114 51 12
114 51 12
114 51 12
114 51 12
114 51 12
114 51 12
114 51 12
114 51 12
114 51 12
114 51 12
114 51 12
114 51 12
114 51 12
114 51 12
114 51 12
16 16 22
16 16 12
16 16 12
16 16 12
16 16 12
16 16 12
16 16 12
16 16 12
16 16 12
16 16 12
16 16 12
16 16 12
16 16 12
16 16 12
16 16 12
16 16 12
16 16 12
16 16 12
16 16 12
16 16 12
16 16 12
16 16 12
16 16 12
16 16 12
16 16 12
16 16 12
16 16 12
16 16 12
16 16 12
16 16 12
16 16 12
16 16 12
16 16 12
16 16 12
16 16 12
16 16 12
16 16 12
16 16 12
16 16 12
16 16 12
16 16 12
16 16 12
16 16 12
16 16 12
16 16 12
16 16 12
16 16 12
16 16 12
16 16 12
16 16 12
16 16 12
16 16 12
16 16 12
16 16 12
16 16 12
16 16 12
16 16 12
16 16 12
16 16 12
16 16 12
16 16 12
16 16 12
16 16 12
16 16 12
16 16 12
16 16 12
16 16 12
16 16 12
16 16 12
16 16 12
16 16 12
16 16 12
16 16 12
16 16 12
16 16 12
16 16 12
16 16 12
16 16 12
16 16 12
16 16 12
16 16 12
16 16 12
16 16 12
16 16 12
152 63 22
152 63 12
152 63 12
152 63 12
152 63 12
152 63 12
152 63 12
152 63 12
35 16 22
35 16 12
35 16 12
38 194 22
38 194 12
38 194 12
38 194 12
38 194 12
38 194 12
38 194 12
38 194 12
38 194 12
38 194 12
38 194 12
38 194 12
38 194 12
38 194 12
38 194 12
38 194 12
38 194 12
38 194 12
38 194 12
38 194 12
38 194 12
38 194 12
38 194 12
38 194 12
38 194 12
38 194 12
38 194 12
38 194 12
38 194 12
38 194 12
38 194 12
38 194 12
38 194 12
38 194 12
38 194 12
38 194 12
38 194 12
38 194 12
38 194 12
38 194 12
38 194 12
38 194 12
38 194 12
38 194 12
38 194 12
38 194 12
38 194 12
38 194 12
38 194 12
38 194 12
38 194 12
38 194 12
38 194 12
38 194 12
38 194 12
38 194 12
38 194 12
38 194 12
38 194 12
38 194 12
38 194 12
38 194 12
38 194 12
38 194 12
38 194 12
38 194 12
38 194 12
38 194 12
38 194 12
38 194 12
38 194 12
38 194 12
38 194 12
38 194 12
38 194 12
38 194 12
38 194 12
38 194 12
38 194 12
38 194 12
38 194 12
38 194 12
38 194 12
38 194 12
38 194 12
38 194 12
45 43 22
45 43 12
45 43 12
45 43 12
45 43 12
45 43 12
45 43 12
45 43 12
45 43 12
45 43 12
45 43 12
45 43 12
45 43 12
45 43 12
45 43 12
45 43 12
45 43 12
45 43 12
45 43 12
45 43 12
45 43 12
45 43 12
45 43 12
45 43 12
45 43 12
45 43 12
45 43 12
45 43 12
45 43 12
45 43 12
45 43 12
45 43 12
45 43 12
45 43 12
45 43 12
45 43 12
45 43 12
45 43 12
35 49 22
35 49 12
35 49 12
48 177 22
48 177 12
48 177 12
48 177 12
48 177 12
48 177 12
48 177 12
48 177 12
48 177 12
48 177 12
48 177 12
48 177 12
48 177 12
48 177 12
48 177 12
48 177 12
48 177 12
19 171 22
19 171 12
19 171 12
19 171 12
19 171 12
19 171 12
19 171 12
19 171 12
19 171 12
19 171 12
19 171 12
19 171 12
19 171 12
19 171 12
19 171 12
19 171 12
19 171 12
19 183 22
19 183 12
19 183 12
19 183 12
19 183 12
19 183 12
19 183 12
19 183 12
19 183 12
19 183 12
19 183 12
19 183 12
19 183 12
19 183 12
19 183 12
19 183 12
19 183 12
19 183 12
19 183 12
19 183 12
19 183 12
19 183 12
19 183 12
19 183 12
19 183 12
19 183 12
19 183 12
19 183 12
19 183 12
19 183 12
19 183 12
19 183 12
19 183 12
19 183 12
19 183 12
19 183 12
19 183 12
19 183 12
19 183 12
19 183 12
19 183 12
19 183 12
19 183 12
19 183 12
19 183 12
19 183 12
19 183 12
19 183 12
19 183 12
19 183 12
19 183 12
19 183 12
19 183 12
19 183 12
19 183 12
19 183 12
19 183 12
19 183 12
19 183 12
19 183 12
19 183 12
19 183 12
19 183 12
19 183 12
19 183 12
19 183 12
19 183 12
19 183 12
19 183 12
19 183 12
19 183 12
19 160 22
19 160 12
19 160 12
19 160 12
19 160 12
19 160 12
19 160 12
19 160 12
19 160 12
19 160 12
19 160 12
19 160 12
45 55 22
45 55 12
45 55 12
45 55 12
45 55 12
45 55 12
45 55 12
45 55 12
45 55 12
45 55 12
45 55 12
45 55 12
45 55 12
45 55 12
45 55 12
45 55 12
45 55 12
45 55 12
45 55 12
45 55 12
45 55 12
45 55 12
45 55 12
45 55 12
45 55 12
45 55 12
45 55 12
45 55 12
45 55 12
45 55 12
45 55 12
45 55 12
45 55 12
45 55 12
45 55 12
45 55 12
45 55 12
45 55 12
45 55 12
45 55 12
45 55 12
45 55 12
45 55 12
45 55 12
45 55 12
45 55 12
45 55 12
45 55 12
45 55 12
45 55 12
45 55 12
45 55 12
45 55 12
45 55 12
45 55 12
45 55 12
45 55 12
45 55 12
45 55 12
45 55 12
45 55 12
45 55 12
45 55 12
45 55 12
45 55 12
45 55 12
45 55 12
45 55 12
45 55 12
45 55 12
45 55 12
45 55 12
45 55 12
45 55 12
45 55 12
45 55 12
45 55 12
45 55 12
45 55 12
45 55 12
45 55 12
45 55 12
45 55 12
45 55 12
45 55 12
45 55 12
45 55 12
45 55 12
45 55 12
45 55 12
45 55 12
45 55 12
45 55 12
45 55 12
45 55 12
45 55 12
45 32 22
45 32 12
45 32 12
45 32 12
45 32 12
45 32 12
45 32 12
45 32 12
45 32 12
45 32 12
45 32 12
45 32 12
45 32 12
45 32 12
45 32 12
45 32 12
45 32 12
45 32 12
45 32 12
45 32 12
45 32 12
45 32 12
45 32 12
45 32 12
45 32 12
45 32 12
45 32 12
45 32 12
45 32 12
45 32 12
45 21 22
45 21 12
45 21 12
45 21 12
45 21 12
45 21 12
45 21 12
45 21 12
45 21 12
45 21 12
45 21 12
45 21 12
45 21 12
45 21 12
45 21 12
45 21 12
45 21 12
45 21 12
45 21 12
45 21 12
45 21 12
45 21 12
45 21 12
45 21 12
45 21 12
45 21 12
45 21 12
45 21 12
45 21 12
45 21 12
45 21 12
45 21 12
45 21 12
45 21 12
45 21 12
45 21 12
45 21 12
45 21 12
45 21 12
45 21 12
45 21 12
45 21 12
45 21 12
45 21 12
45 21 12
45 21 12
45 21 12
45 21 12
45 21 12
45 21 12
45 21 12
45 21 12
45 21 12
45 21 12
45 21 12
45 21 12
45 21 12
45 21 12
45 21 12
45 21 12
45 21 12
45 21 12
45 21 12
45 21 12
45 21 12
45 21 12
45 21 12
45 21 12
45 21 12
45 21 12
45 21 12
35 5 22
35 5 12
35 5 12
35 5 12
35 5 12
35 5 12
35 5 12
35 5 12
35 5 12
35 5 12
35 5 12
35 5 12
35 5 12
35 5 12
35 5 12
35 5 12
35 5 12
35 5 12
35 5 12
35 5 12
35 5 12
35 5 12
35 5 12
35 5 12
35 5 12
35 5 12
35 5 12
35 5 12
35 5 12
35 5 12
35 5 12
35 5 12
35 5 12
35 5 12
35 5 12
35 5 12
35 5 12
35 5 12
35 5 12
35 5 12
35 5 12
35 5 12
35 5 12
35 5 12
35 5 12
35 5 12
35 5 12
35 5 12
35 5 12
35 5 12
35 5 12
35 5 12
35 5 12
35 5 12
35 5 12
35 5 12
35 5 12
35 5 12
35 5 12
35 5 12
35 5 12
35 5 12
35 5 12
35 5 12
35 5 12
35 5 12
35 5 12
35 5 12
35 5 12
35 5 12
35 5 12
35 5 12
35 5 12
35 5 12
35 5 12
35 5 12
35 5 12
35 5 12
35 5 12
35 5 12
35 5 12
35 5 12
35 5 12
35 5 12
35 5 12
26 54 22
152 74 22
161 68 22
161 68 12
161 68 12
161 68 12
161 68 12
161 68 12
161 68 12
161 68 12
161 68 12
161 68 12
161 68 12
161 79 22
161 79 12
161 79 12
25 43 22
25 43 12
25 43 12
25 43 12
25 43 12
25 43 12
25 43 12
25 43 12
25 43 12
25 43 12
25 43 12
10 166 22
10 166 12
10 166 12
10 166 12
10 166 12
10 166 12
10 166 12
10 166 12
10 166 12
10 166 12
10 166 12
10 166 12
10 166 12
10 166 12
10 166 12
10 166 12
10 166 12
10 166 12
10 166 12
10 166 12
10 166 12
10 166 12
10 166 12
10 166 12
10 166 12
10 166 12
10 166 12
10 166 12
10 166 12
10 166 12
10 166 12
10 166 12
10 166 12
10 166 12
10 166 12
10 166 12
10 166 12
10 166 12
10 166 12
10 166 12
10 166 12
10 166 12
10 166 12
10 166 12
10 166 12
10 166 12
10 166 12
10 166 12
10 166 12
10 166 12
10 166 12
10 166 12
10 166 12
10 166 12
10 166 12
10 166 12
10 166 12
10 166 12
10 166 12
10 166 12
10 166 12
10 166 12
10 166 12
10 166 12
10 166 12
10 166 12
10 166 12
10 166 12
10 166 12
10 166 12
10 166 12
10 166 12
10 166 12
10 166 12
10 166 12
10 166 12
10 166 12
10 166 12
10 166 12
10 166 12
10 166 12
10 166 12
48 166 22
48 166 12
48 166 12
48 166 12
48 166 12
48 166 12
48 166 12
48 166 12
48 166 12
48 166 12
48 166 12
48 166 12
48 166 12
48 166 12
48 166 12
48 166 12
48 166 12
48 166 12
48 166 12
48 166 12
48 166 12
48 166 12
48 166 12
48 166 12
48 166 12
48 166 12
48 166 12
48 166 12
48 166 12
48 166 12
48 166 12
48 166 12
48 166 12
48 166 12
48 166 12
48 166 12
48 166 12
48 166 12
48 166 12
48 166 12
48 166 12
48 166 12
48 166 12
48 166 12
48 166 12
48 166 12
48 166 12
48 166 12
48 166 12
48 166 12
48 166 12
48 166 12
48 166 12
48 166 12
48 166 12
48 166 12
48 166 12
48 166 12
48 166 12
48 166 12
48 166 12
48 166 12
48 166 12
48 166 12
48 166 12
48 166 12
48 166 12
48 166 12
48 166 12
48 166 12
48 166 12
48 166 12
48 166 12
48 166 12
29 155 22
29 155 12
29 155 12
29 155 12
29 155 12
29 155 12
29 155 12
29 155 12
29 155 12
29 155 12
29 155 12
29 155 12
29 155 12
29 155 12
29 155 12
29 155 12
29 155 12
29 155 12
29 155 12
29 155 12
29 155 12
29 155 12
29 155 12
29 155 12
29 155 12
29 155 12
29 155 12
29 155 12
29 155 12
29 155 12
29 155 12
29 155 12
29 155 12
29 155 12
29 155 12
29 155 12
29 155 12
29 155 12
29 155 12
29 155 12
29 155 12
29 155 12
29 155 12
55 38 22
152 85 22
161 90 22
161 90 12
161 90 12
161 90 12
161 90 12
161 90 12
161 90 12
161 90 12
161 90 12
161 90 12
161 90 12
161 90 12
161 90 12
161 90 12
161 90 12
161 90 12
161 90 12
161 90 12
161 90 12
161 90 12
161 90 12
161 90 12
161 90 12
161 90 12
161 90 12
161 90 12
161 90 12
161 90 12
161 90 12
152 95 22
48 188 22
57 183 22
57 183 12
57 183 12
57 183 12
57 183 12
57 183 12
57 183 12
57 183 12
57 183 12
57 183 12
57 183 12
57 183 12
57 183 12
57 183 12
57 183 12
57 183 12
57 183 12
57 183 12
57 183 12
57 194 22
57 194 12
57 194 12
57 194 12
57 194 12
57 194 12
57 194 12
57 194 12
57 194 12
57 194 12
57 194 12
57 194 12
57 194 12
57 194 12
57 194 12
64 33 22
64 33 12
64 33 12
64 33 12
64 33 12
142 90 22
142 79 22
142 79 12
142 79 12
142 79 12
142 79 12
142 79 12
142 79 12
142 79 12
142 79 12
142 79 12
142 79 12
142 79 12
142 79 12
142 79 12
142 79 12
142 79 12
142 79 12
142 79 12
142 79 12
142 79 12
142 79 12
142 79 12
142 79 12
142 79 12
142 79 12
142 79 12
142 79 12
142 79 12
142 79 12
142 79 12
142 79 12
142 79 12
142 79 12
142 79 12
142 79 12
142 79 12
142 79 12
142 79 12
142 79 12
142 79 12
142 79 12
142 101 22
65 44 22
65 44 12
65 44 12
65 44 12
65 44 12
65 44 12
65 44 12
74 39 22
74 39 12
74 39 12
74 39 12
74 39 12
74 39 12
74 39 12
74 39 12
74 39 12
74 39 12
74 39 12
74 39 12
74 39 12
74 39 12
74 39 12
74 39 12
133 96 22
133 96 12
133 96 12
133 106 22
133 106 12
133 106 12
133 106 12
133 106 12
133 106 12
133 106 12
133 106 12
133 106 12
133 106 12
133 106 12
133 106 12
133 106 12
133 106 12
133 106 12
133 106 12
133 106 12
133 106 12
133 106 12
133 106 12
133 106 12
133 106 12
133 106 12
133 106 12
133 106 12
133 106 12
133 106 12
133 106 12
133 106 12
133 106 12
133 106 12
133 106 12
133 106 12
133 106 12
133 106 12
133 106 12
133 106 12
133 106 12
133 106 12
133 106 12
133 106 12
133 106 12
133 106 12
133 106 12
133 106 12
133 106 12
133 106 12
133 106 12
133 106 12
133 106 12
133 106 12
133 106 12
133 106 12
133 106 12
133 106 12
133 106 12
133 106 12
133 106 12
133 106 12
133 106 12
133 106 12
133 106 12
133 106 12
133 106 12
133 106 12
133 106 12
133 106 12
133 106 12
133 106 12
133 106 12
133 106 12
133 106 12
133 106 12
133 106 12
133 85 22
133 85 12
133 85 12
133 85 12
133 85 12
133 85 12
133 85 12
133 85 12
133 85 12
133 85 12
133 85 12
133 85 12
133 85 12
133 85 12
133 85 12
74 28 22
74 28 12
74 28 12
74 28 12
74 28 12
74 28 12
74 28 12
74 28 12
74 28 12
74 28 12
74 28 12
74 28 12
74 28 12
74 28 12
74 28 12
74 28 12
74 28 12
74 28 12
74 28 12
74 28 12
74 28 12
74 28 12
74 28 12
74 28 12
74 28 12
74 28 12
74 28 12
74 28 12
74 28 12
74 28 12
74 28 12
74 28 12
74 28 12
74 28 12
74 28 12
74 28 12
74 28 12
74 28 12
74 28 12
74 28 12
74 28 12
74 28 12
74 28 12
74 28 12
74 28 12
74 28 12
74 28 12
74 28 12
74 28 12
74 28 12
74 28 12
74 28 12
74 28 12
74 28 12
74 28 12
74 28 12
74 28 12
74 28 12
74 28 12
74 28 12
74 28 12
74 28 12
74 28 12
74 28 12
74 28 12
74 28 12
74 28 12
74 28 12
74 28 12
74 28 12
74 28 12
74 28 12
74 28 12
74 28 12
74 28 12
74 28 12
74 28 12
74 28 12
74 28 12
19 149 22
10 144 22
10 144 12
19 138 22
19 138 12
10 133 22
152 106 22
75 50 22
75 50 12
75 50 12
75 50 12
75 50 12
75 50 12
75 50 12
75 50 12
75 50 12
75 50 12
75 50 12
75 50 12
75 50 12
75 50 12
75 50 12
75 50 12
75 50 12
75 50 12
75 50 12
75 50 12
75 50 12
75 50 12
75 50 12
75 50 12
75 50 12
75 50 12
75 50 12
75 50 12
75 50 12
75 50 12
75 50 12
75 50 12
75 50 12
75 50 12
75 50 12
75 50 12
75 50 12
75 50 12
75 50 12
75 50 12
75 50 12
75 50 12
75 50 12
75 50 12
75 50 12
75 50 12
75 50 12
75 50 12
75 50 12
75 50 12
75 50 12
75 50 12
75 50 12
75 50 12
75 50 12
75 50 12
75 50 12
75 50 12
75 50 12
75 50 12
75 50 12
75 50 12
75 50 12
75 50 12
75 50 12
75 50 12
75 50 12
75 50 12
75 50 12
75 50 12
75 50 12
75 50 12
75 50 12
75 50 12
75 50 12
75 50 12
75 50 12
75 50 12
75 50 12
75 50 12
75 50 12
75 50 12
75 50 12
75 50 12
75 50 12
75 50 12
75 50 12
75 50 12
75 50 12
75 50 12
75 50 12
75 50 12
75 50 12
75 50 12
75 50 12
75 50 12
75 50 12
75 50 12
123 90 22
123 90 12
123 90 12
123 90 12
123 90 12
123 90 12
123 90 12
123 90 12
123 90 12
123 90 12
123 90 12
123 90 12
123 90 12
123 90 12
123 90 12
123 90 12
123 90 12
123 90 12
123 90 12
123 90 12
123 90 12
123 90 12
123 90 12
123 90 12
123 90 12
123 90 12
123 90 12
123 90 12
123 90 12
123 90 12
123 90 12
123 90 12
123 90 12
123 90 12
123 90 12
123 90 12
123 90 12
123 90 12
123 90 12
123 90 12
123 90 12
123 90 12
123 90 12
123 90 12
123 90 12
123 90 12
123 90 12
123 90 12
123 90 12
123 90 12
123 90 12
123 90 12
123 90 12
123 90 12
123 90 12
123 90 12
123 90 12
123 90 12
123 90 12
123 90 12
123 90 12
123 90 12
123 90 12
123 90 12
123 90 12
123 90 12
123 90 12
123 90 12
123 90 12
123 90 12
123 90 12
123 90 12
123 90 12
123 90 12
123 90 12
123 90 12
123 90 12
123 90 12
161 101 22
161 101 12
161 101 12
161 101 12
161 101 12
161 101 12
161 101 12
161 101 12
161 101 12
161 101 12
161 101 12
161 101 12
161 101 12
161 101 12
161 111 22
161 111 12
161 111 12
161 111 12
19 127 22
9 122 22
19 116 22
133 74 22
133 74 12
133 74 12
133 74 12
133 74 12
133 74 12
133 74 12
133 74 12
133 74 12
133 74 12
133 74 12
123 68 22
123 68 12
123 68 12
123 68 12
9 110 22
18 105 22
9 99 22
18 94 22
18 94 12
18 94 12
18 94 12
55 49 112
55 49 12
55 49 12
55 49 12
55 49 12
55 49 12
55 49 12
55 49 12
84 34 22
94 40 22
94 28 22
104 34 22
114 40 22
114 40 12
114 40 12
114 40 12
114 40 12
114 40 12
114 40 12
114 40 12
8 88 22
8 88 12
8 88 12
8 88 12
8 88 12
8 88 12
8 88 12
8 88 12
8 88 12
8 88 12
8 88 12
8 88 12
8 88 12
8 88 12
8 88 12
8 88 12
8 88 12
8 88 12
8 88 12
8 88 12
8 88 12
8 88 12
8 88 12
8 88 12
8 88 12
8 88 12
8 88 12
8 88 12
8 88 12
8 88 12
8 88 12
8 88 12
8 88 12
8 88 12
8 88 12
8 88 12
8 88 12
8 88 12
8 88 12
8 88 12
8 88 12
8 88 12
8 88 12
8 88 12
8 88 12
8 88 12
8 88 12
8 88 12
8 88 12
8 88 12
8 88 12
8 88 12
28 122 22
28 122 12
28 122 12
28 122 12
28 122 12
29 133 22
29 133 12
29 133 12
29 133 12
29 133 12
29 133 12
29 133 12
29 133 12
29 133 12
29 133 12
29 133 12
29 133 12
29 133 12
29 133 12
29 133 12
29 133 12
29 133 12
29 133 12
29 133 12
29 133 12
29 133 12
29 133 12
29 133 12
29 133 12
29 133 12
29 133 12
29 133 12
29 133 12
29 133 12
29 133 12
29 133 12
29 133 12
29 133 12
29 133 12
29 133 12
29 133 12
29 133 12
29 133 12
29 133 12
29 133 12
29 133 12
29 133 12
29 133 12
29 133 12
29 133 12
29 133 12
29 133 12
29 133 12
29 133 12
29 133 12
29 133 12
29 133 12
29 133 12
29 133 12
29 133 12
29 133 12
29 133 12
29 133 12
29 133 12
29 133 12
29 133 12
29 133 12
29 133 12
29 133 12
29 133 12
29 133 12
29 133 12
29 133 12
29 133 12
29 133 12
28 110 22
28 99 22
28 99 12
28 99 12
28 99 12
28 99 12
28 99 12
28 99 12
28 99 12
0 116 22
0 105 22
0 94 22
0 94 12
0 94 12
0 94 12
0 94 12
0 94 12
0 94 12
0 94 12
0 94 12
0 94 12
0 94 12
0 94 12
0 94 12
0 94 12
0 94 12
0 94 12
0 94 12
0 94 12
0 94 12
0 94 12
0 94 12
0 94 12
0 94 12
0 94 12
0 94 12
0 94 12
0 94 12
0 94 12
0 127 22
0 127 12
0 127 12
0 127 12
0 138 22
0 138 12
0 138 12
0 138 12
0 138 12
0 138 12
0 138 12
0 138 12
0 138 12
0 138 12
38 116 22
37 105 22
47 111 22
47 99 22
47 99 12
47 99 12
37 94 22
37 94 12
37 94 12
37 94 12
37 94 12
37 94 12
37 94 12
37 94 12
37 94 12
37 94 12
37 94 12
37 94 12
37 94 12
37 94 12
37 94 12
37 94 12
37 94 12
37 94 12
37 94 12
37 94 12
37 94 12
37 94 12
37 94 12
37 94 12
37 94 12
37 94 12
37 94 12
37 94 12
37 94 12
37 94 12
37 94 12
37 94 12
37 94 12
37 94 12
37 94 12
37 94 12
37 94 12
37 94 12
37 94 12
37 94 12
37 94 12
37 94 12
37 94 12
37 94 12
37 94 12
37 94 12
37 94 12
37 94 12
37 94 12
37 94 12
37 94 12
37 94 12
37 94 12
37 94 12
37 94 12
37 94 12
37 94 12
37 94 12
37 94 12
37 94 12
37 94 12
37 94 12
37 94 12
57 105 22
57 105 12
57 105 12
57 105 12
57 105 12
57 105 12
56 94 22
56 94 12
56 94 12
56 94 12
56 94 12
56 94 12
56 94 12
56 94 12
56 94 12
56 94 12
56 94 12
56 94 12
56 94 12
56 94 12
56 94 12
56 94 12
56 94 12
56 94 12
56 94 12
56 94 12
56 94 12
56 94 12
56 94 12
56 94 12
56 94 12
56 94 12
56 94 12
56 94 12
56 94 12
56 94 12
56 94 12
56 94 12
56 94 12
56 94 12
56 94 12
56 94 12
56 94 12
56 94 12
56 94 12
56 94 12
56 94 12
56 94 12
56 94 12
56 94 12
56 94 12
56 94 12
56 94 12
56 94 12
56 94 12
56 94 12
56 94 12
56 94 12
56 94 12
56 94 12
56 94 12
56 94 12
56 94 12
56 94 12
56 94 12
56 94 12
56 94 12
56 94 12
56 94 12
56 94 12
56 94 12
56 94 12
56 94 12
56 94 12
123 35 22
123 35 12
123 35 12
123 35 12
123 35 12
123 35 12
123 35 12
123 35 12
123 35 12
123 35 12
123 35 12
123 35 12
123 35 12
123 35 12
123 35 12
123 35 12
123 35 12
123 35 12
123 35 12
123 35 12
123 35 12
123 35 12
123 35 12
123 35 12
123 35 12
123 35 12
123 35 12
123 35 12
123 35 12
123 35 12
123 35 12
123 35 12
123 35 12
123 35 12
114 29 22
104 23 22
104 23 12
104 23 12
57 116 22
57 116 12
66 111 22
66 122 22
66 122 12
66 122 12
66 122 12
66 122 12
66 122 12
66 122 12
66 122 12
66 122 12
66 122 12
66 122 12
66 122 12
66 122 12
66 122 12
66 122 12
66 122 12
66 122 12
66 122 12
66 122 12
66 122 12
66 122 12
66 122 12
66 122 12
66 122 12
66 122 12
66 122 12
66 122 12
66 122 12
66 122 12
66 122 12
66 122 12
66 122 12
66 122 12
66 122 12
66 122 12
66 122 12
66 122 12
66 122 12
66 122 12
66 122 12
66 122 12
66 122 12
66 122 12
66 122 12
66 122 12
66 122 12
66 122 12
66 122 12
66 122 12
66 122 12
66 122 12
66 122 12
66 122 12
66 122 12
66 122 12
66 122 12
66 122 12
66 122 12
66 122 12
66 122 12
66 122 12
66 122 12
66 122 12
66 122 12
66 122 12
66 122 12
66 122 12
66 122 12
66 122 12
66 122 12
47 122 22
57 127 22
57 127 12
57 127 12
57 127 12
57 127 12
57 127 12
57 127 12
57 127 12
57 127 12
57 127 12
57 127 12
57 127 12
57 127 12
57 127 12
57 127 12
57 127 12
57 127 12
57 127 12
57 127 12
57 127 12
57 127 12
57 127 12
57 127 12
57 127 12
57 127 12
57 127 12
57 127 12
57 127 12
57 127 12
57 127 12
57 127 12
57 127 12
57 127 12
57 127 12
57 127 12
57 127 12
57 127 12
57 127 12
57 127 12
57 127 12
57 127 12
57 127 12
57 127 12
57 127 12
57 127 12
57 127 12
57 127 12
57 127 12
57 127 12
57 127 12
57 127 12
57 127 12
57 127 12
57 127 12
57 127 12
57 127 12
57 127 12
57 127 12
57 127 12
57 127 12
57 127 12
57 127 12
57 127 12
57 127 12
57 127 12
57 127 12
57 127 12
57 127 12
57 127 12
57 127 12
57 127 12
57 127 12
57 127 12
57 127 12
57 127 12
57 127 12
57 127 12
57 127 12
57 127 12
57 127 12
57 127 12
38 127 22
38 127 12
38 127 12
38 127 12
38 127 12
38 127 12
38 127 12
38 127 12
38 127 12
38 127 12
38 127 12
38 127 12
38 127 12
38 127 12
38 127 12
38 127 12
38 127 12
38 127 12
38 127 12
38 127 12
38 127 12
76 116 22
85 111 22
76 105 22
85 100 22
85 100 12
85 100 12
85 100 12
85 100 12
85 100 12
85 100 12
85 100 12
85 100 12
85 100 12
85 100 12
85 100 12
85 100 12
85 100 12
85 100 12
85 100 12
85 100 12
85 100 12
85 100 12
85 100 12
85 100 12
85 100 12
85 100 12
85 100 12
85 100 12
85 100 12
85 100 12
85 100 12
85 100 12
85 100 12
85 100 12
85 100 12
85 100 12
85 100 12
85 100 12
85 100 12
85 100 12
85 100 12
85 100 12
85 100 12
85 100 12
85 100 12
85 100 12
85 100 12
85 100 12
85 100 12
85 100 12
85 100 12
85 100 12
85 100 12
85 100 12
85 100 12
85 100 12
85 100 12
85 100 12
85 100 12
85 100 12
85 100 12
85 100 12
85 100 12
85 100 12
85 100 12
85 100 12
85 100 12
85 100 12
85 100 12
85 100 12
85 100 12
85 100 12
85 100 12
85 100 12
85 100 12
85 100 12
85 100 12
85 100 12
85 100 12
85 100 12
85 122 22
95 117 22
95 128 22
95 128 12
95 128 12
95 128 12
95 128 12
95 128 12
95 128 12
95 128 12
95 128 12
95 128 12
95 128 12
95 128 12
95 128 12
95 128 12
95 128 12
95 128 12
95 128 12
95 128 12
95 128 12
95 128 12
123 79 22
123 79 12
123 79 12
123 79 12
123 79 12
123 79 12
123 79 12
123 79 12
123 79 12
123 79 12
123 79 12
123 79 12
123 79 12
123 79 12
123 79 12
123 79 12
123 79 12
123 79 12
123 79 12
123 79 12
123 79 12
123 79 12
123 79 12
123 79 12
123 79 12
123 79 12
123 79 12
123 79 12
123 79 12
123 79 12
104 122 22
104 122 12
104 122 12
104 122 12
152 117 22
152 117 12
152 117 12
152 117 12
152 117 12
152 117 12
152 117 12
152 117 12
152 117 12
152 117 12
152 117 12
152 117 12
152 117 12
152 117 12
152 117 12
152 117 12
152 117 12
152 117 12
152 117 12
152 117 12
152 117 12
152 117 12
152 117 12
152 117 12
152 117 12
152 117 12
152 117 12
152 117 12
152 117 12
152 117 12
152 117 12
152 117 12
152 117 12
152 117 12
152 117 12
152 117 12
152 117 12
152 117 12
152 117 12
152 117 12
152 117 12
152 117 12
152 117 12
152 117 12
152 117 12
152 117 12
152 117 12
114 74 22
114 74 12
114 74 12
114 74 12
114 74 12
114 74 12
114 74 12
114 74 12
114 74 12
114 74 12
114 74 12
114 74 12
114 74 12
114 74 12
114 74 12
114 74 12
114 74 12
114 74 12
114 74 12
114 74 12
114 74 12
114 74 12
114 74 12
114 74 12
114 63 22
114 63 12
114 63 12
114 63 12
114 63 12
114 63 12
114 63 12
114 63 12
114 63 12
114 63 12
114 63 12
114 63 12
114 63 12
114 63 12
114 63 12
114 63 12
114 63 12
114 63 12
114 63 12
114 63 12
114 63 12
114 63 12
114 63 12
114 63 12
114 63 12
114 63 12
114 63 12
114 63 12
114 63 12
114 63 12
114 63 12
114 63 12
114 63 12
114 63 12
114 63 12
114 63 12
114 63 12
114 63 12
114 63 12
114 63 12
114 63 12
114 63 12
114 63 12
114 63 12
114 63 12
114 63 12
114 63 12
114 63 12
114 63 12
114 63 12
114 63 12
114 63 12
114 63 12
114 63 12
114 63 12
114 63 12
114 63 12
114 63 12
114 63 12
114 63 12
114 63 12
114 63 12
114 63 12
114 63 12
114 63 12
114 63 12
114 63 12
114 63 12
114 63 12
114 63 12
114 63 12
114 63 12
114 63 12
114 63 12
114 63 12
104 133 22
104 133 12
104 133 12
104 133 12
104 133 12
104 133 12
104 133 12
104 133 12
104 133 12
104 133 12
104 133 12
104 133 12
104 133 12
104 133 12
104 133 12
104 133 12
104 133 12
104 133 12
104 133 12
104 133 12
104 133 12
104 133 12
104 133 12
104 133 12
104 133 12
104 133 12
104 133 12
104 133 12
114 17 22
114 17 12
123 23 22
123 23 12
123 23 12
123 23 12
123 23 12
123 23 12
123 23 12
123 23 12
123 23 12
123 23 12
123 23 12
123 23 12
123 23 12
123 23 12
123 23 12
123 23 12
123 23 12
123 23 12
123 23 12
123 23 12
123 23 12
123 23 12
123 23 12
123 23 12
123 23 12
123 23 12
123 23 12
104 12 22
104 12 12
104 12 12
104 12 12
104 12 12
104 12 12
104 12 12
104 12 12
104 12 12
104 12 12
104 12 12
104 12 12
104 12 12
104 12 12
104 12 12
104 12 12
104 12 12
104 12 12
104 12 12
104 12 12
104 12 12
104 12 12
104 12 12
104 12 12
104 12 12
104 12 12
104 12 12
104 12 12
104 12 12
104 12 12
104 12 12
104 12 12
104 12 12
104 12 12
104 12 12
104 12 12
104 12 12
104 12 12
104 12 12
104 12 12
104 12 12
104 12 12
104 12 12
104 12 12
104 12 12
104 12 12
104 12 12
104 12 12
104 12 12
104 12 12
104 12 12
104 12 12
104 12 12
104 12 12
104 12 12
104 12 12
104 12 12
104 12 12
104 12 12
104 12 12
114 128 22
114 128 12
114 128 12
114 128 12
123 12 22
123 12 12
123 12 12
123 12 12
123 12 12
123 12 12
123 12 12
123 12 12
123 12 12
123 12 12
123 12 12
123 12 12
123 12 12
123 12 12
123 12 12
114 6 22
114 6 12
114 6 12
114 6 12
114 6 12
114 6 12
114 6 12
114 6 12
114 6 12
114 6 12
114 6 12
114 6 12
114 6 12
114 6 12
114 6 12
114 6 12
114 6 12
114 6 12
114 6 12
114 6 12
114 6 12
114 6 12
114 6 12
114 6 12
114 6 12
114 6 12
114 6 12
114 6 12
114 6 12
114 6 12
114 6 12
114 6 12
114 6 12
114 6 12
114 6 12
114 6 12
114 6 12
114 6 12
114 6 12
114 6 12
114 6 12
114 6 12
114 6 12
114 6 12
114 6 12
114 6 12
114 6 12
114 6 12
114 6 12
114 6 12
114 6 12
114 6 12
114 6 12
114 6 12
114 6 12
114 6 12
114 6 12
114 6 12
114 6 12
114 6 12
114 6 12
114 6 12
114 6 12
114 6 12
114 6 12
114 6 12
114 6 12
114 6 12
114 6 12
114 6 12
114 6 12
114 6 12
114 6 12
114 6 12
114 6 12
114 6 12
114 6 12
114 6 12
114 6 12
114 6 12
114 6 12
114 6 12
114 6 12
114 6 12
114 6 12
94 17 22
94 17 12
94 17 12
94 17 12
94 17 12
94 17 12
94 17 12
94 17 12
94 17 12
94 17 12
94 17 12
94 17 12
94 17 12
104 46 22
104 46 12
104 46 12
104 46 12
104 46 12
104 46 12
104 46 12
114 139 22
114 139 12
114 139 12
114 139 12
114 139 12
114 139 12
114 139 12
114 139 12
114 139 12
114 139 12
123 133 22
123 133 12
123 133 12
123 133 12
123 133 12
123 133 12
123 133 12
123 133 12
123 144 22
133 139 22
133 149 22
142 144 22
142 144 12
142 144 12
142 155 22
142 155 12
142 155 12
142 155 12
142 155 12
142 155 12
142 155 12
142 155 12
142 155 12
142 155 12
142 155 12
142 155 12
142 155 12
142 155 12
142 155 12
142 155 12
142 155 12
142 155 12
142 155 12
142 155 12
142 155 12
142 155 12
142 155 12
142 155 12
142 155 12
142 155 12
142 155 12
142 155 12
142 155 12
142 155 12
142 155 12
142 155 12
142 155 12
142 155 12
142 155 12
142 155 12
142 155 12
142 155 12
142 155 12
142 155 12
142 155 12
142 155 12
142 155 12
142 155 12
142 155 12
142 155 12
142 155 12
142 155 12
142 155 12
142 155 12
142 155 12
142 155 12
142 155 12
142 155 12
142 155 12
142 155 12
142 155 12
142 155 12
142 155 12
142 155 12
142 155 12
142 155 12
142 155 12
142 155 12
142 155 12
142 155 12
142 155 12
142 155 12
142 155 12
142 155 12
142 155 12
142 155 12
142 155 12
142 155 12
142 155 12
142 155 12
142 155 12
142 155 12
142 155 12
142 155 12
142 155 12
142 155 12
142 155 12
142 155 12
142 155 12
142 155 12
142 155 12
142 155 12
142 133 22
152 128 22
152 128 12
152 128 12
152 128 12
152 128 12
152 128 12
133 62 15
134 62 15
135 62 15
136 62 15
137 62 15
137 63 15
138 63 15
138 63 12
139 63 15
139 63 12
140 63 15
140 63 12
140 64 15
140 64 12
140 64 12
141 64 15
141 64 12
141 64 12
142 64 15
142 64 12
142 64 12
142 64 12
143 64 15
143 64 12
143 64 12
143 64 12
143 65 15
143 65 12
143 65 12
143 65 12
143 65 12
144 65 15
144 65 12
144 65 12
144 65 12
144 65 12
145 65 15
145 65 12
145 65 12
145 65 12
145 65 12
146 65 15
146 65 12
146 65 12
146 65 12
146 65 12
147 65 15
147 65 12
147 65 12
147 65 12
147 66 15
147 66 12
147 66 12
147 66 12
147 66 12
148 66 15
148 66 12
148 66 12
148 66 12
149 66 15
149 66 12
149 66 12
149 66 12
150 66 15
150 66 12
150 66 12
150 66 12
151 66 15
151 66 12
151 66 12
151 66 12
151 67 15
151 67 12
151 67 12
151 67 12
152 67 15
152 67 12
152 67 12
152 67 12
152 68 15
152 68 12
152 68 12
152 69 15
152 69 12
152 70 15
152 70 12
152 71 15
152 71 12
152 72 15
152 72 12
152 73 15
153 74 15
153 75 15
153 76 15
153 77 15
153 78 15
153 79 15
153 80 15
153 81 15
153 82 15
153 83 15
153 84 15
153 85 15
153 86 15
153 87 15
153 88 15
153 89 25
153 90 36
153 91 43
152 91 47
152 92 44
152 93 39
152 94 29
152 96 15
152 97 15
152 98 15
152 99 15
152 100 15
152 101 15
152 102 15
152 103 15
152 104 15
152 105 15
134 139 15
135 139 15
136 139 15
137 139 15
137 138 15
138 138 15
139 138 15
140 138 15
141 138 15
142 138 15
142 137 15
142 136 15
142 135 15
142 134 15
143 133 15
144 133 15
145 133 15
145 132 15
146 132 15
147 132 15
147 132 12
148 132 15
148 132 12
149 132 15
149 132 12
150 132 15
150 132 12
150 132 12
151 132 15
151 132 12
151 132 12
151 132 12
152 132 15
152 132 12
152 132 12
152 132 12
152 132 12
152 131 15
152 131 12
152 131 12
152 131 12
152 130 15
152 130 12
152 130 12
152 130 12
152 129 30
152 129 12
152 129 12
152 129 12
153 128 108
154 128 153
154 127 190
154 126 232
154 126 12
155 126 269
155 126 12
155 125 304
155 125 12
155 125 12
155 125 12
155 125 12
155 125 12
155 125 12
155 125 12
155 125 12
155 125 12
155 124 338
155 124 12
155 124 12
155 124 12
155 124 12
155 124 12
155 124 12
155 124 12
155 124 12
155 124 12
155 124 12
155 124 12
155 124 12
155 124 12
155 124 12
155 124 12
155 124 12
155 124 12
155 124 12
155 124 12
156 124 365
156 124 12
156 124 12
156 124 12
156 124 12
156 124 12
156 124 12
156 124 12
156 124 12
156 124 12
156 124 12
156 124 12
156 124 12
156 124 12
156 124 12
156 124 12
156 124 12
156 124 12
156 124 12
156 124 12
156 124 12
156 123 387
156 123 12
156 123 12
156 123 12
156 123 12
156 123 12
156 123 12
156 123 12
156 123 12
156 123 12
156 123 12
156 123 12
156 123 12
156 123 12
156 123 12
156 123 12
156 123 12
156 123 12
156 123 12
156 123 12
156 123 12
156 123 12
156 123 12
156 123 12
156 123 12
156 123 12
156 123 12
156 123 12
156 123 12
156 123 12
156 123 12
156 123 12
156 123 12
156 122 404
156 122 12
156 122 12
156 122 12
156 122 12
156 122 12
156 122 12
156 122 12
156 122 12
156 122 12
156 122 12
156 122 12
156 122 12
156 122 12
156 122 12
156 122 12
156 122 12
156 122 12
156 122 12
156 122 12
156 122 12
156 122 12
156 122 12
156 122 12
156 122 12
156 122 12
156 122 12
156 122 12
156 122 12
156 122 12
156 122 12
156 122 12
156 122 12
156 122 12
156 122 12
156 122 12
156 122 12
156 122 12
156 122 12
156 122 12
156 122 12
156 122 12
156 121 414
156 121 12
156 121 12
156 121 12
156 121 12
156 121 12
156 121 12
156 121 12
156 121 12
156 121 12
156 121 12
156 121 12
156 121 12
156 121 12
156 121 12
156 121 12
156 121 12
156 121 12
156 121 12
156 121 12
156 121 12
156 121 12
156 121 12
156 121 12
156 121 12
156 121 12
156 121 12
156 121 12
156 121 12
156 121 12
156 121 12
156 121 12
156 121 12
156 121 12
156 121 12
156 121 12
156 121 12
156 121 12
156 121 12
156 121 12
156 121 12
156 121 12
156 121 12
156 121 12
156 121 12
156 121 12
156 121 12
156 120 415
156 120 12
156 120 12
156 120 12
156 120 12
156 120 12
156 120 12
156 120 12
156 120 12
156 120 12
156 120 12
156 120 12
156 120 12
156 120 12
156 120 12
156 120 12
156 120 12
156 120 12
156 120 12
156 120 12
156 120 12
156 120 12
156 120 12
156 120 12
156 120 12
156 120 12
156 120 12
156 120 12
156 120 12
156 120 12
156 120 12
156 120 12
156 120 12
156 120 12
156 120 12
156 120 12
156 120 12
156 120 12
156 120 12
156 120 12
156 120 12
156 120 12
156 120 12
156 120 12
156 120 12
156 120 12
156 120 12
156 119 407
156 119 12
156 119 12
156 119 12
156 119 12
156 119 12
156 119 12
156 119 12
156 119 12
156 119 12
156 119 12
156 119 12
156 119 12
156 119 12
156 119 12
156 119 12
156 119 12
156 119 12
156 119 12
156 119 12
156 119 12
156 119 12
156 119 12
156 119 12
156 119 12
156 119 12
156 119 12
156 119 12
156 119 12
156 119 12
156 119 12
156 119 12
156 119 12
156 119 12
156 119 12
156 119 12
156 119 12
156 119 12
156 119 12
156 119 12
156 119 12
156 118 389
156 118 12
156 118 12
156 118 12
156 118 12
156 118 12
156 118 12
156 118 12
156 118 12
156 118 12
156 118 12
156 118 12
156 118 12
156 118 12
156 118 12
156 118 12
156 118 12
156 118 12
156 118 12
156 118 12
156 118 12
156 118 12
156 118 12
156 118 12
156 118 12
156 118 12
156 118 12
156 118 12
156 118 12
156 118 12
156 118 12
156 118 12
156 117 362
156 117 12
156 117 12
156 117 12
156 117 12
156 117 12
156 117 12
156 117 12
156 117 12
156 117 12
156 117 12
156 117 12
156 117 12
156 117 12
156 117 12
156 117 12
156 117 12
156 117 12
156 117 12
156 117 12
156 117 12
156 116 325
156 116 12
156 116 12
156 116 12
156 116 12
156 116 12
156 116 12
156 116 12
156 116 12
156 116 12
156 116 12
156 115 280
156 115 12
156 115 12
156 114 230
156 113 176
156 112 121
156 111 68
156 110 19
156 110 12
156 110 12
156 109 15
156 109 12
156 108 15
156 108 12
155 108 15
155 108 12
155 107 15
155 107 12
154 107 15
154 107 12
154 106 15
154 106 12
153 106 15
133 140 15
132 140 15
131 140 15
130 140 15
129 140 15
128 140 15
127 140 15
126 140 15
125 140 15
124 140 15
123 140 15
122 140 15
122 140 12
122 139 15
122 139 12
122 138 15
122 138 12
121 138 15
121 138 12
121 138 12
120 138 15
120 138 12
120 138 12
120 138 12
120 137 15
120 137 12
120 137 12
120 137 12
120 137 12
119 137 15
119 137 12
119 137 12
119 137 12
119 137 12
119 137 12
118 137 15
118 137 12
118 137 12
118 137 12
118 137 12
118 137 12
118 137 12
118 137 12
117 137 15
117 137 12
117 137 12
117 137 12
117 137 12
117 137 12
117 137 12
117 137 12
117 137 12
117 137 12
117 136 15
117 136 12
117 136 12
117 136 12
117 136 12
117 136 12
117 136 12
117 136 12
117 136 12
117 136 12
117 136 12
116 136 15
116 136 12
116 136 12
116 136 12
116 136 12
116 136 12
116 136 12
116 136 12
116 136 12
116 136 12
116 136 12
116 136 12
115 136 15
115 136 12
115 136 12
115 136 12
115 136 12
115 136 12
115 136 12
115 136 12
115 136 12
115 136 12
115 136 12
115 136 12
115 136 12
114 136 15
114 136 12
114 136 12
114 136 12
114 136 12
114 136 12
114 136 12
114 136 12
114 136 12
114 136 12
114 136 12
114 136 12
114 136 12
114 135 15
114 135 12
114 135 12
114 135 12
114 135 12
114 135 12
114 135 12
114 135 12
114 135 12
114 135 12
114 135 12
114 135 12
114 135 12
113 135 15
113 135 12
113 135 12
113 135 12
113 135 12
113 135 12
113 135 12
113 135 12
113 135 12
113 135 12
113 135 12
113 135 12
113 135 12
113 135 12
113 134 15
113 134 12
113 134 12
113 134 12
113 134 12
113 134 12
113 134 12
113 134 12
113 134 12
113 134 12
113 134 12
113 134 12
113 134 12
112 134 15
112 134 12
112 134 12
112 134 12
112 134 12
112 134 12
112 134 12
112 134 12
112 134 12
112 134 12
112 134 12
112 134 12
112 134 12
112 133 15
112 133 12
112 133 12
112 133 12
112 133 12
112 133 12
112 133 12
112 133 12
112 133 12
112 133 12
112 133 12
111 133 15
111 133 12
111 133 12
111 133 12
111 133 12
111 133 12
111 133 12
111 133 12
111 133 12
111 133 12
111 133 12
111 133 12
111 132 15
111 132 12
111 132 12
111 132 12
111 132 12
111 132 12
111 132 12
111 132 12
111 132 12
111 132 12
111 131 15
111 131 12
111 131 12
111 131 12
111 131 12
111 131 12
111 131 12
111 131 12
111 130 15
111 130 12
111 130 12
111 130 12
111 130 12
111 130 12
110 130 15
110 130 12
110 130 12
110 130 12
110 130 12
110 130 12
110 129 15
110 129 12
110 129 12
110 129 12
110 129 12
109 129 15
109 129 12
109 129 12
109 129 12
109 129 12
109 129 12
109 128 15
109 128 12
109 128 12
109 128 12
108 128 17
108 128 12
108 128 12
108 128 12
108 128 12
108 127 21
108 127 12
108 127 12
108 127 12
107 127 19
107 127 12
107 127 12
107 127 12
107 127 12
106 127 19
106 127 12
106 127 12
106 127 12
106 127 12
106 127 12
106 127 12
106 127 12
106 126 17
106 126 12
106 126 12
106 126 12
106 126 12
106 126 12
105 126 15
105 126 12
105 126 12
105 126 12
105 126 12
105 126 12
105 126 12
105 126 12
105 126 12
105 126 12
104 126 15
104 126 12
104 126 12
104 126 12
104 126 12
104 126 12
104 126 12
104 126 12
104 126 12
104 126 12
104 126 12
104 126 12
104 126 12
104 126 12
104 126 12
103 126 15
103 126 12
103 126 12
103 126 12
103 126 12
103 126 12
103 126 12
103 126 12
103 126 12
103 126 12
103 126 12
103 126 12
103 126 12
103 126 12
103 126 12
103 126 12
103 126 12
103 126 12
103 126 12
103 126 12
103 126 12
103 125 15
103 125 12
103 125 12
103 125 12
103 125 12
103 125 12
103 125 12
103 125 12
103 125 12
103 125 12
103 125 12
103 125 12
103 125 12
103 125 12
103 125 12
103 125 12
103 124 15
103 124 12
103 124 12
103 124 12
103 124 12
103 124 12
103 124 12
103 124 12
103 124 12
103 124 12
103 124 12
103 124 12
103 124 12
102 124 15
102 124 12
102 124 12
102 124 12
102 124 12
102 124 12
102 124 12
102 124 12
102 124 12
102 124 12
102 124 12
102 124 12
102 124 12
102 124 12
102 124 12
102 124 12
102 124 12
101 124 15
101 124 12
101 124 12
101 124 12
101 124 12
101 124 12
101 124 12
101 124 12
101 124 12
101 124 12
101 124 12
101 124 12
101 124 12
101 124 12
101 124 12
101 124 12
101 124 12
101 124 12
101 124 12
101 124 12
101 123 15
101 123 12
101 123 12
101 123 12
101 123 12
101 123 12
101 123 12
101 123 12
101 123 12
101 123 12
101 123 12
101 123 12
101 123 12
101 123 12
101 122 15
101 122 12
101 122 12
101 122 12
101 122 12
101 122 12
101 122 12
101 122 12
101 122 12
101 121 15
101 121 12
101 121 12
101 121 12
101 121 12
100 121 15
100 121 12
100 121 12
100 121 12
100 121 12
100 121 12
99 121 15
99 121 12
99 121 12
99 121 12
99 121 12
99 121 12
99 120 15
99 120 12
99 120 12
98 120 15
98 120 12
98 120 12
98 119 15
98 119 12
97 119 15
97 119 12
96 119 15
96 119 12
96 118 15
95 118 15
94 117 15
93 117 15
92 117 15
91 117 15
91 116 15
91 115 15
90 115 15
89 115 15
89 114 15
88 114 15
87 114 15
86 114 15
86 113 15
86 112 15
85 112 15
84 111 15
83 111 15
82 111 15
81 111 15
80 111 15
79 111 15
78 111 15
77 111 15
76 111 15
75 111 15
74 111 15
73 111 15
72 111 15
71 111 15
70 111 15
69 111 15
68 111 15
67 111 15
65 111 15
64 111 15
64 112 15
64 112 12
63 112 15
63 112 12
62 112 15
62 112 12
62 113 15
62 113 12
61 113 15
61 113 12
60 113 15
60 113 12
60 114 15
60 114 12
60 114 12
59 114 15
59 114 12
59 114 12
58 114 15
58 114 12
58 114 12
58 115 15
58 115 12
58 115 12
57 115 15
57 115 12
56 116 17
56 116 12
55 116 15
55 116 12
54 116 15
54 116 12
53 116 15
52 116 15
51 116 15
50 116 15
49 116 20
49 117 23
48 117 17
47 117 15
47 118 15
47 119 15
46 119 15
46 120 15
45 120 15
44 120 15
43 120 15
42 120 15
41 120 15
41 120 12
40 120 15
40 120 12
39 120 15
39 120 12
38 120 15
38 120 12
38 120 12
37 120 15
37 120 12
37 120 12
37 120 12
36 120 15
36 120 12
36 120 12
36 120 12
35 120 15
35 120 12
35 120 12
35 120 12
35 120 12
34 120 15
34 120 12
34 120 12
34 120 12
34 120 12
33 120 15
33 120 12
33 120 12
33 120 12
33 120 12
33 120 12
32 120 15
32 120 12
32 120 12
32 120 12
32 120 12
32 120 12
31 120 15
31 120 12
31 120 12
31 120 12
31 120 12
30 120 15
30 120 12
30 120 12
30 120 12
30 120 12
29 120 15
29 120 12
29 120 12
29 120 12
28 120 15
28 120 12
28 120 12
27 120 15
27 120 12
27 121 15
27 121 12
27 121 12
26 121 15
26 121 12
26 121 12
25 121 15
25 121 12
24 121 15
24 121 12
23 121 15
23 121 12
23 122 15
23 122 12
22 122 15
22 122 12
21 122 15
21 123 15
21 123 12
20 123 15
20 124 15
20 124 12
19 124 15
19 125 15
19 126 15
19 126 12
18 127 15
17 127 15
17 128 15
17 129 15
17 130 15
17 130 12
17 131 15
17 131 12
17 132 15
17 132 12
17 133 15
17 133 12
17 133 12
17 134 15
17 134 12
17 134 12
17 135 15
17 135 12
17 135 12
17 136 15
17 136 12
17 136 12
17 137 15
17 137 12
18 137 15
18 137 12
18 137 12
18 138 15
18 138 12
19 139 15
19 139 12
19 140 15
19 140 12
19 141 15
19 142 15
19 143 15
19 144 15
19 145 15
19 146 15
19 147 15
19 148 15
19 150 39
19 151 62
20 151 80
20 152 90
20 153 99
20 154 106
20 155 110
21 155 107
21 156 100
21 156 12
21 156 12
21 156 12
21 157 91
21 157 12
21 157 12
21 157 12
21 157 12
21 157 12
21 158 80
21 158 12
21 158 12
21 158 12
21 158 12
21 158 12
21 158 12
21 158 12
21 158 12
21 159 67
21 159 12
21 159 12
21 159 12
21 159 12
21 159 12
21 159 12
21 159 12
21 159 12
21 159 12
21 159 12
21 160 54
21 160 12
21 160 12
21 160 12
21 160 12
21 160 12
21 160 12
21 160 12
21 160 12
21 160 12
21 160 12
22 160 39
22 160 12
22 160 12
22 160 12
22 160 12
22 160 12
22 160 12
22 160 12
22 160 12
22 160 12
22 160 12
22 160 12
22 160 12
22 160 12
22 160 12
22 161 22
22 161 12
22 161 12
22 161 12
22 161 12
22 161 12
22 161 12
22 161 12
22 161 12
22 161 12
22 161 12
22 161 12
22 161 12
22 161 12
22 162 15
22 162 12
22 162 12
22 162 12
22 162 12
22 162 12
22 162 12
22 162 12
22 162 12
22 162 12
22 162 12
22 162 12
22 162 12
22 163 15
22 163 12
22 163 12
22 163 12
22 163 12
22 163 12
22 163 12
22 163 12
22 163 12
22 163 12
22 163 12
22 164 15
22 164 12
22 164 12
22 164 12
22 164 12
22 164 12
22 164 12
22 164 12
22 164 12
23 164 15
23 164 12
23 164 12
23 164 12
23 164 12
23 164 12
23 164 12
23 164 12
23 164 12
23 165 15
23 165 12
23 165 12
23 165 12
23 165 12
23 165 12
23 165 12
23 165 12
23 166 15
23 166 12
23 166 12
23 166 12
23 166 12
23 166 12
23 167 15
23 167 12
23 167 12
23 167 12
23 167 12
23 167 12
23 168 15
23 168 12
23 168 12
23 168 12
23 168 12
23 169 15
23 169 12
23 169 12
23 169 12
23 169 12
23 170 15
23 170 12
23 170 12
23 170 12
23 171 15
23 171 12
23 171 12
23 171 12
24 171 15
24 171 12
24 171 12
25 171 15
25 171 12
25 171 12
25 172 15
25 172 12
26 172 15
26 172 12
27 172 15
27 172 12
28 172 15
28 172 12
28 173 15
29 173 15
29 174 15
29 175 15
29 176 15
132 63 15
131 63 15
130 63 15
130 62 15
130 61 15
130 60 15
130 59 15
130 58 15
130 57 15
129 57 15
128 57 15
127 57 15
126 57 15
125 57 15
124 57 15
123 56 15
123 55 15
123 54 15
123 53 15
123 52 15
123 51 15
123 51 12
123 50 15
123 50 12
123 49 15
123 49 12
123 48 15
123 48 12
123 47 15
123 47 12
122 46 52
122 45 79
121 45 102
121 44 118
121 43 136
120 43 144
120 42 152
119 42 154
119 41 154
118 41 151
118 40 145
117 40 135
116 40 126
115 40 115
113 40 83
113 40 12
113 40 12
113 40 12
112 40 61
112 40 12
112 40 12
112 40 12
112 40 12
111 40 36
111 40 12
111 40 12
111 40 12
111 40 12
111 40 12
111 40 12
110 40 15
110 40 12
110 40 12
110 40 12
110 40 12
110 40 12
110 40 12
110 40 12
109 40 15
109 40 12
109 40 12
109 40 12
109 40 12
109 40 12
109 40 12
108 40 15
108 40 12
108 40 12
108 40 12
108 40 12
107 40 15
107 40 12
107 40 12
107 40 12
106 40 15
106 40 12
106 40 12
105 40 15
105 40 12
104 40 15
104 40 12
103 40 15
102 40 15
101 40 15
100 40 15
99 40 15
98 40 15
97 40 15
96 40 15
95 40 15
94 39 15
94 38 15
94 37 15
94 36 15
93 36 15
92 36 15
91 36 15
90 36 15
89 36 15
88 36 15
87 36 15
86 36 15
85 36 15
84 36 19
83 36 40
82 36 62
81 36 83
80 36 102
79 36 118
78 36 128
77 36 132
76 36 129
75 36 119
75 36 12
75 36 12
74 36 101
74 36 12
74 36 12
74 36 12
74 36 12
74 36 12
74 36 12
73 36 78
73 36 12
73 36 12
73 36 12
73 36 12
73 36 12
73 36 12
73 36 12
73 36 12
73 36 12
73 36 12
72 36 49
72 36 12
72 36 12
72 36 12
72 36 12
72 36 12
72 36 12
72 36 12
72 36 12
72 36 12
72 36 12
72 36 12
72 36 12
72 36 12
71 36 16
71 36 12
71 36 12
71 36 12
71 36 12
71 36 12
71 36 12
71 36 12
71 36 12
71 36 12
71 36 12
71 36 12
71 36 12
71 36 12
71 36 12
71 36 12
70 36 15
70 36 12
70 36 12
70 36 12
70 36 12
70 36 12
70 36 12
70 36 12
70 36 12
70 36 12
70 36 12
70 36 12
70 36 12
70 36 12
69 36 15
69 36 12
69 36 12
69 36 12
69 36 12
69 36 12
69 36 12
69 36 12
69 36 12
69 36 12
69 36 12
69 36 12
68 36 15
68 36 12
68 36 12
68 36 12
68 36 12
68 36 12
68 36 12
68 36 12
68 36 12
68 36 12
68 37 15
68 37 12
68 37 12
68 37 12
68 37 12
68 37 12
68 37 12
68 37 12
68 37 12
68 37 12
67 37 15
67 37 12
67 37 12
67 37 12
67 37 12
67 37 12
67 37 12
67 37 12
66 37 15
66 37 12
66 37 12
66 37 12
66 37 12
66 37 12
66 38 15
66 38 12
66 38 12
66 38 12
66 38 12
66 38 12
65 38 15
65 38 12
65 38 12
65 38 12
65 38 12
64 38 15
64 38 12
64 38 12
64 38 12
63 38 15
63 38 12
63 38 12
63 38 12
62 38 15
62 38 12
62 38 12
61 38 15
61 38 12
61 38 12
60 38 15
60 38 12
60 38 12
59 38 15
59 38 12
58 38 15
58 38 12
57 38 15
57 38 12
56 38 15
56 38 12
54 38 52
53 38 86
52 38 118
51 38 145
50 38 169
49 38 189
48 38 206
47 38 218
46 38 227
45 38 232
44 38 233
44 38 12
43 38 229
43 38 12
43 38 12
42 38 221
42 38 12
41 38 208
40 38 190
39 38 167
38 38 140
37 38 108
36 38 75
34 38 15
34 38 12
34 38 12
33 38 15
33 38 12
33 38 12
32 38 15
32 38 12
32 38 12
32 37 15
32 37 12
32 37 12
31 37 15
31 37 12
31 37 12
30 37 15
30 37 12
30 37 12
30 36 15
30 36 12
30 36 12
30 35 19
30 35 12
30 35 12
30 34 21
30 34 12
30 33 15
30 33 12
30 33 12
30 32 15
30 32 12
29 32 15
29 32 12
28 32 15
28 32 12
27 32 15
27 32 12
27 32 12
26 32 15
26 32 12
26 32 12
