120 52 106
22 42 106
87 152 106
0 23 106
29 88 106
189 86 106
157 0 106
50 139 106
160 145 106
102 101 106
137 98 106
11 32 106
10 20 106
21 28 106
29 97 106
110 105 106
102 111 106
39 93 106
39 84 106
31 36 106
128 104 106
119 99 106
119 99 96
119 99 96
119 99 96
119 99 96
119 99 96
119 99 96
119 99 96
138 110 106
119 111 106
129 116 106
129 116 96
129 116 96
111 117 106
111 117 96
59 134 106
59 134 96
59 134 96
59 134 96
59 134 96
78 157 106
78 146 106
69 151 106
60 145 106
60 145 96
60 145 96
60 145 96
111 47 106
111 47 96
111 47 96
111 47 96
111 47 96
148 5 106
157 11 106
157 11 96
157 11 96
157 11 96
157 11 96
179 90 106
179 79 106
120 41 106
129 46 106
189 74 106
30 79 106
40 75 106
40 75 96
40 75 96
40 75 96
40 75 96
39 103 106
39 103 96
39 103 96
39 103 96
39 103 96
39 103 96
39 103 96
39 103 96
39 103 96
39 103 96
30 69 106
30 69 96
30 69 96
30 69 96
30 69 96
30 69 96
69 140 106
69 140 96
129 57 106
138 52 106
148 15 106
148 15 96
148 15 96
148 15 96
148 15 96
148 15 96
148 15 96
148 15 96
148 15 96
148 15 96
148 15 96
148 15 96
167 6 106
167 6 96
167 6 96
167 6 96
167 6 96
167 6 96
167 6 96
167 6 96
167 6 96
167 6 96
167 6 96
167 6 96
138 63 106
148 58 106
31 48 106
199 81 106
199 69 106
87 163 106
96 158 106
21 52 106
21 52 96
21 52 96
31 59 106
31 59 96
138 0 106
129 4 106
129 4 96
129 4 96
168 84 106
168 95 106
147 70 106
158 77 106
120 0 106
120 9 106
120 9 96
120 9 96
120 9 96
120 9 96
120 9 96
120 9 96
120 9 96
120 9 96
157 88 106
147 93 106
112 4 106
103 0 106
103 10 106
103 10 96
103 10 96
103 10 96
103 10 96
96 169 106
105 164 106
105 175 106
114 170 106
114 170 96
114 170 96
114 170 96
114 170 96
114 170 96
114 170 96
114 170 96
94 5 106
94 5 96
94 5 96
94 5 96
94 5 96
94 5 96
94 5 96
147 81 106
147 81 96
78 136 106
87 141 106
86 131 106
95 137 106
95 137 96
95 137 96
96 147 106
96 147 96
96 147 96
96 147 96
96 147 96
96 147 96
96 147 96
95 127 106
103 122 106
40 65 106
40 65 96
41 55 106
112 15 106
112 15 96
112 15 96
112 15 96
112 15 96
112 25 106
112 25 96
111 36 106
111 36 96
111 36 96
111 36 96
111 36 96
111 36 96
41 43 106
41 31 106
41 31 96
31 24 106
11 45 106
11 45 96
11 45 96
11 45 96
11 45 96
11 45 96
11 45 96
11 45 96
11 45 96
11 45 96
40 19 106
40 19 96
40 19 96
40 19 96
40 19 96
40 19 96
40 19 96
40 19 96
40 19 96
40 19 96
40 19 96
51 38 106
51 38 96
51 38 96
51 49 106
50 60 106
59 55 106
59 55 96
59 55 96
59 55 96
59 55 96
59 55 96
59 55 96
49 70 106
49 80 106
48 89 106
48 89 96
58 75 106
58 75 96
58 85 106
59 65 106
59 65 96
59 65 96
59 65 96
59 65 96
59 65 96
20 16 106
67 80 106
67 80 96
67 90 106
76 85 106
76 85 96
76 85 96
76 85 96
76 85 96
76 85 96
76 85 96
76 85 96
58 95 106
67 100 106
58 104 106
67 110 106
58 114 106
59 124 106
59 124 96
59 124 96
59 124 96
59 124 96
59 124 96
102 102 24
102 103 15
103 103 15
103 103 96
104 103 15
104 103 96
104 104 15
104 104 96
104 105 15
104 106 15
104 107 15
104 108 15
104 109 15
104 110 15
104 111 15
104 112 15
104 113 15
104 114 18
104 115 35
104 116 50
104 117 60
104 118 68
104 119 73
104 120 78
103 120 81
103 121 77
102 122 73
102 123 64
102 123 96
102 124 59
102 124 96
101 124 52
101 124 96
101 125 43
101 125 96
100 125 39
100 125 96
100 126 28
100 126 96
99 126 25
99 126 96
99 127 15
99 127 96
98 127 15
98 127 96
98 128 15
98 128 96
98 129 15
98 129 96
97 129 15
97 129 96
96 129 15
96 129 96
96 130 15
96 130 96
95 130 15
95 130 96
95 131 15
95 131 96
95 132 15
95 132 96
94 132 15
94 132 96
94 133 15
94 133 96
94 134 15
94 134 96
93 134 15
93 134 96
93 135 15
93 135 96
92 135 15
92 135 96
92 136 15
92 136 96
91 136 15
91 136 96
90 136 15
90 136 96
89 136 15
89 136 96
89 137 15
89 137 96
89 138 15
89 138 96
88 138 15
88 138 96
88 139 15
88 139 96
87 139 15
87 139 96
86 139 15
86 139 96
85 139 15
85 139 96
84 139 15
84 139 96
83 139 15
83 140 15
82 140 15
82 141 15
81 141 15
80 141 15
79 141 15
78 141 24
78 142 29
78 143 36
78 144 40
78 145 43
77 146 34
76 146 27
75 146 20
74 146 15
74 146 96
73 146 15
73 146 96
72 146 15
72 146 96
71 146 20
71 146 96
71 145 31
71 145 96
70 145 42
70 144 56
70 143 73
69 143 90
69 142 111
69 141 136
68 140 188
68 140 96
67 140 212
67 140 96
66 140 235
66 140 96
66 140 96
65 140 256
65 140 96
65 140 96
65 140 96
64 140 275
64 140 96
64 140 96
64 140 96
64 140 96
63 140 288
63 140 96
63 140 96
63 140 96
63 140 96
63 140 96
62 140 296
62 140 96
62 140 96
62 140 96
62 140 96
62 140 96
61 140 297
61 140 96
61 140 96
61 140 96
61 140 96
60 140 291
60 140 96
60 140 96
59 140 278
59 140 96
58 140 259
57 140 234
56 140 205
55 140 176
54 140 147
53 140 122
52 140 103
52 139 89
51 139 78
59 125 572
59 126 594
59 127 606
59 128 607
59 129 597
59 130 578
59 131 550
59 132 517
59 133 479
59 135 400
59 135 96
59 136 364
59 136 96
58 136 333
57 136 298
56 136 260
55 136 223
54 136 188
53 136 158
53 137 129
52 137 107
52 138 91
51 138 79
59 123 496
59 122 445
59 121 389
59 120 329
59 119 267
59 118 207
59 117 149
59 116 96
59 115 50
59 114 15
59 114 96
60 114 15
60 114 96
61 114 15
61 113 15
61 112 15
61 111 15
61 110 15
61 109 15
61 108 15
61 107 15
61 106 15
61 105 15
61 104 15
61 103 15
61 102 15
61 101 15
61 100 15
61 99 15
61 98 15
61 97 15
61 96 15
61 96 96
61 95 15
61 95 96
61 94 15
61 94 96
61 93 15
61 93 96
61 92 15
61 92 96
61 91 15
61 91 96
61 90 15
61 90 96
61 89 15
61 89 96
61 88 15
61 88 96
61 87 15
61 87 96
61 86 17
61 86 96
61 85 23
61 85 96
60 85 31
60 85 96
59 85 39
59 85 96
58 84 47
58 84 96
58 83 47
58 83 96
57 83 49
57 83 96
57 82 48
57 82 96
56 82 46
56 82 96
55 82 45
55 82 96
55 81 41
55 81 96
54 81 39
54 81 96
54 80 37
54 80 96
53 80 36
53 80 96
52 80 40
52 80 96
51 80 49
51 80 96
50 80 63
50 80 96
51 79 49
51 79 96
51 78 49
51 78 96
51 77 50
51 77 96
51 76 52
51 76 96
51 75 54
51 75 96
51 75 96
51 74 56
51 74 96
51 74 96
51 73 57
51 73 96
51 73 96
51 72 59
51 72 96
51 72 96
51 71 61
51 71 96
51 71 96
51 70 62
51 70 96
50 70 59
50 70 96
49 69 57
49 69 96
49 68 48
49 67 40
49 66 32
49 65 26
48 65 16
48 65 96
48 64 15
48 63 15
47 63 15
47 62 15
47 61 15
47 60 15
47 59 15
47 58 15
47 57 15
47 56 15
47 55 15
47 54 18
47 53 21
47 52 23
47 51 21
47 50 18
47 49 15
47 48 15
47 47 15
47 46 15
46 46 15
46 45 15
45 45 15
45 44 15
44 44 15
44 43 15
44 43 96
44 42 15
44 42 96
43 42 15
43 42 96
43 41 15
43 41 96
43 40 15
43 40 96
43 39 15
43 39 96
42 39 15
42 39 96
41 39 15
41 39 96
41 38 15
41 38 96
40 38 15
40 38 96
39 38 15
39 38 96
39 37 15
39 37 96
38 37 15
38 37 96
37 37 15
37 37 96
37 36 15
37 36 96
37 35 15
37 35 96
36 35 15
36 35 96
35 35 15
34 35 15
33 35 15
32 35 25
31 35 35
30 36 58
29 36 63
28 36 67
28 37 69
28 38 67
28 39 61
27 39 52
27 40 40
27 41 25
27 42 15
26 42 15
25 42 15
24 42 15
23 42 34
31 34 18
31 33 15
31 32 15
31 31 15
31 30 15
31 29 15
31 28 15
30 28 15
29 28 15
28 28 15
27 28 15
27 27 15
26 27 15
26 26 15
25 26 15
25 25 15
24 25 15
23 25 15
23 24 15
22 24 15
22 23 15
21 23 15
20 23 15
19 23 15
18 23 15
17 23 15
16 23 15
15 23 15
14 23 15
13 23 15
12 23 15
11 23 15
10 23 15
9 23 15
8 23 15
7 23 15
6 23 15
5 23 15
4 23 15
3 23 15
2 23 15
1 23 15
49 81 78
49 82 75
49 82 96
49 83 74
49 83 96
49 84 75
49 84 96
49 85 80
49 85 96
48 85 82
48 85 96
47 85 83
47 85 96
46 85 82
46 85 96
46 86 79
46 86 96
45 86 72
45 86 96
44 86 62
44 86 96
44 86 96
43 86 50
43 86 96
43 86 96
42 86 35
42 86 96
42 86 96
41 86 17
41 86 96
41 87 15
41 87 96
40 87 15
40 87 96
39 87 15
39 87 96
39 88 15
39 88 96
38 88 15
38 88 96
37 88 15
37 88 96
36 88 15
35 88 15
34 88 15
33 88 15
32 88 15
31 88 15
30 88 15
78 147 37
78 148 29
78 149 19
78 150 15
78 151 15
78 152 15
78 153 15
79 153 15
80 153 15
81 153 15
82 153 15
83 153 15
84 153 15
85 153 15
86 153 15
87 153 19
137 99 15
137 99 96
138 99 15
138 99 96
139 99 15
139 99 96
140 99 15
140 99 96
141 99 15
141 99 96
141 98 15
141 98 96
142 98 17
142 98 96
142 97 29
143 97 39
143 96 47
144 96 54
144 95 58
145 95 63
145 94 64
146 94 68
146 93 66
146 93 96
147 92 64
147 92 96
147 91 64
147 91 96
148 91 59
148 91 96
148 90 57
148 90 96
149 90 52
149 90 96
149 89 48
149 89 96
150 89 43
150 89 96
150 88 37
150 88 96
151 88 32
151 88 96
151 88 96
151 87 25
151 87 96
151 87 96
151 86 19
151 86 96
151 86 96
152 86 15
152 86 96
152 86 96
153 86 15
153 86 96
153 86 96
154 86 15
154 86 96
154 86 96
155 86 18
155 86 96
155 86 96
156 86 24
156 86 96
156 86 96
157 86 31
157 86 96
157 86 96
157 87 43
157 87 96
157 85 22
157 85 96
157 85 96
156 85 15
156 85 96
156 85 96
156 84 15
156 84 96
156 84 96
155 84 15
155 84 96
155 84 96
155 83 15
155 83 96
155 83 96
155 82 15
155 82 96
154 82 15
154 82 96
154 81 15
154 81 96
154 80 15
154 80 96
154 79 15
154 79 96
153 79 15
153 79 96
152 79 15
152 79 96
152 78 15
152 78 96
152 77 15
152 77 96
152 76 15
152 76 96
152 75 15
152 75 96
152 74 15
152 74 96
151 74 15
151 74 96
151 73 18
151 73 96
151 72 23
151 71 28
150 71 27
150 70 26
150 69 25
149 69 20
149 68 15
149 67 15
149 66 15
148 66 15
147 66 15
146 66 15
146 65 15
146 64 15
146 63 15
145 63 15
145 62 15
145 61 15
145 60 15
145 59 15
145 58 15
144 58 15
143 58 15
142 58 15
141 58 15
140 58 15
140 57 15
139 57 15
138 57 15
138 56 15
138 55 15
137 55 15
136 55 15
135 55 15
134 55 15
133 55 15
132 55 15
131 55 15
130 55 15
129 55 15
128 55 15
128 54 15
128 53 15
128 52 15
127 52 15
126 52 15
125 52 15
124 52 15
123 52 15
122 52 15
122 52 96
121 52 22
121 52 96
119 0 61
119 0 96
118 0 49
118 0 96
117 0 35
117 0 96
116 0 19
116 0 96
115 0 15
115 0 96
114 0 15
114 0 96
114 1 15
114 1 96
113 1 15
113 1 96
113 2 15
113 2 96
112 2 15
112 2 96
112 3 20
112 3 96
112 5 126
112 6 189
112 7 252
112 8 312
112 9 366
112 10 411
112 11 444
112 12 465
112 13 473
112 14 467
112 16 423
112 16 96
112 17 388
112 17 96
112 17 96
112 18 348
112 18 96
112 19 307
112 19 96
112 20 267
112 20 96
112 21 232
112 21 96
112 22 203
112 22 96
112 23 182
112 23 96
112 24 171
113 25 177
113 25 96
113 26 180
113 26 96
113 27 193
113 27 96
114 27 204
114 27 96
114 28 218
114 28 96
114 29 238
114 29 96
115 29 251
115 29 96
115 30 266
115 30 96
115 31 282
116 31 294
116 32 302
116 33 306
116 34 306
116 35 301
116 36 290
116 37 274
116 38 251
117 38 224
117 39 192
117 40 158
117 41 124
117 42 90
118 42 57
118 43 24
118 43 96
119 43 15
119 43 96
120 43 15
120 43 96
120 44 15
120 44 96
120 45 15
120 45 96
120 46 15
120 46 96
120 47 15
120 47 96
120 48 15
120 48 96
120 49 15
120 49 96
120 50 15
120 50 96
120 51 15
120 51 96
121 0 72
121 0 96
122 0 72
122 0 96
123 0 68
123 0 96
124 0 61
124 0 96
125 0 52
125 0 96
126 0 41
126 0 96
127 0 31
127 0 96
128 0 21
128 0 96
129 0 15
129 0 96
130 0 15
130 0 96
131 0 15
131 0 96
132 0 15
132 0 96
133 0 15
133 0 96
134 0 23
134 0 96
135 0 33
136 0 45
137 0 55
139 0 70
140 0 70
141 0 65
142 0 52
143 0 33
144 0 15
145 0 15
146 0 15
147 0 15
148 0 15
149 0 15
150 0 15
151 0 15
152 0 15
153 0 15
154 0 15
155 0 15
156 0 15
158 88 59
158 88 96
159 88 59
159 88 96
160 88 57
161 88 52
162 88 44
163 88 34
164 88 21
165 88 15
165 88 96
166 88 15
166 88 96
166 87 15
167 87 15
168 87 15
169 87 15
170 87 15
171 87 15
172 87 15
173 87 15
174 87 15
174 87 96
175 87 15
175 87 96
176 87 15
176 87 96
177 87 15
177 87 96
177 86 15
177 86 96
178 86 15
178 86 96
179 86 15
179 86 96
179 85 15
179 85 96
180 85 15
180 85 96
181 85 15
181 85 96
182 85 15
182 85 96
183 85 15
183 85 96
184 85 15
184 85 96
185 85 15
185 85 96
186 85 15
186 85 96
187 85 15
188 85 15
189 85 15
