63 158 58
120 34 58
168 195 58
2 34 58
2 34 48
32 13 58
32 13 48
32 13 48
96 133 58
96 133 48
96 133 48
96 133 48
96 133 48
96 133 48
96 133 48
96 133 48
96 133 48
96 133 48
96 133 48
70 38 58
99 59 58
146 65 58
7 2 58
20 98 58
20 98 48
110 85 58
104 78 58
106 66 58
20 8 58
10 11 58
21 17 58
21 17 48
21 17 48
106 55 58
112 39 58
112 39 48
115 49 58
124 44 58
1 24 58
11 20 58
12 30 58
12 30 48
12 30 48
12 30 48
63 43 58
63 43 48
63 43 48
63 43 48
62 33 58
62 33 48
62 33 48
62 33 48
0 15 58
0 6 58
30 4 58
159 199 58
159 199 48
159 189 58
159 189 48
154 71 58
154 71 48
155 59 58
54 153 58
70 28 58
70 28 48
53 165 58
63 169 58
63 169 48
63 169 48
63 169 48
63 169 48
145 54 58
135 49 58
126 55 58
135 61 58
116 61 58
115 72 58
125 67 58
150 194 58
150 194 48
150 194 48
150 194 48
150 194 48
104 128 58
104 128 48
104 128 48
104 128 48
104 128 48
104 128 48
104 128 48
104 128 48
104 128 48
104 128 48
104 128 48
94 123 58
94 123 48
94 123 48
94 123 48
94 123 48
94 123 48
94 123 48
94 123 48
94 123 48
94 123 48
102 118 58
102 118 48
102 118 48
102 118 48
102 118 48
102 118 48
102 118 48
102 118 48
102 118 48
102 118 48
102 118 48
80 33 58
80 33 48
78 23 58
78 23 48
78 23 48
78 23 48
78 23 48
78 23 48
78 23 48
78 23 48
78 23 48
78 23 48
78 23 48
78 23 48
54 38 58
54 38 48
54 38 48
54 38 48
54 38 48
54 38 48
54 38 48
54 38 48
54 38 48
54 38 48
54 38 48
54 38 48
54 38 48
168 183 58
168 183 48
168 183 48
178 189 58
177 199 58
187 195 58
43 160 58
44 149 58
34 155 58
34 155 48
34 155 48
35 144 58
93 114 58
93 114 48
93 114 48
93 114 48
93 114 48
93 114 48
93 114 48
93 114 48
93 114 48
93 114 48
93 114 48
101 109 58
101 109 48
101 109 48
101 109 48
101 109 48
101 109 48
101 109 48
101 100 58
101 100 48
102 89 58
83 43 58
94 49 58
25 150 58
25 150 48
25 150 48
25 150 48
25 150 48
25 150 48
25 150 48
25 150 48
187 184 58
187 184 48
178 178 58
178 178 48
178 178 48
26 139 58
26 139 48
169 172 58
169 172 48
169 172 48
160 177 58
160 177 48
160 177 48
160 177 48
160 177 48
160 177 48
160 177 48
17 145 58
17 145 48
17 145 48
18 133 58
8 139 58
8 139 48
8 139 48
8 139 48
8 139 48
151 182 58
151 182 48
151 182 48
151 182 48
151 182 48
151 182 48
151 182 48
197 189 58
197 189 48
197 189 48
197 199 58
197 199 48
197 199 48
197 199 48
197 199 48
9 127 58
0 132 58
0 132 48
0 132 48
0 132 48
0 121 58
0 121 48
10 115 58
11 103 58
142 187 58
142 187 48
142 187 48
142 187 48
142 187 48
142 187 48
142 187 48
142 187 48
142 187 48
142 187 48
142 187 48
142 187 48
142 187 48
142 187 48
178 166 58
178 166 48
178 166 48
178 166 48
178 166 48
178 166 48
188 172 58
188 172 48
188 172 48
188 172 48
188 172 48
188 172 48
197 178 58
197 178 48
197 178 48
197 178 48
197 178 48
169 160 58
169 160 48
169 160 48
169 160 48
169 160 48
169 160 48
160 165 58
160 165 48
160 165 48
160 165 48
160 165 48
160 165 48
160 165 48
160 165 48
151 170 58
151 170 48
151 170 48
151 170 48
151 170 48
151 170 48
151 170 48
151 170 48
151 170 48
151 170 48
151 170 48
151 170 48
151 170 48
151 170 48
151 170 48
151 170 48
151 170 48
151 170 48
151 170 48
151 170 48
151 170 48
197 167 58
197 167 48
197 167 48
197 167 48
197 167 48
197 167 48
197 167 48
197 167 48
188 161 58
188 161 48
188 161 48
188 161 48
188 161 48
188 161 48
188 161 48
188 161 48
188 161 48
179 155 58
179 155 48
179 155 48
179 155 48
179 155 48
179 155 48
188 149 58
188 149 48
188 149 48
188 149 48
188 149 48
188 149 48
188 149 48
188 149 48
188 149 48
188 149 48
188 149 48
188 149 48
188 149 48
188 149 48
188 149 48
188 149 48
188 149 48
169 149 58
169 149 48
169 149 48
169 149 48
160 154 58
160 154 48
160 154 48
160 154 48
179 144 58
179 144 48
179 144 48
170 137 58
170 137 48
170 137 48
170 137 48
170 137 48
170 137 48
160 142 58
160 142 48
151 147 58
151 147 48
151 147 48
151 158 58
151 158 48
151 158 48
151 158 48
151 158 48
151 158 48
151 158 48
151 158 48
151 158 48
151 158 48
151 158 48
151 158 48
151 158 48
151 158 48
151 158 48
151 158 48
151 158 48
151 158 48
151 158 48
150 136 58
150 136 48
150 136 48
150 136 48
150 136 48
150 136 48
150 136 48
142 140 58
142 140 48
142 140 48
142 140 48
179 132 58
179 132 48
179 132 48
179 132 48
179 132 48
179 132 48
179 132 48
179 132 48
179 132 48
179 132 48
134 145 58
134 145 48
134 145 48
134 145 48
134 145 48
134 145 48
134 145 48
134 145 48
134 145 48
134 145 48
134 145 48
134 145 48
134 145 48
134 145 48
134 145 48
134 145 48
134 145 48
134 145 48
160 131 58
160 131 48
170 126 58
170 126 48
170 126 48
170 126 48
170 126 48
170 126 48
170 126 48
170 126 48
170 126 48
170 126 48
170 126 48
170 126 48
159 121 58
159 121 48
159 121 48
159 121 48
159 121 48
159 121 48
159 121 48
159 121 48
150 126 58
150 126 48
150 126 48
150 126 48
150 126 48
140 130 58
140 130 48
140 130 48
140 130 48
140 130 48
140 130 48
140 130 48
140 130 48
132 134 58
132 134 48
132 134 48
132 134 48
132 134 48
132 134 48
132 134 48
132 134 48
132 134 48
132 134 48
132 134 48
132 134 48
132 134 48
139 120 58
139 120 48
139 120 48
139 120 48
139 120 48
139 120 48
139 120 48
139 120 48
139 120 48
149 115 58
149 115 48
149 115 48
149 115 48
149 115 48
149 115 48
149 115 48
149 115 48
149 115 48
149 115 48
149 115 48
149 115 48
149 115 48
130 124 58
130 124 48
130 124 48
130 124 48
130 124 48
130 124 48
122 128 58
122 128 48
122 128 48
122 128 48
122 128 48
122 128 48
122 128 48
122 128 48
122 128 48
122 128 48
122 128 48
122 128 48
122 128 48
122 128 48
122 128 48
122 128 48
122 128 48
129 115 58
129 115 48
129 115 48
129 115 48
129 115 48
129 115 48
120 119 58
120 119 48
120 119 48
120 119 48
120 119 48
120 119 48
120 119 48
119 110 58
119 110 48
110 105 58
110 105 48
110 105 48
109 85 15
109 85 48
109 86 15
109 86 48
108 86 15
108 86 48
108 87 15
108 87 48
108 88 15
108 88 48
107 88 15
107 88 48
107 89 15
107 89 48
106 89 15
106 89 48
105 89 15
105 89 48
104 89 15
104 89 48
103 89 15
103 89 48
103 90 15
103 90 48
103 91 15
103 91 48
103 92 15
103 92 48
103 93 15
103 93 48
103 94 15
103 94 48
103 95 15
103 95 48
103 96 15
103 96 48
103 97 15
103 97 48
103 98 15
103 98 48
103 99 20
103 99 48
103 100 36
103 100 48
102 100 56
102 100 48
118 110 88
118 110 48
118 109 93
117 109 96
117 109 48
117 108 104
116 108 107
115 108 115
115 108 48
115 107 118
114 107 124
114 106 129
113 106 130
113 105 134
112 105 131
111 105 130
110 104 119
110 103 112
109 103 101
109 102 91
108 102 78
108 102 48
108 101 66
107 101 52
107 101 48
107 100 38
107 100 48
106 100 26
106 100 48
105 100 21
105 100 48
104 100 24
104 100 48
119 111 84
120 111 84
120 112 86
121 112 88
121 113 93
121 113 48
122 113 97
122 113 48
122 114 104
122 114 48
123 114 109
123 114 48
123 115 118
123 115 48
123 115 48
124 115 125
124 115 48
124 115 48
124 116 134
124 116 48
124 116 48
124 116 48
125 116 142
125 116 48
125 116 48
125 116 48
125 116 48
125 117 151
125 117 48
125 117 48
125 117 48
125 117 48
125 117 48
126 117 159
126 117 48
126 117 48
126 117 48
126 117 48
126 117 48
126 118 168
126 118 48
126 118 48
126 118 48
126 118 48
126 118 48
126 118 48
127 118 176
127 118 48
127 118 48
127 118 48
127 118 48
127 118 48
127 118 48
127 119 184
127 119 48
127 119 48
127 119 48
127 119 48
127 119 48
127 119 48
128 119 192
128 119 48
128 119 48
128 119 48
128 119 48
128 119 48
128 120 201
128 120 48
128 120 48
128 120 48
128 120 48
128 120 48
129 120 208
129 120 48
129 120 48
129 120 48
129 120 48
129 121 218
129 121 48
129 121 48
129 121 48
130 121 224
130 121 48
130 121 48
130 122 235
130 122 48
130 122 48
130 123 253
130 123 48
131 124 272
131 124 48
132 124 271
132 124 48
132 124 48
133 124 276
133 124 48
133 124 48
134 124 284
134 124 48
134 124 48
134 124 48
135 124 295
135 124 48
135 124 48
135 124 48
135 124 48
136 124 308
136 124 48
136 124 48
136 124 48
136 124 48
137 124 321
137 124 48
137 124 48
137 124 48
137 124 48
137 124 48
138 124 333
138 124 48
138 124 48
138 124 48
138 124 48
138 124 48
139 124 344
139 124 48
139 124 48
139 124 48
139 124 48
140 124 351
140 124 48
140 124 48
140 124 48
141 124 355
141 124 48
141 124 48
142 124 354
142 124 48
143 124 349
144 124 339
145 124 325
146 124 307
147 124 285
148 124 262
148 124 48
149 124 236
149 124 48
149 124 48
150 124 211
150 124 48
150 124 48
150 124 48
150 125 216
150 125 48
150 125 48
151 126 200
151 126 48
151 126 48
152 126 171
152 126 48
152 126 48
153 126 144
153 126 48
153 126 48
153 126 48
154 126 121
154 126 48
154 126 48
154 126 48
155 126 102
155 126 48
155 126 48
155 126 48
156 126 89
156 126 48
156 126 48
156 126 48
157 126 83
157 126 48
157 126 48
157 126 48
157 127 75
157 127 48
157 127 48
157 127 48
158 127 71
158 127 48
158 127 48
158 127 48
158 128 67
158 128 48
158 128 48
159 128 66
159 128 48
159 128 48
159 129 68
159 129 48
159 129 48
160 129 71
160 129 48
160 129 48
160 130 76
160 130 48
160 132 104
160 133 122
160 134 139
160 135 153
160 136 162
160 137 164
160 138 160
160 139 149
160 140 131
160 141 108
160 143 56
160 143 48
160 144 31
160 144 48
160 145 15
160 145 48
160 145 48
160 146 15
160 146 48
160 146 48
160 147 15
160 147 48
160 147 48
160 148 15
160 148 48
160 148 48
160 148 48
160 149 15
160 149 48
160 149 48
160 149 48
161 149 15
161 149 48
161 149 48
161 149 48
162 149 25
162 149 48
162 149 48
162 150 35
162 150 48
162 150 48
163 150 52
163 150 48
163 150 48
163 151 65
163 151 48
163 151 48
164 151 83
164 151 48
164 152 97
164 152 48
164 153 115
164 153 48
165 153 132
165 154 149
165 155 167
165 156 184
165 157 200
165 158 212
165 159 220
165 160 224
165 161 224
165 162 221
165 163 214
165 164 206
165 164 48
165 165 196
165 165 48
165 166 187
165 166 48
165 166 48
165 167 178
165 167 48
165 167 48
165 167 48
165 168 171
165 168 48
165 168 48
165 168 48
166 168 164
166 168 48
166 168 48
166 168 48
166 169 158
166 169 48
166 169 48
166 169 48
166 170 154
166 170 48
166 170 48
166 170 48
166 170 48
167 170 148
167 170 48
167 170 48
167 170 48
167 171 145
167 171 48
167 171 48
167 171 48
168 171 140
168 171 48
168 171 48
168 172 136
168 172 48
168 172 48
169 173 126
169 173 48
170 173 122
170 174 116
170 175 112
171 175 107
171 176 101
171 177 97
172 177 92
172 177 48
172 178 88
172 178 48
172 179 84
172 179 48
173 179 81
173 179 48
173 180 77
173 180 48
173 181 74
173 181 48
173 182 72
173 182 48
173 182 48
173 183 70
173 183 48
173 183 48
173 184 67
173 184 48
173 184 48
173 185 65
173 185 48
173 186 62
173 186 48
173 187 57
173 187 48
173 188 51
173 188 48
173 189 44
173 189 48
173 190 36
173 191 27
173 191 48
173 192 18
173 192 48
173 193 15
173 193 48
173 194 15
173 194 48
173 195 15
173 195 48
172 195 15
172 195 48
171 195 17
171 195 48
170 195 24
170 195 48
169 195 29
101 101 100
101 102 119
101 102 48
101 103 141
101 103 48
101 104 167
101 104 48
101 105 195
101 105 48
101 106 225
101 106 48
101 107 257
101 107 48
101 108 289
101 108 48
100 109 329
100 109 48
99 109 339
99 109 48
98 109 354
98 109 48
98 109 48
98 110 373
98 110 48
98 111 391
98 112 408
98 113 423
98 114 434
98 115 443
98 116 448
98 117 450
98 118 448
98 118 48
98 119 442
98 119 48
98 120 433
98 120 48
98 121 422
98 121 48
98 122 409
98 122 48
98 123 395
98 124 381
98 125 370
98 126 361
98 127 356
98 128 357
98 128 48
98 129 365
98 129 48
98 129 48
97 129 376
97 129 48
97 129 48
97 130 392
97 130 48
97 130 48
97 130 48
96 130 416
96 130 48
96 130 48
96 130 48
96 131 441
96 131 48
96 131 48
96 131 48
96 132 475
96 132 48
96 132 48
19 98 48
19 98 48
19 99 15
19 99 48
19 99 48
19 100 15
19 100 48
19 101 15
19 101 48
19 102 15
19 102 48
19 103 15
19 103 48
18 103 15
18 103 48
17 103 15
17 103 48
16 103 15
16 103 48
15 103 15
15 103 48
14 103 15
14 103 48
13 103 15
13 103 48
12 103 15
12 103 48
11 104 15
11 104 48
11 105 15
11 105 48
11 106 15
11 106 48
11 107 15
11 107 48
11 108 15
11 108 48
11 109 15
11 109 48
11 110 15
11 110 48
11 111 15
11 111 48
10 111 15
10 111 48
10 112 15
10 112 48
10 113 18
10 113 48
10 114 27
9 115 21
9 115 48
8 115 15
8 115 48
8 116 15
8 116 48
8 117 15
8 117 48
8 118 15
8 118 48
8 119 15
8 119 48
8 120 15
8 120 48
8 121 15
8 121 48
8 122 15
8 122 48
8 123 15
8 123 48
8 124 15
8 124 48
8 125 15
8 125 48
8 126 15
8 126 48
8 127 15
8 127 48
8 128 15
8 128 48
8 129 15
8 129 48
8 130 15
8 130 48
8 131 15
8 131 48
9 131 16
9 131 48
9 132 17
9 132 48
10 132 15
10 132 48
10 133 15
10 133 48
11 133 15
11 133 48
12 133 15
12 133 48
13 133 15
13 133 48
14 133 15
14 133 48
15 133 15
15 133 48
16 133 15
16 133 48
17 133 15
17 133 48
18 134 15
18 134 48
18 135 15
18 135 48
19 135 15
19 135 48
20 135 15
20 135 48
20 136 15
20 136 48
20 137 15
20 137 48
20 138 15
20 138 48
20 139 15
20 139 48
20 140 15
20 140 48
20 140 48
20 141 15
20 141 48
20 141 48
20 142 15
20 142 48
20 142 48
20 143 15
20 143 48
20 143 48
21 143 15
21 143 48
21 143 48
22 143 15
22 143 48
22 143 48
23 143 15
23 143 48
23 143 48
24 143 15
24 143 48
24 143 48
25 143 16
25 143 48
25 143 48
26 143 26
26 143 48
26 143 48
27 143 33
27 143 48
28 143 39
28 143 48
28 144 37
28 144 48
29 144 33
29 144 48
30 144 29
30 144 48
30 145 21
30 145 48
31 145 15
31 145 48
31 146 15
31 146 48
31 147 15
31 147 48
31 147 48
32 147 15
32 147 48
32 147 48
32 148 15
32 148 48
32 148 48
33 148 15
33 148 48
33 148 48
33 149 15
33 149 48
33 149 48
34 149 15
34 149 48
34 149 48
35 149 15
35 149 48
36 149 15
36 149 48
37 149 15
37 149 48
38 149 15
38 149 48
39 149 15
39 149 48
40 149 15
40 149 48
41 149 15
41 149 48
42 149 15
43 149 15
44 150 15
44 151 15
45 151 15
46 151 15
46 152 15
47 152 15
48 152 15
48 153 15
48 153 48
49 153 15
49 153 48
50 153 15
50 153 48
51 153 15
51 153 48
52 153 15
52 153 48
53 153 18
53 153 48
54 154 15
54 154 48
54 155 15
54 155 48
54 156 15
54 156 48
54 157 15
54 157 48
54 158 15
54 158 48
55 158 15
55 158 48
56 158 15
56 158 48
57 158 15
57 158 48
58 158 15
58 158 48
59 158 15
59 158 48
60 158 15
60 158 48
61 158 15
61 158 48
62 158 15
62 158 48
7 3 15
7 4 15
7 5 15
8 5 15
8 6 15
8 7 15
9 7 15
9 8 15
9 9 15
9 10 15
9 11 15
9 11 48
11 11 59
12 11 83
13 11 101
14 11 111
15 11 114
16 11 109
17 11 96
18 11 75
19 11 50
19 11 48
20 11 19
20 11 48
21 11 15
21 11 48
21 11 48
22 11 15
22 11 48
22 11 48
23 11 15
23 11 48
23 11 48
24 11 15
24 11 48
25 11 15
25 11 48
26 11 15
26 11 48
26 12 15
26 12 48
26 12 48
27 12 15
27 12 48
27 12 48
27 13 15
27 13 48
27 13 48
28 13 15
28 13 48
28 13 48
29 13 15
29 13 48
29 13 48
30 13 17
30 13 48
30 13 48
31 13 69
31 13 48
8 11 15
7 11 15
7 12 15
7 13 15
7 13 48
6 13 15
6 13 48
5 13 15
5 13 48
5 14 15
5 14 48
4 14 15
4 14 48
3 14 15
3 15 15
3 15 48
3 16 15
3 16 48
3 17 15
3 17 48
3 18 15
3 18 48
2 18 15
2 18 48
2 19 15
2 19 48
2 20 15
2 20 48
2 21 15
2 21 48
2 22 15
2 22 48
2 23 15
2 23 48
2 24 15
2 24 48
2 25 15
2 25 48
2 26 15
2 26 48
2 27 15
2 27 48
2 28 15
2 28 48
2 29 15
2 29 48
2 30 15
2 30 48
2 31 15
2 31 48
2 31 48
2 32 15
2 32 48
2 32 48
2 33 42
2 33 48
109 84 15
109 83 15
109 82 15
109 81 15
109 80 15
109 79 15
109 78 15
109 77 15
109 76 15
109 75 15
109 74 15
109 73 15
109 72 15
109 71 15
109 70 15
109 69 15
109 68 15
109 67 15
109 66 15
108 66 17
107 66 24
126 56 22
126 57 15
126 58 15
125 58 15
125 59 15
125 60 15
125 61 15
124 61 15
123 61 15
123 62 15
122 62 15
121 62 15
121 63 15
120 63 15
120 64 15
120 65 15
119 65 15
119 66 15
118 66 15
117 66 15
116 66 15
115 66 15
114 66 15
113 66 15
112 66 15
111 66 15
110 66 15
126 54 44
126 53 53
126 52 61
126 51 67
126 50 72
126 49 75
125 49 76
125 48 74
124 48 67
124 47 59
124 46 50
124 45 41
123 44 15
123 44 48
123 43 15
123 43 48
122 43 15
122 43 48
121 43 15
121 43 48
120 43 15
120 43 48
120 42 15
120 42 48
120 41 15
120 41 48
120 40 15
120 40 48
120 39 15
120 39 48
120 38 15
120 38 48
120 37 15
120 37 48
120 36 15
120 36 48
120 35 15
120 35 48
127 55 18
127 56 15
128 56 15
128 57 15
128 58 15
129 58 15
130 58 15
130 59 15
131 59 15
132 59 15
133 59 15
134 59 15
135 59 15
136 59 15
137 59 15
138 59 15
139 59 15
140 59 15
141 59 15
141 60 15
142 60 15
143 60 15
144 60 15
144 61 15
144 62 15
145 62 15
145 63 15
146 63 15
146 64 15
106 65 31
106 64 28
106 63 24
106 62 20
106 61 17
105 61 15
105 60 15
105 59 15
104 59 15
103 59 15
102 59 15
101 59 15
100 59 17
99 58 15
99 57 15
99 56 15
99 55 15
99 54 15
99 54 48
99 53 15
99 53 48
98 53 15
98 53 48
98 52 15
98 52 48
97 52 15
97 52 48
96 52 15
96 52 48
95 52 15
95 52 48
95 51 16
95 51 48
94 51 22
94 50 25
93 49 32
92 49 33
92 48 37
91 48 35
90 48 39
90 47 35
89 47 36
89 46 33
88 46 32
88 45 30
88 45 48
87 45 28
87 45 48
87 44 27
87 44 48
86 44 24
86 44 48
86 43 24
86 43 48
85 43 21
85 43 48
84 43 26
84 43 48
83 42 23
83 42 48
83 41 18
83 41 48
83 40 22
83 40 48
82 40 18
82 40 48
81 40 20
81 40 48
81 39 16
81 39 48
80 39 17
80 39 48
80 38 15
80 38 48
79 38 15
79 38 48
79 37 15
79 37 48
78 37 15
78 37 48
77 37 15
77 37 48
76 37 15
76 37 48
75 37 15
75 37 48
74 37 15
74 37 48
73 37 15
73 37 48
72 37 15
72 37 48
71 37 15
71 37 48
70 37 15
70 37 48
