140 27 14
140 27 4
140 27 4
140 27 4
140 27 4
140 27 4
38 20 14
38 20 4
170 184 14
170 184 4
114 139 14
140 14 14
140 14 4
140 14 4
140 14 4
140 14 4
140 14 4
140 14 4
140 14 4
140 14 4
140 14 4
140 14 4
140 14 4
140 14 4
140 14 4
140 14 4
140 14 4
140 14 4
140 14 4
140 14 4
140 14 4
140 14 4
140 14 4
140 14 4
140 14 4
140 14 4
152 21 14
152 21 4
125 145 14
125 145 4
125 145 4
152 34 14
114 152 14
114 152 4
114 152 4
163 28 14
163 28 4
163 28 4
163 28 4
163 28 4
163 28 4
163 28 4
163 28 4
163 28 4
163 28 4
163 28 4
163 28 4
163 28 4
163 28 4
163 28 4
163 28 4
163 28 4
163 28 4
163 28 4
163 28 4
103 146 14
163 42 14
163 42 4
163 42 4
163 42 4
163 42 4
163 42 4
163 42 4
163 42 4
170 171 14
170 171 4
170 171 4
175 36 14
175 36 4
175 36 4
175 36 4
175 36 4
175 36 4
175 36 4
175 36 4
175 36 4
175 36 4
175 36 4
175 36 4
175 36 4
175 36 4
175 36 4
175 36 4
175 36 4
175 36 4
175 36 4
175 36 4
175 36 4
175 36 4
175 36 4
175 36 4
175 36 4
175 36 4
175 36 4
175 36 4
175 36 4
175 36 4
175 36 4
175 36 4
175 36 4
175 36 4
175 36 4
175 36 4
175 36 4
175 36 4
175 36 4
175 36 4
175 36 4
175 36 4
175 36 4
175 36 4
175 36 4
175 36 4
175 36 4
175 36 4
175 36 4
175 36 4
175 36 4
175 36 4
175 36 4
175 36 4
175 36 4
175 36 4
175 36 4
175 36 4
175 36 4
175 36 4
175 36 4
175 36 4
175 36 4
175 36 4
175 36 4
175 36 4
175 36 4
175 36 4
175 36 4
175 36 4
175 36 4
175 36 4
158 177 14
158 177 4
128 20 14
128 20 4
128 20 4
128 20 4
128 20 4
128 20 4
128 20 4
128 20 4
128 20 4
128 20 4
128 20 4
128 20 4
128 20 4
128 20 4
128 20 4
128 20 4
128 20 4
128 20 4
128 20 4
128 20 4
128 20 4
128 20 4
128 20 4
128 20 4
128 20 4
128 20 4
128 20 4
128 20 4
128 20 4
128 20 4
128 20 4
128 20 4
128 20 4
128 20 4
128 20 4
128 20 4
128 20 4
128 20 4
128 20 4
128 20 4
128 20 4
128 20 4
128 20 4
128 20 4
128 20 4
128 20 4
128 20 4
128 20 4
128 20 4
128 20 4
128 20 4
128 20 4
128 20 4
128 20 4
128 20 4
128 20 4
128 20 4
128 20 4
128 20 4
128 20 4
128 20 4
128 20 4
128 20 4
128 20 4
128 20 4
128 20 4
128 20 4
128 20 4
128 20 4
128 20 4
128 20 4
128 20 4
128 20 4
128 20 4
128 20 4
128 20 4
128 20 4
128 20 4
128 20 4
128 20 4
128 20 4
128 20 4
128 20 4
128 20 4
128 20 4
128 20 4
128 20 4
128 20 4
128 20 4
128 20 4
128 20 4
128 20 4
128 20 4
128 20 4
128 20 4
128 20 4
128 20 4
128 20 4
128 20 4
128 20 4
128 20 4
128 20 4
128 20 4
128 20 4
128 20 4
128 20 4
128 20 4
128 20 4
128 20 4
128 20 4
128 20 4
128 20 4
128 20 4
128 20 4
128 20 4
128 20 4
128 20 4
128 20 4
128 20 4
128 20 4
128 20 4
128 20 4
128 20 4
128 20 4
128 20 4
128 20 4
128 20 4
128 20 4
128 20 4
128 20 4
128 20 4
128 20 4
128 20 4
128 20 4
128 20 4
128 20 4
128 20 4
128 20 4
128 20 4
128 20 4
128 20 4
128 20 4
128 20 4
128 20 4
128 20 4
128 20 4
128 20 4
128 20 4
128 20 4
128 20 4
128 20 4
128 20 4
128 20 4
128 20 4
128 20 4
128 20 4
128 20 4
128 20 4
128 20 4
128 20 4
128 20 4
152 8 14
152 8 4
152 8 4
152 8 4
152 8 4
152 8 4
152 8 4
152 8 4
152 8 4
152 8 4
152 8 4
152 8 4
152 8 4
152 8 4
152 8 4
152 8 4
152 8 4
152 8 4
152 8 4
152 8 4
152 8 4
152 8 4
152 8 4
152 8 4
152 8 4
152 8 4
152 8 4
152 8 4
152 8 4
152 8 4
152 8 4
152 8 4
152 8 4
152 8 4
152 8 4
152 8 4
152 8 4
152 8 4
152 8 4
152 8 4
152 8 4
152 8 4
152 8 4
152 8 4
152 8 4
152 8 4
152 8 4
152 8 4
152 8 4
152 8 4
152 8 4
152 8 4
152 8 4
152 8 4
152 8 4
152 8 4
152 8 4
152 8 4
152 8 4
152 8 4
152 8 4
152 8 4
152 8 4
152 8 4
152 8 4
152 8 4
152 8 4
152 8 4
152 8 4
152 8 4
152 8 4
152 8 4
152 8 4
152 8 4
152 8 4
152 8 4
152 8 4
152 8 4
152 8 4
152 8 4
152 8 4
152 8 4
152 8 4
152 8 4
152 8 4
152 8 4
152 8 4
152 8 4
152 8 4
152 8 4
152 8 4
152 8 4
152 8 4
152 8 4
152 8 4
152 8 4
152 8 4
152 8 4
152 8 4
152 8 4
152 8 4
152 8 4
152 8 4
152 8 4
152 8 4
152 8 4
152 8 4
152 8 4
152 8 4
152 8 4
152 8 4
152 8 4
152 8 4
152 8 4
152 8 4
152 8 4
152 8 4
152 8 4
152 8 4
152 8 4
152 8 4
152 8 4
152 8 4
152 8 4
152 8 4
152 8 4
152 8 4
152 8 4
152 8 4
152 8 4
152 8 4
152 8 4
152 8 4
152 8 4
152 8 4
152 8 4
152 8 4
152 8 4
152 8 4
152 8 4
152 8 4
152 8 4
152 8 4
152 8 4
152 8 4
152 8 4
152 8 4
152 8 4
152 8 4
152 8 4
152 8 4
152 8 4
152 8 4
152 8 4
152 8 4
152 8 4
152 8 4
152 8 4
152 8 4
152 8 4
152 8 4
152 8 4
175 50 14
175 50 4
175 50 4
175 50 4
175 50 4
175 50 4
175 50 4
175 50 4
175 50 4
175 50 4
175 50 4
175 50 4
175 50 4
175 50 4
175 50 4
175 50 4
175 50 4
175 50 4
175 50 4
175 50 4
175 50 4
175 50 4
175 50 4
175 50 4
175 50 4
175 50 4
175 50 4
175 50 4
175 50 4
175 50 4
175 50 4
175 50 4
175 50 4
175 50 4
175 50 4
175 50 4
175 50 4
175 50 4
175 50 4
175 50 4
175 50 4
175 50 4
175 50 4
175 50 4
175 50 4
175 50 4
175 50 4
175 50 4
175 50 4
175 50 4
175 50 4
175 50 4
175 50 4
175 50 4
175 50 4
175 50 4
175 50 4
175 50 4
175 50 4
175 50 4
175 50 4
175 50 4
175 50 4
175 50 4
175 50 4
175 50 4
175 50 4
175 50 4
175 50 4
175 50 4
175 50 4
175 50 4
175 50 4
175 50 4
175 50 4
175 50 4
175 50 4
175 50 4
175 50 4
175 50 4
175 50 4
175 50 4
175 50 4
175 50 4
175 50 4
175 50 4
175 50 4
175 50 4
175 50 4
175 50 4
175 50 4
175 50 4
175 50 4
175 50 4
175 50 4
175 50 4
175 50 4
175 50 4
175 50 4
175 50 4
175 50 4
175 50 4
175 50 4
175 50 4
175 50 4
175 50 4
175 50 4
175 50 4
175 50 4
175 50 4
175 50 4
175 50 4
175 50 4
175 50 4
175 50 4
175 50 4
175 50 4
175 50 4
175 50 4
175 50 4
175 50 4
175 50 4
175 50 4
175 50 4
175 50 4
175 50 4
175 50 4
175 50 4
175 50 4
175 50 4
175 50 4
175 50 4
175 50 4
175 50 4
175 50 4
175 50 4
175 50 4
175 50 4
175 50 4
175 50 4
175 50 4
175 50 4
159 164 14
152 49 14
152 49 4
152 49 4
152 49 4
152 49 4
152 49 4
152 49 4
152 49 4
152 49 4
152 49 4
152 49 4
152 49 4
152 49 4
152 49 4
152 49 4
152 49 4
152 49 4
152 49 4
152 49 4
152 49 4
152 49 4
152 49 4
152 49 4
152 49 4
152 49 4
152 49 4
152 49 4
152 49 4
152 49 4
152 49 4
152 49 4
152 49 4
152 49 4
152 49 4
152 49 4
152 49 4
152 49 4
152 49 4
152 49 4
152 49 4
152 49 4
152 49 4
152 49 4
152 49 4
152 49 4
152 49 4
152 49 4
152 49 4
152 49 4
152 49 4
152 49 4
152 49 4
152 49 4
152 49 4
152 49 4
152 49 4
152 49 4
152 49 4
152 49 4
152 49 4
152 49 4
152 49 4
152 49 4
152 49 4
152 49 4
152 49 4
152 49 4
152 49 4
152 49 4
152 49 4
152 49 4
152 49 4
152 49 4
152 49 4
152 49 4
152 49 4
152 49 4
152 49 4
152 49 4
152 49 4
152 49 4
152 49 4
152 49 4
152 49 4
152 49 4
152 49 4
152 49 4
152 49 4
152 49 4
152 49 4
152 49 4
152 49 4
152 49 4
152 49 4
152 49 4
152 49 4
152 49 4
152 49 4
152 49 4
152 49 4
152 49 4
152 49 4
152 49 4
152 49 4
152 49 4
152 49 4
152 49 4
152 49 4
152 49 4
152 49 4
152 49 4
152 49 4
152 49 4
152 49 4
152 49 4
152 49 4
152 49 4
152 49 4
152 49 4
152 49 4
152 49 4
152 49 4
152 49 4
152 49 4
152 49 4
152 49 4
152 49 4
152 49 4
152 49 4
152 49 4
152 49 4
152 49 4
152 49 4
152 49 4
152 49 4
152 49 4
152 49 4
152 49 4
152 49 4
152 49 4
152 49 4
152 49 4
152 49 4
152 49 4
152 49 4
152 49 4
152 49 4
152 49 4
152 49 4
152 49 4
152 49 4
152 49 4
152 49 4
152 49 4
152 49 4
152 49 4
38 7 14
50 13 14
50 13 4
49 1 14
175 23 14
175 23 4
175 23 4
175 23 4
175 23 4
175 23 4
175 23 4
175 23 4
175 23 4
175 23 4
175 23 4
175 23 4
175 23 4
175 23 4
175 23 4
175 23 4
175 23 4
175 23 4
175 23 4
175 23 4
175 23 4
175 23 4
175 23 4
175 23 4
175 23 4
175 23 4
175 23 4
175 23 4
175 23 4
175 23 4
175 23 4
175 23 4
175 23 4
175 23 4
175 23 4
175 23 4
175 23 4
175 23 4
175 23 4
175 23 4
175 23 4
175 23 4
175 23 4
175 23 4
175 23 4
175 23 4
175 23 4
175 23 4
175 23 4
175 23 4
175 23 4
175 23 4
175 23 4
175 23 4
175 23 4
175 23 4
175 23 4
175 23 4
175 23 4
175 23 4
175 23 4
175 23 4
175 23 4
175 23 4
175 23 4
175 23 4
175 23 4
175 23 4
175 23 4
175 23 4
175 23 4
175 23 4
175 23 4
175 23 4
175 23 4
175 23 4
175 23 4
175 23 4
175 23 4
175 23 4
175 23 4
175 23 4
175 23 4
175 23 4
175 23 4
175 23 4
175 23 4
175 23 4
175 23 4
175 23 4
175 23 4
175 23 4
175 23 4
175 23 4
175 23 4
175 23 4
175 23 4
175 23 4
175 23 4
175 23 4
175 23 4
175 23 4
175 23 4
175 23 4
175 23 4
175 23 4
175 23 4
175 23 4
175 23 4
175 23 4
175 23 4
175 23 4
175 23 4
175 23 4
175 23 4
175 23 4
175 23 4
175 23 4
175 23 4
175 23 4
175 23 4
175 23 4
175 23 4
175 23 4
175 23 4
175 23 4
175 23 4
175 23 4
175 23 4
175 23 4
175 23 4
175 23 4
175 23 4
175 23 4
175 23 4
175 23 4
175 23 4
175 23 4
175 23 4
175 23 4
175 23 4
175 23 4
175 23 4
175 23 4
175 23 4
175 23 4
175 23 4
175 23 4
175 23 4
175 23 4
175 23 4
175 23 4
175 23 4
175 23 4
175 23 4
175 23 4
175 23 4
175 23 4
175 23 4
175 23 4
175 23 4
175 23 4
175 23 4
175 23 4
175 23 4
175 23 4
175 23 4
175 23 4
175 23 4
175 23 4
175 23 4
175 23 4
175 23 4
175 23 4
175 23 4
175 23 4
175 23 4
175 23 4
175 23 4
175 23 4
175 23 4
175 23 4
175 23 4
175 23 4
175 23 4
175 23 4
175 23 4
175 23 4
175 23 4
175 23 4
175 23 4
175 23 4
175 23 4
175 23 4
175 23 4
175 23 4
175 23 4
175 23 4
175 23 4
175 23 4
175 23 4
175 23 4
175 23 4
175 23 4
140 41 14
128 48 14
128 48 4
128 48 4
128 48 4
128 48 4
128 48 4
128 48 4
128 48 4
128 48 4
128 48 4
128 48 4
128 48 4
128 48 4
128 48 4
128 48 4
128 48 4
128 48 4
128 48 4
128 48 4
128 48 4
128 48 4
128 48 4
128 48 4
128 48 4
128 48 4
128 48 4
128 48 4
128 48 4
128 48 4
128 48 4
128 48 4
128 48 4
128 48 4
128 48 4
128 48 4
128 48 4
128 48 4
128 48 4
128 48 4
128 48 4
128 48 4
128 48 4
128 48 4
128 48 4
128 48 4
128 48 4
128 48 4
128 48 4
128 48 4
128 48 4
128 48 4
128 48 4
128 48 4
128 48 4
128 48 4
128 48 4
128 48 4
128 48 4
128 48 4
128 48 4
128 48 4
128 48 4
128 48 4
128 48 4
128 48 4
128 48 4
128 48 4
128 48 4
128 48 4
128 48 4
128 48 4
128 48 4
128 48 4
128 48 4
128 48 4
128 48 4
128 48 4
128 48 4
128 48 4
128 48 4
128 48 4
128 48 4
128 48 4
128 48 4
128 48 4
128 48 4
128 48 4
128 48 4
128 48 4
128 48 4
128 48 4
128 48 4
128 48 4
128 48 4
128 48 4
128 48 4
128 48 4
128 48 4
128 48 4
128 48 4
128 48 4
128 48 4
128 48 4
128 48 4
128 48 4
128 48 4
128 48 4
128 48 4
128 48 4
128 48 4
128 48 4
128 48 4
128 48 4
128 48 4
128 48 4
128 48 4
128 48 4
128 48 4
128 48 4
128 48 4
128 48 4
128 48 4
128 48 4
128 48 4
128 48 4
128 48 4
128 48 4
128 48 4
128 48 4
128 48 4
128 48 4
128 48 4
128 48 4
128 48 4
128 48 4
128 48 4
128 48 4
128 48 4
128 48 4
128 48 4
128 48 4
128 48 4
128 48 4
128 48 4
128 48 4
128 48 4
128 34 14
128 34 4
128 34 4
128 34 4
128 34 4
128 34 4
128 34 4
128 34 4
128 34 4
128 34 4
128 34 4
128 34 4
128 34 4
128 34 4
128 34 4
128 34 4
128 34 4
128 34 4
128 34 4
128 34 4
128 34 4
128 34 4
128 34 4
128 34 4
128 34 4
128 34 4
128 34 4
128 34 4
128 34 4
128 34 4
128 34 4
128 34 4
128 34 4
128 34 4
128 34 4
128 34 4
128 34 4
128 34 4
128 34 4
128 34 4
128 34 4
128 34 4
128 34 4
128 34 4
128 34 4
128 34 4
128 34 4
128 34 4
128 34 4
128 34 4
38 0 14
38 0 4
38 0 4
38 0 4
38 0 4
38 0 4
38 0 4
49 27 14
49 27 4
49 27 4
49 27 4
49 27 4
49 27 4
49 27 4
49 27 4
49 27 4
49 27 4
49 27 4
49 27 4
49 27 4
49 27 4
49 27 4
49 27 4
49 27 4
49 27 4
49 27 4
49 27 4
49 27 4
49 27 4
49 27 4
49 27 4
49 27 4
49 27 4
49 27 4
49 27 4
49 27 4
49 27 4
49 27 4
49 27 4
49 27 4
49 27 4
49 27 4
49 27 4
49 27 4
49 27 4
49 27 4
49 27 4
49 27 4
49 27 4
49 27 4
49 27 4
49 27 4
49 27 4
49 27 4
49 27 4
49 27 4
49 27 4
49 27 4
49 27 4
49 27 4
49 27 4
49 27 4
49 27 4
49 27 4
49 27 4
49 27 4
49 27 4
49 27 4
49 27 4
49 27 4
49 27 4
49 27 4
49 27 4
140 1 14
140 1 4
140 1 4
140 1 4
140 1 4
140 1 4
140 1 4
140 1 4
140 1 4
140 1 4
140 1 4
140 1 4
140 1 4
140 1 4
140 1 4
140 1 4
140 1 4
140 1 4
140 1 4
140 1 4
140 1 4
140 1 4
140 1 4
140 1 4
140 1 4
140 1 4
140 1 4
140 1 4
140 1 4
140 1 4
140 1 4
140 1 4
140 1 4
140 1 4
140 1 4
140 1 4
140 1 4
140 1 4
140 1 4
140 1 4
140 1 4
140 1 4
140 1 4
140 1 4
140 1 4
140 1 4
140 1 4
140 1 4
140 1 4
140 1 4
140 1 4
140 1 4
140 1 4
140 1 4
140 1 4
140 1 4
140 1 4
140 1 4
140 1 4
140 1 4
140 1 4
140 1 4
140 1 4
140 1 4
140 1 4
140 1 4
140 1 4
140 1 4
140 1 4
140 1 4
140 1 4
140 1 4
140 1 4
140 1 4
140 1 4
140 1 4
140 1 4
140 1 4
140 1 4
140 1 4
140 1 4
140 1 4
140 1 4
140 1 4
140 1 4
140 1 4
140 1 4
140 1 4
140 1 4
140 1 4
140 1 4
140 1 4
140 1 4
140 1 4
140 1 4
140 1 4
140 1 4
140 1 4
140 1 4
140 1 4
140 1 4
140 1 4
140 1 4
140 1 4
140 1 4
140 1 4
140 1 4
140 1 4
140 1 4
140 1 4
140 1 4
140 1 4
140 1 4
140 1 4
140 1 4
140 1 4
140 1 4
140 1 4
140 1 4
140 1 4
140 1 4
140 1 4
140 1 4
140 1 4
140 1 4
140 1 4
140 1 4
140 1 4
140 1 4
140 1 4
140 1 4
140 1 4
140 1 4
140 1 4
140 1 4
140 1 4
140 1 4
140 1 4
140 1 4
140 1 4
140 1 4
140 1 4
140 1 4
140 1 4
140 1 4
140 1 4
140 1 4
140 1 4
140 1 4
140 1 4
140 1 4
140 1 4
140 1 4
140 1 4
140 1 4
140 1 4
140 1 4
140 1 4
140 1 4
140 1 4
140 1 4
140 1 4
140 1 4
140 1 4
140 1 4
140 1 4
140 1 4
140 1 4
140 1 4
140 1 4
140 1 4
140 1 4
140 1 4
140 1 4
140 1 4
140 1 4
140 1 4
140 1 4
140 1 4
140 1 4
140 1 4
140 1 4
140 1 4
140 1 4
140 1 4
140 1 4
140 1 4
140 1 4
140 1 4
140 1 4
140 1 4
140 1 4
140 1 4
140 1 4
140 1 4
140 1 4
140 1 4
140 1 4
140 1 4
140 1 4
140 1 4
140 1 4
140 1 4
140 1 4
140 1 4
140 1 4
140 1 4
140 1 4
140 1 4
140 1 4
140 1 4
140 1 4
140 1 4
140 1 4
140 1 4
140 1 4
140 1 4
117 41 14
117 41 4
117 41 4
117 41 4
117 41 4
117 41 4
117 41 4
117 41 4
117 41 4
117 41 4
117 41 4
117 41 4
117 41 4
117 41 4
117 41 4
117 41 4
117 41 4
117 41 4
117 41 4
117 41 4
117 41 4
117 41 4
117 41 4
117 41 4
117 41 4
117 41 4
117 41 4
117 41 4
117 41 4
117 41 4
117 41 4
117 41 4
117 41 4
117 41 4
117 41 4
117 41 4
117 41 4
117 41 4
117 41 4
117 41 4
117 41 4
117 41 4
117 41 4
117 41 4
117 41 4
117 41 4
117 41 4
117 41 4
117 41 4
117 41 4
117 41 4
117 41 4
117 41 4
117 41 4
117 41 4
117 41 4
117 41 4
117 41 4
117 41 4
117 41 4
117 41 4
117 41 4
117 41 4
117 41 4
117 41 4
117 41 4
117 41 4
117 41 4
117 41 4
117 41 4
117 41 4
117 41 4
117 41 4
117 41 4
117 41 4
117 41 4
117 41 4
117 41 4
117 41 4
117 41 4
117 41 4
117 41 4
117 41 4
117 41 4
117 41 4
117 41 4
117 41 4
117 41 4
117 41 4
117 41 4
117 41 4
117 41 4
117 41 4
117 41 4
117 41 4
117 41 4
117 41 4
117 41 4
117 41 4
117 41 4
117 41 4
117 41 4
117 41 4
117 41 4
117 41 4
117 41 4
117 41 4
117 41 4
117 41 4
117 41 4
117 41 4
117 41 4
117 41 4
117 41 4
117 41 4
117 41 4
117 41 4
117 41 4
117 41 4
117 41 4
117 41 4
117 41 4
117 41 4
117 41 4
117 41 4
117 41 4
147 158 14
136 152 14
106 35 14
106 35 4
106 35 4
106 35 4
106 35 4
106 35 4
106 35 4
106 35 4
106 35 4
106 35 4
106 35 4
106 35 4
106 35 4
106 35 4
106 35 4
106 35 4
106 35 4
106 35 4
106 35 4
106 35 4
94 28 14
94 28 4
94 28 4
94 28 4
94 28 4
94 28 4
94 28 4
94 28 4
94 28 4
94 28 4
94 42 14
83 35 14
125 158 14
125 158 4
125 158 4
125 158 4
125 158 4
125 158 4
125 158 4
125 158 4
125 158 4
125 158 4
125 158 4
125 158 4
125 158 4
125 158 4
125 158 4
125 158 4
125 158 4
125 158 4
125 158 4
125 158 4
125 158 4
125 158 4
125 158 4
125 158 4
125 158 4
125 158 4
125 158 4
125 158 4
125 158 4
125 158 4
125 158 4
125 158 4
125 158 4
125 158 4
125 158 4
125 158 4
125 158 4
125 158 4
125 158 4
125 158 4
125 158 4
125 158 4
125 158 4
125 158 4
125 158 4
125 158 4
125 158 4
125 158 4
125 158 4
125 158 4
125 158 4
125 158 4
125 158 4
125 158 4
125 158 4
125 158 4
125 158 4
125 158 4
125 158 4
125 158 4
125 158 4
125 158 4
125 158 4
125 158 4
125 158 4
125 158 4
125 158 4
125 158 4
125 158 4
125 158 4
125 158 4
125 158 4
125 158 4
125 158 4
125 158 4
125 158 4
125 158 4
125 158 4
125 158 4
125 158 4
125 158 4
125 158 4
125 158 4
125 158 4
125 158 4
125 158 4
125 158 4
125 158 4
125 158 4
125 158 4
125 158 4
125 158 4
125 158 4
125 158 4
125 158 4
148 145 14
137 139 14
83 49 14
83 49 4
83 49 4
83 49 4
83 49 4
83 49 4
83 49 4
83 49 4
83 49 4
83 49 4
83 49 4
83 49 4
83 49 4
83 49 4
83 49 4
83 49 4
83 49 4
83 49 4
83 49 4
83 49 4
83 49 4
83 49 4
83 49 4
83 49 4
83 49 4
83 49 4
83 49 4
83 49 4
83 49 4
83 49 4
83 49 4
83 49 4
83 49 4
83 49 4
83 49 4
83 49 4
83 49 4
83 49 4
83 49 4
83 49 4
83 49 4
83 49 4
83 49 4
83 49 4
83 49 4
83 49 4
83 49 4
83 49 4
83 49 4
83 49 4
83 49 4
83 49 4
83 49 4
83 49 4
83 49 4
83 49 4
83 49 4
83 49 4
83 49 4
83 49 4
83 49 4
83 49 4
83 49 4
83 49 4
83 49 4
83 49 4
83 49 4
83 49 4
83 49 4
83 49 4
83 49 4
83 49 4
83 49 4
83 49 4
83 49 4
83 49 4
83 49 4
83 49 4
83 49 4
83 49 4
83 49 4
83 49 4
83 49 4
83 49 4
83 49 4
83 49 4
83 49 4
83 49 4
83 49 4
83 49 4
83 49 4
83 49 4
83 49 4
83 49 4
83 49 4
83 49 4
83 49 4
83 49 4
83 49 4
83 49 4
83 49 4
83 49 4
83 49 4
83 49 4
83 49 4
83 49 4
83 49 4
83 49 4
83 49 4
83 49 4
83 49 4
83 49 4
83 49 4
83 49 4
83 49 4
83 49 4
83 49 4
83 49 4
83 49 4
83 49 4
83 49 4
83 49 4
83 49 4
83 49 4
83 49 4
83 49 4
83 49 4
83 49 4
83 49 4
83 49 4
83 49 4
83 49 4
83 49 4
83 49 4
83 49 4
83 49 4
83 49 4
83 49 4
83 49 4
83 49 4
83 49 4
83 49 4
83 49 4
83 49 4
83 49 4
83 49 4
83 49 4
83 49 4
83 49 4
83 49 4
83 49 4
83 49 4
83 49 4
83 49 4
83 49 4
83 49 4
83 49 4
83 49 4
83 49 4
83 49 4
83 49 4
83 49 4
83 49 4
83 49 4
83 49 4
83 49 4
83 49 4
83 49 4
83 49 4
72 28 14
72 28 4
72 28 4
72 28 4
72 28 4
72 28 4
72 28 4
72 28 4
72 28 4
72 28 4
72 28 4
72 28 4
72 28 4
72 28 4
72 28 4
72 28 4
72 28 4
72 28 4
72 28 4
72 28 4
72 28 4
72 28 4
72 28 4
72 28 4
72 28 4
72 28 4
72 28 4
72 28 4
72 28 4
72 28 4
72 28 4
72 28 4
72 28 4
72 28 4
72 28 4
83 21 14
83 21 4
83 21 4
72 14 14
72 14 4
72 14 4
72 14 4
72 14 4
72 14 4
72 14 4
72 14 4
72 14 4
72 14 4
72 14 4
72 14 4
72 14 4
72 14 4
72 14 4
72 14 4
72 14 4
72 14 4
72 14 4
72 14 4
72 14 4
72 14 4
72 14 4
72 14 4
72 14 4
72 14 4
72 14 4
72 14 4
72 14 4
72 14 4
72 14 4
72 14 4
72 14 4
72 14 4
72 14 4
72 14 4
72 14 4
72 14 4
72 14 4
72 14 4
72 14 4
72 14 4
72 14 4
72 14 4
72 14 4
72 14 4
72 14 4
72 14 4
72 14 4
72 14 4
72 14 4
72 14 4
72 14 4
72 14 4
72 14 4
72 14 4
72 14 4
72 14 4
72 14 4
72 14 4
72 14 4
72 14 4
72 14 4
72 14 4
72 14 4
72 14 4
72 14 4
72 14 4
72 14 4
72 14 4
72 14 4
72 14 4
72 14 4
72 14 4
72 14 4
72 14 4
72 14 4
72 14 4
72 14 4
72 14 4
72 14 4
72 14 4
72 14 4
72 14 4
72 14 4
72 14 4
72 14 4
72 14 4
72 14 4
72 14 4
72 14 4
72 14 4
72 14 4
72 14 4
72 14 4
72 14 4
72 14 4
72 14 4
72 14 4
72 14 4
72 14 4
72 14 4
72 14 4
72 14 4
72 14 4
72 14 4
72 14 4
72 14 4
72 14 4
72 14 4
72 14 4
72 14 4
72 14 4
72 14 4
72 14 4
72 14 4
72 14 4
159 151 14
159 151 4
159 151 4
159 151 4
159 151 4
159 151 4
159 151 4
159 151 4
159 151 4
159 151 4
159 151 4
159 151 4
159 151 4
159 151 4
159 151 4
159 151 4
159 151 4
159 151 4
159 151 4
159 151 4
159 151 4
159 151 4
159 151 4
159 151 4
159 151 4
159 151 4
159 151 4
159 151 4
126 132 14
126 132 4
126 132 4
126 132 4
126 132 4
126 132 4
126 132 4
126 132 4
126 132 4
126 132 4
126 132 4
126 132 4
126 132 4
126 132 4
126 132 4
126 132 4
126 132 4
126 132 4
126 132 4
126 132 4
126 132 4
126 132 4
61 20 14
61 20 4
61 20 4
61 20 4
61 20 4
61 20 4
61 20 4
61 20 4
61 20 4
61 20 4
61 20 4
61 20 4
61 20 4
61 20 4
61 20 4
61 20 4
61 20 4
61 20 4
61 20 4
61 20 4
61 20 4
61 20 4
61 20 4
61 20 4
61 20 4
61 20 4
61 20 4
61 20 4
61 20 4
61 20 4
61 20 4
61 20 4
61 20 4
61 20 4
61 20 4
61 20 4
61 20 4
61 20 4
61 20 4
61 20 4
61 20 4
61 20 4
61 20 4
61 20 4
61 20 4
61 20 4
61 20 4
61 20 4
61 20 4
61 20 4
61 20 4
61 20 4
61 20 4
61 20 4
61 20 4
61 20 4
61 20 4
61 20 4
61 20 4
61 20 4
61 20 4
61 20 4
61 20 4
61 20 4
61 20 4
61 20 4
61 20 4
61 20 4
61 20 4
61 20 4
61 20 4
61 20 4
61 20 4
61 20 4
61 20 4
61 20 4
61 20 4
61 20 4
61 20 4
61 20 4
61 20 4
61 20 4
61 20 4
61 20 4
61 20 4
61 20 4
61 20 4
61 20 4
61 20 4
61 20 4
61 20 4
61 20 4
61 20 4
61 20 4
61 20 4
61 20 4
61 20 4
61 20 4
61 20 4
61 20 4
61 20 4
61 20 4
61 20 4
61 20 4
61 20 4
61 20 4
61 20 4
61 20 4
61 20 4
61 20 4
61 20 4
61 20 4
61 20 4
61 20 4
61 20 4
61 20 4
61 20 4
61 20 4
61 20 4
61 20 4
61 20 4
61 20 4
61 20 4
61 20 4
105 49 14
102 159 14
102 159 4
102 159 4
102 159 4
102 159 4
102 159 4
102 159 4
102 159 4
102 159 4
102 159 4
102 159 4
102 159 4
102 159 4
102 159 4
102 159 4
102 159 4
102 159 4
102 159 4
102 159 4
102 159 4
102 159 4
102 159 4
102 159 4
102 159 4
102 159 4
102 159 4
102 159 4
102 159 4
102 159 4
102 159 4
102 159 4
102 159 4
102 159 4
102 159 4
102 159 4
102 159 4
102 159 4
102 159 4
102 159 4
102 159 4
102 159 4
102 159 4
102 159 4
102 159 4
102 159 4
102 159 4
102 159 4
102 159 4
102 159 4
102 159 4
102 159 4
102 159 4
102 159 4
102 159 4
94 56 14
94 56 4
94 56 4
94 56 4
94 56 4
94 56 4
94 56 4
94 56 4
94 56 4
94 56 4
94 56 4
94 56 4
94 56 4
94 56 4
94 56 4
94 56 4
94 56 4
94 56 4
94 56 4
94 56 4
94 56 4
94 56 4
94 56 4
94 56 4
94 56 4
94 56 4
94 56 4
94 56 4
94 56 4
94 56 4
94 56 4
94 56 4
94 56 4
94 56 4
94 56 4
94 56 4
94 56 4
94 56 4
94 56 4
94 56 4
94 56 4
94 56 4
94 56 4
94 56 4
94 56 4
94 56 4
94 56 4
94 56 4
94 56 4
94 56 4
94 56 4
94 56 4
94 56 4
94 56 4
94 56 4
94 56 4
94 56 4
94 56 4
94 56 4
94 56 4
94 56 4
94 56 4
94 56 4
94 56 4
94 56 4
94 56 4
94 56 4
94 56 4
94 56 4
94 56 4
105 63 14
105 63 4
105 63 4
105 63 4
105 63 4
105 63 4
105 63 4
105 63 4
105 63 4
105 63 4
105 63 4
105 63 4
105 63 4
105 63 4
105 63 4
105 63 4
105 63 4
105 63 4
105 63 4
105 63 4
105 63 4
105 63 4
105 63 4
105 63 4
105 63 4
105 63 4
105 63 4
105 63 4
105 63 4
105 63 4
105 63 4
105 63 4
105 63 4
105 63 4
105 63 4
105 63 4
105 63 4
105 63 4
105 63 4
159 191 14
159 191 4
159 191 4
159 191 4
159 191 4
159 191 4
159 191 4
159 191 4
159 191 4
159 191 4
159 191 4
159 191 4
159 191 4
159 191 4
159 191 4
159 191 4
159 191 4
159 191 4
159 191 4
159 191 4
159 191 4
159 191 4
159 191 4
159 191 4
159 191 4
159 191 4
159 191 4
159 191 4
159 191 4
159 191 4
159 191 4
159 191 4
159 191 4
159 191 4
159 191 4
159 191 4
159 191 4
159 191 4
159 191 4
159 191 4
159 191 4
159 191 4
159 191 4
159 191 4
159 191 4
159 191 4
159 191 4
159 191 4
159 191 4
159 191 4
159 191 4
159 191 4
159 191 4
159 191 4
159 191 4
159 191 4
159 191 4
159 191 4
159 191 4
159 191 4
159 191 4
159 191 4
159 191 4
159 191 4
159 191 4
159 191 4
159 191 4
159 191 4
159 191 4
159 191 4
159 191 4
159 191 4
159 191 4
159 191 4
159 191 4
159 191 4
159 191 4
159 191 4
159 191 4
159 191 4
159 191 4
159 191 4
159 191 4
159 191 4
159 191 4
159 191 4
159 191 4
159 191 4
159 191 4
159 191 4
159 191 4
159 191 4
159 191 4
159 191 4
159 191 4
159 191 4
159 191 4
159 191 4
159 191 4
159 191 4
159 191 4
159 191 4
159 191 4
171 158 14
171 158 4
171 158 4
171 158 4
171 158 4
171 158 4
171 158 4
171 158 4
171 158 4
171 158 4
171 158 4
171 158 4
171 158 4
171 158 4
171 158 4
171 158 4
171 158 4
171 158 4
171 158 4
171 158 4
171 158 4
171 158 4
171 158 4
171 158 4
171 158 4
171 158 4
171 158 4
171 158 4
171 158 4
171 158 4
171 158 4
171 158 4
171 158 4
171 158 4
171 158 4
171 158 4
171 158 4
171 158 4
171 158 4
171 158 4
171 158 4
171 158 4
171 158 4
171 158 4
171 158 4
171 158 4
171 158 4
171 158 4
171 158 4
171 158 4
171 158 4
171 158 4
171 158 4
171 158 4
171 158 4
171 158 4
171 158 4
171 158 4
171 158 4
171 158 4
171 158 4
171 158 4
171 158 4
171 158 4
171 158 4
171 158 4
171 158 4
171 158 4
171 158 4
171 158 4
171 158 4
171 158 4
171 158 4
171 158 4
171 158 4
171 158 4
171 158 4
171 158 4
171 158 4
171 158 4
171 158 4
171 158 4
171 158 4
171 158 4
171 158 4
171 158 4
171 158 4
171 158 4
171 158 4
171 158 4
171 158 4
171 158 4
171 158 4
171 158 4
171 158 4
171 158 4
171 158 4
171 158 4
171 158 4
171 158 4
171 158 4
171 158 4
171 158 4
171 158 4
171 158 4
171 158 4
171 158 4
171 158 4
171 158 4
171 158 4
171 158 4
171 158 4
171 158 4
171 158 4
171 158 4
171 158 4
171 158 4
171 158 4
171 158 4
171 158 4
171 158 4
171 158 4
171 158 4
171 158 4
171 158 4
171 158 4
171 158 4
171 158 4
171 158 4
171 158 4
171 158 4
171 158 4
171 158 4
182 178 14
182 178 4
182 178 4
182 178 4
182 178 4
182 178 4
182 178 4
182 178 4
182 178 4
182 178 4
182 178 4
182 178 4
182 178 4
182 178 4
182 178 4
182 178 4
182 178 4
182 178 4
182 178 4
182 178 4
182 178 4
182 178 4
182 178 4
182 178 4
182 178 4
182 178 4
182 178 4
182 178 4
182 178 4
182 178 4
182 178 4
182 178 4
182 178 4
182 178 4
182 178 4
182 178 4
182 178 4
182 178 4
182 178 4
182 178 4
182 178 4
182 178 4
182 178 4
182 178 4
182 178 4
182 178 4
182 178 4
182 178 4
182 178 4
182 178 4
182 178 4
182 178 4
182 178 4
182 178 4
182 178 4
182 178 4
182 178 4
182 178 4
182 178 4
182 178 4
182 178 4
182 178 4
182 178 4
182 178 4
182 178 4
182 178 4
182 178 4
182 178 4
182 178 4
182 178 4
182 178 4
182 178 4
182 178 4
182 178 4
182 178 4
182 178 4
182 178 4
182 178 4
182 178 4
182 178 4
182 178 4
182 178 4
182 178 4
182 178 4
182 178 4
182 178 4
182 178 4
182 178 4
182 178 4
182 178 4
182 178 4
182 178 4
182 178 4
182 178 4
182 178 4
182 178 4
182 178 4
182 178 4
182 178 4
182 178 4
182 178 4
182 178 4
182 178 4
182 178 4
182 178 4
182 178 4
182 178 4
182 178 4
182 178 4
182 178 4
182 178 4
182 178 4
182 178 4
182 178 4
182 178 4
182 178 4
182 178 4
182 178 4
182 178 4
182 178 4
182 178 4
182 178 4
182 178 4
182 178 4
182 178 4
182 178 4
182 178 4
182 178 4
182 178 4
182 178 4
94 15 14
94 15 4
94 15 4
94 15 4
94 15 4
94 15 4
94 15 4
94 15 4
94 15 4
94 15 4
94 15 4
94 15 4
94 15 4
94 15 4
94 15 4
94 15 4
94 15 4
94 15 4
94 15 4
94 15 4
94 15 4
94 15 4
94 15 4
94 15 4
94 15 4
94 15 4
94 15 4
94 15 4
83 8 14
83 8 4
83 8 4
83 8 4
83 8 4
83 8 4
83 8 4
83 8 4
83 8 4
83 8 4
83 8 4
83 8 4
83 8 4
83 8 4
83 8 4
83 8 4
83 8 4
83 8 4
83 8 4
83 8 4
83 8 4
83 8 4
83 8 4
83 8 4
83 8 4
83 8 4
83 8 4
83 8 4
83 8 4
83 8 4
83 8 4
83 8 4
83 8 4
83 8 4
83 8 4
83 8 4
83 8 4
83 8 4
83 8 4
83 8 4
83 8 4
83 8 4
83 8 4
83 8 4
83 8 4
83 8 4
83 8 4
83 8 4
83 8 4
83 8 4
94 2 14
94 2 4
94 2 4
94 2 4
94 2 4
94 2 4
147 171 14
147 171 4
147 171 4
147 171 4
147 171 4
147 171 4
147 171 4
147 171 4
147 171 4
147 171 4
147 171 4
147 171 4
147 171 4
147 171 4
147 171 4
147 171 4
136 165 14
136 165 4
136 165 4
136 165 4
136 165 4
136 165 4
136 165 4
136 165 4
136 165 4
136 165 4
136 165 4
136 165 4
136 165 4
136 165 4
136 165 4
136 165 4
136 165 4
136 165 4
136 165 4
136 165 4
136 165 4
136 165 4
136 165 4
136 165 4
136 165 4
136 165 4
136 165 4
136 165 4
136 165 4
136 165 4
136 165 4
136 165 4
136 165 4
136 165 4
136 165 4
136 165 4
136 165 4
136 165 4
136 165 4
136 165 4
136 165 4
136 165 4
136 165 4
136 165 4
136 165 4
136 165 4
136 165 4
136 165 4
136 165 4
136 165 4
136 165 4
136 165 4
136 165 4
136 165 4
136 165 4
136 165 4
136 165 4
136 165 4
136 165 4
136 165 4
136 165 4
136 165 4
136 165 4
136 165 4
136 165 4
136 165 4
136 165 4
136 165 4
136 165 4
136 165 4
136 165 4
136 165 4
136 165 4
136 165 4
136 165 4
136 165 4
136 165 4
136 165 4
136 165 4
136 165 4
136 165 4
136 165 4
136 165 4
136 165 4
136 165 4
136 165 4
136 165 4
136 165 4
136 165 4
136 165 4
136 165 4
136 165 4
136 165 4
136 165 4
136 165 4
136 165 4
136 165 4
136 165 4
136 165 4
83 0 14
83 0 4
83 0 4
83 0 4
83 0 4
83 0 4
83 0 4
83 0 4
83 0 4
83 0 4
83 0 4
83 0 4
83 0 4
83 0 4
83 0 4
83 0 4
83 0 4
83 0 4
83 0 4
83 0 4
83 0 4
83 0 4
83 0 4
83 0 4
83 0 4
83 0 4
83 0 4
83 0 4
83 0 4
83 0 4
83 0 4
83 0 4
83 0 4
83 0 4
83 0 4
83 0 4
83 0 4
83 0 4
83 0 4
83 0 4
83 0 4
83 0 4
83 0 4
83 0 4
83 0 4
83 0 4
83 0 4
83 0 4
83 0 4
83 0 4
83 0 4
83 0 4
83 0 4
83 0 4
83 0 4
83 0 4
83 0 4
83 0 4
83 0 4
83 0 4
83 0 4
83 0 4
83 0 4
83 0 4
147 184 14
147 184 4
147 184 4
147 184 4
147 184 4
147 184 4
147 184 4
147 184 4
147 184 4
147 184 4
147 184 4
147 184 4
147 184 4
147 184 4
147 184 4
147 184 4
147 184 4
147 184 4
147 184 4
147 184 4
147 184 4
147 184 4
147 184 4
147 184 4
147 184 4
147 184 4
147 184 4
147 184 4
147 184 4
147 184 4
147 184 4
147 184 4
147 184 4
147 184 4
147 184 4
147 184 4
147 184 4
147 184 4
147 184 4
147 184 4
147 184 4
147 184 4
147 184 4
147 184 4
147 184 4
147 184 4
147 184 4
147 184 4
147 184 4
147 184 4
147 184 4
147 184 4
147 184 4
147 184 4
147 184 4
147 184 4
147 184 4
147 184 4
147 184 4
147 184 4
147 184 4
147 184 4
147 184 4
147 184 4
147 184 4
147 184 4
147 184 4
147 184 4
147 184 4
147 184 4
147 184 4
147 184 4
147 184 4
147 184 4
147 184 4
147 184 4
147 184 4
147 184 4
147 184 4
147 184 4
147 184 4
147 184 4
147 184 4
147 184 4
147 184 4
147 184 4
147 184 4
147 184 4
147 184 4
147 184 4
147 184 4
147 184 4
147 184 4
147 184 4
147 184 4
147 184 4
147 184 4
147 184 4
147 184 4
147 184 4
147 184 4
147 184 4
147 184 4
147 184 4
147 184 4
147 184 4
147 184 4
147 184 4
147 184 4
147 184 4
147 184 4
147 184 4
147 184 4
147 184 4
147 184 4
147 184 4
147 184 4
147 184 4
147 184 4
147 184 4
147 184 4
147 184 4
147 184 4
147 184 4
147 184 4
147 184 4
147 184 4
147 184 4
147 184 4
147 184 4
147 184 4
147 184 4
147 184 4
147 184 4
147 184 4
147 184 4
147 184 4
147 184 4
160 138 14
149 132 14
138 125 14
138 125 4
138 125 4
138 125 4
138 125 4
138 125 4
138 125 4
138 125 4
138 125 4
138 125 4
106 21 14
106 21 4
106 21 4
106 21 4
106 21 4
106 21 4
106 21 4
106 21 4
106 21 4
106 21 4
106 21 4
106 21 4
106 21 4
106 21 4
106 21 4
106 21 4
106 21 4
106 21 4
106 21 4
106 21 4
106 21 4
106 21 4
106 21 4
106 21 4
106 21 4
106 21 4
106 21 4
106 21 4
106 21 4
106 21 4
106 21 4
106 21 4
106 21 4
106 21 4
106 21 4
106 21 4
106 21 4
106 21 4
106 21 4
106 21 4
106 21 4
106 21 4
106 21 4
106 21 4
106 21 4
106 21 4
106 21 4
106 21 4
106 21 4
106 21 4
106 21 4
106 21 4
106 21 4
106 21 4
106 21 4
106 21 4
106 21 4
106 21 4
106 21 4
106 21 4
106 21 4
106 21 4
106 21 4
106 21 4
106 21 4
106 21 4
106 21 4
106 21 4
106 21 4
106 21 4
106 21 4
106 21 4
106 21 4
106 21 4
106 21 4
106 21 4
106 21 4
106 21 4
106 21 4
106 21 4
106 21 4
106 21 4
106 21 4
106 21 4
106 21 4
106 21 4
106 21 4
106 21 4
106 21 4
106 21 4
106 21 4
106 21 4
106 21 4
106 21 4
106 21 4
106 21 4
106 21 4
106 21 4
106 21 4
106 21 4
106 21 4
106 21 4
106 21 4
106 21 4
106 21 4
106 21 4
106 21 4
106 21 4
106 21 4
106 21 4
106 21 4
106 21 4
106 21 4
106 21 4
106 21 4
106 21 4
106 21 4
106 21 4
106 21 4
106 21 4
106 21 4
106 21 4
106 21 4
106 21 4
106 21 4
106 21 4
106 21 4
106 21 4
106 21 4
106 21 4
106 21 4
106 21 4
106 21 4
106 21 4
106 21 4
106 21 4
106 21 4
106 21 4
106 21 4
106 21 4
106 21 4
106 21 4
106 21 4
106 21 4
106 21 4
106 21 4
106 21 4
106 21 4
106 21 4
106 21 4
106 21 4
106 21 4
106 21 4
106 21 4
106 21 4
106 21 4
106 21 4
93 70 14
93 70 4
93 70 4
93 70 4
93 70 4
93 70 4
93 70 4
93 70 4
93 70 4
93 70 4
93 70 4
93 70 4
93 70 4
93 70 4
93 70 4
93 70 4
93 70 4
93 70 4
93 70 4
93 70 4
93 70 4
93 70 4
93 70 4
93 70 4
93 70 4
93 70 4
93 70 4
93 70 4
93 70 4
93 70 4
93 70 4
93 70 4
93 70 4
93 70 4
93 70 4
93 70 4
93 70 4
93 70 4
93 70 4
93 70 4
93 70 4
93 70 4
93 70 4
93 70 4
93 70 4
93 70 4
93 70 4
93 70 4
93 70 4
93 70 4
93 70 4
93 70 4
93 70 4
93 70 4
93 70 4
93 70 4
93 70 4
93 70 4
93 70 4
93 70 4
93 70 4
93 70 4
93 70 4
93 70 4
93 70 4
93 70 4
93 70 4
93 70 4
93 70 4
93 70 4
93 70 4
93 70 4
93 70 4
93 70 4
93 70 4
93 70 4
93 70 4
93 70 4
93 70 4
93 70 4
93 70 4
93 70 4
93 70 4
93 70 4
93 70 4
93 70 4
93 70 4
93 70 4
93 70 4
93 70 4
93 70 4
93 70 4
93 70 4
93 70 4
93 70 4
93 70 4
93 70 4
93 70 4
93 70 4
93 70 4
93 70 4
93 70 4
93 70 4
93 70 4
93 70 4
93 70 4
93 70 4
93 70 4
93 70 4
93 70 4
93 70 4
93 70 4
93 70 4
93 70 4
93 70 4
93 70 4
93 70 4
93 70 4
93 70 4
93 70 4
93 70 4
93 70 4
93 70 4
93 70 4
93 70 4
93 70 4
93 70 4
93 70 4
93 70 4
93 70 4
93 70 4
93 70 4
93 70 4
93 70 4
93 70 4
93 70 4
93 70 4
93 70 4
93 70 4
93 70 4
93 70 4
93 70 4
93 70 4
93 70 4
93 70 4
93 70 4
93 70 4
93 70 4
93 70 4
93 70 4
93 70 4
93 70 4
93 70 4
93 70 4
93 70 4
93 70 4
93 70 4
93 70 4
93 70 4
93 70 4
93 70 4
93 70 4
93 70 4
93 70 4
93 70 4
93 70 4
93 70 4
93 70 4
93 70 4
93 70 4
93 70 4
93 70 4
93 70 4
93 70 4
93 70 4
93 70 4
93 70 4
93 70 4
93 70 4
93 70 4
93 70 4
93 70 4
93 70 4
93 70 4
93 70 4
93 70 4
93 70 4
93 70 4
93 70 4
93 70 4
93 70 4
93 70 4
93 70 4
93 70 4
93 70 4
93 70 4
93 70 4
93 70 4
93 70 4
93 70 4
93 70 4
93 70 4
93 70 4
93 70 4
93 70 4
93 70 4
93 70 4
93 70 4
93 70 4
93 70 4
106 0 14
106 0 4
106 0 4
106 0 4
106 0 4
106 0 4
106 0 4
106 0 4
106 0 4
106 0 4
106 0 4
106 0 4
106 0 4
106 0 4
106 0 4
106 0 4
106 0 4
106 0 4
106 0 4
106 0 4
106 0 4
106 0 4
106 0 4
106 0 4
106 0 4
106 0 4
106 0 4
106 0 4
106 0 4
106 0 4
106 0 4
106 0 4
106 0 4
106 0 4
106 0 4
106 0 4
106 0 4
106 0 4
106 0 4
106 0 4
106 0 4
106 0 4
106 0 4
106 0 4
106 0 4
106 0 4
106 0 4
106 0 4
106 0 4
106 0 4
106 0 4
106 0 4
106 0 4
106 0 4
106 0 4
106 0 4
106 0 4
106 0 4
106 0 4
106 0 4
106 0 4
106 0 4
106 0 4
106 0 4
106 0 4
106 0 4
106 0 4
106 0 4
106 0 4
106 0 4
150 119 14
150 119 4
150 119 4
161 125 14
161 125 4
161 125 4
161 125 4
161 125 4
161 125 4
161 125 4
106 8 14
106 8 4
106 8 4
106 8 4
106 8 4
106 8 4
106 8 4
106 8 4
106 8 4
106 8 4
106 8 4
106 8 4
106 8 4
106 8 4
106 8 4
106 8 4
106 8 4
106 8 4
106 8 4
106 8 4
106 8 4
106 8 4
106 8 4
106 8 4
106 8 4
106 8 4
106 8 4
106 8 4
106 8 4
106 8 4
106 8 4
106 8 4
106 8 4
106 8 4
106 8 4
106 8 4
106 8 4
106 8 4
106 8 4
106 8 4
106 8 4
106 8 4
106 8 4
106 8 4
106 8 4
106 8 4
106 8 4
106 8 4
106 8 4
106 8 4
106 8 4
106 8 4
106 8 4
106 8 4
106 8 4
106 8 4
106 8 4
106 8 4
106 8 4
106 8 4
106 8 4
106 8 4
106 8 4
106 8 4
106 8 4
106 8 4
106 8 4
106 8 4
106 8 4
106 8 4
106 8 4
106 8 4
106 8 4
106 8 4
106 8 4
106 8 4
106 8 4
106 8 4
106 8 4
106 8 4
106 8 4
106 8 4
106 8 4
106 8 4
106 8 4
106 8 4
106 8 4
106 8 4
106 8 4
106 8 4
106 8 4
106 8 4
61 34 14
61 34 4
61 34 4
61 34 4
61 34 4
61 34 4
61 34 4
61 34 4
61 34 4
61 34 4
61 34 4
61 34 4
61 34 4
61 34 4
61 34 4
61 34 4
61 34 4
61 34 4
61 34 4
61 34 4
61 34 4
61 34 4
61 34 4
61 34 4
61 34 4
61 34 4
61 34 4
61 34 4
61 34 4
61 34 4
61 34 4
61 34 4
61 34 4
61 34 4
61 34 4
61 34 4
61 34 4
61 34 4
61 34 4
39 20 15
39 20 3
40 20 15
41 20 15
42 20 15
43 20 15
44 20 15
45 20 15
46 20 21
47 20 47
47 21 72
47 22 100
48 22 127
48 23 153
48 24 180
49 24 204
49 25 228
49 25 3
49 25 3
49 25 3
49 26 250
49 26 3
49 26 3
49 26 3
49 26 3
49 26 3
49 26 3
50 27 286
50 27 3
50 27 3
50 27 3
50 27 3
50 27 3
50 27 3
50 27 3
50 27 3
50 27 3
50 27 3
51 27 299
51 27 3
51 27 3
51 27 3
51 27 3
51 27 3
51 27 3
51 27 3
51 27 3
51 27 3
51 27 3
51 27 3
51 27 3
51 27 3
51 27 3
51 27 3
51 27 3
51 27 3
51 28 311
52 28 318
52 29 324
53 29 325
53 30 325
54 30 320
54 31 315
55 31 305
55 31 3
55 31 3
55 31 3
55 31 3
56 31 294
56 31 3
56 31 3
56 31 3
56 31 3
56 31 3
56 31 3
56 31 3
56 31 3
56 31 3
56 31 3
56 31 3
56 31 3
56 31 3
56 31 3
56 31 3
56 31 3
56 31 3
56 31 3
56 31 3
56 31 3
56 31 3
56 31 3
56 31 3
56 31 3
56 31 3
56 31 3
56 31 3
56 31 3
56 31 3
56 31 3
56 31 3
56 31 3
56 31 3
56 32 281
56 32 3
56 32 3
56 32 3
56 32 3
56 32 3
56 32 3
56 32 3
56 32 3
56 32 3
56 32 3
56 32 3
56 32 3
56 32 3
56 32 3
56 32 3
56 32 3
57 32 266
57 32 3
57 32 3
57 32 3
57 32 3
57 32 3
57 32 3
57 32 3
57 32 3
57 32 3
57 32 3
57 32 3
57 32 3
57 32 3
57 32 3
57 32 3
57 32 3
57 32 3
57 32 3
57 32 3
57 32 3
57 32 3
57 32 3
57 32 3
57 32 3
57 32 3
57 32 3
57 32 3
57 32 3
57 32 3
57 32 3
57 32 3
57 32 3
57 32 3
57 32 3
57 32 3
57 32 3
57 32 3
57 32 3
57 32 3
57 32 3
57 32 3
57 33 251
57 33 3
57 33 3
57 33 3
57 33 3
57 33 3
57 33 3
57 33 3
57 33 3
57 33 3
57 33 3
57 33 3
57 33 3
57 33 3
57 33 3
57 33 3
57 33 3
57 33 3
58 33 233
58 33 3
58 33 3
58 33 3
58 33 3
58 33 3
58 33 3
58 33 3
58 33 3
58 33 3
58 33 3
58 33 3
58 33 3
58 33 3
58 33 3
58 33 3
58 33 3
58 33 3
58 33 3
58 33 3
58 33 3
58 33 3
58 33 3
58 33 3
58 33 3
58 33 3
58 33 3
58 33 3
58 33 3
58 33 3
58 33 3
58 33 3
58 33 3
59 33 216
59 33 3
59 33 3
59 33 3
59 33 3
59 33 3
59 33 3
59 33 3
59 33 3
59 33 3
59 33 3
59 33 3
59 33 3
59 33 3
59 33 3
59 33 3
59 33 3
59 33 3
59 33 3
59 33 3
59 33 3
59 33 3
59 33 3
59 33 3
59 33 3
59 33 3
59 33 3
59 33 3
59 33 3
59 33 3
59 33 3
59 33 3
59 33 3
59 33 3
59 33 3
59 33 3
59 34 199
59 34 3
59 34 3
59 34 3
59 34 3
59 34 3
59 34 3
59 34 3
59 34 3
59 34 3
59 34 3
59 34 3
59 34 3
59 34 3
59 34 3
60 34 181
60 34 3
60 34 3
60 34 3
60 34 3
60 34 3
60 34 3
60 34 3
60 34 3
60 34 3
62 34 149
63 34 136
64 34 123
65 34 112
66 34 102
67 34 92
68 34 84
69 34 75
70 34 67
71 34 59
72 34 51
73 34 44
74 34 36
75 34 28
76 34 21
77 34 15
78 34 15
79 34 15
80 34 15
81 34 15
82 34 15
83 34 15
84 35 15
85 35 15
86 35 15
87 35 15
88 35 15
89 35 15
90 35 15
91 35 15
91 36 15
91 37 15
92 37 15
93 37 15
94 37 15
95 37 15
96 37 15
97 37 15
98 37 15
99 37 15
100 37 15
101 37 15
101 37 3
102 37 15
102 37 3
102 37 3
103 37 15
103 37 3
103 37 3
103 37 3
104 37 15
104 37 3
104 37 3
104 37 3
104 37 3
104 37 3
105 37 15
105 37 3
105 37 3
105 37 3
105 37 3
105 37 3
105 37 3
105 37 3
106 37 36
106 37 3
106 37 3
107 37 74
108 37 114
109 37 158
110 37 202
111 37 246
112 37 289
113 37 329
114 37 365
114 37 3
114 37 3
114 37 3
114 37 3
114 37 3
114 37 3
114 37 3
114 37 3
114 37 3
114 37 3
114 37 3
114 37 3
114 37 3
114 37 3
114 37 3
114 37 3
114 37 3
114 37 3
114 37 3
114 37 3
114 37 3
114 37 3
114 37 3
114 37 3
114 37 3
114 37 3
114 37 3
114 37 3
114 37 3
114 37 3
114 37 3
114 37 3
114 37 3
114 37 3
114 37 3
114 37 3
114 37 3
114 37 3
114 37 3
114 37 3
114 37 3
114 37 3
114 37 3
114 37 3
114 37 3
114 37 3
114 37 3
114 37 3
114 37 3
114 37 3
114 37 3
114 37 3
115 37 396
115 37 3
115 37 3
115 37 3
115 37 3
115 37 3
115 37 3
115 37 3
115 37 3
115 37 3
115 37 3
115 37 3
115 37 3
115 37 3
115 37 3
115 37 3
115 37 3
115 37 3
115 37 3
115 37 3
115 37 3
115 37 3
115 37 3
115 37 3
115 37 3
115 37 3
115 37 3
115 37 3
115 37 3
115 37 3
115 37 3
115 37 3
115 37 3
115 37 3
115 37 3
115 37 3
115 37 3
115 37 3
115 37 3
115 37 3
115 37 3
115 37 3
115 37 3
115 37 3
115 37 3
115 37 3
115 37 3
115 37 3
115 37 3
115 37 3
115 37 3
115 37 3
115 37 3
115 37 3
115 37 3
115 37 3
115 37 3
115 37 3
115 37 3
115 37 3
115 37 3
115 37 3
115 37 3
115 37 3
115 37 3
115 37 3
115 37 3
115 37 3
115 37 3
115 37 3
115 37 3
115 37 3
115 37 3
115 37 3
115 37 3
115 37 3
115 37 3
115 37 3
115 37 3
115 37 3
115 37 3
115 37 3
115 37 3
115 37 3
115 37 3
115 37 3
115 37 3
115 37 3
115 37 3
115 37 3
115 37 3
115 37 3
115 37 3
115 37 3
115 37 3
115 37 3
115 37 3
115 37 3
115 37 3
115 37 3
115 37 3
115 37 3
115 37 3
115 37 3
115 37 3
115 37 3
115 37 3
115 37 3
115 37 3
115 37 3
115 37 3
115 37 3
115 37 3
115 37 3
115 37 3
115 37 3
115 37 3
115 37 3
115 37 3
115 37 3
115 37 3
115 37 3
115 37 3
115 37 3
115 37 3
115 37 3
115 37 3
115 37 3
115 37 3
115 37 3
115 37 3
115 37 3
115 37 3
115 37 3
115 37 3
115 37 3
116 37 421
116 37 3
116 37 3
116 37 3
116 37 3
116 37 3
116 37 3
116 37 3
116 37 3
116 37 3
116 37 3
116 37 3
116 37 3
116 37 3
116 37 3
116 37 3
116 37 3
116 37 3
116 37 3
116 37 3
116 37 3
116 37 3
116 37 3
116 37 3
116 37 3
116 37 3
116 37 3
116 37 3
116 37 3
116 37 3
116 37 3
116 37 3
116 37 3
116 37 3
116 37 3
116 37 3
116 37 3
116 37 3
116 37 3
116 37 3
116 37 3
116 37 3
116 37 3
116 37 3
116 37 3
116 37 3
116 37 3
116 37 3
116 37 3
116 37 3
116 37 3
116 37 3
116 37 3
116 37 3
116 37 3
116 37 3
116 37 3
116 37 3
116 37 3
116 37 3
116 37 3
116 37 3
116 37 3
116 37 3
116 37 3
116 37 3
116 37 3
116 37 3
116 37 3
116 37 3
116 37 3
116 37 3
116 37 3
116 37 3
116 37 3
116 37 3
116 37 3
116 37 3
116 37 3
116 37 3
116 37 3
116 37 3
116 37 3
116 37 3
116 37 3
116 37 3
116 37 3
116 37 3
116 37 3
116 37 3
116 37 3
116 37 3
116 37 3
116 37 3
116 37 3
116 37 3
116 37 3
116 37 3
116 37 3
116 37 3
116 37 3
116 37 3
116 37 3
116 37 3
116 37 3
116 37 3
116 37 3
116 37 3
116 37 3
116 37 3
116 37 3
116 37 3
116 37 3
116 37 3
116 37 3
116 37 3
116 37 3
116 37 3
116 37 3
116 37 3
116 37 3
116 37 3
116 37 3
116 37 3
116 37 3
116 37 3
116 37 3
116 37 3
116 37 3
116 37 3
116 37 3
116 37 3
116 37 3
116 37 3
116 37 3
116 37 3
116 37 3
116 37 3
116 37 3
116 37 3
116 37 3
116 37 3
116 37 3
116 37 3
116 37 3
116 37 3
116 37 3
116 37 3
116 37 3
116 37 3
116 37 3
116 37 3
116 37 3
116 37 3
116 37 3
116 37 3
116 37 3
116 37 3
116 37 3
116 37 3
116 37 3
116 37 3
116 37 3
116 37 3
116 37 3
116 37 3
116 37 3
116 37 3
116 37 3
116 37 3
116 37 3
116 37 3
116 37 3
116 37 3
116 37 3
116 37 3
116 37 3
116 37 3
116 37 3
116 37 3
116 37 3
116 37 3
116 37 3
116 37 3
116 37 3
116 37 3
116 37 3
116 37 3
116 37 3
116 37 3
116 37 3
116 37 3
116 37 3
116 37 3
116 37 3
116 37 3
116 37 3
116 37 3
116 37 3
116 37 3
116 37 3
116 37 3
116 37 3
116 37 3
116 37 3
116 37 3
116 37 3
116 37 3
116 37 3
116 37 3
116 37 3
116 37 3
116 37 3
116 37 3
116 37 3
116 37 3
116 37 3
116 37 3
116 37 3
116 37 3
116 37 3
116 37 3
116 37 3
116 37 3
116 37 3
116 37 3
117 37 439
117 37 3
117 37 3
117 37 3
117 37 3
117 37 3
117 37 3
117 37 3
117 37 3
117 37 3
117 37 3
117 37 3
117 37 3
117 37 3
117 37 3
117 37 3
117 37 3
117 37 3
117 37 3
117 37 3
117 37 3
117 37 3
117 37 3
117 37 3
117 37 3
117 37 3
117 37 3
117 37 3
117 37 3
117 37 3
117 37 3
117 37 3
117 37 3
117 37 3
117 37 3
117 37 3
117 37 3
117 37 3
117 37 3
117 37 3
117 37 3
117 37 3
117 37 3
117 37 3
117 37 3
117 37 3
117 37 3
117 37 3
117 37 3
117 37 3
117 37 3
117 37 3
117 37 3
117 37 3
117 37 3
117 37 3
117 37 3
117 37 3
117 37 3
117 37 3
117 37 3
117 37 3
117 37 3
117 37 3
117 37 3
117 37 3
117 37 3
117 37 3
117 37 3
117 37 3
117 37 3
117 37 3
117 37 3
117 37 3
117 37 3
117 37 3
117 37 3
117 37 3
117 37 3
117 37 3
117 37 3
117 37 3
117 37 3
117 37 3
117 37 3
117 37 3
117 37 3
117 37 3
117 37 3
117 37 3
117 37 3
117 37 3
117 37 3
117 37 3
117 37 3
117 37 3
117 37 3
117 37 3
117 37 3
117 37 3
117 37 3
117 37 3
117 37 3
117 37 3
117 37 3
117 37 3
117 37 3
117 37 3
117 37 3
117 37 3
117 37 3
117 37 3
117 37 3
117 37 3
117 37 3
117 37 3
117 37 3
117 37 3
117 37 3
117 37 3
117 37 3
117 37 3
117 37 3
117 37 3
117 37 3
117 37 3
117 37 3
117 37 3
117 37 3
117 37 3
117 37 3
117 37 3
117 37 3
117 37 3
117 37 3
117 37 3
117 37 3
117 37 3
117 37 3
117 37 3
117 37 3
117 37 3
117 37 3
117 37 3
117 37 3
117 37 3
117 37 3
117 37 3
117 37 3
117 37 3
117 37 3
117 37 3
117 37 3
117 37 3
117 37 3
117 37 3
117 37 3
117 37 3
117 37 3
117 37 3
117 37 3
117 37 3
117 37 3
117 37 3
117 37 3
117 37 3
117 37 3
117 37 3
117 37 3
117 37 3
117 37 3
117 37 3
117 37 3
117 37 3
117 37 3
117 37 3
117 37 3
117 37 3
117 37 3
117 37 3
117 37 3
117 37 3
117 37 3
117 37 3
117 37 3
117 37 3
117 37 3
117 37 3
117 37 3
117 37 3
117 37 3
117 37 3
117 37 3
117 37 3
117 37 3
117 37 3
117 37 3
117 37 3
117 37 3
117 37 3
117 37 3
117 37 3
117 37 3
117 37 3
117 37 3
117 37 3
117 37 3
117 37 3
117 37 3
117 37 3
117 37 3
117 37 3
117 37 3
117 37 3
117 37 3
117 37 3
117 37 3
117 37 3
117 37 3
117 37 3
117 37 3
117 37 3
117 37 3
117 37 3
117 37 3
117 37 3
117 37 3
117 37 3
117 37 3
117 37 3
117 37 3
117 37 3
117 37 3
117 37 3
117 37 3
117 37 3
117 37 3
117 37 3
117 37 3
117 37 3
117 37 3
117 37 3
117 37 3
117 37 3
117 37 3
117 37 3
117 37 3
117 37 3
117 37 3
117 37 3
117 37 3
117 37 3
117 37 3
117 37 3
117 37 3
117 37 3
117 37 3
117 37 3
117 37 3
117 37 3
117 37 3
117 37 3
117 37 3
117 37 3
117 37 3
117 37 3
117 37 3
117 37 3
117 37 3
117 37 3
117 37 3
117 37 3
117 37 3
117 37 3
117 37 3
117 37 3
117 37 3
117 37 3
117 37 3
117 37 3
117 37 3
117 37 3
117 37 3
117 37 3
117 37 3
117 37 3
117 37 3
117 37 3
117 37 3
117 37 3
117 37 3
117 37 3
117 37 3
117 37 3
117 37 3
117 37 3
117 37 3
117 37 3
117 37 3
117 37 3
117 37 3
117 37 3
118 37 450
118 37 3
118 37 3
118 37 3
118 37 3
118 37 3
118 37 3
118 37 3
118 37 3
118 37 3
118 37 3
118 37 3
118 37 3
118 37 3
118 37 3
118 37 3
118 37 3
118 37 3
118 37 3
118 37 3
118 37 3
118 37 3
118 37 3
118 37 3
118 37 3
118 37 3
118 37 3
118 37 3
118 37 3
118 37 3
118 37 3
118 37 3
118 37 3
118 37 3
118 37 3
118 37 3
118 37 3
118 37 3
118 37 3
118 37 3
118 37 3
118 37 3
118 37 3
118 37 3
118 37 3
118 37 3
118 37 3
118 37 3
118 37 3
118 37 3
118 37 3
118 37 3
118 37 3
118 37 3
118 37 3
118 37 3
118 37 3
118 37 3
118 37 3
118 37 3
118 37 3
118 37 3
118 37 3
118 37 3
118 37 3
118 37 3
118 37 3
118 37 3
118 37 3
118 37 3
118 37 3
118 37 3
118 37 3
118 37 3
118 37 3
118 37 3
118 37 3
118 37 3
118 37 3
118 37 3
118 37 3
118 37 3
118 37 3
118 37 3
118 37 3
118 37 3
118 37 3
118 37 3
118 37 3
118 37 3
118 37 3
118 37 3
118 37 3
118 37 3
118 37 3
118 37 3
118 37 3
118 37 3
118 37 3
118 37 3
118 37 3
118 37 3
118 37 3
118 37 3
118 37 3
118 37 3
118 37 3
118 37 3
118 37 3
118 37 3
118 37 3
118 37 3
118 37 3
118 37 3
118 37 3
118 37 3
118 37 3
118 37 3
118 37 3
118 37 3
118 37 3
118 37 3
118 37 3
118 37 3
118 37 3
118 37 3
118 37 3
118 37 3
118 37 3
118 37 3
118 37 3
118 37 3
118 37 3
118 37 3
118 37 3
118 37 3
118 37 3
118 37 3
118 37 3
118 37 3
118 37 3
118 37 3
118 37 3
118 37 3
118 37 3
118 37 3
118 37 3
118 37 3
118 37 3
118 37 3
118 37 3
118 37 3
118 37 3
118 37 3
118 37 3
118 37 3
118 37 3
118 37 3
118 37 3
118 37 3
118 37 3
118 37 3
118 37 3
118 37 3
118 37 3
118 37 3
118 37 3
118 37 3
118 37 3
118 37 3
118 37 3
118 37 3
118 37 3
118 37 3
118 37 3
118 37 3
118 37 3
118 37 3
118 37 3
118 37 3
118 37 3
118 37 3
118 37 3
118 37 3
118 37 3
118 37 3
118 37 3
118 37 3
118 37 3
118 37 3
118 37 3
118 37 3
118 37 3
118 37 3
118 37 3
118 37 3
118 37 3
118 37 3
118 37 3
118 37 3
118 37 3
118 37 3
118 37 3
118 37 3
118 37 3
118 37 3
118 37 3
118 37 3
118 37 3
118 37 3
118 37 3
118 37 3
118 37 3
118 37 3
118 37 3
118 37 3
118 37 3
118 37 3
118 37 3
118 37 3
118 37 3
118 37 3
118 37 3
118 37 3
118 37 3
118 37 3
118 37 3
118 37 3
118 37 3
118 37 3
118 37 3
118 37 3
118 37 3
118 37 3
118 37 3
118 37 3
118 37 3
118 37 3
118 37 3
118 37 3
118 37 3
118 37 3
118 37 3
118 37 3
118 37 3
118 37 3
118 37 3
118 37 3
118 37 3
118 37 3
118 37 3
118 37 3
118 37 3
118 37 3
118 37 3
118 37 3
118 37 3
118 37 3
118 37 3
118 37 3
118 37 3
118 37 3
118 37 3
118 37 3
118 37 3
118 37 3
118 37 3
118 37 3
118 37 3
118 37 3
118 37 3
118 37 3
118 37 3
118 37 3
118 37 3
118 37 3
118 37 3
118 37 3
118 37 3
118 37 3
118 37 3
118 37 3
118 37 3
118 37 3
118 37 3
118 37 3
118 37 3
118 37 3
118 37 3
118 37 3
118 37 3
118 37 3
118 37 3
118 37 3
118 37 3
118 37 3
118 37 3
118 37 3
118 37 3
118 37 3
118 37 3
118 37 3
118 37 3
118 37 3
118 37 3
118 37 3
118 37 3
118 37 3
118 37 3
118 37 3
118 37 3
118 37 3
118 37 3
118 37 3
118 37 3
118 37 3
118 37 3
118 37 3
118 37 3
118 37 3
118 37 3
118 37 3
118 37 3
118 37 3
118 37 3
118 37 3
118 37 3
118 37 3
118 37 3
118 37 3
118 37 3
118 37 3
118 37 3
118 37 3
118 37 3
118 37 3
118 37 3
118 37 3
118 37 3
118 37 3
118 37 3
118 37 3
118 37 3
118 37 3
118 37 3
118 37 3
118 37 3
118 37 3
118 37 3
118 37 3
118 37 3
118 37 3
118 37 3
118 37 3
118 37 3
118 37 3
118 37 3
118 37 3
118 37 3
118 37 3
118 37 3
118 37 3
118 37 3
119 37 452
119 37 3
119 37 3
119 37 3
119 37 3
119 37 3
119 37 3
119 37 3
119 37 3
119 37 3
119 37 3
119 37 3
119 37 3
119 37 3
119 37 3
119 37 3
119 37 3
119 37 3
119 37 3
119 37 3
119 37 3
119 37 3
119 37 3
119 37 3
119 37 3
119 37 3
119 37 3
119 37 3
119 37 3
119 37 3
119 37 3
119 37 3
119 37 3
119 37 3
119 37 3
119 37 3
119 37 3
119 37 3
119 37 3
119 37 3
119 37 3
119 37 3
119 37 3
119 37 3
119 37 3
119 37 3
119 37 3
119 37 3
119 37 3
119 37 3
119 37 3
119 37 3
119 37 3
119 37 3
119 37 3
119 37 3
119 37 3
119 37 3
119 37 3
119 37 3
119 37 3
119 37 3
119 37 3
119 37 3
119 37 3
119 37 3
119 37 3
119 37 3
119 37 3
119 37 3
119 37 3
119 37 3
119 37 3
119 37 3
119 37 3
119 37 3
119 37 3
119 37 3
119 37 3
119 37 3
119 37 3
119 37 3
119 37 3
119 37 3
119 37 3
119 37 3
119 37 3
119 37 3
119 37 3
119 37 3
119 37 3
119 37 3
119 37 3
119 37 3
119 37 3
119 37 3
119 37 3
119 37 3
119 37 3
119 37 3
119 37 3
119 37 3
119 37 3
119 37 3
119 37 3
119 37 3
119 37 3
119 37 3
119 37 3
119 37 3
119 37 3
119 37 3
119 37 3
119 37 3
119 37 3
119 37 3
119 37 3
119 37 3
119 37 3
119 37 3
119 37 3
119 37 3
119 37 3
119 37 3
119 37 3
119 37 3
119 37 3
119 37 3
119 37 3
119 37 3
119 37 3
119 37 3
119 37 3
119 37 3
119 37 3
119 37 3
119 37 3
119 37 3
119 37 3
119 37 3
119 37 3
119 37 3
119 37 3
119 37 3
119 37 3
119 37 3
119 37 3
119 37 3
119 37 3
119 37 3
119 37 3
119 37 3
119 37 3
119 37 3
119 37 3
119 37 3
119 37 3
119 37 3
119 37 3
119 37 3
119 37 3
119 37 3
119 37 3
119 37 3
119 37 3
119 37 3
119 37 3
119 37 3
119 37 3
119 37 3
119 37 3
119 37 3
119 37 3
119 37 3
119 37 3
119 37 3
119 37 3
119 37 3
119 37 3
119 37 3
119 37 3
119 37 3
119 37 3
119 37 3
119 37 3
119 37 3
119 37 3
119 37 3
119 37 3
119 37 3
119 37 3
119 37 3
119 37 3
119 37 3
119 37 3
119 37 3
119 37 3
119 37 3
119 37 3
119 37 3
119 37 3
119 37 3
119 37 3
119 37 3
119 37 3
119 37 3
119 37 3
119 37 3
119 37 3
119 37 3
119 37 3
119 37 3
119 37 3
119 37 3
119 37 3
119 37 3
119 37 3
119 37 3
119 37 3
119 37 3
119 37 3
119 37 3
119 37 3
119 37 3
119 37 3
119 37 3
119 37 3
119 37 3
119 37 3
119 37 3
119 37 3
119 37 3
119 37 3
119 37 3
119 37 3
119 37 3
119 37 3
119 37 3
119 37 3
119 37 3
119 37 3
119 37 3
119 37 3
119 37 3
119 37 3
119 37 3
119 37 3
119 37 3
119 37 3
119 37 3
119 37 3
119 37 3
119 37 3
119 37 3
119 37 3
119 37 3
119 37 3
119 37 3
119 37 3
119 37 3
119 37 3
119 37 3
119 37 3
119 37 3
119 37 3
119 37 3
119 37 3
119 37 3
119 37 3
119 37 3
119 37 3
119 37 3
119 37 3
119 37 3
119 37 3
119 37 3
119 37 3
119 37 3
119 37 3
119 37 3
119 37 3
119 37 3
119 37 3
119 37 3
119 37 3
119 37 3
119 37 3
119 37 3
119 37 3
119 37 3
119 37 3
119 37 3
119 37 3
119 37 3
119 37 3
119 37 3
119 37 3
119 37 3
119 37 3
119 37 3
119 37 3
119 37 3
119 37 3
119 37 3
119 37 3
119 37 3
119 37 3
119 37 3
119 37 3
119 37 3
119 37 3
119 37 3
119 37 3
119 37 3
119 37 3
119 37 3
119 37 3
119 37 3
119 37 3
119 37 3
119 37 3
119 37 3
119 37 3
119 37 3
119 37 3
119 37 3
119 37 3
119 37 3
119 37 3
119 37 3
119 37 3
119 37 3
119 37 3
119 37 3
119 37 3
119 37 3
119 37 3
119 37 3
119 37 3
119 37 3
119 37 3
119 37 3
119 37 3
119 37 3
119 37 3
119 37 3
119 37 3
119 37 3
119 37 3
119 37 3
119 37 3
119 37 3
119 37 3
119 37 3
119 37 3
119 37 3
119 37 3
119 37 3
119 37 3
119 37 3
119 37 3
119 37 3
119 37 3
119 37 3
119 37 3
119 37 3
119 37 3
119 37 3
119 37 3
119 37 3
119 37 3
119 37 3
119 37 3
119 37 3
119 37 3
119 37 3
119 37 3
119 37 3
119 37 3
119 37 3
119 37 3
119 37 3
119 37 3
119 37 3
119 37 3
119 37 3
119 37 3
119 37 3
119 37 3
119 37 3
120 37 447
120 37 3
120 37 3
120 37 3
120 37 3
120 37 3
120 37 3
120 37 3
120 37 3
120 37 3
120 37 3
120 37 3
120 37 3
120 37 3
120 37 3
120 37 3
120 37 3
120 37 3
120 37 3
120 37 3
120 37 3
120 37 3
120 37 3
120 37 3
120 37 3
120 37 3
120 37 3
120 37 3
120 37 3
120 37 3
120 37 3
120 37 3
120 37 3
120 37 3
120 37 3
120 37 3
120 37 3
120 37 3
120 37 3
120 37 3
120 37 3
120 37 3
120 37 3
120 37 3
120 37 3
120 37 3
120 37 3
120 37 3
120 37 3
120 37 3
120 37 3
120 37 3
120 37 3
120 37 3
120 37 3
120 37 3
120 37 3
120 37 3
120 37 3
120 37 3
120 37 3
120 37 3
120 37 3
120 37 3
120 37 3
120 37 3
120 37 3
120 37 3
120 37 3
120 37 3
120 37 3
120 37 3
120 37 3
120 37 3
120 37 3
120 37 3
120 37 3
120 37 3
120 37 3
120 37 3
120 37 3
120 37 3
120 37 3
120 37 3
120 37 3
120 37 3
120 37 3
120 37 3
120 37 3
120 37 3
120 37 3
120 37 3
120 37 3
120 37 3
120 37 3
120 37 3
120 37 3
120 37 3
120 37 3
120 37 3
120 37 3
120 37 3
120 37 3
120 37 3
120 37 3
120 37 3
120 37 3
120 37 3
120 37 3
120 37 3
120 37 3
120 37 3
120 37 3
120 37 3
120 37 3
120 37 3
120 37 3
120 37 3
120 37 3
120 37 3
120 37 3
120 37 3
120 37 3
120 37 3
120 37 3
120 37 3
120 37 3
120 37 3
120 37 3
120 37 3
120 37 3
120 37 3
120 37 3
120 37 3
120 37 3
120 37 3
120 37 3
120 37 3
120 37 3
120 37 3
120 37 3
120 37 3
120 37 3
120 37 3
120 37 3
120 37 3
120 37 3
120 37 3
120 37 3
120 37 3
120 37 3
120 37 3
120 37 3
120 37 3
120 37 3
120 37 3
120 37 3
120 37 3
120 37 3
120 37 3
120 37 3
120 37 3
120 37 3
120 37 3
120 37 3
120 37 3
120 37 3
120 37 3
120 37 3
120 37 3
120 37 3
120 37 3
120 37 3
120 37 3
120 37 3
120 37 3
120 37 3
120 37 3
120 37 3
120 37 3
120 37 3
120 37 3
120 37 3
120 37 3
120 37 3
120 37 3
120 37 3
120 37 3
120 37 3
120 37 3
120 37 3
120 37 3
120 37 3
120 37 3
120 37 3
120 37 3
120 37 3
120 37 3
120 37 3
120 37 3
120 37 3
120 37 3
120 37 3
120 37 3
120 37 3
120 37 3
120 37 3
120 37 3
120 37 3
120 37 3
120 37 3
120 37 3
120 37 3
120 37 3
120 37 3
120 37 3
120 37 3
120 37 3
120 37 3
120 37 3
120 37 3
120 37 3
120 37 3
120 37 3
120 37 3
120 37 3
120 37 3
120 37 3
120 37 3
120 37 3
120 37 3
120 37 3
120 37 3
120 37 3
120 37 3
120 37 3
120 37 3
120 37 3
120 37 3
120 37 3
120 37 3
120 37 3
120 37 3
120 37 3
120 37 3
120 37 3
120 37 3
120 37 3
120 37 3
120 37 3
120 37 3
120 37 3
120 37 3
120 37 3
120 37 3
120 37 3
120 37 3
120 37 3
120 37 3
120 37 3
120 37 3
120 37 3
120 37 3
120 37 3
120 37 3
120 37 3
120 37 3
120 37 3
120 37 3
120 37 3
120 37 3
120 37 3
120 37 3
120 37 3
120 37 3
120 37 3
120 37 3
120 37 3
120 37 3
120 37 3
120 37 3
120 37 3
120 37 3
120 37 3
120 37 3
120 37 3
120 37 3
120 37 3
120 37 3
120 37 3
120 37 3
120 37 3
120 37 3
120 37 3
120 37 3
120 37 3
120 37 3
120 37 3
120 37 3
120 37 3
120 37 3
120 37 3
120 37 3
120 37 3
120 37 3
120 37 3
120 37 3
120 37 3
120 37 3
120 37 3
120 37 3
120 37 3
120 37 3
120 37 3
120 37 3
120 37 3
120 37 3
120 37 3
120 37 3
120 37 3
120 37 3
120 37 3
120 37 3
120 37 3
120 37 3
120 37 3
120 37 3
120 37 3
120 37 3
120 37 3
120 37 3
120 37 3
120 37 3
120 37 3
120 37 3
120 37 3
120 37 3
120 37 3
120 37 3
120 37 3
120 37 3
120 37 3
120 37 3
120 37 3
120 37 3
120 37 3
120 37 3
120 37 3
120 37 3
120 37 3
120 37 3
120 37 3
120 37 3
120 37 3
120 37 3
120 37 3
120 37 3
120 37 3
120 37 3
120 37 3
120 37 3
120 37 3
120 37 3
121 37 434
121 37 3
121 37 3
121 37 3
121 37 3
121 37 3
121 37 3
121 37 3
121 37 3
121 37 3
121 37 3
121 37 3
121 37 3
121 37 3
121 37 3
121 37 3
121 37 3
121 37 3
121 37 3
121 37 3
121 37 3
121 37 3
121 37 3
121 37 3
121 37 3
121 37 3
121 37 3
121 37 3
121 37 3
121 37 3
121 37 3
121 37 3
121 37 3
121 37 3
121 37 3
121 37 3
121 37 3
121 37 3
121 37 3
121 37 3
121 37 3
121 37 3
121 37 3
121 37 3
121 37 3
121 37 3
121 37 3
121 37 3
121 37 3
121 37 3
121 37 3
121 37 3
121 37 3
121 37 3
121 37 3
121 37 3
121 37 3
121 37 3
121 37 3
121 37 3
121 37 3
121 37 3
121 37 3
121 37 3
121 37 3
121 37 3
121 37 3
121 37 3
121 37 3
121 37 3
121 37 3
121 37 3
121 37 3
121 37 3
121 37 3
121 37 3
121 37 3
121 37 3
121 37 3
121 37 3
121 37 3
121 37 3
121 37 3
121 37 3
121 37 3
121 37 3
121 37 3
121 37 3
121 37 3
121 37 3
121 37 3
121 37 3
121 37 3
121 37 3
121 37 3
121 37 3
121 37 3
121 37 3
121 37 3
121 37 3
121 37 3
121 37 3
121 37 3
121 37 3
121 37 3
121 37 3
121 37 3
121 37 3
121 37 3
121 37 3
121 37 3
121 37 3
121 37 3
121 37 3
121 37 3
121 37 3
121 37 3
121 37 3
121 37 3
121 37 3
121 37 3
121 37 3
121 37 3
121 37 3
121 37 3
121 37 3
121 37 3
121 37 3
121 37 3
121 37 3
121 37 3
121 37 3
121 37 3
121 37 3
121 37 3
121 37 3
121 37 3
121 37 3
121 37 3
121 37 3
121 37 3
121 37 3
121 37 3
121 37 3
121 37 3
121 37 3
121 37 3
121 37 3
121 37 3
121 37 3
121 37 3
121 37 3
121 37 3
121 37 3
121 37 3
121 37 3
121 37 3
121 37 3
121 37 3
121 37 3
121 37 3
121 37 3
121 37 3
121 37 3
121 37 3
121 37 3
121 37 3
121 37 3
121 37 3
121 37 3
121 37 3
121 37 3
121 37 3
121 37 3
121 37 3
121 37 3
121 37 3
121 37 3
121 37 3
121 37 3
121 37 3
121 37 3
121 37 3
121 37 3
121 37 3
121 37 3
121 37 3
121 37 3
121 37 3
121 37 3
121 37 3
121 37 3
121 37 3
121 37 3
121 37 3
121 37 3
121 37 3
121 37 3
121 37 3
121 37 3
121 37 3
121 37 3
121 37 3
121 37 3
121 37 3
121 37 3
121 37 3
121 37 3
121 37 3
121 37 3
121 37 3
121 37 3
121 37 3
121 37 3
121 37 3
121 37 3
121 37 3
121 37 3
121 37 3
121 37 3
121 37 3
121 37 3
121 37 3
121 37 3
121 37 3
121 37 3
121 37 3
121 37 3
121 37 3
121 37 3
121 37 3
121 37 3
121 37 3
121 37 3
121 37 3
121 37 3
121 37 3
121 37 3
121 37 3
121 37 3
121 37 3
121 37 3
121 37 3
121 37 3
121 37 3
121 37 3
121 37 3
121 37 3
121 37 3
121 37 3
121 37 3
121 37 3
121 37 3
121 37 3
121 37 3
121 37 3
121 37 3
121 37 3
121 37 3
121 37 3
121 37 3
121 37 3
121 37 3
121 37 3
121 37 3
121 37 3
121 37 3
121 37 3
121 37 3
121 37 3
121 37 3
121 37 3
121 37 3
121 37 3
121 37 3
121 37 3
121 37 3
121 37 3
121 37 3
121 37 3
121 37 3
121 37 3
121 37 3
121 37 3
121 37 3
122 37 413
122 37 3
122 37 3
122 37 3
122 37 3
122 37 3
122 37 3
122 37 3
122 37 3
122 37 3
122 37 3
122 37 3
122 37 3
122 37 3
122 37 3
122 37 3
122 37 3
122 37 3
122 37 3
122 37 3
122 37 3
122 37 3
122 37 3
122 37 3
122 37 3
122 37 3
122 37 3
122 37 3
122 37 3
122 37 3
122 37 3
122 37 3
122 37 3
122 37 3
122 37 3
122 37 3
122 37 3
122 37 3
122 37 3
122 37 3
122 37 3
122 37 3
122 37 3
122 37 3
122 37 3
122 37 3
122 37 3
122 37 3
122 37 3
122 37 3
122 37 3
122 37 3
122 37 3
122 37 3
122 37 3
122 37 3
122 37 3
122 37 3
122 37 3
122 37 3
122 37 3
122 37 3
122 37 3
122 37 3
122 37 3
122 37 3
122 37 3
122 37 3
122 37 3
122 37 3
122 37 3
122 37 3
122 37 3
122 37 3
122 37 3
122 37 3
122 37 3
122 37 3
122 37 3
122 37 3
122 37 3
122 37 3
122 37 3
122 37 3
122 37 3
122 37 3
122 37 3
122 37 3
122 37 3
122 37 3
122 37 3
122 37 3
122 37 3
122 37 3
122 37 3
122 37 3
122 37 3
122 37 3
122 37 3
122 37 3
122 37 3
122 37 3
122 37 3
122 37 3
122 37 3
122 37 3
122 37 3
122 37 3
122 37 3
122 37 3
122 37 3
122 37 3
122 37 3
122 37 3
122 37 3
122 37 3
122 37 3
122 37 3
122 37 3
122 37 3
122 37 3
122 37 3
122 37 3
122 37 3
122 37 3
122 37 3
122 37 3
122 37 3
122 37 3
122 37 3
122 37 3
122 37 3
122 37 3
122 37 3
122 37 3
122 37 3
122 37 3
122 37 3
122 37 3
122 37 3
122 37 3
122 37 3
122 37 3
122 37 3
122 37 3
122 37 3
122 37 3
122 37 3
122 37 3
122 37 3
122 37 3
122 37 3
122 37 3
122 37 3
122 37 3
122 37 3
122 37 3
122 37 3
122 37 3
122 37 3
122 37 3
122 37 3
122 37 3
122 37 3
122 37 3
122 37 3
122 37 3
122 37 3
122 37 3
122 37 3
122 37 3
122 37 3
122 37 3
122 37 3
122 37 3
122 37 3
122 37 3
122 37 3
122 37 3
123 37 386
123 37 3
123 37 3
123 37 3
123 37 3
123 37 3
123 37 3
123 37 3
123 37 3
123 37 3
123 37 3
123 37 3
123 37 3
123 37 3
123 37 3
123 37 3
123 37 3
123 37 3
123 37 3
123 37 3
123 37 3
123 37 3
123 37 3
123 37 3
123 37 3
123 37 3
123 37 3
123 37 3
123 37 3
123 37 3
123 37 3
123 37 3
123 37 3
123 37 3
123 37 3
123 37 3
123 37 3
123 37 3
123 37 3
123 37 3
123 37 3
123 37 3
123 37 3
123 37 3
123 37 3
123 37 3
123 37 3
123 37 3
123 37 3
123 37 3
123 37 3
123 37 3
123 37 3
123 37 3
123 37 3
123 37 3
123 37 3
123 37 3
123 37 3
123 37 3
123 37 3
123 37 3
123 37 3
123 37 3
123 37 3
123 37 3
123 37 3
123 37 3
123 37 3
123 37 3
123 37 3
123 37 3
123 37 3
123 37 3
123 37 3
123 37 3
123 37 3
123 37 3
123 37 3
124 37 353
124 37 3
124 37 3
124 37 3
124 37 3
124 37 3
124 37 3
124 37 3
124 37 3
124 37 3
125 37 315
126 37 274
127 37 231
128 37 186
129 37 143
130 37 101
131 37 62
131 37 3
131 37 3
131 37 3
131 37 3
131 37 3
131 37 3
132 37 26
132 37 3
132 37 3
132 37 3
132 37 3
132 37 3
132 37 3
132 37 3
132 37 3
132 37 3
132 37 3
132 37 3
132 37 3
132 37 3
132 37 3
132 37 3
132 37 3
132 37 3
132 37 3
133 37 15
133 37 3
133 37 3
133 37 3
133 37 3
133 37 3
133 37 3
133 37 3
133 37 3
133 37 3
133 37 3
133 37 3
133 37 3
133 37 3
133 37 3
133 37 3
133 37 3
133 37 3
133 37 3
133 37 3
133 37 3
133 37 3
133 36 15
133 36 3
133 36 3
133 36 3
133 36 3
133 36 3
133 36 3
133 36 3
133 36 3
133 36 3
133 36 3
133 36 3
133 36 3
133 36 3
133 36 3
133 36 3
133 36 3
133 36 3
133 36 3
133 36 3
133 36 3
133 36 3
133 36 3
133 36 3
133 36 3
133 36 3
133 36 3
134 36 15
134 36 3
134 36 3
134 36 3
134 36 3
134 36 3
134 36 3
134 36 3
134 36 3
134 36 3
134 36 3
134 36 3
134 36 3
134 36 3
134 36 3
134 36 3
134 36 3
134 36 3
134 36 3
134 36 3
134 36 3
134 35 15
134 35 3
134 35 3
134 35 3
134 35 3
134 35 3
134 35 3
134 35 3
134 35 3
134 35 3
134 35 3
134 35 3
134 35 3
134 35 3
134 35 3
134 35 3
134 35 3
134 35 3
134 35 3
134 35 3
134 35 3
134 35 3
134 35 3
134 35 3
134 34 15
134 34 3
134 34 3
134 34 3
134 34 3
134 34 3
134 34 3
134 34 3
134 34 3
134 34 3
134 34 3
134 34 3
134 34 3
134 34 3
134 34 3
134 34 3
134 34 3
134 34 3
134 34 3
134 34 3
134 34 3
134 34 3
134 34 3
134 34 3
134 34 3
134 34 3
135 34 15
135 34 3
135 34 3
135 34 3
135 34 3
135 34 3
135 34 3
135 34 3
135 34 3
135 34 3
135 34 3
135 34 3
135 34 3
135 34 3
135 34 3
136 34 15
136 34 3
136 34 3
136 34 3
136 34 3
136 34 3
136 34 3
136 34 3
137 34 15
137 34 3
137 34 3
137 34 3
138 34 15
138 34 3
138 33 15
138 33 3
139 33 15
140 33 15
140 32 15
140 31 15
140 30 15
140 29 15
140 28 24
