113 89 14
113 89 4
113 89 4
19 185 14
19 185 4
146 62 14
146 62 4
127 199 14
127 199 4
80 118 14
80 118 4
80 118 4
80 118 4
65 158 14
65 158 4
65 158 4
65 158 4
65 158 4
65 158 4
65 158 4
65 158 4
65 158 4
65 158 4
65 158 4
65 158 4
65 158 4
65 158 4
65 158 4
65 158 4
65 158 4
65 158 4
65 158 4
65 158 4
65 158 4
65 158 4
65 158 4
65 158 4
65 158 4
65 158 4
65 158 4
65 158 4
65 158 4
65 158 4
65 158 4
65 158 4
65 158 4
65 158 4
65 158 4
65 158 4
65 158 4
65 158 4
65 158 4
65 158 4
65 158 4
65 158 4
65 158 4
65 158 4
65 158 4
65 158 4
65 158 4
65 158 4
65 158 4
65 158 4
65 158 4
65 158 4
65 158 4
65 158 4
65 158 4
65 158 4
65 158 4
65 158 4
50 6 14
50 6 4
50 6 4
50 6 4
50 6 4
50 6 4
151 137 14
151 137 4
151 137 4
151 137 4
151 137 4
151 137 4
151 137 4
151 137 4
151 137 4
151 137 4
151 137 4
151 137 4
151 137 4
151 137 4
151 137 4
151 137 4
151 137 4
12 43 14
12 43 4
12 43 4
12 43 4
12 43 4
12 43 4
12 43 4
12 43 4
12 43 4
12 43 4
12 43 4
12 43 4
12 43 4
12 43 4
12 43 4
12 43 4
12 43 4
12 43 4
12 43 4
12 43 4
12 43 4
12 43 4
12 43 4
12 43 4
12 43 4
12 43 4
12 43 4
12 43 4
12 43 4
12 43 4
12 43 4
12 43 4
12 43 4
12 43 4
12 43 4
12 43 4
90 113 14
101 95 14
101 95 4
113 102 14
101 108 14
101 108 4
101 108 4
127 186 14
127 186 4
127 186 4
127 186 4
127 186 4
127 186 4
127 186 4
127 186 4
127 186 4
127 186 4
127 186 4
127 186 4
127 186 4
127 186 4
127 186 4
127 186 4
127 186 4
127 186 4
127 186 4
127 186 4
127 186 4
127 186 4
127 186 4
127 186 4
116 192 14
116 192 4
116 192 4
116 192 4
116 192 4
116 192 4
116 192 4
116 192 4
116 192 4
116 192 4
116 192 4
116 192 4
116 192 4
30 192 14
30 192 4
30 192 4
30 192 4
30 192 4
30 192 4
30 192 4
30 192 4
30 192 4
30 192 4
30 192 4
18 198 14
18 198 4
18 198 4
18 198 4
18 198 4
18 198 4
18 198 4
18 198 4
144 76 14
144 76 4
144 76 4
144 76 4
144 76 4
144 76 4
131 69 14
131 69 4
129 83 14
129 83 4
129 83 4
129 83 4
75 151 14
75 151 4
75 151 4
75 151 4
75 151 4
75 151 4
75 151 4
75 151 4
75 151 4
75 151 4
75 151 4
75 151 4
75 151 4
75 151 4
75 151 4
75 151 4
75 151 4
75 151 4
75 151 4
75 151 4
75 151 4
75 151 4
75 151 4
75 151 4
75 151 4
75 151 4
75 151 4
75 151 4
75 151 4
75 151 4
75 151 4
75 151 4
75 151 4
75 151 4
75 151 4
75 151 4
75 151 4
75 151 4
75 151 4
75 151 4
75 151 4
75 151 4
75 151 4
75 151 4
75 151 4
75 151 4
75 151 4
75 151 4
75 151 4
75 151 4
75 151 4
75 151 4
75 151 4
75 151 4
75 151 4
75 151 4
75 151 4
75 151 4
75 151 4
75 151 4
75 151 4
75 151 4
75 151 4
75 151 4
75 151 4
75 151 4
75 151 4
75 151 4
75 151 4
75 151 4
75 151 4
75 151 4
75 151 4
75 151 4
75 151 4
75 151 4
75 151 4
75 151 4
75 151 4
75 151 4
75 151 4
75 151 4
75 151 4
75 151 4
75 151 4
75 151 4
75 151 4
75 151 4
75 151 4
75 151 4
64 144 14
64 144 4
64 144 4
64 144 4
64 144 4
64 144 4
64 144 4
64 144 4
64 144 4
64 144 4
64 144 4
64 144 4
64 144 4
64 144 4
64 144 4
64 144 4
64 144 4
64 144 4
64 144 4
64 144 4
64 144 4
64 144 4
64 144 4
64 144 4
64 144 4
64 144 4
64 144 4
64 144 4
64 144 4
64 144 4
64 144 4
64 144 4
64 144 4
64 144 4
64 144 4
64 144 4
64 144 4
64 144 4
64 144 4
64 144 4
64 144 4
64 144 4
64 144 4
64 144 4
64 144 4
64 144 4
64 144 4
64 144 4
64 144 4
64 144 4
64 144 4
64 144 4
64 144 4
64 144 4
64 144 4
64 144 4
64 144 4
64 144 4
64 144 4
64 144 4
64 144 4
64 144 4
64 144 4
64 144 4
64 144 4
64 144 4
64 144 4
64 144 4
64 144 4
64 144 4
64 144 4
64 144 4
64 144 4
64 144 4
64 144 4
64 144 4
64 144 4
64 144 4
64 144 4
64 144 4
64 144 4
64 144 4
64 144 4
64 144 4
64 144 4
64 144 4
64 144 4
64 144 4
64 144 4
64 144 4
64 144 4
64 144 4
64 144 4
64 144 4
64 144 4
64 144 4
64 144 4
64 144 4
64 144 4
64 144 4
64 144 4
64 144 4
64 144 4
64 144 4
64 144 4
64 144 4
64 144 4
64 144 4
64 144 4
64 144 4
64 144 4
64 144 4
64 144 4
64 144 4
64 144 4
64 144 4
64 144 4
64 144 4
64 144 4
64 144 4
64 144 4
64 144 4
64 144 4
64 144 4
64 144 4
64 144 4
64 144 4
64 144 4
64 144 4
64 144 4
64 144 4
64 144 4
64 144 4
64 144 4
64 144 4
64 144 4
64 144 4
64 144 4
64 144 4
64 144 4
64 144 4
64 144 4
64 144 4
64 144 4
64 144 4
64 144 4
64 144 4
64 144 4
64 144 4
61 13 14
61 13 4
61 13 4
61 13 4
61 13 4
61 13 4
61 13 4
62 0 14
62 0 4
62 0 4
62 0 4
62 0 4
117 180 14
117 180 4
117 180 4
117 180 4
117 180 4
117 180 4
117 180 4
117 180 4
117 180 4
117 180 4
117 180 4
117 180 4
117 180 4
117 180 4
117 180 4
117 180 4
117 180 4
117 180 4
117 180 4
117 180 4
117 180 4
117 180 4
117 180 4
117 180 4
117 180 4
117 180 4
117 180 4
117 180 4
117 180 4
117 180 4
117 180 4
117 180 4
117 180 4
117 180 4
117 180 4
117 180 4
117 180 4
117 180 4
117 180 4
117 180 4
117 180 4
117 180 4
117 180 4
117 180 4
117 180 4
117 180 4
117 180 4
117 180 4
117 180 4
117 180 4
117 180 4
117 180 4
117 180 4
117 180 4
117 180 4
117 180 4
117 180 4
117 180 4
117 180 4
117 180 4
117 180 4
117 180 4
117 180 4
117 180 4
117 180 4
117 180 4
117 180 4
31 178 14
31 178 4
76 165 14
76 165 4
76 165 4
76 165 4
76 165 4
76 165 4
76 165 4
76 165 4
76 165 4
76 165 4
76 165 4
76 165 4
76 165 4
76 165 4
76 165 4
76 165 4
76 165 4
76 165 4
76 165 4
76 165 4
76 165 4
76 165 4
76 165 4
76 165 4
76 165 4
76 165 4
76 165 4
76 165 4
76 165 4
76 165 4
76 165 4
76 165 4
76 165 4
76 165 4
76 165 4
76 165 4
76 165 4
76 165 4
76 165 4
76 165 4
76 165 4
76 165 4
76 165 4
76 165 4
76 165 4
76 165 4
76 165 4
76 165 4
76 165 4
76 165 4
76 165 4
76 165 4
76 165 4
76 165 4
76 165 4
76 165 4
76 165 4
76 165 4
76 165 4
76 165 4
76 165 4
76 165 4
76 165 4
76 165 4
76 165 4
76 165 4
76 165 4
76 165 4
76 165 4
76 165 4
76 165 4
76 165 4
76 165 4
76 165 4
76 165 4
76 165 4
76 165 4
76 165 4
76 165 4
76 165 4
76 165 4
76 165 4
76 165 4
76 165 4
76 165 4
76 165 4
76 165 4
76 165 4
76 165 4
76 165 4
76 165 4
76 165 4
76 165 4
76 165 4
76 165 4
76 165 4
76 165 4
76 165 4
76 165 4
76 165 4
76 165 4
76 165 4
76 165 4
76 165 4
76 165 4
76 165 4
76 165 4
76 165 4
76 165 4
76 165 4
76 165 4
76 165 4
76 165 4
76 165 4
76 165 4
76 165 4
76 165 4
76 165 4
76 165 4
76 165 4
76 165 4
76 165 4
76 165 4
76 165 4
76 165 4
76 165 4
76 165 4
76 165 4
76 165 4
76 165 4
76 165 4
76 165 4
76 165 4
76 165 4
76 165 4
76 165 4
76 165 4
76 165 4
76 165 4
76 165 4
76 165 4
76 165 4
76 165 4
76 165 4
76 165 4
76 165 4
76 165 4
76 165 4
76 165 4
76 165 4
76 165 4
76 165 4
76 165 4
76 165 4
76 165 4
76 165 4
76 165 4
76 165 4
76 165 4
76 165 4
76 165 4
76 165 4
76 165 4
43 172 14
43 172 4
43 172 4
43 172 4
43 172 4
43 172 4
43 172 4
43 172 4
43 172 4
43 172 4
55 165 14
55 165 4
55 165 4
55 165 4
55 165 4
55 165 4
55 165 4
55 165 4
55 165 4
55 165 4
55 165 4
55 165 4
55 165 4
55 165 4
55 165 4
55 165 4
55 165 4
55 165 4
55 165 4
55 165 4
55 165 4
55 165 4
55 165 4
55 165 4
55 165 4
55 165 4
55 165 4
55 165 4
55 165 4
55 165 4
55 165 4
55 165 4
55 165 4
55 165 4
55 165 4
55 165 4
55 165 4
55 165 4
55 165 4
55 165 4
55 165 4
55 165 4
55 165 4
55 165 4
55 165 4
55 165 4
55 165 4
55 165 4
55 165 4
55 165 4
55 165 4
55 165 4
55 165 4
55 165 4
55 165 4
55 165 4
55 165 4
55 165 4
55 165 4
55 165 4
55 165 4
55 165 4
55 165 4
55 165 4
55 165 4
55 165 4
55 165 4
55 165 4
55 165 4
55 165 4
55 165 4
55 165 4
55 165 4
55 165 4
55 165 4
55 165 4
55 165 4
55 165 4
55 165 4
55 165 4
55 165 4
55 165 4
55 165 4
55 165 4
43 185 14
43 185 4
43 185 4
43 185 4
43 185 4
43 185 4
43 185 4
43 185 4
43 185 4
43 185 4
43 185 4
43 185 4
43 185 4
43 185 4
43 185 4
43 185 4
43 185 4
43 185 4
43 185 4
43 185 4
43 185 4
43 185 4
43 185 4
43 185 4
43 185 4
43 185 4
43 185 4
43 185 4
43 185 4
43 185 4
43 185 4
43 185 4
43 185 4
43 185 4
43 185 4
43 185 4
43 185 4
43 185 4
43 185 4
43 185 4
43 185 4
43 185 4
43 185 4
43 185 4
43 185 4
43 185 4
43 185 4
43 185 4
43 185 4
43 185 4
43 185 4
43 185 4
43 185 4
43 185 4
139 193 14
139 193 4
139 193 4
139 193 4
139 193 4
139 193 4
139 193 4
139 193 4
139 193 4
139 193 4
139 193 4
139 193 4
139 193 4
139 193 4
139 193 4
139 193 4
139 193 4
139 193 4
139 193 4
139 193 4
73 6 14
73 6 4
73 6 4
73 6 4
73 6 4
73 6 4
73 6 4
106 186 14
106 186 4
106 186 4
106 186 4
106 186 4
106 186 4
106 186 4
106 186 4
106 186 4
106 186 4
106 186 4
106 186 4
106 186 4
106 186 4
106 186 4
106 186 4
106 186 4
106 186 4
106 186 4
106 186 4
106 186 4
106 186 4
106 186 4
106 186 4
106 186 4
106 186 4
106 186 4
106 186 4
106 186 4
106 186 4
106 186 4
106 186 4
106 186 4
106 186 4
106 186 4
106 186 4
106 186 4
106 186 4
106 186 4
106 186 4
106 186 4
106 186 4
106 186 4
106 186 4
106 186 4
106 186 4
106 186 4
106 186 4
106 186 4
106 186 4
106 186 4
106 186 4
106 186 4
106 186 4
106 186 4
106 186 4
106 186 4
106 186 4
151 150 14
151 150 4
151 150 4
151 150 4
151 150 4
151 150 4
151 150 4
151 150 4
151 150 4
151 150 4
151 150 4
151 150 4
151 150 4
151 150 4
151 150 4
151 150 4
151 150 4
151 150 4
151 150 4
151 150 4
151 150 4
151 150 4
151 150 4
151 150 4
151 150 4
151 150 4
151 150 4
151 150 4
151 150 4
151 150 4
151 150 4
151 150 4
151 150 4
151 150 4
151 150 4
151 150 4
151 150 4
151 150 4
151 150 4
151 150 4
151 150 4
151 150 4
151 150 4
151 150 4
151 150 4
151 150 4
151 150 4
151 150 4
151 150 4
151 150 4
151 150 4
151 150 4
151 150 4
151 150 4
151 150 4
151 150 4
151 150 4
151 150 4
151 150 4
151 150 4
151 150 4
151 150 4
151 150 4
151 150 4
151 150 4
151 150 4
151 150 4
151 150 4
151 150 4
151 150 4
151 150 4
151 150 4
151 150 4
151 150 4
151 150 4
151 150 4
151 150 4
151 150 4
151 150 4
151 150 4
151 150 4
151 150 4
151 150 4
151 150 4
151 150 4
55 165 4
55 165 4
55 165 4
55 165 4
55 165 4
55 165 4
55 165 4
55 165 4
55 165 4
55 165 4
55 165 4
55 165 4
55 165 4
55 165 4
55 165 4
55 165 4
55 165 4
55 165 4
55 165 4
55 165 4
55 165 4
55 165 4
55 165 4
55 165 4
55 165 4
55 165 4
55 165 4
55 165 4
55 165 4
55 165 4
55 165 4
55 165 4
55 165 4
55 165 4
55 165 4
55 165 4
139 143 14
139 143 4
139 143 4
139 143 4
139 143 4
139 143 4
139 143 4
139 143 4
139 143 4
139 143 4
139 143 4
139 143 4
139 143 4
139 143 4
139 143 4
139 143 4
139 143 4
139 143 4
139 143 4
139 143 4
139 143 4
139 143 4
139 143 4
139 143 4
139 143 4
139 143 4
139 143 4
139 143 4
139 143 4
139 143 4
139 143 4
139 143 4
139 143 4
139 143 4
139 143 4
139 143 4
139 143 4
139 143 4
139 143 4
139 143 4
139 143 4
139 143 4
139 143 4
139 143 4
139 143 4
139 143 4
139 143 4
139 143 4
139 143 4
139 143 4
139 143 4
139 143 4
139 143 4
139 143 4
139 143 4
139 143 4
139 143 4
139 143 4
139 143 4
139 143 4
139 143 4
139 143 4
139 143 4
139 143 4
139 143 4
139 143 4
139 143 4
139 143 4
139 143 4
139 143 4
139 143 4
139 143 4
139 143 4
139 143 4
139 143 4
139 143 4
139 143 4
139 143 4
139 143 4
139 143 4
139 143 4
139 143 4
139 143 4
139 143 4
139 143 4
139 143 4
139 143 4
139 143 4
139 143 4
139 143 4
139 143 4
139 143 4
139 143 4
139 143 4
139 143 4
139 143 4
139 143 4
105 199 14
105 199 4
105 199 4
105 199 4
105 199 4
105 199 4
105 199 4
105 199 4
105 199 4
105 199 4
105 199 4
105 199 4
105 199 4
105 199 4
105 199 4
105 199 4
105 199 4
105 199 4
105 199 4
105 199 4
105 199 4
105 199 4
105 199 4
105 199 4
105 199 4
105 199 4
105 199 4
105 199 4
105 199 4
96 192 14
96 192 4
96 192 4
96 192 4
96 192 4
96 192 4
96 192 4
96 192 4
96 192 4
96 192 4
96 192 4
96 192 4
96 192 4
96 192 4
96 192 4
96 192 4
96 192 4
96 192 4
96 192 4
96 192 4
96 192 4
96 192 4
96 192 4
96 192 4
96 192 4
96 192 4
96 192 4
96 192 4
96 192 4
96 192 4
96 192 4
96 192 4
96 192 4
96 192 4
96 192 4
96 192 4
96 192 4
96 192 4
96 192 4
96 192 4
96 192 4
96 192 4
96 192 4
96 192 4
96 192 4
96 192 4
96 192 4
96 192 4
96 192 4
96 192 4
96 192 4
96 192 4
96 192 4
96 192 4
96 192 4
96 192 4
96 192 4
96 192 4
96 192 4
96 192 4
96 192 4
96 192 4
96 192 4
96 192 4
96 192 4
96 192 4
96 192 4
96 192 4
96 192 4
96 192 4
96 192 4
96 192 4
96 192 4
96 192 4
96 192 4
96 192 4
89 100 14
89 100 4
89 100 4
89 100 4
89 100 4
89 100 4
89 100 4
78 105 14
78 105 4
78 105 4
78 105 4
78 105 4
78 105 4
78 105 4
78 105 4
78 105 4
78 105 4
78 105 4
78 105 4
78 105 4
78 105 4
78 105 4
78 105 4
78 105 4
78 105 4
78 105 4
78 105 4
78 105 4
78 105 4
78 105 4
78 105 4
78 105 4
78 105 4
78 105 4
78 105 4
78 105 4
78 105 4
78 105 4
78 105 4
78 105 4
78 105 4
78 105 4
78 105 4
78 105 4
78 105 4
78 105 4
78 105 4
73 19 14
73 19 4
73 19 4
73 19 4
73 19 4
73 19 4
73 19 4
73 19 4
73 19 4
73 19 4
73 19 4
73 19 4
73 19 4
73 19 4
73 19 4
73 19 4
73 19 4
73 19 4
73 19 4
73 19 4
73 19 4
73 19 4
73 19 4
73 19 4
73 19 4
73 19 4
73 19 4
73 19 4
73 19 4
73 19 4
73 19 4
73 19 4
73 19 4
73 19 4
73 19 4
73 19 4
73 19 4
73 19 4
73 19 4
73 19 4
73 19 4
73 19 4
73 19 4
73 19 4
73 19 4
73 19 4
73 19 4
73 19 4
73 19 4
73 19 4
73 19 4
73 19 4
73 19 4
73 19 4
73 19 4
73 19 4
73 19 4
73 19 4
73 19 4
73 19 4
73 19 4
73 19 4
73 19 4
73 19 4
73 19 4
73 19 4
73 19 4
73 19 4
73 19 4
73 19 4
73 19 4
73 19 4
73 19 4
73 19 4
73 19 4
73 19 4
73 19 4
73 19 4
73 19 4
73 19 4
73 19 4
73 19 4
73 19 4
73 19 4
73 19 4
73 19 4
73 19 4
73 19 4
73 19 4
73 19 4
73 19 4
73 19 4
73 19 4
73 19 4
73 19 4
73 19 4
73 19 4
73 19 4
73 19 4
73 19 4
73 19 4
73 19 4
73 19 4
73 19 4
73 19 4
73 19 4
73 19 4
73 19 4
73 19 4
73 19 4
73 19 4
73 19 4
73 19 4
73 19 4
73 19 4
73 19 4
73 19 4
73 19 4
73 19 4
73 19 4
73 19 4
73 19 4
73 19 4
73 19 4
73 19 4
73 19 4
73 19 4
73 19 4
73 19 4
73 19 4
73 19 4
73 19 4
73 19 4
73 19 4
73 19 4
73 19 4
73 19 4
73 19 4
73 19 4
73 19 4
73 19 4
73 19 4
73 19 4
73 19 4
139 180 14
139 180 4
139 180 4
139 180 4
139 180 4
139 180 4
139 180 4
139 180 4
139 180 4
139 180 4
139 180 4
139 180 4
139 180 4
139 180 4
139 180 4
139 180 4
139 180 4
139 180 4
139 180 4
139 180 4
139 180 4
139 180 4
139 180 4
139 180 4
139 180 4
139 180 4
139 180 4
139 180 4
139 180 4
139 180 4
139 180 4
139 180 4
139 180 4
139 180 4
139 180 4
139 180 4
139 180 4
139 180 4
139 180 4
139 180 4
139 180 4
139 180 4
139 180 4
139 180 4
139 180 4
139 180 4
139 180 4
139 180 4
139 180 4
139 180 4
139 180 4
139 180 4
139 180 4
139 180 4
139 180 4
139 180 4
139 180 4
139 180 4
139 180 4
139 180 4
139 180 4
139 180 4
139 180 4
139 180 4
139 180 4
139 180 4
139 180 4
139 180 4
139 180 4
139 180 4
139 180 4
139 180 4
139 180 4
139 180 4
139 180 4
139 180 4
139 180 4
139 180 4
139 180 4
139 180 4
139 180 4
139 180 4
139 180 4
139 180 4
139 180 4
139 180 4
139 180 4
139 180 4
139 180 4
139 180 4
139 180 4
139 180 4
139 180 4
139 180 4
139 180 4
139 180 4
139 180 4
139 180 4
139 180 4
139 180 4
139 180 4
139 180 4
139 180 4
139 180 4
139 180 4
139 180 4
139 180 4
139 180 4
139 180 4
139 180 4
139 180 4
139 180 4
139 180 4
139 180 4
139 180 4
139 180 4
139 180 4
139 180 4
139 180 4
139 180 4
139 180 4
139 180 4
139 180 4
139 180 4
139 180 4
139 180 4
139 180 4
139 180 4
139 180 4
139 180 4
139 180 4
139 180 4
139 180 4
139 180 4
139 180 4
139 180 4
139 180 4
139 180 4
139 180 4
139 180 4
139 180 4
139 180 4
139 180 4
139 180 4
139 180 4
139 180 4
139 180 4
163 143 14
163 143 4
163 143 4
163 143 4
163 143 4
163 143 4
163 143 4
163 143 4
163 143 4
163 143 4
163 143 4
163 143 4
163 143 4
163 143 4
163 143 4
163 143 4
163 143 4
163 143 4
163 143 4
163 143 4
163 143 4
163 143 4
163 143 4
163 143 4
163 143 4
163 143 4
163 143 4
163 143 4
163 143 4
163 143 4
163 143 4
163 143 4
163 143 4
163 143 4
163 143 4
163 143 4
163 143 4
163 143 4
163 143 4
163 143 4
163 143 4
163 143 4
163 143 4
163 143 4
163 143 4
163 143 4
163 143 4
163 143 4
163 143 4
163 143 4
163 143 4
163 143 4
163 143 4
163 143 4
163 143 4
163 143 4
163 143 4
163 143 4
163 143 4
163 143 4
163 143 4
163 143 4
163 143 4
163 143 4
163 143 4
163 143 4
163 143 4
163 143 4
163 143 4
163 143 4
163 143 4
163 143 4
163 143 4
163 143 4
127 97 14
12 56 14
12 56 4
12 56 4
12 56 4
12 56 4
12 56 4
12 56 4
12 56 4
0 50 14
0 50 4
150 199 14
150 199 4
150 199 4
150 199 4
150 199 4
150 199 4
150 199 4
150 199 4
150 199 4
150 199 4
150 199 4
150 199 4
150 199 4
150 199 4
150 199 4
150 199 4
150 199 4
150 199 4
150 199 4
150 199 4
150 199 4
150 199 4
150 199 4
150 199 4
150 199 4
150 199 4
150 199 4
150 199 4
150 199 4
150 199 4
150 199 4
150 199 4
150 199 4
150 199 4
150 199 4
150 199 4
150 199 4
150 199 4
150 199 4
150 199 4
150 199 4
150 199 4
150 199 4
150 199 4
150 199 4
150 199 4
150 199 4
150 199 4
150 199 4
150 199 4
150 199 4
150 199 4
150 199 4
150 199 4
150 199 4
150 199 4
150 199 4
150 199 4
31 165 14
31 165 4
31 165 4
31 165 4
31 165 4
31 165 4
31 165 4
31 165 4
43 158 14
43 158 4
43 158 4
43 158 4
43 158 4
43 158 4
43 158 4
43 158 4
43 158 4
43 158 4
43 158 4
43 158 4
43 158 4
43 158 4
43 158 4
43 158 4
43 158 4
43 158 4
43 158 4
43 158 4
43 158 4
43 158 4
43 158 4
43 158 4
43 158 4
43 158 4
43 158 4
43 158 4
43 158 4
43 158 4
43 158 4
43 158 4
43 158 4
43 158 4
43 158 4
43 158 4
43 158 4
43 158 4
43 158 4
43 158 4
43 158 4
43 158 4
43 158 4
43 158 4
43 158 4
43 158 4
43 158 4
43 158 4
43 158 4
43 158 4
43 158 4
43 158 4
43 158 4
43 158 4
43 158 4
43 158 4
43 158 4
43 158 4
43 158 4
43 158 4
43 158 4
43 158 4
43 158 4
43 158 4
43 158 4
43 158 4
43 158 4
43 158 4
43 158 4
43 158 4
43 158 4
43 158 4
43 158 4
43 158 4
43 158 4
43 158 4
43 158 4
43 158 4
43 158 4
43 158 4
0 63 14
150 187 14
150 187 4
150 187 4
150 187 4
150 187 4
150 187 4
150 187 4
150 187 4
150 187 4
150 187 4
150 187 4
150 187 4
150 187 4
150 187 4
150 187 4
150 187 4
150 187 4
150 187 4
150 187 4
150 187 4
150 187 4
150 187 4
150 187 4
150 187 4
150 187 4
150 187 4
150 187 4
150 187 4
150 187 4
150 187 4
150 187 4
150 187 4
150 187 4
150 187 4
150 187 4
150 187 4
150 187 4
150 187 4
150 187 4
150 187 4
150 187 4
150 187 4
150 187 4
150 187 4
150 187 4
150 187 4
150 187 4
150 187 4
150 187 4
150 187 4
150 187 4
150 187 4
150 187 4
150 187 4
150 187 4
150 187 4
150 187 4
150 187 4
150 187 4
150 187 4
150 187 4
150 187 4
150 187 4
150 187 4
150 187 4
150 187 4
150 187 4
150 187 4
150 187 4
150 187 4
150 187 4
150 187 4
150 187 4
150 187 4
150 187 4
150 187 4
150 187 4
150 187 4
150 187 4
150 187 4
150 187 4
150 187 4
150 187 4
150 187 4
150 187 4
150 187 4
150 187 4
150 187 4
150 187 4
150 187 4
150 187 4
150 187 4
150 187 4
150 187 4
150 187 4
150 187 4
150 187 4
150 187 4
150 187 4
150 187 4
150 187 4
150 187 4
150 187 4
150 187 4
150 187 4
150 187 4
150 187 4
150 187 4
150 187 4
150 187 4
150 187 4
150 187 4
150 187 4
150 187 4
150 187 4
150 187 4
150 187 4
150 187 4
150 187 4
150 187 4
150 187 4
150 187 4
150 187 4
150 187 4
150 187 4
150 187 4
150 187 4
150 187 4
150 187 4
150 187 4
150 187 4
150 187 4
150 187 4
150 187 4
150 187 4
150 187 4
150 187 4
150 187 4
150 187 4
150 187 4
150 187 4
150 187 4
150 187 4
150 187 4
150 187 4
150 187 4
150 187 4
150 187 4
150 187 4
150 187 4
150 187 4
150 187 4
150 187 4
150 187 4
150 187 4
150 187 4
150 187 4
150 187 4
150 187 4
150 187 4
150 187 4
150 187 4
150 187 4
150 187 4
150 187 4
150 187 4
150 187 4
150 187 4
150 187 4
128 174 14
128 174 4
128 174 4
128 174 4
128 174 4
128 174 4
128 174 4
128 174 4
128 174 4
128 174 4
128 174 4
128 174 4
128 174 4
128 174 4
128 174 4
128 174 4
128 174 4
128 174 4
128 174 4
128 174 4
128 174 4
128 174 4
128 174 4
128 174 4
128 174 4
128 174 4
128 174 4
128 174 4
128 174 4
128 174 4
128 174 4
128 174 4
128 174 4
128 174 4
128 174 4
128 174 4
128 174 4
128 174 4
128 174 4
128 174 4
128 174 4
128 174 4
128 174 4
128 174 4
128 174 4
128 174 4
128 174 4
128 174 4
128 174 4
128 174 4
128 174 4
128 174 4
128 174 4
128 174 4
128 174 4
128 174 4
128 174 4
128 174 4
128 174 4
128 174 4
128 174 4
128 174 4
128 174 4
128 174 4
128 174 4
128 174 4
128 174 4
128 174 4
128 174 4
128 174 4
128 174 4
128 174 4
128 174 4
128 174 4
128 174 4
128 174 4
128 174 4
128 174 4
128 174 4
128 174 4
128 174 4
128 174 4
128 174 4
128 174 4
128 174 4
128 174 4
128 174 4
128 174 4
128 174 4
128 174 4
128 174 4
128 174 4
128 174 4
128 174 4
128 174 4
128 174 4
128 174 4
128 174 4
128 174 4
128 174 4
128 174 4
128 174 4
128 174 4
128 174 4
128 174 4
128 174 4
128 174 4
128 174 4
128 174 4
128 174 4
128 174 4
128 174 4
128 174 4
128 174 4
128 174 4
128 174 4
128 174 4
128 174 4
128 174 4
128 174 4
128 174 4
128 174 4
128 174 4
128 174 4
128 174 4
128 174 4
128 174 4
128 174 4
128 174 4
128 174 4
128 174 4
128 174 4
128 174 4
128 174 4
128 174 4
128 174 4
128 174 4
128 174 4
128 174 4
128 174 4
128 174 4
128 174 4
128 174 4
128 174 4
128 174 4
128 174 4
128 174 4
128 174 4
128 174 4
128 174 4
142 90 14
142 90 4
142 90 4
142 90 4
142 90 4
142 90 4
142 90 4
142 90 4
142 90 4
142 90 4
142 90 4
142 90 4
132 55 14
132 55 4
132 55 4
132 55 4
132 55 4
132 55 4
132 55 4
18 172 14
18 172 4
106 173 14
106 173 4
106 173 4
106 173 4
106 173 4
106 173 4
106 173 4
106 173 4
106 173 4
106 173 4
106 173 4
106 173 4
106 173 4
106 173 4
106 173 4
106 173 4
106 173 4
106 173 4
106 173 4
106 173 4
106 173 4
106 173 4
106 173 4
106 173 4
106 173 4
106 173 4
106 173 4
106 173 4
106 173 4
106 173 4
106 173 4
106 173 4
106 173 4
106 173 4
106 173 4
106 173 4
106 173 4
106 173 4
106 173 4
106 173 4
106 173 4
106 173 4
106 173 4
106 173 4
106 173 4
106 173 4
106 173 4
106 173 4
106 173 4
106 173 4
106 173 4
106 173 4
106 173 4
106 173 4
106 173 4
106 173 4
106 173 4
106 173 4
106 173 4
106 173 4
106 173 4
106 173 4
106 173 4
106 173 4
106 173 4
106 173 4
106 173 4
106 173 4
106 173 4
106 173 4
106 173 4
106 173 4
106 173 4
106 173 4
106 173 4
106 173 4
106 173 4
106 173 4
106 173 4
106 173 4
106 173 4
106 173 4
106 173 4
106 173 4
106 173 4
106 173 4
106 173 4
106 173 4
106 173 4
106 173 4
106 173 4
106 173 4
106 173 4
106 173 4
106 173 4
106 173 4
106 173 4
106 173 4
106 173 4
106 173 4
106 173 4
106 173 4
106 173 4
106 173 4
106 173 4
106 173 4
106 173 4
106 173 4
106 173 4
106 173 4
106 173 4
106 173 4
106 173 4
106 173 4
106 173 4
106 173 4
106 173 4
106 173 4
106 173 4
106 173 4
106 173 4
106 173 4
106 173 4
106 173 4
106 173 4
106 173 4
106 173 4
106 173 4
106 173 4
106 173 4
106 173 4
106 173 4
106 173 4
106 173 4
106 173 4
106 173 4
106 173 4
106 173 4
106 173 4
106 173 4
106 173 4
106 173 4
106 173 4
106 173 4
106 173 4
106 173 4
106 173 4
106 173 4
106 173 4
106 173 4
106 173 4
106 173 4
106 173 4
106 173 4
106 173 4
106 173 4
106 173 4
106 173 4
106 173 4
106 173 4
106 173 4
106 173 4
106 173 4
106 173 4
106 173 4
106 173 4
106 173 4
106 173 4
106 173 4
106 173 4
106 173 4
106 173 4
106 173 4
106 173 4
106 173 4
106 173 4
106 173 4
106 173 4
106 173 4
106 173 4
106 173 4
106 173 4
106 173 4
106 173 4
106 173 4
106 173 4
106 173 4
106 173 4
106 173 4
106 173 4
106 173 4
106 173 4
106 173 4
106 173 4
106 173 4
106 173 4
106 173 4
106 173 4
106 173 4
106 173 4
106 173 4
106 173 4
106 173 4
106 173 4
106 173 4
106 173 4
106 173 4
106 173 4
106 173 4
11 69 14
11 69 4
11 69 4
11 69 4
11 69 4
11 69 4
11 69 4
11 69 4
0 75 14
0 75 4
0 75 4
0 75 4
0 75 4
6 178 14
5 192 14
5 192 4
5 192 4
5 192 4
85 199 14
85 199 4
85 199 4
85 199 4
85 199 4
85 199 4
85 199 4
85 199 4
85 199 4
85 199 4
85 199 4
85 199 4
85 199 4
85 199 4
85 199 4
85 199 4
85 199 4
85 199 4
85 199 4
85 199 4
85 199 4
85 199 4
85 199 4
85 199 4
85 199 4
85 199 4
85 199 4
85 199 4
85 199 4
85 199 4
85 199 4
85 199 4
85 199 4
85 199 4
85 199 4
85 199 4
85 199 4
85 199 4
85 199 4
85 199 4
85 199 4
85 199 4
85 199 4
85 199 4
85 199 4
85 199 4
85 199 4
85 199 4
85 199 4
85 199 4
85 199 4
85 199 4
85 199 4
85 199 4
85 199 4
85 199 4
85 199 4
85 199 4
85 199 4
85 199 4
85 199 4
85 199 4
85 199 4
85 199 4
85 199 4
85 199 4
85 199 4
85 199 4
85 199 4
85 199 4
85 199 4
85 199 4
85 199 4
85 199 4
85 199 4
85 199 4
85 199 4
85 199 4
85 199 4
85 199 4
85 199 4
85 199 4
85 199 4
85 199 4
85 199 4
85 199 4
85 199 4
85 199 4
85 199 4
85 199 4
85 199 4
85 199 4
85 199 4
85 199 4
85 199 4
85 199 4
85 199 4
85 199 4
85 199 4
85 199 4
85 199 4
85 199 4
11 82 14
11 82 4
11 82 4
11 82 4
11 82 4
11 82 4
11 82 4
11 82 4
11 82 4
11 82 4
11 82 4
11 82 4
11 82 4
11 82 4
11 82 4
11 82 4
11 82 4
11 82 4
11 82 4
11 82 4
11 82 4
11 82 4
11 82 4
11 82 4
11 82 4
11 82 4
11 82 4
11 82 4
11 82 4
11 82 4
11 82 4
11 82 4
11 82 4
11 82 4
11 82 4
11 82 4
11 82 4
11 82 4
11 82 4
11 82 4
11 82 4
11 82 4
11 82 4
11 82 4
11 82 4
11 82 4
11 82 4
11 82 4
11 82 4
11 82 4
11 82 4
11 82 4
11 82 4
11 82 4
11 82 4
75 192 14
75 192 4
75 192 4
75 192 4
75 192 4
75 192 4
75 192 4
75 192 4
75 192 4
75 192 4
75 192 4
75 192 4
75 192 4
75 192 4
75 192 4
75 192 4
75 192 4
75 192 4
75 192 4
75 192 4
75 192 4
75 192 4
75 192 4
75 192 4
75 192 4
75 192 4
75 192 4
75 192 4
75 192 4
75 192 4
75 192 4
75 192 4
75 192 4
75 192 4
75 192 4
75 192 4
75 192 4
75 192 4
75 192 4
75 192 4
75 192 4
75 192 4
75 192 4
75 192 4
75 192 4
75 192 4
75 192 4
75 192 4
75 192 4
75 192 4
75 192 4
75 192 4
75 192 4
75 192 4
75 192 4
75 192 4
75 192 4
75 192 4
75 192 4
75 192 4
75 192 4
75 192 4
75 192 4
75 192 4
75 192 4
75 192 4
75 192 4
75 192 4
75 192 4
75 192 4
75 192 4
75 192 4
75 192 4
75 192 4
75 192 4
75 192 4
75 192 4
75 192 4
75 192 4
75 192 4
75 192 4
75 192 4
75 192 4
75 192 4
75 192 4
75 192 4
75 192 4
75 192 4
75 192 4
75 192 4
75 192 4
75 192 4
75 192 4
75 192 4
75 192 4
75 192 4
75 192 4
75 192 4
75 192 4
75 192 4
75 192 4
75 192 4
75 192 4
75 192 4
75 192 4
75 192 4
75 192 4
75 192 4
75 192 4
75 192 4
75 192 4
75 192 4
75 192 4
75 192 4
75 192 4
75 192 4
75 192 4
75 192 4
75 192 4
75 192 4
75 192 4
75 192 4
75 192 4
75 192 4
75 192 4
75 192 4
75 192 4
75 192 4
75 192 4
75 192 4
75 192 4
75 192 4
75 192 4
75 192 4
75 192 4
75 192 4
75 192 4
75 192 4
75 192 4
75 192 4
75 192 4
75 192 4
75 192 4
75 192 4
75 192 4
75 192 4
75 192 4
75 192 4
75 192 4
75 192 4
75 192 4
75 192 4
75 192 4
75 192 4
75 192 4
75 192 4
75 192 4
75 192 4
75 192 4
75 192 4
75 192 4
75 192 4
75 192 4
75 192 4
75 192 4
75 192 4
75 192 4
75 192 4
75 192 4
75 192 4
75 192 4
75 192 4
75 192 4
75 192 4
75 192 4
75 192 4
75 192 4
75 192 4
75 192 4
75 192 4
75 192 4
75 192 4
75 192 4
75 192 4
75 192 4
75 192 4
75 192 4
75 192 4
75 192 4
75 192 4
75 192 4
75 192 4
75 192 4
75 192 4
75 192 4
75 192 4
75 192 4
75 192 4
75 192 4
75 192 4
75 192 4
75 192 4
75 192 4
75 192 4
75 192 4
75 192 4
75 192 4
75 192 4
75 192 4
75 192 4
75 192 4
75 192 4
75 192 4
75 192 4
75 192 4
75 192 4
75 192 4
75 192 4
75 192 4
75 192 4
75 192 4
75 192 4
75 192 4
75 192 4
75 192 4
75 192 4
75 192 4
75 192 4
75 192 4
75 192 4
75 192 4
75 192 4
75 192 4
75 192 4
75 192 4
75 192 4
75 192 4
75 192 4
75 192 4
75 192 4
75 192 4
75 192 4
75 192 4
75 192 4
75 192 4
75 192 4
75 192 4
75 192 4
75 192 4
75 192 4
75 192 4
71 124 14
71 124 4
71 124 4
71 124 4
71 124 4
71 124 4
71 124 4
71 124 4
71 124 4
71 124 4
71 124 4
71 124 4
71 124 4
71 124 4
71 124 4
71 124 4
71 124 4
71 124 4
71 124 4
71 124 4
71 124 4
71 124 4
71 124 4
71 124 4
71 124 4
71 124 4
71 124 4
71 124 4
71 124 4
71 124 4
71 124 4
71 124 4
71 124 4
69 111 14
69 111 4
69 111 4
69 111 4
69 111 4
69 111 4
69 111 4
69 111 4
69 111 4
69 111 4
69 111 4
69 111 4
69 111 4
69 111 4
69 111 4
69 111 4
69 111 4
69 111 4
69 111 4
69 111 4
69 111 4
69 111 4
69 111 4
69 111 4
69 111 4
69 111 4
69 111 4
69 111 4
69 111 4
69 111 4
69 111 4
69 111 4
69 111 4
69 111 4
69 111 4
69 111 4
69 111 4
69 111 4
69 111 4
69 111 4
69 111 4
69 111 4
69 111 4
69 111 4
69 111 4
69 111 4
69 111 4
69 111 4
69 111 4
69 111 4
69 111 4
69 111 4
69 111 4
69 111 4
69 111 4
69 111 4
69 111 4
69 111 4
69 111 4
69 111 4
69 111 4
69 111 4
69 111 4
69 111 4
69 111 4
69 111 4
69 111 4
69 111 4
69 111 4
69 111 4
69 111 4
69 111 4
69 111 4
69 111 4
69 111 4
69 111 4
69 111 4
69 111 4
69 111 4
69 111 4
69 111 4
69 111 4
69 111 4
69 111 4
69 111 4
69 111 4
69 111 4
69 111 4
69 111 4
69 111 4
69 111 4
69 111 4
69 111 4
69 111 4
69 111 4
69 111 4
69 111 4
69 111 4
69 111 4
69 111 4
69 111 4
82 131 14
82 131 4
82 131 4
82 131 4
82 131 4
82 131 4
82 131 4
82 131 4
82 131 4
82 131 4
82 131 4
82 131 4
82 131 4
82 131 4
82 131 4
82 131 4
82 131 4
82 131 4
82 131 4
82 131 4
82 131 4
82 131 4
82 131 4
82 131 4
82 131 4
82 131 4
82 131 4
82 131 4
82 131 4
82 131 4
5 165 14
5 165 4
5 165 4
5 165 4
18 158 14
18 158 4
18 158 4
18 158 4
18 158 4
18 158 4
18 158 4
92 126 14
92 126 4
92 126 4
92 126 4
92 126 4
92 126 4
92 126 4
92 126 4
92 126 4
92 126 4
92 126 4
92 126 4
92 126 4
102 121 14
102 121 4
102 121 4
102 121 4
113 115 14
113 115 4
113 115 4
113 115 4
113 115 4
113 115 4
113 115 4
113 115 4
113 115 4
113 115 4
113 115 4
113 115 4
113 115 4
113 115 4
128 174 4
128 174 4
128 174 4
128 174 4
128 174 4
128 174 4
128 174 4
128 174 4
128 174 4
128 174 4
128 174 4
128 174 4
128 174 4
128 174 4
128 174 4
128 174 4
128 174 4
128 174 4
128 174 4
128 174 4
128 174 4
128 174 4
128 174 4
128 174 4
128 174 4
128 174 4
128 174 4
128 174 4
128 174 4
128 174 4
128 174 4
128 174 4
128 174 4
128 174 4
128 174 4
128 174 4
128 174 4
128 174 4
128 174 4
128 174 4
128 174 4
128 174 4
128 174 4
128 174 4
128 174 4
128 174 4
128 174 4
128 174 4
128 174 4
128 174 4
128 174 4
128 174 4
128 174 4
128 174 4
128 174 4
128 174 4
128 174 4
128 174 4
128 174 4
128 174 4
128 174 4
128 174 4
128 174 4
128 174 4
128 174 4
128 174 4
128 174 4
128 174 4
128 174 4
128 174 4
128 174 4
128 174 4
128 174 4
128 174 4
128 174 4
128 174 4
139 130 14
139 130 4
139 130 4
139 130 4
139 130 4
139 130 4
139 130 4
139 130 4
139 130 4
139 130 4
139 130 4
139 130 4
139 130 4
139 130 4
139 130 4
139 130 4
139 130 4
139 130 4
139 130 4
139 130 4
139 130 4
139 130 4
139 130 4
139 130 4
139 130 4
139 130 4
139 130 4
139 130 4
139 130 4
139 130 4
139 130 4
139 130 4
139 130 4
139 130 4
126 123 14
126 123 4
126 123 4
126 123 4
126 123 4
126 123 4
126 123 4
126 123 4
126 123 4
126 123 4
126 123 4
126 123 4
126 123 4
126 123 4
126 123 4
126 123 4
126 123 4
126 123 4
126 123 4
126 123 4
162 193 14
162 193 4
162 193 4
162 193 4
162 193 4
162 193 4
162 193 4
162 193 4
162 193 4
162 193 4
162 193 4
162 193 4
162 193 4
162 193 4
162 193 4
162 193 4
162 193 4
162 193 4
162 193 4
162 193 4
162 193 4
162 193 4
162 193 4
162 193 4
162 193 4
162 193 4
162 193 4
162 193 4
162 193 4
162 193 4
162 193 4
162 193 4
162 193 4
162 193 4
162 193 4
162 193 4
162 193 4
162 193 4
162 193 4
162 193 4
162 193 4
162 193 4
162 193 4
162 193 4
162 193 4
162 193 4
162 193 4
162 193 4
162 193 4
162 193 4
162 193 4
162 193 4
162 193 4
162 193 4
162 193 4
162 193 4
162 193 4
162 193 4
162 193 4
162 193 4
162 193 4
162 193 4
162 193 4
162 193 4
162 193 4
162 193 4
162 193 4
162 193 4
162 193 4
162 193 4
162 193 4
162 193 4
162 193 4
162 193 4
162 193 4
162 193 4
162 193 4
162 193 4
162 193 4
162 193 4
162 193 4
162 193 4
162 193 4
162 193 4
162 193 4
162 193 4
162 193 4
162 193 4
162 193 4
162 193 4
162 193 4
162 193 4
162 193 4
162 193 4
162 193 4
162 193 4
162 193 4
162 193 4
162 193 4
162 193 4
162 193 4
162 193 4
162 193 4
162 193 4
162 193 4
162 193 4
162 193 4
162 193 4
162 193 4
162 193 4
162 193 4
162 193 4
162 193 4
162 193 4
162 193 4
162 193 4
162 193 4
162 193 4
162 193 4
162 193 4
162 193 4
162 193 4
162 193 4
162 193 4
162 193 4
162 193 4
162 193 4
162 193 4
162 193 4
162 193 4
162 193 4
162 193 4
162 193 4
162 193 4
162 193 4
162 193 4
162 193 4
162 193 4
162 193 4
162 193 4
162 193 4
162 193 4
162 193 4
162 193 4
162 193 4
162 193 4
162 193 4
162 193 4
162 193 4
162 193 4
162 193 4
162 193 4
162 193 4
162 193 4
162 193 4
162 193 4
162 193 4
162 193 4
162 193 4
162 193 4
162 193 4
162 193 4
162 193 4
162 193 4
162 193 4
162 193 4
162 193 4
162 193 4
162 193 4
162 193 4
162 193 4
162 193 4
162 193 4
162 193 4
162 193 4
162 193 4
162 193 4
162 193 4
162 193 4
162 193 4
162 193 4
162 193 4
162 193 4
162 193 4
162 193 4
162 193 4
162 193 4
162 193 4
162 193 4
162 193 4
162 193 4
162 193 4
162 193 4
162 193 4
162 193 4
162 193 4
162 193 4
162 193 4
162 193 4
162 193 4
162 193 4
162 193 4
162 193 4
162 193 4
162 193 4
162 193 4
162 193 4
162 193 4
162 193 4
162 193 4
162 193 4
162 193 4
162 193 4
162 193 4
162 193 4
162 193 4
162 193 4
162 193 4
162 193 4
162 193 4
162 193 4
162 193 4
162 193 4
162 193 4
162 193 4
162 193 4
162 193 4
162 193 4
162 193 4
162 193 4
162 193 4
162 193 4
162 193 4
162 193 4
162 193 4
162 193 4
162 193 4
162 193 4
162 193 4
162 193 4
162 193 4
162 193 4
162 193 4
162 193 4
162 193 4
162 193 4
162 193 4
162 193 4
162 193 4
162 193 4
162 193 4
162 193 4
162 193 4
162 193 4
162 193 4
162 193 4
162 193 4
162 193 4
162 193 4
162 193 4
162 193 4
162 193 4
162 193 4
162 193 4
162 193 4
162 193 4
162 193 4
162 193 4
162 193 4
162 193 4
162 193 4
162 193 4
162 193 4
162 193 4
162 193 4
162 193 4
162 193 4
162 193 4
150 187 4
150 187 4
150 187 4
150 187 4
150 187 4
150 187 4
150 187 4
150 187 4
150 187 4
150 187 4
150 187 4
150 187 4
150 187 4
150 187 4
150 187 4
150 187 4
150 187 4
150 187 4
150 187 4
150 187 4
150 187 4
150 187 4
150 187 4
150 187 4
150 187 4
150 187 4
150 187 4
150 187 4
150 187 4
150 187 4
150 187 4
150 187 4
150 187 4
150 187 4
150 187 4
150 187 4
150 187 4
150 187 4
150 187 4
150 187 4
150 187 4
150 187 4
150 187 4
150 187 4
150 187 4
150 187 4
150 187 4
150 187 4
150 187 4
150 187 4
150 187 4
150 187 4
150 187 4
150 187 4
150 187 4
150 187 4
150 187 4
150 187 4
150 187 4
150 187 4
150 187 4
150 187 4
150 187 4
150 187 4
150 187 4
150 187 4
150 187 4
150 187 4
150 187 4
150 187 4
150 187 4
150 187 4
150 187 4
150 187 4
150 187 4
150 187 4
150 187 4
150 187 4
150 187 4
150 187 4
150 187 4
150 187 4
150 187 4
150 187 4
150 187 4
150 187 4
150 187 4
150 187 4
150 187 4
150 187 4
150 187 4
150 187 4
150 187 4
150 187 4
150 187 4
150 187 4
150 187 4
150 187 4
150 187 4
150 187 4
150 187 4
150 187 4
150 187 4
150 187 4
150 187 4
150 187 4
150 187 4
150 187 4
150 187 4
150 187 4
150 187 4
150 187 4
150 187 4
150 187 4
150 187 4
150 187 4
150 187 4
150 187 4
150 187 4
150 187 4
150 187 4
150 187 4
150 187 4
150 187 4
150 187 4
150 187 4
150 187 4
150 187 4
150 187 4
150 187 4
150 187 4
150 187 4
150 187 4
150 187 4
150 187 4
150 187 4
150 187 4
150 187 4
150 187 4
150 187 4
150 187 4
150 187 4
150 187 4
150 187 4
150 187 4
150 187 4
150 187 4
150 187 4
150 187 4
150 187 4
150 187 4
150 187 4
150 187 4
5 152 14
5 152 4
5 152 4
5 152 4
5 152 4
5 152 4
5 152 4
5 152 4
5 152 4
5 152 4
5 152 4
5 152 4
5 152 4
5 152 4
5 152 4
5 152 4
5 152 4
5 152 4
5 152 4
5 152 4
5 152 4
5 152 4
86 185 14
86 185 4
86 185 4
86 185 4
86 185 4
86 185 4
86 185 4
86 185 4
86 185 4
86 185 4
86 185 4
86 185 4
86 185 4
86 185 4
86 185 4
86 185 4
86 185 4
86 185 4
86 185 4
86 185 4
86 185 4
86 185 4
86 185 4
86 185 4
86 185 4
86 185 4
86 185 4
86 185 4
86 185 4
86 185 4
86 185 4
86 185 4
86 185 4
86 185 4
86 185 4
86 185 4
86 185 4
86 185 4
86 185 4
86 185 4
86 185 4
86 185 4
86 185 4
86 185 4
86 185 4
86 185 4
86 185 4
86 185 4
86 185 4
86 185 4
86 185 4
86 185 4
86 185 4
86 185 4
86 185 4
86 185 4
86 185 4
86 185 4
86 185 4
86 185 4
86 185 4
86 185 4
86 185 4
86 185 4
86 185 4
86 185 4
96 179 14
96 179 4
96 179 4
96 179 4
96 179 4
96 179 4
96 179 4
96 179 4
96 179 4
96 179 4
96 179 4
96 179 4
96 179 4
96 179 4
96 179 4
96 179 4
96 179 4
96 179 4
96 179 4
96 179 4
96 179 4
96 179 4
96 179 4
96 179 4
96 179 4
96 179 4
96 179 4
96 179 4
96 179 4
96 179 4
96 179 4
96 179 4
96 179 4
96 179 4
96 179 4
96 179 4
96 179 4
96 179 4
96 179 4
96 179 4
96 179 4
96 179 4
96 179 4
96 179 4
96 179 4
96 179 4
96 179 4
96 179 4
96 179 4
96 179 4
96 179 4
96 179 4
96 179 4
96 179 4
96 179 4
96 179 4
96 179 4
96 179 4
96 179 4
96 179 4
96 179 4
96 179 4
96 179 4
96 179 4
96 179 4
96 179 4
96 179 4
96 179 4
96 179 4
96 179 4
96 179 4
96 179 4
96 179 4
96 179 4
96 179 4
96 179 4
96 179 4
96 179 4
96 179 4
96 179 4
96 179 4
96 179 4
96 179 4
96 179 4
96 179 4
96 179 4
96 179 4
96 179 4
96 179 4
96 179 4
96 179 4
96 179 4
96 179 4
96 179 4
96 179 4
96 179 4
96 179 4
96 179 4
96 179 4
96 179 4
96 179 4
96 179 4
96 179 4
96 179 4
96 179 4
96 179 4
96 179 4
96 179 4
96 179 4
96 179 4
96 179 4
86 172 14
86 172 4
86 172 4
86 172 4
86 172 4
86 172 4
86 172 4
86 172 4
86 172 4
86 172 4
86 172 4
86 172 4
86 172 4
86 172 4
86 172 4
86 172 4
86 172 4
86 172 4
86 172 4
86 172 4
86 172 4
86 172 4
86 172 4
86 172 4
86 172 4
86 172 4
86 172 4
86 172 4
86 172 4
86 172 4
86 172 4
86 172 4
86 172 4
86 172 4
86 172 4
86 172 4
86 172 4
86 172 4
86 172 4
86 172 4
86 172 4
86 172 4
86 172 4
86 172 4
86 172 4
86 172 4
86 172 4
86 172 4
86 172 4
86 172 4
86 172 4
86 172 4
86 172 4
86 172 4
86 172 4
86 172 4
86 172 4
86 172 4
86 172 4
86 172 4
86 172 4
86 172 4
86 172 4
86 172 4
86 172 4
86 172 4
86 172 4
86 172 4
86 172 4
86 172 4
86 172 4
86 172 4
86 172 4
86 172 4
86 172 4
86 172 4
86 172 4
86 172 4
86 172 4
86 172 4
86 172 4
86 172 4
86 172 4
86 172 4
86 172 4
86 172 4
86 172 4
86 172 4
86 172 4
86 172 4
86 172 4
86 172 4
86 172 4
86 172 4
86 172 4
86 172 4
86 172 4
86 172 4
86 172 4
86 172 4
86 172 4
86 172 4
86 172 4
86 172 4
86 172 4
86 172 4
86 172 4
86 172 4
86 172 4
86 172 4
86 172 4
86 172 4
86 172 4
86 172 4
86 172 4
86 172 4
86 172 4
86 172 4
86 172 4
86 172 4
86 172 4
86 172 4
86 172 4
86 172 4
86 172 4
86 172 4
86 172 4
86 172 4
86 172 4
86 172 4
86 172 4
86 172 4
86 172 4
86 172 4
86 172 4
86 172 4
86 172 4
86 172 4
86 172 4
86 172 4
86 172 4
86 172 4
86 172 4
86 172 4
86 172 4
86 172 4
86 172 4
86 172 4
86 172 4
86 172 4
86 172 4
86 172 4
86 172 4
86 172 4
86 172 4
86 172 4
86 172 4
86 172 4
86 172 4
86 172 4
86 172 4
86 172 4
86 172 4
86 172 4
86 172 4
86 172 4
86 172 4
86 172 4
86 172 4
86 172 4
86 172 4
86 172 4
86 172 4
17 145 14
17 145 4
17 145 4
17 145 4
17 145 4
17 145 4
17 145 4
17 145 4
17 145 4
17 145 4
17 145 4
17 145 4
17 145 4
17 145 4
17 145 4
17 145 4
17 145 4
17 145 4
17 145 4
17 145 4
17 145 4
17 145 4
17 145 4
30 152 14
30 152 4
30 152 4
30 152 4
30 152 4
30 152 4
30 152 4
30 152 4
30 152 4
30 152 4
30 152 4
30 152 4
30 152 4
30 152 4
30 152 4
30 152 4
30 152 4
30 152 4
30 152 4
30 152 4
30 152 4
30 152 4
30 152 4
30 152 4
30 152 4
30 152 4
30 152 4
30 152 4
30 152 4
30 152 4
30 152 4
30 152 4
30 152 4
30 152 4
30 152 4
30 152 4
30 152 4
30 152 4
30 152 4
30 152 4
30 152 4
30 152 4
30 152 4
30 152 4
30 152 4
30 152 4
30 152 4
30 152 4
30 152 4
30 152 4
30 152 4
30 152 4
30 152 4
30 152 4
30 152 4
30 152 4
30 152 4
30 152 4
30 152 4
30 152 4
30 152 4
30 152 4
30 152 4
30 152 4
30 152 4
30 152 4
30 152 4
30 152 4
30 152 4
30 152 4
30 152 4
30 152 4
30 152 4
30 152 4
30 152 4
30 152 4
30 152 4
30 152 4
30 152 4
30 152 4
30 152 4
30 152 4
30 152 4
30 152 4
30 152 4
30 152 4
30 152 4
30 152 4
30 152 4
30 152 4
30 152 4
30 152 4
30 152 4
30 152 4
30 152 4
30 152 4
30 152 4
30 152 4
30 152 4
30 152 4
30 152 4
30 152 4
30 152 4
30 152 4
30 152 4
30 152 4
30 152 4
30 152 4
76 179 14
76 179 4
76 179 4
76 179 4
76 179 4
76 179 4
76 179 4
76 179 4
76 179 4
76 179 4
76 179 4
76 179 4
76 179 4
76 179 4
76 179 4
76 179 4
76 179 4
76 179 4
76 179 4
76 179 4
76 179 4
76 179 4
76 179 4
76 179 4
76 179 4
76 179 4
76 179 4
76 179 4
76 179 4
76 179 4
76 179 4
76 179 4
76 179 4
76 179 4
76 179 4
76 179 4
76 179 4
76 179 4
76 179 4
76 179 4
76 179 4
76 179 4
76 179 4
76 179 4
76 179 4
76 179 4
76 179 4
76 179 4
76 179 4
76 179 4
76 179 4
76 179 4
76 179 4
76 179 4
76 179 4
76 179 4
76 179 4
76 179 4
76 179 4
76 179 4
76 179 4
76 179 4
76 179 4
76 179 4
76 179 4
76 179 4
76 179 4
76 179 4
76 179 4
76 179 4
76 179 4
76 179 4
76 179 4
76 179 4
76 179 4
76 179 4
76 179 4
76 179 4
76 179 4
76 179 4
76 179 4
76 179 4
76 179 4
76 179 4
76 179 4
76 179 4
76 179 4
76 179 4
76 179 4
76 179 4
76 179 4
76 179 4
76 179 4
76 179 4
76 179 4
76 179 4
76 179 4
76 179 4
76 179 4
76 179 4
76 179 4
76 179 4
76 179 4
76 179 4
76 179 4
76 179 4
76 179 4
76 179 4
76 179 4
76 179 4
76 179 4
76 179 4
76 179 4
76 179 4
76 179 4
76 179 4
76 179 4
76 179 4
76 179 4
76 179 4
76 179 4
76 179 4
76 179 4
76 179 4
76 179 4
126 110 14
126 110 4
126 110 4
139 117 14
139 117 4
139 117 4
139 117 4
139 117 4
139 117 4
140 104 14
140 104 4
140 104 4
3 139 14
3 139 4
3 139 4
3 139 4
3 139 4
3 139 4
3 139 4
3 139 4
3 139 4
3 139 4
3 139 4
3 139 4
3 139 4
3 139 4
3 139 4
3 139 4
3 139 4
3 139 4
3 139 4
3 139 4
3 139 4
3 139 4
3 139 4
3 139 4
3 139 4
3 139 4
3 139 4
3 139 4
3 139 4
3 139 4
3 139 4
3 139 4
3 139 4
3 139 4
3 139 4
3 139 4
3 139 4
3 139 4
3 139 4
3 139 4
3 139 4
3 139 4
3 139 4
3 139 4
3 139 4
3 139 4
3 139 4
3 139 4
3 139 4
3 139 4
3 139 4
3 139 4
3 139 4
3 139 4
3 139 4
3 139 4
3 139 4
3 139 4
3 139 4
3 139 4
3 139 4
3 139 4
3 139 4
3 139 4
3 139 4
15 132 14
15 132 4
15 132 4
15 132 4
15 132 4
15 132 4
15 132 4
15 132 4
15 132 4
15 132 4
15 132 4
15 132 4
15 132 4
15 132 4
15 132 4
15 132 4
15 132 4
15 132 4
15 132 4
15 132 4
15 132 4
15 132 4
15 132 4
15 132 4
15 132 4
15 132 4
15 132 4
15 132 4
15 132 4
15 132 4
15 132 4
15 132 4
15 132 4
15 132 4
15 132 4
15 132 4
15 132 4
15 132 4
15 132 4
15 132 4
15 132 4
15 132 4
15 132 4
15 132 4
15 132 4
15 132 4
15 132 4
15 132 4
15 132 4
15 132 4
15 132 4
114 128 14
114 128 4
114 128 4
114 128 4
114 128 4
114 128 4
114 128 4
114 128 4
114 128 4
114 128 4
114 128 4
114 128 4
114 128 4
114 128 4
114 128 4
114 128 4
114 128 4
114 128 4
114 128 4
114 128 4
114 128 4
114 128 4
114 128 4
114 128 4
114 128 4
114 128 4
114 128 4
114 128 4
114 128 4
114 128 4
114 128 4
114 128 4
114 128 4
114 128 4
114 128 4
114 128 4
114 128 4
114 128 4
114 128 4
114 128 4
114 128 4
114 128 4
114 128 4
114 128 4
114 128 4
114 128 4
114 128 4
114 128 4
114 128 4
114 128 4
114 128 4
114 128 4
114 128 4
114 128 4
114 128 4
114 128 4
114 128 4
42 198 14
42 198 4
42 198 4
42 198 4
42 198 4
42 198 4
42 198 4
42 198 4
42 198 4
42 198 4
42 198 4
42 198 4
42 198 4
42 198 4
42 198 4
42 198 4
42 198 4
42 198 4
42 198 4
42 198 4
42 198 4
42 198 4
42 198 4
42 198 4
42 198 4
42 198 4
42 198 4
42 198 4
42 198 4
42 198 4
42 198 4
42 198 4
42 198 4
42 198 4
42 198 4
42 198 4
42 198 4
42 198 4
42 198 4
42 198 4
42 198 4
42 198 4
42 198 4
42 198 4
42 198 4
42 198 4
42 198 4
42 198 4
42 198 4
42 198 4
42 198 4
42 198 4
42 198 4
42 198 4
42 198 4
42 198 4
42 198 4
42 198 4
42 198 4
42 198 4
42 198 4
42 198 4
42 198 4
42 198 4
42 198 4
42 198 4
42 198 4
42 198 4
42 198 4
42 198 4
42 198 4
42 198 4
42 198 4
42 198 4
42 198 4
152 124 14
152 124 4
152 124 4
152 124 4
152 124 4
152 124 4
152 124 4
153 110 14
153 110 4
153 110 4
153 110 4
153 110 4
153 110 4
153 110 4
153 110 4
153 110 4
153 110 4
153 110 4
153 110 4
153 110 4
153 110 4
153 110 4
153 110 4
153 110 4
153 110 4
153 110 4
153 110 4
153 110 4
153 110 4
153 110 4
153 110 4
153 110 4
153 110 4
153 110 4
153 110 4
153 110 4
153 110 4
153 110 4
2 126 14
2 126 4
2 126 4
2 126 4
2 126 4
2 126 4
2 126 4
2 126 4
2 126 4
2 126 4
2 126 4
2 126 4
2 126 4
2 126 4
2 126 4
2 126 4
2 126 4
2 126 4
2 126 4
2 126 4
2 126 4
2 126 4
2 126 4
2 126 4
2 126 4
2 126 4
2 126 4
2 126 4
2 126 4
2 126 4
2 126 4
2 126 4
2 126 4
2 126 4
2 126 4
2 126 4
2 126 4
2 126 4
2 126 4
2 126 4
2 126 4
2 126 4
2 126 4
2 126 4
2 126 4
2 126 4
2 126 4
2 126 4
2 126 4
2 126 4
2 126 4
2 126 4
2 126 4
2 126 4
2 126 4
2 126 4
2 126 4
2 126 4
2 126 4
2 126 4
2 126 4
2 126 4
2 126 4
2 126 4
2 126 4
2 126 4
2 126 4
2 126 4
2 126 4
2 126 4
2 126 4
2 126 4
2 126 4
2 126 4
2 126 4
2 126 4
2 126 4
2 126 4
2 126 4
2 126 4
2 126 4
2 126 4
2 126 4
2 126 4
2 126 4
2 126 4
2 126 4
2 126 4
2 126 4
2 126 4
2 126 4
2 126 4
2 126 4
2 126 4
2 126 4
2 126 4
2 126 4
2 126 4
2 126 4
2 126 4
2 126 4
2 126 4
2 126 4
2 126 4
2 126 4
2 126 4
2 126 4
2 126 4
2 126 4
2 126 4
2 126 4
2 126 4
2 126 4
2 126 4
2 126 4
2 126 4
2 126 4
2 126 4
2 126 4
2 126 4
2 126 4
2 126 4
2 126 4
2 126 4
2 126 4
2 126 4
2 126 4
2 126 4
2 126 4
2 126 4
2 126 4
2 126 4
2 126 4
2 126 4
2 126 4
2 126 4
2 126 4
2 126 4
2 126 4
2 126 4
2 126 4
2 126 4
2 126 4
2 126 4
2 126 4
2 126 4
2 126 4
2 126 4
2 126 4
2 126 4
2 126 4
2 126 4
2 126 4
2 126 4
2 126 4
2 126 4
2 126 4
2 126 4
2 126 4
2 126 4
2 126 4
2 126 4
2 126 4
2 126 4
2 126 4
2 126 4
2 126 4
2 126 4
2 126 4
2 126 4
2 126 4
2 126 4
2 126 4
2 126 4
2 126 4
2 126 4
2 126 4
2 126 4
2 126 4
2 126 4
2 126 4
2 126 4
2 126 4
2 126 4
2 126 4
2 126 4
2 126 4
2 126 4
2 126 4
2 126 4
2 126 4
2 126 4
2 126 4
2 126 4
2 126 4
2 126 4
2 126 4
2 126 4
2 126 4
2 126 4
2 126 4
2 126 4
2 126 4
2 126 4
2 126 4
2 126 4
2 126 4
2 126 4
2 126 4
28 138 14
28 138 4
28 138 4
28 138 4
28 138 4
28 138 4
28 138 4
28 138 4
28 138 4
28 138 4
28 138 4
28 138 4
28 138 4
28 138 4
28 138 4
28 138 4
28 138 4
28 138 4
28 138 4
28 138 4
28 138 4
28 138 4
28 138 4
28 138 4
28 138 4
28 138 4
28 138 4
28 138 4
28 138 4
28 138 4
28 138 4
28 138 4
28 138 4
28 138 4
28 138 4
28 138 4
28 138 4
28 138 4
28 138 4
28 138 4
28 138 4
28 138 4
28 138 4
28 138 4
28 138 4
28 138 4
28 138 4
28 138 4
28 138 4
28 138 4
28 138 4
28 138 4
28 138 4
28 138 4
28 138 4
28 138 4
28 138 4
28 138 4
28 138 4
28 138 4
28 138 4
28 138 4
28 138 4
28 138 4
28 138 4
28 138 4
28 138 4
28 138 4
28 138 4
28 138 4
28 138 4
28 138 4
28 138 4
28 138 4
28 138 4
28 138 4
28 138 4
28 138 4
28 138 4
28 138 4
28 138 4
28 138 4
28 138 4
28 138 4
28 138 4
28 138 4
28 138 4
28 138 4
28 138 4
28 138 4
28 138 4
28 138 4
28 138 4
28 138 4
28 138 4
28 138 4
28 138 4
28 138 4
28 138 4
28 138 4
28 138 4
28 138 4
28 138 4
28 138 4
28 138 4
28 138 4
28 138 4
28 138 4
28 138 4
28 138 4
28 138 4
28 138 4
28 138 4
28 138 4
28 138 4
28 138 4
28 138 4
28 138 4
28 138 4
28 138 4
28 138 4
28 138 4
28 138 4
28 138 4
28 138 4
28 138 4
28 138 4
28 138 4
28 138 4
28 138 4
28 138 4
28 138 4
164 130 14
164 130 4
164 130 4
164 130 4
164 130 4
164 130 4
164 130 4
164 130 4
164 130 4
164 130 4
164 130 4
164 130 4
164 130 4
164 130 4
164 130 4
164 130 4
164 130 4
164 130 4
164 130 4
164 130 4
165 117 14
165 117 4
165 117 4
165 117 4
165 117 4
165 117 4
165 117 4
165 117 4
165 117 4
165 117 4
165 117 4
165 117 4
165 117 4
165 117 4
165 117 4
165 117 4
165 117 4
165 117 4
165 117 4
165 117 4
165 117 4
165 117 4
165 117 4
165 117 4
165 117 4
165 117 4
165 117 4
165 117 4
165 117 4
165 117 4
165 117 4
165 117 4
165 117 4
165 117 4
165 117 4
165 117 4
165 117 4
85 145 14
85 145 4
85 145 4
85 145 4
85 145 4
85 145 4
85 145 4
85 145 4
85 145 4
85 145 4
85 145 4
85 145 4
85 145 4
85 145 4
85 145 4
85 145 4
85 145 4
85 145 4
85 145 4
85 145 4
85 145 4
85 145 4
85 145 4
85 145 4
85 145 4
85 145 4
85 145 4
85 145 4
85 145 4
85 145 4
85 145 4
85 145 4
85 145 4
85 145 4
85 145 4
85 145 4
85 145 4
85 145 4
85 145 4
85 145 4
85 145 4
85 145 4
85 145 4
85 145 4
85 145 4
85 145 4
85 145 4
85 145 4
85 145 4
85 145 4
85 145 4
85 145 4
85 145 4
85 145 4
85 145 4
85 145 4
85 145 4
85 145 4
85 145 4
152 137 70
152 136 64
153 136 59
153 135 53
153 134 49
154 134 44
154 133 39
155 133 35
155 132 30
155 131 26
155 131 3
155 130 22
155 130 3
155 130 3
155 129 19
155 129 3
155 129 3
155 129 3
155 128 16
155 128 3
155 128 3
155 128 3
155 128 3
155 127 15
155 127 3
155 127 3
155 127 3
155 127 3
155 127 3
155 126 15
155 126 3
155 126 3
155 126 3
155 126 3
155 126 3
155 126 3
155 125 15
155 125 3
155 125 3
155 125 3
155 125 3
155 125 3
155 125 3
155 124 15
155 124 3
155 124 3
155 124 3
155 124 3
155 124 3
155 124 3
155 124 3
155 123 15
155 123 3
155 123 3
155 123 3
155 123 3
155 123 3
155 123 3
155 123 3
155 123 3
155 122 15
155 122 3
155 122 3
155 122 3
155 122 3
155 122 3
155 122 3
155 122 3
155 122 3
155 122 3
155 121 15
155 121 3
155 121 3
155 121 3
155 121 3
155 121 3
155 121 3
155 121 3
155 121 3
155 121 3
155 121 3
155 120 19
155 120 3
155 120 3
155 120 3
155 120 3
155 120 3
155 120 3
155 120 3
155 120 3
155 120 3
155 120 3
155 119 24
155 119 3
155 119 3
155 119 3
155 119 3
155 119 3
155 119 3
155 119 3
155 119 3
155 119 3
155 119 3
154 119 29
154 119 3
154 119 3
154 119 3
154 119 3
154 119 3
154 119 3
154 119 3
154 119 3
153 119 34
153 119 3
153 119 3
153 119 3
153 119 3
153 119 3
153 118 39
153 118 3
153 118 3
153 118 3
153 118 3
153 118 3
152 118 43
152 118 3
152 118 3
152 118 3
151 118 48
151 118 3
151 117 51
150 117 54
149 117 56
148 117 57
147 117 58
146 117 58
145 117 56
144 117 54
143 117 51
142 117 47
141 117 43
140 117 38
139 116 27
138 116 22
138 116 3
137 116 17
137 116 3
137 116 3
137 116 3
137 115 15
137 115 3
137 115 3
136 115 15
136 115 3
136 115 3
136 114 15
136 114 3
135 114 15
135 114 3
135 113 15
135 112 15
134 112 15
134 111 15
134 110 15
134 109 15
134 108 15
133 108 15
133 107 15
133 106 15
132 106 15
132 106 3
132 105 15
131 105 15
131 105 3
131 104 15
131 104 3
131 103 15
131 102 15
131 101 15
131 100 15
131 99 15
130 99 15
130 98 15
130 97 15
129 97 15
128 97 15
126 97 15
125 97 15
124 97 15
123 97 15
122 97 15
121 97 15
120 97 15
119 97 15
118 97 15
118 97 3
118 98 15
118 98 3
118 99 15
118 99 3
117 99 15
117 99 3
116 99 15
116 99 3
115 99 15
115 99 3
114 99 15
114 99 3
114 100 15
114 100 3
113 100 15
113 101 15
112 102 15
111 102 15
110 102 15
109 102 15
108 102 15
108 103 15
107 103 15
106 103 15
106 104 15
105 104 15
104 104 15
104 104 3
103 104 15
103 104 3
102 104 15
102 104 3
102 104 3
102 105 15
102 105 3
102 105 3
101 105 15
101 105 3
101 105 3
101 106 15
101 106 3
101 106 3
100 106 15
100 106 3
100 106 3
100 106 3
99 106 15
99 106 3
99 106 3
99 106 3
99 107 15
99 107 3
99 107 3
99 107 3
98 107 15
98 107 3
98 107 3
98 107 3
97 107 15
97 107 3
97 107 3
97 107 3
96 107 15
96 107 3
96 107 3
95 107 15
95 107 3
95 107 3
94 107 15
94 107 3
94 107 3
94 108 15
94 108 3
93 108 15
93 108 3
93 109 15
93 109 3
92 109 15
91 109 15
91 110 15
91 111 15
91 112 15
90 112 15
89 113 15
88 113 15
87 113 15
86 113 15
86 114 15
85 114 15
84 114 15
83 114 15
82 114 15
82 114 3
82 115 15
82 115 3
82 116 18
81 116 20
81 117 21
80 117 23
75 150 359
75 150 3
75 150 3
75 150 3
75 150 3
75 150 3
75 150 3
75 150 3
75 150 3
75 150 3
75 150 3
75 150 3
75 149 353
75 149 3
75 149 3
75 149 3
75 149 3
75 149 3
75 149 3
75 149 3
75 149 3
75 149 3
75 149 3
75 149 3
75 149 3
75 149 3
75 149 3
75 149 3
75 149 3
75 149 3
75 149 3
75 149 3
75 149 3
75 148 349
75 148 3
75 148 3
75 148 3
75 148 3
75 148 3
75 148 3
75 148 3
75 148 3
75 148 3
75 148 3
75 148 3
75 148 3
75 148 3
75 148 3
75 148 3
75 148 3
75 148 3
75 148 3
75 148 3
75 148 3
75 148 3
75 148 3
75 148 3
75 148 3
75 147 348
75 147 3
75 147 3
75 147 3
75 147 3
75 147 3
75 147 3
75 147 3
75 147 3
75 147 3
75 147 3
75 147 3
75 147 3
75 147 3
75 147 3
75 147 3
75 147 3
75 147 3
75 147 3
75 147 3
75 147 3
75 147 3
75 147 3
75 147 3
76 147 342
76 147 3
76 147 3
76 147 3
76 147 3
76 147 3
76 147 3
76 147 3
76 147 3
76 147 3
76 147 3
76 147 3
76 147 3
76 147 3
77 147 336
77 147 3
77 147 3
77 147 3
77 147 3
77 147 3
77 146 327
78 146 317
78 145 306
79 145 292
79 144 280
80 144 264
81 144 250
81 143 234
82 143 218
82 142 203
82 141 191
82 140 182
82 139 174
82 138 168
82 137 163
82 136 158
82 135 153
82 134 148
82 133 142
82 132 136
82 130 121
82 130 3
82 129 112
82 129 3
82 128 103
82 127 94
82 126 84
82 125 75
82 124 66
82 123 57
82 122 49
82 121 42
82 120 36
82 119 30
82 118 25
81 118 24
74 151 353
74 151 3
74 151 3
74 151 3
74 151 3
74 151 3
73 151 339
73 151 3
73 151 3
73 151 3
73 151 3
73 151 3
73 151 3
73 151 3
73 151 3
73 151 3
72 151 327
72 151 3
72 151 3
72 151 3
72 151 3
72 151 3
72 151 3
72 151 3
72 151 3
72 151 3
72 151 3
72 151 3
71 151 317
71 151 3
71 151 3
71 151 3
71 151 3
71 151 3
71 151 3
71 151 3
71 151 3
71 151 3
71 151 3
71 151 3
71 152 308
70 152 297
70 153 287
69 153 275
69 154 266
68 154 256
68 155 249
67 155 241
67 156 237
66 156 234
66 157 234
65 157 235
66 158 241
67 158 247
67 159 259
68 159 272
68 160 289
69 160 308
69 161 328
69 162 350
69 163 373
70 163 396
70 164 418
70 165 439
70 166 458
70 167 477
71 167 493
71 168 507
71 168 3
71 168 3
71 168 3
71 168 3
71 169 518
71 169 3
71 169 3
71 169 3
71 169 3
71 169 3
71 169 3
71 169 3
71 169 3
71 169 3
71 170 529
71 170 3
71 170 3
71 170 3
71 170 3
71 170 3
71 170 3
71 170 3
71 170 3
71 170 3
71 170 3
71 170 3
71 170 3
72 170 535
72 170 3
72 170 3
72 170 3
72 170 3
72 170 3
72 170 3
72 170 3
72 170 3
72 170 3
72 170 3
72 170 3
72 170 3
72 170 3
72 170 3
72 170 3
72 170 3
72 170 3
72 170 3
72 170 3
72 170 3
72 170 3
72 170 3
72 170 3
72 170 3
72 171 540
72 171 3
72 171 3
72 171 3
72 171 3
72 171 3
72 171 3
72 171 3
72 171 3
72 171 3
72 171 3
72 171 3
72 171 3
72 171 3
72 171 3
72 171 3
72 171 3
72 171 3
72 171 3
72 171 3
72 171 3
72 171 3
72 171 3
72 171 3
73 171 544
73 171 3
73 171 3
73 171 3
73 171 3
73 171 3
73 171 3
73 171 3
73 171 3
73 171 3
73 171 3
73 171 3
73 171 3
73 171 3
73 171 3
73 171 3
73 171 3
73 171 3
73 171 3
73 171 3
73 171 3
73 171 3
73 171 3
73 171 3
73 171 3
73 171 3
73 171 3
73 171 3
73 171 3
73 171 3
73 171 3
73 171 3
73 171 3
73 171 3
73 171 3
73 171 3
73 171 3
73 172 543
73 172 3
73 172 3
73 172 3
73 172 3
73 172 3
73 172 3
73 172 3
73 172 3
73 172 3
73 172 3
73 172 3
73 172 3
73 172 3
73 172 3
73 172 3
73 172 3
73 172 3
73 172 3
73 172 3
73 172 3
73 172 3
73 172 3
73 172 3
73 172 3
73 172 3
73 172 3
73 172 3
73 172 3
73 172 3
73 172 3
73 172 3
73 173 543
73 173 3
73 173 3
73 173 3
73 173 3
73 173 3
73 173 3
73 173 3
73 173 3
73 173 3
73 173 3
73 173 3
73 173 3
73 173 3
73 173 3
73 173 3
73 173 3
73 173 3
73 173 3
73 173 3
73 173 3
73 173 3
73 173 3
74 173 538
74 173 3
74 173 3
74 173 3
74 173 3
74 173 3
74 173 3
74 173 3
74 173 3
74 173 3
74 173 3
74 173 3
74 173 3
74 173 3
74 173 3
74 173 3
74 173 3
74 173 3
74 173 3
74 173 3
74 173 3
74 173 3
74 173 3
74 173 3
74 173 3
74 173 3
74 173 3
74 173 3
74 173 3
74 173 3
74 173 3
74 173 3
74 173 3
74 173 3
74 173 3
74 173 3
74 174 534
74 174 3
74 174 3
74 174 3
74 174 3
74 174 3
74 174 3
74 174 3
74 174 3
74 174 3
74 174 3
74 174 3
74 174 3
74 174 3
74 174 3
74 174 3
74 174 3
74 174 3
74 174 3
74 174 3
74 174 3
74 174 3
74 174 3
74 174 3
74 174 3
75 174 526
75 174 3
75 174 3
75 174 3
75 174 3
75 174 3
75 174 3
75 174 3
75 174 3
75 174 3
75 174 3
75 174 3
75 174 3
75 174 3
75 174 3
75 174 3
75 174 3
75 174 3
75 174 3
75 174 3
75 174 3
75 174 3
75 174 3
75 174 3
75 174 3
75 174 3
75 174 3
75 174 3
75 174 3
75 174 3
75 174 3
75 174 3
75 174 3
75 174 3
75 174 3
75 174 3
75 174 3
75 174 3
75 175 519
75 175 3
75 175 3
75 175 3
75 175 3
75 175 3
75 175 3
75 175 3
75 175 3
75 175 3
75 175 3
75 175 3
75 175 3
75 175 3
75 175 3
75 175 3
75 175 3
75 175 3
75 175 3
75 175 3
75 175 3
75 175 3
75 175 3
75 175 3
75 175 3
75 175 3
75 175 3
76 175 507
76 175 3
76 175 3
76 175 3
76 175 3
76 175 3
76 175 3
76 175 3
76 175 3
76 175 3
76 175 3
76 175 3
76 175 3
76 175 3
76 175 3
76 175 3
76 175 3
76 175 3
76 175 3
76 175 3
76 175 3
76 175 3
76 175 3
76 175 3
76 175 3
76 175 3
76 175 3
76 175 3
76 175 3
76 175 3
76 175 3
76 175 3
76 175 3
76 175 3
76 175 3
76 175 3
76 175 3
76 175 3
76 175 3
76 175 3
76 175 3
76 175 3
76 176 498
76 176 3
76 176 3
76 176 3
76 176 3
76 176 3
76 176 3
76 176 3
76 176 3
76 176 3
76 176 3
76 176 3
76 176 3
76 176 3
76 176 3
76 176 3
76 176 3
76 176 3
76 176 3
76 176 3
76 176 3
76 176 3
76 176 3
76 176 3
76 176 3
76 176 3
76 176 3
76 176 3
76 176 3
76 176 3
76 176 3
76 176 3
76 176 3
76 177 495
76 177 3
76 177 3
76 177 3
76 177 3
76 177 3
76 177 3
76 177 3
76 177 3
76 177 3
76 177 3
76 177 3
76 177 3
76 177 3
76 177 3
76 177 3
76 177 3
76 177 3
76 177 3
76 177 3
76 177 3
76 177 3
76 177 3
76 177 3
76 178 498
76 178 3
76 178 3
76 178 3
76 178 3
76 178 3
76 178 3
76 178 3
76 178 3
76 178 3
76 178 3
76 178 3
76 178 3
76 178 3
77 179 474
77 179 3
77 179 3
77 179 3
77 179 3
77 179 3
77 179 3
77 179 3
77 179 3
77 179 3
77 179 3
77 179 3
77 179 3
77 179 3
77 179 3
77 179 3
77 179 3
77 179 3
77 179 3
77 179 3
77 179 3
77 179 3
78 179 443
78 179 3
78 179 3
78 179 3
78 179 3
78 179 3
78 179 3
78 179 3
78 179 3
78 179 3
78 179 3
78 179 3
78 179 3
78 179 3
78 179 3
78 179 3
78 179 3
78 179 3
78 179 3
78 179 3
78 179 3
78 179 3
78 179 3
78 179 3
78 179 3
78 179 3
78 179 3
78 179 3
78 179 3
78 179 3
78 179 3
78 179 3
78 179 3
78 179 3
78 179 3
78 179 3
78 179 3
78 179 3
78 179 3
78 179 3
78 179 3
78 179 3
79 179 415
79 179 3
79 179 3
79 179 3
79 179 3
79 179 3
79 179 3
79 179 3
79 179 3
79 179 3
79 179 3
79 179 3
79 179 3
79 179 3
79 179 3
79 179 3
79 179 3
79 179 3
79 179 3
79 179 3
79 179 3
79 179 3
79 179 3
79 179 3
79 179 3
79 179 3
79 179 3
79 179 3
79 179 3
79 179 3
79 179 3
79 179 3
79 179 3
79 179 3
79 179 3
79 179 3
79 179 3
79 179 3
79 179 3
79 179 3
79 179 3
79 179 3
79 179 3
79 179 3
79 179 3
79 179 3
79 179 3
79 179 3
79 179 3
79 179 3
79 179 3
79 179 3
79 179 3
79 179 3
79 179 3
79 179 3
79 179 3
79 179 3
79 179 3
79 179 3
79 179 3
80 179 390
80 179 3
80 179 3
80 179 3
80 179 3
80 179 3
80 179 3
80 179 3
80 179 3
80 179 3
80 179 3
80 179 3
80 179 3
80 179 3
80 179 3
80 179 3
80 179 3
80 179 3
80 179 3
80 179 3
80 179 3
80 179 3
80 179 3
80 179 3
80 179 3
80 179 3
80 179 3
80 179 3
80 179 3
80 179 3
80 179 3
80 179 3
80 179 3
80 179 3
80 179 3
80 179 3
80 179 3
80 179 3
80 179 3
80 179 3
80 179 3
80 179 3
80 179 3
80 179 3
80 179 3
80 179 3
80 179 3
80 179 3
80 179 3
80 179 3
80 179 3
80 179 3
80 179 3
80 179 3
80 179 3
80 179 3
80 179 3
80 179 3
80 179 3
80 179 3
80 179 3
80 179 3
80 179 3
80 179 3
80 179 3
80 179 3
80 179 3
80 179 3
80 179 3
80 179 3
80 179 3
80 179 3
80 179 3
80 179 3
80 179 3
81 179 370
81 179 3
81 179 3
81 179 3
81 179 3
81 179 3
81 179 3
81 179 3
81 179 3
81 179 3
81 179 3
81 179 3
81 179 3
81 179 3
81 179 3
81 179 3
81 179 3
81 179 3
81 179 3
81 179 3
81 179 3
81 179 3
81 179 3
81 179 3
81 179 3
81 179 3
81 179 3
81 179 3
81 179 3
81 179 3
81 179 3
81 179 3
81 179 3
81 179 3
81 179 3
81 179 3
81 179 3
81 179 3
81 179 3
81 179 3
81 179 3
81 179 3
81 179 3
81 179 3
81 179 3
81 179 3
81 179 3
81 179 3
81 179 3
81 179 3
81 179 3
81 179 3
81 179 3
81 179 3
81 179 3
81 179 3
81 179 3
81 179 3
81 179 3
81 179 3
81 179 3
81 179 3
81 179 3
81 179 3
81 179 3
81 179 3
81 179 3
81 179 3
81 179 3
81 179 3
81 179 3
81 179 3
81 179 3
81 179 3
81 179 3
81 179 3
81 179 3
81 179 3
81 179 3
81 179 3
81 179 3
81 179 3
81 179 3
81 179 3
82 179 353
82 179 3
82 179 3
82 179 3
82 179 3
82 179 3
82 179 3
82 179 3
82 179 3
82 179 3
82 179 3
82 179 3
82 179 3
82 179 3
82 179 3
82 179 3
82 179 3
82 179 3
82 179 3
82 179 3
82 179 3
82 179 3
82 179 3
82 179 3
82 179 3
82 179 3
82 179 3
82 179 3
82 179 3
82 179 3
82 179 3
82 179 3
82 179 3
82 179 3
82 179 3
82 179 3
82 179 3
82 179 3
82 179 3
82 179 3
82 179 3
82 179 3
82 179 3
82 179 3
82 179 3
82 179 3
82 179 3
82 179 3
82 179 3
82 179 3
82 179 3
82 179 3
82 179 3
82 179 3
82 179 3
82 179 3
82 179 3
82 179 3
82 179 3
82 179 3
82 179 3
82 179 3
82 179 3
82 179 3
82 179 3
82 179 3
82 179 3
82 179 3
82 179 3
82 179 3
82 179 3
82 179 3
82 179 3
82 179 3
82 179 3
82 179 3
82 179 3
82 179 3
82 179 3
82 179 3
82 179 3
82 179 3
82 179 3
82 179 3
82 179 3
82 179 3
82 179 3
82 180 338
82 180 3
82 180 3
82 180 3
82 180 3
82 180 3
82 180 3
82 180 3
82 180 3
82 180 3
82 180 3
82 180 3
82 180 3
82 180 3
82 180 3
82 180 3
82 180 3
82 180 3
82 180 3
82 180 3
82 180 3
82 180 3
82 180 3
82 180 3
82 180 3
82 180 3
82 180 3
82 180 3
82 180 3
82 180 3
82 180 3
82 180 3
82 180 3
82 180 3
82 180 3
82 180 3
82 180 3
82 180 3
82 180 3
82 180 3
82 180 3
82 180 3
82 180 3
82 180 3
82 180 3
82 180 3
82 180 3
82 180 3
82 180 3
82 180 3
82 180 3
82 180 3
82 180 3
82 180 3
82 180 3
82 180 3
82 180 3
82 180 3
82 180 3
82 180 3
82 180 3
82 180 3
82 180 3
82 180 3
82 180 3
82 180 3
82 180 3
82 180 3
82 180 3
82 180 3
82 180 3
82 180 3
82 180 3
82 180 3
82 180 3
83 180 321
83 180 3
83 180 3
83 180 3
83 180 3
83 180 3
83 180 3
83 180 3
83 180 3
83 180 3
83 180 3
83 180 3
83 180 3
83 180 3
83 180 3
83 180 3
83 180 3
83 180 3
83 180 3
83 180 3
83 180 3
83 180 3
83 180 3
83 180 3
83 180 3
83 180 3
83 180 3
83 180 3
83 180 3
83 180 3
83 180 3
83 180 3
83 180 3
83 180 3
83 180 3
83 180 3
83 180 3
83 180 3
83 180 3
83 180 3
83 180 3
83 180 3
83 180 3
83 180 3
83 180 3
83 180 3
83 180 3
83 180 3
83 180 3
83 180 3
83 180 3
83 180 3
83 180 3
83 180 3
83 180 3
83 180 3
83 180 3
83 180 3
83 180 3
83 180 3
83 180 3
83 180 3
83 180 3
83 180 3
83 180 3
83 180 3
83 180 3
83 180 3
83 180 3
83 180 3
83 180 3
83 180 3
83 180 3
84 180 308
84 180 3
84 180 3
84 180 3
84 180 3
84 180 3
84 180 3
84 180 3
84 180 3
84 180 3
84 180 3
84 180 3
84 180 3
84 180 3
84 180 3
84 180 3
84 180 3
84 180 3
84 180 3
84 180 3
84 180 3
84 180 3
84 180 3
84 180 3
84 180 3
84 180 3
84 180 3
84 180 3
84 180 3
84 180 3
84 180 3
84 180 3
84 180 3
84 180 3
84 180 3
84 180 3
84 180 3
84 180 3
84 180 3
84 180 3
84 180 3
84 180 3
84 180 3
84 180 3
84 180 3
84 180 3
84 180 3
84 180 3
84 180 3
84 180 3
84 180 3
84 180 3
84 180 3
84 180 3
84 180 3
84 180 3
84 180 3
84 180 3
84 180 3
84 180 3
84 180 3
84 180 3
84 180 3
84 180 3
84 180 3
84 180 3
84 180 3
84 181 293
84 181 3
84 181 3
84 181 3
84 181 3
84 181 3
84 181 3
84 181 3
84 181 3
84 181 3
84 181 3
84 181 3
84 181 3
84 181 3
84 181 3
84 181 3
84 181 3
84 181 3
84 181 3
84 181 3
84 181 3
84 181 3
84 181 3
84 181 3
84 181 3
84 181 3
84 181 3
84 181 3
84 181 3
84 181 3
84 181 3
84 181 3
84 181 3
84 181 3
84 181 3
84 181 3
84 181 3
84 181 3
84 181 3
84 181 3
84 181 3
84 181 3
84 181 3
84 181 3
84 181 3
84 181 3
84 181 3
84 181 3
84 181 3
84 181 3
84 181 3
84 181 3
84 181 3
84 181 3
84 181 3
85 181 282
85 181 3
85 181 3
85 181 3
85 181 3
85 181 3
85 181 3
85 181 3
85 181 3
85 181 3
85 181 3
85 181 3
85 181 3
85 181 3
85 181 3
85 181 3
85 181 3
85 181 3
85 181 3
85 181 3
85 181 3
85 181 3
85 181 3
85 181 3
85 181 3
85 181 3
85 181 3
85 181 3
85 181 3
85 181 3
85 181 3
85 181 3
85 181 3
85 181 3
85 181 3
85 181 3
85 181 3
85 181 3
85 181 3
85 181 3
85 181 3
85 181 3
85 181 3
85 181 3
85 181 3
85 181 3
85 181 3
85 181 3
85 181 3
85 182 273
85 182 3
85 182 3
85 182 3
85 182 3
85 182 3
85 182 3
85 182 3
85 182 3
85 182 3
85 182 3
85 182 3
85 182 3
85 182 3
85 182 3
85 182 3
85 182 3
85 182 3
85 182 3
85 182 3
85 182 3
85 182 3
85 182 3
85 182 3
85 182 3
85 182 3
85 182 3
85 182 3
85 182 3
85 182 3
85 182 3
85 182 3
85 182 3
85 182 3
85 182 3
85 182 3
85 182 3
86 182 263
86 182 3
86 182 3
86 182 3
86 182 3
86 182 3
86 182 3
86 182 3
86 182 3
86 182 3
86 182 3
86 182 3
86 182 3
86 182 3
86 182 3
86 182 3
86 182 3
86 182 3
86 182 3
86 182 3
86 182 3
86 182 3
86 182 3
86 182 3
86 182 3
86 182 3
86 182 3
86 182 3
86 182 3
86 182 3
86 182 3
86 182 3
86 183 259
86 183 3
86 183 3
86 183 3
86 183 3
86 183 3
86 183 3
86 183 3
86 183 3
86 183 3
86 183 3
86 183 3
86 183 3
86 183 3
86 183 3
86 183 3
86 183 3
86 183 3
86 183 3
86 183 3
86 183 3
86 183 3
86 184 263
86 184 3
86 184 3
86 184 3
86 184 3
86 184 3
86 184 3
86 184 3
86 184 3
86 184 3
86 184 3
87 185 260
87 185 3
87 185 3
88 185 253
88 185 3
88 185 3
88 185 3
89 185 251
89 185 3
89 185 3
89 185 3
89 185 3
90 185 254
90 185 3
90 185 3
90 185 3
90 185 3
90 186 260
90 186 3
90 186 3
91 186 265
91 186 3
91 186 3
91 186 3
91 186 3
92 186 273
92 186 3
92 186 3
92 186 3
92 186 3
92 186 3
93 186 283
93 186 3
93 186 3
93 186 3
93 186 3
93 186 3
93 186 3
94 186 293
94 186 3
94 186 3
94 186 3
94 186 3
94 186 3
94 186 3
95 186 304
95 186 3
95 186 3
95 186 3
95 186 3
95 186 3
95 186 3
96 186 314
96 186 3
96 186 3
96 186 3
96 186 3
96 186 3
96 186 3
97 186 322
97 186 3
97 186 3
97 186 3
97 186 3
97 186 3
97 186 3
97 186 3
98 186 327
98 186 3
98 186 3
98 186 3
98 186 3
98 186 3
98 186 3
98 186 3
98 186 3
99 186 329
99 186 3
99 186 3
99 186 3
99 186 3
99 186 3
99 186 3
99 186 3
99 186 3
99 186 3
99 186 3
100 186 327
100 186 3
100 186 3
100 186 3
100 186 3
100 186 3
100 186 3
100 186 3
100 186 3
100 186 3
100 186 3
101 186 322
101 186 3
101 186 3
101 186 3
101 186 3
101 186 3
101 186 3
101 186 3
101 186 3
101 186 3
101 186 3
102 186 312
102 186 3
102 186 3
102 186 3
102 186 3
102 186 3
102 186 3
102 186 3
102 186 3
102 186 3
103 186 299
103 186 3
103 186 3
103 186 3
103 186 3
103 186 3
103 186 3
104 186 282
104 186 3
104 186 3
104 186 3
104 186 3
105 186 262
105 186 3
105 186 3
107 186 217
108 186 193
109 186 169
109 186 3
109 186 3
110 186 145
110 186 3
110 186 3
110 186 3
110 186 3
110 186 3
110 186 3
111 186 124
111 186 3
111 186 3
111 186 3
111 186 3
111 186 3
111 186 3
111 186 3
111 186 3
111 186 3
111 186 3
112 186 105
112 186 3
112 186 3
112 186 3
112 186 3
112 186 3
112 186 3
112 186 3
112 186 3
112 186 3
112 186 3
112 186 3
112 186 3
112 186 3
113 186 88
113 186 3
113 186 3
113 186 3
113 186 3
113 186 3
113 186 3
113 186 3
113 186 3
113 186 3
113 186 3
113 186 3
113 186 3
113 186 3
113 186 3
113 186 3
113 186 3
113 186 3
114 186 75
114 186 3
114 186 3
114 186 3
114 186 3
114 186 3
114 186 3
114 186 3
114 186 3
114 186 3
114 186 3
114 186 3
114 186 3
114 186 3
114 186 3
114 186 3
114 186 3
114 186 3
114 186 3
114 186 3
115 186 65
115 186 3
115 186 3
115 186 3
115 186 3
115 186 3
115 186 3
115 186 3
115 186 3
115 186 3
115 186 3
115 186 3
115 186 3
115 186 3
115 186 3
115 186 3
115 186 3
115 186 3
115 186 3
115 186 3
115 186 3
115 187 57
115 187 3
115 187 3
115 187 3
115 187 3
115 187 3
115 187 3
115 187 3
115 187 3
115 187 3
115 187 3
115 187 3
115 187 3
115 187 3
115 187 3
115 187 3
115 187 3
115 187 3
116 187 50
116 187 3
116 187 3
116 187 3
116 187 3
116 187 3
116 187 3
116 187 3
116 187 3
116 187 3
116 187 3
116 187 3
116 187 3
116 187 3
116 187 3
116 187 3
116 187 3
116 187 3
116 187 3
117 187 45
117 187 3
117 187 3
117 187 3
117 187 3
117 187 3
117 187 3
117 187 3
117 187 3
117 187 3
117 187 3
117 187 3
117 187 3
117 187 3
117 187 3
117 187 3
117 187 3
117 187 3
117 187 3
117 188 41
117 188 3
117 188 3
117 188 3
117 188 3
117 188 3
117 188 3
117 188 3
117 188 3
117 188 3
117 188 3
117 188 3
117 188 3
117 188 3
117 188 3
117 188 3
118 188 38
118 188 3
118 188 3
118 188 3
118 188 3
118 188 3
118 188 3
118 188 3
118 188 3
118 188 3
118 188 3
118 188 3
118 188 3
118 188 3
118 188 3
118 188 3
118 189 37
118 189 3
118 189 3
118 189 3
118 189 3
118 189 3
118 189 3
118 189 3
118 189 3
118 189 3
118 189 3
118 189 3
118 189 3
119 189 35
119 189 3
119 189 3
119 189 3
119 189 3
119 189 3
119 189 3
119 189 3
119 189 3
119 189 3
119 189 3
119 189 3
119 189 3
120 189 35
120 189 3
120 189 3
120 189 3
120 189 3
120 189 3
120 189 3
120 189 3
120 189 3
120 189 3
120 189 3
120 189 3
120 190 34
120 190 3
120 190 3
120 190 3
120 190 3
120 190 3
120 190 3
120 190 3
120 190 3
120 190 3
121 190 33
121 190 3
121 190 3
121 190 3
121 190 3
121 190 3
121 190 3
121 190 3
121 190 3
121 190 3
122 190 33
122 190 3
122 190 3
122 190 3
122 190 3
122 190 3
122 190 3
122 190 3
122 190 3
123 190 32
123 190 3
123 190 3
123 190 3
123 190 3
123 190 3
123 190 3
123 190 3
123 190 3
123 191 30
123 191 3
123 191 3
123 191 3
123 191 3
123 191 3
123 191 3
124 191 26
124 191 3
124 191 3
124 191 3
124 191 3
124 191 3
124 191 3
124 191 3
125 191 22
125 191 3
125 191 3
125 191 3
125 191 3
125 191 3
125 191 3
125 191 3
125 191 3
125 191 3
126 191 18
126 191 3
126 191 3
126 191 3
126 191 3
126 191 3
126 191 3
126 191 3
126 191 3
126 191 3
126 191 3
126 191 3
126 192 15
126 192 3
126 192 3
126 192 3
126 192 3
126 192 3
126 192 3
126 192 3
126 192 3
126 192 3
127 192 15
127 192 3
127 192 3
127 192 3
127 192 3
127 192 3
127 192 3
127 192 3
127 192 3
127 192 3
127 192 3
127 193 15
127 193 3
127 193 3
127 193 3
127 193 3
127 193 3
127 193 3
127 193 3
127 193 3
127 194 15
127 194 3
127 194 3
127 194 3
127 194 3
127 194 3
127 194 3
127 195 15
127 195 3
127 195 3
127 195 3
127 195 3
127 196 15
127 196 3
127 196 3
127 196 3
127 197 15
127 197 3
127 197 3
127 198 15
127 198 3
64 158 246
64 158 3
64 158 3
64 158 3
64 158 3
64 158 3
64 158 3
64 158 3
64 158 3
63 158 256
63 158 3
63 158 3
63 158 3
63 158 3
63 158 3
63 158 3
63 158 3
63 158 3
63 158 3
63 158 3
63 158 3
63 158 3
63 158 3
63 158 3
63 159 267
63 159 3
63 159 3
63 159 3
63 159 3
63 159 3
63 159 3
63 159 3
63 159 3
63 159 3
63 159 3
63 159 3
63 159 3
63 159 3
63 159 3
63 159 3
63 159 3
63 159 3
62 159 281
62 159 3
62 159 3
62 159 3
62 159 3
62 159 3
62 159 3
62 159 3
62 159 3
62 159 3
62 159 3
62 159 3
62 159 3
62 159 3
62 159 3
62 159 3
62 159 3
62 159 3
62 159 3
62 159 3
62 159 3
62 159 3
62 159 3
62 160 297
62 160 3
62 160 3
62 160 3
62 160 3
62 160 3
62 160 3
62 160 3
62 160 3
62 160 3
62 160 3
62 160 3
62 160 3
62 160 3
62 160 3
62 160 3
62 160 3
62 160 3
62 160 3
62 160 3
62 160 3
62 160 3
62 160 3
62 160 3
62 160 3
61 160 313
61 160 3
61 160 3
61 160 3
61 160 3
61 160 3
61 160 3
61 160 3
61 160 3
61 160 3
61 160 3
61 160 3
61 160 3
61 160 3
61 160 3
61 160 3
61 160 3
61 160 3
61 160 3
61 160 3
61 160 3
61 160 3
61 160 3
61 160 3
61 160 3
61 160 3
61 160 3
61 160 3
61 160 3
60 160 331
60 160 3
60 160 3
60 160 3
60 160 3
60 160 3
60 160 3
60 160 3
60 160 3
60 160 3
60 160 3
60 160 3
60 160 3
60 160 3
60 160 3
60 160 3
60 160 3
60 160 3
60 160 3
60 160 3
60 160 3
60 160 3
60 160 3
60 160 3
60 160 3
60 160 3
60 160 3
60 160 3
60 160 3
60 160 3
60 160 3
60 160 3
59 160 349
59 160 3
59 160 3
59 160 3
59 160 3
59 160 3
59 160 3
59 160 3
59 160 3
59 160 3
59 160 3
59 160 3
59 160 3
59 160 3
59 160 3
59 160 3
59 160 3
59 160 3
59 160 3
59 160 3
59 160 3
59 160 3
59 160 3
59 160 3
59 160 3
59 160 3
59 160 3
59 160 3
59 160 3
59 160 3
59 160 3
59 160 3
59 160 3
59 160 3
59 160 3
59 160 3
58 160 366
58 160 3
58 160 3
58 160 3
58 160 3
58 160 3
58 160 3
58 160 3
58 160 3
58 160 3
58 160 3
58 160 3
58 160 3
58 160 3
58 160 3
58 160 3
58 160 3
58 160 3
58 160 3
58 160 3
58 160 3
58 160 3
58 160 3
58 160 3
58 160 3
58 160 3
58 160 3
58 160 3
58 160 3
58 160 3
58 160 3
58 160 3
58 160 3
58 160 3
58 160 3
58 160 3
58 160 3
58 160 3
58 160 3
58 160 3
58 160 3
58 160 3
57 160 381
57 160 3
57 160 3
57 160 3
57 160 3
57 160 3
57 160 3
57 160 3
57 160 3
57 160 3
57 160 3
57 160 3
57 160 3
57 160 3
57 160 3
57 160 3
57 160 3
57 160 3
57 160 3
57 160 3
57 160 3
57 160 3
57 160 3
57 160 3
57 160 3
57 160 3
57 160 3
57 160 3
57 160 3
57 160 3
57 160 3
57 160 3
57 160 3
57 160 3
57 160 3
57 160 3
57 160 3
57 160 3
57 160 3
57 160 3
57 160 3
57 160 3
57 160 3
57 160 3
57 160 3
57 160 3
57 160 3
57 160 3
57 160 3
57 160 3
56 160 394
56 160 3
56 160 3
56 160 3
56 160 3
56 160 3
56 160 3
56 160 3
56 160 3
56 160 3
56 160 3
56 160 3
56 160 3
56 160 3
56 160 3
56 160 3
56 160 3
56 160 3
56 160 3
56 160 3
56 160 3
56 160 3
56 160 3
56 160 3
56 160 3
56 160 3
56 160 3
56 160 3
56 160 3
56 160 3
56 160 3
56 160 3
56 160 3
56 160 3
56 160 3
56 160 3
56 160 3
56 160 3
56 160 3
56 160 3
56 160 3
56 160 3
56 160 3
56 160 3
56 160 3
56 160 3
56 160 3
56 160 3
56 160 3
56 160 3
56 160 3
56 160 3
56 160 3
56 160 3
56 160 3
56 160 3
56 160 3
56 160 3
56 160 3
56 160 3
55 160 403
55 160 3
55 160 3
55 160 3
55 160 3
55 160 3
55 160 3
55 160 3
55 160 3
55 160 3
55 160 3
55 160 3
55 160 3
55 160 3
55 160 3
55 160 3
55 160 3
55 160 3
55 160 3
55 160 3
55 160 3
55 160 3
55 160 3
55 160 3
55 160 3
55 160 3
55 160 3
55 160 3
55 160 3
55 160 3
55 160 3
55 160 3
55 160 3
55 160 3
55 160 3
55 160 3
55 160 3
55 160 3
55 160 3
55 160 3
55 160 3
55 160 3
55 160 3
55 160 3
55 160 3
55 160 3
55 160 3
55 160 3
55 160 3
55 160 3
55 160 3
55 160 3
55 160 3
55 160 3
55 160 3
55 160 3
55 160 3
55 160 3
55 160 3
55 160 3
55 160 3
55 160 3
55 160 3
55 160 3
55 160 3
55 160 3
55 160 3
55 160 3
55 160 3
55 160 3
55 160 3
54 160 408
54 160 3
54 160 3
54 160 3
54 160 3
54 160 3
54 160 3
54 160 3
54 160 3
54 160 3
54 160 3
54 160 3
54 160 3
54 160 3
54 160 3
54 160 3
54 160 3
54 160 3
54 160 3
54 160 3
54 160 3
54 160 3
54 160 3
54 160 3
54 160 3
54 160 3
54 160 3
54 160 3
54 160 3
54 160 3
54 160 3
54 160 3
54 160 3
54 160 3
54 160 3
54 160 3
54 160 3
54 160 3
54 160 3
54 160 3
54 160 3
54 160 3
54 160 3
54 160 3
54 160 3
54 160 3
54 160 3
54 160 3
54 160 3
54 160 3
54 160 3
54 160 3
54 160 3
54 160 3
54 160 3
54 160 3
54 160 3
54 160 3
54 160 3
54 160 3
54 160 3
54 160 3
54 160 3
54 160 3
54 160 3
54 160 3
54 160 3
54 160 3
54 160 3
54 160 3
54 160 3
54 160 3
54 160 3
54 160 3
54 160 3
54 160 3
54 160 3
54 160 3
54 160 3
54 160 3
53 160 408
53 160 3
53 160 3
53 160 3
53 160 3
53 160 3
53 160 3
53 160 3
53 160 3
53 160 3
53 160 3
53 160 3
53 160 3
53 160 3
53 160 3
53 160 3
53 160 3
53 160 3
53 160 3
53 160 3
53 160 3
53 160 3
53 160 3
53 160 3
53 160 3
53 160 3
53 160 3
53 160 3
53 160 3
53 160 3
53 160 3
53 160 3
53 160 3
53 160 3
53 160 3
53 160 3
53 160 3
53 160 3
53 160 3
53 160 3
53 160 3
53 160 3
53 160 3
53 160 3
53 160 3
53 160 3
53 160 3
53 160 3
53 160 3
53 160 3
53 160 3
53 160 3
53 160 3
53 160 3
53 160 3
53 160 3
53 160 3
53 160 3
53 160 3
53 160 3
53 160 3
53 160 3
53 160 3
53 160 3
53 160 3
53 160 3
53 160 3
53 160 3
53 160 3
53 160 3
53 160 3
53 160 3
53 160 3
53 160 3
53 160 3
53 160 3
53 160 3
53 160 3
53 160 3
53 160 3
53 160 3
53 160 3
53 160 3
53 160 3
53 160 3
52 160 405
52 160 3
52 160 3
52 160 3
52 160 3
52 160 3
52 160 3
52 160 3
52 160 3
52 160 3
52 160 3
52 160 3
52 160 3
52 160 3
52 160 3
52 160 3
52 160 3
52 160 3
52 160 3
52 160 3
52 160 3
52 160 3
52 160 3
52 160 3
52 160 3
52 160 3
52 160 3
52 160 3
52 160 3
52 160 3
52 160 3
52 160 3
52 160 3
52 160 3
52 160 3
52 160 3
52 160 3
52 160 3
52 160 3
52 160 3
52 160 3
52 160 3
52 160 3
52 160 3
52 160 3
52 160 3
52 160 3
52 160 3
52 160 3
52 160 3
52 160 3
52 160 3
52 160 3
52 160 3
52 160 3
52 160 3
52 160 3
52 160 3
52 160 3
52 160 3
52 160 3
52 160 3
52 160 3
52 160 3
52 160 3
52 160 3
52 160 3
52 160 3
52 160 3
52 160 3
52 160 3
52 160 3
52 160 3
52 160 3
52 160 3
52 160 3
52 160 3
52 160 3
52 160 3
52 160 3
52 160 3
52 160 3
52 160 3
52 160 3
52 160 3
51 160 397
51 160 3
51 160 3
51 160 3
51 160 3
51 160 3
51 160 3
51 160 3
51 160 3
51 160 3
51 160 3
51 160 3
51 160 3
51 160 3
51 160 3
51 160 3
51 160 3
51 160 3
51 160 3
51 160 3
51 160 3
51 160 3
51 160 3
51 160 3
51 160 3
51 160 3
51 160 3
51 160 3
51 160 3
51 160 3
51 160 3
51 160 3
51 160 3
51 160 3
51 160 3
51 160 3
51 160 3
51 160 3
51 160 3
51 160 3
51 160 3
51 160 3
51 160 3
51 160 3
51 160 3
51 160 3
51 160 3
51 160 3
51 160 3
51 160 3
51 160 3
51 160 3
51 160 3
51 160 3
51 160 3
51 160 3
51 160 3
51 160 3
51 160 3
51 160 3
51 160 3
51 160 3
51 160 3
51 160 3
51 160 3
51 160 3
51 160 3
51 160 3
51 160 3
51 160 3
51 160 3
51 160 3
51 160 3
51 160 3
51 160 3
51 160 3
51 160 3
51 160 3
51 160 3
51 160 3
50 160 385
50 160 3
50 160 3
50 160 3
50 160 3
50 160 3
50 160 3
50 160 3
50 160 3
50 160 3
50 160 3
50 160 3
50 160 3
50 160 3
50 160 3
50 160 3
50 160 3
50 160 3
50 160 3
50 160 3
50 160 3
50 160 3
50 160 3
50 160 3
50 160 3
50 160 3
50 160 3
50 160 3
50 160 3
50 160 3
50 160 3
50 160 3
50 160 3
50 160 3
50 160 3
50 160 3
50 160 3
50 160 3
50 160 3
50 160 3
50 160 3
50 160 3
50 160 3
50 160 3
50 160 3
50 160 3
50 160 3
50 160 3
50 160 3
50 160 3
50 160 3
50 160 3
50 160 3
50 160 3
50 160 3
50 160 3
50 160 3
50 160 3
50 160 3
50 160 3
50 160 3
50 160 3
50 160 3
50 160 3
50 160 3
50 160 3
50 160 3
50 160 3
50 160 3
50 160 3
49 160 369
49 160 3
49 160 3
49 160 3
49 160 3
49 160 3
49 160 3
49 160 3
49 160 3
49 160 3
49 160 3
49 160 3
49 160 3
49 160 3
49 160 3
49 160 3
49 160 3
49 160 3
49 160 3
49 160 3
49 160 3
49 160 3
49 160 3
49 160 3
49 160 3
49 160 3
49 160 3
49 160 3
49 160 3
49 160 3
49 160 3
49 160 3
49 160 3
49 160 3
49 160 3
49 160 3
49 160 3
49 160 3
49 160 3
49 160 3
49 160 3
49 160 3
49 160 3
49 160 3
49 160 3
49 160 3
49 160 3
49 160 3
49 160 3
49 160 3
49 160 3
49 160 3
49 160 3
49 160 3
49 160 3
49 160 3
49 160 3
48 160 351
48 160 3
48 160 3
48 160 3
48 160 3
48 160 3
48 160 3
48 160 3
48 160 3
48 160 3
48 160 3
48 160 3
48 160 3
48 160 3
48 160 3
48 160 3
48 160 3
48 160 3
48 160 3
48 160 3
48 160 3
48 160 3
48 160 3
48 160 3
48 160 3
48 160 3
48 160 3
48 160 3
48 160 3
48 160 3
48 160 3
48 160 3
48 160 3
48 160 3
48 160 3
48 160 3
48 160 3
48 160 3
48 160 3
48 160 3
48 160 3
48 160 3
48 160 3
47 160 332
47 160 3
47 160 3
47 160 3
47 160 3
47 160 3
47 160 3
47 160 3
47 160 3
47 160 3
47 160 3
47 160 3
47 160 3
47 160 3
47 160 3
47 160 3
47 160 3
47 160 3
47 160 3
47 160 3
47 160 3
47 160 3
47 160 3
47 160 3
47 160 3
47 160 3
47 160 3
47 160 3
47 160 3
46 160 311
46 160 3
46 160 3
46 160 3
46 160 3
46 160 3
46 160 3
46 160 3
46 160 3
46 160 3
46 160 3
46 160 3
46 160 3
46 160 3
46 160 3
46 160 3
46 160 3
46 161 286
46 161 3
46 161 3
46 161 3
46 161 3
46 161 3
46 161 3
45 161 262
45 162 236
44 162 209
44 163 183
43 163 155
43 164 129
42 164 101
42 165 76
41 165 50
41 165 3
41 165 3
41 165 3
41 165 3
41 166 27
41 166 3
41 166 3
41 166 3
41 166 3
41 166 3
41 166 3
41 166 3
41 166 3
41 167 15
41 167 3
41 167 3
41 167 3
41 167 3
41 167 3
41 167 3
41 167 3
41 167 3
41 167 3
41 167 3
40 167 15
40 167 3
40 167 3
40 167 3
40 167 3
40 167 3
40 167 3
40 167 3
40 167 3
40 168 15
40 168 3
40 168 3
40 168 3
40 168 3
40 168 3
40 168 3
39 168 15
39 168 3
39 168 3
39 168 3
39 168 3
39 168 3
39 169 15
39 169 3
39 169 3
39 169 3
39 169 3
38 169 15
38 169 3
38 169 3
38 169 3
38 169 3
37 169 15
37 169 3
37 169 3
37 169 3
36 169 15
36 169 3
36 169 3
36 169 3
35 169 15
35 169 3
35 169 3
35 169 3
34 169 15
34 169 3
34 169 3
34 169 3
33 169 15
33 169 3
33 169 3
33 169 3
32 169 15
32 169 3
32 169 3
32 169 3
32 169 3
31 169 15
31 169 3
31 169 3
31 169 3
31 169 3
30 169 15
30 169 3
30 169 3
30 169 3
30 169 3
29 169 15
29 169 3
29 169 3
29 169 3
29 169 3
28 169 20
28 169 3
28 169 3
27 169 32
26 169 40
25 169 45
24 169 46
23 169 44
22 169 38
21 169 30
20 169 18
19 169 15
19 169 3
18 169 15
18 169 3
18 170 15
18 170 3
18 171 15
18 171 3
17 172 15
17 172 3
16 172 15
16 172 3
15 172 15
15 172 3
15 173 15
15 174 15
15 175 15
15 176 15
15 177 15
15 178 15
15 178 3
15 179 15
15 179 3
15 180 15
15 180 3
15 181 15
15 181 3
16 181 15
16 181 3
16 182 15
16 182 3
16 183 15
16 183 3
16 183 3
17 183 15
17 183 3
17 184 15
17 184 3
17 185 15
17 185 3
18 185 15
18 185 3
113 99 15
113 99 3
113 98 15
113 98 3
113 97 15
113 97 3
113 96 15
113 96 3
113 96 3
113 95 15
113 95 3
113 95 3
113 94 15
113 94 3
113 94 3
113 93 15
113 93 3
113 93 3
113 92 15
113 92 3
113 92 3
113 91 15
113 91 3
113 91 3
113 90 15
113 90 3
113 90 3
127 96 15
128 96 15
128 95 15
129 95 15
129 94 15
129 93 15
129 92 15
129 91 15
129 90 15
129 89 15
129 89 3
129 88 15
129 88 3
129 87 15
129 87 3
129 87 3
129 86 15
129 86 3
129 86 3
129 85 15
129 85 3
129 85 3
129 85 3
129 84 16
129 84 3
129 84 3
129 84 3
130 83 15
130 83 3
130 83 3
130 83 3
130 83 3
130 83 3
131 83 15
131 83 3
131 83 3
131 83 3
131 83 3
131 83 3
131 83 3
132 83 15
132 83 3
132 83 3
132 83 3
132 83 3
132 83 3
132 83 3
132 83 3
132 82 15
132 82 3
132 82 3
132 82 3
132 82 3
132 82 3
132 82 3
132 82 3
133 82 15
133 82 3
133 82 3
133 82 3
133 82 3
133 82 3
133 82 3
133 82 3
133 82 3
134 82 15
134 82 3
134 82 3
134 82 3
134 82 3
134 82 3
134 82 3
134 82 3
134 82 3
134 82 3
135 82 15
135 82 3
135 82 3
135 82 3
135 82 3
135 82 3
135 82 3
135 82 3
135 82 3
135 82 3
136 82 15
136 82 3
136 82 3
136 82 3
136 82 3
136 82 3
136 82 3
136 82 3
136 82 3
136 82 3
136 82 3
137 82 15
137 82 3
137 82 3
137 82 3
137 82 3
137 82 3
137 82 3
137 82 3
137 82 3
137 82 3
137 82 3
137 82 3
138 82 15
138 82 3
138 82 3
138 82 3
138 82 3
138 82 3
138 82 3
138 82 3
138 82 3
138 82 3
138 82 3
138 82 3
138 82 3
139 82 15
139 82 3
139 82 3
139 82 3
139 82 3
139 82 3
139 82 3
139 82 3
139 82 3
139 82 3
139 82 3
139 82 3
139 82 3
139 82 3
139 81 15
139 81 3
139 81 3
139 81 3
139 81 3
139 81 3
139 81 3
139 81 3
139 81 3
139 81 3
139 81 3
139 81 3
139 80 15
139 80 3
139 80 3
139 80 3
139 80 3
139 80 3
139 80 3
139 80 3
139 80 3
139 79 15
139 79 3
139 79 3
139 79 3
139 79 3
139 79 3
139 79 3
139 78 15
139 78 3
139 78 3
139 78 3
139 78 3
139 78 3
139 77 15
139 77 3
139 77 3
139 77 3
139 77 3
139 76 15
139 76 3
139 76 3
139 76 3
140 76 15
140 76 3
140 76 3
140 76 3
141 76 15
141 76 3
141 76 3
141 76 3
141 75 15
141 75 3
141 75 3
141 74 15
141 74 3
141 74 3
142 74 15
142 74 3
142 74 3
143 74 15
143 74 3
143 74 3
143 74 3
143 73 15
143 73 3
143 73 3
143 72 15
143 72 3
143 71 15
143 71 3
143 70 15
144 70 15
144 70 3
145 70 15
145 70 3
145 69 15
145 69 3
145 68 15
145 67 15
145 66 15
145 65 15
146 65 15
146 64 15
146 63 15
146 63 3
