10 109 18
10 109 8
26 62 18
199 16 18
199 16 8
199 16 8
60 30 18
60 30 8
60 30 8
0 176 18
100 72 18
71 116 18
0 115 18
0 102 18
0 102 8
0 102 8
0 102 8
0 102 8
0 102 8
0 102 8
0 102 8
0 102 8
0 102 8
0 102 8
0 102 8
0 102 8
0 102 8
0 102 8
0 102 8
0 102 8
0 102 8
0 102 8
0 102 8
0 102 8
0 102 8
0 102 8
0 102 8
0 102 8
0 102 8
0 102 8
0 102 8
0 102 8
0 102 8
0 102 8
49 36 18
38 56 18
26 49 18
26 49 8
37 43 18
11 170 18
0 163 18
99 59 18
111 65 18
70 129 18
58 123 18
58 123 8
58 123 8
58 123 8
58 123 8
58 123 8
58 123 8
58 123 8
58 123 8
58 123 8
58 123 8
58 123 8
58 123 8
58 123 8
58 123 8
58 123 8
58 123 8
58 123 8
58 123 8
58 123 8
58 123 8
58 123 8
58 123 8
58 123 8
58 123 8
58 123 8
58 123 8
58 123 8
58 123 8
58 123 8
58 123 8
58 123 8
58 123 8
58 123 8
58 123 8
58 123 8
58 123 8
58 123 8
58 123 8
58 123 8
58 123 8
58 123 8
58 123 8
199 29 18
199 29 8
199 29 8
199 29 8
199 29 8
199 29 8
199 29 8
199 29 8
199 29 8
199 29 8
199 29 8
199 29 8
199 29 8
199 29 8
199 29 8
199 29 8
199 29 8
199 29 8
199 29 8
199 29 8
199 29 8
199 29 8
199 29 8
199 29 8
199 29 8
199 29 8
199 29 8
199 29 8
199 29 8
199 29 8
199 29 8
199 29 8
199 29 8
199 29 8
199 29 8
199 29 8
199 29 8
199 29 8
199 29 8
199 29 8
199 29 8
199 29 8
199 29 8
199 29 8
199 29 8
199 29 8
199 29 8
199 29 8
199 29 8
199 29 8
199 29 8
199 29 8
199 29 8
199 29 8
199 29 8
199 29 8
199 29 8
199 29 8
199 29 8
199 29 8
199 29 8
199 29 8
199 29 8
199 29 8
199 29 8
199 29 8
199 29 8
199 29 8
199 29 8
199 29 8
199 29 8
199 29 8
199 29 8
199 29 8
199 29 8
199 29 8
199 29 8
199 29 8
199 29 8
199 29 8
199 29 8
199 29 8
199 29 8
199 29 8
199 29 8
199 2 18
199 2 8
199 2 8
199 2 8
199 2 8
199 2 8
199 2 8
199 2 8
199 2 8
199 2 8
199 2 8
199 2 8
199 2 8
199 2 8
199 2 8
199 2 8
199 2 8
199 2 8
199 2 8
199 2 8
199 2 8
199 2 8
199 2 8
199 2 8
199 2 8
199 2 8
199 2 8
199 2 8
199 2 8
199 2 8
199 2 8
199 2 8
199 2 8
199 2 8
199 2 8
199 2 8
199 2 8
199 2 8
199 2 8
199 2 8
199 2 8
199 2 8
199 2 8
187 9 18
187 9 8
187 9 8
187 9 8
187 9 8
187 9 8
187 9 8
187 9 8
187 9 8
187 9 8
187 9 8
187 9 8
187 9 8
187 9 8
187 9 8
187 9 8
187 9 8
187 9 8
187 9 8
187 9 8
187 9 8
187 9 8
187 9 8
187 9 8
187 9 8
187 9 8
187 9 8
187 9 8
187 9 8
187 9 8
187 9 8
187 9 8
187 9 8
187 9 8
10 122 18
10 122 8
10 122 8
10 122 8
10 122 8
10 122 8
83 122 18
11 158 18
11 158 8
11 158 8
11 158 8
11 158 8
11 158 8
11 158 8
11 158 8
11 158 8
11 158 8
11 158 8
111 52 18
111 52 8
0 127 18
0 127 8
0 151 18
0 151 8
0 139 18
0 139 8
0 139 8
0 139 8
0 139 8
82 135 18
187 22 18
187 22 8
187 22 8
187 22 8
187 22 8
187 22 8
187 22 8
187 22 8
187 22 8
187 22 8
187 22 8
187 22 8
187 22 8
49 49 18
49 49 8
49 49 8
49 49 8
49 49 8
49 49 8
49 49 8
61 43 18
61 43 8
61 43 8
61 43 8
61 43 8
61 43 8
61 43 8
61 43 8
61 43 8
61 43 8
61 43 8
61 43 8
61 43 8
61 43 8
61 43 8
61 43 8
61 43 8
61 43 8
61 43 8
61 43 8
61 43 8
61 43 8
61 43 8
61 43 8
61 43 8
61 43 8
61 43 8
61 43 8
61 43 8
61 43 8
61 43 8
61 43 8
61 43 8
61 43 8
61 43 8
61 43 8
61 43 8
61 43 8
61 43 8
61 43 8
98 47 18
98 47 8
98 47 8
98 47 8
98 47 8
98 47 8
98 47 8
98 47 8
98 47 8
98 47 8
98 47 8
98 47 8
98 47 8
98 47 8
98 47 8
98 47 8
98 47 8
109 40 18
109 40 8
109 40 8
109 40 8
109 40 8
109 40 8
109 40 8
109 40 8
109 40 8
109 40 8
109 40 8
109 40 8
109 40 8
109 40 8
109 40 8
109 40 8
109 40 8
109 40 8
109 40 8
109 40 8
109 40 8
109 40 8
109 40 8
109 40 8
109 40 8
109 40 8
109 40 8
109 40 8
109 40 8
109 40 8
109 40 8
109 40 8
109 40 8
109 40 8
109 40 8
109 40 8
109 40 8
109 40 8
109 40 8
109 40 8
109 40 8
109 40 8
109 40 8
109 40 8
111 79 18
176 15 18
176 15 8
176 15 8
176 15 8
176 15 8
176 15 8
176 15 8
176 15 8
176 15 8
176 15 8
176 15 8
176 15 8
176 15 8
176 15 8
176 15 8
176 15 8
176 15 8
176 15 8
176 15 8
176 15 8
176 15 8
176 15 8
176 15 8
176 15 8
176 15 8
176 15 8
176 15 8
176 15 8
176 15 8
176 15 8
176 15 8
176 15 8
176 15 8
176 15 8
176 15 8
176 15 8
176 28 18
176 28 8
176 28 8
176 28 8
176 28 8
176 28 8
176 28 8
176 28 8
176 28 8
176 28 8
176 28 8
176 28 8
176 28 8
176 28 8
176 28 8
176 28 8
176 28 8
176 28 8
176 28 8
176 28 8
176 28 8
176 28 8
176 28 8
176 28 8
176 28 8
176 28 8
176 28 8
176 28 8
176 28 8
176 28 8
176 28 8
176 28 8
176 28 8
176 28 8
95 128 18
95 128 8
95 128 8
95 128 8
95 128 8
95 128 8
94 141 18
94 141 8
99 86 18
99 86 8
99 86 8
99 86 8
99 86 8
99 86 8
99 86 8
99 86 8
99 86 8
99 86 8
99 86 8
99 86 8
99 86 8
99 86 8
99 86 8
99 86 8
99 86 8
99 86 8
99 86 8
99 86 8
99 86 8
99 86 8
99 86 8
99 86 8
99 86 8
99 86 8
99 86 8
99 86 8
99 86 8
99 86 8
99 86 8
99 86 8
99 86 8
99 86 8
14 55 18
14 55 8
14 55 8
14 55 8
14 55 8
14 55 8
14 55 8
14 55 8
106 134 18
106 134 8
106 134 8
14 68 18
106 147 18
106 147 8
106 147 8
106 147 8
106 147 8
106 147 8
106 147 8
106 147 8
165 21 18
165 21 8
165 21 8
165 21 8
165 21 8
165 21 8
165 21 8
165 21 8
165 21 8
165 21 8
165 21 8
165 21 8
165 21 8
165 21 8
165 21 8
165 21 8
165 21 8
165 21 8
165 21 8
165 21 8
165 21 8
165 21 8
165 21 8
10 146 18
10 146 8
10 146 8
10 146 8
10 146 8
10 146 8
10 146 8
10 146 8
10 146 8
10 146 8
10 146 8
10 146 8
10 146 8
10 146 8
10 146 8
10 146 8
10 146 8
10 146 8
10 146 8
10 146 8
10 146 8
10 146 8
10 146 8
10 146 8
10 146 8
10 146 8
10 146 8
10 146 8
10 146 8
10 146 8
10 146 8
10 146 8
10 146 8
10 146 8
10 146 8
10 146 8
110 92 18
110 92 8
110 92 8
110 92 8
110 92 8
110 92 8
110 92 8
110 92 8
110 92 8
110 92 8
110 92 8
110 92 8
165 34 18
165 34 8
165 34 8
165 34 8
165 34 8
165 34 8
165 34 8
165 34 8
165 34 8
165 34 8
165 34 8
165 34 8
165 34 8
165 34 8
165 34 8
165 34 8
165 34 8
165 34 8
165 34 8
165 34 8
165 34 8
165 34 8
165 34 8
165 34 8
165 34 8
165 34 8
165 34 8
165 34 8
165 34 8
165 34 8
165 34 8
165 34 8
165 34 8
165 34 8
165 34 8
165 34 8
165 34 8
165 34 8
165 34 8
165 34 8
165 34 8
165 34 8
165 34 8
165 34 8
165 34 8
165 34 8
165 34 8
165 34 8
165 34 8
165 34 8
165 34 8
165 34 8
165 34 8
165 34 8
165 34 8
165 34 8
165 34 8
165 34 8
165 34 8
165 34 8
165 34 8
165 34 8
165 34 8
165 34 8
165 34 8
165 34 8
165 34 8
165 34 8
165 34 8
165 34 8
165 34 8
165 34 8
165 34 8
165 34 8
165 34 8
165 34 8
165 34 8
165 34 8
165 34 8
165 34 8
165 34 8
165 34 8
165 34 8
165 34 8
165 34 8
165 34 8
165 34 8
165 34 8
47 23 18
59 17 18
59 17 8
59 17 8
118 140 18
118 140 8
118 140 8
118 140 8
118 140 8
118 140 8
118 140 8
118 140 8
118 140 8
118 140 8
118 140 8
153 14 18
164 8 18
164 8 8
164 8 8
153 1 18
153 1 8
122 85 18
122 85 8
122 85 8
122 85 8
122 85 8
122 85 8
122 85 8
122 85 8
121 99 18
121 99 8
121 99 8
121 99 8
121 99 8
121 99 8
121 99 8
121 99 8
121 99 8
117 153 18
117 153 8
117 153 8
117 153 8
117 153 8
117 153 8
117 153 8
117 153 8
117 153 8
133 92 18
133 92 8
133 92 8
133 92 8
133 92 8
133 92 8
133 92 8
133 92 8
133 92 8
133 92 8
133 92 8
133 92 8
133 92 8
133 92 8
133 92 8
133 92 8
133 92 8
133 92 8
133 92 8
133 92 8
133 92 8
133 92 8
133 92 8
133 92 8
133 92 8
133 92 8
133 92 8
133 92 8
133 92 8
133 92 8
133 92 8
133 92 8
133 92 8
133 92 8
133 92 8
133 92 8
133 92 8
133 92 8
133 92 8
133 92 8
133 92 8
133 92 8
133 92 8
133 92 8
133 92 8
133 92 8
133 92 8
133 92 8
133 92 8
133 92 8
133 92 8
133 92 8
133 92 8
133 92 8
133 92 8
133 92 8
133 92 8
133 92 8
133 92 8
133 92 8
133 92 8
133 92 8
133 92 8
133 92 8
133 92 8
133 92 8
133 92 8
133 92 8
133 92 8
133 92 8
133 92 8
133 92 8
133 92 8
133 92 8
133 92 8
36 30 18
25 35 18
25 35 8
25 35 8
25 35 8
25 35 8
25 35 8
25 35 8
25 35 8
25 35 8
25 35 8
25 35 8
25 35 8
25 35 8
25 35 8
25 35 8
25 35 8
25 35 8
25 35 8
25 35 8
25 35 8
25 35 8
25 35 8
25 35 8
25 35 8
25 35 8
25 35 8
25 35 8
141 7 18
141 7 8
141 7 8
141 7 8
141 7 8
141 7 8
12 183 18
0 189 18
123 71 18
123 58 18
129 146 18
129 146 8
129 146 8
129 146 8
129 146 8
129 146 8
129 160 18
129 160 8
129 160 8
129 160 8
129 160 8
129 160 8
129 160 8
129 160 8
129 160 8
129 160 8
129 160 8
129 160 8
129 160 8
129 160 8
129 160 8
129 160 8
129 160 8
129 160 8
129 160 8
129 160 8
129 160 8
129 160 8
129 160 8
129 160 8
129 160 8
129 160 8
129 160 8
129 160 8
129 160 8
129 160 8
134 65 18
134 65 8
12 196 18
12 196 8
12 196 8
12 196 8
12 196 8
12 196 8
12 196 8
12 196 8
71 23 18
71 23 8
71 23 8
71 23 8
71 23 8
71 23 8
71 23 8
71 23 8
71 23 8
71 23 8
71 23 8
71 23 8
71 23 8
71 23 8
71 23 8
71 23 8
71 23 8
71 23 8
71 23 8
71 23 8
71 23 8
71 23 8
71 23 8
71 23 8
71 23 8
71 23 8
71 23 8
71 23 8
71 23 8
71 23 8
71 23 8
71 23 8
71 23 8
71 23 8
71 23 8
71 23 8
71 23 8
71 23 8
71 23 8
71 23 8
71 23 8
71 23 8
71 23 8
71 23 8
71 23 8
71 23 8
71 23 8
71 23 8
71 23 8
71 23 8
71 23 8
71 23 8
71 23 8
71 23 8
71 23 8
71 23 8
71 23 8
71 23 8
71 23 8
71 23 8
71 23 8
71 23 8
71 23 8
71 23 8
71 23 8
71 23 8
71 23 8
71 23 8
71 23 8
71 23 8
71 23 8
50 62 18
50 62 8
50 62 8
50 62 8
50 62 8
50 62 8
50 62 8
50 62 8
50 62 8
50 62 8
50 62 8
50 62 8
50 62 8
50 62 8
50 62 8
50 62 8
50 62 8
50 62 8
50 62 8
50 62 8
50 62 8
50 62 8
50 62 8
50 62 8
50 62 8
50 62 8
50 62 8
50 62 8
50 62 8
50 62 8
50 62 8
50 62 8
50 62 8
50 62 8
50 62 8
50 62 8
50 62 8
50 62 8
50 62 8
50 62 8
50 62 8
50 62 8
50 62 8
50 62 8
50 62 8
50 62 8
50 62 8
50 62 8
50 62 8
50 62 8
50 62 8
50 62 8
50 62 8
50 62 8
50 62 8
50 62 8
50 62 8
50 62 8
50 62 8
133 52 18
133 52 8
133 52 8
133 52 8
133 52 8
133 52 8
133 52 8
142 20 18
142 20 8
142 20 8
142 20 8
142 20 8
142 20 8
142 20 8
142 20 8
142 20 8
142 20 8
142 20 8
142 20 8
142 20 8
142 20 8
142 20 8
142 20 8
142 20 8
142 20 8
142 20 8
142 20 8
142 20 8
142 20 8
142 20 8
142 20 8
142 20 8
142 20 8
142 20 8
142 20 8
142 20 8
142 20 8
142 20 8
142 20 8
142 20 8
142 20 8
142 20 8
142 20 8
142 20 8
142 20 8
142 20 8
142 20 8
142 20 8
142 20 8
142 20 8
142 20 8
142 20 8
142 20 8
142 20 8
142 20 8
142 20 8
142 20 8
142 20 8
142 20 8
142 20 8
142 20 8
142 20 8
142 20 8
142 20 8
142 20 8
142 20 8
142 20 8
142 20 8
142 20 8
142 20 8
142 20 8
142 20 8
142 20 8
142 20 8
122 46 18
122 46 8
122 46 8
122 46 8
122 46 8
122 46 8
122 46 8
122 46 8
122 46 8
122 46 8
122 46 8
122 46 8
122 46 8
122 46 8
122 46 8
122 46 8
122 46 8
122 46 8
122 46 8
122 46 8
122 46 8
122 46 8
122 46 8
122 46 8
122 46 8
122 46 8
122 46 8
122 46 8
122 46 8
122 46 8
122 46 8
122 46 8
122 46 8
122 46 8
122 46 8
122 46 8
122 46 8
122 46 8
122 46 8
122 46 8
122 46 8
122 46 8
122 46 8
122 46 8
122 46 8
122 46 8
144 59 18
108 120 18
108 120 8
108 120 8
108 120 8
108 120 8
108 120 8
108 120 8
108 120 8
108 120 8
108 120 8
108 120 8
108 120 8
108 120 8
108 120 8
108 120 8
108 120 8
108 120 8
108 120 8
108 120 8
108 120 8
108 120 8
108 120 8
108 120 8
108 120 8
108 120 8
108 120 8
108 120 8
108 120 8
108 120 8
108 120 8
108 120 8
108 120 8
108 120 8
108 120 8
108 120 8
108 120 8
108 120 8
108 120 8
108 120 8
108 120 8
108 120 8
108 120 8
108 120 8
108 120 8
108 120 8
108 120 8
108 120 8
108 120 8
108 120 8
108 120 8
108 120 8
108 120 8
108 120 8
108 120 8
108 120 8
108 120 8
108 120 8
108 120 8
108 120 8
108 120 8
108 120 8
108 120 8
108 120 8
108 120 8
108 120 8
108 120 8
108 120 8
108 120 8
108 120 8
108 120 8
108 120 8
108 120 8
108 120 8
108 120 8
108 120 8
108 120 8
108 120 8
108 120 8
108 120 8
10 134 18
10 134 8
10 134 8
10 134 8
10 134 8
10 134 8
10 134 8
10 134 8
10 134 8
10 134 8
10 134 8
10 134 8
10 134 8
10 134 8
10 134 8
10 134 8
10 134 8
10 134 8
10 134 8
10 134 8
10 134 8
10 134 8
10 134 8
10 134 8
10 134 8
10 134 8
10 134 8
10 134 8
10 134 8
10 134 8
10 134 8
10 134 8
10 134 8
10 134 8
10 134 8
10 134 8
10 134 8
10 134 8
10 134 8
10 134 8
10 134 8
10 134 8
10 134 8
10 134 8
10 134 8
10 134 8
10 134 8
10 134 8
10 134 8
10 134 8
2 61 18
2 61 8
1 75 18
1 75 8
1 75 8
1 75 8
1 75 8
1 75 8
1 75 8
1 75 8
1 75 8
1 75 8
1 75 8
1 75 8
11 96 18
11 96 8
11 96 8
11 96 8
11 96 8
11 96 8
11 96 8
11 96 8
11 96 8
11 96 8
11 96 8
11 96 8
11 96 8
11 96 8
11 96 8
11 96 8
11 96 8
11 96 8
11 96 8
11 96 8
11 96 8
11 96 8
11 96 8
11 96 8
11 96 8
11 96 8
11 96 8
11 96 8
11 96 8
11 96 8
11 96 8
11 96 8
11 96 8
11 96 8
11 96 8
11 96 8
11 96 8
11 96 8
11 96 8
11 96 8
11 96 8
13 82 18
13 82 8
13 82 8
13 82 8
13 82 8
13 82 8
129 1 18
129 1 8
129 1 8
129 1 8
129 1 8
129 1 8
129 1 8
129 1 8
129 1 8
129 1 8
129 1 8
129 1 8
129 1 8
129 1 8
129 1 8
129 1 8
129 1 8
129 1 8
129 1 8
129 1 8
129 1 8
129 1 8
129 1 8
129 1 8
129 1 8
129 1 8
129 1 8
129 1 8
129 1 8
129 1 8
129 1 8
129 1 8
130 14 18
130 14 8
130 14 8
130 14 8
130 14 8
130 14 8
130 14 8
130 14 8
130 14 8
130 14 8
130 14 8
130 14 8
130 14 8
130 14 8
130 14 8
130 14 8
130 14 8
130 14 8
130 14 8
130 14 8
130 14 8
130 14 8
130 14 8
130 14 8
130 14 8
130 14 8
130 14 8
130 14 8
130 14 8
130 14 8
130 14 8
130 14 8
130 14 8
130 14 8
130 14 8
130 14 8
130 14 8
130 14 8
130 14 8
130 14 8
130 14 8
130 14 8
130 14 8
130 14 8
130 14 8
130 14 8
130 14 8
130 14 8
130 14 8
130 14 8
130 14 8
130 14 8
130 14 8
130 14 8
130 14 8
130 14 8
130 14 8
130 14 8
130 14 8
130 14 8
130 14 8
130 14 8
130 14 8
130 14 8
130 14 8
130 14 8
130 14 8
130 14 8
130 14 8
130 14 8
130 14 8
130 14 8
130 14 8
130 14 8
130 14 8
130 14 8
130 14 8
130 14 8
130 14 8
130 14 8
141 153 18
141 153 8
141 153 8
141 153 8
141 153 8
141 153 8
141 153 8
141 153 8
141 153 8
141 153 8
141 153 8
141 153 8
141 153 8
141 153 8
141 153 8
141 153 8
141 153 8
141 153 8
141 153 8
141 153 8
141 153 8
141 153 8
141 153 8
141 153 8
141 153 8
141 153 8
141 153 8
141 153 8
141 153 8
141 153 8
141 153 8
141 153 8
141 153 8
141 153 8
141 153 8
141 153 8
141 153 8
141 153 8
141 153 8
141 153 8
141 153 8
141 153 8
144 46 18
144 46 8
144 46 8
144 46 8
154 27 18
154 27 8
154 27 8
154 27 8
154 27 8
154 27 8
154 27 8
154 27 8
154 27 8
154 27 8
154 27 8
154 27 8
154 27 8
154 27 8
154 27 8
154 27 8
154 27 8
154 27 8
154 27 8
154 27 8
154 27 8
154 27 8
154 27 8
154 27 8
154 27 8
154 27 8
154 27 8
154 27 8
154 27 8
154 27 8
154 27 8
154 27 8
154 27 8
154 27 8
154 27 8
154 27 8
154 27 8
154 27 8
154 27 8
154 27 8
154 27 8
154 27 8
154 27 8
154 27 8
154 27 8
154 27 8
154 27 8
154 27 8
154 27 8
154 27 8
154 27 8
154 27 8
154 27 8
143 33 18
143 33 8
143 33 8
143 33 8
143 33 8
143 33 8
143 33 8
143 33 8
143 33 8
143 33 8
143 33 8
143 33 8
143 33 8
143 33 8
143 33 8
143 33 8
143 33 8
143 33 8
143 33 8
143 33 8
143 33 8
143 33 8
143 33 8
143 33 8
143 33 8
143 33 8
143 33 8
143 33 8
143 33 8
143 33 8
143 33 8
143 33 8
143 33 8
143 33 8
143 33 8
143 33 8
143 33 8
143 33 8
143 33 8
143 33 8
143 33 8
143 33 8
143 33 8
143 33 8
143 33 8
143 33 8
143 33 8
143 33 8
143 33 8
143 33 8
143 33 8
143 33 8
143 33 8
143 33 8
143 33 8
143 33 8
143 33 8
143 33 8
143 33 8
143 33 8
143 33 8
143 33 8
143 33 8
143 33 8
143 33 8
143 33 8
143 33 8
143 33 8
143 33 8
143 33 8
143 33 8
59 110 18
59 110 8
59 110 8
59 110 8
59 110 8
59 110 8
59 110 8
176 2 18
176 2 8
176 2 8
176 2 8
176 2 8
176 2 8
176 2 8
176 2 8
176 2 8
176 2 8
176 2 8
176 2 8
176 2 8
176 2 8
176 2 8
176 2 8
176 2 8
176 2 8
176 2 8
176 2 8
176 2 8
176 2 8
176 2 8
176 2 8
176 2 8
176 2 8
176 2 8
176 2 8
176 2 8
176 2 8
176 2 8
176 2 8
176 2 8
176 2 8
176 2 8
176 2 8
176 2 8
176 2 8
176 2 8
176 2 8
176 2 8
176 2 8
176 2 8
176 2 8
176 2 8
176 2 8
176 2 8
176 2 8
176 2 8
176 2 8
176 2 8
176 2 8
176 2 8
176 2 8
176 2 8
176 2 8
176 2 8
176 2 8
176 2 8
176 2 8
176 2 8
176 2 8
176 2 8
176 2 8
176 2 8
176 2 8
176 2 8
176 2 8
176 2 8
176 2 8
176 2 8
176 2 8
176 2 8
176 2 8
176 2 8
176 2 8
176 2 8
176 2 8
176 2 8
176 2 8
176 2 8
176 2 8
176 2 8
176 2 8
176 2 8
176 2 8
176 2 8
176 2 8
176 2 8
154 40 18
154 40 8
154 40 8
154 40 8
154 40 8
154 40 8
154 40 8
154 40 8
154 40 8
154 40 8
154 40 8
154 40 8
154 40 8
154 40 8
154 40 8
154 40 8
154 40 8
154 40 8
154 40 8
154 40 8
154 40 8
154 40 8
154 40 8
154 40 8
154 40 8
154 40 8
154 40 8
154 40 8
154 40 8
154 40 8
154 40 8
154 40 8
154 40 8
154 40 8
154 40 8
154 40 8
154 40 8
154 40 8
154 40 8
154 40 8
154 40 8
154 40 8
154 40 8
154 40 8
154 40 8
154 40 8
154 40 8
154 40 8
154 40 8
154 40 8
154 40 8
154 40 8
154 40 8
154 40 8
154 40 8
154 40 8
154 40 8
154 40 8
154 40 8
154 40 8
154 40 8
154 40 8
154 40 8
154 40 8
154 40 8
154 40 8
154 40 8
154 40 8
154 40 8
154 40 8
154 40 8
154 40 8
154 40 8
154 40 8
154 40 8
154 40 8
87 67 18
87 67 8
87 67 8
87 67 8
87 67 8
87 67 8
87 67 8
87 67 8
87 67 8
87 67 8
87 67 8
87 67 8
87 67 8
87 67 8
87 67 8
87 67 8
87 54 18
87 54 8
87 54 8
87 54 8
87 54 8
87 54 8
87 54 8
87 54 8
87 54 8
87 54 8
87 54 8
87 54 8
87 54 8
87 54 8
87 54 8
87 54 8
87 54 8
87 54 8
87 54 8
48 103 18
48 103 8
48 103 8
48 103 8
48 103 8
48 103 8
48 103 8
48 103 8
48 103 8
48 103 8
48 103 8
48 103 8
48 103 8
48 103 8
48 103 8
48 103 8
48 103 8
48 103 8
48 103 8
48 103 8
48 103 8
48 103 8
48 103 8
48 103 8
48 103 8
48 103 8
48 103 8
48 103 8
48 103 8
48 103 8
48 103 8
48 103 8
48 103 8
48 103 8
48 103 8
48 103 8
48 103 8
48 103 8
48 103 8
48 103 8
48 103 8
48 103 8
48 103 8
48 103 8
48 103 8
48 103 8
48 103 8
48 103 8
48 103 8
48 103 8
48 103 8
48 103 8
48 103 8
48 103 8
48 103 8
48 103 8
48 103 8
48 103 8
48 103 8
48 103 8
48 103 8
48 103 8
48 103 8
48 103 8
48 103 8
48 103 8
48 103 8
48 103 8
48 103 8
48 103 8
48 103 8
48 103 8
48 103 8
48 103 8
48 103 8
48 103 8
48 103 8
48 103 8
48 103 8
48 103 8
48 103 8
48 103 8
48 103 8
48 103 8
48 103 8
48 103 8
48 103 8
48 103 8
48 103 8
48 103 8
48 103 8
48 103 8
48 103 8
48 103 8
48 103 8
48 103 8
73 102 18
73 102 8
73 102 8
73 102 8
73 102 8
73 102 8
61 96 18
61 96 8
61 96 8
61 96 8
61 96 8
61 96 8
61 96 8
61 96 8
61 96 8
61 96 8
61 96 8
61 96 8
61 96 8
61 96 8
61 96 8
61 96 8
61 96 8
61 96 8
61 96 8
61 96 8
61 96 8
74 88 18
74 88 8
74 88 8
74 88 8
74 88 8
74 88 8
74 88 8
74 88 8
74 88 8
74 88 8
74 88 8
74 88 8
74 88 8
74 88 8
74 88 8
74 88 8
74 88 8
74 88 8
74 88 8
74 88 8
74 88 8
74 88 8
74 88 8
74 88 8
74 88 8
74 88 8
74 88 8
74 88 8
74 88 8
74 88 8
74 88 8
74 88 8
74 88 8
74 88 8
74 88 8
74 88 8
74 88 8
74 88 8
74 88 8
74 88 8
74 88 8
74 88 8
74 88 8
74 88 8
74 88 8
74 88 8
74 88 8
74 88 8
74 88 8
74 88 8
74 88 8
74 88 8
74 88 8
74 88 8
74 88 8
74 88 8
74 88 8
74 88 8
74 88 8
74 88 8
74 88 8
74 88 8
74 88 8
74 88 8
74 88 8
74 88 8
74 88 8
74 88 8
74 88 8
74 88 8
74 88 8
74 88 8
74 88 8
74 88 8
74 88 8
74 88 8
74 88 8
74 88 8
74 88 8
85 108 18
85 108 8
85 108 8
85 108 8
85 108 8
85 108 8
85 108 8
85 108 8
85 108 8
85 108 8
85 108 8
85 108 8
85 108 8
85 108 8
85 108 8
85 108 8
85 108 8
85 108 8
85 108 8
85 108 8
85 108 8
85 108 8
85 108 8
85 108 8
85 108 8
85 108 8
85 108 8
85 108 8
85 108 8
85 108 8
85 108 8
85 108 8
85 108 8
85 108 8
85 108 8
85 108 8
85 108 8
85 108 8
85 108 8
85 108 8
85 108 8
85 108 8
85 108 8
85 108 8
85 108 8
85 108 8
85 108 8
85 108 8
85 108 8
85 108 8
85 108 8
85 108 8
85 108 8
85 108 8
85 108 8
85 108 8
85 108 8
85 108 8
85 108 8
85 108 8
85 108 8
85 108 8
85 108 8
85 108 8
85 108 8
85 108 8
85 108 8
85 108 8
85 108 8
188 35 18
188 35 8
188 35 8
188 35 8
188 35 8
188 35 8
188 35 8
188 35 8
188 35 8
188 35 8
188 35 8
188 35 8
188 35 8
188 35 8
188 35 8
188 35 8
188 35 8
188 35 8
188 35 8
188 35 8
188 35 8
188 35 8
188 35 8
188 35 8
188 35 8
188 35 8
188 35 8
188 35 8
188 35 8
188 35 8
188 35 8
188 35 8
188 35 8
188 35 8
188 35 8
188 35 8
188 35 8
188 35 8
188 35 8
188 35 8
188 35 8
188 35 8
188 35 8
188 35 8
188 35 8
188 35 8
188 35 8
188 35 8
188 35 8
188 35 8
188 35 8
188 35 8
188 35 8
188 35 8
188 35 8
188 35 8
188 35 8
188 35 8
188 35 8
188 35 8
188 35 8
188 35 8
188 35 8
188 35 8
188 35 8
188 35 8
188 35 8
188 35 8
188 35 8
188 35 8
188 35 8
188 35 8
188 35 8
188 35 8
188 35 8
188 35 8
188 35 8
188 35 8
188 35 8
188 35 8
188 35 8
188 35 8
188 35 8
188 35 8
188 35 8
188 35 8
188 35 8
188 35 8
188 35 8
188 35 8
188 35 8
188 35 8
188 35 8
188 35 8
188 35 8
188 35 8
188 35 8
188 35 8
188 35 8
188 35 8
188 35 8
188 35 8
143 33 8
143 33 8
143 33 8
143 33 8
143 33 8
143 33 8
143 33 8
143 33 8
143 33 8
143 33 8
143 33 8
143 33 8
143 33 8
143 33 8
143 33 8
143 33 8
143 33 8
143 33 8
143 33 8
143 33 8
143 33 8
143 33 8
143 33 8
143 33 8
143 33 8
143 33 8
143 33 8
143 33 8
143 33 8
143 33 8
143 33 8
143 33 8
143 33 8
143 33 8
143 33 8
143 33 8
143 33 8
143 33 8
143 33 8
143 33 8
143 33 8
143 33 8
143 33 8
143 33 8
143 33 8
143 33 8
143 33 8
143 33 8
143 33 8
143 33 8
143 33 8
143 33 8
143 33 8
143 33 8
143 33 8
143 33 8
143 33 8
143 33 8
143 33 8
143 33 8
143 33 8
143 33 8
143 33 8
143 33 8
143 33 8
143 33 8
143 33 8
143 33 8
143 33 8
143 33 8
143 33 8
143 33 8
143 33 8
143 33 8
143 33 8
143 33 8
143 33 8
143 33 8
143 33 8
143 33 8
143 33 8
143 33 8
143 33 8
143 33 8
143 33 8
143 33 8
143 33 8
143 33 8
143 33 8
143 33 8
143 33 8
143 33 8
143 33 8
143 33 8
143 33 8
143 33 8
70 142 18
81 148 18
93 154 18
93 154 8
93 154 8
93 154 8
93 154 8
93 154 8
93 154 8
93 154 8
93 154 8
81 161 18
81 161 8
69 155 18
70 167 18
70 167 8
70 167 8
70 167 8
70 167 8
70 167 8
70 167 8
70 167 8
70 167 8
70 167 8
70 167 8
70 167 8
70 167 8
70 167 8
70 167 8
105 160 18
105 160 8
105 160 8
105 160 8
105 160 8
105 160 8
105 160 8
105 160 8
105 160 8
105 160 8
105 160 8
105 160 8
105 160 8
105 160 8
105 160 8
105 160 8
105 160 8
105 160 8
105 160 8
105 160 8
105 160 8
105 160 8
105 160 8
105 160 8
105 160 8
105 160 8
105 160 8
105 160 8
105 160 8
105 160 8
105 160 8
105 160 8
105 160 8
105 160 8
105 160 8
105 160 8
105 160 8
105 160 8
105 160 8
105 160 8
105 160 8
105 160 8
105 160 8
105 160 8
105 160 8
105 160 8
105 160 8
105 160 8
105 160 8
105 160 8
105 160 8
105 160 8
105 160 8
105 160 8
105 160 8
105 160 8
105 160 8
105 160 8
105 160 8
105 160 8
105 160 8
105 160 8
105 160 8
105 160 8
105 160 8
105 160 8
105 160 8
105 160 8
105 160 8
57 136 18
57 136 8
57 136 8
57 136 8
57 136 8
57 136 8
57 136 8
57 136 8
57 136 8
57 136 8
57 136 8
57 136 8
57 136 8
57 136 8
57 136 8
57 136 8
57 136 8
57 136 8
57 136 8
57 136 8
57 136 8
57 136 8
57 136 8
57 136 8
57 136 8
57 136 8
57 136 8
57 136 8
57 136 8
57 136 8
57 136 8
57 136 8
57 136 8
57 136 8
57 136 8
57 136 8
57 136 8
57 136 8
57 136 8
57 136 8
57 136 8
57 136 8
57 136 8
57 136 8
57 136 8
57 136 8
57 136 8
57 136 8
57 136 8
57 136 8
57 136 8
57 136 8
57 136 8
57 136 8
57 136 8
57 136 8
57 136 8
57 136 8
57 136 8
57 136 8
57 136 8
57 136 8
57 136 8
57 136 8
57 136 8
57 136 8
57 136 8
57 136 8
57 136 8
57 136 8
57 136 8
57 136 8
81 173 18
81 173 8
81 173 8
81 173 8
81 173 8
81 173 8
81 173 8
81 173 8
81 173 8
81 173 8
81 173 8
81 173 8
81 173 8
81 173 8
81 173 8
81 173 8
81 173 8
81 173 8
81 173 8
81 173 8
81 173 8
81 173 8
81 173 8
81 173 8
81 173 8
81 173 8
81 173 8
81 173 8
81 173 8
81 173 8
81 173 8
81 173 8
81 173 8
81 173 8
81 173 8
81 173 8
81 173 8
81 173 8
81 173 8
81 173 8
81 173 8
81 173 8
81 173 8
81 173 8
81 173 8
81 173 8
81 173 8
81 173 8
81 173 8
81 173 8
81 173 8
81 173 8
81 173 8
81 173 8
81 173 8
81 173 8
81 173 8
81 173 8
81 173 8
81 173 8
81 173 8
81 173 8
81 173 8
81 173 8
81 173 8
81 173 8
81 173 8
81 173 8
81 173 8
81 173 8
81 173 8
81 173 8
81 173 8
81 173 8
81 173 8
81 173 8
81 173 8
81 173 8
81 173 8
81 173 8
81 173 8
58 161 18
58 161 8
58 161 8
58 161 8
58 161 8
58 161 8
58 161 8
58 161 8
58 161 8
58 161 8
58 161 8
58 161 8
58 161 8
58 161 8
58 161 8
58 161 8
58 161 8
58 161 8
58 161 8
58 161 8
58 161 8
58 161 8
58 161 8
58 161 8
58 161 8
58 161 8
58 161 8
58 161 8
58 161 8
58 161 8
58 161 8
58 161 8
58 161 8
58 161 8
58 161 8
58 161 8
58 161 8
58 161 8
58 161 8
58 161 8
58 161 8
58 161 8
58 161 8
58 161 8
58 161 8
58 161 8
58 161 8
58 161 8
58 161 8
58 161 8
58 161 8
58 161 8
58 161 8
58 161 8
58 161 8
58 161 8
58 161 8
58 161 8
58 161 8
58 161 8
58 161 8
58 161 8
58 161 8
58 161 8
58 161 8
58 161 8
58 161 8
58 161 8
58 161 8
58 161 8
58 161 8
58 161 8
58 161 8
58 161 8
58 161 8
58 161 8
58 161 8
58 161 8
58 161 8
58 161 8
58 161 8
58 161 8
58 161 8
58 161 8
58 161 8
58 161 8
58 161 8
58 161 8
58 161 8
119 127 18
119 127 8
119 127 8
119 127 8
119 127 8
119 127 8
119 127 8
119 127 8
119 127 8
119 127 8
119 127 8
119 127 8
119 127 8
119 127 8
119 127 8
119 127 8
119 127 8
119 127 8
119 127 8
119 127 8
119 127 8
119 127 8
119 127 8
119 127 8
119 127 8
119 127 8
119 127 8
119 127 8
119 127 8
119 127 8
119 127 8
119 127 8
119 127 8
119 127 8
119 127 8
119 127 8
119 127 8
119 127 8
119 127 8
119 127 8
119 127 8
119 127 8
119 127 8
119 127 8
119 127 8
119 127 8
119 127 8
119 127 8
119 127 8
119 127 8
119 127 8
119 127 8
119 127 8
119 127 8
119 127 8
119 127 8
119 127 8
119 127 8
119 127 8
119 127 8
119 127 8
120 113 18
120 113 8
120 113 8
120 113 8
120 113 8
25 75 18
25 75 8
25 75 8
25 75 8
25 75 8
25 75 8
25 75 8
25 75 8
25 75 8
25 75 8
25 75 8
25 75 8
25 75 8
25 75 8
25 75 8
25 75 8
25 75 8
25 75 8
25 75 8
25 75 8
0 88 18
0 88 8
0 88 8
0 88 8
0 88 8
0 88 8
0 88 8
0 88 8
0 88 8
0 88 8
0 88 8
0 88 8
0 88 8
0 88 8
0 88 8
0 88 8
0 88 8
0 88 8
0 88 8
0 88 8
0 88 8
0 88 8
0 88 8
0 88 8
0 88 8
0 88 8
0 88 8
0 88 8
0 88 8
0 88 8
0 88 8
0 88 8
0 88 8
0 88 8
0 88 8
0 88 8
0 88 8
0 88 8
0 88 8
0 88 8
0 88 8
0 88 8
0 88 8
0 88 8
0 88 8
0 88 8
0 88 8
0 88 8
0 88 8
0 88 8
0 88 8
0 88 8
0 88 8
0 88 8
0 88 8
38 69 18
38 69 8
38 69 8
38 69 8
38 69 8
38 69 8
38 69 8
38 69 8
38 69 8
38 69 8
38 69 8
38 69 8
38 69 8
38 69 8
38 69 8
38 69 8
38 69 8
38 69 8
38 69 8
38 69 8
38 69 8
38 69 8
38 69 8
38 69 8
38 69 8
38 69 8
38 69 8
38 69 8
38 69 8
38 69 8
38 69 8
38 69 8
38 69 8
38 69 8
38 69 8
38 69 8
38 69 8
2 48 18
2 48 8
2 48 8
2 48 8
2 48 8
2 48 8
2 48 8
2 48 8
2 48 8
2 48 8
2 48 8
2 48 8
2 48 8
2 48 8
2 48 8
2 48 8
2 48 8
2 48 8
2 48 8
2 48 8
2 48 8
2 48 8
2 48 8
2 48 8
2 48 8
2 48 8
2 48 8
2 48 8
2 48 8
2 48 8
2 48 8
2 48 8
2 48 8
2 48 8
2 48 8
2 48 8
2 48 8
2 48 8
2 48 8
2 48 8
2 48 8
2 48 8
2 48 8
2 48 8
2 48 8
2 48 8
2 48 8
2 48 8
2 48 8
14 41 18
14 41 8
14 41 8
14 41 8
14 41 8
14 41 8
14 41 8
14 41 8
14 41 8
14 41 8
14 41 8
14 41 8
14 41 8
14 41 8
14 41 8
14 41 8
14 41 8
14 41 8
14 41 8
14 41 8
14 41 8
14 41 8
14 41 8
14 41 8
14 41 8
14 41 8
14 41 8
14 41 8
14 41 8
14 41 8
14 41 8
14 41 8
14 41 8
14 41 8
14 41 8
14 41 8
14 41 8
14 41 8
14 41 8
14 41 8
14 41 8
14 41 8
14 41 8
14 41 8
14 41 8
14 41 8
14 41 8
14 41 8
14 41 8
14 41 8
14 41 8
14 41 8
14 41 8
14 41 8
14 41 8
14 41 8
14 41 8
14 41 8
14 41 8
14 41 8
14 41 8
14 41 8
14 41 8
14 41 8
14 41 8
14 41 8
35 16 18
24 22 18
24 22 8
24 22 8
24 22 8
24 22 8
24 22 8
24 22 8
24 22 8
24 22 8
47 10 18
58 3 18
58 3 8
58 3 8
58 3 8
58 3 8
58 3 8
58 3 8
58 3 8
58 3 8
58 3 8
58 3 8
58 3 8
58 3 8
58 3 8
58 3 8
58 3 8
58 3 8
58 3 8
58 3 8
58 3 8
58 3 8
58 3 8
58 3 8
58 3 8
58 3 8
58 3 8
58 3 8
58 3 8
58 3 8
58 3 8
58 3 8
58 3 8
58 3 8
58 3 8
58 3 8
58 3 8
58 3 8
58 3 8
58 3 8
58 3 8
58 3 8
58 3 8
58 3 8
58 3 8
58 3 8
58 3 8
58 3 8
58 3 8
58 3 8
58 3 8
58 3 8
58 3 8
58 3 8
58 3 8
58 3 8
58 3 8
58 3 8
58 3 8
58 3 8
58 3 8
58 3 8
58 3 8
58 3 8
24 9 18
24 9 8
24 9 8
24 9 8
24 9 8
35 3 18
35 3 8
10 146 8
10 146 8
10 146 8
10 146 8
10 146 8
10 146 8
10 146 8
10 146 8
10 146 8
10 146 8
10 146 8
10 146 8
10 146 8
10 146 8
24 89 18
24 89 8
24 89 8
24 89 8
24 89 8
24 89 8
24 89 8
24 89 8
24 89 8
24 89 8
24 89 8
24 89 8
24 89 8
24 89 8
24 89 8
24 89 8
24 89 8
24 89 8
24 89 8
24 89 8
24 89 8
24 89 8
24 89 8
24 89 8
24 89 8
24 89 8
24 89 8
24 89 8
24 89 8
24 89 8
24 89 8
24 89 8
24 89 8
24 89 8
24 89 8
24 89 8
24 89 8
24 89 8
24 89 8
24 89 8
24 89 8
24 89 8
24 89 8
24 89 8
24 89 8
24 89 8
24 89 8
24 89 8
24 89 8
24 89 8
24 89 8
24 89 8
24 89 8
24 89 8
24 89 8
24 89 8
24 89 8
24 89 8
24 89 8
24 89 8
24 89 8
24 89 8
24 89 8
24 89 8
24 89 8
24 89 8
24 89 8
24 89 8
24 89 8
24 89 8
24 89 8
24 89 8
24 89 8
24 89 8
24 89 8
24 89 8
24 89 8
24 89 8
24 89 8
24 89 8
24 89 8
24 89 8
24 89 8
24 89 8
24 89 8
24 89 8
24 89 8
12 15 18
12 15 8
12 15 8
12 15 8
12 15 8
12 15 8
12 15 8
12 15 8
12 15 8
12 15 8
12 15 8
12 15 8
12 15 8
12 15 8
12 15 8
12 15 8
12 15 8
12 15 8
12 15 8
12 15 8
12 15 8
12 15 8
12 15 8
12 15 8
12 15 8
12 15 8
12 15 8
12 15 8
12 15 8
12 15 8
12 15 8
12 15 8
12 15 8
12 15 8
12 15 8
12 15 8
12 15 8
12 15 8
12 15 8
12 15 8
12 15 8
12 15 8
12 15 8
12 15 8
12 15 8
12 15 8
12 15 8
12 15 8
12 15 8
12 15 8
12 15 8
12 15 8
12 15 8
12 15 8
12 15 8
12 15 8
12 15 8
12 15 8
12 15 8
12 15 8
12 15 8
12 15 8
12 15 8
12 15 8
12 15 8
12 15 8
12 15 8
12 15 8
12 15 8
12 15 8
12 15 8
12 15 8
12 15 8
12 15 8
12 15 8
24 190 18
24 190 8
24 190 8
24 190 8
24 190 8
24 190 8
24 190 8
24 190 8
24 190 8
24 190 8
24 190 8
24 190 8
24 190 8
24 190 8
24 190 8
24 190 8
24 190 8
24 190 8
24 190 8
24 190 8
24 190 8
24 190 8
24 190 8
24 190 8
24 190 8
24 190 8
24 190 8
24 190 8
24 190 8
24 190 8
24 190 8
24 190 8
24 190 8
24 190 8
24 190 8
24 190 8
24 190 8
24 190 8
23 177 18
23 177 8
23 164 18
23 164 8
23 164 8
23 164 8
23 164 8
23 164 8
23 164 8
23 164 8
23 164 8
23 164 8
23 164 8
23 164 8
23 164 8
23 164 8
23 164 8
23 164 8
23 164 8
35 171 18
35 171 8
35 171 8
35 171 8
35 171 8
35 171 8
35 171 8
35 171 8
35 171 8
35 171 8
35 171 8
35 171 8
35 171 8
35 171 8
35 171 8
35 171 8
35 171 8
35 171 8
35 171 8
35 171 8
35 171 8
35 171 8
35 171 8
35 171 8
35 171 8
35 171 8
35 171 8
35 171 8
35 171 8
35 171 8
35 171 8
35 171 8
35 171 8
35 171 8
35 171 8
35 171 8
35 171 8
35 171 8
35 171 8
35 171 8
35 171 8
35 171 8
35 171 8
35 171 8
35 171 8
35 171 8
35 171 8
35 171 8
35 171 8
35 171 8
35 171 8
35 171 8
35 171 8
35 171 8
35 171 8
35 171 8
35 171 8
35 171 8
35 171 8
35 171 8
35 171 8
35 171 8
35 171 8
35 171 8
35 171 8
35 171 8
35 171 8
35 171 8
35 171 8
35 171 8
35 171 8
35 171 8
35 171 8
35 171 8
35 171 8
35 171 8
61 43 8
61 43 8
61 43 8
61 43 8
61 43 8
61 43 8
61 43 8
61 43 8
61 43 8
61 43 8
61 43 8
61 43 8
61 43 8
61 43 8
61 43 8
61 43 8
61 43 8
61 43 8
61 43 8
61 43 8
61 43 8
61 43 8
61 43 8
61 43 8
61 43 8
61 43 8
61 43 8
61 43 8
61 43 8
61 43 8
61 43 8
61 43 8
61 43 8
61 43 8
61 43 8
61 43 8
61 43 8
61 43 8
61 43 8
61 43 8
61 43 8
61 43 8
61 43 8
61 43 8
61 43 8
61 43 8
61 43 8
61 43 8
61 43 8
61 43 8
61 43 8
61 43 8
61 43 8
61 43 8
61 43 8
61 43 8
61 43 8
61 43 8
61 43 8
61 43 8
61 43 8
61 43 8
61 43 8
61 43 8
61 43 8
61 43 8
61 43 8
61 43 8
61 43 8
61 43 8
61 43 8
61 43 8
61 43 8
61 43 8
61 43 8
61 43 8
61 43 8
61 43 8
61 43 8
61 43 8
61 43 8
61 43 8
61 43 8
61 43 8
61 43 8
61 43 8
61 43 8
61 43 8
61 43 8
61 43 8
61 43 8
61 43 8
61 43 8
61 43 8
61 43 8
61 43 8
61 43 8
61 43 8
61 43 8
61 43 8
61 43 8
61 43 8
61 43 8
61 43 8
61 43 8
61 43 8
61 43 8
61 43 8
61 43 8
61 43 8
61 43 8
61 43 8
61 43 8
61 43 8
22 116 18
22 116 8
22 116 8
22 116 8
22 116 8
22 116 8
22 116 8
22 116 8
22 116 8
22 116 8
22 116 8
22 116 8
22 116 8
22 116 8
22 116 8
22 116 8
22 116 8
22 116 8
22 116 8
22 116 8
22 116 8
22 116 8
10 134 8
10 134 8
10 134 8
10 134 8
10 134 8
10 134 8
10 134 8
10 134 8
10 134 8
10 134 8
10 134 8
10 134 8
10 134 8
10 134 8
10 134 8
10 134 8
10 134 8
10 134 8
10 134 8
10 134 8
10 134 8
10 134 8
10 134 8
22 153 18
22 153 8
22 153 8
22 153 8
22 153 8
22 153 8
22 153 8
22 153 8
22 153 8
22 153 8
22 153 8
22 153 8
22 153 8
22 153 8
22 153 8
22 153 8
22 153 8
22 153 8
22 153 8
22 153 8
22 153 8
22 153 8
22 153 8
22 153 8
22 153 8
22 153 8
22 153 8
22 153 8
22 153 8
22 153 8
22 153 8
22 153 8
22 153 8
22 153 8
22 153 8
22 153 8
22 153 8
22 153 8
22 153 8
22 153 8
22 153 8
22 153 8
22 153 8
22 153 8
22 153 8
22 153 8
22 153 8
22 153 8
22 153 8
22 153 8
22 153 8
22 153 8
22 153 8
22 153 8
22 153 8
22 153 8
22 153 8
22 153 8
22 153 8
22 153 8
22 153 8
22 153 8
22 153 8
22 153 8
22 153 8
22 153 8
22 153 8
22 153 8
22 153 8
22 153 8
22 153 8
22 153 8
22 153 8
22 153 8
22 153 8
22 153 8
22 153 8
22 153 8
22 153 8
22 153 8
22 153 8
22 153 8
22 153 8
22 153 8
22 153 8
0 88 8
0 88 8
0 88 8
0 88 8
0 88 8
0 88 8
0 88 8
0 88 8
0 88 8
0 88 8
0 88 8
0 88 8
0 88 8
0 88 8
0 88 8
0 88 8
0 88 8
0 88 8
0 88 8
0 88 8
0 88 8
0 88 8
0 88 8
0 88 8
0 88 8
0 88 8
0 88 8
0 88 8
0 88 8
0 88 8
0 88 8
0 88 8
0 88 8
0 88 8
0 88 8
0 88 8
0 88 8
0 88 8
0 88 8
0 88 8
0 88 8
0 88 8
0 88 8
0 88 8
0 88 8
0 88 8
0 88 8
0 88 8
0 88 8
0 88 8
0 88 8
0 88 8
0 88 8
0 88 8
0 88 8
0 88 8
0 88 8
0 88 8
0 88 8
0 88 8
0 88 8
0 88 8
0 88 8
0 88 8
0 88 8
0 88 8
0 88 8
0 88 8
0 88 8
0 88 8
0 88 8
0 88 8
0 88 8
0 88 8
0 88 8
0 88 8
0 88 8
0 88 8
0 88 8
0 88 8
0 88 8
0 88 8
0 88 8
34 123 18
34 123 8
34 123 8
34 123 8
34 123 8
34 123 8
34 123 8
34 123 8
34 123 8
34 123 8
34 123 8
34 123 8
34 123 8
34 123 8
34 123 8
34 123 8
34 123 8
34 123 8
34 123 8
34 123 8
34 123 8
34 123 8
34 123 8
34 123 8
34 123 8
34 123 8
34 123 8
34 123 8
34 123 8
34 123 8
34 123 8
34 123 8
34 123 8
34 123 8
34 123 8
34 123 8
34 123 8
34 123 8
34 123 8
34 123 8
34 123 8
34 123 8
34 123 8
34 123 8
34 123 8
34 123 8
34 123 8
34 123 8
34 123 8
34 123 8
34 123 8
34 123 8
34 123 8
34 123 8
34 123 8
34 123 8
34 123 8
34 123 8
34 123 8
34 123 8
34 123 8
34 123 8
34 123 8
34 123 8
34 123 8
34 123 8
34 123 8
34 123 8
34 123 8
34 123 8
34 123 8
34 123 8
34 123 8
34 123 8
34 123 8
34 123 8
34 123 8
34 123 8
34 123 8
34 123 8
34 123 8
34 123 8
34 123 8
34 123 8
34 123 8
34 123 8
34 123 8
34 123 8
34 123 8
34 123 8
34 123 8
34 123 8
34 123 8
34 123 8
34 123 8
34 123 8
34 123 8
34 123 8
34 123 8
34 123 8
34 123 8
34 123 8
34 123 8
34 123 8
34 123 8
34 123 8
34 123 8
34 123 8
34 123 8
34 123 8
34 123 8
34 123 8
34 123 8
34 123 8
34 123 8
34 123 8
12 1 18
12 1 8
12 1 8
12 1 8
12 1 8
12 1 8
12 1 8
12 1 8
12 1 8
12 1 8
12 1 8
12 1 8
12 1 8
12 1 8
12 1 8
12 1 8
12 1 8
12 1 8
12 1 8
12 1 8
12 1 8
12 1 8
12 1 8
12 1 8
12 1 8
12 1 8
12 1 8
12 1 8
12 1 8
12 1 8
12 1 8
12 1 8
12 1 8
12 1 8
12 1 8
12 1 8
12 1 8
12 1 8
12 1 8
12 1 8
12 1 8
12 1 8
12 1 8
12 1 8
12 1 8
12 1 8
12 1 8
12 1 8
12 1 8
12 1 8
12 1 8
12 1 8
12 1 8
12 1 8
12 1 8
12 1 8
12 1 8
12 1 8
12 1 8
12 1 8
12 1 8
12 1 8
12 1 8
12 1 8
12 1 8
12 1 8
12 1 8
12 1 8
12 1 8
12 1 8
12 1 8
12 1 8
12 1 8
12 1 8
12 1 8
12 1 8
12 1 8
12 1 8
12 1 8
12 1 8
12 1 8
12 1 8
12 1 8
12 1 8
12 1 8
12 1 8
12 1 8
12 1 8
12 1 8
12 1 8
12 1 8
12 1 8
12 1 8
12 1 8
12 1 8
12 1 8
12 1 8
12 1 8
12 1 8
12 1 8
12 1 8
12 1 8
12 1 8
12 1 8
12 1 8
12 1 8
12 1 8
12 1 8
12 1 8
12 1 8
12 1 8
12 1 8
12 1 8
12 1 8
12 1 8
12 1 8
12 1 8
12 1 8
35 184 18
35 184 8
35 184 8
35 184 8
35 184 8
35 184 8
35 184 8
35 184 8
35 184 8
35 184 8
35 184 8
35 184 8
35 184 8
35 184 8
35 184 8
35 184 8
35 184 8
35 184 8
35 184 8
35 184 8
35 184 8
47 191 18
47 191 8
47 191 8
47 191 8
58 185 18
58 185 8
58 185 8
58 185 8
58 185 8
58 185 8
58 185 8
58 185 8
58 185 8
58 185 8
58 185 8
58 185 8
58 185 8
58 185 8
58 185 8
58 185 8
58 185 8
58 185 8
58 185 8
58 185 8
58 185 8
58 185 8
58 185 8
58 185 8
58 185 8
58 185 8
58 185 8
58 185 8
58 185 8
58 185 8
58 185 8
58 185 8
58 185 8
58 185 8
58 185 8
35 197 18
35 197 8
35 197 8
35 197 8
35 197 8
35 197 8
35 197 8
35 197 8
35 197 8
35 197 8
35 197 8
35 197 8
35 197 8
35 197 8
35 197 8
35 197 8
35 197 8
35 197 8
35 197 8
35 197 8
35 197 8
35 197 8
35 197 8
35 197 8
35 197 8
35 197 8
35 197 8
35 197 8
35 197 8
35 197 8
35 197 8
35 197 8
35 197 8
35 197 8
35 197 8
35 197 8
35 197 8
35 197 8
35 197 8
35 197 8
35 197 8
35 197 8
35 197 8
35 197 8
35 197 8
35 197 8
35 197 8
35 197 8
35 197 8
35 197 8
35 197 8
35 197 8
35 197 8
35 197 8
35 197 8
35 197 8
35 197 8
35 197 8
35 197 8
35 197 8
35 197 8
35 197 8
35 197 8
35 197 8
35 197 8
35 197 8
35 197 8
35 197 8
35 197 8
35 197 8
35 197 8
35 197 8
35 197 8
35 197 8
35 197 8
46 178 18
46 178 8
46 178 8
46 178 8
46 178 8
46 178 8
46 178 8
46 178 8
46 178 8
46 178 8
46 178 8
46 178 8
46 178 8
46 178 8
46 178 8
46 178 8
46 178 8
46 178 8
46 178 8
46 178 8
46 178 8
46 178 8
46 178 8
46 178 8
46 178 8
46 178 8
46 178 8
58 173 18
58 173 8
58 173 8
58 173 8
58 173 8
58 173 8
58 173 8
58 173 8
58 173 8
58 173 8
58 173 8
58 173 8
58 173 8
58 173 8
58 173 8
58 173 8
58 173 8
58 173 8
58 173 8
58 173 8
58 173 8
58 173 8
58 173 8
58 173 8
58 173 8
58 173 8
58 173 8
58 173 8
58 173 8
58 173 8
58 173 8
58 173 8
58 173 8
58 173 8
58 173 8
58 173 8
58 173 8
58 173 8
58 173 8
58 173 8
58 173 8
58 173 8
58 173 8
58 173 8
58 173 8
58 173 8
58 173 8
58 173 8
58 173 8
58 173 8
58 173 8
58 173 8
58 173 8
58 173 8
58 173 8
58 173 8
58 173 8
58 173 8
134 78 18
134 78 8
134 78 8
134 78 8
134 78 8
134 78 8
134 78 8
134 78 8
134 78 8
134 78 8
134 78 8
134 78 8
134 78 8
134 78 8
134 78 8
134 78 8
134 78 8
134 78 8
134 78 8
134 78 8
134 78 8
134 78 8
58 173 8
58 173 8
58 173 8
71 117 19
71 118 22
71 119 23
71 120 23
71 121 22
71 122 20
71 123 17
71 124 15
71 125 15
71 126 15
71 127 15
71 128 15
71 129 15
105 134 15
105 134 7
105 134 7
104 134 15
104 134 7
104 134 7
103 134 15
103 134 7
102 134 15
102 134 7
101 134 15
101 134 7
101 133 15
101 133 7
101 133 7
100 133 15
100 133 7
100 133 7
99 133 15
99 133 7
99 132 15
99 132 7
99 132 7
98 132 15
98 132 7
98 132 7
97 132 15
97 132 7
97 132 7
96 132 15
96 132 7
96 131 15
96 131 7
96 131 7
95 131 15
95 131 7
95 131 7
95 130 15
95 130 7
95 130 7
94 130 15
94 130 7
94 130 7
93 130 15
93 130 7
93 129 15
93 129 7
93 129 7
92 129 15
92 129 7
92 129 7
91 129 15
91 129 7
90 129 15
90 129 7
89 129 15
89 129 7
88 129 15
87 129 15
86 129 15
85 129 15
84 129 15
83 129 15
82 129 15
81 129 15
80 129 15
79 129 15
78 129 15
77 129 15
76 129 15
75 129 15
74 129 15
73 129 15
72 129 15
119 113 71
119 114 102
119 115 137
119 116 175
119 117 215
119 118 256
119 119 297
119 120 336
119 121 373
119 122 407
119 123 436
119 124 460
119 125 478
119 125 7
119 126 490
119 126 7
119 128 493
119 129 484
119 130 469
119 131 448
119 132 421
119 133 390
119 134 355
119 135 317
119 136 277
119 137 235
119 138 194
119 139 153
119 140 114
118 141 61
118 141 7
118 141 7
118 141 7
118 142 31
118 142 7
118 142 7
118 142 7
118 142 7
118 142 7
118 142 7
117 142 20
117 142 7
117 142 7
117 142 7
117 142 7
117 142 7
117 142 7
117 142 7
117 142 7
117 142 7
116 142 15
116 142 7
116 142 7
116 142 7
116 142 7
116 142 7
116 142 7
116 142 7
116 142 7
116 142 7
116 142 7
116 142 7
116 142 7
115 142 15
115 142 7
115 142 7
115 142 7
115 142 7
115 142 7
115 142 7
115 142 7
115 142 7
115 142 7
115 142 7
115 142 7
115 142 7
115 142 7
114 142 15
114 142 7
114 142 7
114 142 7
114 142 7
114 142 7
114 142 7
114 142 7
114 142 7
114 142 7
114 142 7
114 142 7
114 142 7
114 142 7
114 142 7
113 142 15
113 142 7
113 142 7
113 142 7
113 142 7
113 142 7
113 142 7
113 142 7
113 142 7
113 142 7
113 142 7
113 142 7
113 142 7
113 142 7
113 142 7
112 142 15
112 142 7
112 142 7
112 142 7
112 142 7
112 142 7
112 142 7
112 142 7
112 142 7
112 142 7
112 142 7
112 142 7
112 142 7
112 142 7
111 142 15
111 142 7
111 142 7
111 142 7
111 142 7
111 142 7
111 142 7
111 142 7
111 142 7
111 142 7
111 142 7
111 142 7
111 142 7
111 141 15
111 141 7
111 141 7
111 141 7
111 141 7
111 141 7
111 141 7
111 141 7
111 141 7
111 141 7
111 141 7
111 141 7
111 140 15
111 140 7
111 140 7
111 140 7
111 140 7
111 140 7
111 140 7
111 140 7
111 140 7
111 140 7
110 140 15
110 140 7
110 140 7
110 140 7
110 140 7
110 140 7
110 140 7
110 140 7
110 140 7
110 139 15
110 139 7
110 139 7
110 139 7
110 139 7
110 139 7
110 139 7
110 139 7
110 138 15
110 138 7
110 138 7
110 138 7
110 138 7
110 138 7
110 138 7
110 138 7
109 138 15
109 138 7
109 138 7
109 138 7
109 138 7
109 138 7
108 138 15
108 138 7
108 138 7
108 138 7
108 138 7
107 138 15
107 138 7
107 138 7
107 138 7
107 137 15
107 137 7
107 137 7
107 137 7
106 137 15
106 137 7
106 137 7
106 136 15
106 136 7
106 136 7
106 135 15
106 135 7
106 135 7
120 112 20
120 112 7
120 112 7
120 112 7
120 112 7
120 111 15
120 111 7
120 111 7
120 111 7
120 111 7
120 110 15
120 110 7
120 110 7
120 110 7
120 110 7
120 110 7
120 109 15
120 109 7
120 109 7
120 109 7
120 109 7
120 109 7
120 108 15
120 108 7
120 108 7
120 108 7
120 108 7
120 108 7
120 108 7
119 108 15
119 108 7
119 108 7
119 108 7
119 108 7
119 108 7
119 108 7
119 108 7
119 108 7
119 108 7
119 107 15
119 107 7
119 107 7
119 107 7
119 107 7
119 107 7
119 107 7
119 107 7
119 107 7
119 107 7
119 107 7
119 106 15
119 106 7
119 106 7
119 106 7
119 106 7
119 106 7
119 106 7
119 106 7
119 106 7
119 106 7
119 106 7
119 106 7
119 106 7
119 105 15
119 105 7
119 105 7
119 105 7
119 105 7
119 105 7
119 105 7
119 105 7
119 105 7
119 105 7
119 105 7
119 105 7
119 105 7
119 105 7
119 105 7
119 104 15
119 104 7
119 104 7
119 104 7
119 104 7
119 104 7
119 104 7
119 104 7
119 104 7
119 104 7
119 104 7
119 104 7
119 104 7
119 104 7
119 104 7
119 104 7
119 103 15
119 103 7
119 103 7
119 103 7
119 103 7
119 103 7
119 103 7
119 103 7
119 103 7
119 103 7
119 103 7
119 103 7
119 103 7
119 103 7
119 103 7
119 103 7
119 103 7
118 103 15
118 103 7
118 103 7
118 103 7
118 103 7
118 103 7
118 103 7
118 103 7
118 103 7
118 103 7
118 103 7
118 103 7
118 103 7
118 103 7
118 103 7
118 103 7
118 103 7
118 103 7
118 103 7
118 103 7
118 103 7
118 103 7
118 103 7
118 102 19
118 102 7
118 102 7
118 102 7
118 102 7
118 102 7
118 102 7
118 102 7
118 102 7
118 102 7
118 102 7
118 102 7
118 102 7
118 102 7
118 102 7
118 102 7
118 102 7
118 102 7
118 102 7
118 102 7
118 102 7
118 102 7
118 101 27
118 101 7
118 101 7
118 101 7
118 101 7
118 101 7
118 101 7
118 101 7
118 101 7
118 101 7
118 101 7
118 101 7
118 101 7
118 101 7
118 101 7
118 101 7
118 101 7
118 101 7
118 101 7
118 100 34
118 100 7
118 100 7
118 100 7
118 100 7
118 100 7
118 100 7
118 100 7
118 100 7
118 100 7
118 100 7
118 100 7
118 100 7
118 100 7
118 100 7
118 100 7
118 99 40
118 99 7
118 99 7
118 99 7
118 99 7
118 99 7
118 99 7
118 99 7
118 99 7
118 99 7
118 99 7
118 99 7
118 99 7
117 99 44
117 99 7
117 99 7
117 99 7
117 99 7
117 99 7
117 99 7
117 99 7
117 99 7
117 99 7
117 99 7
117 99 7
117 99 7
117 99 7
117 99 7
117 99 7
117 99 7
117 98 46
117 98 7
117 98 7
117 98 7
117 98 7
117 98 7
117 98 7
117 98 7
117 98 7
117 98 7
117 98 7
117 98 7
117 98 7
117 97 48
117 97 7
117 97 7
117 97 7
117 97 7
117 97 7
117 97 7
117 97 7
117 97 7
117 97 7
117 97 7
117 96 48
117 96 7
117 96 7
117 96 7
117 96 7
117 96 7
117 96 7
117 96 7
117 96 7
117 95 47
117 95 7
117 95 7
117 95 7
117 95 7
117 95 7
117 95 7
117 94 45
117 94 7
117 94 7
117 94 7
117 94 7
117 94 7
117 94 7
117 93 41
117 93 7
117 93 7
117 93 7
117 93 7
117 93 7
117 93 7
117 92 37
117 92 7
117 92 7
117 92 7
117 92 7
117 92 7
117 92 7
116 92 32
116 92 7
116 92 7
116 92 7
116 92 7
116 92 7
116 92 7
116 92 7
116 91 27
116 91 7
116 91 7
116 91 7
116 91 7
116 91 7
116 91 7
116 91 7
116 90 22
116 90 7
116 90 7
116 90 7
116 90 7
116 90 7
116 90 7
116 90 7
116 89 17
116 89 7
116 89 7
116 89 7
116 89 7
116 89 7
116 89 7
116 89 7
116 88 15
116 88 7
116 88 7
116 88 7
116 88 7
116 88 7
116 88 7
115 88 15
115 88 7
115 88 7
115 88 7
115 88 7
115 88 7
115 88 7
115 87 15
115 87 7
115 87 7
115 87 7
115 87 7
115 87 7
115 86 15
115 86 7
115 86 7
115 86 7
114 86 15
114 86 7
114 86 7
114 86 7
114 86 7
113 86 15
113 86 7
113 86 7
113 86 7
113 86 7
112 86 15
112 86 7
112 86 7
112 86 7
112 86 7
112 85 15
112 85 7
112 85 7
112 85 7
112 84 15
112 84 7
112 84 7
112 83 15
112 83 7
112 82 15
112 82 7
112 81 15
111 81 15
111 80 15
110 79 15
109 79 15
108 79 15
108 78 15
108 77 15
107 77 15
107 76 15
106 76 15
106 75 15
105 75 15
105 74 15
105 73 15
104 73 15
104 72 15
103 72 15
102 72 15
101 72 15
133 65 15
133 65 7
133 65 7
132 65 15
132 65 7
131 65 15
131 65 7
130 65 15
130 65 7
129 65 15
129 65 7
128 65 15
127 65 15
126 65 15
125 65 15
124 65 15
123 65 15
122 65 15
121 65 15
120 65 15
119 65 15
118 65 15
117 65 15
116 65 15
115 65 15
114 65 15
113 65 15
112 65 15
110 65 16
109 65 18
108 65 19
108 66 20
107 66 20
106 66 20
105 66 19
104 66 17
103 66 15
102 66 15
101 66 15
101 67 15
100 67 15
100 68 15
100 69 15
100 70 15
100 71 15
153 27 461
153 28 516
153 28 7
153 28 7
153 28 7
153 28 7
153 28 7
153 28 7
153 28 7
153 28 7
153 28 7
153 28 7
153 28 7
153 28 7
153 28 7
153 28 7
153 28 7
153 28 7
153 29 568
153 29 7
153 29 7
153 29 7
153 29 7
153 29 7
153 29 7
153 29 7
153 29 7
153 29 7
153 29 7
153 29 7
153 29 7
153 29 7
153 29 7
153 29 7
153 29 7
153 29 7
153 29 7
153 29 7
153 29 7
153 29 7
153 29 7
153 29 7
153 29 7
153 29 7
153 29 7
153 29 7
153 29 7
153 29 7
153 29 7
153 29 7
153 29 7
153 29 7
153 29 7
153 29 7
153 29 7
153 29 7
153 30 617
153 30 7
153 30 7
153 30 7
153 30 7
153 30 7
153 30 7
153 30 7
153 30 7
153 30 7
153 30 7
153 30 7
153 30 7
153 30 7
153 30 7
153 30 7
153 30 7
153 30 7
153 30 7
153 30 7
153 30 7
153 30 7
153 30 7
153 30 7
153 30 7
153 30 7
153 30 7
153 30 7
153 30 7
153 30 7
153 30 7
153 30 7
153 30 7
153 30 7
153 30 7
153 30 7
153 30 7
153 30 7
153 30 7
153 30 7
153 30 7
153 30 7
153 30 7
153 30 7
153 30 7
153 30 7
153 30 7
153 30 7
153 30 7
153 30 7
153 30 7
153 30 7
153 30 7
153 30 7
153 30 7
153 30 7
153 30 7
153 30 7
153 30 7
153 30 7
153 31 659
153 31 7
153 31 7
153 31 7
153 31 7
153 31 7
153 31 7
153 31 7
153 31 7
153 31 7
153 31 7
153 31 7
153 31 7
153 31 7
153 31 7
153 31 7
153 31 7
153 31 7
153 31 7
153 31 7
153 31 7
153 31 7
153 31 7
153 31 7
153 31 7
153 31 7
153 31 7
153 31 7
153 31 7
153 31 7
153 31 7
153 31 7
153 31 7
153 31 7
153 31 7
153 31 7
153 31 7
153 31 7
153 31 7
153 31 7
153 31 7
153 31 7
153 31 7
153 31 7
153 31 7
153 31 7
153 31 7
153 31 7
153 31 7
153 31 7
153 31 7
153 31 7
153 31 7
153 31 7
153 31 7
153 31 7
153 31 7
153 31 7
153 31 7
153 31 7
153 31 7
153 31 7
153 31 7
153 31 7
153 31 7
153 31 7
153 31 7
153 31 7
153 31 7
153 31 7
153 31 7
153 31 7
153 31 7
153 31 7
153 31 7
153 31 7
153 31 7
153 32 694
153 32 7
153 32 7
153 32 7
153 32 7
153 32 7
153 32 7
153 32 7
153 32 7
153 32 7
153 32 7
153 32 7
153 32 7
153 32 7
153 32 7
153 32 7
153 32 7
153 32 7
153 32 7
153 32 7
153 32 7
153 32 7
153 32 7
153 32 7
153 32 7
153 32 7
153 32 7
153 32 7
153 32 7
153 32 7
153 32 7
153 32 7
153 32 7
153 32 7
153 32 7
153 32 7
153 32 7
153 32 7
153 32 7
153 32 7
153 32 7
153 32 7
153 32 7
153 32 7
153 32 7
153 32 7
153 32 7
153 32 7
153 32 7
153 32 7
153 32 7
153 32 7
153 32 7
153 32 7
153 32 7
153 32 7
153 32 7
153 32 7
153 32 7
153 32 7
153 32 7
153 32 7
153 32 7
153 32 7
153 32 7
153 32 7
153 32 7
153 32 7
153 32 7
153 32 7
153 32 7
153 32 7
153 32 7
153 32 7
153 32 7
153 32 7
153 32 7
153 32 7
153 32 7
153 32 7
153 32 7
153 32 7
153 32 7
153 32 7
153 32 7
153 32 7
153 32 7
153 32 7
153 33 720
153 33 7
153 33 7
153 33 7
153 33 7
153 33 7
153 33 7
153 33 7
153 33 7
153 33 7
153 33 7
153 33 7
153 33 7
153 33 7
153 33 7
153 33 7
153 33 7
153 33 7
153 33 7
153 33 7
153 33 7
153 33 7
153 33 7
153 33 7
153 33 7
153 33 7
153 33 7
153 33 7
153 33 7
153 33 7
153 33 7
153 33 7
153 33 7
153 33 7
153 33 7
153 33 7
153 33 7
153 33 7
153 33 7
153 33 7
153 33 7
153 33 7
153 33 7
153 33 7
153 33 7
153 33 7
153 33 7
153 33 7
153 33 7
153 33 7
153 33 7
153 33 7
153 33 7
153 33 7
153 33 7
153 33 7
153 33 7
153 33 7
153 33 7
153 33 7
153 33 7
153 33 7
153 33 7
153 33 7
153 33 7
153 33 7
153 33 7
153 33 7
153 33 7
153 33 7
153 33 7
153 33 7
153 33 7
153 33 7
153 33 7
153 33 7
153 33 7
153 33 7
153 33 7
153 33 7
153 33 7
153 33 7
153 33 7
153 33 7
153 33 7
153 33 7
153 33 7
153 33 7
153 33 7
153 34 736
153 34 7
153 34 7
153 34 7
153 34 7
153 34 7
153 34 7
153 34 7
153 34 7
153 34 7
153 34 7
153 34 7
153 34 7
153 34 7
153 34 7
153 34 7
153 34 7
153 34 7
153 34 7
153 34 7
153 34 7
153 34 7
153 34 7
153 34 7
153 34 7
153 34 7
153 34 7
153 34 7
153 34 7
153 34 7
153 34 7
153 34 7
153 34 7
153 34 7
153 34 7
153 34 7
153 34 7
153 34 7
153 34 7
153 34 7
153 34 7
153 34 7
153 34 7
153 34 7
153 34 7
153 34 7
153 34 7
153 34 7
153 34 7
153 34 7
153 34 7
153 34 7
153 34 7
153 34 7
153 34 7
153 34 7
153 34 7
153 34 7
153 34 7
153 34 7
153 34 7
153 34 7
153 34 7
153 34 7
153 34 7
153 34 7
153 34 7
153 34 7
153 34 7
153 34 7
153 34 7
153 34 7
153 34 7
153 34 7
153 34 7
153 34 7
153 34 7
153 34 7
153 34 7
153 34 7
153 34 7
153 34 7
153 34 7
153 34 7
153 35 742
153 35 7
153 35 7
153 35 7
153 35 7
153 35 7
153 35 7
153 35 7
153 35 7
153 35 7
153 35 7
153 35 7
153 35 7
153 35 7
153 35 7
153 35 7
153 35 7
153 35 7
153 35 7
153 35 7
153 35 7
153 35 7
153 35 7
153 35 7
153 35 7
153 35 7
153 35 7
153 35 7
153 35 7
153 35 7
153 35 7
153 35 7
153 35 7
153 35 7
153 35 7
153 35 7
153 35 7
153 35 7
153 35 7
153 35 7
153 35 7
153 35 7
153 35 7
153 35 7
153 35 7
153 35 7
153 35 7
153 35 7
153 35 7
153 35 7
153 35 7
153 35 7
153 35 7
153 35 7
153 35 7
153 35 7
153 35 7
153 35 7
153 35 7
153 35 7
153 35 7
153 35 7
153 35 7
153 35 7
153 35 7
153 35 7
153 35 7
153 35 7
153 35 7
153 35 7
153 35 7
153 35 7
153 35 7
153 35 7
153 36 737
153 36 7
153 36 7
153 36 7
153 36 7
153 36 7
153 36 7
153 36 7
153 36 7
153 36 7
153 36 7
153 36 7
153 36 7
153 36 7
153 36 7
153 36 7
153 36 7
153 36 7
153 36 7
153 36 7
153 36 7
153 36 7
153 36 7
153 36 7
153 36 7
153 36 7
153 36 7
153 36 7
153 36 7
153 36 7
153 36 7
153 36 7
153 36 7
153 36 7
153 36 7
153 36 7
153 36 7
153 36 7
153 36 7
153 36 7
153 36 7
153 36 7
153 36 7
153 36 7
153 36 7
153 36 7
153 36 7
153 36 7
153 36 7
153 36 7
153 36 7
153 36 7
153 36 7
153 36 7
153 36 7
153 36 7
153 36 7
153 36 7
153 36 7
153 36 7
153 36 7
153 36 7
153 36 7
153 37 721
153 37 7
153 37 7
153 37 7
153 37 7
153 37 7
153 37 7
153 37 7
153 37 7
153 37 7
153 37 7
153 37 7
153 37 7
153 37 7
153 37 7
153 37 7
153 37 7
153 37 7
153 37 7
153 37 7
153 37 7
153 37 7
153 37 7
153 37 7
153 37 7
153 37 7
153 37 7
153 37 7
153 37 7
153 37 7
153 37 7
153 37 7
153 37 7
153 37 7
153 37 7
153 37 7
153 37 7
153 37 7
153 37 7
153 37 7
153 37 7
153 37 7
153 37 7
153 37 7
153 37 7
153 37 7
153 37 7
153 37 7
153 37 7
153 37 7
153 37 7
153 37 7
153 38 695
153 38 7
153 38 7
153 38 7
153 38 7
153 38 7
153 38 7
153 38 7
153 38 7
153 38 7
153 38 7
153 38 7
153 38 7
153 38 7
153 38 7
153 38 7
153 38 7
153 38 7
153 38 7
153 38 7
153 38 7
153 38 7
153 38 7
153 38 7
153 38 7
153 38 7
153 38 7
153 38 7
153 38 7
153 38 7
153 38 7
153 38 7
153 38 7
153 38 7
153 38 7
153 38 7
153 38 7
153 38 7
153 38 7
153 38 7
153 38 7
153 38 7
153 38 7
153 38 7
153 39 661
153 39 7
153 39 7
153 39 7
153 39 7
153 39 7
153 39 7
153 39 7
153 39 7
153 39 7
153 39 7
153 39 7
153 39 7
153 39 7
153 39 7
153 39 7
153 39 7
153 39 7
153 39 7
153 39 7
153 39 7
153 39 7
153 39 7
153 39 7
153 39 7
153 39 7
153 39 7
153 39 7
153 39 7
153 39 7
153 39 7
153 39 7
153 39 7
153 39 7
153 39 7
153 39 7
153 39 7
153 40 619
153 40 7
153 40 7
153 40 7
153 40 7
153 40 7
153 40 7
153 40 7
153 40 7
153 40 7
153 40 7
153 40 7
153 40 7
153 40 7
153 40 7
153 40 7
153 40 7
153 40 7
153 40 7
153 40 7
153 40 7
153 40 7
153 40 7
153 40 7
153 40 7
153 40 7
153 40 7
153 40 7
153 40 7
153 40 7
153 40 7
153 40 7
153 41 571
153 41 7
153 41 7
153 41 7
153 41 7
153 41 7
153 41 7
153 41 7
153 41 7
153 41 7
153 41 7
153 41 7
153 41 7
153 41 7
153 41 7
153 41 7
153 41 7
153 41 7
153 41 7
153 41 7
153 41 7
153 41 7
153 41 7
153 41 7
153 41 7
153 41 7
153 41 7
153 41 7
153 42 520
153 42 7
153 42 7
153 42 7
153 42 7
153 42 7
153 42 7
153 42 7
153 42 7
153 42 7
153 42 7
153 42 7
153 42 7
153 42 7
153 42 7
153 42 7
153 42 7
153 42 7
153 42 7
153 42 7
153 42 7
153 42 7
153 42 7
153 42 7
153 42 7
153 43 467
153 43 7
153 43 7
153 43 7
153 43 7
153 43 7
153 43 7
153 43 7
153 43 7
153 43 7
153 43 7
153 43 7
153 43 7
153 43 7
153 43 7
153 43 7
153 43 7
153 43 7
153 43 7
153 43 7
153 43 7
152 43 413
152 43 7
152 43 7
152 43 7
152 43 7
152 43 7
152 43 7
152 43 7
152 43 7
152 43 7
152 43 7
152 43 7
152 44 353
152 44 7
152 44 7
152 44 7
152 44 7
152 44 7
152 44 7
152 44 7
152 44 7
152 44 7
152 45 296
152 45 7
152 45 7
152 45 7
152 45 7
152 45 7
152 45 7
151 45 236
151 45 7
151 45 7
151 46 178
151 46 7
151 46 7
150 46 122
150 46 7
150 46 7
150 47 67
150 47 7
150 47 7
150 47 7
150 47 7
150 47 7
149 47 16
149 47 7
149 47 7
149 47 7
149 47 7
149 47 7
149 47 7
149 47 7
149 47 7
149 47 7
148 47 15
148 47 7
148 47 7
148 47 7
148 47 7
148 47 7
148 47 7
147 47 15
147 47 7
147 47 7
147 47 7
147 47 7
147 47 7
146 47 15
146 47 7
146 47 7
146 47 7
146 47 7
146 48 15
146 48 7
146 48 7
146 48 7
146 49 15
146 49 7
146 49 7
146 50 15
146 50 7
146 50 7
145 50 15
145 50 7
145 50 7
145 51 15
145 51 7
145 52 15
145 52 7
145 53 15
145 53 7
145 54 15
145 55 15
145 56 15
144 56 15
144 57 15
144 58 15
143 59 15
142 59 15
141 59 15
140 59 15
139 59 15
139 60 15
139 61 15
138 61 15
137 61 15
137 62 15
136 62 15
135 62 15
135 62 7
135 63 15
135 63 7
134 63 15
134 63 7
134 64 15
134 64 7
154 26 376
154 25 324
154 24 274
154 23 227
154 22 185
154 21 148
154 20 116
154 19 89
155 19 84
156 19 82
157 19 84
158 19 88
159 19 95
160 19 103
161 19 114
162 19 125
163 19 137
164 19 149
165 19 161
166 19 173
167 19 184
168 19 193
169 19 201
170 19 208
171 19 212
172 19 215
173 19 215
174 19 213
175 19 209
176 19 203
176 19 7
176 19 7
176 19 7
176 19 7
176 19 7
177 19 195
177 19 7
177 19 7
177 19 7
177 19 7
177 19 7
177 19 7
177 19 7
177 19 7
177 19 7
177 19 7
177 19 7
178 19 185
178 19 7
178 19 7
178 19 7
178 19 7
178 19 7
178 19 7
178 19 7
178 19 7
178 19 7
178 19 7
178 19 7
178 19 7
178 19 7
178 19 7
178 19 7
178 19 7
178 19 7
178 19 7
179 19 174
179 19 7
179 19 7
179 19 7
179 19 7
179 19 7
179 19 7
179 19 7
179 19 7
179 19 7
179 19 7
179 19 7
179 19 7
179 19 7
179 19 7
179 19 7
179 19 7
179 19 7
179 19 7
179 19 7
179 19 7
179 19 7
179 19 7
179 19 7
179 19 7
180 19 161
180 19 7
180 19 7
180 19 7
180 19 7
180 19 7
180 19 7
180 19 7
180 19 7
180 19 7
180 19 7
180 19 7
180 19 7
180 19 7
180 19 7
180 19 7
180 19 7
180 19 7
180 19 7
180 19 7
180 19 7
180 19 7
180 19 7
180 19 7
180 19 7
180 19 7
180 19 7
180 19 7
181 19 147
181 19 7
181 19 7
181 19 7
181 19 7
181 19 7
181 19 7
181 19 7
181 19 7
181 19 7
181 19 7
181 19 7
181 19 7
181 19 7
181 19 7
181 19 7
181 19 7
181 19 7
181 19 7
181 19 7
181 19 7
181 19 7
181 19 7
181 19 7
181 19 7
181 19 7
181 19 7
181 19 7
182 19 133
182 19 7
182 19 7
182 19 7
182 19 7
182 19 7
182 19 7
182 19 7
182 19 7
182 19 7
182 19 7
182 19 7
182 19 7
182 19 7
182 19 7
182 19 7
182 19 7
182 19 7
182 19 7
182 19 7
182 19 7
182 19 7
182 19 7
182 19 7
182 19 7
182 19 7
183 19 118
183 19 7
183 19 7
183 19 7
183 19 7
183 19 7
183 19 7
183 19 7
183 19 7
183 19 7
183 19 7
183 19 7
183 19 7
183 19 7
183 19 7
183 19 7
183 19 7
183 19 7
183 19 7
183 19 7
183 19 7
183 19 7
184 19 103
184 19 7
184 19 7
184 19 7
184 19 7
184 19 7
184 19 7
184 19 7
184 19 7
184 19 7
184 19 7
184 19 7
184 19 7
184 19 7
184 19 7
184 19 7
184 19 7
184 19 7
185 19 89
185 19 7
185 19 7
185 19 7
185 19 7
185 19 7
185 19 7
185 19 7
185 19 7
185 19 7
185 19 7
185 19 7
185 19 7
185 19 7
185 19 7
186 19 75
186 19 7
186 19 7
186 19 7
186 19 7
186 19 7
186 19 7
186 19 7
186 19 7
186 19 7
186 19 7
187 19 63
187 19 7
187 19 7
187 19 7
187 19 7
187 19 7
187 19 7
187 19 7
188 19 52
188 19 7
188 19 7
188 19 7
188 19 7
188 19 7
189 19 43
189 19 7
189 19 7
189 19 7
189 19 7
189 18 29
189 18 7
189 18 7
189 18 7
189 18 7
189 18 7
189 18 7
190 18 18
190 18 7
190 18 7
190 18 7
190 18 7
190 18 7
190 17 15
190 17 7
190 17 7
190 17 7
190 17 7
190 17 7
191 17 15
191 17 7
191 17 7
191 17 7
191 17 7
191 16 15
191 16 7
191 16 7
191 16 7
191 16 7
192 16 15
192 16 7
192 16 7
192 16 7
193 16 15
193 16 7
193 16 7
194 16 15
194 16 7
194 16 7
195 16 15
195 16 7
195 16 7
196 16 15
196 16 7
196 16 7
197 16 15
197 16 7
197 16 7
198 16 15
198 16 7
198 16 7
70 141 15
70 140 15
70 139 15
70 138 15
70 137 15
70 137 7
70 136 15
70 136 7
70 135 15
70 135 7
70 134 15
70 134 7
70 133 15
70 133 7
70 132 15
70 132 7
70 131 15
70 131 7
70 130 15
36 184 154
36 184 7
36 184 7
36 184 7
37 184 130
37 184 7
37 184 7
37 184 7
37 184 7
37 184 7
37 184 7
38 184 104
38 184 7
38 184 7
38 184 7
38 184 7
38 184 7
38 184 7
38 184 7
38 184 7
38 184 7
38 184 7
39 184 76
39 184 7
39 184 7
39 184 7
39 184 7
39 184 7
39 184 7
39 184 7
39 184 7
39 184 7
39 184 7
39 184 7
39 184 7
39 184 7
39 184 7
40 184 48
40 184 7
40 184 7
40 184 7
40 184 7
40 184 7
40 184 7
40 184 7
40 184 7
40 184 7
40 184 7
40 184 7
40 184 7
40 184 7
40 184 7
40 184 7
40 184 7
40 184 7
41 184 20
41 184 7
41 184 7
41 184 7
41 184 7
41 184 7
41 184 7
41 184 7
41 184 7
41 184 7
41 184 7
41 184 7
41 184 7
41 184 7
41 184 7
41 184 7
41 184 7
41 184 7
41 184 7
41 184 7
41 184 7
42 184 15
42 184 7
42 184 7
42 184 7
42 184 7
42 184 7
42 184 7
42 184 7
42 184 7
42 184 7
42 184 7
42 184 7
42 184 7
42 184 7
42 184 7
42 184 7
42 184 7
42 184 7
42 184 7
42 184 7
43 184 15
43 184 7
43 184 7
43 184 7
43 184 7
43 184 7
43 184 7
43 184 7
43 184 7
43 184 7
43 184 7
43 184 7
43 184 7
43 184 7
43 184 7
43 184 7
43 184 7
43 184 7
44 184 15
44 184 7
44 184 7
44 184 7
44 184 7
44 184 7
44 184 7
44 184 7
44 184 7
44 184 7
44 184 7
44 184 7
44 184 7
44 184 7
44 184 7
44 184 7
44 183 15
44 183 7
44 183 7
44 183 7
44 183 7
44 183 7
44 183 7
44 183 7
44 183 7
44 183 7
44 183 7
44 183 7
44 183 7
44 183 7
44 183 7
44 183 7
44 183 7
44 183 7
45 183 15
45 183 7
45 183 7
45 183 7
45 183 7
45 183 7
45 183 7
45 183 7
45 183 7
45 183 7
45 183 7
45 183 7
45 183 7
45 183 7
45 183 7
45 183 7
46 183 15
46 183 7
46 183 7
46 183 7
46 183 7
46 183 7
46 183 7
46 183 7
46 183 7
46 183 7
46 183 7
46 183 7
46 183 7
46 183 7
47 183 15
47 183 7
47 183 7
47 183 7
47 183 7
47 183 7
47 183 7
47 183 7
47 183 7
47 183 7
47 183 7
47 183 7
47 183 7
48 183 15
48 183 7
48 183 7
48 183 7
48 183 7
48 183 7
48 183 7
48 183 7
48 183 7
48 183 7
48 183 7
48 183 7
49 183 15
49 183 7
49 183 7
49 183 7
49 183 7
49 183 7
49 183 7
49 183 7
49 183 7
49 183 7
49 183 7
49 183 7
50 183 15
50 183 7
50 183 7
50 183 7
50 183 7
50 183 7
50 183 7
50 183 7
50 183 7
50 183 7
50 183 7
50 183 7
51 183 15
51 183 7
51 183 7
51 183 7
51 183 7
51 183 7
51 183 7
51 183 7
51 183 7
51 183 7
51 183 7
51 183 7
51 183 7
52 183 25
52 183 7
52 183 7
52 183 7
52 183 7
52 183 7
52 183 7
52 183 7
52 183 7
52 183 7
52 183 7
52 183 7
52 183 7
52 183 7
52 182 52
52 182 7
52 182 7
52 182 7
52 182 7
52 182 7
52 182 7
52 182 7
52 182 7
52 182 7
52 182 7
53 182 82
53 182 7
53 182 7
53 182 7
53 182 7
53 182 7
53 182 7
53 182 7
53 182 7
53 181 114
53 181 7
53 181 7
53 181 7
53 181 7
53 181 7
54 181 145
54 181 7
54 181 7
54 181 7
54 181 7
55 181 178
55 181 7
55 181 7
55 181 7
55 181 7
55 180 209
55 180 7
56 180 240
56 179 271
57 179 298
58 179 326
58 178 348
58 177 373
58 176 401
58 175 430
58 174 462
59 173 477
59 173 7
59 173 7
59 173 7
59 173 7
59 173 7
59 173 7
59 173 7
59 173 7
60 173 460
60 173 7
60 173 7
60 173 7
60 173 7
60 173 7
60 173 7
60 173 7
60 173 7
60 173 7
60 173 7
60 173 7
60 173 7
60 173 7
60 173 7
60 173 7
60 173 7
61 173 443
61 173 7
61 173 7
61 173 7
61 173 7
61 173 7
61 173 7
61 173 7
61 173 7
61 173 7
61 173 7
61 173 7
61 173 7
61 173 7
61 173 7
61 173 7
61 173 7
61 173 7
61 173 7
61 173 7
61 173 7
61 173 7
61 173 7
61 173 7
61 173 7
62 173 426
62 173 7
62 173 7
62 173 7
62 173 7
62 173 7
62 173 7
62 173 7
62 173 7
62 173 7
62 173 7
62 173 7
62 173 7
62 173 7
62 173 7
62 173 7
62 173 7
62 173 7
62 173 7
62 173 7
62 173 7
62 173 7
62 173 7
62 173 7
62 173 7
62 173 7
62 173 7
62 173 7
62 173 7
62 173 7
62 173 7
63 173 410
63 173 7
63 173 7
63 173 7
63 173 7
63 173 7
63 173 7
63 173 7
63 173 7
63 173 7
63 173 7
63 173 7
63 173 7
63 173 7
63 173 7
63 173 7
63 173 7
63 173 7
63 173 7
63 173 7
63 173 7
63 173 7
63 173 7
63 173 7
63 173 7
63 173 7
63 173 7
63 173 7
63 173 7
63 173 7
63 173 7
63 173 7
63 173 7
63 173 7
63 173 7
63 173 7
64 173 397
64 173 7
64 173 7
64 173 7
64 173 7
64 173 7
64 173 7
64 173 7
64 173 7
64 173 7
64 173 7
64 173 7
64 173 7
64 173 7
64 173 7
64 173 7
64 173 7
64 173 7
64 173 7
64 173 7
64 173 7
64 173 7
64 173 7
64 173 7
64 173 7
64 173 7
64 173 7
64 173 7
64 173 7
64 173 7
64 173 7
64 173 7
64 173 7
64 173 7
64 173 7
64 173 7
64 173 7
64 173 7
64 173 7
64 173 7
64 172 383
64 172 7
64 172 7
64 172 7
64 172 7
64 172 7
64 172 7
64 172 7
64 172 7
64 172 7
64 172 7
64 172 7
64 172 7
64 172 7
64 172 7
64 172 7
64 172 7
64 172 7
64 172 7
64 172 7
64 172 7
64 172 7
64 172 7
64 172 7
64 172 7
64 172 7
64 172 7
64 172 7
64 172 7
64 172 7
64 172 7
64 172 7
64 172 7
64 172 7
64 172 7
64 172 7
64 172 7
64 172 7
64 172 7
64 172 7
64 172 7
64 172 7
64 172 7
64 172 7
64 172 7
64 172 7
64 172 7
64 172 7
64 172 7
64 172 7
65 172 365
65 172 7
65 172 7
65 172 7
65 172 7
65 172 7
65 172 7
65 172 7
65 172 7
65 172 7
65 172 7
65 172 7
65 172 7
65 172 7
65 172 7
65 172 7
65 172 7
65 172 7
65 172 7
65 172 7
65 172 7
65 172 7
65 172 7
65 172 7
65 172 7
65 172 7
65 172 7
65 172 7
65 172 7
65 172 7
65 172 7
65 172 7
65 172 7
65 172 7
65 172 7
65 172 7
65 172 7
65 172 7
65 172 7
65 172 7
65 172 7
65 172 7
65 172 7
65 172 7
65 172 7
65 172 7
65 172 7
65 172 7
65 172 7
65 172 7
65 172 7
65 171 346
65 171 7
65 171 7
65 171 7
65 171 7
65 171 7
65 171 7
65 171 7
65 171 7
65 171 7
65 171 7
65 171 7
65 171 7
65 171 7
65 171 7
65 171 7
65 171 7
65 171 7
65 171 7
65 171 7
65 171 7
65 171 7
65 171 7
65 171 7
65 171 7
65 171 7
65 171 7
65 171 7
65 171 7
65 171 7
65 171 7
65 171 7
65 171 7
65 171 7
65 171 7
65 171 7
65 171 7
65 171 7
65 171 7
65 171 7
65 171 7
65 171 7
65 171 7
65 171 7
65 171 7
65 171 7
65 171 7
65 171 7
65 171 7
65 171 7
65 171 7
65 171 7
65 171 7
66 171 324
66 171 7
66 171 7
66 171 7
66 171 7
66 171 7
66 171 7
66 171 7
66 171 7
66 171 7
66 171 7
66 171 7
66 171 7
66 171 7
66 171 7
66 171 7
66 171 7
66 171 7
66 171 7
66 171 7
66 171 7
66 171 7
66 171 7
66 171 7
66 171 7
66 171 7
66 171 7
66 171 7
66 171 7
66 171 7
66 171 7
66 171 7
66 171 7
66 171 7
66 171 7
66 171 7
66 171 7
66 171 7
66 171 7
66 171 7
66 171 7
66 171 7
66 171 7
66 171 7
66 171 7
66 171 7
66 171 7
66 171 7
66 171 7
66 170 300
66 170 7
66 170 7
66 170 7
66 170 7
66 170 7
66 170 7
66 170 7
66 170 7
66 170 7
66 170 7
66 170 7
66 170 7
66 170 7
66 170 7
66 170 7
66 170 7
66 170 7
66 170 7
66 170 7
66 170 7
66 170 7
66 170 7
66 170 7
66 170 7
66 170 7
66 170 7
66 170 7
66 170 7
66 170 7
66 170 7
66 170 7
66 170 7
66 170 7
66 170 7
66 170 7
66 170 7
66 170 7
66 170 7
66 170 7
66 170 7
66 170 7
66 170 7
67 170 277
67 170 7
67 170 7
67 170 7
67 170 7
67 170 7
67 170 7
67 170 7
67 170 7
67 170 7
67 170 7
67 170 7
67 170 7
67 170 7
67 170 7
67 170 7
67 170 7
67 170 7
67 170 7
67 170 7
67 170 7
67 170 7
67 170 7
67 170 7
67 170 7
67 170 7
67 170 7
67 170 7
67 170 7
67 170 7
67 170 7
67 170 7
67 170 7
67 170 7
67 170 7
67 170 7
67 170 7
67 169 250
67 169 7
67 169 7
67 169 7
67 169 7
67 169 7
67 169 7
67 169 7
67 169 7
67 169 7
67 169 7
67 169 7
67 169 7
67 169 7
67 169 7
67 169 7
67 169 7
67 169 7
67 169 7
67 169 7
67 169 7
67 169 7
67 169 7
67 169 7
67 169 7
67 169 7
67 169 7
67 168 225
67 168 7
67 168 7
67 168 7
67 168 7
67 168 7
67 168 7
67 168 7
67 168 7
67 168 7
67 168 7
67 168 7
67 168 7
67 168 7
67 168 7
67 168 7
67 168 7
68 168 197
68 168 7
68 168 7
68 168 7
68 168 7
68 168 7
68 168 7
68 168 7
68 168 7
68 168 7
68 168 7
68 168 7
68 167 170
68 167 7
68 167 7
68 167 7
68 167 7
69 167 145
69 167 7
69 167 7
70 166 95
70 165 68
70 164 44
70 163 24
70 163 7
70 163 7
70 162 15
70 162 7
70 162 7
70 161 15
70 161 7
70 160 15
70 160 7
70 159 15
70 158 15
70 157 15
70 156 15
70 155 15
70 154 15
70 153 15
70 152 15
70 151 15
70 150 15
70 149 15
70 148 15
70 147 15
70 146 15
70 145 15
70 144 15
70 143 15
35 183 176
35 182 185
34 182 195
33 182 201
32 182 203
31 182 201
30 182 195
29 182 187
28 182 176
27 182 162
27 181 148
26 181 132
25 181 115
25 180 99
24 180 83
24 179 67
23 179 51
23 178 36
22 177 15
22 177 7
21 177 15
20 177 15
19 177 15
18 177 15
17 177 15
17 178 15
16 178 15
15 178 15
14 178 16
14 179 21
13 179 23
13 180 24
12 180 24
11 180 24
10 180 22
9 180 20
8 180 16
7 180 15
6 180 15
5 180 15
4 180 15
4 179 15
3 179 15
2 179 15
1 179 15
1 178 15
1 177 15
1 176 15
0 128 25
0 128 7
0 129 28
0 129 7
0 130 31
0 131 34
0 132 38
0 133 41
0 134 44
0 135 46
0 136 48
0 137 48
0 138 48
0 140 45
0 140 7
0 140 7
0 141 42
0 141 7
0 141 7
0 142 39
0 142 7
0 142 7
0 142 7
0 143 36
0 143 7
0 143 7
0 143 7
0 144 33
0 144 7
0 144 7
0 144 7
0 144 7
0 145 30
0 145 7
0 145 7
0 145 7
0 145 7
0 146 28
0 146 7
0 146 7
0 146 7
0 146 7
0 147 26
0 147 7
0 147 7
0 147 7
0 148 24
0 148 7
0 148 7
0 149 23
0 149 7
0 149 7
0 150 23
0 150 7
1 151 15
1 151 7
1 151 7
1 152 15
1 152 7
1 153 15
1 153 7
1 154 15
1 154 7
1 155 15
1 156 15
1 157 15
1 158 15
1 159 15
1 160 15
1 161 15
1 162 15
1 163 15
0 164 15
0 165 15
0 166 15
0 167 15
0 168 15
0 169 15
0 170 15
0 171 15
0 172 15
0 173 15
0 174 15
0 175 15
0 126 21
0 125 20
1 125 17
1 125 7
1 124 15
1 124 7
1 123 15
1 123 7
2 123 15
2 123 7
3 123 15
3 123 7
3 122 15
4 122 15
4 122 7
5 122 15
5 122 7
6 122 15
6 122 7
6 121 15
6 121 7
6 120 15
7 120 15
7 120 7
7 119 15
8 119 15
8 119 7
8 118 15
8 117 15
9 117 15
10 117 15
10 117 7
10 116 15
10 116 7
10 115 15
10 114 15
10 113 15
10 112 15
10 111 15
10 110 15
10 110 7
25 62 15
24 62 17
23 62 22
22 62 28
21 62 36
21 63 44
21 64 51
21 65 56
21 66 59
21 67 61
21 68 60
20 68 59
20 69 55
19 69 49
19 70 42
18 70 33
17 70 22
16 70 15
15 70 15
14 70 15
14 71 15
14 72 15
13 72 15
12 72 15
12 72 7
11 72 15
11 72 7
11 73 15
11 73 7
11 74 15
11 74 7
11 74 7
11 75 15
11 75 7
11 75 7
11 76 15
11 76 7
11 76 7
11 76 7
11 77 15
11 77 7
11 77 7
11 77 7
11 77 7
11 78 15
11 78 7
11 78 7
11 78 7
11 78 7
11 79 15
11 79 7
11 79 7
11 79 7
11 79 7
11 79 7
11 80 15
11 80 7
11 80 7
11 80 7
11 80 7
11 80 7
11 81 43
11 81 7
11 81 7
11 82 82
11 83 124
11 84 165
11 85 205
11 86 242
11 87 275
11 88 305
11 89 328
11 90 346
11 91 358
11 92 364
11 93 364
11 94 359
11 95 349
11 97 317
11 97 7
11 97 7
11 98 297
11 98 7
11 98 7
11 99 275
11 100 251
11 101 227
11 102 202
11 103 177
11 104 153
11 105 129
11 106 105
11 107 83
11 108 61
11 109 40
59 30 15
59 30 7
59 30 7
58 30 15
58 30 7
57 30 15
57 30 7
57 31 15
57 31 7
56 31 15
56 31 7
55 31 15
55 31 7
54 31 15
53 31 15
53 32 15
53 33 15
53 33 7
52 33 15
51 33 15
51 34 15
50 34 15
49 34 15
49 35 15
48 36 15
48 36 7
48 37 15
48 37 7
47 37 15
47 37 7
47 38 15
47 38 7
47 39 15
47 39 7
46 39 15
46 39 7
45 39 15
44 39 15
44 40 15
43 40 15
42 40 15
41 40 15
40 40 15
39 40 15
38 40 15
38 41 15
38 42 15
38 43 15
37 44 15
37 45 15
37 46 15
37 47 15
37 48 15
36 48 15
36 49 15
36 50 15
36 51 15
36 52 15
36 53 15
35 53 15
34 53 15
33 53 16
32 53 15
31 53 15
31 54 15
30 54 15
29 54 15
29 54 7
28 54 15
28 54 7
28 55 15
28 55 7
27 55 15
27 55 7
26 55 15
26 55 7
26 56 15
26 56 7
26 57 15
26 57 7
26 58 15
26 58 7
26 59 15
26 59 7
26 60 15
26 60 7
26 61 15
26 61 7
