61 199 18
61 199 8
7 178 18
7 178 8
7 178 8
7 178 8
7 178 8
7 178 8
7 178 8
7 178 8
7 178 8
7 178 8
7 178 8
7 178 8
7 178 8
7 178 8
193 24 18
160 46 18
1 57 18
138 56 18
138 56 8
138 56 8
138 56 8
138 56 8
138 56 8
138 56 8
138 56 8
138 56 8
138 56 8
138 56 8
138 56 8
138 56 8
138 56 8
138 56 8
138 56 8
138 56 8
138 56 8
138 56 8
138 56 8
138 56 8
138 56 8
138 56 8
139 140 18
49 77 18
82 116 18
112 168 18
65 135 18
65 135 8
65 135 8
65 135 8
40 155 18
40 155 8
25 0 18
25 0 8
25 0 8
25 0 8
25 0 8
25 0 8
25 0 8
25 0 8
25 0 8
25 0 8
25 0 8
25 0 8
25 0 8
25 0 8
25 0 8
25 0 8
25 0 8
25 0 8
25 0 8
149 51 18
78 129 18
67 122 18
67 122 8
49 148 18
182 32 18
171 39 18
126 147 18
125 161 18
125 161 8
125 161 8
125 161 8
125 161 8
125 161 8
125 161 8
125 161 8
52 191 18
61 184 18
48 89 18
61 83 18
60 95 18
60 95 8
60 95 8
60 95 8
60 95 8
60 95 8
60 95 8
60 95 8
60 95 8
60 95 8
60 95 8
60 95 8
60 95 8
60 95 8
60 95 8
60 95 8
60 95 8
60 95 8
60 95 8
60 95 8
60 95 8
60 95 8
60 95 8
60 95 8
60 95 8
60 95 8
60 95 8
60 95 8
60 95 8
60 95 8
60 95 8
60 95 8
60 95 8
60 95 8
60 95 8
60 95 8
60 95 8
60 95 8
60 95 8
60 95 8
60 95 8
60 95 8
60 95 8
60 95 8
60 95 8
60 95 8
60 95 8
60 95 8
60 95 8
60 95 8
60 95 8
60 95 8
20 171 18
20 171 8
20 171 8
20 171 8
20 171 8
20 171 8
20 171 8
20 171 8
20 171 8
20 171 8
20 171 8
20 171 8
20 171 8
20 171 8
20 171 8
20 171 8
20 171 8
20 171 8
20 171 8
20 171 8
20 171 8
20 171 8
20 171 8
20 171 8
20 171 8
20 171 8
20 171 8
20 171 8
20 171 8
20 171 8
20 171 8
20 171 8
20 171 8
20 171 8
20 171 8
20 171 8
20 171 8
20 171 8
20 171 8
20 171 8
20 171 8
20 171 8
20 171 8
20 171 8
20 171 8
20 171 8
20 171 8
20 171 8
20 171 8
20 171 8
20 171 8
20 171 8
20 171 8
20 171 8
20 171 8
20 171 8
20 171 8
20 171 8
20 171 8
20 171 8
20 171 8
20 171 8
20 171 8
20 171 8
20 171 8
20 171 8
20 171 8
20 171 8
20 171 8
20 171 8
20 171 8
20 171 8
20 171 8
20 171 8
20 171 8
20 171 8
20 171 8
20 171 8
20 171 8
20 171 8
20 171 8
20 171 8
13 51 18
13 51 8
13 51 8
13 51 8
13 51 8
13 51 8
13 51 8
13 51 8
13 51 8
13 51 8
13 51 8
13 51 8
13 51 8
13 51 8
13 51 8
13 51 8
13 51 8
13 51 8
1 43 18
1 43 8
1 43 8
1 43 8
52 177 18
51 162 18
51 162 8
4 192 18
4 192 8
4 192 8
4 192 8
4 192 8
4 192 8
4 192 8
4 192 8
4 192 8
4 192 8
4 192 8
4 192 8
4 192 8
4 192 8
4 192 8
4 192 8
4 192 8
62 70 18
62 70 8
19 185 18
17 199 18
17 199 8
17 199 8
17 199 8
17 199 8
17 199 8
17 199 8
17 199 8
17 199 8
17 199 8
17 199 8
17 199 8
17 199 8
13 36 18
13 36 8
13 36 8
13 36 8
13 36 8
13 36 8
13 36 8
13 36 8
13 36 8
13 36 8
13 36 8
13 36 8
13 36 8
13 36 8
13 36 8
13 36 8
13 36 8
13 36 8
13 36 8
13 36 8
13 36 8
13 36 8
13 36 8
13 36 8
13 36 8
13 36 8
13 36 8
13 36 8
13 36 8
13 36 8
13 36 8
13 36 8
13 36 8
13 36 8
13 36 8
13 36 8
13 36 8
13 36 8
13 36 8
13 36 8
13 36 8
13 36 8
13 36 8
13 36 8
13 36 8
13 36 8
13 36 8
13 36 8
13 36 8
13 36 8
13 36 8
13 36 8
13 36 8
13 36 8
13 36 8
13 36 8
13 36 8
13 36 8
13 36 8
13 36 8
13 36 8
13 36 8
13 36 8
13 36 8
13 36 8
13 36 8
13 36 8
13 36 8
13 36 8
13 36 8
13 36 8
13 36 8
13 36 8
13 36 8
13 36 8
13 36 8
13 36 8
13 36 8
13 36 8
13 36 8
13 36 8
13 36 8
13 36 8
13 36 8
13 36 8
13 36 8
13 36 8
13 36 8
13 36 8
13 36 8
13 36 8
13 36 8
13 66 18
13 66 8
13 66 8
13 66 8
13 66 8
13 66 8
13 66 8
13 66 8
13 66 8
13 66 8
13 66 8
13 66 8
13 66 8
13 66 8
13 66 8
36 83 18
36 83 8
36 83 8
25 75 18
25 75 8
25 75 8
25 75 8
25 75 8
25 75 8
25 75 8
25 75 8
25 75 8
25 75 8
25 75 8
25 75 8
25 75 8
25 75 8
25 75 8
25 75 8
25 75 8
25 75 8
25 75 8
25 75 8
25 75 8
25 75 8
25 75 8
25 75 8
25 75 8
25 75 8
25 75 8
25 75 8
25 75 8
25 75 8
25 75 8
25 75 8
25 75 8
25 75 8
25 75 8
25 75 8
25 75 8
25 75 8
25 75 8
25 75 8
25 75 8
25 75 8
25 75 8
25 75 8
25 75 8
25 75 8
25 75 8
25 75 8
25 75 8
25 75 8
25 75 8
25 75 8
25 75 8
36 95 18
36 95 8
36 95 8
36 95 8
36 95 8
36 95 8
36 95 8
36 95 8
36 95 8
36 95 8
36 95 8
36 95 8
36 95 8
36 95 8
36 95 8
36 95 8
36 95 8
36 95 8
36 95 8
36 95 8
36 95 8
36 95 8
36 95 8
36 95 8
30 191 18
30 191 8
30 191 8
30 191 8
30 191 8
30 191 8
30 191 8
30 191 8
30 191 8
30 191 8
42 184 18
42 184 8
42 184 8
1 72 18
13 80 18
13 80 8
13 80 8
13 80 8
13 80 8
13 80 8
13 80 8
13 80 8
13 80 8
13 80 8
13 80 8
13 80 8
13 80 8
13 80 8
13 80 8
13 80 8
13 80 8
13 80 8
13 80 8
13 80 8
13 80 8
13 80 8
13 80 8
13 80 8
13 80 8
13 80 8
13 80 8
13 80 8
13 80 8
13 80 8
13 80 8
13 80 8
13 80 8
13 80 8
13 80 8
13 80 8
13 80 8
13 80 8
13 80 8
13 80 8
13 80 8
13 80 8
13 80 8
13 80 8
13 80 8
13 80 8
13 80 8
13 80 8
13 80 8
13 80 8
13 80 8
13 80 8
13 80 8
13 80 8
13 80 8
13 80 8
13 80 8
13 80 8
13 80 8
13 80 8
13 80 8
13 80 8
13 80 8
13 80 8
13 80 8
13 80 8
13 80 8
13 80 8
182 18 18
170 25 18
159 32 18
74 75 18
74 75 8
74 75 8
74 75 8
74 75 8
74 75 8
74 75 8
74 75 8
74 75 8
74 75 8
74 75 8
74 75 8
74 75 8
74 75 8
74 75 8
74 75 8
74 75 8
74 75 8
74 75 8
74 75 8
74 75 8
74 75 8
74 75 8
74 75 8
74 75 8
74 75 8
74 75 8
74 75 8
74 75 8
74 75 8
74 75 8
74 75 8
74 75 8
74 75 8
74 75 8
74 75 8
74 75 8
74 75 8
25 60 18
25 60 8
25 60 8
25 60 8
25 60 8
25 60 8
25 60 8
25 60 8
25 60 8
25 60 8
25 60 8
25 60 8
25 60 8
25 60 8
25 60 8
25 60 8
25 60 8
25 60 8
25 60 8
25 60 8
25 60 8
25 60 8
25 60 8
25 60 8
25 60 8
25 60 8
25 60 8
25 60 8
25 60 8
25 60 8
25 60 8
25 60 8
25 60 8
25 60 8
25 60 8
25 60 8
25 60 8
25 60 8
25 60 8
25 60 8
25 60 8
25 60 8
25 60 8
25 60 8
25 60 8
25 60 8
25 60 8
25 60 8
25 60 8
25 60 8
25 60 8
25 60 8
25 60 8
25 60 8
25 60 8
25 60 8
25 60 8
25 60 8
25 60 8
25 60 8
25 60 8
25 60 8
25 60 8
25 60 8
25 60 8
25 60 8
25 60 8
25 60 8
25 60 8
25 60 8
25 60 8
25 60 8
25 60 8
25 60 8
25 60 8
25 60 8
25 60 8
25 60 8
25 60 8
25 60 8
25 60 8
25 60 8
25 60 8
25 60 8
25 60 8
25 60 8
25 60 8
25 60 8
25 60 8
25 60 8
148 39 18
148 39 8
148 39 8
148 39 8
148 39 8
148 39 8
148 39 8
148 39 8
148 39 8
148 39 8
148 39 8
148 39 8
148 39 8
1 86 18
1 86 8
1 86 8
1 86 8
1 86 8
1 86 8
1 86 8
1 86 8
1 86 8
1 86 8
1 86 8
1 86 8
1 86 8
1 86 8
1 86 8
1 86 8
1 86 8
1 86 8
1 86 8
1 86 8
1 86 8
1 86 8
1 86 8
1 86 8
1 86 8
1 86 8
1 86 8
1 86 8
1 86 8
1 86 8
1 86 8
1 86 8
1 86 8
1 86 8
1 86 8
1 86 8
1 86 8
1 86 8
1 86 8
1 86 8
1 86 8
1 86 8
1 86 8
1 86 8
1 86 8
1 86 8
1 86 8
1 86 8
1 86 8
1 86 8
1 86 8
1 86 8
1 86 8
1 86 8
1 86 8
1 86 8
1 86 8
1 86 8
1 86 8
1 86 8
1 86 8
1 86 8
1 86 8
1 86 8
1 86 8
1 86 8
1 86 8
1 86 8
1 86 8
1 86 8
1 86 8
1 86 8
1 86 8
1 86 8
1 86 8
1 86 8
1 86 8
1 86 8
1 86 8
1 86 8
1 86 8
1 86 8
1 86 8
1 86 8
1 86 8
1 86 8
1 86 8
1 86 8
1 86 8
1 86 8
1 86 8
1 86 8
1 86 8
1 86 8
1 86 8
1 86 8
1 86 8
1 86 8
1 86 8
1 86 8
1 86 8
1 86 8
1 86 8
1 86 8
1 86 8
1 86 8
1 86 8
1 86 8
1 86 8
1 86 8
1 86 8
1 86 8
1 86 8
1 86 8
1 86 8
1 28 18
1 28 8
1 28 8
1 28 8
1 28 8
1 28 8
1 28 8
1 28 8
1 28 8
1 28 8
1 28 8
1 28 8
1 28 8
1 28 8
1 28 8
1 28 8
1 28 8
1 28 8
1 28 8
1 28 8
1 28 8
1 28 8
1 28 8
1 28 8
1 28 8
1 28 8
1 28 8
1 28 8
1 28 8
1 28 8
1 28 8
1 28 8
1 28 8
1 28 8
1 28 8
1 28 8
1 28 8
1 28 8
1 28 8
1 28 8
1 28 8
1 28 8
1 28 8
1 28 8
1 28 8
1 28 8
47 101 18
47 101 8
47 101 8
47 101 8
47 101 8
47 101 8
47 101 8
47 101 8
47 101 8
47 101 8
47 101 8
47 101 8
47 101 8
47 101 8
47 101 8
47 101 8
47 101 8
47 101 8
47 101 8
47 101 8
47 101 8
47 101 8
47 101 8
47 101 8
47 101 8
47 101 8
47 101 8
47 101 8
47 101 8
47 101 8
47 101 8
47 101 8
47 101 8
47 101 8
47 101 8
47 101 8
47 101 8
47 101 8
47 101 8
47 101 8
47 101 8
47 101 8
47 101 8
47 101 8
47 101 8
47 101 8
47 101 8
47 101 8
47 101 8
47 101 8
47 101 8
47 101 8
47 101 8
47 101 8
47 101 8
47 101 8
47 101 8
47 101 8
47 101 8
47 101 8
47 101 8
47 101 8
47 101 8
47 101 8
47 101 8
47 101 8
47 101 8
47 101 8
47 101 8
47 101 8
47 101 8
47 101 8
47 101 8
47 101 8
47 101 8
47 101 8
47 101 8
47 101 8
47 101 8
73 62 18
73 62 8
73 62 8
73 62 8
73 62 8
73 62 8
73 62 8
73 62 8
73 62 8
73 62 8
73 62 8
73 62 8
73 62 8
73 62 8
73 62 8
73 62 8
73 62 8
73 62 8
73 62 8
73 62 8
73 62 8
73 62 8
73 62 8
73 62 8
73 62 8
73 62 8
73 62 8
73 62 8
73 62 8
73 62 8
73 62 8
73 62 8
73 62 8
73 62 8
73 62 8
73 62 8
73 62 8
73 62 8
73 62 8
73 62 8
1 14 18
13 7 18
13 7 8
13 7 8
13 7 8
13 7 8
13 7 8
13 7 8
13 7 8
13 7 8
13 7 8
13 7 8
13 7 8
13 7 8
13 7 8
13 7 8
13 7 8
13 7 8
13 7 8
13 7 8
13 7 8
13 7 8
13 7 8
13 7 8
13 7 8
13 7 8
1 0 18
1 0 8
1 0 8
1 0 8
1 0 8
1 0 8
1 0 8
1 0 8
1 0 8
1 0 8
1 0 8
1 0 8
1 0 8
1 0 8
1 0 8
1 0 8
1 0 8
1 0 8
1 0 8
1 0 8
1 0 8
1 0 8
1 0 8
1 0 8
1 0 8
1 0 8
1 0 8
1 0 8
1 0 8
1 0 8
1 0 8
1 0 8
1 0 8
1 0 8
1 0 8
1 0 8
1 0 8
1 0 8
1 0 8
1 0 8
1 0 8
1 0 8
1 0 8
1 0 8
1 0 8
1 0 8
1 0 8
1 0 8
1 0 8
1 0 8
1 0 8
1 0 8
1 0 8
1 0 8
1 0 8
1 0 8
1 0 8
13 0 18
13 0 8
13 0 8
13 0 8
13 0 8
13 0 8
13 0 8
13 0 8
13 0 8
13 0 8
13 0 8
13 0 8
13 0 8
13 0 8
13 0 8
13 0 8
13 0 8
13 0 8
13 0 8
13 0 8
13 0 8
13 0 8
13 0 8
13 0 8
13 0 8
13 0 8
13 0 8
13 0 8
13 0 8
13 0 8
13 0 8
13 0 8
13 0 8
13 0 8
13 0 8
13 0 8
13 0 8
13 0 8
13 0 8
13 0 8
13 0 8
13 0 8
13 0 8
13 0 8
13 0 8
13 0 8
13 0 8
13 0 8
13 0 8
13 0 8
13 0 8
13 0 8
13 0 8
13 7 8
13 7 8
13 7 8
13 7 8
13 7 8
13 7 8
13 7 8
13 7 8
13 7 8
13 7 8
13 7 8
13 7 8
13 7 8
13 7 8
13 7 8
13 7 8
13 7 8
13 7 8
13 7 8
13 7 8
13 7 8
13 7 8
13 7 8
13 7 8
13 7 8
13 7 8
13 7 8
13 7 8
13 7 8
13 7 8
13 7 8
13 7 8
13 7 8
13 7 8
13 7 8
13 7 8
13 7 8
13 7 8
13 7 8
13 7 8
13 7 8
13 7 8
13 7 8
13 7 8
13 7 8
13 7 8
13 7 8
13 7 8
74 87 18
74 87 8
74 87 8
74 87 8
74 87 8
72 99 18
72 99 8
72 99 8
72 99 8
72 99 8
72 99 8
72 99 8
72 99 8
72 99 8
72 99 8
72 99 8
72 99 8
72 99 8
72 99 8
72 99 8
72 99 8
72 99 8
72 99 8
72 99 8
72 99 8
72 99 8
72 99 8
72 99 8
72 99 8
72 99 8
72 99 8
72 99 8
72 99 8
72 99 8
72 99 8
83 104 18
83 104 8
83 104 8
83 104 8
83 104 8
83 104 8
83 104 8
83 104 8
137 44 18
137 44 8
137 44 8
137 44 8
137 44 8
137 44 8
137 44 8
137 44 8
137 44 8
137 44 8
137 44 8
137 44 8
137 44 8
137 44 8
137 44 8
137 44 8
137 44 8
137 44 8
137 44 8
137 44 8
137 44 8
137 44 8
193 10 18
193 10 8
194 0 18
194 0 8
194 0 8
194 0 8
194 0 8
194 0 8
194 0 8
194 0 8
194 0 8
194 0 8
194 0 8
194 0 8
194 0 8
194 0 8
194 0 8
194 0 8
194 0 8
194 0 8
194 0 8
194 0 8
194 0 8
194 0 8
194 0 8
194 0 8
194 0 8
194 0 8
194 0 8
194 0 8
194 0 8
194 0 8
194 0 8
194 0 8
194 0 8
194 0 8
194 0 8
194 0 8
194 0 8
194 0 8
194 0 8
194 0 8
194 0 8
194 0 8
194 0 8
194 0 8
194 0 8
194 0 8
194 0 8
194 0 8
194 0 8
194 0 8
194 0 8
194 0 8
194 0 8
194 0 8
194 0 8
194 0 8
194 0 8
194 0 8
194 0 8
194 0 8
194 0 8
194 0 8
194 0 8
194 0 8
194 0 8
194 0 8
194 0 8
194 0 8
194 0 8
194 0 8
194 0 8
194 0 8
194 0 8
194 0 8
194 0 8
194 0 8
194 0 8
127 49 18
127 49 8
127 49 8
127 49 8
127 49 8
127 49 8
127 49 8
127 49 8
127 49 8
127 49 8
127 49 8
127 49 8
127 49 8
127 49 8
127 49 8
127 49 8
127 49 8
127 49 8
127 49 8
127 49 8
127 49 8
127 49 8
127 49 8
127 49 8
127 49 8
127 49 8
127 49 8
127 49 8
127 49 8
127 49 8
127 49 8
127 49 8
127 49 8
127 49 8
127 49 8
127 49 8
127 49 8
127 49 8
127 49 8
127 49 8
127 49 8
127 49 8
127 49 8
127 49 8
127 49 8
127 49 8
127 49 8
127 49 8
127 49 8
127 49 8
127 49 8
127 49 8
127 49 8
127 49 8
127 49 8
127 49 8
127 49 8
127 49 8
127 49 8
127 49 8
127 49 8
127 49 8
127 49 8
127 49 8
127 49 8
127 49 8
127 49 8
127 49 8
127 49 8
127 49 8
127 49 8
127 49 8
127 49 8
127 49 8
127 49 8
127 49 8
127 49 8
127 49 8
127 49 8
127 49 8
127 49 8
159 19 18
148 25 18
148 25 8
148 25 8
148 12 18
148 12 8
148 12 8
148 12 8
137 19 18
137 19 8
137 19 8
137 19 8
137 19 8
137 19 8
137 19 8
137 19 8
137 31 18
137 31 8
137 31 8
137 31 8
137 31 8
137 31 8
137 31 8
137 31 8
137 31 8
137 31 8
137 31 8
137 31 8
137 31 8
137 31 8
137 31 8
137 31 8
137 31 8
137 31 8
137 31 8
137 31 8
137 31 8
137 31 8
137 31 8
137 31 8
137 31 8
137 31 8
137 31 8
137 31 8
137 31 8
137 31 8
137 31 8
137 31 8
137 31 8
137 31 8
137 31 8
137 31 8
137 31 8
137 31 8
137 31 8
137 31 8
137 31 8
137 31 8
138 6 18
138 6 8
138 6 8
138 6 8
138 6 8
138 6 8
138 6 8
138 6 8
138 6 8
138 6 8
138 6 8
138 6 8
138 6 8
138 6 8
138 6 8
138 6 8
138 6 8
138 6 8
138 6 8
138 6 8
138 6 8
138 6 8
138 6 8
138 6 8
138 6 8
138 6 8
138 6 8
138 6 8
138 6 8
138 6 8
138 6 8
138 6 8
138 6 8
138 6 8
138 6 8
138 6 8
138 6 8
138 6 8
138 6 8
138 6 8
138 6 8
138 6 8
138 6 8
138 6 8
138 6 8
138 6 8
138 6 8
138 6 8
138 6 8
138 6 8
138 6 8
138 6 8
138 6 8
138 6 8
138 6 8
138 6 8
170 12 18
170 12 8
170 12 8
170 12 8
170 12 8
170 12 8
170 12 8
170 12 8
170 12 8
170 12 8
170 12 8
170 12 8
170 12 8
170 12 8
170 12 8
170 12 8
170 12 8
170 12 8
170 12 8
170 12 8
170 12 8
170 12 8
170 12 8
170 12 8
170 12 8
170 12 8
170 12 8
170 12 8
170 12 8
170 12 8
170 12 8
170 12 8
170 12 8
170 12 8
170 12 8
170 12 8
172 53 18
172 53 8
172 53 8
172 53 8
172 53 8
172 53 8
172 53 8
172 53 8
172 53 8
172 53 8
172 53 8
172 53 8
172 53 8
172 53 8
172 53 8
172 53 8
172 53 8
172 53 8
172 53 8
172 53 8
172 53 8
172 53 8
172 53 8
172 53 8
172 53 8
172 53 8
172 53 8
172 53 8
172 53 8
172 53 8
183 46 18
183 46 8
183 46 8
183 46 8
183 46 8
183 46 8
183 46 8
183 46 8
183 46 8
183 46 8
183 46 8
183 46 8
183 46 8
183 46 8
183 46 8
183 46 8
183 46 8
183 46 8
183 46 8
183 46 8
183 46 8
183 46 8
183 46 8
183 46 8
183 46 8
183 46 8
183 46 8
183 46 8
183 46 8
183 46 8
183 46 8
183 46 8
183 46 8
183 46 8
183 46 8
183 46 8
183 46 8
183 46 8
183 46 8
183 46 8
183 46 8
183 46 8
161 59 18
161 59 8
161 59 8
161 59 8
161 59 8
161 59 8
161 59 8
161 59 8
161 59 8
161 59 8
161 59 8
161 59 8
161 59 8
161 59 8
161 59 8
161 59 8
161 59 8
161 59 8
161 59 8
161 59 8
161 59 8
161 59 8
161 59 8
161 59 8
161 59 8
161 59 8
161 59 8
161 59 8
161 59 8
161 59 8
161 59 8
161 59 8
161 59 8
161 59 8
161 59 8
161 59 8
161 59 8
161 59 8
161 59 8
161 59 8
161 59 8
161 59 8
161 59 8
161 59 8
161 59 8
194 38 18
194 38 8
194 38 8
194 38 8
194 38 8
194 38 8
194 38 8
194 38 8
194 38 8
194 38 8
194 38 8
194 38 8
194 38 8
194 38 8
194 38 8
194 38 8
194 38 8
194 38 8
194 38 8
194 38 8
194 38 8
194 38 8
194 38 8
194 38 8
194 38 8
182 4 18
182 4 8
182 4 8
182 4 8
182 4 8
182 4 8
182 4 8
182 4 8
182 4 8
182 4 8
182 4 8
182 4 8
182 4 8
182 4 8
171 0 18
171 0 8
171 0 8
171 0 8
171 0 8
171 0 8
171 0 8
171 0 8
171 0 8
171 0 8
171 0 8
171 0 8
171 0 8
171 0 8
171 0 8
171 0 8
171 0 8
171 0 8
171 0 8
171 0 8
171 0 8
171 0 8
171 0 8
171 0 8
171 0 8
171 0 8
171 0 8
171 0 8
171 0 8
171 0 8
171 0 8
171 0 8
171 0 8
171 0 8
171 0 8
171 0 8
171 0 8
171 0 8
171 0 8
171 0 8
171 0 8
171 0 8
171 0 8
171 0 8
171 0 8
171 0 8
171 0 8
171 0 8
171 0 8
171 0 8
171 0 8
171 0 8
171 0 8
171 0 8
171 0 8
171 0 8
171 0 8
171 0 8
171 0 8
171 0 8
171 0 8
171 0 8
171 0 8
171 0 8
171 0 8
171 0 8
171 0 8
171 0 8
171 0 8
171 0 8
171 0 8
171 0 8
171 0 8
171 0 8
171 0 8
171 0 8
171 0 8
171 0 8
171 0 8
171 0 8
171 0 8
171 0 8
171 0 8
171 0 8
171 0 8
171 0 8
137 31 8
137 31 8
137 31 8
137 31 8
137 31 8
137 31 8
137 31 8
137 31 8
137 31 8
137 31 8
137 31 8
137 31 8
137 31 8
137 31 8
137 31 8
137 31 8
137 31 8
137 31 8
137 31 8
137 31 8
137 31 8
137 31 8
137 31 8
137 31 8
137 31 8
137 31 8
137 31 8
137 31 8
137 31 8
137 31 8
137 31 8
137 31 8
137 31 8
137 31 8
137 31 8
137 31 8
137 31 8
137 31 8
137 31 8
137 31 8
137 31 8
137 31 8
137 31 8
137 31 8
137 31 8
137 31 8
137 31 8
137 31 8
137 31 8
137 31 8
137 31 8
137 31 8
137 31 8
137 31 8
137 31 8
137 31 8
137 31 8
137 31 8
137 31 8
137 31 8
137 31 8
137 31 8
137 31 8
137 31 8
137 31 8
126 12 18
126 12 8
115 5 18
115 5 8
115 5 8
115 5 8
115 5 8
115 5 8
115 5 8
115 5 8
115 5 8
115 18 18
115 18 8
115 18 8
104 11 18
104 11 8
104 11 8
104 11 8
104 11 8
104 11 8
104 11 8
104 11 8
104 11 8
104 11 8
104 11 8
104 11 8
104 11 8
104 0 18
104 0 8
104 0 8
104 0 8
104 0 8
104 0 8
104 0 8
104 0 8
104 0 8
104 0 8
104 0 8
104 0 8
104 0 8
104 0 8
104 0 8
104 0 8
104 0 8
104 0 8
104 0 8
104 0 8
104 0 8
104 0 8
104 0 8
104 0 8
104 0 8
104 0 8
104 0 8
104 0 8
104 0 8
104 0 8
104 0 8
104 0 8
104 0 8
104 0 8
104 0 8
104 0 8
104 0 8
104 0 8
104 0 8
104 0 8
104 0 8
104 0 8
104 0 8
104 0 8
104 0 8
104 0 8
104 0 8
104 0 8
104 0 8
104 0 8
104 0 8
104 0 8
104 0 8
104 0 8
104 0 8
104 0 8
104 0 8
104 0 8
104 0 8
104 0 8
104 0 8
104 0 8
104 0 8
104 0 8
104 0 8
104 0 8
104 0 8
104 0 8
104 0 8
104 0 8
104 0 8
104 0 8
104 0 8
104 0 8
104 0 8
104 0 8
104 0 8
104 0 8
104 0 8
104 24 18
104 24 8
104 24 8
104 24 8
104 24 8
104 24 8
104 24 8
104 24 8
104 24 8
104 24 8
104 24 8
104 24 8
104 24 8
104 24 8
104 24 8
104 24 8
104 24 8
104 24 8
104 24 8
104 24 8
104 24 8
104 24 8
104 24 8
104 24 8
93 18 18
93 18 8
93 18 8
93 18 8
93 18 8
93 18 8
93 18 8
93 18 8
93 18 8
93 18 8
93 18 8
93 18 8
93 18 8
93 18 8
93 18 8
93 18 8
93 18 8
93 18 8
93 18 8
93 18 8
93 18 8
93 18 8
93 18 8
93 18 8
93 18 8
93 18 8
93 18 8
93 18 8
93 18 8
93 18 8
93 18 8
93 18 8
93 18 8
93 18 8
93 18 8
93 18 8
93 18 8
93 18 8
93 18 8
93 18 8
93 18 8
93 18 8
93 18 8
93 18 8
93 18 8
93 18 8
93 18 8
93 18 8
93 18 8
93 18 8
93 18 8
93 18 8
93 18 8
93 18 8
93 18 8
93 18 8
93 18 8
93 18 8
93 18 8
93 18 8
93 18 8
93 18 8
93 18 8
93 18 8
93 18 8
93 18 8
93 18 8
93 18 8
93 18 8
93 18 8
93 18 8
93 18 8
93 18 8
93 18 8
93 18 8
93 18 8
93 18 8
93 18 8
93 18 8
93 18 8
93 18 8
93 18 8
93 18 8
93 18 8
93 18 8
93 18 8
93 18 8
93 18 8
93 18 8
173 66 18
173 66 8
173 66 8
173 66 8
173 66 8
173 66 8
173 66 8
173 66 8
173 66 8
173 66 8
184 60 18
184 60 8
184 60 8
184 60 8
184 60 8
185 73 18
196 66 18
196 66 8
196 66 8
195 52 18
195 52 8
195 52 8
195 52 8
195 52 8
195 52 8
195 52 8
195 52 8
195 52 8
195 52 8
195 52 8
195 52 8
195 52 8
195 52 8
195 52 8
174 80 18
174 80 8
174 80 8
174 80 8
174 80 8
174 80 8
174 80 8
174 80 8
174 80 8
174 80 8
174 80 8
174 80 8
174 80 8
174 80 8
174 80 8
174 80 8
174 80 8
174 80 8
174 80 8
174 80 8
174 80 8
174 80 8
174 80 8
174 80 8
174 80 8
174 80 8
174 80 8
174 80 8
174 80 8
174 80 8
174 80 8
174 80 8
174 80 8
174 80 8
174 80 8
174 80 8
174 80 8
174 80 8
174 80 8
174 80 8
174 80 8
174 80 8
174 80 8
174 80 8
174 80 8
174 80 8
174 80 8
174 80 8
174 80 8
174 80 8
174 80 8
174 80 8
174 80 8
174 80 8
174 80 8
174 80 8
174 80 8
174 80 8
174 80 8
174 80 8
174 80 8
174 80 8
174 80 8
174 80 8
174 80 8
174 80 8
174 80 8
174 80 8
174 80 8
174 80 8
174 80 8
174 80 8
174 80 8
174 80 8
174 80 8
174 80 8
174 80 8
174 80 8
174 80 8
174 80 8
42 170 18
42 170 8
42 170 8
42 170 8
42 170 8
42 170 8
42 170 8
42 170 8
42 170 8
42 170 8
42 170 8
42 170 8
42 170 8
42 170 8
42 170 8
42 170 8
42 170 8
42 170 8
197 80 18
197 80 8
197 80 8
197 80 8
197 80 8
197 80 8
197 80 8
197 80 8
197 80 8
197 80 8
197 80 8
197 80 8
197 80 8
197 80 8
197 80 8
197 80 8
197 80 8
197 80 8
197 80 8
197 80 8
197 80 8
197 80 8
197 80 8
197 80 8
197 80 8
197 80 8
197 80 8
197 80 8
197 80 8
197 80 8
197 80 8
197 80 8
197 80 8
197 80 8
197 80 8
197 80 8
197 80 8
197 80 8
197 80 8
197 80 8
197 80 8
197 80 8
197 80 8
197 80 8
197 80 8
197 80 8
197 80 8
197 80 8
197 80 8
197 80 8
197 80 8
197 80 8
197 80 8
113 154 18
127 0 18
127 0 8
127 0 8
127 0 8
127 0 8
127 0 8
127 0 8
127 0 8
127 0 8
127 0 8
127 0 8
127 0 8
127 0 8
127 0 8
127 0 8
127 0 8
127 0 8
127 0 8
127 0 8
127 0 8
127 0 8
127 0 8
127 0 8
127 0 8
127 0 8
127 0 8
127 0 8
127 0 8
127 0 8
127 0 8
127 0 8
127 0 8
127 0 8
127 0 8
127 0 8
127 0 8
127 0 8
127 0 8
127 0 8
127 0 8
127 0 8
127 0 8
127 0 8
127 0 8
127 0 8
127 0 8
127 0 8
127 0 8
127 0 8
127 0 8
127 0 8
127 0 8
127 0 8
127 0 8
127 0 8
127 0 8
127 0 8
127 0 8
127 0 8
127 0 8
127 0 8
127 0 8
127 0 8
127 0 8
127 0 8
127 0 8
127 0 8
127 0 8
127 0 8
127 0 8
127 0 8
127 0 8
127 0 8
127 0 8
127 0 8
127 0 8
127 0 8
127 0 8
127 0 8
127 0 8
127 0 8
127 0 8
127 0 8
127 0 8
127 0 8
127 0 8
127 0 8
127 0 8
127 0 8
127 0 8
127 0 8
127 0 8
127 0 8
127 0 8
127 0 8
162 72 18
162 72 8
162 72 8
162 72 8
162 72 8
162 72 8
162 72 8
162 72 8
162 72 8
162 72 8
162 72 8
162 72 8
162 72 8
162 72 8
162 72 8
162 72 8
162 72 8
162 72 8
162 72 8
162 72 8
162 72 8
162 72 8
162 72 8
162 72 8
162 72 8
162 72 8
162 72 8
162 72 8
162 72 8
162 72 8
162 72 8
162 72 8
162 72 8
162 72 8
162 72 8
162 72 8
162 72 8
162 72 8
162 72 8
162 72 8
162 72 8
162 72 8
162 72 8
162 72 8
162 72 8
162 72 8
162 72 8
162 72 8
162 72 8
162 72 8
162 72 8
162 72 8
162 72 8
162 72 8
162 72 8
162 72 8
162 72 8
162 72 8
162 72 8
162 72 8
162 72 8
162 72 8
162 72 8
162 72 8
162 72 8
162 72 8
162 72 8
162 72 8
162 72 8
162 72 8
162 72 8
162 72 8
162 72 8
162 72 8
162 72 8
162 72 8
162 72 8
162 72 8
162 72 8
162 72 8
162 72 8
162 72 8
162 72 8
162 72 8
162 72 8
162 72 8
162 72 8
162 72 8
162 72 8
162 72 8
162 72 8
162 72 8
162 72 8
162 72 8
162 72 8
162 72 8
162 72 8
162 72 8
162 72 8
162 72 8
162 72 8
162 72 8
162 72 8
162 72 8
186 87 18
186 87 8
186 87 8
186 87 8
186 87 8
186 87 8
186 87 8
186 87 8
186 87 8
186 87 8
186 87 8
186 87 8
186 87 8
186 87 8
186 87 8
186 87 8
186 87 8
186 87 8
186 87 8
186 87 8
186 87 8
186 87 8
186 87 8
186 87 8
186 87 8
186 87 8
186 87 8
186 87 8
186 87 8
186 87 8
186 87 8
186 87 8
186 87 8
186 87 8
186 87 8
186 87 8
186 87 8
186 87 8
186 87 8
186 87 8
186 87 8
186 87 8
186 87 8
186 87 8
186 87 8
186 87 8
186 87 8
186 87 8
186 87 8
186 87 8
186 87 8
186 87 8
186 87 8
186 87 8
186 87 8
186 87 8
186 87 8
186 87 8
186 87 8
186 87 8
186 87 8
186 87 8
186 87 8
71 192 18
71 192 8
71 192 8
71 192 8
71 192 8
71 192 8
71 192 8
71 192 8
71 192 8
71 192 8
71 192 8
71 192 8
71 192 8
71 192 8
71 192 8
71 192 8
71 192 8
71 192 8
71 192 8
71 192 8
71 192 8
71 192 8
71 192 8
71 192 8
71 192 8
71 192 8
71 192 8
71 192 8
71 192 8
71 192 8
71 192 8
71 192 8
71 192 8
71 192 8
71 192 8
71 192 8
71 192 8
71 192 8
71 192 8
71 192 8
71 192 8
71 192 8
71 192 8
71 192 8
71 192 8
71 192 8
71 192 8
71 192 8
71 192 8
58 155 18
58 155 8
58 155 8
58 155 8
58 155 8
58 155 8
58 155 8
58 155 8
58 155 8
58 155 8
58 155 8
58 155 8
58 155 8
58 155 8
58 155 8
58 155 8
58 155 8
58 155 8
58 155 8
58 155 8
58 155 8
58 155 8
58 155 8
58 155 8
58 155 8
58 155 8
58 155 8
86 92 18
86 92 8
86 92 8
86 92 8
86 92 8
86 92 8
86 92 8
86 92 8
86 92 8
86 92 8
86 92 8
86 92 8
86 92 8
86 92 8
86 92 8
86 92 8
86 92 8
86 92 8
94 31 18
94 31 8
94 31 8
94 31 8
94 31 8
94 31 8
94 31 8
94 31 8
94 31 8
94 31 8
94 31 8
94 31 8
94 31 8
94 31 8
94 31 8
94 31 8
94 31 8
94 31 8
94 31 8
94 31 8
94 31 8
94 31 8
94 31 8
94 31 8
94 31 8
94 31 8
94 31 8
94 31 8
94 31 8
94 31 8
94 31 8
94 31 8
94 31 8
94 31 8
94 31 8
94 31 8
94 31 8
94 31 8
94 31 8
94 31 8
94 31 8
94 31 8
94 31 8
94 31 8
94 31 8
94 31 8
94 31 8
94 31 8
94 31 8
94 31 8
94 31 8
94 31 8
94 31 8
94 31 8
94 31 8
94 31 8
94 31 8
94 31 8
94 31 8
94 31 8
94 31 8
94 31 8
94 31 8
94 31 8
94 31 8
94 31 8
94 31 8
94 31 8
94 31 8
94 31 8
105 37 18
105 37 8
105 37 8
105 37 8
105 37 8
105 37 8
105 37 8
105 37 8
105 37 8
105 37 8
105 37 8
105 37 8
105 37 8
105 37 8
105 37 8
105 37 8
105 37 8
105 37 8
95 44 18
95 44 8
95 44 8
95 44 8
95 44 8
95 44 8
84 53 18
84 53 8
84 53 8
84 53 8
84 53 8
84 53 8
84 53 8
84 53 8
84 53 8
84 53 8
84 53 8
84 53 8
84 53 8
84 53 8
84 53 8
84 53 8
84 53 8
84 53 8
84 53 8
84 53 8
84 53 8
84 53 8
84 53 8
84 53 8
84 53 8
84 53 8
84 53 8
84 53 8
65 134 19
65 134 7
65 134 7
65 134 7
66 134 15
66 134 7
66 134 7
66 134 7
66 133 15
66 133 7
66 133 7
66 132 15
66 132 7
66 132 7
67 132 15
67 132 7
67 131 15
67 131 7
68 131 15
68 131 7
68 130 15
68 129 15
69 129 15
70 129 15
71 129 15
72 129 15
73 129 15
74 129 15
75 129 15
76 129 15
77 129 15
78 128 15
78 127 15
79 127 15
79 126 15
79 125 15
79 124 15
80 124 15
80 123 15
81 123 15
81 122 15
81 121 15
81 120 15
81 119 15
81 118 15
81 117 15
81 116 15
62 71 15
62 71 7
62 72 15
62 72 7
62 73 15
62 73 7
62 74 15
62 74 7
62 75 15
63 75 15
63 75 7
64 75 15
64 75 7
64 76 15
64 76 7
64 77 15
64 78 15
64 79 15
64 80 15
64 81 15
64 82 18
65 82 27
66 82 35
66 83 43
67 83 49
68 83 56
68 84 59
69 84 62
69 85 64
70 85 64
71 85 64
71 86 61
72 86 58
72 87 55
73 87 50
74 88 39
74 88 7
74 88 7
75 88 34
75 88 7
75 88 7
75 88 7
75 88 7
75 89 27
75 89 7
75 89 7
75 89 7
75 89 7
75 89 7
75 89 7
76 89 22
76 89 7
76 89 7
76 89 7
76 89 7
76 89 7
76 89 7
76 89 7
76 89 7
76 90 15
76 90 7
76 90 7
76 90 7
76 90 7
76 90 7
76 90 7
76 90 7
76 90 7
76 90 7
76 90 7
77 90 15
77 90 7
77 90 7
77 90 7
77 90 7
77 90 7
77 90 7
77 90 7
77 90 7
77 90 7
77 90 7
77 90 7
77 91 15
77 91 7
77 91 7
77 91 7
77 91 7
77 91 7
77 91 7
77 91 7
77 91 7
77 91 7
77 91 7
77 91 7
77 91 7
77 92 15
77 92 7
77 92 7
77 92 7
77 92 7
77 92 7
77 92 7
77 92 7
77 92 7
77 92 7
77 92 7
77 92 7
77 92 7
77 92 7
77 92 7
77 93 15
77 93 7
77 93 7
77 93 7
77 93 7
77 93 7
77 93 7
77 93 7
77 93 7
77 93 7
77 93 7
77 93 7
77 93 7
77 93 7
77 93 7
77 93 7
78 93 15
78 93 7
78 93 7
78 93 7
78 93 7
78 93 7
78 93 7
78 93 7
78 93 7
78 93 7
78 93 7
78 93 7
78 93 7
78 93 7
78 93 7
78 93 7
78 93 7
78 93 7
79 93 15
79 93 7
79 93 7
79 93 7
79 93 7
79 93 7
79 93 7
79 93 7
79 93 7
79 93 7
79 93 7
79 93 7
79 93 7
79 93 7
79 93 7
79 93 7
79 93 7
79 93 7
79 93 7
80 93 15
80 93 7
80 93 7
80 93 7
80 93 7
80 93 7
80 93 7
80 93 7
80 93 7
80 93 7
80 93 7
80 93 7
80 93 7
80 93 7
80 93 7
80 93 7
80 93 7
80 93 7
80 93 7
80 93 7
80 94 15
80 94 7
80 94 7
80 94 7
80 94 7
80 94 7
80 94 7
80 94 7
80 94 7
80 94 7
80 94 7
80 94 7
80 94 7
80 94 7
80 94 7
80 94 7
80 94 7
80 94 7
80 94 7
80 94 7
80 94 7
80 95 15
80 95 7
80 95 7
80 95 7
80 95 7
80 95 7
80 95 7
80 95 7
80 95 7
80 95 7
80 95 7
80 95 7
80 95 7
80 95 7
80 95 7
80 95 7
80 95 7
80 95 7
80 95 7
80 95 7
80 95 7
80 95 7
80 95 7
80 96 15
80 96 7
80 96 7
80 96 7
80 96 7
80 96 7
80 96 7
80 96 7
80 96 7
80 96 7
80 96 7
80 96 7
80 96 7
80 96 7
80 96 7
80 96 7
80 96 7
80 96 7
80 96 7
80 96 7
80 96 7
80 96 7
80 96 7
80 96 7
80 97 15
80 97 7
80 97 7
80 97 7
80 97 7
80 97 7
80 97 7
80 97 7
80 97 7
80 97 7
80 97 7
80 97 7
80 97 7
80 97 7
80 97 7
80 97 7
80 97 7
80 97 7
80 97 7
80 97 7
80 97 7
80 97 7
80 97 7
80 97 7
80 97 7
80 97 7
81 97 15
81 97 7
81 97 7
81 97 7
81 97 7
81 97 7
81 97 7
81 97 7
81 97 7
81 97 7
81 97 7
81 97 7
81 97 7
81 97 7
81 97 7
81 97 7
81 97 7
81 97 7
81 97 7
81 97 7
81 97 7
81 97 7
81 97 7
81 97 7
81 97 7
81 98 16
81 98 7
81 98 7
81 98 7
81 98 7
81 98 7
81 98 7
81 98 7
81 98 7
81 98 7
81 98 7
81 98 7
81 98 7
81 98 7
81 98 7
81 98 7
81 98 7
81 98 7
81 98 7
81 98 7
81 98 7
81 98 7
81 98 7
81 98 7
81 98 7
81 98 7
81 99 23
81 99 7
81 99 7
81 99 7
81 99 7
81 99 7
81 99 7
81 99 7
81 99 7
81 99 7
81 99 7
81 99 7
81 99 7
81 99 7
81 99 7
81 99 7
81 99 7
81 99 7
81 99 7
81 99 7
81 99 7
81 99 7
81 99 7
81 99 7
81 99 7
81 100 32
81 100 7
81 100 7
81 100 7
81 100 7
81 100 7
81 100 7
81 100 7
81 100 7
81 100 7
81 100 7
81 100 7
81 100 7
81 100 7
81 100 7
81 100 7
81 100 7
81 100 7
81 100 7
81 100 7
81 100 7
81 100 7
81 100 7
81 101 39
81 101 7
81 101 7
81 101 7
81 101 7
81 101 7
81 101 7
81 101 7
81 101 7
81 101 7
81 101 7
81 101 7
81 101 7
81 101 7
81 101 7
81 101 7
81 101 7
81 101 7
81 101 7
81 101 7
81 102 47
81 102 7
81 102 7
81 102 7
81 102 7
81 102 7
81 102 7
81 102 7
81 102 7
81 102 7
81 102 7
81 102 7
81 102 7
81 102 7
81 102 7
81 102 7
81 103 53
81 103 7
81 103 7
81 103 7
81 103 7
81 103 7
81 103 7
81 103 7
81 103 7
81 103 7
81 103 7
81 104 57
81 104 7
81 104 7
81 104 7
81 104 7
81 104 7
81 105 59
81 105 7
81 106 60
81 107 58
81 108 55
81 109 49
81 110 42
81 111 34
81 112 25
81 113 15
81 114 15
81 115 15
104 25 208
104 26 214
104 27 217
104 27 7
104 27 7
104 28 216
104 28 7
104 28 7
104 28 7
104 28 7
104 29 212
104 29 7
104 29 7
104 29 7
104 29 7
104 29 7
104 29 7
104 29 7
104 30 205
104 30 7
104 30 7
104 30 7
104 30 7
104 30 7
104 30 7
104 30 7
104 30 7
104 30 7
104 31 196
104 31 7
104 31 7
104 31 7
104 31 7
104 31 7
104 31 7
104 31 7
104 31 7
104 31 7
104 31 7
104 31 7
104 32 185
104 32 7
104 32 7
104 32 7
104 32 7
104 32 7
104 32 7
104 32 7
104 32 7
104 32 7
104 32 7
104 32 7
104 32 7
104 33 172
104 33 7
104 33 7
104 33 7
104 33 7
104 33 7
104 33 7
104 33 7
104 33 7
104 33 7
104 33 7
104 33 7
104 33 7
104 34 159
104 34 7
104 34 7
104 34 7
104 34 7
104 34 7
104 34 7
104 34 7
104 34 7
104 34 7
104 34 7
104 35 147
104 35 7
104 35 7
104 35 7
104 35 7
104 35 7
104 35 7
104 36 135
104 36 7
104 36 7
104 36 7
103 36 123
103 36 7
103 36 7
103 37 110
103 38 99
102 38 88
102 39 77
102 40 71
101 40 60
101 41 54
100 41 47
100 42 43
99 42 39
99 43 36
98 43 35
98 44 33
97 44 35
96 44 42
96 44 7
95 45 47
95 45 7
95 46 45
95 46 7
95 47 51
94 47 56
94 48 64
93 48 70
92 48 79
92 49 87
91 49 96
91 50 107
91 50 7
90 50 117
89 50 129
89 51 140
89 51 7
89 51 7
88 51 152
88 52 165
88 52 7
88 52 7
88 52 7
88 52 7
88 52 7
88 52 7
87 52 177
87 52 7
87 52 7
87 52 7
87 52 7
86 52 191
86 52 7
86 53 204
86 53 7
86 53 7
86 53 7
86 53 7
86 53 7
86 53 7
86 53 7
86 53 7
86 53 7
85 53 216
85 53 7
85 53 7
85 53 7
85 53 7
85 53 7
85 53 7
84 54 243
84 54 7
84 54 7
84 54 7
84 54 7
84 54 7
84 54 7
84 54 7
84 54 7
84 54 7
84 54 7
83 54 256
83 54 7
83 54 7
82 54 269
82 55 280
82 55 7
82 55 7
81 55 291
80 55 303
80 56 312
79 56 320
78 56 329
78 57 334
77 57 339
76 57 343
76 58 345
75 58 345
74 58 345
74 59 341
73 59 337
73 60 331
73 61 328
72 62 310
71 62 294
70 62 279
69 62 266
69 63 250
68 63 235
68 64 218
67 64 201
67 65 183
67 66 166
66 66 147
66 67 130
65 67 112
65 68 95
65 69 79
64 69 62
64 70 46
63 70 32
105 24 178
105 24 7
105 24 7
105 24 7
105 24 7
105 24 7
105 23 162
105 23 7
105 23 7
105 23 7
105 23 7
105 23 7
105 23 7
105 23 7
105 22 145
105 22 7
105 22 7
105 22 7
105 22 7
105 22 7
105 22 7
105 22 7
105 22 7
105 22 7
106 22 125
106 22 7
106 22 7
106 22 7
106 22 7
106 22 7
106 22 7
106 22 7
106 22 7
106 22 7
106 22 7
106 22 7
106 22 7
106 21 103
106 21 7
106 21 7
106 21 7
106 21 7
106 21 7
106 21 7
106 21 7
106 21 7
106 21 7
106 21 7
106 21 7
106 21 7
106 21 7
106 21 7
106 21 7
106 20 80
106 20 7
106 20 7
106 20 7
106 20 7
106 20 7
106 20 7
106 20 7
106 20 7
106 20 7
106 20 7
106 20 7
106 20 7
106 20 7
106 20 7
106 20 7
106 20 7
106 20 7
106 19 57
106 19 7
106 19 7
106 19 7
106 19 7
106 19 7
106 19 7
106 19 7
106 19 7
106 19 7
106 19 7
106 19 7
106 19 7
106 19 7
106 19 7
106 19 7
106 19 7
106 19 7
106 19 7
106 19 7
107 19 35
107 19 7
107 19 7
107 19 7
107 19 7
107 19 7
107 19 7
107 19 7
107 19 7
107 19 7
107 19 7
107 19 7
107 19 7
107 19 7
107 19 7
107 19 7
107 19 7
107 19 7
107 19 7
107 19 7
107 19 7
107 18 15
107 18 7
107 18 7
107 18 7
107 18 7
107 18 7
107 18 7
107 18 7
107 18 7
107 18 7
107 18 7
107 18 7
107 18 7
107 18 7
107 18 7
107 18 7
107 18 7
107 18 7
107 18 7
107 18 7
107 18 7
108 18 15
108 18 7
108 18 7
108 18 7
108 18 7
108 18 7
108 18 7
108 18 7
108 18 7
108 18 7
108 18 7
108 18 7
108 18 7
108 18 7
108 18 7
108 18 7
108 18 7
108 18 7
109 18 15
109 18 7
109 18 7
109 18 7
109 18 7
109 18 7
109 18 7
109 18 7
109 18 7
109 18 7
109 18 7
109 18 7
109 18 7
109 18 7
110 18 15
110 18 7
110 18 7
110 18 7
110 18 7
110 18 7
110 18 7
110 18 7
110 18 7
110 18 7
110 18 7
111 18 15
111 18 7
111 18 7
111 18 7
111 18 7
111 18 7
111 18 7
111 18 7
112 18 15
112 18 7
112 18 7
112 18 7
112 18 7
112 18 7
113 18 15
113 18 7
113 18 7
113 18 7
113 18 7
114 18 15
114 18 7
114 18 7
114 18 7
115 17 15
115 17 7
115 17 7
116 17 15
116 17 7
116 16 15
116 16 7
117 16 15
117 16 7
118 16 15
118 16 7
118 15 15
118 14 15
118 13 15
119 13 15
120 13 15
121 13 15
122 13 15
123 13 15
124 13 15
125 13 17
125 13 7
126 13 26
127 13 32
128 13 36
129 13 35
129 13 7
130 13 32
130 13 7
130 13 7
130 13 7
131 13 26
131 13 7
131 13 7
131 13 7
131 13 7
131 13 7
132 13 18
132 13 7
132 13 7
132 13 7
132 13 7
132 13 7
132 13 7
132 13 7
133 13 15
133 13 7
133 13 7
133 13 7
133 13 7
133 13 7
133 13 7
133 13 7
133 13 7
133 13 7
133 14 15
133 14 7
133 14 7
133 14 7
133 14 7
133 14 7
133 14 7
133 14 7
134 14 15
134 14 7
134 14 7
134 14 7
134 14 7
134 14 7
134 14 7
134 14 7
134 14 7
135 14 15
135 14 7
135 14 7
135 14 7
135 14 7
135 14 7
135 14 7
135 14 7
135 14 7
135 15 15
135 15 7
135 15 7
135 15 7
135 15 7
135 15 7
135 15 7
135 15 7
136 15 15
136 15 7
136 15 7
136 15 7
136 15 7
136 15 7
136 15 7
136 15 7
136 15 7
137 15 15
137 15 7
137 15 7
137 15 7
137 15 7
137 15 7
137 15 7
137 15 7
137 15 7
138 15 15
138 15 7
138 15 7
138 15 7
138 15 7
138 15 7
138 15 7
138 15 7
138 15 7
138 16 15
138 16 7
138 16 7
138 16 7
138 16 7
138 16 7
138 16 7
138 16 7
139 16 15
139 16 7
139 16 7
139 16 7
139 16 7
139 16 7
139 16 7
139 16 7
139 16 7
139 17 15
139 17 7
139 17 7
139 17 7
139 17 7
139 17 7
139 17 7
139 17 7
140 17 15
140 17 7
140 17 7
140 17 7
140 17 7
140 17 7
140 17 7
140 17 7
140 18 15
140 18 7
140 18 7
140 18 7
140 18 7
140 18 7
140 18 7
140 18 7
141 18 15
141 18 7
141 18 7
141 18 7
141 18 7
141 18 7
141 18 7
141 18 7
141 19 15
141 19 7
141 19 7
141 19 7
141 19 7
141 19 7
141 19 7
141 19 7
142 19 15
142 19 7
142 19 7
142 19 7
142 19 7
142 19 7
142 19 7
143 19 15
143 19 7
143 19 7
143 19 7
143 19 7
143 19 7
143 19 7
144 19 15
144 19 7
144 19 7
144 19 7
144 19 7
144 19 7
145 19 15
145 19 7
145 19 7
145 19 7
145 19 7
146 19 15
146 19 7
146 19 7
146 19 7
147 19 15
147 19 7
147 19 7
147 19 7
148 19 15
148 19 7
148 19 7
149 19 15
149 19 7
150 19 15
150 19 7
151 19 15
152 19 15
153 19 15
154 19 15
155 19 15
156 19 15
157 19 15
158 19 15
159 20 15
159 21 15
159 22 15
159 23 15
159 24 15
159 25 15
159 26 15
159 27 15
159 28 15
159 29 15
159 30 15
159 31 15
160 32 15
160 33 15
160 34 15
160 35 15
160 36 15
160 37 15
160 38 15
160 39 15
160 40 15
160 41 15
160 42 15
160 43 15
160 44 15
160 45 15
138 55 130
138 55 7
138 55 7
138 55 7
138 55 7
138 55 7
138 55 7
138 54 77
138 54 7
138 54 7
138 54 7
138 54 7
138 54 7
138 54 7
138 54 7
138 54 7
138 54 7
138 54 7
138 54 7
138 53 32
138 53 7
138 53 7
138 53 7
138 53 7
138 53 7
138 53 7
138 53 7
138 53 7
138 53 7
138 53 7
138 53 7
138 53 7
138 53 7
138 53 7
138 53 7
138 53 7
139 53 15
139 53 7
139 53 7
139 53 7
139 53 7
139 53 7
139 53 7
139 53 7
139 53 7
139 53 7
139 53 7
139 53 7
139 53 7
139 53 7
139 53 7
139 53 7
139 53 7
140 53 15
140 53 7
140 53 7
140 53 7
140 53 7
140 53 7
140 53 7
140 53 7
140 53 7
140 53 7
140 53 7
140 53 7
140 53 7
140 53 7
140 53 7
140 52 15
140 52 7
140 52 7
140 52 7
140 52 7
140 52 7
140 52 7
140 52 7
140 52 7
140 52 7
140 52 7
140 52 7
140 52 7
141 52 15
141 52 7
141 52 7
141 52 7
141 52 7
141 52 7
141 52 7
141 52 7
141 52 7
141 52 7
141 52 7
142 52 15
142 52 7
142 52 7
142 52 7
142 52 7
142 52 7
142 52 7
142 52 7
143 52 15
143 52 7
143 52 7
143 52 7
143 52 7
143 52 7
144 52 15
144 52 7
144 52 7
144 52 7
144 52 7
145 52 15
145 52 7
145 52 7
146 52 15
146 52 7
146 51 15
146 51 7
147 51 15
148 51 15
149 50 15
150 50 15
150 49 15
150 48 15
151 48 15
151 47 15
151 46 15
152 46 15
153 46 15
154 46 15
155 46 15
156 46 15
157 46 15
158 46 15
159 46 15
161 32 15
162 32 15
163 32 15
164 32 15
165 32 15
166 32 15
167 32 15
168 32 15
169 32 15
170 32 15
171 32 15
172 32 15
173 32 15
174 32 15
175 32 15
176 32 15
177 32 15
178 32 15
179 32 15
180 32 15
181 32 15
182 31 15
182 30 15
183 30 15
183 29 15
184 29 15
184 28 15
185 28 15
185 27 15
186 27 15
187 27 15
188 27 15
188 26 15
189 26 15
190 26 15
190 25 15
190 24 15
191 24 15
192 24 15
61 72 15
61 72 7
61 73 15
61 73 7
60 73 15
59 73 15
58 73 15
57 73 15
57 74 15
56 74 15
55 74 15
54 74 15
54 75 15
53 75 15
53 76 15
52 76 15
51 76 15
51 77 15
50 77 15
49 78 15
48 78 15
48 79 15
48 80 15
48 81 15
47 81 15
47 82 15
47 83 15
46 83 15
45 83 15
44 83 15
43 83 15
42 83 15
42 83 7
41 83 15
41 83 7
40 83 15
40 83 7
39 83 15
39 83 7
38 83 15
38 83 7
38 83 7
37 83 15
37 83 7
37 83 7
36 82 57
35 82 86
35 81 117
34 81 147
33 81 178
33 80 210
32 80 241
31 80 274
31 80 7
31 80 7
31 80 7
31 79 303
31 79 7
31 79 7
31 79 7
31 79 7
31 79 7
30 79 333
30 79 7
30 79 7
30 79 7
30 79 7
30 79 7
30 79 7
30 79 7
30 79 7
30 79 7
30 79 7
30 79 7
30 79 7
30 79 7
30 79 7
30 79 7
30 79 7
30 79 7
30 79 7
30 79 7
30 79 7
30 79 7
30 79 7
30 79 7
30 79 7
30 79 7
30 79 7
30 78 362
30 78 7
30 78 7
30 78 7
30 78 7
30 78 7
30 78 7
30 78 7
30 78 7
30 78 7
30 78 7
30 78 7
30 78 7
30 78 7
30 78 7
30 78 7
30 78 7
30 78 7
30 78 7
30 78 7
30 78 7
30 78 7
30 78 7
30 78 7
30 78 7
30 78 7
30 78 7
30 78 7
30 78 7
30 78 7
30 78 7
29 78 388
29 78 7
29 78 7
29 78 7
29 78 7
29 78 7
29 78 7
29 78 7
29 78 7
29 78 7
29 78 7
29 78 7
29 78 7
29 78 7
29 78 7
29 78 7
29 78 7
29 78 7
29 78 7
29 78 7
29 78 7
29 78 7
29 78 7
29 78 7
29 78 7
29 78 7
29 78 7
29 78 7
29 78 7
29 78 7
29 78 7
29 78 7
29 78 7
29 78 7
29 78 7
29 78 7
29 78 7
29 78 7
29 78 7
29 78 7
29 78 7
29 78 7
29 78 7
29 78 7
29 78 7
29 78 7
29 78 7
29 78 7
29 78 7
29 78 7
29 78 7
29 78 7
29 78 7
29 78 7
29 78 7
29 78 7
29 78 7
29 78 7
29 78 7
29 78 7
29 78 7
29 78 7
28 78 413
28 78 7
28 78 7
28 78 7
28 78 7
28 78 7
28 78 7
28 78 7
28 78 7
28 78 7
28 78 7
28 78 7
28 78 7
28 78 7
28 78 7
28 78 7
28 78 7
28 78 7
28 78 7
28 78 7
28 78 7
28 78 7
28 78 7
28 78 7
28 78 7
28 78 7
28 78 7
28 78 7
28 78 7
28 78 7
28 78 7
28 78 7
28 78 7
28 78 7
28 78 7
28 78 7
28 78 7
28 78 7
28 78 7
28 78 7
28 78 7
28 78 7
28 78 7
28 78 7
28 78 7
28 78 7
28 78 7
28 78 7
28 78 7
28 78 7
28 78 7
28 78 7
28 78 7
28 78 7
28 78 7
28 78 7
28 78 7
28 78 7
28 78 7
28 78 7
28 78 7
28 78 7
28 78 7
28 78 7
28 78 7
28 78 7
28 78 7
28 78 7
28 78 7
28 78 7
28 78 7
28 78 7
28 78 7
28 78 7
28 78 7
28 78 7
28 78 7
28 78 7
28 78 7
28 78 7
28 78 7
28 78 7
28 78 7
28 78 7
28 78 7
28 78 7
28 78 7
28 78 7
28 78 7
28 78 7
28 78 7
28 78 7
28 78 7
28 78 7
28 78 7
28 78 7
28 78 7
28 78 7
28 78 7
28 78 7
28 78 7
28 78 7
28 77 436
28 77 7
28 77 7
28 77 7
28 77 7
28 77 7
28 77 7
28 77 7
28 77 7
28 77 7
28 77 7
28 77 7
28 77 7
28 77 7
28 77 7
28 77 7
28 77 7
28 77 7
28 77 7
28 77 7
28 77 7
28 77 7
28 77 7
28 77 7
28 77 7
28 77 7
28 77 7
28 77 7
28 77 7
28 77 7
28 77 7
28 77 7
28 77 7
28 77 7
28 77 7
28 77 7
28 77 7
28 77 7
28 77 7
28 77 7
28 77 7
28 77 7
28 77 7
28 77 7
28 77 7
28 77 7
28 77 7
28 77 7
28 77 7
28 77 7
28 77 7
28 77 7
28 77 7
28 77 7
28 77 7
28 77 7
28 77 7
28 77 7
28 77 7
28 77 7
28 77 7
28 77 7
28 77 7
28 77 7
28 77 7
28 77 7
28 77 7
28 77 7
28 77 7
28 77 7
28 77 7
28 77 7
28 77 7
28 77 7
28 77 7
28 77 7
28 77 7
28 77 7
28 77 7
28 77 7
28 77 7
28 77 7
28 77 7
28 77 7
28 77 7
28 77 7
28 77 7
28 77 7
28 77 7
28 77 7
28 77 7
28 77 7
28 77 7
28 77 7
28 77 7
28 77 7
28 77 7
28 77 7
28 77 7
28 77 7
28 77 7
28 77 7
28 77 7
28 77 7
28 77 7
27 77 456
27 77 7
27 77 7
27 77 7
27 77 7
27 77 7
27 77 7
27 77 7
27 77 7
27 77 7
27 77 7
27 77 7
27 77 7
27 77 7
27 77 7
27 77 7
27 77 7
27 77 7
27 77 7
27 77 7
27 77 7
27 77 7
27 77 7
27 77 7
27 77 7
27 77 7
27 77 7
27 77 7
27 77 7
27 77 7
27 77 7
27 77 7
27 77 7
27 77 7
27 77 7
27 77 7
27 77 7
27 77 7
27 77 7
27 77 7
27 77 7
27 77 7
27 77 7
27 77 7
27 77 7
27 77 7
27 77 7
27 77 7
27 77 7
27 77 7
27 77 7
27 77 7
27 77 7
27 77 7
27 77 7
27 77 7
27 77 7
27 77 7
27 77 7
27 77 7
27 77 7
27 77 7
27 77 7
27 77 7
27 77 7
27 77 7
27 77 7
27 77 7
27 77 7
27 77 7
27 77 7
27 77 7
27 77 7
27 77 7
27 77 7
27 77 7
27 77 7
27 77 7
27 77 7
27 77 7
27 77 7
27 77 7
27 77 7
27 77 7
27 77 7
27 77 7
27 77 7
27 77 7
27 77 7
27 77 7
27 77 7
27 77 7
27 77 7
27 77 7
27 77 7
27 77 7
27 77 7
27 77 7
27 77 7
27 77 7
27 77 7
27 77 7
27 77 7
27 77 7
27 77 7
27 77 7
27 77 7
27 77 7
27 77 7
27 77 7
27 77 7
27 77 7
27 77 7
27 77 7
27 77 7
27 77 7
27 77 7
27 77 7
27 77 7
27 77 7
27 77 7
27 77 7
27 77 7
27 77 7
27 77 7
27 77 7
27 77 7
27 77 7
27 77 7
27 77 7
27 77 7
27 77 7
27 77 7
27 77 7
27 77 7
27 77 7
27 77 7
27 77 7
27 77 7
27 77 7
27 77 7
27 77 7
27 77 7
27 77 7
27 77 7
27 77 7
27 77 7
27 77 7
26 77 474
26 77 7
26 77 7
26 77 7
26 77 7
26 77 7
26 77 7
26 77 7
26 77 7
26 77 7
26 77 7
26 77 7
26 77 7
26 77 7
26 77 7
26 77 7
26 77 7
26 77 7
26 77 7
26 77 7
26 77 7
26 77 7
26 77 7
26 77 7
26 77 7
26 77 7
26 77 7
26 77 7
26 77 7
26 77 7
26 77 7
26 77 7
26 77 7
26 77 7
26 77 7
26 77 7
26 77 7
26 77 7
26 77 7
26 77 7
26 77 7
26 77 7
26 77 7
26 77 7
26 77 7
26 77 7
26 77 7
26 77 7
26 77 7
26 77 7
26 77 7
26 77 7
26 77 7
26 77 7
26 77 7
26 77 7
26 77 7
26 77 7
26 77 7
26 77 7
26 77 7
26 77 7
26 77 7
26 77 7
26 77 7
26 77 7
26 77 7
26 77 7
26 77 7
26 77 7
26 77 7
26 77 7
26 77 7
26 77 7
26 77 7
26 77 7
26 77 7
26 77 7
26 77 7
26 77 7
26 77 7
26 77 7
26 77 7
26 77 7
26 77 7
26 77 7
26 77 7
26 77 7
26 77 7
26 77 7
26 77 7
26 77 7
26 77 7
26 77 7
26 77 7
26 77 7
26 77 7
26 77 7
26 77 7
26 77 7
26 77 7
26 77 7
26 77 7
26 77 7
26 77 7
26 77 7
26 77 7
26 77 7
26 77 7
26 77 7
26 77 7
26 77 7
26 77 7
26 77 7
26 77 7
26 77 7
26 77 7
26 77 7
26 77 7
26 77 7
26 77 7
26 77 7
26 77 7
26 77 7
26 77 7
26 77 7
26 77 7
26 77 7
26 77 7
26 77 7
26 77 7
26 77 7
26 77 7
26 77 7
26 77 7
26 77 7
26 77 7
26 77 7
26 77 7
26 77 7
26 77 7
26 77 7
26 77 7
26 77 7
26 77 7
26 77 7
26 77 7
26 77 7
26 77 7
26 77 7
26 77 7
26 77 7
26 77 7
26 77 7
26 77 7
26 77 7
26 77 7
26 77 7
26 77 7
26 77 7
26 77 7
26 77 7
26 77 7
26 77 7
26 77 7
26 77 7
26 77 7
26 77 7
26 77 7
26 77 7
26 77 7
26 77 7
26 77 7
26 77 7
26 77 7
26 77 7
26 77 7
26 77 7
26 77 7
26 77 7
26 77 7
26 77 7
26 77 7
26 77 7
26 77 7
26 77 7
26 77 7
26 77 7
26 77 7
26 77 7
26 77 7
26 77 7
26 77 7
26 76 489
26 76 7
26 76 7
26 76 7
26 76 7
26 76 7
26 76 7
26 76 7
26 76 7
26 76 7
26 76 7
26 76 7
26 76 7
26 76 7
26 76 7
26 76 7
26 76 7
26 76 7
26 76 7
26 76 7
26 76 7
26 76 7
26 76 7
26 76 7
26 76 7
26 76 7
26 76 7
26 76 7
26 76 7
26 76 7
26 76 7
26 76 7
26 76 7
26 76 7
26 76 7
26 76 7
26 76 7
26 76 7
26 76 7
26 76 7
26 76 7
26 76 7
26 76 7
26 76 7
26 76 7
26 76 7
26 76 7
26 76 7
26 76 7
26 76 7
26 76 7
26 76 7
26 76 7
26 76 7
26 76 7
26 76 7
26 76 7
26 76 7
26 76 7
26 76 7
26 76 7
26 76 7
26 76 7
26 76 7
26 76 7
26 76 7
26 76 7
26 76 7
26 76 7
26 76 7
26 76 7
26 76 7
26 76 7
26 76 7
26 76 7
26 76 7
26 76 7
26 76 7
26 76 7
26 76 7
26 76 7
26 76 7
26 76 7
26 76 7
26 76 7
26 76 7
26 76 7
26 76 7
26 76 7
26 76 7
26 76 7
26 76 7
26 76 7
26 76 7
26 76 7
26 76 7
26 76 7
26 76 7
26 76 7
26 76 7
26 76 7
26 76 7
26 76 7
26 76 7
26 76 7
26 76 7
26 76 7
26 76 7
26 76 7
26 76 7
26 76 7
26 76 7
26 76 7
26 76 7
26 76 7
26 76 7
26 76 7
26 76 7
26 76 7
26 76 7
26 76 7
26 76 7
26 76 7
26 76 7
26 76 7
26 76 7
26 76 7
26 76 7
26 76 7
26 76 7
26 76 7
26 76 7
26 76 7
26 76 7
26 76 7
26 76 7
26 76 7
26 76 7
26 76 7
26 76 7
26 76 7
26 76 7
26 76 7
26 76 7
26 76 7
26 76 7
26 76 7
26 76 7
26 76 7
26 76 7
26 76 7
26 76 7
26 76 7
26 76 7
26 76 7
26 76 7
26 76 7
26 76 7
26 76 7
26 76 7
26 76 7
26 76 7
26 76 7
26 76 7
26 76 7
26 76 7
26 76 7
26 76 7
26 76 7
26 76 7
26 76 7
26 76 7
26 76 7
26 76 7
26 76 7
26 76 7
26 76 7
26 76 7
26 76 7
26 76 7
26 76 7
26 76 7
26 76 7
26 76 7
26 76 7
26 76 7
26 76 7
26 76 7
26 76 7
25 76 500
25 76 7
25 76 7
25 76 7
25 76 7
25 76 7
25 76 7
25 76 7
25 76 7
25 76 7
25 76 7
25 76 7
25 76 7
25 76 7
25 76 7
25 76 7
25 76 7
25 76 7
25 76 7
25 76 7
25 76 7
25 76 7
25 76 7
25 76 7
25 76 7
25 76 7
25 76 7
25 76 7
25 76 7
25 76 7
25 76 7
25 76 7
25 76 7
25 76 7
25 76 7
25 76 7
25 76 7
25 76 7
25 76 7
25 76 7
25 76 7
25 76 7
25 76 7
25 76 7
25 76 7
25 76 7
25 76 7
25 76 7
25 76 7
25 76 7
25 76 7
25 76 7
25 76 7
25 76 7
25 76 7
25 76 7
25 76 7
25 76 7
25 76 7
25 76 7
25 76 7
25 76 7
25 76 7
25 76 7
25 76 7
25 76 7
25 76 7
25 76 7
25 76 7
25 76 7
25 76 7
25 76 7
25 76 7
25 76 7
25 76 7
25 76 7
25 76 7
25 76 7
25 76 7
25 76 7
25 76 7
25 76 7
25 76 7
25 76 7
25 76 7
25 76 7
25 76 7
25 76 7
25 76 7
25 76 7
25 76 7
25 76 7
25 76 7
25 76 7
25 76 7
25 76 7
25 76 7
25 76 7
25 76 7
25 76 7
25 76 7
25 76 7
25 76 7
25 76 7
25 76 7
25 76 7
25 76 7
25 76 7
25 76 7
25 76 7
25 76 7
25 76 7
25 76 7
25 76 7
25 76 7
25 76 7
25 76 7
25 76 7
25 76 7
25 76 7
25 76 7
25 76 7
25 76 7
25 76 7
25 76 7
25 76 7
25 76 7
25 76 7
25 76 7
25 76 7
25 76 7
25 76 7
25 76 7
25 76 7
25 76 7
25 76 7
25 76 7
25 76 7
25 76 7
25 76 7
25 76 7
25 76 7
25 76 7
25 76 7
25 76 7
25 76 7
25 76 7
25 76 7
25 76 7
25 76 7
25 76 7
25 76 7
25 76 7
25 76 7
25 76 7
25 76 7
25 76 7
25 76 7
25 76 7
25 76 7
25 76 7
25 76 7
25 76 7
25 76 7
25 76 7
25 76 7
25 76 7
25 76 7
25 76 7
25 76 7
25 76 7
25 76 7
25 76 7
25 76 7
25 76 7
25 76 7
25 76 7
25 76 7
25 76 7
25 76 7
25 76 7
25 76 7
25 76 7
25 76 7
25 76 7
25 76 7
25 76 7
25 76 7
25 76 7
25 76 7
25 76 7
25 76 7
25 76 7
25 76 7
25 76 7
25 76 7
25 76 7
25 76 7
25 76 7
25 76 7
25 76 7
25 76 7
25 76 7
25 76 7
25 76 7
25 76 7
25 76 7
25 76 7
25 76 7
25 76 7
25 76 7
25 76 7
25 76 7
25 76 7
25 76 7
25 76 7
25 76 7
25 76 7
25 76 7
25 76 7
25 76 7
25 76 7
25 76 7
25 76 7
25 76 7
25 76 7
25 76 7
24 76 509
24 76 7
24 76 7
24 76 7
24 76 7
24 76 7
24 76 7
24 76 7
24 76 7
24 76 7
24 76 7
24 76 7
24 76 7
24 76 7
24 76 7
24 76 7
24 76 7
24 76 7
24 76 7
24 76 7
24 76 7
24 76 7
24 76 7
24 76 7
24 76 7
24 76 7
24 76 7
24 76 7
24 76 7
24 76 7
24 76 7
24 76 7
24 76 7
24 76 7
24 76 7
24 76 7
24 76 7
24 76 7
24 76 7
24 76 7
24 76 7
24 76 7
24 76 7
24 76 7
24 76 7
24 76 7
24 76 7
24 76 7
24 76 7
24 76 7
24 76 7
24 76 7
24 76 7
24 76 7
24 76 7
24 76 7
24 76 7
24 76 7
24 76 7
24 76 7
24 76 7
24 76 7
24 76 7
24 76 7
24 76 7
24 76 7
24 76 7
24 76 7
24 76 7
24 76 7
24 76 7
24 76 7
24 76 7
24 76 7
24 76 7
24 76 7
24 76 7
24 76 7
24 76 7
24 76 7
24 76 7
24 76 7
24 76 7
24 76 7
24 76 7
24 76 7
24 76 7
24 76 7
24 76 7
24 76 7
24 76 7
24 76 7
24 76 7
24 76 7
24 76 7
24 76 7
24 76 7
24 76 7
24 76 7
24 76 7
24 76 7
24 76 7
24 76 7
24 76 7
24 76 7
24 76 7
24 76 7
24 76 7
24 76 7
24 76 7
24 76 7
24 76 7
24 76 7
24 76 7
24 76 7
24 76 7
24 76 7
24 76 7
24 76 7
24 76 7
24 76 7
24 76 7
24 76 7
24 76 7
24 76 7
24 76 7
24 76 7
24 76 7
24 76 7
24 76 7
24 76 7
24 76 7
24 76 7
24 76 7
24 76 7
24 76 7
24 76 7
24 76 7
24 76 7
24 76 7
24 76 7
24 76 7
24 76 7
24 76 7
24 76 7
24 76 7
24 76 7
24 76 7
24 76 7
24 76 7
24 76 7
24 76 7
24 76 7
24 76 7
24 76 7
24 76 7
24 76 7
24 76 7
24 76 7
24 76 7
24 76 7
24 76 7
24 76 7
24 76 7
24 76 7
24 76 7
24 76 7
24 76 7
24 76 7
24 76 7
24 76 7
24 76 7
24 76 7
24 76 7
24 76 7
24 76 7
24 76 7
24 76 7
24 76 7
24 76 7
24 76 7
24 76 7
24 76 7
24 76 7
24 76 7
24 76 7
24 76 7
24 76 7
24 76 7
24 76 7
24 76 7
24 76 7
24 76 7
24 76 7
24 76 7
24 76 7
24 76 7
24 76 7
24 76 7
24 76 7
24 76 7
24 76 7
24 76 7
24 76 7
24 76 7
24 76 7
24 76 7
24 76 7
24 76 7
24 76 7
24 76 7
24 76 7
24 76 7
24 76 7
24 76 7
24 76 7
24 76 7
24 76 7
24 76 7
24 76 7
24 76 7
24 76 7
24 76 7
24 76 7
24 76 7
24 76 7
24 76 7
24 76 7
24 76 7
24 76 7
24 76 7
24 76 7
24 76 7
24 76 7
24 76 7
24 76 7
24 76 7
24 76 7
24 76 7
24 76 7
24 76 7
24 76 7
24 76 7
24 76 7
24 76 7
24 76 7
24 76 7
24 76 7
24 76 7
24 76 7
24 76 7
24 76 7
24 76 7
24 76 7
24 76 7
24 76 7
24 76 7
24 76 7
24 76 7
24 76 7
24 76 7
24 76 7
24 76 7
24 76 7
24 76 7
23 76 515
23 76 7
23 76 7
23 76 7
23 76 7
23 76 7
23 76 7
23 76 7
23 76 7
23 76 7
23 76 7
23 76 7
23 76 7
23 76 7
23 76 7
23 76 7
23 76 7
23 76 7
23 76 7
23 76 7
23 76 7
23 76 7
23 76 7
23 76 7
23 76 7
23 76 7
23 76 7
23 76 7
23 76 7
23 76 7
23 76 7
23 76 7
23 76 7
23 76 7
23 76 7
23 76 7
23 76 7
23 76 7
23 76 7
23 76 7
23 76 7
23 76 7
23 76 7
23 76 7
23 76 7
23 76 7
23 76 7
23 76 7
23 76 7
23 76 7
23 76 7
23 76 7
23 76 7
23 76 7
23 76 7
23 76 7
23 76 7
23 76 7
23 76 7
23 76 7
23 76 7
23 76 7
23 76 7
23 76 7
23 76 7
23 76 7
23 76 7
23 76 7
23 76 7
23 76 7
23 76 7
23 76 7
23 76 7
23 76 7
23 76 7
23 76 7
23 76 7
23 76 7
23 76 7
23 76 7
23 76 7
23 76 7
23 76 7
23 76 7
23 76 7
23 76 7
23 76 7
23 76 7
23 76 7
23 76 7
23 76 7
23 76 7
23 76 7
23 76 7
23 76 7
23 76 7
23 76 7
23 76 7
23 76 7
23 76 7
23 76 7
23 76 7
23 76 7
23 76 7
23 76 7
23 76 7
23 76 7
23 76 7
23 76 7
23 76 7
23 76 7
23 76 7
23 76 7
23 76 7
23 76 7
23 76 7
23 76 7
23 76 7
23 76 7
23 76 7
23 76 7
23 76 7
23 76 7
23 76 7
23 76 7
23 76 7
23 76 7
23 76 7
23 76 7
23 76 7
23 76 7
23 76 7
23 76 7
23 76 7
23 76 7
23 76 7
23 76 7
23 76 7
23 76 7
23 76 7
23 76 7
23 76 7
23 76 7
23 76 7
23 76 7
23 76 7
23 76 7
23 76 7
23 76 7
23 76 7
23 76 7
23 76 7
23 76 7
23 76 7
23 76 7
23 76 7
23 76 7
23 76 7
23 76 7
23 76 7
23 76 7
23 76 7
23 76 7
23 76 7
23 76 7
23 76 7
23 76 7
23 76 7
23 76 7
23 76 7
23 76 7
23 76 7
23 76 7
23 76 7
23 76 7
23 76 7
23 76 7
23 76 7
23 76 7
23 76 7
23 76 7
23 76 7
23 76 7
23 76 7
23 76 7
23 76 7
23 76 7
23 76 7
23 76 7
23 76 7
23 76 7
23 76 7
23 76 7
23 76 7
23 76 7
23 76 7
23 76 7
23 76 7
23 76 7
23 76 7
23 76 7
23 76 7
23 76 7
23 76 7
23 76 7
23 76 7
23 76 7
23 76 7
23 76 7
23 76 7
23 76 7
23 76 7
23 76 7
23 76 7
23 76 7
23 76 7
23 76 7
23 76 7
23 76 7
23 76 7
23 76 7
23 76 7
23 76 7
23 76 7
23 76 7
23 76 7
23 76 7
23 76 7
23 76 7
23 76 7
23 76 7
23 76 7
23 76 7
23 76 7
23 76 7
23 76 7
23 76 7
23 76 7
23 76 7
23 76 7
23 76 7
23 76 7
23 76 7
23 76 7
23 76 7
23 76 7
23 76 7
23 76 7
23 76 7
23 76 7
23 76 7
23 76 7
23 76 7
23 76 7
23 76 7
23 76 7
23 76 7
23 76 7
23 76 7
23 76 7
23 76 7
23 76 7
23 76 7
23 76 7
23 76 7
23 76 7
23 76 7
23 76 7
23 76 7
23 76 7
23 76 7
23 76 7
23 76 7
23 76 7
23 76 7
23 76 7
23 76 7
23 76 7
23 76 7
23 76 7
23 76 7
23 76 7
23 76 7
23 76 7
23 76 7
23 76 7
23 76 7
23 76 7
23 76 7
23 76 7
23 76 7
23 76 7
23 76 7
23 76 7
23 76 7
23 76 7
23 76 7
23 76 7
23 76 7
23 76 7
23 76 7
23 76 7
23 76 7
23 75 516
23 75 7
23 75 7
23 75 7
23 75 7
23 75 7
23 75 7
23 75 7
23 75 7
23 75 7
23 75 7
23 75 7
23 75 7
23 75 7
23 75 7
23 75 7
23 75 7
23 75 7
23 75 7
23 75 7
23 75 7
23 75 7
23 75 7
23 75 7
23 75 7
23 75 7
23 75 7
23 75 7
23 75 7
23 75 7
23 75 7
23 75 7
23 75 7
23 75 7
23 75 7
23 75 7
23 75 7
23 75 7
23 75 7
23 75 7
23 75 7
23 75 7
23 75 7
23 75 7
23 75 7
23 75 7
23 75 7
23 75 7
23 75 7
23 75 7
23 75 7
23 75 7
23 75 7
23 75 7
23 75 7
23 75 7
23 75 7
23 75 7
23 75 7
23 75 7
23 75 7
23 75 7
23 75 7
23 75 7
23 75 7
23 75 7
23 75 7
23 75 7
23 75 7
23 75 7
23 75 7
23 75 7
23 75 7
23 75 7
23 75 7
23 75 7
23 75 7
23 75 7
23 75 7
23 75 7
23 75 7
23 75 7
23 75 7
23 75 7
23 75 7
23 75 7
23 75 7
23 75 7
23 75 7
23 75 7
23 75 7
23 75 7
23 75 7
23 75 7
23 75 7
23 75 7
23 75 7
23 75 7
23 75 7
23 75 7
23 75 7
23 75 7
23 75 7
23 75 7
23 75 7
23 75 7
23 75 7
23 75 7
23 75 7
23 75 7
23 75 7
23 75 7
23 75 7
23 75 7
23 75 7
23 75 7
23 75 7
23 75 7
23 75 7
23 75 7
23 75 7
23 75 7
23 75 7
23 75 7
23 75 7
23 75 7
23 75 7
23 75 7
23 75 7
23 75 7
23 75 7
23 75 7
23 75 7
23 75 7
23 75 7
23 75 7
23 75 7
23 75 7
23 75 7
23 75 7
23 75 7
23 75 7
23 75 7
23 75 7
23 75 7
23 75 7
23 75 7
23 75 7
23 75 7
23 75 7
23 75 7
23 75 7
23 75 7
23 75 7
23 75 7
23 75 7
23 75 7
23 75 7
23 75 7
23 75 7
23 75 7
23 75 7
23 75 7
23 75 7
23 75 7
23 75 7
23 75 7
23 75 7
23 75 7
23 75 7
23 75 7
23 75 7
23 75 7
23 75 7
23 75 7
23 75 7
23 75 7
23 75 7
23 75 7
23 75 7
23 75 7
23 75 7
23 75 7
23 75 7
23 75 7
23 75 7
23 75 7
23 75 7
23 75 7
23 75 7
23 75 7
23 75 7
23 75 7
23 75 7
23 75 7
23 75 7
23 75 7
23 75 7
23 75 7
23 75 7
23 75 7
23 75 7
23 75 7
23 75 7
23 75 7
23 75 7
23 75 7
23 75 7
23 75 7
23 75 7
23 75 7
23 75 7
23 75 7
23 75 7
23 75 7
23 75 7
23 75 7
23 75 7
23 75 7
23 75 7
23 75 7
23 75 7
23 75 7
23 75 7
23 75 7
23 75 7
23 75 7
23 75 7
23 75 7
23 75 7
23 75 7
23 75 7
23 75 7
23 75 7
23 75 7
23 75 7
23 75 7
23 75 7
23 75 7
23 75 7
23 75 7
23 75 7
23 75 7
23 75 7
23 75 7
23 75 7
23 75 7
23 75 7
23 75 7
23 75 7
23 75 7
23 75 7
23 75 7
23 75 7
23 75 7
23 75 7
23 75 7
23 75 7
23 75 7
23 75 7
23 75 7
23 75 7
23 75 7
23 75 7
23 75 7
23 75 7
23 75 7
23 75 7
23 75 7
23 75 7
23 75 7
23 75 7
23 75 7
23 75 7
23 75 7
23 75 7
23 75 7
23 75 7
23 75 7
23 75 7
23 75 7
23 75 7
22 75 514
22 75 7
22 75 7
22 75 7
22 75 7
22 75 7
22 75 7
22 75 7
22 75 7
22 75 7
22 75 7
22 75 7
22 75 7
22 75 7
22 75 7
22 75 7
22 75 7
22 75 7
22 75 7
22 75 7
22 75 7
22 75 7
22 75 7
22 75 7
22 75 7
22 75 7
22 75 7
22 75 7
22 75 7
22 75 7
22 75 7
22 75 7
22 75 7
22 75 7
22 75 7
22 75 7
22 75 7
22 75 7
22 75 7
22 75 7
22 75 7
22 75 7
22 75 7
22 75 7
22 75 7
22 75 7
22 75 7
22 75 7
22 75 7
22 75 7
22 75 7
22 75 7
22 75 7
22 75 7
22 75 7
22 75 7
22 75 7
22 75 7
22 75 7
22 75 7
22 75 7
22 75 7
22 75 7
22 75 7
22 75 7
22 75 7
22 75 7
22 75 7
22 75 7
22 75 7
22 75 7
22 75 7
22 75 7
22 75 7
22 75 7
22 75 7
22 75 7
22 75 7
22 75 7
22 75 7
22 75 7
22 75 7
22 75 7
22 75 7
22 75 7
22 75 7
22 75 7
22 75 7
22 75 7
22 75 7
22 75 7
22 75 7
22 75 7
22 75 7
22 75 7
22 75 7
22 75 7
22 75 7
22 75 7
22 75 7
22 75 7
22 75 7
22 75 7
22 75 7
22 75 7
22 75 7
22 75 7
22 75 7
22 75 7
22 75 7
22 75 7
22 75 7
22 75 7
22 75 7
22 75 7
22 75 7
22 75 7
22 75 7
22 75 7
22 75 7
22 75 7
22 75 7
22 75 7
22 75 7
22 75 7
22 75 7
22 75 7
22 75 7
22 75 7
22 75 7
22 75 7
22 75 7
22 75 7
22 75 7
22 75 7
22 75 7
22 75 7
22 75 7
22 75 7
22 75 7
22 75 7
22 75 7
22 75 7
22 75 7
22 75 7
22 75 7
22 75 7
22 75 7
22 75 7
22 75 7
22 75 7
22 75 7
22 75 7
22 75 7
22 75 7
22 75 7
22 75 7
22 75 7
22 75 7
22 75 7
22 75 7
22 75 7
22 75 7
22 75 7
22 75 7
22 75 7
22 75 7
22 75 7
22 75 7
22 75 7
22 75 7
22 75 7
22 75 7
22 75 7
22 75 7
22 75 7
22 75 7
22 75 7
22 75 7
22 75 7
22 75 7
22 75 7
22 75 7
22 75 7
22 75 7
22 75 7
22 75 7
22 75 7
22 75 7
22 75 7
22 75 7
22 75 7
22 75 7
22 75 7
22 75 7
22 75 7
22 75 7
22 75 7
22 75 7
22 75 7
22 75 7
22 75 7
22 75 7
22 75 7
22 75 7
22 75 7
22 75 7
22 75 7
22 75 7
22 75 7
22 75 7
22 75 7
22 75 7
22 75 7
22 75 7
22 75 7
22 75 7
22 75 7
22 75 7
22 75 7
22 75 7
22 75 7
22 75 7
22 75 7
22 75 7
22 75 7
22 75 7
22 75 7
22 75 7
22 75 7
22 75 7
22 75 7
22 75 7
22 75 7
22 75 7
22 75 7
22 75 7
22 75 7
22 75 7
22 75 7
22 75 7
22 75 7
22 75 7
22 75 7
22 75 7
22 75 7
22 75 7
22 75 7
22 75 7
22 75 7
22 75 7
22 75 7
22 75 7
22 75 7
22 75 7
22 75 7
22 75 7
22 75 7
22 75 7
22 75 7
22 75 7
22 75 7
22 75 7
22 75 7
22 75 7
22 75 7
22 75 7
22 75 7
22 75 7
22 75 7
22 75 7
22 75 7
22 75 7
22 75 7
22 75 7
22 75 7
22 75 7
22 75 7
22 75 7
22 75 7
22 75 7
22 75 7
22 75 7
22 75 7
22 75 7
22 75 7
22 75 7
22 75 7
22 75 7
22 75 7
22 75 7
22 75 7
22 75 7
22 75 7
22 75 7
22 75 7
22 75 7
22 75 7
22 75 7
22 75 7
22 75 7
22 75 7
22 75 7
22 75 7
22 75 7
22 75 7
22 75 7
22 75 7
22 75 7
22 75 7
22 75 7
22 75 7
22 75 7
21 75 509
21 75 7
21 75 7
21 75 7
21 75 7
21 75 7
21 75 7
21 75 7
21 75 7
21 75 7
21 75 7
21 75 7
21 75 7
21 75 7
21 75 7
21 75 7
21 75 7
21 75 7
21 75 7
21 75 7
21 75 7
21 75 7
21 75 7
21 75 7
21 75 7
21 75 7
21 75 7
21 75 7
21 75 7
21 75 7
21 75 7
21 75 7
21 75 7
21 75 7
21 75 7
21 75 7
21 75 7
21 75 7
21 75 7
21 75 7
21 75 7
21 75 7
21 75 7
21 75 7
21 75 7
21 75 7
21 75 7
21 75 7
21 75 7
21 75 7
21 75 7
21 75 7
21 75 7
21 75 7
21 75 7
21 75 7
21 75 7
21 75 7
21 75 7
21 75 7
21 75 7
21 75 7
21 75 7
21 75 7
21 75 7
21 75 7
21 75 7
21 75 7
21 75 7
21 75 7
21 75 7
21 75 7
21 75 7
21 75 7
21 75 7
21 75 7
21 75 7
21 75 7
21 75 7
21 75 7
21 75 7
21 75 7
21 75 7
21 75 7
21 75 7
21 75 7
21 75 7
21 75 7
21 75 7
21 75 7
21 75 7
21 75 7
21 75 7
21 75 7
21 75 7
21 75 7
21 75 7
21 75 7
21 75 7
21 75 7
21 75 7
21 75 7
21 75 7
21 75 7
21 75 7
21 75 7
21 75 7
21 75 7
21 75 7
21 75 7
21 75 7
21 75 7
21 75 7
21 75 7
21 75 7
21 75 7
21 75 7
21 75 7
21 75 7
21 75 7
21 75 7
21 75 7
21 75 7
21 75 7
21 75 7
21 75 7
21 75 7
21 75 7
21 75 7
21 75 7
21 75 7
21 75 7
21 75 7
21 75 7
21 75 7
21 75 7
21 75 7
21 75 7
21 75 7
21 75 7
21 75 7
21 75 7
21 75 7
21 75 7
21 75 7
21 75 7
21 75 7
21 75 7
21 75 7
21 75 7
21 75 7
21 75 7
21 75 7
21 75 7
21 75 7
21 75 7
21 75 7
21 75 7
21 75 7
21 75 7
21 75 7
21 75 7
21 75 7
21 75 7
21 75 7
21 75 7
21 75 7
21 75 7
21 75 7
21 75 7
21 75 7
21 75 7
21 75 7
21 75 7
21 75 7
21 75 7
21 75 7
21 75 7
21 75 7
21 75 7
21 75 7
21 75 7
21 75 7
21 75 7
21 75 7
21 75 7
21 75 7
21 75 7
21 75 7
21 75 7
21 75 7
21 75 7
21 75 7
21 75 7
21 75 7
21 75 7
21 75 7
21 75 7
21 75 7
21 75 7
21 75 7
21 75 7
21 75 7
21 75 7
21 75 7
21 75 7
21 75 7
21 75 7
21 75 7
21 75 7
21 75 7
21 75 7
21 75 7
21 75 7
21 75 7
21 75 7
21 75 7
21 75 7
21 75 7
21 75 7
21 75 7
21 75 7
21 75 7
21 75 7
21 75 7
21 75 7
21 75 7
21 75 7
21 75 7
21 75 7
21 75 7
21 75 7
21 75 7
21 75 7
21 75 7
21 75 7
21 75 7
21 75 7
21 75 7
21 75 7
21 75 7
21 75 7
21 75 7
21 75 7
21 75 7
21 75 7
21 75 7
21 75 7
21 75 7
21 75 7
21 75 7
21 75 7
21 75 7
21 75 7
21 75 7
21 75 7
21 75 7
21 75 7
21 75 7
21 75 7
21 75 7
21 75 7
21 75 7
21 75 7
21 75 7
21 75 7
21 75 7
21 75 7
21 75 7
21 75 7
21 75 7
21 75 7
21 75 7
21 75 7
21 75 7
21 75 7
21 75 7
21 75 7
21 75 7
21 75 7
21 75 7
21 75 7
21 75 7
21 75 7
21 75 7
21 75 7
21 75 7
21 75 7
21 75 7
21 75 7
21 75 7
21 75 7
21 75 7
21 75 7
21 75 7
21 75 7
21 75 7
21 75 7
21 75 7
21 75 7
21 75 7
21 75 7
21 75 7
21 75 7
21 75 7
21 75 7
21 75 7
21 75 7
21 75 7
21 75 7
21 75 7
21 75 7
21 75 7
21 75 7
21 75 7
21 75 7
21 75 7
21 75 7
21 75 7
21 75 7
21 75 7
21 75 7
21 75 7
21 75 7
21 75 7
21 75 7
21 75 7
21 75 7
21 75 7
21 75 7
21 75 7
21 75 7
21 75 7
21 75 7
21 75 7
21 75 7
21 75 7
21 75 7
21 75 7
21 75 7
20 75 501
20 75 7
20 75 7
20 75 7
20 75 7
20 75 7
20 75 7
20 75 7
20 75 7
20 75 7
20 75 7
20 75 7
20 75 7
20 75 7
20 75 7
20 75 7
20 75 7
20 75 7
20 75 7
20 75 7
20 75 7
20 75 7
20 75 7
20 75 7
20 75 7
20 75 7
20 75 7
20 75 7
20 75 7
20 75 7
20 75 7
20 75 7
20 75 7
20 75 7
20 75 7
20 75 7
20 75 7
20 75 7
20 75 7
20 75 7
20 75 7
20 75 7
20 75 7
20 75 7
20 75 7
20 75 7
20 75 7
20 75 7
20 75 7
20 75 7
20 75 7
20 75 7
20 75 7
20 75 7
20 75 7
20 75 7
20 75 7
20 75 7
20 75 7
20 75 7
20 75 7
20 75 7
20 75 7
20 75 7
20 75 7
20 75 7
20 75 7
20 75 7
20 75 7
20 75 7
20 75 7
20 75 7
20 75 7
20 75 7
20 75 7
20 75 7
20 75 7
20 75 7
20 75 7
20 75 7
20 75 7
20 75 7
20 75 7
20 75 7
20 75 7
20 75 7
20 75 7
20 75 7
20 75 7
20 75 7
20 75 7
20 75 7
20 75 7
20 75 7
20 75 7
20 75 7
20 75 7
20 75 7
20 75 7
20 75 7
20 75 7
20 75 7
20 75 7
20 75 7
20 75 7
20 75 7
20 75 7
20 75 7
20 75 7
20 75 7
20 75 7
20 75 7
20 75 7
20 75 7
20 75 7
20 75 7
20 75 7
20 75 7
20 75 7
20 75 7
20 75 7
20 75 7
20 75 7
20 75 7
20 75 7
20 75 7
20 75 7
20 75 7
20 75 7
20 75 7
20 75 7
20 75 7
20 75 7
20 75 7
20 75 7
20 75 7
20 75 7
20 75 7
20 75 7
20 75 7
20 75 7
20 75 7
20 75 7
20 75 7
20 75 7
20 75 7
20 75 7
20 75 7
20 75 7
20 75 7
20 75 7
20 75 7
20 75 7
20 75 7
20 75 7
20 75 7
20 75 7
20 75 7
20 75 7
20 75 7
20 75 7
20 75 7
20 75 7
20 75 7
20 75 7
20 75 7
20 75 7
20 75 7
20 75 7
20 75 7
20 75 7
20 75 7
20 75 7
20 75 7
20 75 7
20 75 7
20 75 7
20 75 7
20 75 7
20 75 7
20 75 7
20 75 7
20 75 7
20 75 7
20 75 7
20 75 7
20 75 7
20 75 7
20 75 7
20 75 7
20 75 7
20 75 7
20 75 7
20 75 7
20 75 7
20 75 7
20 75 7
20 75 7
20 75 7
20 75 7
20 75 7
20 75 7
20 75 7
20 75 7
20 75 7
20 75 7
20 75 7
20 75 7
20 75 7
20 75 7
20 75 7
20 75 7
20 75 7
20 75 7
20 75 7
20 75 7
20 75 7
20 75 7
20 75 7
20 75 7
20 75 7
20 75 7
20 75 7
20 75 7
20 75 7
20 75 7
20 75 7
20 75 7
20 75 7
20 75 7
20 75 7
20 75 7
20 75 7
20 75 7
20 75 7
20 75 7
20 75 7
20 75 7
20 75 7
20 75 7
20 75 7
20 75 7
20 75 7
20 75 7
20 75 7
20 75 7
20 75 7
20 75 7
20 75 7
20 75 7
20 75 7
20 75 7
20 75 7
20 75 7
20 75 7
20 75 7
20 75 7
20 75 7
20 75 7
20 75 7
20 75 7
20 75 7
20 75 7
20 75 7
20 75 7
20 75 7
20 75 7
20 75 7
20 75 7
20 75 7
20 75 7
20 75 7
20 75 7
20 75 7
20 75 7
20 75 7
20 75 7
20 75 7
20 75 7
20 75 7
20 75 7
20 75 7
20 75 7
20 75 7
20 75 7
20 75 7
20 75 7
20 75 7
20 75 7
20 75 7
20 75 7
20 75 7
20 75 7
20 75 7
20 75 7
20 75 7
20 75 7
20 75 7
20 75 7
20 75 7
20 75 7
20 75 7
20 75 7
20 75 7
20 75 7
20 75 7
20 75 7
20 75 7
20 75 7
20 75 7
20 75 7
20 75 7
20 75 7
20 75 7
20 75 7
20 75 7
20 75 7
20 75 7
20 75 7
20 75 7
20 75 7
20 75 7
20 75 7
20 75 7
20 75 7
20 75 7
20 75 7
20 75 7
20 75 7
20 75 7
20 75 7
20 75 7
20 75 7
20 75 7
20 75 7
20 75 7
20 75 7
20 75 7
20 75 7
20 75 7
20 75 7
20 75 7
20 75 7
20 75 7
20 75 7
20 75 7
20 75 7
20 75 7
20 75 7
20 75 7
20 75 7
20 75 7
20 75 7
20 75 7
20 75 7
20 75 7
20 75 7
20 75 7
20 75 7
20 75 7
20 75 7
20 75 7
20 75 7
20 75 7
20 74 488
20 74 7
20 74 7
20 74 7
20 74 7
20 74 7
20 74 7
20 74 7
20 74 7
20 74 7
20 74 7
20 74 7
20 74 7
20 74 7
20 74 7
20 74 7
20 74 7
20 74 7
20 74 7
20 74 7
20 74 7
20 74 7
20 74 7
20 74 7
20 74 7
20 74 7
20 74 7
20 74 7
20 74 7
20 74 7
20 74 7
20 74 7
20 74 7
20 74 7
20 74 7
20 74 7
20 74 7
20 74 7
20 74 7
20 74 7
20 74 7
20 74 7
20 74 7
20 74 7
20 74 7
20 74 7
20 74 7
20 74 7
20 74 7
20 74 7
20 74 7
20 74 7
20 74 7
20 74 7
20 74 7
20 74 7
20 74 7
20 74 7
20 74 7
20 74 7
20 74 7
20 74 7
20 74 7
20 74 7
20 74 7
20 74 7
20 74 7
20 74 7
20 74 7
20 74 7
20 74 7
20 74 7
20 74 7
20 74 7
20 74 7
20 74 7
20 74 7
20 74 7
20 74 7
20 74 7
20 74 7
20 74 7
20 74 7
20 74 7
20 74 7
20 74 7
20 74 7
20 74 7
20 74 7
20 74 7
20 74 7
20 74 7
20 74 7
20 74 7
20 74 7
20 74 7
20 74 7
20 74 7
20 74 7
20 74 7
20 74 7
20 74 7
20 74 7
20 74 7
20 74 7
20 74 7
20 74 7
20 74 7
20 74 7
20 74 7
20 74 7
20 74 7
20 74 7
20 74 7
20 74 7
20 74 7
20 74 7
20 74 7
20 74 7
20 74 7
20 74 7
20 74 7
20 74 7
20 74 7
20 74 7
20 74 7
20 74 7
20 74 7
20 74 7
20 74 7
20 74 7
20 74 7
20 74 7
20 74 7
20 74 7
20 74 7
20 74 7
20 74 7
20 74 7
20 74 7
20 74 7
20 74 7
20 74 7
20 74 7
20 74 7
20 74 7
20 74 7
20 74 7
20 74 7
20 74 7
20 74 7
20 74 7
20 74 7
20 74 7
20 74 7
20 74 7
20 74 7
20 74 7
20 74 7
20 74 7
20 74 7
20 74 7
20 74 7
20 74 7
20 74 7
20 74 7
20 74 7
20 74 7
20 74 7
20 74 7
20 74 7
20 74 7
20 74 7
20 74 7
20 74 7
20 74 7
20 74 7
20 74 7
20 74 7
20 74 7
20 74 7
20 74 7
20 74 7
20 74 7
20 74 7
20 74 7
20 74 7
20 74 7
20 74 7
20 74 7
20 74 7
20 74 7
20 74 7
20 74 7
20 74 7
20 74 7
20 74 7
20 74 7
20 74 7
20 74 7
20 74 7
20 74 7
20 74 7
20 74 7
20 74 7
20 74 7
20 74 7
20 74 7
20 74 7
20 74 7
20 74 7
20 74 7
20 74 7
20 74 7
20 74 7
20 74 7
20 74 7
20 74 7
20 74 7
20 74 7
20 74 7
20 74 7
20 74 7
20 74 7
20 74 7
20 74 7
20 74 7
20 74 7
20 74 7
20 74 7
20 74 7
20 74 7
20 74 7
20 74 7
20 74 7
20 74 7
20 74 7
20 74 7
20 74 7
20 74 7
20 74 7
20 74 7
20 74 7
20 74 7
20 74 7
20 74 7
20 74 7
20 74 7
20 74 7
20 74 7
20 74 7
20 74 7
20 74 7
20 74 7
20 74 7
20 74 7
20 74 7
20 74 7
20 74 7
20 74 7
20 74 7
20 74 7
20 74 7
20 74 7
20 74 7
20 74 7
20 74 7
20 74 7
20 74 7
20 74 7
20 74 7
20 74 7
20 74 7
20 74 7
20 74 7
20 74 7
20 74 7
20 74 7
20 74 7
20 74 7
20 74 7
20 74 7
20 74 7
20 74 7
20 74 7
20 74 7
20 74 7
20 74 7
20 74 7
20 74 7
20 74 7
20 74 7
20 74 7
20 74 7
20 74 7
20 74 7
20 74 7
20 74 7
20 74 7
20 74 7
20 74 7
20 74 7
20 74 7
20 74 7
20 74 7
20 74 7
20 74 7
20 74 7
20 74 7
20 74 7
20 74 7
20 74 7
20 74 7
20 74 7
20 74 7
20 74 7
20 74 7
20 74 7
20 74 7
20 74 7
20 74 7
20 74 7
20 74 7
20 74 7
19 74 471
19 74 7
19 74 7
19 74 7
19 74 7
19 74 7
19 74 7
19 74 7
19 74 7
19 74 7
19 74 7
19 74 7
19 74 7
19 74 7
19 74 7
19 74 7
19 74 7
19 74 7
19 74 7
19 74 7
19 74 7
19 74 7
19 74 7
19 74 7
19 74 7
19 74 7
19 74 7
19 74 7
19 74 7
19 74 7
19 74 7
19 74 7
19 74 7
19 74 7
19 74 7
19 74 7
19 74 7
19 74 7
19 74 7
19 74 7
19 74 7
19 74 7
19 74 7
19 74 7
19 74 7
19 74 7
19 74 7
19 74 7
19 74 7
19 74 7
19 74 7
19 74 7
19 74 7
19 74 7
19 74 7
19 74 7
19 74 7
19 74 7
19 74 7
19 74 7
19 74 7
19 74 7
19 74 7
19 74 7
19 74 7
19 74 7
19 74 7
19 74 7
19 74 7
19 74 7
19 74 7
19 74 7
19 74 7
19 74 7
19 74 7
19 74 7
19 74 7
19 74 7
19 74 7
19 74 7
19 74 7
19 74 7
19 74 7
19 74 7
19 74 7
19 74 7
19 74 7
19 74 7
19 74 7
19 74 7
19 74 7
19 74 7
19 74 7
19 74 7
19 74 7
19 74 7
19 74 7
19 74 7
19 74 7
19 74 7
19 74 7
19 74 7
19 74 7
19 74 7
19 74 7
19 74 7
19 74 7
19 74 7
19 74 7
19 74 7
19 74 7
19 74 7
19 74 7
19 74 7
19 74 7
19 74 7
19 74 7
19 74 7
19 74 7
19 74 7
19 74 7
19 74 7
19 74 7
19 74 7
19 74 7
19 74 7
19 74 7
19 74 7
19 74 7
19 74 7
19 74 7
19 74 7
19 74 7
19 74 7
19 74 7
19 74 7
19 74 7
19 74 7
19 74 7
19 74 7
19 74 7
19 74 7
19 74 7
19 74 7
19 74 7
19 74 7
19 74 7
19 74 7
19 74 7
19 74 7
19 74 7
19 74 7
19 74 7
19 74 7
19 74 7
19 74 7
19 74 7
19 74 7
19 74 7
19 74 7
19 74 7
19 74 7
19 74 7
19 74 7
19 74 7
19 74 7
19 74 7
19 74 7
19 74 7
19 74 7
19 74 7
19 74 7
19 74 7
19 74 7
19 74 7
19 74 7
19 74 7
19 74 7
19 74 7
19 74 7
19 74 7
19 74 7
19 74 7
19 74 7
19 74 7
19 74 7
19 74 7
19 74 7
19 74 7
19 74 7
19 74 7
19 74 7
19 74 7
19 74 7
19 74 7
19 74 7
19 74 7
19 74 7
19 74 7
19 74 7
19 74 7
19 74 7
19 74 7
19 74 7
19 74 7
19 74 7
19 74 7
19 74 7
19 74 7
19 74 7
19 74 7
19 74 7
19 74 7
19 74 7
19 74 7
19 74 7
19 74 7
19 74 7
19 74 7
19 74 7
19 74 7
19 74 7
19 74 7
19 74 7
19 74 7
19 74 7
19 74 7
19 74 7
19 74 7
19 74 7
19 74 7
19 74 7
19 74 7
19 74 7
19 74 7
19 74 7
19 74 7
19 74 7
19 74 7
19 74 7
19 74 7
19 74 7
19 74 7
19 74 7
19 74 7
19 74 7
19 74 7
19 74 7
19 74 7
19 74 7
19 74 7
19 74 7
19 74 7
19 74 7
19 74 7
19 74 7
19 74 7
19 74 7
19 74 7
19 74 7
19 74 7
19 74 7
19 74 7
19 74 7
19 74 7
19 74 7
19 74 7
19 74 7
19 74 7
19 74 7
19 74 7
19 74 7
19 74 7
19 74 7
19 74 7
19 74 7
19 74 7
19 74 7
19 74 7
19 74 7
19 74 7
19 74 7
19 74 7
19 74 7
19 74 7
19 74 7
19 74 7
19 74 7
19 74 7
19 74 7
19 74 7
19 74 7
19 74 7
19 74 7
19 74 7
19 74 7
19 74 7
19 74 7
19 74 7
19 74 7
19 74 7
19 74 7
19 74 7
19 74 7
19 74 7
19 74 7
19 74 7
19 74 7
19 74 7
19 74 7
19 74 7
19 74 7
19 74 7
19 74 7
19 74 7
19 74 7
19 74 7
19 74 7
19 74 7
19 74 7
19 74 7
19 74 7
19 74 7
19 74 7
19 74 7
19 74 7
19 74 7
19 74 7
19 74 7
19 74 7
19 74 7
19 74 7
19 74 7
19 74 7
19 74 7
19 74 7
19 74 7
18 74 451
18 74 7
18 74 7
18 74 7
18 74 7
18 74 7
18 74 7
18 74 7
18 74 7
18 74 7
18 74 7
18 74 7
18 74 7
18 74 7
18 74 7
18 74 7
18 74 7
18 74 7
18 74 7
18 74 7
18 74 7
18 74 7
18 74 7
18 74 7
18 74 7
18 74 7
18 74 7
18 74 7
18 74 7
18 74 7
18 74 7
18 74 7
18 74 7
18 74 7
18 74 7
18 74 7
18 74 7
18 74 7
18 74 7
18 74 7
18 74 7
18 74 7
18 74 7
18 74 7
18 74 7
18 74 7
18 74 7
18 74 7
18 74 7
18 74 7
18 74 7
18 74 7
18 74 7
18 74 7
18 74 7
18 74 7
18 74 7
18 74 7
18 74 7
18 74 7
18 74 7
18 74 7
18 74 7
18 74 7
18 74 7
18 74 7
18 74 7
18 74 7
18 74 7
18 74 7
18 74 7
18 74 7
18 74 7
18 74 7
18 74 7
18 74 7
18 74 7
18 74 7
18 74 7
18 74 7
18 74 7
18 74 7
18 74 7
18 74 7
18 74 7
18 74 7
18 74 7
18 74 7
18 74 7
18 74 7
18 74 7
18 74 7
18 74 7
18 74 7
18 74 7
18 74 7
18 74 7
18 74 7
18 74 7
18 74 7
18 74 7
18 74 7
18 74 7
18 74 7
18 74 7
18 74 7
18 74 7
18 74 7
18 74 7
18 74 7
18 74 7
18 74 7
18 74 7
18 74 7
18 74 7
18 74 7
18 74 7
18 74 7
18 74 7
18 74 7
18 74 7
18 74 7
18 74 7
18 74 7
18 74 7
18 74 7
18 74 7
18 74 7
18 74 7
18 74 7
18 74 7
18 74 7
18 74 7
18 74 7
18 74 7
18 74 7
18 74 7
18 74 7
18 74 7
18 74 7
18 74 7
18 74 7
18 74 7
18 74 7
18 74 7
18 74 7
18 74 7
18 74 7
18 74 7
18 74 7
18 74 7
18 74 7
18 74 7
18 74 7
18 74 7
18 74 7
18 74 7
18 74 7
18 74 7
18 74 7
18 74 7
18 74 7
18 74 7
18 74 7
18 74 7
18 74 7
18 74 7
18 74 7
18 74 7
18 74 7
18 74 7
18 74 7
18 74 7
18 74 7
18 74 7
18 74 7
18 74 7
18 74 7
18 74 7
18 74 7
18 74 7
18 74 7
18 74 7
18 74 7
18 74 7
18 74 7
18 74 7
18 74 7
18 74 7
18 74 7
18 74 7
18 74 7
18 74 7
18 74 7
18 74 7
18 74 7
18 74 7
18 74 7
18 74 7
18 74 7
18 74 7
18 74 7
18 74 7
18 74 7
18 74 7
18 74 7
18 74 7
18 74 7
18 74 7
18 74 7
18 74 7
18 74 7
18 74 7
18 74 7
18 74 7
18 74 7
18 74 7
18 74 7
18 74 7
18 74 7
18 74 7
18 74 7
18 74 7
18 74 7
18 74 7
18 74 7
18 74 7
18 74 7
18 74 7
18 74 7
18 74 7
18 74 7
18 74 7
18 74 7
18 74 7
18 74 7
18 74 7
18 74 7
18 74 7
18 74 7
18 74 7
18 74 7
18 74 7
18 74 7
18 74 7
18 74 7
18 74 7
18 74 7
18 74 7
18 74 7
18 74 7
18 74 7
18 74 7
18 74 7
18 74 7
18 74 7
18 74 7
18 74 7
18 74 7
18 74 7
18 74 7
18 74 7
18 74 7
18 74 7
18 74 7
18 74 7
18 74 7
18 74 7
18 74 7
18 74 7
18 74 7
18 74 7
18 74 7
18 74 7
18 74 7
18 74 7
18 74 7
18 74 7
18 74 7
18 74 7
18 74 7
18 74 7
18 74 7
18 74 7
18 74 7
18 74 7
18 74 7
18 74 7
18 74 7
18 74 7
18 74 7
18 74 7
18 74 7
18 74 7
18 74 7
18 74 7
18 74 7
18 74 7
18 74 7
18 74 7
18 74 7
18 74 7
18 74 7
18 74 7
18 74 7
18 74 7
18 74 7
18 74 7
18 74 7
18 74 7
18 74 7
18 74 7
18 74 7
18 74 7
18 74 7
18 74 7
18 74 7
18 74 7
18 74 7
18 74 7
18 74 7
18 74 7
18 74 7
18 74 7
18 74 7
18 74 7
18 74 7
18 74 7
18 74 7
18 74 7
18 74 7
18 74 7
18 74 7
18 74 7
18 74 7
18 74 7
18 74 7
18 74 7
18 74 7
18 74 7
18 74 7
18 74 7
18 74 7
17 74 429
17 74 7
17 74 7
17 74 7
17 74 7
17 74 7
17 74 7
17 74 7
17 74 7
17 74 7
17 74 7
17 74 7
17 74 7
17 74 7
17 74 7
17 74 7
17 74 7
17 74 7
17 74 7
17 74 7
17 74 7
17 74 7
17 74 7
17 74 7
17 74 7
17 74 7
17 74 7
17 74 7
17 74 7
17 74 7
17 74 7
17 74 7
17 74 7
17 74 7
17 74 7
17 74 7
17 74 7
17 74 7
17 74 7
17 74 7
17 74 7
17 74 7
17 74 7
17 74 7
17 74 7
17 74 7
17 74 7
17 74 7
17 74 7
17 74 7
17 74 7
17 74 7
17 74 7
17 74 7
17 74 7
17 74 7
17 74 7
17 74 7
17 74 7
17 74 7
17 74 7
17 74 7
17 74 7
17 74 7
17 74 7
17 74 7
17 74 7
17 74 7
17 74 7
17 74 7
17 74 7
17 74 7
17 74 7
17 74 7
17 74 7
17 74 7
17 74 7
17 74 7
17 74 7
17 74 7
17 74 7
17 74 7
17 74 7
17 74 7
17 74 7
17 74 7
17 74 7
17 74 7
17 74 7
17 74 7
17 74 7
17 74 7
17 74 7
17 74 7
17 74 7
17 74 7
17 74 7
17 74 7
17 74 7
17 74 7
17 74 7
17 74 7
17 74 7
17 74 7
17 74 7
17 74 7
17 74 7
17 74 7
17 74 7
17 74 7
17 74 7
17 74 7
17 74 7
17 74 7
17 74 7
17 74 7
17 74 7
17 74 7
17 74 7
17 74 7
17 74 7
17 74 7
17 74 7
17 74 7
17 74 7
17 74 7
17 74 7
17 74 7
17 74 7
17 74 7
17 74 7
17 74 7
17 74 7
17 74 7
17 74 7
17 74 7
17 74 7
17 74 7
17 74 7
17 74 7
17 74 7
17 74 7
17 74 7
17 74 7
17 74 7
17 74 7
17 74 7
17 74 7
17 74 7
17 74 7
17 74 7
17 74 7
17 74 7
17 74 7
17 74 7
17 74 7
17 74 7
17 74 7
17 74 7
17 74 7
17 74 7
17 74 7
17 74 7
17 74 7
17 74 7
17 74 7
17 74 7
17 74 7
17 74 7
17 74 7
17 74 7
17 74 7
17 74 7
17 74 7
17 74 7
17 74 7
17 74 7
17 74 7
17 74 7
17 74 7
17 74 7
17 74 7
17 74 7
17 74 7
17 74 7
17 74 7
17 74 7
17 74 7
17 74 7
17 74 7
17 74 7
17 74 7
17 74 7
17 74 7
17 74 7
17 74 7
17 74 7
17 74 7
17 74 7
17 74 7
17 74 7
17 74 7
17 74 7
17 74 7
17 74 7
17 74 7
17 74 7
17 74 7
17 74 7
17 74 7
17 74 7
17 74 7
17 74 7
17 74 7
17 74 7
17 74 7
17 74 7
17 74 7
17 74 7
17 74 7
17 74 7
17 74 7
17 74 7
17 74 7
17 74 7
17 74 7
17 74 7
17 74 7
17 74 7
17 74 7
17 74 7
17 74 7
17 74 7
17 74 7
17 74 7
17 74 7
17 74 7
17 74 7
17 74 7
17 74 7
17 74 7
17 74 7
17 74 7
17 74 7
17 74 7
17 74 7
17 74 7
17 74 7
17 74 7
17 74 7
17 74 7
17 74 7
17 74 7
17 74 7
17 74 7
17 74 7
17 74 7
17 74 7
17 74 7
17 74 7
17 74 7
17 74 7
17 74 7
17 74 7
17 74 7
17 74 7
17 74 7
17 74 7
17 74 7
17 74 7
17 74 7
17 74 7
17 74 7
17 74 7
17 74 7
17 74 7
17 74 7
17 74 7
17 74 7
17 74 7
17 74 7
17 74 7
17 74 7
17 74 7
17 74 7
17 74 7
17 74 7
17 74 7
17 74 7
17 74 7
17 74 7
17 74 7
17 74 7
17 74 7
17 74 7
17 74 7
17 74 7
17 74 7
17 74 7
17 74 7
17 74 7
17 74 7
17 74 7
17 74 7
17 74 7
17 74 7
17 74 7
17 74 7
17 74 7
17 74 7
17 74 7
17 74 7
17 74 7
17 74 7
17 74 7
17 74 7
17 74 7
17 74 7
17 74 7
17 74 7
17 74 7
17 74 7
17 74 7
17 74 7
17 74 7
17 74 7
17 74 7
17 74 7
17 74 7
17 74 7
17 74 7
17 74 7
17 74 7
17 74 7
17 74 7
17 74 7
17 74 7
17 74 7
17 74 7
17 74 7
17 73 404
17 73 7
17 73 7
17 73 7
17 73 7
17 73 7
17 73 7
17 73 7
17 73 7
17 73 7
17 73 7
17 73 7
17 73 7
17 73 7
17 73 7
17 73 7
17 73 7
17 73 7
17 73 7
17 73 7
17 73 7
17 73 7
17 73 7
17 73 7
17 73 7
17 73 7
17 73 7
17 73 7
17 73 7
17 73 7
17 73 7
17 73 7
17 73 7
17 73 7
17 73 7
17 73 7
17 73 7
17 73 7
17 73 7
17 73 7
17 73 7
17 73 7
17 73 7
17 73 7
17 73 7
17 73 7
17 73 7
17 73 7
17 73 7
17 73 7
17 73 7
17 73 7
17 73 7
17 73 7
17 73 7
17 73 7
17 73 7
17 73 7
17 73 7
17 73 7
17 73 7
17 73 7
17 73 7
17 73 7
17 73 7
17 73 7
17 73 7
17 73 7
17 73 7
17 73 7
17 73 7
17 73 7
17 73 7
17 73 7
17 73 7
17 73 7
17 73 7
17 73 7
17 73 7
17 73 7
17 73 7
17 73 7
17 73 7
17 73 7
17 73 7
17 73 7
17 73 7
17 73 7
17 73 7
17 73 7
17 73 7
17 73 7
17 73 7
17 73 7
17 73 7
17 73 7
17 73 7
17 73 7
17 73 7
17 73 7
17 73 7
17 73 7
17 73 7
17 73 7
17 73 7
17 73 7
17 73 7
17 73 7
17 73 7
17 73 7
17 73 7
17 73 7
17 73 7
17 73 7
17 73 7
17 73 7
17 73 7
17 73 7
17 73 7
17 73 7
17 73 7
17 73 7
17 73 7
17 73 7
17 73 7
17 73 7
17 73 7
17 73 7
17 73 7
17 73 7
17 73 7
17 73 7
17 73 7
17 73 7
17 73 7
17 73 7
17 73 7
17 73 7
17 73 7
17 73 7
17 73 7
17 73 7
17 73 7
17 73 7
17 73 7
17 73 7
17 73 7
17 73 7
17 73 7
17 73 7
17 73 7
17 73 7
17 73 7
17 73 7
17 73 7
17 73 7
17 73 7
17 73 7
17 73 7
17 73 7
17 73 7
17 73 7
17 73 7
17 73 7
17 73 7
17 73 7
17 73 7
17 73 7
17 73 7
17 73 7
17 73 7
17 73 7
17 73 7
17 73 7
17 73 7
17 73 7
17 73 7
17 73 7
17 73 7
17 73 7
17 73 7
17 73 7
17 73 7
17 73 7
17 73 7
17 73 7
17 73 7
17 73 7
17 73 7
17 73 7
17 73 7
17 73 7
17 73 7
17 73 7
17 73 7
17 73 7
17 73 7
17 73 7
17 73 7
17 73 7
17 73 7
17 73 7
17 73 7
17 73 7
17 73 7
17 73 7
17 73 7
17 73 7
17 73 7
17 73 7
17 73 7
17 73 7
17 73 7
17 73 7
17 73 7
17 73 7
17 73 7
17 73 7
17 73 7
17 73 7
17 73 7
17 73 7
17 73 7
17 73 7
17 73 7
17 73 7
17 73 7
17 73 7
17 73 7
17 73 7
17 73 7
17 73 7
17 73 7
17 73 7
17 73 7
17 73 7
17 73 7
17 73 7
17 73 7
17 73 7
17 73 7
17 73 7
17 73 7
17 73 7
17 73 7
17 73 7
17 73 7
17 73 7
17 73 7
17 73 7
17 73 7
17 73 7
17 73 7
17 73 7
17 73 7
17 73 7
17 73 7
17 73 7
17 73 7
17 73 7
17 73 7
17 73 7
17 73 7
17 73 7
17 73 7
17 73 7
17 73 7
17 73 7
17 73 7
17 73 7
17 73 7
17 73 7
17 73 7
17 73 7
17 73 7
17 73 7
17 73 7
17 73 7
17 73 7
17 73 7
17 73 7
17 73 7
17 73 7
17 73 7
17 73 7
17 73 7
17 73 7
17 73 7
17 73 7
17 73 7
16 73 375
16 73 7
16 73 7
16 73 7
16 73 7
16 73 7
16 73 7
16 73 7
16 73 7
16 73 7
16 73 7
16 73 7
16 73 7
16 73 7
16 73 7
16 73 7
16 73 7
16 73 7
16 73 7
16 73 7
16 73 7
16 73 7
16 73 7
16 73 7
16 73 7
16 73 7
16 73 7
16 73 7
16 73 7
16 73 7
16 73 7
16 73 7
16 73 7
16 73 7
16 73 7
16 73 7
16 73 7
16 73 7
16 73 7
16 73 7
16 73 7
16 73 7
16 73 7
16 73 7
16 73 7
16 73 7
16 73 7
16 73 7
16 73 7
16 73 7
16 73 7
16 73 7
16 73 7
16 73 7
16 73 7
16 73 7
16 73 7
16 73 7
16 73 7
16 73 7
16 73 7
16 73 7
16 73 7
16 73 7
16 73 7
16 73 7
16 73 7
16 73 7
16 73 7
16 73 7
16 73 7
16 73 7
16 73 7
16 73 7
16 73 7
16 73 7
16 73 7
16 73 7
16 73 7
16 73 7
16 73 7
16 73 7
16 73 7
16 73 7
16 73 7
16 73 7
16 73 7
16 73 7
16 73 7
16 73 7
16 73 7
16 73 7
16 73 7
16 73 7
16 73 7
16 73 7
16 73 7
16 73 7
16 73 7
16 73 7
16 73 7
16 73 7
16 73 7
16 73 7
16 73 7
16 73 7
16 73 7
16 73 7
16 73 7
16 73 7
16 73 7
16 73 7
16 73 7
16 73 7
16 73 7
16 73 7
16 73 7
16 73 7
16 73 7
16 73 7
16 73 7
16 73 7
16 73 7
16 73 7
16 73 7
16 73 7
16 73 7
16 73 7
16 73 7
16 73 7
16 73 7
16 73 7
16 73 7
16 73 7
16 73 7
16 73 7
16 73 7
16 73 7
16 73 7
16 73 7
16 73 7
16 73 7
16 73 7
16 73 7
16 73 7
16 73 7
16 73 7
16 73 7
16 73 7
16 73 7
16 73 7
16 73 7
16 73 7
16 73 7
16 73 7
16 73 7
16 73 7
16 73 7
16 73 7
16 73 7
16 73 7
16 73 7
16 73 7
16 73 7
16 73 7
16 73 7
16 73 7
16 73 7
16 73 7
16 73 7
16 73 7
16 73 7
16 73 7
16 73 7
16 73 7
16 73 7
16 73 7
16 73 7
16 73 7
16 73 7
16 73 7
16 73 7
16 73 7
16 73 7
16 73 7
16 73 7
16 73 7
16 73 7
16 73 7
16 73 7
16 73 7
16 73 7
16 73 7
16 73 7
16 73 7
16 73 7
16 73 7
16 73 7
16 73 7
16 73 7
16 73 7
16 73 7
16 73 7
16 73 7
16 73 7
16 73 7
16 73 7
16 73 7
16 73 7
16 73 7
16 73 7
16 73 7
16 73 7
16 73 7
16 73 7
16 73 7
16 73 7
16 73 7
16 73 7
16 73 7
16 73 7
16 73 7
16 73 7
16 73 7
16 73 7
16 73 7
16 73 7
16 73 7
16 73 7
16 73 7
16 73 7
16 73 7
16 73 7
16 73 7
16 73 7
16 73 7
16 73 7
16 73 7
16 73 7
16 73 7
16 73 7
16 73 7
16 73 7
16 73 7
16 73 7
16 73 7
16 73 7
16 73 7
16 73 7
16 73 7
16 73 7
16 73 7
16 73 7
16 73 7
16 73 7
16 73 7
16 73 7
16 73 7
16 73 7
16 73 7
16 73 7
16 73 7
16 73 7
16 73 7
16 73 7
16 73 7
16 73 7
16 73 7
16 73 7
16 73 7
16 73 7
16 73 7
16 73 7
16 73 7
16 73 7
16 73 7
16 73 7
16 73 7
15 73 344
15 73 7
15 73 7
15 73 7
15 73 7
15 73 7
15 73 7
15 73 7
15 73 7
15 73 7
15 73 7
15 73 7
15 73 7
15 73 7
15 73 7
15 73 7
15 73 7
15 73 7
15 73 7
15 73 7
15 73 7
15 73 7
15 73 7
15 73 7
15 73 7
15 73 7
15 73 7
15 73 7
15 73 7
15 73 7
15 73 7
15 73 7
15 73 7
15 73 7
15 73 7
15 73 7
15 73 7
15 73 7
15 73 7
15 73 7
15 73 7
15 73 7
15 73 7
15 73 7
15 73 7
15 73 7
15 73 7
15 73 7
15 73 7
15 73 7
15 73 7
15 73 7
15 73 7
15 73 7
15 73 7
15 73 7
15 73 7
15 73 7
15 73 7
15 73 7
15 73 7
15 73 7
15 73 7
15 73 7
15 73 7
15 73 7
15 73 7
15 73 7
15 73 7
15 73 7
15 73 7
15 73 7
15 73 7
15 73 7
15 73 7
15 73 7
15 73 7
15 73 7
15 73 7
15 73 7
15 73 7
15 73 7
15 73 7
15 73 7
15 73 7
15 73 7
15 73 7
15 73 7
15 73 7
15 73 7
15 73 7
15 73 7
15 73 7
15 73 7
15 73 7
15 73 7
15 73 7
15 73 7
15 73 7
15 73 7
15 73 7
15 73 7
15 73 7
15 73 7
15 73 7
15 73 7
15 73 7
15 73 7
15 73 7
15 73 7
15 73 7
15 73 7
15 73 7
15 73 7
15 73 7
15 73 7
15 73 7
15 73 7
15 73 7
15 73 7
15 73 7
15 73 7
15 73 7
15 73 7
15 73 7
15 73 7
15 73 7
15 73 7
15 73 7
15 73 7
15 73 7
15 73 7
15 73 7
15 73 7
15 73 7
15 73 7
15 73 7
15 73 7
15 73 7
15 73 7
15 73 7
15 73 7
15 73 7
15 73 7
15 73 7
15 73 7
15 73 7
15 73 7
15 73 7
15 73 7
15 73 7
15 73 7
15 73 7
15 73 7
15 73 7
15 73 7
15 73 7
15 73 7
15 73 7
15 73 7
15 73 7
15 73 7
15 73 7
15 73 7
15 73 7
15 73 7
15 73 7
15 73 7
15 73 7
15 73 7
15 73 7
15 73 7
15 73 7
15 73 7
15 73 7
15 73 7
15 73 7
15 73 7
15 73 7
15 73 7
15 73 7
15 73 7
15 73 7
15 73 7
15 73 7
15 73 7
15 73 7
15 73 7
15 73 7
15 73 7
15 73 7
15 73 7
15 73 7
15 73 7
15 73 7
15 73 7
15 73 7
15 73 7
15 73 7
15 73 7
15 73 7
15 73 7
15 73 7
15 73 7
15 73 7
15 73 7
15 73 7
15 73 7
15 73 7
15 73 7
15 73 7
15 73 7
15 73 7
15 73 7
15 73 7
15 73 7
15 73 7
15 73 7
15 73 7
15 73 7
15 73 7
15 73 7
15 73 7
15 73 7
15 73 7
15 73 7
15 73 7
15 73 7
15 73 7
15 73 7
15 73 7
15 73 7
15 73 7
15 73 7
15 73 7
15 73 7
15 73 7
15 73 7
15 73 7
15 73 7
15 73 7
15 73 7
15 73 7
15 73 7
15 73 7
15 73 7
15 73 7
15 73 7
15 73 7
15 73 7
15 73 7
15 73 7
15 73 7
15 73 7
15 73 7
15 73 7
15 73 7
15 73 7
14 73 312
14 73 7
14 73 7
14 73 7
14 73 7
14 73 7
14 73 7
14 73 7
14 73 7
14 73 7
14 73 7
14 73 7
14 73 7
14 73 7
14 73 7
14 73 7
14 73 7
14 73 7
14 73 7
14 73 7
14 73 7
14 73 7
14 73 7
14 73 7
14 73 7
14 73 7
14 73 7
14 73 7
14 73 7
14 73 7
14 73 7
14 73 7
14 73 7
14 73 7
14 73 7
14 73 7
14 73 7
14 73 7
14 73 7
14 73 7
14 73 7
14 73 7
14 73 7
14 73 7
14 73 7
14 73 7
14 73 7
14 73 7
14 73 7
14 73 7
14 73 7
14 73 7
14 73 7
14 73 7
14 73 7
14 73 7
14 73 7
14 73 7
14 73 7
14 73 7
14 73 7
14 73 7
14 73 7
14 73 7
14 73 7
14 73 7
14 73 7
14 73 7
14 73 7
14 73 7
14 73 7
14 73 7
14 73 7
14 73 7
14 73 7
14 73 7
14 73 7
14 73 7
14 73 7
14 73 7
14 73 7
14 73 7
14 73 7
14 73 7
14 73 7
14 73 7
14 73 7
14 73 7
14 73 7
14 73 7
14 73 7
14 73 7
14 73 7
14 73 7
14 73 7
14 73 7
14 73 7
14 73 7
14 73 7
14 73 7
14 73 7
14 73 7
14 73 7
14 73 7
14 73 7
14 73 7
14 73 7
14 73 7
14 73 7
14 73 7
14 73 7
14 73 7
14 73 7
14 73 7
14 73 7
14 73 7
14 73 7
14 73 7
14 73 7
14 73 7
14 73 7
14 73 7
14 73 7
14 73 7
14 73 7
14 73 7
14 73 7
14 73 7
14 73 7
14 73 7
14 73 7
14 73 7
14 73 7
14 73 7
14 73 7
14 73 7
14 73 7
14 73 7
14 73 7
14 73 7
14 73 7
14 73 7
14 73 7
14 73 7
14 73 7
14 73 7
14 73 7
14 73 7
14 73 7
14 73 7
14 73 7
14 73 7
14 73 7
14 73 7
14 73 7
14 73 7
14 73 7
14 73 7
14 73 7
14 73 7
14 73 7
14 73 7
14 73 7
14 73 7
14 73 7
14 73 7
14 73 7
14 73 7
14 73 7
14 73 7
14 73 7
14 73 7
14 73 7
14 73 7
14 73 7
14 73 7
14 73 7
14 73 7
14 73 7
14 73 7
14 73 7
14 73 7
14 73 7
14 73 7
14 73 7
14 73 7
14 73 7
14 73 7
14 73 7
14 73 7
14 73 7
14 73 7
14 73 7
14 73 7
14 73 7
14 73 7
14 73 7
14 73 7
14 73 7
14 73 7
14 73 7
14 73 7
14 73 7
14 73 7
14 73 7
14 73 7
14 73 7
14 73 7
14 73 7
14 73 7
14 73 7
14 73 7
14 73 7
14 73 7
14 73 7
14 73 7
14 73 7
14 73 7
14 73 7
14 73 7
14 73 7
14 73 7
14 73 7
14 73 7
14 73 7
14 73 7
14 73 7
14 73 7
14 73 7
13 73 278
13 73 7
13 73 7
13 73 7
13 73 7
13 73 7
13 73 7
13 73 7
13 73 7
13 73 7
13 73 7
13 73 7
13 73 7
13 73 7
13 73 7
13 73 7
13 73 7
13 73 7
13 73 7
13 73 7
13 73 7
13 73 7
13 73 7
13 73 7
13 73 7
13 73 7
13 73 7
13 73 7
13 73 7
13 73 7
13 73 7
13 73 7
13 73 7
13 73 7
13 73 7
13 73 7
13 73 7
13 73 7
13 73 7
13 73 7
13 73 7
13 73 7
13 73 7
13 73 7
13 73 7
13 73 7
13 73 7
13 73 7
13 73 7
13 73 7
13 73 7
13 73 7
13 73 7
13 73 7
13 73 7
13 73 7
13 73 7
13 73 7
13 73 7
13 73 7
13 73 7
13 73 7
13 73 7
13 73 7
13 73 7
13 73 7
13 73 7
13 73 7
13 73 7
13 73 7
13 73 7
13 73 7
13 73 7
13 73 7
13 73 7
13 73 7
13 73 7
13 73 7
13 73 7
13 73 7
13 73 7
13 73 7
13 73 7
13 73 7
13 73 7
13 73 7
13 73 7
13 73 7
13 73 7
13 73 7
13 73 7
13 73 7
13 73 7
13 73 7
13 73 7
13 73 7
13 73 7
13 73 7
13 73 7
13 73 7
13 73 7
13 73 7
13 73 7
13 73 7
13 73 7
13 73 7
13 73 7
13 73 7
13 73 7
13 73 7
13 73 7
13 73 7
13 73 7
13 73 7
13 73 7
13 73 7
13 73 7
13 73 7
13 73 7
13 73 7
13 73 7
13 73 7
13 73 7
13 73 7
13 73 7
13 73 7
13 73 7
13 73 7
13 73 7
13 73 7
13 73 7
13 73 7
13 73 7
13 73 7
13 73 7
13 73 7
13 73 7
13 73 7
13 73 7
13 73 7
13 73 7
13 73 7
13 73 7
13 73 7
13 73 7
13 73 7
13 73 7
13 73 7
13 73 7
13 73 7
13 73 7
13 73 7
13 73 7
13 73 7
13 73 7
13 73 7
13 73 7
13 73 7
13 73 7
13 73 7
13 73 7
13 73 7
13 73 7
13 73 7
13 73 7
13 73 7
13 73 7
13 73 7
13 73 7
13 73 7
13 73 7
13 73 7
13 73 7
13 73 7
13 73 7
13 73 7
13 73 7
13 73 7
13 73 7
13 73 7
13 73 7
13 73 7
13 73 7
13 73 7
13 73 7
13 73 7
13 73 7
13 73 7
13 73 7
13 73 7
13 73 7
13 73 7
13 73 7
13 73 7
13 72 243
13 72 7
13 72 7
13 72 7
13 72 7
13 72 7
13 72 7
13 72 7
13 72 7
13 72 7
13 72 7
13 72 7
13 72 7
13 72 7
13 72 7
13 72 7
13 72 7
13 72 7
13 72 7
13 72 7
13 72 7
13 72 7
13 72 7
13 72 7
13 72 7
13 72 7
13 72 7
13 72 7
13 72 7
13 72 7
13 72 7
13 72 7
13 72 7
13 72 7
13 72 7
13 72 7
13 72 7
13 72 7
13 72 7
13 72 7
13 72 7
13 72 7
13 72 7
13 72 7
13 72 7
13 72 7
13 72 7
13 72 7
13 72 7
13 72 7
13 72 7
13 72 7
13 72 7
13 72 7
13 72 7
13 72 7
13 72 7
13 72 7
13 72 7
13 72 7
13 72 7
13 72 7
13 72 7
13 72 7
13 72 7
13 72 7
13 72 7
13 72 7
13 72 7
13 72 7
13 72 7
13 72 7
13 72 7
13 72 7
13 72 7
13 72 7
13 72 7
13 72 7
13 72 7
13 72 7
13 72 7
13 72 7
13 72 7
13 72 7
13 72 7
13 72 7
13 72 7
13 72 7
13 72 7
13 72 7
13 72 7
13 72 7
13 72 7
13 72 7
13 72 7
13 72 7
13 72 7
13 72 7
13 72 7
13 72 7
13 72 7
13 72 7
13 72 7
13 72 7
13 72 7
13 72 7
13 72 7
13 72 7
13 72 7
13 72 7
13 72 7
13 72 7
13 72 7
13 72 7
13 72 7
13 72 7
13 72 7
13 72 7
13 72 7
13 72 7
13 72 7
13 72 7
13 72 7
13 72 7
13 72 7
13 72 7
13 72 7
13 72 7
13 72 7
13 72 7
13 72 7
13 72 7
13 72 7
13 72 7
13 72 7
13 72 7
13 72 7
13 72 7
13 72 7
13 72 7
13 72 7
13 72 7
13 72 7
13 72 7
13 72 7
13 72 7
13 72 7
13 72 7
13 72 7
13 72 7
13 72 7
13 72 7
13 72 7
12 72 207
12 72 7
12 72 7
12 72 7
12 72 7
12 72 7
12 72 7
12 72 7
12 72 7
12 72 7
12 72 7
12 72 7
12 72 7
12 72 7
12 72 7
12 72 7
12 72 7
12 72 7
12 72 7
12 72 7
12 72 7
12 72 7
12 72 7
12 72 7
12 72 7
12 72 7
12 72 7
12 72 7
12 72 7
12 72 7
12 72 7
12 72 7
12 72 7
12 72 7
12 72 7
12 72 7
12 72 7
12 72 7
12 72 7
12 72 7
12 72 7
12 72 7
12 72 7
12 72 7
12 72 7
12 72 7
12 72 7
12 72 7
12 72 7
12 72 7
12 72 7
12 72 7
12 72 7
12 72 7
12 72 7
12 72 7
12 72 7
12 72 7
12 72 7
12 72 7
12 72 7
12 72 7
12 72 7
12 72 7
12 72 7
12 72 7
12 72 7
12 72 7
12 72 7
12 72 7
12 72 7
12 72 7
12 72 7
12 72 7
12 72 7
12 72 7
12 72 7
12 72 7
12 72 7
12 72 7
12 72 7
12 72 7
12 72 7
12 72 7
12 72 7
12 72 7
12 72 7
12 72 7
12 72 7
12 72 7
12 72 7
12 72 7
12 72 7
12 72 7
12 72 7
12 72 7
12 72 7
12 72 7
12 72 7
12 72 7
12 72 7
12 72 7
12 72 7
12 72 7
12 72 7
12 72 7
12 72 7
12 72 7
12 72 7
12 72 7
12 72 7
12 72 7
12 72 7
12 72 7
12 72 7
12 72 7
12 72 7
12 72 7
12 72 7
12 72 7
12 72 7
12 72 7
11 72 172
11 72 7
11 72 7
11 72 7
11 72 7
11 72 7
11 72 7
11 72 7
11 72 7
11 72 7
11 72 7
11 72 7
11 72 7
11 72 7
11 72 7
11 72 7
11 72 7
11 72 7
11 72 7
11 72 7
11 72 7
11 72 7
11 72 7
11 72 7
11 72 7
11 72 7
11 72 7
11 72 7
11 72 7
11 72 7
11 72 7
11 72 7
11 72 7
11 72 7
11 72 7
11 72 7
11 72 7
11 72 7
11 72 7
11 72 7
11 72 7
11 72 7
11 72 7
11 72 7
11 72 7
11 72 7
11 72 7
11 72 7
11 72 7
11 72 7
11 72 7
11 72 7
11 72 7
11 72 7
11 72 7
11 72 7
11 72 7
11 72 7
11 72 7
11 72 7
11 72 7
11 72 7
11 72 7
11 72 7
11 72 7
11 72 7
11 72 7
11 72 7
11 72 7
11 72 7
11 72 7
11 72 7
11 72 7
11 72 7
11 72 7
11 72 7
11 72 7
11 72 7
11 72 7
11 72 7
11 72 7
11 72 7
11 72 7
11 72 7
11 72 7
11 72 7
11 72 7
11 72 7
11 72 7
11 72 7
11 72 7
11 72 7
11 72 7
11 71 138
11 71 7
11 71 7
11 71 7
11 71 7
11 71 7
11 71 7
11 71 7
11 71 7
11 71 7
11 71 7
11 71 7
11 71 7
11 71 7
11 71 7
11 71 7
11 71 7
11 71 7
11 71 7
11 71 7
11 71 7
11 71 7
11 71 7
11 71 7
11 71 7
11 71 7
11 71 7
11 71 7
11 71 7
11 71 7
11 71 7
11 71 7
11 71 7
11 71 7
11 71 7
11 71 7
11 71 7
11 71 7
11 71 7
11 71 7
11 71 7
11 71 7
11 71 7
11 71 7
11 71 7
11 71 7
11 71 7
11 71 7
11 71 7
11 71 7
11 71 7
11 71 7
11 71 7
11 71 7
11 71 7
11 71 7
11 71 7
11 71 7
11 71 7
11 71 7
11 71 7
11 71 7
11 71 7
11 71 7
11 71 7
11 71 7
10 71 103
10 71 7
10 71 7
10 71 7
10 71 7
10 71 7
10 71 7
10 71 7
10 71 7
10 71 7
10 71 7
10 71 7
10 71 7
10 71 7
10 71 7
10 71 7
10 71 7
10 71 7
10 71 7
10 71 7
10 71 7
10 71 7
10 71 7
10 71 7
10 71 7
10 71 7
10 71 7
10 71 7
10 71 7
10 71 7
10 71 7
10 71 7
10 71 7
10 71 7
10 71 7
10 71 7
10 71 7
10 71 7
10 71 7
10 71 7
10 71 7
10 71 7
10 71 7
10 71 7
10 71 7
10 71 7
10 71 7
10 71 7
10 71 7
10 71 7
9 71 71
9 71 7
9 71 7
9 71 7
9 71 7
9 71 7
9 71 7
9 71 7
9 71 7
9 71 7
9 71 7
9 71 7
9 71 7
9 71 7
9 71 7
9 71 7
9 71 7
9 71 7
9 71 7
9 71 7
9 71 7
9 71 7
9 71 7
9 71 7
9 71 7
9 71 7
9 71 7
9 71 7
9 71 7
9 71 7
9 71 7
9 71 7
9 71 7
9 71 7
9 71 7
9 71 7
9 71 7
9 70 42
9 70 7
9 70 7
9 70 7
9 70 7
9 70 7
9 70 7
9 70 7
9 70 7
9 70 7
9 70 7
9 70 7
9 70 7
9 70 7
9 70 7
9 70 7
9 70 7
9 70 7
9 70 7
9 70 7
9 70 7
9 70 7
9 70 7
9 70 7
9 70 7
8 70 15
8 70 7
8 70 7
8 70 7
8 70 7
8 70 7
8 70 7
8 70 7
8 70 7
8 70 7
8 70 7
8 70 7
8 70 7
8 70 7
8 70 7
8 70 7
8 70 7
8 70 7
8 70 7
8 69 15
8 69 7
8 69 7
8 69 7
8 69 7
8 69 7
8 69 7
8 69 7
8 69 7
8 69 7
8 69 7
8 69 7
8 68 15
8 68 7
8 68 7
8 68 7
8 68 7
8 68 7
8 68 7
7 68 15
7 68 7
7 68 7
7 68 7
7 68 7
6 68 15
6 68 7
6 68 7
5 68 15
5 68 7
4 68 15
4 67 15
4 66 15
4 65 15
4 64 15
3 64 15
2 64 15
2 63 15
2 62 15
2 61 15
2 60 15
2 59 15
2 58 15
2 57 15
41 155 15
41 155 7
42 155 15
42 155 7
43 155 15
43 155 7
43 156 15
43 156 7
43 157 15
43 157 7
43 157 7
43 158 15
43 158 7
43 158 7
43 159 15
43 159 7
43 159 7
43 159 7
43 159 7
44 159 15
44 159 7
44 159 7
44 159 7
45 159 15
45 159 7
45 159 7
45 160 15
45 160 7
45 160 7
45 160 7
45 161 15
45 161 7
45 161 7
45 161 7
45 161 7
46 161 15
46 161 7
46 161 7
46 161 7
46 162 15
46 162 7
46 162 7
46 162 7
46 163 15
46 163 7
46 163 7
46 163 7
47 163 15
47 163 7
47 163 7
48 163 15
48 163 7
48 163 7
48 164 15
48 164 7
48 165 29
48 166 42
48 167 53
48 168 61
48 169 66
48 170 68
48 171 68
48 172 65
48 173 59
48 174 51
48 175 42
48 176 32
48 177 21
48 178 15
48 179 15
48 180 15
48 181 15
47 181 15
47 181 7
47 182 15
47 183 15
47 184 15
46 184 15
45 184 15
45 184 7
44 184 16
44 184 7
43 184 24
43 184 7
42 185 36
41 185 41
40 185 47
39 185 53
39 186 58
38 186 62
37 186 66
36 186 69
35 186 73
35 187 75
34 187 76
33 187 76
33 187 7
32 187 77
32 187 7
32 187 7
32 187 7
32 187 7
32 187 7
31 187 76
31 187 7
31 187 7
31 187 7
31 187 7
31 187 7
31 187 7
31 187 7
31 187 7
31 187 7
31 188 73
31 188 7
31 188 7
31 188 7
31 188 7
31 188 7
31 188 7
30 188 69
30 188 7
30 188 7
30 188 7
30 188 7
30 188 7
30 188 7
30 188 7
30 188 7
30 188 7
30 188 7
29 188 65
29 188 7
29 188 7
29 188 7
29 188 7
29 188 7
29 188 7
29 188 7
29 188 7
29 188 7
29 188 7
29 188 7
29 188 7
28 188 59
28 188 7
28 188 7
28 188 7
28 188 7
28 188 7
28 188 7
28 188 7
28 188 7
28 188 7
28 188 7
28 188 7
28 188 7
27 188 51
27 188 7
27 188 7
27 188 7
27 188 7
27 188 7
27 188 7
27 188 7
27 188 7
27 188 7
27 188 7
27 188 7
26 188 43
26 188 7
26 188 7
26 188 7
26 188 7
26 188 7
26 188 7
26 188 7
26 188 7
26 188 7
25 188 33
25 188 7
25 188 7
25 188 7
25 188 7
25 188 7
25 188 7
25 188 7
24 188 22
24 188 7
24 188 7
24 188 7
24 188 7
24 188 7
24 188 7
23 188 15
23 188 7
23 188 7
23 188 7
23 188 7
23 188 7
22 188 15
22 188 7
22 188 7
22 188 7
21 188 15
21 188 7
21 188 7
20 188 15
20 188 7
20 187 15
20 187 7
19 187 15
19 187 7
19 186 15
19 186 7
18 185 15
17 185 15
17 184 15
16 184 15
15 184 15
14 184 15
13 184 15
13 184 7
13 183 15
13 183 7
13 182 15
13 182 7
12 182 15
12 182 7
11 182 15
11 182 7
11 182 7
10 182 15
10 182 7
10 182 7
9 182 15
9 182 7
9 182 7
9 182 7
8 182 15
8 182 7
8 182 7
8 182 7
8 182 7
8 182 7
7 182 15
7 182 7
7 182 7
7 182 7
7 182 7
7 182 7
7 182 7
7 182 7
7 181 20
7 181 7
7 181 7
7 181 7
7 181 7
7 181 7
7 181 7
7 181 7
7 181 7
7 180 48
7 180 7
7 180 7
7 180 7
7 180 7
7 180 7
7 180 7
7 179 81
7 179 7
7 179 7
7 179 7
46 185 15
47 185 15
48 185 15
49 185 15
49 186 15
49 187 15
50 187 15
51 187 15
51 188 15
51 189 15
52 189 15
52 190 15
53 191 15
53 192 15
54 192 15
55 192 15
55 193 15
55 194 15
56 194 15
56 195 15
57 195 15
57 196 15
57 197 15
58 197 15
59 197 15
59 198 15
60 198 15
61 198 15
61 198 7
61 198 7
112 167 15
112 166 15
112 165 15
112 164 15
113 164 15
113 163 15
113 162 15
113 161 15
113 160 15
113 159 15
113 158 15
113 157 15
113 156 15
113 155 15
114 154 15
115 154 15
116 154 15
117 154 15
118 154 15
118 153 15
118 152 15
119 152 15
119 151 15
120 151 15
121 151 15
122 151 15
123 151 15
124 151 15
124 150 15
125 150 15
126 150 15
126 149 15
126 148 15
127 147 15
128 147 15
129 147 15
129 146 15
129 145 15
129 144 15
130 144 15
131 144 15
131 143 15
132 143 15
133 143 15
133 142 15
134 142 15
135 142 15
136 142 15
137 142 15
138 142 15
139 142 15
139 142 7
139 141 15
139 141 7
