55 73 75
91 140 75
91 140 65
91 140 65
91 140 65
91 140 65
91 140 65
91 140 65
91 140 65
91 140 65
91 140 65
91 140 65
91 140 65
91 140 65
91 140 65
91 140 65
91 140 65
91 140 65
91 140 65
91 140 65
91 140 65
91 140 65
91 140 65
91 140 65
91 140 65
91 140 65
91 140 65
91 140 65
91 140 65
91 140 65
91 140 65
91 140 65
91 140 65
91 140 65
91 140 65
91 140 65
91 140 65
91 140 65
91 140 65
91 140 65
91 140 65
91 140 65
91 140 65
91 140 65
91 140 65
91 140 65
91 140 65
91 140 65
91 140 65
91 140 65
91 140 65
91 140 65
91 140 65
91 140 65
91 140 65
91 140 65
91 140 65
91 140 65
91 140 65
91 140 65
91 140 65
91 140 65
91 140 65
91 140 65
183 185 75
88 1 75
10 115 75
56 60 75
67 67 75
67 67 65
67 67 65
67 67 65
43 66 75
43 66 65
43 66 65
0 109 75
0 109 65
0 109 65
0 109 65
0 109 65
0 109 65
0 109 65
0 109 65
0 109 65
21 108 75
21 108 65
44 54 75
44 54 65
44 54 65
44 54 65
44 54 65
44 54 65
44 54 65
44 54 65
44 54 65
44 54 65
22 122 75
43 80 75
43 80 65
43 80 65
43 80 65
43 80 65
43 80 65
43 80 65
43 80 65
87 13 75
68 55 75
99 7 75
70 43 75
70 43 65
70 43 65
70 43 65
70 43 65
70 43 65
70 43 65
70 43 65
70 43 65
70 43 65
98 20 75
98 20 65
98 20 65
98 20 65
98 20 65
98 20 65
98 20 65
80 62 75
80 62 65
80 62 65
80 62 65
80 62 65
80 62 65
80 62 65
80 62 65
80 62 65
80 62 65
80 62 65
80 62 65
57 48 75
10 129 75
59 36 75
59 36 65
47 30 75
183 198 75
171 191 75
46 42 75
46 42 65
46 42 65
172 199 75
61 24 75
61 24 65
61 24 65
61 24 65
61 24 65
61 24 65
61 24 65
61 24 65
61 24 65
61 24 65
61 24 65
34 36 75
34 36 65
34 36 65
36 24 75
0 123 75
33 115 75
33 115 65
33 115 65
33 115 65
33 115 65
33 115 65
33 115 65
33 115 65
33 115 65
23 30 75
23 30 65
0 137 75
0 137 65
24 18 75
195 191 75
195 191 65
195 191 65
195 199 75
195 199 65
195 199 65
195 199 65
195 199 65
195 199 65
195 199 65
195 199 65
195 178 75
195 178 65
195 178 65
195 178 65
195 178 65
195 178 65
195 178 65
195 178 65
195 178 65
195 178 65
160 198 75
160 198 65
160 198 65
160 198 65
160 198 65
160 198 65
160 198 65
160 198 65
160 198 65
160 198 65
160 198 65
11 25 75
11 25 65
11 25 65
11 25 65
11 25 65
11 25 65
11 25 65
11 25 65
11 25 65
11 25 65
11 25 65
75 7 75
110 14 75
110 14 65
110 14 65
110 14 65
110 14 65
110 14 65
110 14 65
110 14 65
110 14 65
110 14 65
110 14 65
37 12 75
37 12 65
37 12 65
37 12 65
37 12 65
37 12 65
63 0 75
63 0 65
63 0 65
24 6 75
172 178 75
172 178 65
12 0 75
12 12 75
12 12 65
160 171 75
172 164 75
172 164 65
172 164 65
172 164 65
172 164 65
172 164 65
172 164 65
172 164 65
172 164 65
172 164 65
160 184 75
149 177 75
0 6 75
149 163 75
138 169 75
138 156 75
138 156 65
138 156 65
138 156 65
138 156 65
138 156 65
138 156 65
138 156 65
37 0 75
37 0 65
37 0 65
37 0 65
37 0 65
37 0 65
37 0 65
37 0 65
37 0 65
37 0 65
37 0 65
37 0 65
22 43 75
22 43 65
22 43 65
22 43 65
22 43 65
22 43 65
22 43 65
22 43 65
22 43 65
22 43 65
22 43 65
22 43 65
32 73 75
32 73 65
32 73 65
32 73 65
32 73 65
32 73 65
32 73 65
32 73 65
32 73 65
32 73 65
32 73 65
32 73 65
32 73 65
49 18 75
49 18 65
49 18 65
49 18 65
49 18 65
49 18 65
49 18 65
49 18 65
49 18 65
49 18 65
49 18 65
0 19 75
0 19 65
0 19 65
0 19 65
0 19 65
0 19 65
0 19 65
0 19 65
0 19 65
0 19 65
0 19 65
0 19 65
0 19 65
55 87 75
67 95 75
67 95 65
67 95 65
67 95 65
67 95 65
67 95 65
67 95 65
67 81 75
126 175 75
126 175 65
126 175 65
138 183 75
127 189 75
127 189 65
79 89 75
79 89 65
79 89 65
79 89 65
79 89 65
79 89 65
79 89 65
79 89 65
79 89 65
79 89 65
79 89 65
127 199 75
127 199 65
127 199 65
127 199 65
127 199 65
127 199 65
127 199 65
127 199 65
127 199 65
127 199 65
127 199 65
127 199 65
115 181 75
115 181 65
115 181 65
115 181 65
115 181 65
115 181 65
115 181 65
115 181 65
55 101 75
43 94 75
43 94 65
43 94 65
32 101 75
32 101 65
32 101 65
32 101 65
32 101 65
32 101 65
32 101 65
32 101 65
44 108 75
44 108 65
44 108 65
44 108 65
10 101 75
10 101 65
10 101 65
10 101 65
10 101 65
10 101 65
10 101 65
10 101 65
10 101 65
10 101 65
10 101 65
10 101 65
161 157 75
161 157 65
161 157 65
161 157 65
161 157 65
161 157 65
161 157 65
161 157 65
161 157 65
161 157 65
161 157 65
22 137 75
22 137 65
22 137 65
22 137 65
22 137 65
22 137 65
22 137 65
22 137 65
22 137 65
22 137 65
22 137 65
22 137 65
22 137 65
149 190 75
138 196 75
55 116 75
67 110 75
67 110 65
67 124 75
67 124 65
67 124 65
67 124 65
67 124 65
67 124 65
126 162 75
126 162 65
126 162 65
126 162 65
126 162 65
126 162 65
126 162 65
126 162 65
126 162 65
126 162 65
126 162 65
126 162 65
149 199 75
149 199 65
149 199 65
149 199 65
149 199 65
149 199 65
32 101 65
32 101 65
32 101 65
11 115 15
11 115 59
12 115 15
12 115 59
13 115 15
14 115 15
15 115 15
15 114 15
16 114 15
17 114 15
18 114 15
18 114 59
19 114 15
19 114 59
20 114 15
20 114 59
21 114 15
21 114 59
21 113 15
21 113 59
21 112 15
21 112 59
21 111 15
21 111 59
21 111 59
21 110 15
21 110 59
21 110 59
21 109 56
21 109 59
22 108 140
22 108 59
23 108 178
23 108 59
24 108 223
24 108 59
24 108 59
25 108 272
25 108 59
25 108 59
25 108 59
26 108 324
26 108 59
26 108 59
26 108 59
26 108 59
27 108 377
27 108 59
27 108 59
27 108 59
27 108 59
27 108 59
28 108 428
28 108 59
28 108 59
28 108 59
28 108 59
28 108 59
28 108 59
29 108 476
29 108 59
29 108 59
29 108 59
29 108 59
29 108 59
29 108 59
29 108 59
30 108 518
30 108 59
30 108 59
30 108 59
30 108 59
30 108 59
30 108 59
30 108 59
31 108 554
31 108 59
31 108 59
31 108 59
31 108 59
31 108 59
31 108 59
31 108 59
32 108 580
32 108 59
32 108 59
32 108 59
32 108 59
32 108 59
32 108 59
32 108 59
32 108 59
33 108 597
33 108 59
33 108 59
33 108 59
33 108 59
33 108 59
33 108 59
33 108 59
33 108 59
34 108 604
34 108 59
34 108 59
34 108 59
34 108 59
34 108 59
34 108 59
34 108 59
34 108 59
35 108 601
35 108 59
35 108 59
35 108 59
35 108 59
35 108 59
35 108 59
35 108 59
35 108 59
35 108 59
36 108 587
36 108 59
36 108 59
36 108 59
36 108 59
36 108 59
36 108 59
36 108 59
36 108 59
36 108 59
36 108 59
37 108 564
37 108 59
37 108 59
37 108 59
37 108 59
37 108 59
37 108 59
37 108 59
37 108 59
37 108 59
37 108 59
38 108 532
38 108 59
38 108 59
38 108 59
38 108 59
38 108 59
38 108 59
38 108 59
38 108 59
38 108 59
38 108 59
39 108 492
39 108 59
39 108 59
39 108 59
39 108 59
39 108 59
39 108 59
39 108 59
39 108 59
40 108 447
40 108 59
40 108 59
40 108 59
40 108 59
40 108 59
40 108 59
40 108 59
41 108 397
41 108 59
41 108 59
41 108 59
41 108 59
42 108 345
42 108 59
42 108 59
42 108 59
43 108 292
43 108 59
45 108 189
46 108 142
47 108 100
48 108 64
48 108 59
49 108 33
49 108 59
49 107 15
49 107 59
49 106 15
49 106 59
50 106 15
50 106 59
51 106 15
51 106 59
51 105 15
51 105 59
51 104 15
51 104 59
51 103 15
51 102 15
51 101 15
51 100 15
52 100 15
52 99 15
52 98 15
52 98 59
52 97 15
52 97 59
52 96 15
52 96 59
52 95 15
52 95 59
52 94 15
52 94 59
52 93 15
52 93 59
52 92 15
52 92 59
53 92 22
53 92 59
53 91 29
53 91 59
53 90 36
54 90 40
54 89 43
55 89 45
55 88 43
56 87 38
56 86 34
57 86 27
57 85 21
58 85 15
58 85 59
58 84 15
58 84 59
58 83 15
58 83 59
58 82 15
58 82 59
58 81 15
58 81 59
58 80 15
58 80 59
58 79 15
58 79 59
58 78 19
58 77 26
58 76 32
57 76 37
57 75 40
57 74 42
57 73 43
56 73 41
