120 189 26
120 189 16
120 189 16
103 9 26
176 19 26
194 74 26
33 22 26
63 147 26
199 68 26
103 0 26
103 0 16
193 62 26
115 4 26
115 4 16
177 32 26
177 32 16
177 32 16
177 32 16
177 32 16
177 32 16
177 32 16
177 32 16
177 32 16
177 32 16
177 32 16
22 16 26
33 9 26
63 160 26
75 153 26
109 183 26
120 176 26
120 176 16
120 176 16
120 176 16
120 176 16
120 176 16
120 176 16
120 176 16
120 176 16
120 176 16
120 176 16
120 176 16
120 176 16
120 176 16
120 176 16
120 176 16
120 176 16
120 176 16
120 176 16
120 176 16
120 176 16
120 176 16
120 176 16
120 176 16
120 176 16
120 176 16
120 176 16
120 176 16
120 176 16
120 176 16
120 176 16
108 196 26
188 26 26
187 12 26
181 68 26
75 166 26
97 190 26
97 177 26
86 172 26
22 3 26
180 56 26
180 56 16
180 56 16
180 56 16
180 56 16
180 56 16
180 56 16
115 18 26
33 0 26
22 29 26
199 18 26
127 13 26
127 13 16
127 13 16
127 13 16
127 13 16
127 13 16
127 13 16
127 13 16
127 13 16
127 13 16
127 13 16
127 13 16
127 13 16
127 13 16
127 13 16
127 13 16
127 13 16
33 36 26
199 5 26
199 5 16
199 80 26
194 87 26
194 87 16
194 87 16
194 87 16
194 87 16
194 87 16
194 87 16
194 87 16
194 87 16
194 87 16
194 87 16
91 2 26
91 2 16
91 2 16
91 2 16
91 2 16
91 2 16
91 2 16
91 2 16
199 56 26
199 56 16
199 56 16
199 56 16
199 56 16
190 38 26
190 38 16
190 38 16
190 38 16
191 50 26
191 50 16
191 50 16
103 23 26
91 15 26
91 15 16
91 15 16
22 43 26
92 29 26
85 184 26
34 50 26
22 57 26
80 22 26
80 22 16
80 22 16
80 8 26
80 8 16
80 8 16
80 8 16
80 8 16
80 8 16
80 8 16
80 8 16
80 8 16
80 8 16
80 8 16
80 8 16
80 8 16
80 8 16
80 8 16
80 8 16
80 8 16
80 8 16
80 8 16
80 8 16
80 8 16
80 8 16
80 8 16
80 8 16
80 8 16
80 8 16
80 8 16
80 8 16
80 8 16
80 36 26
34 64 26
34 64 16
34 64 16
74 179 26
68 28 26
68 28 16
68 28 16
45 29 26
57 35 26
62 173 26
74 140 26
74 140 16
74 140 16
74 140 16
74 140 16
74 140 16
74 140 16
74 140 16
74 140 16
74 140 16
74 140 16
74 140 16
74 140 16
74 140 16
74 140 16
74 140 16
74 140 16
86 159 26
98 165 26
98 165 16
98 165 16
98 165 16
98 165 16
98 165 16
98 165 16
199 44 26
199 44 16
199 44 16
199 44 16
199 44 16
199 44 16
199 44 16
199 44 16
199 44 16
199 31 26
199 31 16
199 31 16
199 31 16
86 146 26
86 146 16
86 146 16
86 146 16
86 146 16
86 146 16
86 146 16
86 146 16
86 146 16
86 146 16
86 146 16
86 146 16
86 146 16
86 146 16
86 146 16
86 146 16
86 146 16
86 146 16
86 146 16
86 146 16
86 146 16
86 146 16
86 146 16
86 146 16
86 146 16
86 146 16
86 146 16
86 146 16
86 146 16
86 146 16
86 146 16
62 186 26
62 186 16
73 192 26
85 197 26
181 80 26
169 74 26
168 62 26
168 62 16
168 62 16
62 134 26
62 134 16
62 134 16
62 134 16
62 134 16
62 134 16
62 134 16
62 134 16
62 134 16
62 134 16
62 134 16
62 134 16
62 134 16
62 134 16
62 134 16
62 134 16
62 134 16
178 44 26
178 44 16
178 44 16
178 44 16
178 44 16
178 44 16
178 44 16
178 44 16
178 44 16
178 44 16
178 44 16
178 44 16
178 44 16
178 44 16
178 44 16
178 44 16
50 180 26
50 180 16
50 180 16
50 180 16
50 180 16
50 180 16
50 180 16
50 180 16
50 180 16
50 180 16
50 180 16
50 180 16
50 180 16
50 180 16
50 180 16
50 180 16
50 180 16
50 180 16
50 180 16
50 180 16
50 180 16
50 180 16
50 180 16
50 180 16
50 180 16
50 180 16
45 43 26
51 154 26
50 167 26
50 167 16
51 141 26
166 50 26
166 50 16
166 50 16
166 50 16
166 50 16
166 50 16
166 50 16
166 50 16
166 50 16
166 50 16
166 50 16
166 50 16
166 50 16
166 50 16
166 50 16
166 50 16
166 50 16
166 50 16
166 50 16
166 50 16
166 50 16
166 50 16
166 50 16
166 50 16
166 50 16
166 50 16
166 50 16
166 50 16
166 50 16
166 50 16
166 50 16
166 50 16
166 50 16
166 50 16
175 5 26
163 11 26
164 25 26
164 25 16
164 25 16
164 25 16
164 25 16
164 25 16
164 25 16
164 25 16
164 25 16
164 25 16
164 25 16
46 57 26
46 57 16
46 57 16
46 57 16
69 43 26
69 43 16
69 43 16
69 43 16
69 43 16
69 43 16
69 43 16
69 43 16
69 43 16
69 43 16
69 43 16
69 43 16
69 43 16
69 43 16
69 43 16
69 43 16
69 43 16
69 43 16
69 43 16
69 43 16
69 43 16
69 43 16
69 43 16
69 43 16
69 43 16
69 43 16
38 160 26
38 160 16
38 160 16
38 160 16
38 160 16
38 160 16
38 160 16
38 160 16
38 160 16
38 147 26
38 147 16
38 147 16
38 147 16
38 147 16
38 147 16
38 147 16
56 22 26
45 15 26
45 2 26
45 2 16
45 2 16
45 2 16
45 2 16
45 2 16
45 2 16
45 2 16
45 2 16
45 2 16
45 2 16
45 2 16
45 2 16
45 2 16
45 2 16
45 2 16
45 2 16
45 2 16
45 2 16
45 2 16
45 2 16
45 2 16
45 2 16
45 2 16
151 17 26
151 17 16
151 17 16
151 17 16
151 17 16
151 17 16
151 17 16
151 17 16
151 17 16
151 17 16
151 17 16
151 17 16
151 17 16
151 17 16
151 17 16
151 17 16
151 17 16
151 17 16
151 17 16
151 17 16
151 17 16
151 17 16
151 17 16
151 17 16
151 17 16
151 17 16
151 17 16
151 17 16
151 17 16
151 17 16
151 17 16
151 17 16
151 17 16
151 17 16
151 17 16
151 17 16
151 17 16
151 17 16
151 17 16
151 17 16
151 17 16
151 17 16
151 17 16
38 134 26
38 134 16
38 134 16
38 134 16
38 134 16
181 93 26
181 93 16
181 93 16
181 93 16
181 93 16
181 93 16
181 93 16
181 93 16
181 93 16
181 93 16
181 93 16
181 93 16
181 93 16
181 93 16
181 93 16
181 93 16
181 93 16
169 87 26
50 127 26
50 127 16
50 127 16
50 127 16
50 127 16
50 127 16
50 127 16
50 127 16
50 127 16
50 127 16
50 127 16
50 127 16
50 127 16
50 127 16
50 127 16
50 127 16
168 99 26
156 93 26
155 106 26
155 106 16
155 106 16
57 50 26
57 50 16
57 50 16
57 50 16
57 50 16
57 50 16
57 50 16
57 50 16
57 50 16
57 50 16
57 50 16
57 50 16
57 50 16
57 50 16
57 50 16
57 50 16
57 50 16
57 50 16
57 50 16
57 50 16
57 50 16
57 50 16
57 50 16
57 50 16
57 50 16
57 50 16
57 50 16
57 50 16
57 50 16
11 51 26
10 37 26
10 23 26
10 10 26
109 170 26
109 170 16
109 170 16
109 170 16
109 170 16
109 170 16
109 170 16
109 170 16
109 170 16
109 170 16
109 170 16
109 170 16
109 170 16
109 170 16
109 170 16
109 170 16
131 196 26
131 196 16
131 196 16
156 80 26
155 68 26
0 17 26
0 17 16
0 17 16
0 17 16
0 17 16
0 17 16
0 17 16
0 17 16
0 17 16
0 17 16
0 17 16
0 17 16
0 17 16
0 17 16
167 112 26
0 31 26
0 31 16
0 31 16
0 31 16
0 31 16
0 31 16
0 31 16
0 31 16
0 31 16
0 31 16
0 31 16
0 31 16
0 31 16
0 31 16
0 31 16
0 31 16
0 31 16
0 31 16
0 31 16
0 31 16
0 31 16
0 31 16
0 31 16
0 31 16
0 31 16
0 31 16
0 31 16
0 31 16
155 119 26
155 119 16
155 119 16
155 119 16
155 119 16
61 199 26
61 199 16
61 199 16
61 199 16
167 125 26
49 193 26
49 193 16
49 193 16
49 193 16
49 193 16
49 193 16
49 193 16
49 193 16
49 193 16
49 193 16
49 193 16
49 193 16
49 193 16
49 193 16
49 193 16
49 193 16
49 193 16
49 193 16
49 193 16
49 193 16
49 193 16
49 193 16
49 193 16
49 193 16
49 193 16
49 193 16
49 193 16
49 193 16
49 193 16
49 193 16
49 193 16
49 193 16
49 193 16
49 193 16
49 193 16
49 193 16
49 193 16
49 193 16
49 193 16
49 193 16
49 193 16
49 193 16
38 173 26
38 173 16
38 173 16
38 173 16
38 173 16
38 173 16
38 173 16
38 173 16
38 173 16
38 173 16
38 173 16
38 173 16
38 173 16
38 173 16
38 173 16
38 173 16
38 173 16
38 173 16
38 173 16
38 173 16
38 173 16
38 173 16
38 173 16
38 173 16
38 173 16
38 173 16
38 173 16
38 173 16
38 173 16
38 173 16
38 173 16
38 173 16
38 173 16
38 173 16
38 173 16
38 173 16
38 173 16
38 173 16
38 173 16
38 173 16
38 173 16
38 173 16
10 0 26
0 4 26
38 120 26
38 120 16
38 120 16
38 120 16
38 120 16
25 127 26
25 127 16
25 113 26
13 120 26
143 73 26
143 86 26
13 106 26
1 113 26
143 99 26
143 112 26
143 112 16
143 112 16
143 112 16
143 112 16
143 112 16
143 112 16
143 112 16
23 71 26
11 65 26
12 79 26
12 93 26
131 106 26
131 106 16
131 106 16
131 106 16
131 106 16
131 106 16
131 93 26
130 80 26
130 66 26
142 61 26
142 61 16
129 53 26
141 48 26
141 48 16
141 48 16
128 40 26
116 31 26
62 147 20
61 147 22
61 146 24
60 146 26
59 146 27
58 146 28
57 146 28
56 146 28
56 145 27
55 145 26
54 145 25
53 145 23
52 145 21
51 145 19
51 144 17
51 143 16
51 142 16
51 142 14
50 141 16
50 141 14
49 141 15
49 141 14
48 141 15
48 141 14
48 140 16
48 140 14
47 140 17
47 140 14
47 140 14
47 139 20
47 139 14
47 139 14
46 139 23
46 139 14
46 139 14
46 139 14
46 138 25
46 138 14
46 138 14
46 138 14
46 138 14
46 137 29
46 137 14
46 137 14
46 137 14
46 137 14
46 137 14
46 137 14
45 137 32
45 137 14
45 137 14
45 137 14
45 137 14
45 137 14
45 137 14
45 137 14
45 136 36
45 136 14
45 136 14
45 136 14
45 136 14
45 136 14
45 136 14
45 136 14
45 136 14
44 136 39
44 136 14
44 136 14
44 136 14
44 136 14
44 136 14
44 136 14
44 136 14
44 136 14
44 136 14
44 135 42
44 135 14
44 135 14
44 135 14
44 135 14
44 135 14
44 135 14
44 135 14
44 135 14
44 135 14
44 135 14
43 135 46
43 135 14
43 135 14
43 135 14
43 135 14
43 135 14
43 135 14
43 135 14
43 135 14
43 135 14
43 134 48
43 134 14
43 134 14
43 134 14
43 134 14
43 134 14
43 134 14
43 134 14
43 134 14
43 134 14
43 133 50
43 133 14
43 133 14
43 133 14
43 133 14
43 133 14
43 133 14
43 133 14
43 133 14
43 133 14
42 133 51
42 133 14
42 133 14
42 133 14
42 133 14
42 133 14
42 133 14
42 133 14
42 132 52
42 132 14
42 132 14
42 132 14
42 132 14
42 132 14
42 132 14
41 132 53
41 132 14
41 132 14
41 132 14
41 132 14
41 132 14
41 131 52
41 131 14
41 131 14
41 131 14
41 131 14
40 131 50
40 131 14
40 131 14
40 131 14
40 130 47
40 130 14
40 130 14
40 130 14
40 130 14
39 130 45
39 130 14
39 130 14
39 130 14
39 129 40
39 129 14
39 129 14
39 129 14
39 129 14
38 129 35
38 129 14
38 129 14
38 129 14
38 129 14
38 128 29
38 128 14
38 128 14
38 128 14
38 128 14
38 128 14
38 128 14
37 128 22
37 128 14
37 128 14
37 128 14
37 128 14
37 128 14
37 128 14
37 127 15
37 127 14
37 127 14
37 127 14
37 127 14
37 127 14
37 127 14
37 127 14
37 127 14
36 127 15
36 127 14
36 127 14
36 127 14
36 127 14
36 127 14
36 127 14
36 127 14
36 127 14
36 126 15
36 126 14
36 126 14
36 126 14
36 126 14
36 126 14
36 126 14
36 126 14
36 126 14
36 126 14
35 126 15
35 126 14
35 126 14
35 126 14
35 126 14
35 126 14
35 126 14
35 126 14
35 126 14
35 126 14
35 126 14
34 126 15
34 126 14
34 126 14
34 126 14
34 126 14
34 126 14
34 126 14
34 126 14
34 126 14
34 126 14
34 126 14
34 125 15
34 125 14
34 125 14
34 125 14
34 125 14
34 125 14
34 125 14
34 125 14
34 125 14
34 125 14
34 125 14
34 124 15
34 124 14
34 124 14
34 124 14
34 124 14
34 124 14
34 124 14
34 124 14
34 124 14
34 124 14
34 124 14
34 123 15
34 123 14
34 123 14
34 123 14
34 123 14
34 123 14
34 123 14
34 123 14
34 123 14
34 122 15
34 122 14
34 122 14
34 122 14
34 122 14
34 122 14
34 122 14
34 122 14
34 121 15
34 121 14
34 121 14
34 121 14
34 121 14
34 121 14
34 120 15
34 120 14
34 120 14
34 120 14
34 120 14
33 120 15
33 120 14
33 120 14
33 120 14
33 120 14
33 119 15
33 119 14
33 119 14
33 119 14
32 119 15
32 119 14
32 119 14
32 119 14
32 118 15
32 118 14
32 118 14
32 118 14
31 118 15
31 118 14
31 118 14
30 118 15
30 118 14
30 118 14
29 118 15
29 118 14
29 117 15
29 117 14
29 116 15
29 116 14
28 116 15
28 116 14
27 116 15
26 116 15
25 116 15
25 115 15
25 114 15
24 113 15
23 113 15
22 113 15
21 113 15
20 113 15
20 112 15
19 112 15
18 112 15
17 112 15
17 111 15
16 111 15
15 111 15
15 110 15
14 110 15
13 110 15
13 109 15
13 108 15
13 107 15
12 106 15
11 106 15
11 105 15
11 104 15
11 103 15
11 102 16
11 101 20
11 100 22
11 99 23
11 98 23
11 97 22
11 96 21
11 95 20
11 94 18
11 93 17
12 92 16
12 91 15
12 90 15
12 89 15
12 88 15
13 88 15
13 87 15
13 86 15
13 85 15
14 85 15
14 84 15
14 83 15
15 83 15
15 82 15
15 81 15
16 81 15
16 80 15
16 79 15
16 78 15
16 77 15
16 76 15
17 76 15
17 75 15
18 75 15
19 75 15
19 74 15
19 73 15
19 72 15
19 71 15
19 70 15
19 69 15
19 68 15
19 67 15
19 66 15
19 65 15
19 64 15
19 63 15
19 62 15
19 61 15
19 60 15
19 59 15
19 58 15
19 57 15
19 56 15
19 55 15
19 54 15
19 53 15
19 52 15
19 51 15
19 50 15
19 49 15
19 48 15
19 47 15
19 46 15
19 45 15
20 45 15
20 44 15
20 43 15
20 42 15
20 41 15
20 40 15
20 39 15
20 38 15
20 37 15
20 36 15
20 35 15
20 34 15
20 33 15
20 32 15
20 31 15
20 30 15
20 29 15
21 29 15
22 28 17
22 27 15
22 26 15
22 25 15
22 24 15
22 23 15
22 22 15
23 22 15
24 22 15
25 22 15
26 22 16
27 22 17
28 22 18
29 22 18
30 22 19
31 22 19
32 22 18
34 22 17
35 22 16
36 22 15
37 22 15
38 22 15
39 22 15
40 22 15
41 22 15
42 22 15
43 22 15
44 22 15
45 22 15
46 22 15
47 22 15
48 22 15
49 22 15
50 22 15
51 22 15
52 22 15
52 22 14
53 22 15
53 22 14
54 22 15
54 22 14
55 22 15
55 22 14
56 23 15
56 23 14
56 24 15
56 24 14
57 24 15
57 24 14
57 25 15
57 25 14
57 26 15
57 26 14
57 27 15
57 27 14
58 27 15
58 27 14
58 28 15
58 28 14
58 29 15
58 29 14
58 30 15
58 30 14
59 30 15
59 30 14
59 30 14
60 30 15
60 30 14
60 30 14
61 30 15
61 30 14
61 30 14
61 30 14
62 30 15
62 30 14
62 30 14
62 30 14
62 30 14
63 30 15
63 30 14
63 30 14
63 30 14
63 30 14
64 30 18
64 30 14
64 30 14
64 30 14
65 30 24
65 30 14
65 30 14
65 30 14
66 30 28
66 30 14
66 30 14
67 30 30
67 30 14
67 30 14
68 30 29
68 30 14
68 30 14
69 30 25
69 30 14
69 30 14
69 30 14
70 30 18
70 30 14
70 30 14
70 30 14
70 30 14
70 30 14
71 30 15
71 30 14
71 30 14
71 30 14
71 30 14
71 30 14
71 30 14
72 30 15
72 30 14
72 30 14
72 30 14
72 30 14
72 30 14
72 30 14
72 30 14
73 30 15
73 30 14
73 30 14
73 30 14
73 30 14
73 30 14
73 30 14
73 30 14
73 30 14
73 30 14
74 30 15
74 30 14
74 30 14
74 30 14
74 30 14
74 30 14
74 30 14
74 30 14
74 30 14
74 30 14
74 30 14
75 30 15
75 30 14
75 30 14
75 30 14
75 30 14
75 30 14
75 30 14
75 30 14
75 30 14
75 30 14
75 30 14
75 29 15
75 29 14
75 29 14
75 29 14
75 29 14
75 29 14
75 29 14
75 29 14
75 29 14
75 29 14
75 29 14
76 29 15
76 29 14
76 29 14
76 29 14
76 29 14
76 29 14
76 29 14
76 29 14
76 29 14
76 29 14
77 29 15
77 29 14
77 29 14
77 29 14
77 29 14
77 29 14
77 29 14
77 29 14
78 29 15
78 29 14
78 29 14
78 29 14
78 29 14
78 29 14
79 29 15
79 29 14
79 29 14
79 29 14
80 29 15
80 29 14
80 29 14
81 29 15
81 29 14
82 29 15
82 29 14
83 29 15
84 29 15
85 29 15
86 29 15
87 29 15
88 29 15
89 29 15
90 29 15
91 29 15
92 28 15
92 27 15
92 26 15
92 25 15
92 24 15
93 24 15
93 23 15
94 23 15
95 23 15
96 23 15
97 23 16
98 23 19
99 23 22
100 23 23
101 23 22
102 23 21
104 23 15
105 23 15
106 23 15
107 23 15
108 23 15
109 23 15
110 23 15
111 23 15
111 22 15
112 22 15
112 21 15
112 20 15
113 20 15
114 20 15
115 20 15
115 19 15
129 52 15
129 51 15
129 50 15
129 49 15
129 48 15
129 47 15
129 46 15
129 45 15
129 44 15
129 43 15
129 43 14
129 42 15
129 42 14
128 42 15
128 42 14
128 41 15
128 41 14
127 40 26
127 39 31
126 39 38
126 38 41
125 38 46
125 37 48
124 37 51
124 36 51
124 35 52
123 35 50
123 34 50
122 34 46
122 33 44
121 33 40
121 32 37
120 32 31
120 31 28
119 31 22
118 31 18
117 31 17
116 30 15
115 30 15
115 29 15
115 28 15
115 27 15
115 26 15
115 25 15
115 24 15
115 23 15
115 22 15
115 21 15
130 53 15
131 53 15
132 53 15
133 53 15
134 53 15
134 54 15
134 55 15
135 55 15
135 56 15
135 57 15
135 58 15
135 59 15
136 59 15
137 59 15
137 59 14
138 59 15
138 59 14
139 59 15
139 59 14
140 59 15
140 59 14
140 59 14
140 60 15
140 60 14
140 60 14
140 61 15
140 61 14
140 62 15
140 62 14
140 63 15
140 64 15
140 65 15
140 66 15
140 67 15
140 68 15
140 69 15
140 70 15
140 71 15
140 72 15
140 73 15
141 73 15
142 73 15
144 73 22
145 73 25
146 73 27
147 73 26
148 73 25
149 73 23
150 73 19
151 73 16
152 73 15
153 73 15
154 73 15
155 73 15
156 73 15
157 73 15
158 73 15
159 73 15
160 73 15
161 73 15
162 73 15
163 73 15
164 73 15
165 73 15
166 73 15
167 73 15
168 73 15
169 73 15
170 73 15
171 73 15
171 73 14
172 73 15
172 73 14
173 73 15
173 73 14
174 73 15
174 73 14
174 74 15
174 74 14
175 74 15
175 74 14
176 74 15
176 74 14
177 74 15
177 74 14
178 74 15
178 74 14
179 74 15
179 74 14
180 74 15
180 74 14
181 74 15
181 74 14
182 74 18
183 74 22
184 74 26
185 74 30
186 74 33
187 74 36
188 74 37
189 74 37
190 74 36
191 74 33
192 74 29
193 74 24
195 74 15
195 74 14
196 74 15
196 74 14
196 73 15
196 73 14
196 72 15
196 72 14
196 71 15
196 70 15
196 69 15
196 68 15
196 67 16
196 66 16
196 65 16
196 65 14
196 64 16
196 64 14
195 64 16
195 64 14
195 63 16
195 63 14
195 62 15
195 62 14
194 62 16
194 62 14
193 61 17
193 61 14
193 60 16
193 60 14
193 60 14
193 59 17
193 59 14
193 59 14
193 59 14
193 58 18
193 58 14
193 58 14
193 58 14
193 57 20
193 57 14
193 57 14
193 57 14
193 56 22
193 56 14
193 56 14
193 56 14
193 55 26
193 55 14
193 55 14
193 55 14
193 54 30
193 54 14
193 54 14
193 53 34
193 53 14
193 53 14
193 52 39
193 52 14
193 52 14
193 51 45
193 51 14
193 50 50
193 49 55
193 48 60
193 47 65
193 46 69
193 45 72
193 45 14
193 44 74
193 44 14
193 44 14
193 43 74
193 43 14
193 43 14
193 43 14
193 42 74
193 42 14
193 42 14
193 42 14
193 42 14
193 42 14
193 41 72
193 41 14
193 41 14
193 41 14
193 41 14
193 41 14
193 41 14
193 40 69
193 40 14
193 40 14
193 40 14
193 40 14
193 40 14
193 40 14
193 40 14
193 39 65
193 39 14
193 39 14
193 39 14
193 39 14
193 39 14
193 39 14
193 39 14
193 39 14
193 38 60
193 38 14
193 38 14
193 38 14
193 38 14
193 38 14
193 38 14
193 38 14
193 38 14
193 38 14
193 37 53
193 37 14
193 37 14
193 37 14
193 37 14
193 37 14
193 37 14
193 37 14
193 37 14
193 36 46
193 36 14
193 36 14
193 36 14
193 36 14
193 36 14
193 36 14
193 35 38
193 35 14
193 35 14
193 35 14
193 35 14
193 34 30
193 34 14
193 34 14
193 33 21
193 33 14
193 33 14
193 32 15
193 32 14
193 31 15
193 31 14
192 31 15
192 31 14
192 30 15
192 29 15
192 28 15
192 27 15
192 26 15
192 25 15
191 25 15
190 25 15
189 25 15
189 24 15
189 23 15
189 22 15
189 21 15
188 21 15
188 20 15
188 19 15
188 18 15
188 17 15
188 16 15
188 15 15
188 14 15
188 13 15
188 12 15
186 12 27
185 12 34
184 12 38
183 12 39
182 12 36
181 12 30
180 12 20
179 12 15
178 12 15
178 13 15
178 14 15
178 15 15
177 15 15
177 16 15
176 16 15
176 17 15
176 18 15
114 18 15
114 17 18
114 16 20
114 15 20
114 14 19
114 13 18
114 12 15
114 11 15
114 10 15
114 10 14
113 10 15
113 10 14
113 9 15
113 9 14
113 8 15
113 8 14
112 8 15
112 8 14
111 8 15
111 8 14
110 8 15
110 8 14
109 8 15
108 8 15
107 8 15
106 8 15
105 8 15
104 8 15
104 8 14
103 8 15
103 8 14
63 148 16
64 148 15
65 148 15
65 149 15
66 149 15
66 150 15
67 150 15
67 151 15
68 151 15
69 151 15
69 152 15
69 153 15
70 153 15
71 153 15
72 153 15
73 153 15
74 153 15
75 154 15
75 155 15
75 156 15
76 156 15
76 157 15
76 158 15
77 158 15
77 159 15
78 159 15
79 159 15
80 159 15
81 159 15
82 159 15
83 159 15
84 159 15
85 159 15
86 160 15
86 160 14
86 161 15
86 161 14
87 161 15
87 161 14
88 161 15
88 161 14
88 161 14
88 162 15
88 162 14
88 162 14
88 163 15
88 163 14
88 163 14
88 163 14
88 164 15
88 164 14
88 164 14
88 165 15
88 165 14
88 165 14
88 166 15
88 166 14
89 166 15
89 166 14
89 167 15
89 167 14
90 167 15
90 167 14
90 168 15
90 168 14
90 169 15
91 169 15
91 170 15
92 170 15
93 170 15
93 171 15
94 171 15
95 171 15
95 172 16
96 172 16
96 173 16
97 173 15
97 174 15
97 175 15
97 176 16
98 177 15
99 177 15
99 178 15
100 178 15
100 179 15
100 180 15
100 181 15
100 182 15
101 182 15
101 183 15
102 183 15
103 183 15
104 183 15
105 183 15
106 183 15
107 183 15
108 183 15
109 184 15
109 185 15
110 185 15
110 185 14
110 186 15
111 186 15
111 186 14
111 187 15
112 187 15
112 187 14
113 187 15
113 187 14
113 188 15
113 188 14
114 188 15
114 188 14
114 189 15
114 189 14
114 190 15
115 190 15
116 190 15
117 190 15
117 190 14
118 190 15
118 190 14
119 190 15
119 190 14
120 190 17
120 190 14
120 190 14
