37 36 42
163 130 42
9 185 42
22 89 42
82 161 42
69 63 42
182 1 42
58 54 42
58 54 32
58 54 32
58 54 32
58 54 32
58 54 32
58 54 32
58 54 32
58 54 32
58 54 32
58 54 32
58 54 32
58 54 32
58 54 32
58 54 32
58 54 32
58 54 32
58 54 32
58 54 32
80 70 42
69 77 42
69 77 32
69 77 32
69 77 32
69 77 32
69 77 32
69 77 32
69 77 32
69 77 32
69 77 32
69 77 32
69 77 32
69 77 32
0 178 42
0 178 32
0 178 32
0 178 32
0 178 32
0 178 32
0 178 32
0 178 32
0 178 32
0 178 32
0 178 32
0 178 32
0 178 32
0 178 32
0 178 32
0 178 32
0 178 32
0 178 32
81 56 42
81 56 32
81 56 32
81 56 32
81 56 32
81 56 32
81 56 32
81 56 32
81 56 32
81 56 32
81 56 32
81 56 32
81 56 32
81 56 32
81 56 32
81 56 32
26 29 42
37 22 42
37 22 32
37 22 32
37 22 32
82 174 42
70 167 42
70 167 32
70 167 32
70 167 32
163 143 42
163 143 32
163 143 32
163 143 32
163 143 32
175 136 42
175 136 32
175 136 32
175 136 32
175 136 32
175 136 32
181 14 42
193 8 42
33 96 42
33 96 32
33 96 32
33 96 32
33 96 32
22 103 42
22 103 32
22 103 32
22 103 32
22 103 32
22 103 32
22 103 32
22 103 32
22 103 32
9 198 42
0 192 42
94 168 42
34 82 42
193 21 42
193 21 32
193 21 32
193 21 32
199 14 42
199 14 32
199 14 32
199 14 32
199 14 32
199 14 32
199 14 32
199 14 32
199 14 32
199 14 32
48 30 42
48 30 32
48 30 32
151 137 42
21 192 42
21 192 32
23 74 42
94 180 42
151 123 42
140 130 42
140 130 32
140 130 32
140 130 32
140 130 32
140 130 32
140 130 32
140 130 32
140 130 32
140 130 32
140 130 32
140 130 32
140 130 32
140 130 32
140 130 32
140 130 32
70 154 42
70 154 32
70 154 32
70 154 32
70 154 32
70 154 32
70 154 32
70 154 32
70 154 32
70 154 32
70 154 32
70 154 32
70 154 32
70 154 32
70 154 32
70 154 32
70 154 32
70 154 32
70 154 32
25 44 42
24 59 42
57 69 42
57 69 32
57 69 32
57 69 32
57 69 32
57 69 32
57 69 32
57 69 32
57 69 32
57 69 32
57 69 32
57 69 32
57 69 32
57 69 32
57 69 32
57 69 32
57 69 32
57 69 32
57 69 32
57 69 32
57 69 32
57 69 32
57 69 32
106 174 42
106 174 32
106 174 32
106 174 32
106 174 32
106 174 32
106 174 32
106 174 32
106 174 32
106 174 32
106 174 32
106 174 32
106 174 32
106 174 32
80 84 42
80 84 32
80 84 32
92 77 42
92 91 42
21 179 42
33 186 42
33 186 32
33 186 32
33 186 32
33 186 32
33 186 32
104 84 42
104 84 32
104 84 32
104 84 32
104 84 32
104 84 32
175 149 42
175 149 32
175 149 32
175 149 32
175 149 32
175 149 32
175 149 32
175 149 32
175 149 32
175 149 32
175 149 32
175 149 32
175 149 32
175 149 32
175 149 32
175 149 32
175 149 32
175 149 32
175 149 32
175 149 32
175 149 32
175 149 32
151 110 42
151 110 32
151 110 32
163 116 42
163 116 32
163 116 32
163 116 32
163 116 32
181 28 42
192 34 42
192 34 32
192 34 32
192 34 32
192 34 32
192 34 32
192 34 32
192 34 32
192 34 32
192 34 32
192 34 32
192 34 32
33 173 42
33 173 32
33 173 32
33 173 32
33 173 32
33 173 32
33 173 32
33 173 32
33 173 32
33 173 32
33 173 32
33 173 32
33 173 32
33 173 32
33 173 32
33 173 32
33 173 32
33 173 32
175 123 42
199 1 42
187 129 42
187 116 42
94 155 42
94 155 32
94 155 32
94 155 32
94 155 32
94 155 32
94 155 32
94 155 32
94 155 32
94 155 32
94 155 32
94 155 32
94 155 32
35 67 42
35 67 32
35 67 32
35 67 32
35 67 32
35 67 32
35 67 32
35 67 32
35 67 32
35 67 32
35 67 32
35 67 32
35 67 32
35 67 32
104 97 42
70 180 42
70 180 32
70 180 32
70 180 32
70 180 32
70 180 32
70 180 32
70 180 32
70 180 32
70 180 32
70 180 32
70 180 32
70 180 32
70 180 32
70 180 32
70 180 32
70 180 32
70 180 32
70 180 32
70 180 32
70 180 32
70 180 32
13 51 42
13 51 32
13 51 32
13 51 32
13 51 32
13 51 32
13 51 32
13 51 32
13 51 32
13 51 32
13 51 32
13 51 32
106 187 42
94 193 42
94 193 32
94 193 32
106 199 42
106 199 32
116 103 42
116 90 42
116 90 32
116 90 32
116 90 32
116 90 32
116 90 32
116 90 32
116 90 32
116 90 32
116 90 32
116 90 32
116 90 32
116 90 32
116 90 32
104 110 42
104 110 32
104 110 32
104 110 32
104 110 32
104 110 32
116 116 42
116 116 32
128 110 42
128 110 32
128 110 32
128 110 32
140 116 42
140 116 32
140 116 32
140 116 32
140 116 32
140 116 32
140 116 32
140 116 32
140 116 32
140 116 32
169 21 42
169 8 42
169 8 32
169 8 32
169 8 32
169 8 32
169 8 32
169 8 32
169 8 32
169 8 32
169 8 32
169 8 32
169 8 32
169 8 32
169 8 32
168 34 42
168 34 32
168 34 32
168 34 32
168 34 32
33 199 42
33 199 32
33 199 32
33 199 32
33 199 32
33 199 32
33 199 32
33 199 32
33 199 32
33 199 32
33 199 32
140 103 42
140 103 32
140 103 32
140 103 32
140 103 32
140 103 32
140 103 32
140 103 32
9 172 42
9 172 32
9 172 32
9 172 32
9 172 32
9 172 32
9 172 32
9 172 32
9 172 32
9 172 32
9 172 32
9 172 32
9 172 32
9 172 32
9 172 32
9 172 32
9 172 32
9 172 32
9 172 32
9 172 32
9 172 32
156 28 42
156 28 32
156 28 32
156 28 32
156 28 32
156 28 32
156 28 32
156 28 32
156 28 32
156 28 32
156 28 32
156 28 32
156 28 32
156 28 32
156 28 32
156 28 32
156 28 32
156 28 32
156 28 32
156 28 32
156 28 32
199 27 42
199 27 32
199 27 32
199 27 32
199 27 32
199 27 32
199 27 32
199 27 32
199 27 32
199 27 32
199 27 32
199 27 32
199 27 32
199 27 32
117 193 42
117 193 32
117 193 32
117 193 32
117 193 32
117 193 32
117 193 32
45 192 42
45 192 32
45 192 32
45 192 32
45 192 32
45 192 32
45 192 32
45 192 32
45 192 32
45 192 32
45 192 32
45 192 32
45 192 32
45 192 32
45 192 32
45 192 32
45 192 32
45 192 32
45 192 32
45 192 32
45 192 32
45 192 32
45 192 32
45 192 32
45 192 32
45 192 32
45 192 32
179 41 42
178 54 42
167 48 42
167 48 32
167 48 32
167 48 32
167 48 32
167 48 32
167 48 32
167 48 32
12 66 42
12 66 32
12 66 32
12 66 32
12 66 32
12 66 32
12 66 32
12 66 32
12 66 32
12 66 32
12 66 32
12 66 32
12 66 32
12 66 32
190 47 42
190 47 32
189 61 42
189 61 32
189 61 32
189 61 32
189 61 32
189 61 32
189 61 32
189 61 32
189 61 32
189 61 32
189 61 32
189 61 32
189 61 32
189 61 32
189 61 32
189 61 32
189 61 32
21 166 42
21 166 32
21 166 32
21 166 32
21 166 32
21 166 32
21 153 42
21 153 32
21 153 32
21 153 32
21 153 32
21 153 32
21 153 32
21 153 32
21 153 32
21 153 32
82 187 42
82 187 32
82 187 32
82 187 32
82 187 32
82 187 32
82 187 32
82 187 32
82 187 32
82 187 32
82 187 32
82 187 32
82 187 32
82 187 32
82 187 32
82 187 32
82 187 32
82 187 32
82 187 32
82 187 32
82 187 32
117 181 42
117 181 32
117 181 32
117 181 32
117 181 32
117 181 32
117 181 32
117 181 32
117 181 32
117 181 32
117 181 32
117 181 32
117 181 32
117 181 32
117 181 32
117 181 32
117 181 32
117 181 32
117 181 32
117 181 32
117 181 32
117 181 32
13 36 42
13 36 32
13 36 32
13 36 32
13 36 32
13 36 32
13 36 32
13 36 32
13 36 32
13 36 32
13 36 32
13 36 32
13 36 32
13 36 32
13 36 32
13 36 32
13 36 32
13 36 32
13 36 32
13 36 32
13 36 32
33 160 42
33 160 32
33 160 32
33 160 32
33 160 32
33 160 32
33 160 32
33 160 32
33 160 32
33 160 32
33 160 32
33 160 32
33 160 32
33 160 32
33 160 32
33 160 32
33 160 32
33 160 32
106 161 42
106 161 32
106 161 32
106 161 32
106 161 32
106 161 32
106 161 32
106 161 32
106 161 32
106 161 32
106 161 32
106 161 32
106 161 32
106 161 32
106 161 32
106 161 32
106 161 32
106 161 32
106 161 32
33 147 42
33 135 42
33 135 32
33 135 32
33 135 32
33 135 32
33 135 32
33 135 32
33 135 32
33 135 32
33 135 32
33 135 32
33 135 32
33 135 32
33 135 32
33 135 32
33 135 32
45 142 42
45 142 32
45 142 32
45 142 32
45 142 32
45 142 32
45 142 32
45 142 32
45 142 32
45 142 32
45 142 32
45 142 32
45 142 32
45 142 32
45 142 32
45 142 32
49 16 42
49 16 32
49 16 32
49 16 32
49 16 32
49 16 32
49 16 32
49 16 32
49 16 32
49 16 32
49 16 32
49 16 32
49 16 32
49 16 32
49 16 32
49 16 32
49 16 32
49 16 32
49 16 32
49 16 32
49 16 32
49 16 32
49 16 32
49 16 32
26 15 42
36 52 42
48 45 42
48 45 32
48 45 32
48 45 32
129 199 42
129 199 32
129 199 32
129 199 32
129 199 32
129 199 32
129 199 32
129 199 32
129 199 32
129 199 32
129 199 32
129 199 32
129 199 32
129 199 32
129 199 32
129 199 32
129 199 32
129 199 32
129 199 32
129 199 32
129 199 32
129 199 32
129 199 32
129 199 32
129 199 32
129 199 32
129 199 32
129 199 32
129 199 32
199 54 42
199 54 32
199 54 32
199 54 32
199 54 32
199 54 32
199 54 32
199 54 32
199 54 32
199 54 32
199 54 32
199 54 32
199 54 32
199 54 32
199 54 32
199 54 32
199 54 32
199 54 32
199 54 32
199 54 32
199 54 32
199 54 32
59 39 42
59 39 32
59 39 32
59 39 32
59 39 32
59 39 32
59 39 32
59 39 32
59 39 32
59 39 32
59 39 32
59 39 32
59 39 32
59 39 32
59 39 32
59 39 32
59 39 32
59 39 32
59 39 32
59 39 32
21 141 42
21 141 32
21 141 32
21 141 32
21 141 32
21 141 32
21 141 32
21 141 32
21 141 32
21 141 32
21 141 32
21 141 32
21 141 32
21 141 32
21 141 32
21 141 32
21 141 32
21 141 32
21 141 32
21 141 32
21 141 32
21 141 32
21 141 32
21 141 32
21 141 32
14 22 42
14 22 32
14 22 32
14 22 32
14 22 32
14 22 32
14 22 32
14 22 32
14 22 32
14 22 32
14 22 32
165 61 42
165 61 32
165 61 32
165 61 32
165 61 32
165 61 32
154 55 42
154 55 32
154 55 32
154 55 32
154 55 32
154 55 32
154 55 32
154 55 32
154 55 32
154 55 32
154 55 32
154 55 32
154 55 32
154 55 32
154 55 32
154 55 32
154 55 32
154 55 32
154 55 32
154 55 32
154 55 32
154 55 32
154 55 32
154 55 32
154 55 32
165 75 42
165 75 32
165 75 32
165 75 32
165 75 32
165 75 32
165 75 32
165 75 32
165 75 32
165 75 32
165 75 32
165 75 32
165 75 32
165 75 32
165 75 32
165 75 32
165 75 32
165 75 32
165 75 32
165 75 32
165 75 32
165 75 32
165 75 32
165 75 32
165 75 32
165 75 32
165 75 32
82 148 42
82 148 32
82 148 32
82 148 32
82 148 32
82 148 32
82 148 32
81 136 42
81 136 32
93 129 42
93 129 32
93 129 32
93 129 32
93 129 32
93 129 32
93 129 32
93 129 32
93 129 32
93 129 32
93 129 32
93 129 32
93 129 32
93 129 32
93 129 32
93 129 32
93 129 32
93 129 32
93 129 32
93 129 32
93 129 32
69 129 42
81 123 42
81 123 32
81 123 32
81 123 32
81 123 32
69 117 42
81 111 42
81 111 32
81 111 32
81 111 32
81 111 32
81 111 32
81 111 32
81 111 32
81 111 32
81 111 32
81 111 32
81 111 32
81 111 32
81 111 32
81 111 32
81 111 32
81 111 32
57 123 42
57 111 42
45 117 42
45 117 32
45 104 42
45 104 32
45 104 32
45 104 32
45 104 32
45 104 32
45 104 32
45 104 32
45 104 32
45 104 32
45 104 32
45 104 32
33 110 42
33 110 32
33 110 32
33 110 32
33 110 32
33 110 32
33 110 32
33 110 32
33 110 32
33 110 32
33 110 32
33 110 32
33 110 32
33 110 32
33 135 32
33 135 32
45 129 42
45 129 32
45 129 32
45 129 32
45 129 32
45 129 32
45 129 32
45 129 32
45 129 32
45 129 32
45 129 32
45 129 32
45 129 32
45 129 32
45 129 32
45 129 32
45 129 32
199 27 32
199 27 32
199 27 32
199 27 32
199 27 32
199 27 32
199 27 32
199 27 32
199 27 32
199 27 32
199 27 32
199 27 32
199 27 32
199 27 32
199 27 32
199 27 32
199 27 32
199 27 32
199 27 32
199 27 32
199 27 32
199 27 32
199 27 32
199 27 32
199 27 32
199 27 32
199 27 32
199 27 32
199 27 32
199 27 32
199 27 32
199 27 32
199 27 32
199 27 32
199 27 32
199 27 32
199 27 32
199 27 32
199 27 32
199 27 32
199 27 32
199 27 32
199 27 32
199 27 32
177 68 42
177 68 32
177 68 32
177 68 32
177 68 32
177 68 32
177 68 32
177 68 32
14 9 42
14 0 42
26 2 42
26 2 32
169 8 32
169 8 32
169 8 32
169 8 32
169 8 32
169 8 32
169 8 32
169 8 32
169 8 32
169 8 32
169 8 32
169 8 32
169 8 32
169 8 32
169 8 32
169 8 32
169 8 32
169 8 32
169 8 32
169 8 32
169 8 32
169 8 32
169 8 32
169 8 32
169 8 32
169 8 32
169 8 32
169 8 32
169 8 32
169 8 32
169 8 32
169 8 32
2 3 42
2 3 32
2 16 42
2 16 32
2 16 32
2 16 32
2 16 32
2 16 32
2 16 32
2 16 32
2 16 32
2 16 32
2 16 32
2 16 32
2 16 32
2 16 32
2 16 32
2 16 32
2 16 32
2 16 32
2 16 32
37 8 42
37 8 32
37 8 32
37 8 32
37 8 32
37 8 32
37 8 32
37 8 32
37 8 32
37 8 32
37 8 32
37 8 32
37 8 32
37 8 32
37 8 32
37 8 32
37 8 32
37 8 32
198 122 42
198 122 32
189 61 32
189 61 32
189 61 32
189 61 32
189 61 32
189 61 32
189 61 32
189 61 32
189 61 32
189 61 32
189 61 32
189 61 32
189 61 32
189 61 32
189 61 32
189 61 32
189 61 32
189 61 32
189 61 32
189 61 32
189 61 32
189 61 32
189 61 32
189 61 32
189 61 32
189 61 32
189 61 32
189 61 32
189 61 32
189 61 32
189 61 32
189 61 32
189 61 32
189 61 32
189 61 32
189 61 32
189 61 32
189 61 32
189 61 32
189 61 32
189 61 32
189 61 32
189 61 32
176 81 42
176 81 32
176 81 32
176 81 32
176 81 32
176 81 32
176 81 32
176 81 32
176 81 32
175 95 42
175 95 32
175 95 32
175 109 42
175 109 32
175 109 32
175 109 32
175 109 32
175 109 32
175 109 32
163 103 42
163 103 32
163 103 32
163 103 32
163 103 32
163 103 32
163 103 32
163 103 32
163 103 32
163 103 32
163 103 32
163 103 32
163 103 32
187 102 42
187 102 32
187 102 32
187 102 32
187 102 32
187 102 32
187 102 32
187 102 32
187 102 32
187 102 32
187 102 32
187 102 32
187 102 32
187 102 32
175 109 32
175 109 32
175 109 32
175 109 32
175 109 32
175 109 32
175 109 32
175 109 32
175 109 32
175 109 32
175 109 32
175 109 32
175 109 32
175 109 32
175 109 32
175 109 32
175 109 32
175 109 32
175 109 32
175 109 32
175 109 32
175 109 32
175 109 32
175 109 32
175 109 32
175 109 32
175 109 32
175 109 32
175 109 32
175 109 32
175 109 32
175 109 32
175 109 32
175 109 32
175 109 32
175 109 32
175 109 32
175 109 32
175 109 32
11 81 42
11 81 32
11 81 32
11 81 32
11 81 32
11 81 32
11 81 32
11 81 32
11 81 32
11 81 32
11 81 32
11 81 32
11 81 32
10 95 42
0 102 42
0 102 32
0 102 32
0 102 32
10 109 42
10 109 32
0 115 42
0 115 32
0 115 32
0 115 32
0 115 32
0 115 32
0 115 32
0 115 32
0 88 42
0 88 32
0 88 32
0 88 32
0 88 32
0 88 32
0 88 32
0 88 32
0 88 32
0 88 32
0 88 32
0 88 32
0 88 32
0 88 32
0 88 32
0 88 32
0 88 32
0 88 32
0 88 32
0 88 32
0 88 32
0 88 32
0 88 32
45 90 42
45 90 32
45 90 32
45 90 32
45 90 32
45 90 32
45 90 32
45 90 32
45 90 32
45 104 32
45 104 32
45 104 32
45 104 32
45 104 32
45 104 32
45 104 32
45 104 32
45 104 32
45 104 32
45 104 32
45 104 32
45 104 32
45 104 32
199 108 42
199 108 32
199 108 32
199 108 32
199 108 32
199 108 32
199 108 32
199 108 32
151 150 42
187 88 42
187 88 32
187 88 32
187 88 32
187 88 32
187 88 32
187 88 32
187 88 32
164 89 42
164 89 32
164 89 32
164 89 32
164 89 32
164 89 32
164 89 32
164 89 32
152 96 42
152 96 32
152 96 32
152 96 32
152 96 32
152 96 32
152 96 32
152 96 32
152 96 32
152 96 32
152 96 32
152 96 32
152 96 32
152 96 32
140 143 42
140 156 42
128 149 42
128 149 32
128 149 32
128 149 32
128 149 32
128 149 32
128 149 32
128 149 32
128 149 32
128 96 42
128 96 32
128 96 32
128 96 32
128 96 32
128 96 32
128 96 32
128 96 32
128 96 32
128 96 32
128 96 32
128 96 32
128 96 32
129 162 42
129 162 32
199 108 32
199 108 32
199 108 32
199 108 32
199 108 32
199 108 32
199 108 32
199 108 32
199 108 32
199 108 32
199 108 32
199 108 32
199 108 32
199 108 32
199 108 32
199 108 32
199 108 32
199 108 32
199 108 32
140 116 32
140 116 32
140 116 32
140 116 32
140 116 32
140 116 32
140 116 32
140 116 32
140 116 32
140 116 32
140 116 32
140 116 32
140 116 32
140 116 32
140 116 32
140 116 32
140 116 32
140 116 32
140 116 32
140 116 32
140 116 32
140 116 32
140 116 32
140 116 32
140 116 32
140 116 32
140 116 32
140 116 32
140 116 32
140 116 32
140 116 32
140 116 32
140 116 32
140 116 32
140 116 32
140 116 32
140 116 32
140 116 32
140 116 32
140 116 32
140 116 32
163 156 42
163 156 32
163 156 32
163 156 32
163 156 32
163 156 32
163 156 32
163 156 32
163 156 32
163 156 32
163 156 32
163 156 32
163 156 32
140 168 42
152 162 42
92 104 42
92 104 32
92 104 32
92 104 32
92 104 32
92 104 32
92 104 32
92 104 32
92 104 32
92 104 32
92 104 32
92 104 32
92 104 32
128 136 42
128 136 32
128 136 32
128 136 32
128 136 32
128 136 32
128 136 32
128 136 32
128 136 32
128 136 32
128 136 32
128 136 32
128 136 32
128 136 32
128 136 32
128 136 32
128 136 32
152 175 42
140 181 42
140 181 32
140 181 32
140 181 32
140 181 32
140 181 32
140 181 32
140 181 32
140 181 32
140 181 32
140 181 32
140 181 32
140 181 32
140 181 32
152 187 42
152 187 32
152 187 32
152 187 32
152 187 32
152 187 32
152 187 32
152 187 32
152 187 32
152 187 32
152 187 32
152 187 32
152 187 32
152 187 32
152 187 32
152 187 32
152 187 32
152 187 32
152 187 32
152 187 32
152 187 32
152 187 32
117 155 42
117 155 32
117 155 32
117 155 32
117 155 32
117 155 32
117 155 32
117 155 32
117 155 32
117 155 32
183 1 15
184 1 15
184 2 15
185 2 15
186 2 15
187 2 15
188 2 15
188 3 18
188 4 38
188 5 48
188 6 47
188 7 36
188 8 16
188 9 15
187 9 15
187 10 15
187 11 15
186 11 15
185 11 15
185 12 15
185 13 15
185 14 15
185 15 15
185 16 15
185 17 15
185 18 15
185 19 15
185 20 15
185 21 15
185 22 15
185 22 29
185 23 15
185 23 29
185 24 15
185 24 29
185 25 15
185 25 29
185 26 15
185 26 29
185 27 15
185 27 29
185 28 15
185 28 29
185 29 15
185 29 29
185 30 15
185 30 29
185 30 29
185 31 17
185 31 29
185 31 29
185 32 17
185 32 29
185 32 29
185 33 15
185 33 29
185 33 29
185 34 15
185 34 29
185 35 15
185 35 29
185 36 15
185 36 29
185 37 15
185 37 29
184 37 15
184 37 29
184 38 15
184 38 29
184 39 15
184 39 29
183 39 15
183 39 29
182 39 15
182 39 29
182 40 15
182 40 29
181 40 15
181 41 15
180 41 15
178 53 15
178 53 29
178 52 15
178 52 29
178 51 15
178 51 29
178 50 15
178 50 29
178 49 15
178 49 29
178 48 15
178 48 29
179 48 15
179 48 29
179 47 15
179 47 29
179 46 15
179 45 15
179 44 15
179 43 15
179 42 15
175 94 15
175 94 29
175 94 29
174 94 15
174 94 29
174 94 29
174 93 15
174 93 29
174 93 29
174 92 15
174 92 29
174 92 29
174 91 15
174 91 29
174 90 15
174 90 29
174 89 15
174 89 29
174 88 15
174 88 29
174 87 15
174 87 29
174 87 29
174 86 15
174 86 29
174 86 29
174 85 40
174 85 29
174 84 102
174 83 165
174 82 224
174 81 278
174 80 323
174 80 29
174 79 357
174 79 29
174 79 29
174 79 29
174 79 29
174 78 380
174 78 29
174 78 29
174 78 29
174 78 29
174 78 29
174 78 29
174 78 29
174 77 391
174 77 29
174 77 29
174 77 29
174 77 29
174 77 29
174 77 29
174 77 29
174 77 29
174 77 29
174 77 29
174 76 389
174 76 29
174 76 29
174 76 29
174 76 29
174 76 29
174 76 29
174 76 29
174 76 29
174 76 29
174 76 29
174 76 29
174 76 29
174 75 374
174 75 29
174 75 29
174 75 29
174 75 29
174 75 29
174 75 29
174 75 29
174 75 29
174 75 29
174 75 29
174 75 29
174 75 29
174 75 29
174 74 349
174 74 29
174 74 29
174 74 29
174 74 29
174 74 29
174 74 29
174 74 29
174 74 29
174 74 29
174 74 29
174 74 29
174 74 29
174 74 29
174 73 313
174 73 29
174 73 29
174 73 29
174 73 29
174 73 29
174 73 29
174 73 29
174 73 29
174 73 29
174 73 29
174 73 29
174 73 29
174 72 269
174 72 29
174 72 29
174 72 29
174 72 29
174 72 29
174 72 29
174 72 29
174 72 29
174 72 29
174 72 29
174 71 219
174 71 29
174 71 29
174 71 29
174 71 29
174 71 29
174 71 29
174 71 29
174 71 29
174 70 165
174 70 29
174 70 29
174 70 29
174 70 29
174 70 29
174 70 29
174 70 29
174 69 108
174 69 29
174 69 29
174 69 29
174 69 29
174 69 29
174 68 52
174 68 29
174 68 29
174 68 29
174 68 29
174 68 29
174 67 15
174 67 29
174 67 29
174 67 29
174 67 29
174 66 15
174 66 29
174 66 29
174 66 29
175 66 15
175 66 29
175 66 29
175 66 29
175 65 15
175 65 29
175 65 29
175 64 15
175 64 29
176 64 15
176 64 29
176 63 15
176 63 29
176 62 15
176 62 29
176 61 15
176 61 29
176 60 15
176 60 29
176 59 15
176 59 29
177 59 15
177 59 29
177 58 15
177 58 29
177 57 15
177 57 29
177 56 15
177 56 29
177 55 15
177 55 29
177 54 15
177 54 29
173 94 15
173 94 29
173 94 29
172 94 15
172 94 29
172 94 29
172 94 29
172 93 15
172 93 29
172 93 29
171 93 15
171 93 29
171 93 29
170 93 15
170 93 29
170 93 29
170 93 29
169 93 15
169 93 29
169 93 29
169 93 29
168 93 15
168 93 29
168 93 29
168 93 29
168 93 29
168 93 29
167 93 17
167 93 29
167 93 29
167 93 29
167 93 29
167 93 29
167 93 29
166 93 46
166 93 29
166 93 29
166 93 29
166 93 29
166 93 29
166 93 29
166 93 29
166 94 70
166 94 29
166 94 29
166 94 29
166 94 29
166 94 29
166 94 29
166 94 29
166 94 29
165 94 94
165 94 29
165 94 29
165 94 29
165 94 29
165 94 29
165 94 29
165 94 29
165 94 29
165 94 29
165 94 29
165 95 123
165 95 29
165 95 29
165 95 29
165 95 29
165 95 29
165 95 29
165 95 29
165 95 29
165 95 29
165 95 29
165 95 29
165 95 29
164 95 142
164 95 29
164 95 29
164 95 29
164 95 29
164 95 29
164 95 29
164 95 29
164 95 29
164 95 29
164 95 29
164 95 29
164 95 29
164 95 29
164 95 29
163 95 165
163 95 29
163 95 29
163 95 29
163 95 29
163 95 29
163 95 29
163 95 29
163 95 29
163 95 29
163 95 29
163 95 29
163 95 29
163 95 29
163 95 29
163 95 29
163 95 29
163 96 183
163 96 29
163 96 29
163 96 29
163 96 29
163 96 29
163 96 29
163 96 29
163 96 29
163 96 29
163 96 29
163 96 29
163 96 29
163 96 29
163 96 29
163 96 29
163 96 29
163 96 29
163 96 29
163 96 29
162 96 198
162 96 29
162 96 29
162 96 29
162 96 29
162 96 29
162 96 29
162 96 29
162 96 29
162 96 29
162 96 29
162 96 29
162 96 29
162 96 29
162 96 29
162 96 29
162 96 29
162 96 29
162 96 29
162 96 29
162 96 29
162 97 213
162 97 29
162 97 29
162 97 29
162 97 29
162 97 29
162 97 29
162 97 29
162 97 29
162 97 29
162 97 29
162 97 29
162 97 29
162 97 29
162 97 29
162 97 29
162 97 29
162 97 29
162 97 29
162 97 29
162 97 29
162 97 29
162 97 29
161 97 220
161 97 29
161 97 29
161 97 29
161 97 29
161 97 29
161 97 29
161 97 29
161 97 29
161 97 29
161 97 29
161 97 29
161 97 29
161 97 29
161 97 29
161 97 29
161 97 29
161 97 29
161 97 29
161 97 29
161 97 29
161 97 29
161 97 29
161 98 229
161 98 29
161 98 29
161 98 29
161 98 29
161 98 29
161 98 29
161 98 29
161 98 29
161 98 29
161 98 29
161 98 29
161 98 29
161 98 29
161 98 29
161 98 29
161 98 29
161 98 29
161 98 29
161 98 29
161 98 29
161 98 29
161 98 29
161 98 29
160 98 226
160 98 29
160 98 29
160 98 29
160 98 29
160 98 29
160 98 29
160 98 29
160 98 29
160 98 29
160 98 29
160 98 29
160 98 29
160 98 29
160 98 29
160 98 29
160 98 29
160 98 29
160 98 29
160 98 29
160 98 29
160 98 29
160 98 29
160 99 227
160 99 29
160 99 29
160 99 29
160 99 29
160 99 29
160 99 29
160 99 29
160 99 29
160 99 29
160 99 29
160 99 29
160 99 29
160 99 29
160 99 29
160 99 29
160 99 29
160 99 29
160 99 29
160 99 29
160 99 29
160 99 29
160 99 29
159 99 217
159 99 29
159 99 29
159 99 29
159 99 29
159 99 29
159 99 29
159 99 29
159 99 29
159 99 29
159 99 29
159 99 29
159 99 29
159 99 29
159 99 29
159 99 29
159 99 29
159 99 29
159 99 29
159 99 29
159 99 29
159 100 209
159 100 29
159 100 29
159 100 29
159 100 29
159 100 29
159 100 29
159 100 29
159 100 29
159 100 29
159 100 29
159 100 29
159 100 29
159 100 29
159 100 29
159 100 29
159 100 29
159 100 29
159 100 29
159 100 29
158 100 193
158 100 29
158 100 29
158 100 29
158 100 29
158 100 29
158 100 29
158 100 29
158 100 29
158 100 29
158 100 29
158 100 29
158 100 29
158 100 29
158 100 29
158 100 29
158 100 29
158 100 29
158 101 176
158 101 29
158 101 29
158 101 29
158 101 29
158 101 29
158 101 29
158 101 29
158 101 29
158 101 29
158 101 29
158 101 29
158 101 29
158 101 29
158 101 29
158 101 29
158 101 29
157 101 157
157 101 29
157 101 29
157 101 29
157 101 29
157 101 29
157 101 29
157 101 29
157 101 29
157 101 29
157 101 29
157 101 29
157 101 29
157 101 29
157 101 29
157 102 133
157 102 29
157 102 29
157 102 29
157 102 29
157 102 29
157 102 29
157 102 29
157 102 29
157 102 29
157 102 29
157 102 29
157 102 29
157 102 29
157 103 111
157 103 29
157 103 29
157 103 29
157 103 29
157 103 29
157 103 29
157 103 29
157 103 29
157 103 29
157 103 29
157 103 29
157 103 29
156 103 86
156 103 29
156 103 29
156 103 29
156 103 29
156 103 29
156 103 29
156 103 29
156 103 29
156 103 29
156 103 29
156 103 29
156 104 61
156 104 29
156 104 29
156 104 29
156 104 29
156 104 29
156 104 29
156 104 29
156 104 29
156 104 29
156 104 29
156 105 37
156 105 29
156 105 29
156 105 29
156 105 29
156 105 29
156 105 29
156 105 29
156 105 29
156 105 29
156 106 15
156 106 29
156 106 29
156 106 29
156 106 29
156 106 29
156 106 29
156 106 29
156 106 29
156 107 15
156 107 29
156 107 29
156 107 29
156 107 29
156 107 29
156 107 29
156 107 29
156 108 15
156 108 29
156 108 29
156 108 29
156 108 29
156 108 29
156 109 15
156 109 29
156 109 29
156 109 29
156 109 29
155 109 15
155 109 29
155 109 29
155 109 29
155 109 29
154 109 15
154 109 29
154 109 29
154 109 29
153 109 15
153 109 29
153 109 29
153 109 29
153 110 15
153 110 29
153 110 29
153 110 29
152 110 18
152 110 29
152 110 29
152 110 29
153 111 15
153 111 29
153 111 29
153 112 15
153 112 29
153 112 29
153 113 15
153 113 29
153 113 29
153 114 15
153 114 29
153 115 15
153 115 29
153 116 15
153 116 29
152 116 15
152 116 29
152 117 15
152 117 29
152 118 15
152 118 29
152 119 15
152 119 29
152 120 15
152 120 29
152 121 15
152 121 29
152 122 15
152 122 29
152 123 15
152 123 29
151 124 15
151 124 29
151 125 15
151 125 29
151 126 15
151 126 29
151 127 15
151 127 29
151 128 15
151 128 29
151 129 15
151 129 29
151 130 15
151 130 29
151 131 15
151 131 29
151 132 15
151 132 29
151 133 15
151 133 29
151 134 15
151 134 29
151 135 15
151 135 29
151 136 15
151 136 29
107 161 599
107 161 29
107 161 29
107 161 29
108 161 590
108 161 29
108 161 29
108 161 29
108 161 29
108 161 29
108 161 29
108 161 29
109 161 574
109 161 29
109 161 29
109 161 29
109 161 29
109 161 29
109 161 29
109 161 29
109 161 29
109 161 29
109 161 29
109 161 29
109 161 29
110 161 551
110 161 29
110 161 29
110 161 29
110 161 29
110 161 29
110 161 29
110 161 29
110 161 29
110 161 29
110 161 29
110 161 29
110 161 29
110 161 29
110 161 29
110 161 29
110 161 29
110 161 29
110 161 29
111 161 524
111 161 29
111 161 29
111 161 29
111 161 29
111 161 29
111 161 29
111 161 29
111 161 29
111 161 29
111 161 29
111 161 29
111 161 29
111 161 29
111 161 29
111 161 29
111 161 29
111 161 29
111 161 29
111 161 29
111 161 29
111 161 29
111 161 29
111 161 29
111 161 29
112 161 492
112 161 29
112 161 29
112 161 29
112 161 29
112 161 29
112 161 29
112 161 29
112 161 29
112 161 29
112 161 29
112 161 29
112 161 29
112 161 29
112 161 29
112 161 29
112 161 29
112 161 29
112 161 29
112 161 29
112 161 29
112 161 29
112 161 29
112 161 29
112 161 29
112 161 29
112 161 29
112 161 29
112 161 29
112 161 29
112 161 29
113 161 456
113 161 29
113 161 29
113 161 29
113 161 29
113 161 29
113 161 29
113 161 29
113 161 29
113 161 29
113 161 29
113 161 29
113 161 29
113 161 29
113 161 29
113 161 29
113 161 29
113 161 29
113 161 29
113 161 29
113 161 29
113 161 29
113 161 29
113 161 29
113 161 29
113 161 29
113 161 29
113 161 29
113 161 29
113 161 29
113 161 29
113 161 29
113 161 29
113 161 29
113 161 29
113 161 29
114 161 418
114 161 29
114 161 29
114 161 29
114 161 29
114 161 29
114 161 29
114 161 29
114 161 29
114 161 29
114 161 29
114 161 29
114 161 29
114 161 29
114 161 29
114 161 29
114 161 29
114 161 29
114 161 29
114 161 29
114 161 29
114 161 29
114 161 29
114 161 29
114 161 29
114 161 29
114 161 29
114 161 29
114 161 29
114 161 29
114 161 29
114 161 29
114 161 29
114 161 29
114 161 29
114 161 29
114 161 29
114 161 29
114 161 29
114 161 29
115 161 378
115 161 29
115 161 29
115 161 29
115 161 29
115 161 29
115 161 29
115 161 29
115 161 29
115 161 29
115 161 29
115 161 29
115 161 29
115 161 29
115 161 29
115 161 29
115 161 29
115 161 29
115 161 29
115 161 29
115 161 29
115 161 29
115 161 29
115 161 29
115 161 29
115 161 29
115 161 29
115 161 29
115 161 29
115 161 29
115 161 29
115 161 29
115 161 29
115 161 29
115 161 29
115 161 29
115 161 29
115 161 29
115 161 29
115 161 29
115 161 29
116 161 337
116 161 29
116 161 29
116 161 29
116 161 29
116 161 29
116 161 29
116 161 29
116 161 29
116 161 29
116 161 29
116 161 29
116 161 29
116 161 29
116 161 29
116 161 29
116 161 29
116 161 29
116 161 29
116 161 29
116 161 29
116 161 29
116 161 29
116 161 29
116 161 29
116 161 29
116 161 29
116 161 29
116 161 29
116 161 29
116 161 29
116 161 29
116 161 29
116 161 29
116 161 29
116 161 29
116 161 29
116 161 29
116 161 29
116 161 29
116 161 29
117 161 297
117 161 29
117 161 29
117 161 29
117 161 29
117 161 29
117 161 29
117 161 29
117 161 29
117 161 29
117 161 29
117 161 29
117 161 29
117 161 29
117 161 29
117 161 29
117 161 29
117 161 29
117 161 29
117 161 29
117 161 29
117 161 29
117 161 29
117 161 29
117 161 29
117 161 29
117 161 29
117 161 29
117 161 29
117 161 29
117 161 29
117 161 29
117 161 29
117 161 29
117 161 29
117 161 29
117 161 29
117 161 29
117 161 29
118 161 259
118 161 29
118 161 29
118 161 29
118 161 29
118 161 29
118 161 29
118 161 29
118 161 29
118 161 29
118 161 29
118 161 29
118 161 29
118 161 29
118 161 29
118 161 29
118 161 29
118 161 29
118 161 29
118 161 29
118 161 29
118 161 29
118 161 29
118 161 29
118 161 29
118 161 29
118 161 29
118 161 29
118 161 29
118 161 29
118 161 29
118 161 29
118 161 29
118 161 29
118 161 29
119 161 222
119 161 29
119 161 29
119 161 29
119 161 29
119 161 29
119 161 29
119 161 29
119 161 29
119 161 29
119 161 29
119 161 29
119 161 29
119 161 29
119 161 29
119 161 29
119 161 29
119 161 29
119 161 29
119 161 29
119 161 29
119 161 29
119 161 29
119 161 29
119 161 29
119 161 29
119 161 29
119 161 29
119 161 29
120 161 188
120 161 29
120 161 29
120 161 29
120 161 29
120 161 29
120 161 29
120 161 29
120 161 29
120 161 29
120 161 29
120 161 29
120 161 29
120 161 29
120 161 29
120 161 29
120 161 29
120 161 29
120 161 29
120 161 29
120 161 29
120 161 29
120 161 29
121 161 158
121 161 29
121 161 29
121 161 29
121 161 29
121 161 29
121 161 29
121 161 29
121 161 29
121 161 29
121 161 29
121 161 29
121 161 29
121 161 29
121 161 29
121 161 29
121 161 29
122 161 131
122 161 29
122 161 29
122 161 29
122 161 29
122 161 29
122 161 29
122 161 29
122 161 29
122 161 29
122 161 29
122 161 29
123 161 108
123 161 29
123 161 29
123 161 29
123 161 29
123 161 29
123 161 29
123 161 29
123 161 29
124 161 89
124 161 29
124 161 29
124 161 29
124 161 29
124 161 29
124 160 72
124 160 29
124 160 29
124 160 29
124 160 29
125 160 58
125 160 29
125 160 29
125 160 29
126 160 47
126 160 29
126 160 29
127 160 39
127 160 29
128 160 34
128 160 29
129 160 31
129 160 29
130 160 29
131 160 28
132 160 28
133 160 27
134 160 26
135 160 23
136 160 20
137 160 15
138 160 15
139 160 15
139 159 15
140 159 15
140 158 15
141 158 15
142 158 15
142 157 15
143 157 15
144 157 15
144 156 15
144 155 15
145 155 15
146 155 15
146 154 15
146 153 15
147 153 15
147 152 15
147 151 15
147 150 17
147 149 19
147 148 20
147 147 19
147 146 17
147 145 15
147 144 15
147 143 15
147 142 15
148 142 15
148 141 15
148 140 15
148 139 15
149 139 15
149 138 15
149 138 29
149 137 15
149 137 29
150 137 15
150 137 29
105 161 598
104 161 587
103 161 569
102 161 545
101 161 515
100 161 480
99 161 442
98 161 401
97 161 357
96 161 314
95 161 270
94 161 227
93 161 187
92 161 150
91 161 116
91 162 86
90 162 57
89 162 33
88 162 15
88 162 29
87 162 15
87 162 29
86 162 15
86 162 29
85 162 15
84 162 15
83 162 15
82 162 15
46 117 29
46 117 29
47 117 15
47 117 29
48 117 15
48 117 29
49 117 15
49 117 29
50 117 15
50 117 29
51 117 15
51 117 29
52 117 15
53 117 15
54 117 15
55 117 15
56 117 15
57 117 15
58 117 15
59 117 15
60 117 15
61 117 15
62 117 15
63 117 15
64 117 15
65 117 15
66 117 15
67 117 15
68 117 15
68 117 29
69 118 15
69 118 29
69 119 15
69 119 29
69 120 15
69 120 29
69 121 15
69 121 29
69 122 15
69 122 29
69 123 15
69 123 29
69 124 15
69 124 29
69 125 15
69 125 29
69 126 15
69 126 29
69 127 15
69 127 29
69 128 15
69 128 29
70 129 15
70 129 29
71 129 15
71 129 29
72 129 15
72 129 29
73 129 15
73 129 29
74 129 15
74 129 29
75 129 15
75 129 29
75 130 15
75 130 29
76 130 15
76 130 29
76 131 15
76 131 29
76 132 15
76 132 29
76 133 15
76 133 29
76 134 15
76 134 29
76 135 15
76 135 29
77 135 15
77 135 29
78 135 15
78 135 29
79 135 15
79 135 29
79 136 20
79 136 29
80 136 35
80 136 29
81 137 69
81 138 82
81 139 95
81 140 111
82 140 126
82 141 138
82 142 150
82 143 163
82 144 176
82 145 188
82 146 200
82 147 210
82 149 225
82 150 228
82 151 228
82 152 225
82 153 217
82 154 205
82 155 189
82 156 169
82 157 145
82 158 118
82 159 88
82 160 57
45 118 48
45 118 29
45 119 51
45 119 29
45 120 68
44 120 95
44 121 122
43 121 150
42 121 178
41 121 209
41 122 241
40 122 271
40 123 308
40 124 349
40 125 393
40 126 436
40 127 478
40 128 515
40 129 546
40 130 570
40 131 585
40 132 590
40 133 585
40 134 571
40 135 548
40 136 517
40 137 480
40 138 438
40 139 394
40 140 349
40 141 306
40 142 266
39 142 232
39 143 197
38 143 167
38 144 137
37 144 113
37 145 91
36 145 72
36 146 57
35 146 43
34 146 37
34 147 28
34 147 29
33 148 25
33 148 29
32 148 26
32 148 29
32 149 30
32 149 29
31 149 35
31 149 29
31 150 43
31 150 29
30 150 49
30 150 29
30 150 29
30 151 61
30 151 29
30 151 29
29 151 68
29 151 29
29 151 29
29 151 29
29 152 80
29 152 29
29 152 29
29 152 29
28 152 88
28 152 29
28 152 29
28 152 29
28 152 29
28 153 100
28 153 29
28 153 29
28 153 29
28 153 29
28 153 29
27 153 108
27 153 29
27 153 29
27 153 29
27 153 29
27 153 29
27 153 29
27 154 119
27 154 29
27 154 29
27 154 29
27 154 29
27 154 29
27 154 29
27 154 29
26 154 127
26 154 29
26 154 29
26 154 29
26 154 29
26 154 29
26 154 29
26 154 29
26 154 29
26 155 135
26 155 29
26 155 29
26 155 29
26 155 29
26 155 29
26 155 29
26 155 29
26 155 29
26 155 29
25 155 145
25 155 29
25 155 29
25 155 29
25 155 29
25 155 29
25 155 29
25 155 29
25 155 29
25 155 29
25 156 150
25 156 29
25 156 29
25 156 29
25 156 29
25 156 29
25 156 29
25 156 29
25 156 29
25 156 29
25 156 29
25 157 157
25 157 29
25 157 29
25 157 29
25 157 29
25 157 29
25 157 29
25 157 29
25 157 29
25 157 29
25 157 29
24 157 164
24 157 29
24 157 29
24 157 29
24 157 29
24 157 29
24 157 29
24 157 29
24 157 29
24 157 29
24 157 29
24 158 167
24 158 29
24 158 29
24 158 29
24 158 29
24 158 29
24 158 29
24 158 29
24 158 29
24 158 29
24 158 29
24 158 29
24 159 173
24 159 29
24 159 29
24 159 29
24 159 29
24 159 29
24 159 29
24 159 29
24 159 29
24 159 29
24 159 29
24 159 29
23 159 178
23 159 29
23 159 29
23 159 29
23 159 29
23 159 29
23 159 29
23 159 29
23 159 29
23 159 29
23 159 29
23 160 179
23 160 29
23 160 29
23 160 29
23 160 29
23 160 29
23 160 29
23 160 29
23 160 29
23 160 29
23 160 29
23 161 181
23 161 29
23 161 29
23 161 29
23 161 29
23 161 29
23 161 29
23 161 29
23 161 29
23 161 29
23 161 29
23 162 183
23 162 29
23 162 29
23 162 29
23 162 29
23 162 29
23 162 29
23 162 29
23 162 29
23 162 29
23 163 184
23 163 29
23 163 29
23 163 29
23 163 29
23 163 29
23 163 29
23 163 29
23 164 185
23 164 29
23 164 29
23 164 29
23 164 29
23 164 29
23 165 183
23 165 29
23 165 29
23 165 29
23 166 181
23 166 29
23 166 29
23 167 176
23 168 170
23 169 162
23 170 152
23 171 140
23 172 127
23 173 112
23 174 97
23 175 81
23 176 65
23 177 49
23 178 34
23 179 20
23 180 15
23 180 29
22 180 15
22 180 29
22 181 15
22 181 29
21 181 15
21 182 15
20 182 15
20 183 15
20 184 15
20 185 15
20 186 15
19 186 15
19 186 29
18 186 15
18 186 29
17 186 15
17 186 29
16 186 15
16 186 29
15 186 15
15 186 29
14 186 15
14 186 29
13 186 15
13 186 29
12 186 15
12 186 29
11 186 15
11 186 29
10 186 15
10 186 29
9 186 15
9 186 29
45 116 84
44 116 115
43 116 146
42 116 176
41 116 206
40 116 237
39 116 267
39 116 29
39 116 29
39 115 295
39 115 29
39 115 29
39 115 29
39 115 29
39 115 29
38 115 322
38 115 29
38 115 29
38 115 29
38 115 29
38 115 29
38 115 29
38 115 29
38 115 29
38 115 29
38 115 29
38 115 29
37 115 349
37 115 29
37 115 29
37 115 29
37 115 29
37 115 29
37 115 29
37 115 29
37 115 29
37 115 29
37 115 29
37 115 29
37 115 29
37 115 29
37 115 29
37 115 29
37 115 29
37 115 29
37 115 29
37 115 29
37 114 376
37 114 29
37 114 29
37 114 29
37 114 29
37 114 29
37 114 29
37 114 29
37 114 29
37 114 29
37 114 29
37 114 29
37 114 29
37 114 29
37 114 29
37 114 29
37 114 29
37 114 29
37 114 29
37 114 29
37 114 29
37 114 29
37 114 29
37 114 29
37 114 29
37 114 29
37 114 29
37 114 29
37 114 29
36 114 399
36 114 29
36 114 29
36 114 29
36 114 29
36 114 29
36 114 29
36 114 29
36 114 29
36 114 29
36 114 29
36 114 29
36 114 29
36 114 29
36 114 29
36 114 29
36 114 29
36 114 29
36 114 29
36 114 29
36 114 29
36 114 29
36 114 29
36 114 29
36 114 29
36 114 29
36 114 29
36 114 29
36 114 29
36 114 29
36 114 29
36 114 29
36 114 29
36 114 29
36 114 29
36 114 29
36 114 29
36 114 29
36 114 29
36 114 29
36 114 29
36 114 29
35 114 421
35 114 29
35 114 29
35 114 29
35 114 29
35 114 29
35 114 29
35 114 29
35 114 29
35 114 29
35 114 29
35 114 29
35 114 29
35 114 29
35 114 29
35 114 29
35 114 29
35 114 29
35 114 29
35 114 29
35 114 29
35 114 29
35 114 29
35 114 29
35 114 29
35 114 29
35 114 29
35 114 29
35 114 29
35 114 29
35 114 29
35 114 29
35 114 29
35 114 29
35 114 29
35 114 29
35 114 29
35 114 29
35 114 29
35 114 29
35 114 29
35 114 29
35 114 29
35 114 29
35 114 29
35 114 29
35 114 29
35 114 29
35 114 29
35 114 29
35 114 29
35 114 29
35 114 29
35 114 29
35 114 29
35 114 29
35 113 443
35 113 29
35 113 29
35 113 29
35 113 29
35 113 29
35 113 29
35 113 29
35 113 29
35 113 29
35 113 29
35 113 29
35 113 29
35 113 29
35 113 29
35 113 29
35 113 29
35 113 29
35 113 29
35 113 29
35 113 29
35 113 29
35 113 29
35 113 29
35 113 29
35 113 29
35 113 29
35 113 29
35 113 29
35 113 29
35 113 29
35 113 29
35 113 29
35 113 29
35 113 29
35 113 29
35 113 29
35 113 29
35 113 29
35 113 29
35 113 29
35 113 29
35 113 29
35 113 29
35 113 29
35 113 29
35 113 29
35 113 29
35 113 29
35 113 29
35 113 29
35 113 29
35 113 29
35 113 29
35 113 29
35 113 29
35 113 29
35 113 29
35 113 29
35 113 29
35 113 29
35 113 29
35 113 29
35 113 29
35 113 29
35 113 29
35 113 29
34 113 460
34 113 29
34 113 29
34 113 29
34 113 29
34 113 29
34 113 29
34 113 29
34 113 29
34 113 29
34 113 29
34 113 29
34 113 29
34 113 29
34 113 29
34 113 29
34 113 29
34 113 29
34 113 29
34 113 29
34 113 29
34 113 29
34 113 29
34 113 29
34 113 29
34 113 29
34 113 29
34 113 29
34 113 29
34 113 29
34 113 29
34 113 29
34 113 29
34 113 29
34 113 29
34 113 29
34 113 29
34 113 29
34 113 29
34 113 29
34 113 29
34 113 29
34 113 29
34 113 29
34 113 29
34 113 29
34 113 29
34 113 29
34 113 29
34 113 29
34 113 29
34 113 29
34 113 29
34 113 29
34 113 29
34 113 29
34 113 29
34 113 29
34 113 29
34 113 29
34 113 29
34 113 29
34 113 29
34 113 29
34 113 29
34 113 29
34 113 29
34 113 29
34 113 29
34 113 29
34 113 29
34 113 29
34 113 29
34 113 29
34 113 29
34 113 29
34 113 29
34 113 29
34 113 29
34 113 29
34 113 29
33 113 478
33 113 29
33 113 29
33 113 29
33 113 29
33 113 29
33 113 29
33 113 29
33 113 29
33 113 29
33 113 29
33 113 29
33 113 29
33 113 29
33 113 29
33 113 29
33 113 29
33 113 29
33 113 29
33 113 29
33 113 29
33 113 29
33 113 29
33 113 29
33 113 29
33 113 29
33 113 29
33 113 29
33 113 29
33 113 29
33 113 29
33 113 29
33 113 29
33 113 29
33 113 29
33 113 29
33 113 29
33 113 29
33 113 29
33 113 29
33 113 29
33 113 29
33 113 29
33 113 29
33 113 29
33 113 29
33 113 29
33 113 29
33 113 29
33 113 29
33 113 29
33 113 29
33 113 29
33 113 29
33 113 29
33 113 29
33 113 29
33 113 29
33 113 29
33 113 29
33 113 29
33 113 29
33 113 29
33 113 29
33 113 29
33 113 29
33 113 29
33 113 29
33 113 29
33 113 29
33 113 29
33 113 29
33 113 29
33 113 29
33 113 29
33 113 29
33 113 29
33 113 29
33 113 29
33 113 29
33 113 29
33 113 29
33 113 29
33 113 29
33 113 29
33 113 29
33 113 29
33 113 29
33 113 29
33 113 29
33 113 29
33 113 29
33 113 29
33 112 491
33 112 29
33 112 29
33 112 29
33 112 29
33 112 29
33 112 29
33 112 29
33 112 29
33 112 29
33 112 29
33 112 29
33 112 29
33 112 29
33 112 29
33 112 29
33 112 29
33 112 29
33 112 29
33 112 29
33 112 29
33 112 29
33 112 29
33 112 29
33 112 29
33 112 29
33 112 29
33 112 29
33 112 29
33 112 29
33 112 29
33 112 29
33 112 29
33 112 29
33 112 29
33 112 29
33 112 29
33 112 29
33 112 29
33 112 29
33 112 29
33 112 29
33 112 29
33 112 29
33 112 29
33 112 29
33 112 29
33 112 29
33 112 29
33 112 29
33 112 29
33 112 29
33 112 29
33 112 29
33 112 29
33 112 29
33 112 29
33 112 29
33 112 29
33 112 29
33 112 29
33 112 29
33 112 29
33 112 29
33 112 29
33 112 29
33 112 29
33 112 29
33 112 29
33 112 29
33 112 29
33 112 29
33 112 29
33 112 29
33 112 29
33 112 29
33 112 29
33 112 29
33 112 29
33 112 29
33 112 29
33 112 29
33 112 29
33 112 29
33 112 29
33 112 29
33 112 29
33 112 29
33 112 29
33 112 29
33 112 29
33 112 29
33 112 29
33 112 29
33 112 29
33 112 29
33 112 29
33 112 29
33 112 29
33 112 29
33 111 504
33 111 29
33 111 29
33 111 29
33 111 29
33 111 29
33 111 29
33 111 29
33 111 29
33 111 29
33 111 29
33 111 29
33 111 29
33 111 29
33 111 29
33 111 29
33 111 29
33 111 29
33 111 29
33 111 29
33 111 29
33 111 29
33 111 29
33 111 29
33 111 29
33 111 29
33 111 29
33 111 29
33 111 29
33 111 29
33 111 29
33 111 29
33 111 29
33 111 29
33 111 29
33 111 29
33 111 29
33 111 29
33 111 29
33 111 29
33 111 29
33 111 29
33 111 29
33 111 29
33 111 29
33 111 29
33 111 29
33 111 29
33 111 29
33 111 29
33 111 29
33 111 29
33 111 29
33 111 29
33 111 29
33 111 29
33 111 29
33 111 29
33 111 29
33 111 29
33 111 29
33 111 29
33 111 29
33 111 29
33 111 29
33 111 29
33 111 29
33 111 29
33 111 29
33 111 29
33 111 29
33 111 29
33 111 29
33 111 29
33 111 29
33 111 29
33 111 29
33 111 29
33 111 29
33 111 29
33 111 29
33 111 29
33 111 29
33 111 29
33 111 29
33 111 29
33 111 29
33 111 29
33 111 29
33 111 29
33 111 29
33 111 29
33 111 29
33 111 29
33 111 29
33 111 29
33 111 29
33 111 29
33 111 29
33 111 29
33 111 29
33 111 29
33 111 29
33 111 29
33 111 29
33 110 29
33 110 29
33 110 29
33 110 29
33 110 29
33 110 29
33 110 29
33 110 29
33 110 29
33 110 29
33 110 29
33 110 29
33 110 29
33 110 29
33 110 29
33 110 29
33 110 29
33 110 29
33 110 29
33 110 29
33 110 29
33 110 29
33 110 29
33 110 29
33 110 29
33 110 29
33 110 29
33 110 29
33 110 29
33 110 29
33 110 29
33 110 29
33 110 29
33 110 29
33 110 29
33 110 29
33 110 29
33 110 29
33 110 29
33 110 29
33 110 29
33 110 29
33 110 29
33 110 29
33 110 29
33 110 29
33 110 29
33 110 29
33 110 29
33 110 29
33 110 29
33 110 29
33 110 29
33 110 29
33 110 29
33 110 29
33 110 29
33 110 29
33 110 29
33 110 29
33 110 29
33 110 29
33 110 29
33 110 29
33 110 29
33 110 29
33 110 29
33 110 29
33 110 29
33 110 29
33 110 29
33 110 29
33 110 29
33 110 29
33 110 29
33 110 29
33 110 29
33 110 29
33 110 29
33 110 29
33 110 29
33 110 29
33 110 29
33 110 29
33 110 29
33 110 29
33 110 29
33 110 29
33 110 29
33 110 29
33 110 29
33 110 29
33 110 29
33 110 29
33 110 29
33 110 29
33 110 29
33 110 29
33 110 29
33 110 29
33 110 29
33 110 29
33 110 29
33 110 29
33 110 29
33 110 29
33 110 29
33 110 29
33 110 29
33 110 29
33 109 526
33 109 29
33 109 29
33 109 29
33 109 29
33 109 29
33 109 29
33 109 29
33 109 29
33 109 29
33 109 29
33 109 29
33 109 29
33 109 29
33 109 29
33 109 29
33 109 29
33 109 29
33 109 29
33 109 29
33 109 29
33 109 29
33 109 29
33 109 29
33 109 29
33 109 29
33 109 29
33 109 29
33 109 29
33 109 29
33 109 29
33 109 29
33 109 29
33 109 29
33 109 29
33 109 29
33 109 29
33 109 29
33 109 29
33 109 29
33 109 29
33 109 29
33 109 29
33 109 29
33 109 29
33 109 29
33 109 29
33 109 29
33 109 29
33 109 29
33 109 29
33 109 29
33 109 29
33 109 29
33 109 29
33 109 29
33 109 29
33 109 29
33 109 29
33 109 29
33 109 29
33 109 29
33 109 29
33 109 29
33 109 29
33 109 29
33 109 29
33 109 29
33 109 29
33 109 29
33 109 29
33 109 29
33 109 29
33 109 29
33 109 29
33 109 29
33 109 29
33 109 29
33 109 29
33 109 29
33 109 29
33 109 29
33 109 29
33 109 29
33 109 29
33 109 29
33 109 29
33 109 29
33 109 29
33 109 29
33 109 29
33 109 29
33 109 29
33 109 29
33 109 29
33 109 29
33 109 29
33 109 29
33 109 29
33 109 29
33 109 29
33 109 29
33 109 29
33 109 29
33 109 29
33 109 29
33 109 29
33 109 29
33 109 29
33 109 29
33 109 29
33 108 532
33 108 29
33 108 29
33 108 29
33 108 29
33 108 29
33 108 29
33 108 29
33 108 29
33 108 29
33 108 29
33 108 29
33 108 29
33 108 29
33 108 29
33 108 29
33 108 29
33 108 29
33 108 29
33 108 29
33 108 29
33 108 29
33 108 29
33 108 29
33 108 29
33 108 29
33 108 29
33 108 29
33 108 29
33 108 29
33 108 29
33 108 29
33 108 29
33 108 29
33 108 29
33 108 29
33 108 29
33 108 29
33 108 29
33 108 29
33 108 29
33 108 29
33 108 29
33 108 29
33 108 29
33 108 29
33 108 29
33 108 29
33 108 29
33 108 29
33 108 29
33 108 29
33 108 29
33 108 29
33 108 29
33 108 29
33 108 29
33 108 29
33 108 29
33 108 29
33 108 29
33 108 29
33 108 29
33 108 29
33 108 29
33 108 29
33 108 29
33 108 29
33 108 29
33 108 29
33 108 29
33 108 29
33 108 29
33 108 29
33 108 29
33 108 29
33 108 29
33 108 29
33 108 29
33 108 29
33 108 29
33 108 29
33 108 29
33 108 29
33 108 29
33 108 29
33 108 29
33 108 29
33 108 29
33 108 29
33 108 29
33 108 29
33 108 29
33 108 29
33 108 29
33 108 29
33 108 29
33 108 29
33 108 29
33 108 29
33 108 29
33 108 29
33 108 29
33 108 29
33 108 29
33 108 29
33 108 29
33 108 29
33 108 29
33 108 29
33 107 533
33 107 29
33 107 29
33 107 29
33 107 29
33 107 29
33 107 29
33 107 29
33 107 29
33 107 29
33 107 29
33 107 29
33 107 29
33 107 29
33 107 29
33 107 29
33 107 29
33 107 29
33 107 29
33 107 29
33 107 29
33 107 29
33 107 29
33 107 29
33 107 29
33 107 29
33 107 29
33 107 29
33 107 29
33 107 29
33 107 29
33 107 29
33 107 29
33 107 29
33 107 29
33 107 29
33 107 29
33 107 29
33 107 29
33 107 29
33 107 29
33 107 29
33 107 29
33 107 29
33 107 29
33 107 29
33 107 29
33 107 29
33 107 29
33 107 29
33 107 29
33 107 29
33 107 29
33 107 29
33 107 29
33 107 29
33 107 29
33 107 29
33 107 29
33 107 29
33 107 29
33 107 29
33 107 29
33 107 29
33 107 29
33 107 29
33 107 29
33 107 29
33 107 29
33 107 29
33 107 29
33 107 29
33 107 29
33 107 29
33 107 29
33 107 29
33 107 29
33 107 29
33 107 29
33 107 29
33 107 29
33 107 29
33 107 29
33 107 29
33 107 29
33 107 29
33 107 29
33 107 29
33 107 29
33 107 29
33 107 29
33 107 29
33 107 29
33 107 29
33 107 29
33 107 29
33 107 29
33 107 29
33 107 29
33 107 29
33 107 29
33 107 29
33 107 29
33 107 29
33 107 29
33 107 29
33 106 529
33 106 29
33 106 29
33 106 29
33 106 29
33 106 29
33 106 29
33 106 29
33 106 29
33 106 29
33 106 29
33 106 29
33 106 29
33 106 29
33 106 29
33 106 29
33 106 29
33 106 29
33 106 29
33 106 29
33 106 29
33 106 29
33 106 29
33 106 29
33 106 29
33 106 29
33 106 29
33 106 29
33 106 29
33 106 29
33 106 29
33 106 29
33 106 29
33 106 29
33 106 29
33 106 29
33 106 29
33 106 29
33 106 29
33 106 29
33 106 29
33 106 29
33 106 29
33 106 29
33 106 29
33 106 29
33 106 29
33 106 29
33 106 29
33 106 29
33 106 29
33 106 29
33 106 29
33 106 29
33 106 29
33 106 29
33 106 29
33 106 29
33 106 29
33 106 29
33 106 29
33 106 29
33 106 29
33 106 29
33 106 29
33 106 29
33 106 29
33 106 29
33 106 29
33 106 29
33 106 29
33 106 29
33 106 29
33 106 29
33 106 29
33 106 29
33 106 29
33 106 29
33 106 29
33 106 29
33 106 29
33 106 29
33 106 29
33 106 29
33 106 29
33 106 29
33 106 29
33 106 29
33 106 29
33 106 29
33 106 29
33 106 29
33 106 29
33 106 29
33 106 29
33 106 29
33 106 29
33 106 29
33 106 29
33 106 29
33 105 518
33 105 29
33 105 29
33 105 29
33 105 29
33 105 29
33 105 29
33 105 29
33 105 29
33 105 29
33 105 29
33 105 29
33 105 29
33 105 29
33 105 29
33 105 29
33 105 29
33 105 29
33 105 29
33 105 29
33 105 29
33 105 29
33 105 29
33 105 29
33 105 29
33 105 29
33 105 29
33 105 29
33 105 29
33 105 29
33 105 29
33 105 29
33 105 29
33 105 29
33 105 29
33 105 29
33 105 29
33 105 29
33 105 29
33 105 29
33 105 29
33 105 29
33 105 29
33 105 29
33 105 29
33 105 29
33 105 29
33 105 29
33 105 29
33 105 29
33 105 29
33 105 29
33 105 29
33 105 29
33 105 29
33 105 29
33 105 29
33 105 29
33 105 29
33 105 29
33 105 29
33 105 29
33 105 29
33 105 29
33 105 29
33 105 29
33 105 29
33 105 29
33 105 29
33 105 29
33 105 29
33 105 29
33 105 29
33 105 29
33 105 29
33 105 29
33 105 29
33 105 29
33 105 29
33 105 29
33 105 29
33 105 29
33 105 29
33 105 29
33 105 29
33 105 29
33 105 29
33 105 29
33 105 29
33 105 29
33 105 29
33 104 499
33 104 29
33 104 29
33 104 29
33 104 29
33 104 29
33 104 29
33 104 29
33 104 29
33 104 29
33 104 29
33 104 29
33 104 29
33 104 29
33 104 29
33 104 29
33 104 29
33 104 29
33 104 29
33 104 29
33 104 29
33 104 29
33 104 29
33 104 29
33 104 29
33 104 29
33 104 29
33 104 29
33 104 29
33 104 29
33 104 29
33 104 29
33 104 29
33 104 29
33 104 29
33 104 29
33 104 29
33 104 29
33 104 29
33 104 29
33 104 29
33 104 29
33 104 29
33 104 29
33 104 29
33 104 29
33 104 29
33 104 29
33 104 29
33 104 29
33 104 29
33 104 29
33 104 29
33 104 29
33 104 29
33 104 29
33 104 29
33 104 29
33 104 29
33 104 29
33 104 29
33 104 29
33 104 29
33 104 29
33 104 29
33 104 29
33 104 29
33 104 29
33 104 29
33 104 29
33 104 29
33 104 29
33 104 29
33 104 29
33 104 29
33 104 29
33 104 29
33 104 29
33 104 29
33 104 29
33 103 474
33 103 29
33 103 29
33 103 29
33 103 29
33 103 29
33 103 29
33 103 29
33 103 29
33 103 29
33 103 29
33 103 29
33 103 29
33 103 29
33 103 29
33 103 29
33 103 29
33 103 29
33 103 29
33 103 29
33 103 29
33 103 29
33 103 29
33 103 29
33 103 29
33 103 29
33 103 29
33 103 29
33 103 29
33 103 29
33 103 29
33 103 29
33 103 29
33 103 29
33 103 29
33 103 29
33 103 29
33 103 29
33 103 29
33 103 29
33 103 29
33 103 29
33 103 29
33 103 29
33 103 29
33 103 29
33 103 29
33 103 29
33 103 29
33 103 29
33 103 29
33 103 29
33 103 29
33 103 29
33 103 29
33 103 29
33 103 29
33 103 29
33 103 29
33 103 29
33 103 29
33 103 29
33 103 29
33 103 29
33 103 29
33 103 29
33 102 442
33 102 29
33 102 29
33 102 29
33 102 29
33 102 29
33 102 29
33 102 29
33 102 29
33 102 29
33 102 29
33 102 29
33 102 29
33 102 29
33 102 29
33 102 29
33 102 29
33 102 29
33 102 29
33 102 29
33 102 29
33 102 29
33 102 29
33 102 29
33 102 29
33 102 29
33 102 29
33 102 29
33 102 29
33 102 29
33 102 29
33 102 29
33 102 29
33 102 29
33 102 29
33 102 29
33 102 29
33 102 29
33 102 29
33 102 29
33 102 29
33 102 29
33 102 29
33 102 29
33 102 29
33 102 29
33 102 29
33 102 29
33 102 29
33 102 29
33 101 403
33 101 29
33 101 29
33 101 29
33 101 29
33 101 29
33 101 29
33 101 29
33 101 29
33 101 29
33 101 29
33 101 29
33 101 29
33 101 29
33 101 29
33 101 29
33 101 29
33 101 29
33 101 29
33 101 29
33 101 29
33 101 29
33 101 29
33 101 29
33 101 29
33 101 29
33 101 29
33 101 29
33 101 29
33 101 29
33 101 29
33 101 29
33 101 29
33 101 29
33 101 29
33 100 359
33 100 29
33 100 29
33 100 29
33 100 29
33 100 29
33 100 29
33 100 29
33 100 29
33 100 29
33 100 29
33 100 29
33 100 29
33 100 29
33 100 29
33 100 29
33 100 29
33 100 29
33 100 29
33 100 29
33 100 29
33 100 29
33 99 311
33 99 29
33 99 29
33 99 29
33 99 29
33 99 29
33 99 29
33 99 29
33 99 29
33 99 29
33 99 29
33 99 29
33 99 29
33 98 260
33 98 29
33 98 29
33 98 29
33 98 29
33 98 29
33 97 207
33 97 29
33 97 29
33 95 104
33 94 57
33 94 29
33 93 15
33 93 29
32 93 15
32 93 29
32 92 15
32 92 29
32 91 15
32 91 29
32 90 15
32 90 29
32 89 15
31 89 15
30 89 15
29 89 15
28 89 15
27 89 15
26 89 15
25 89 15
24 89 15
23 89 15
23 88 15
23 87 15
23 86 15
23 85 15
23 84 15
23 83 15
23 82 15
23 81 15
23 80 15
23 80 29
23 79 15
23 79 29
23 78 15
23 78 29
23 77 15
23 77 29
23 76 17
23 76 29
23 75 21
23 75 29
23 73 32
23 72 38
23 71 44
23 70 49
23 69 55
23 68 59
23 67 63
23 66 64
23 65 65
23 64 63
23 63 59
23 62 53
23 61 46
23 60 37
23 59 27
24 58 15
24 58 29
24 57 15
24 57 29
24 56 15
24 56 29
24 55 15
24 55 29
24 54 15
24 54 29
24 53 15
24 53 29
24 52 15
24 52 29
25 52 15
25 52 29
26 52 15
26 52 29
27 52 15
27 52 29
28 52 15
28 52 29
29 52 15
29 52 29
30 52 15
30 52 29
31 52 15
31 52 29
32 52 15
32 52 29
33 52 15
33 52 29
34 52 15
34 52 29
35 52 15
35 52 29
36 51 15
36 51 29
36 50 15
36 50 29
37 50 15
37 50 29
37 49 15
37 49 29
37 48 15
37 48 29
37 47 15
37 46 15
37 45 15
37 44 15
37 43 15
37 42 15
37 41 15
37 40 15
37 39 15
37 38 15
37 37 20
153 123 15
153 123 29
153 124 15
153 124 29
154 124 15
154 125 15
154 126 15
155 126 15
156 126 15
157 126 15
158 126 15
159 126 15
160 126 15
161 126 15
161 127 15
161 128 15
161 129 15
162 129 15
162 129 29
163 129 15
163 129 29
153 108 15
153 108 29
153 108 29
153 108 29
153 108 29
153 107 15
153 107 29
153 107 29
153 107 29
153 107 29
153 107 29
153 106 15
153 106 29
153 106 29
153 106 29
153 106 29
153 106 29
153 106 29
153 105 21
153 105 29
153 105 29
153 105 29
153 105 29
153 105 29
153 105 29
153 105 29
152 105 40
152 105 29
152 105 29
152 105 29
152 105 29
152 105 29
152 105 29
152 104 59
152 104 29
152 104 29
152 104 29
152 104 29
152 104 29
152 104 29
151 104 82
151 104 29
151 104 29
151 104 29
151 104 29
151 104 29
151 103 104
151 103 29
151 103 29
151 103 29
151 103 29
151 103 29
150 103 128
150 103 29
150 103 29
150 103 29
149 103 154
149 103 29
149 103 29
148 103 181
148 103 29
147 103 208
146 103 231
145 103 251
144 103 265
143 103 272
142 103 273
141 103 266
139 103 230
139 103 29
138 103 203
138 103 29
138 103 29
137 103 170
137 103 29
137 103 29
137 103 29
136 103 134
136 103 29
136 103 29
136 103 29
135 103 95
135 103 29
135 103 29
135 103 29
135 103 29
134 103 55
134 103 29
134 103 29
134 103 29
134 103 29
134 103 29
133 103 16
133 103 29
133 103 29
133 103 29
133 103 29
133 103 29
133 103 29
132 103 15
132 103 29
132 103 29
132 103 29
132 103 29
132 103 29
132 103 29
131 103 15
131 103 29
131 103 29
131 103 29
131 103 29
131 103 29
130 103 15
130 103 29
130 103 29
130 103 29
130 103 29
129 103 15
129 103 29
129 103 29
129 103 29
128 103 15
128 103 29
128 103 29
127 103 15
127 103 29
127 103 29
126 103 15
126 103 29
125 103 15
125 103 29
124 103 15
124 103 29
123 103 15
123 103 29
122 103 15
121 103 15
120 103 15
119 103 15
118 103 15
117 103 15
116 104 15
116 105 15
115 105 15
114 105 15
113 105 15
112 105 28
111 105 41
110 105 52
109 105 60
109 104 66
108 104 69
108 103 71
107 103 70
107 102 69
106 102 66
106 101 63
106 100 59
105 100 53
105 99 46
105 98 41
104 98 33
104 96 21
103 96 15
103 95 15
103 94 15
102 94 15
101 94 15
100 94 15
99 94 15
99 93 15
99 92 15
99 91 15
98 91 15
97 91 15
96 91 15
95 91 15
94 91 15
94 91 29
93 91 15
93 91 29
92 90 15
92 90 29
92 89 15
92 89 29
92 88 15
92 88 29
92 87 15
92 87 29
92 86 15
92 86 29
92 85 15
92 85 29
92 84 15
92 84 29
92 83 15
92 83 29
92 82 15
92 82 29
92 81 15
92 81 29
92 80 15
92 80 29
92 79 15
92 79 29
92 78 15
92 78 29
91 77 15
91 77 29
90 77 15
90 77 29
89 77 15
89 77 29
88 77 15
88 77 29
87 77 15
86 77 15
85 77 15
85 76 15
85 75 15
85 74 15
84 74 15
83 74 15
82 74 15
82 73 15
81 73 15
80 73 15
80 72 15
80 71 16
79 70 15
78 70 15
78 69 15
78 68 15
78 67 15
77 67 15
77 66 15
77 65 15
77 65 29
76 65 15
76 65 29
76 64 15
76 64 29
75 64 15
75 64 29
74 64 15
74 64 29
73 64 15
73 64 29
72 64 15
72 64 29
71 64 15
71 64 29
71 63 15
71 63 29
70 63 15
70 63 29
