39 130 14
39 130 4
39 130 4
39 130 4
39 130 4
39 130 4
39 130 4
39 130 4
39 130 4
39 130 4
39 130 4
39 130 4
39 130 4
39 130 4
39 130 4
39 130 4
39 130 4
39 130 4
39 130 4
39 130 4
39 130 4
39 130 4
39 130 4
39 130 4
39 130 4
39 130 4
169 112 14
169 112 4
169 112 4
169 112 4
169 112 4
169 112 4
169 112 4
169 112 4
169 112 4
169 112 4
169 112 4
169 112 4
169 112 4
169 112 4
169 112 4
169 112 4
169 112 4
169 112 4
169 112 4
169 112 4
169 112 4
169 112 4
169 112 4
169 112 4
169 112 4
169 112 4
169 112 4
169 112 4
169 112 4
169 112 4
169 112 4
169 112 4
169 112 4
169 112 4
169 112 4
169 112 4
169 112 4
169 112 4
169 112 4
169 112 4
169 112 4
169 112 4
169 112 4
169 112 4
169 112 4
169 112 4
169 112 4
169 112 4
169 112 4
169 112 4
169 112 4
169 112 4
169 112 4
169 112 4
169 112 4
169 112 4
169 112 4
169 112 4
169 112 4
169 112 4
169 112 4
169 112 4
169 112 4
169 112 4
169 112 4
169 112 4
13 152 14
13 152 4
13 152 4
13 152 4
13 152 4
13 152 4
13 152 4
13 152 4
13 152 4
13 152 4
13 152 4
126 146 14
126 146 4
98 67 14
177 60 14
177 60 4
177 60 4
177 60 4
177 60 4
177 60 4
177 60 4
177 60 4
177 60 4
177 60 4
177 60 4
177 60 4
177 60 4
177 60 4
177 60 4
177 60 4
177 60 4
177 60 4
177 60 4
177 60 4
177 60 4
177 60 4
177 60 4
177 60 4
177 60 4
177 60 4
177 60 4
177 60 4
177 60 4
177 60 4
177 60 4
177 60 4
197 33 14
197 33 4
75 89 14
75 89 4
75 89 4
65 39 14
65 39 4
65 39 4
65 39 4
65 39 4
65 39 4
65 39 4
65 39 4
65 39 4
65 39 4
106 176 14
106 176 4
106 176 4
106 176 4
106 176 4
106 176 4
106 176 4
106 176 4
106 176 4
106 176 4
106 176 4
106 176 4
106 176 4
89 75 14
83 82 14
26 141 14
26 141 4
26 141 4
26 141 4
26 141 4
26 141 4
26 141 4
26 141 4
26 141 4
26 141 4
26 141 4
26 141 4
26 141 4
26 141 4
26 141 4
26 141 4
26 141 4
26 141 4
26 141 4
26 141 4
26 141 4
26 141 4
26 141 4
26 141 4
26 141 4
26 141 4
26 141 4
26 141 4
26 141 4
26 141 4
26 141 4
26 141 4
26 141 4
26 141 4
26 141 4
26 141 4
26 141 4
26 141 4
26 141 4
26 141 4
26 141 4
26 141 4
26 141 4
26 141 4
26 141 4
26 141 4
26 141 4
26 141 4
26 141 4
26 141 4
26 141 4
26 141 4
26 141 4
26 141 4
26 141 4
26 141 4
26 141 4
26 141 4
26 141 4
26 141 4
26 141 4
26 141 4
26 141 4
26 141 4
26 141 4
26 141 4
26 141 4
26 141 4
26 141 4
26 141 4
26 141 4
26 141 4
26 141 4
26 141 4
26 141 4
26 141 4
26 141 4
198 44 14
198 44 4
198 44 4
198 44 4
198 44 4
198 44 4
198 44 4
198 44 4
198 44 4
198 44 4
198 44 4
198 44 4
198 44 4
198 44 4
198 44 4
198 44 4
198 44 4
198 44 4
198 44 4
198 44 4
198 44 4
198 44 4
198 44 4
198 44 4
198 44 4
198 44 4
198 44 4
198 44 4
198 44 4
187 46 14
187 46 4
187 46 4
189 56 14
189 56 4
189 56 4
189 56 4
189 56 4
189 56 4
189 56 4
189 56 4
189 56 4
189 56 4
189 56 4
189 56 4
115 153 14
115 153 4
115 153 4
115 153 4
115 153 4
115 153 4
116 168 14
181 120 14
181 120 4
181 120 4
181 120 4
181 120 4
181 120 4
181 120 4
181 120 4
181 120 4
181 120 4
181 120 4
181 120 4
181 120 4
181 120 4
181 120 4
181 120 4
181 120 4
181 120 4
181 120 4
181 120 4
181 120 4
181 120 4
181 120 4
181 120 4
181 120 4
181 120 4
181 120 4
181 120 4
181 120 4
181 120 4
181 120 4
181 120 4
181 120 4
181 120 4
181 120 4
181 120 4
181 120 4
181 120 4
181 120 4
181 120 4
181 120 4
181 120 4
181 120 4
181 120 4
181 120 4
181 120 4
181 120 4
181 120 4
181 120 4
181 120 4
181 120 4
181 120 4
181 120 4
181 120 4
181 120 4
181 120 4
181 120 4
181 120 4
181 120 4
181 120 4
181 120 4
181 120 4
181 120 4
181 120 4
181 120 4
181 120 4
181 120 4
181 120 4
181 120 4
181 120 4
181 120 4
181 120 4
181 120 4
181 120 4
181 120 4
181 120 4
181 120 4
181 120 4
181 120 4
181 120 4
181 120 4
181 120 4
181 120 4
181 120 4
181 120 4
181 120 4
181 120 4
181 120 4
181 120 4
181 120 4
181 120 4
181 120 4
181 120 4
181 120 4
181 120 4
181 120 4
181 120 4
181 120 4
181 120 4
181 120 4
181 120 4
181 120 4
181 120 4
181 120 4
181 120 4
181 120 4
181 120 4
181 120 4
181 120 4
181 120 4
181 120 4
181 120 4
181 120 4
181 120 4
181 120 4
181 120 4
181 120 4
181 120 4
181 120 4
181 120 4
181 120 4
181 120 4
181 120 4
181 120 4
181 120 4
181 120 4
181 120 4
181 120 4
181 120 4
181 120 4
181 120 4
181 120 4
181 120 4
181 120 4
181 120 4
181 120 4
181 120 4
181 120 4
181 120 4
181 120 4
181 120 4
181 120 4
181 120 4
181 120 4
181 120 4
181 120 4
181 120 4
181 120 4
181 120 4
181 120 4
181 120 4
181 120 4
181 120 4
181 120 4
181 120 4
181 120 4
181 120 4
181 120 4
181 120 4
181 120 4
181 120 4
181 120 4
181 120 4
181 120 4
181 120 4
181 120 4
181 120 4
181 120 4
181 120 4
181 120 4
181 120 4
181 120 4
181 120 4
181 120 4
181 120 4
181 120 4
181 120 4
181 120 4
181 120 4
181 120 4
181 120 4
181 120 4
181 120 4
181 120 4
181 120 4
181 120 4
181 120 4
181 120 4
181 120 4
181 120 4
181 120 4
181 120 4
181 120 4
181 120 4
181 120 4
181 120 4
181 120 4
181 120 4
181 120 4
181 120 4
181 120 4
181 120 4
181 120 4
181 120 4
181 120 4
181 120 4
181 120 4
181 120 4
181 120 4
181 120 4
181 120 4
181 120 4
181 120 4
181 120 4
181 120 4
181 120 4
181 120 4
181 120 4
181 120 4
181 120 4
181 120 4
181 120 4
181 120 4
181 120 4
168 96 14
168 96 4
168 96 4
168 96 4
168 96 4
168 96 4
168 96 4
168 96 4
168 96 4
168 96 4
168 96 4
168 96 4
168 96 4
168 96 4
168 96 4
168 96 4
168 96 4
168 96 4
168 96 4
168 96 4
168 96 4
168 96 4
168 96 4
168 96 4
168 96 4
168 96 4
168 96 4
168 96 4
168 96 4
168 96 4
168 96 4
168 96 4
168 96 4
168 96 4
168 96 4
168 96 4
168 96 4
168 96 4
168 96 4
168 96 4
168 96 4
168 96 4
168 96 4
168 96 4
168 96 4
168 96 4
168 96 4
168 96 4
168 96 4
168 96 4
168 96 4
168 96 4
168 96 4
168 96 4
168 96 4
168 96 4
168 96 4
168 96 4
168 96 4
168 96 4
168 96 4
168 96 4
168 96 4
168 96 4
168 96 4
168 96 4
168 96 4
168 96 4
168 96 4
168 96 4
168 96 4
168 96 4
168 96 4
168 96 4
168 96 4
168 96 4
168 96 4
168 96 4
168 96 4
168 96 4
168 96 4
168 96 4
168 96 4
168 96 4
168 96 4
168 96 4
168 96 4
168 96 4
168 96 4
168 96 4
168 96 4
168 96 4
168 96 4
168 96 4
168 96 4
168 96 4
168 96 4
168 96 4
168 96 4
168 96 4
168 96 4
168 96 4
168 96 4
168 96 4
168 96 4
168 96 4
168 96 4
168 96 4
168 96 4
168 96 4
168 96 4
168 96 4
168 96 4
168 96 4
168 96 4
168 96 4
168 96 4
168 96 4
168 96 4
168 96 4
168 96 4
168 96 4
168 96 4
168 96 4
168 96 4
168 96 4
168 96 4
168 96 4
168 96 4
168 96 4
168 96 4
168 96 4
168 96 4
168 96 4
168 96 4
168 96 4
168 96 4
168 96 4
25 156 14
25 156 4
25 156 4
25 156 4
25 156 4
25 156 4
25 156 4
25 156 4
25 156 4
25 156 4
25 156 4
25 156 4
185 37 14
185 37 4
37 146 14
37 146 4
37 146 4
37 146 4
37 146 4
37 146 4
37 146 4
37 146 4
37 146 4
37 146 4
37 146 4
37 146 4
37 146 4
37 146 4
37 146 4
37 146 4
37 146 4
37 146 4
37 146 4
37 146 4
37 146 4
37 146 4
37 146 4
37 146 4
37 146 4
37 146 4
37 146 4
37 146 4
37 146 4
37 146 4
37 146 4
37 146 4
37 146 4
37 146 4
37 146 4
37 146 4
37 146 4
37 146 4
37 146 4
37 146 4
37 146 4
37 146 4
37 146 4
37 146 4
37 146 4
37 146 4
37 146 4
37 146 4
37 146 4
37 146 4
37 146 4
37 146 4
37 146 4
37 146 4
37 146 4
37 146 4
37 146 4
37 146 4
37 146 4
37 146 4
37 146 4
37 146 4
37 146 4
37 146 4
37 146 4
37 146 4
37 146 4
37 146 4
37 146 4
37 146 4
37 146 4
37 146 4
37 146 4
37 146 4
37 146 4
37 146 4
37 146 4
37 146 4
37 146 4
37 146 4
37 146 4
37 146 4
37 146 4
37 146 4
37 146 4
37 146 4
37 146 4
37 146 4
37 146 4
37 146 4
37 146 4
37 146 4
37 146 4
37 146 4
37 146 4
37 146 4
37 146 4
37 146 4
37 146 4
37 146 4
37 146 4
37 146 4
37 146 4
37 146 4
37 146 4
37 146 4
37 146 4
37 146 4
37 146 4
37 146 4
37 146 4
37 146 4
37 146 4
37 146 4
37 146 4
37 146 4
153 104 14
153 104 4
153 104 4
153 104 4
153 104 4
153 104 4
153 104 4
153 104 4
153 104 4
153 104 4
153 104 4
153 104 4
153 104 4
153 104 4
153 104 4
153 104 4
153 104 4
153 104 4
153 104 4
153 104 4
153 104 4
153 104 4
153 104 4
153 104 4
153 104 4
153 104 4
153 104 4
153 104 4
153 104 4
153 104 4
153 104 4
153 104 4
153 104 4
153 104 4
153 104 4
153 104 4
153 104 4
153 104 4
153 104 4
153 104 4
153 104 4
153 104 4
153 104 4
153 104 4
153 104 4
153 104 4
153 104 4
153 104 4
153 104 4
153 104 4
153 104 4
153 104 4
153 104 4
153 104 4
153 104 4
153 104 4
153 104 4
153 104 4
153 104 4
153 104 4
153 104 4
153 104 4
153 104 4
153 104 4
153 104 4
153 104 4
153 104 4
153 104 4
153 104 4
153 104 4
153 104 4
153 104 4
153 104 4
153 104 4
153 104 4
153 104 4
153 104 4
153 104 4
153 104 4
153 104 4
153 104 4
153 104 4
153 104 4
153 104 4
153 104 4
153 104 4
153 104 4
153 104 4
153 104 4
153 104 4
153 104 4
153 104 4
153 104 4
153 104 4
153 104 4
153 104 4
153 104 4
153 104 4
153 104 4
153 104 4
153 104 4
153 104 4
153 104 4
153 104 4
153 104 4
153 104 4
153 104 4
153 104 4
153 104 4
153 104 4
153 104 4
153 104 4
153 104 4
153 104 4
153 104 4
153 104 4
153 104 4
153 104 4
153 104 4
153 104 4
153 104 4
153 104 4
153 104 4
153 104 4
153 104 4
153 104 4
153 104 4
153 104 4
153 104 4
153 104 4
153 104 4
153 104 4
153 104 4
153 104 4
153 104 4
153 104 4
153 104 4
153 104 4
153 104 4
153 104 4
153 104 4
153 104 4
153 104 4
153 104 4
153 104 4
153 104 4
153 104 4
153 104 4
153 104 4
153 104 4
153 104 4
153 104 4
153 104 4
153 104 4
153 104 4
153 104 4
153 104 4
153 104 4
153 104 4
153 104 4
153 104 4
153 104 4
153 104 4
153 104 4
153 104 4
153 104 4
153 104 4
153 104 4
153 104 4
153 104 4
153 104 4
153 104 4
153 104 4
153 104 4
153 104 4
153 104 4
153 104 4
153 104 4
153 104 4
153 104 4
153 104 4
153 104 4
153 104 4
153 104 4
153 104 4
153 104 4
153 104 4
153 104 4
153 104 4
153 104 4
153 104 4
153 104 4
153 104 4
153 104 4
153 104 4
153 104 4
153 104 4
153 104 4
153 104 4
153 104 4
153 104 4
153 104 4
153 104 4
153 104 4
153 104 4
153 104 4
153 104 4
153 104 4
153 104 4
153 104 4
153 104 4
153 104 4
153 104 4
153 104 4
153 104 4
153 104 4
153 104 4
153 104 4
153 104 4
153 104 4
153 104 4
153 104 4
153 104 4
153 104 4
153 104 4
153 104 4
153 104 4
153 104 4
153 104 4
153 104 4
153 104 4
153 104 4
153 104 4
153 104 4
153 104 4
182 104 14
182 104 4
182 104 4
182 104 4
182 104 4
182 104 4
182 104 4
182 104 4
182 104 4
182 104 4
182 104 4
182 104 4
182 104 4
182 104 4
182 104 4
182 104 4
182 104 4
182 104 4
182 104 4
182 104 4
182 104 4
182 104 4
182 104 4
182 104 4
182 104 4
182 104 4
182 104 4
182 104 4
182 104 4
182 104 4
182 104 4
182 104 4
182 104 4
182 104 4
182 104 4
182 104 4
182 104 4
182 104 4
182 104 4
182 104 4
182 104 4
182 104 4
182 104 4
182 104 4
182 104 4
182 104 4
182 104 4
182 104 4
182 104 4
182 104 4
182 104 4
182 104 4
182 104 4
182 104 4
182 104 4
182 104 4
182 104 4
182 104 4
182 104 4
182 104 4
182 104 4
182 104 4
182 104 4
182 104 4
182 104 4
182 104 4
182 104 4
182 104 4
182 104 4
182 104 4
182 104 4
182 104 4
182 104 4
182 104 4
182 104 4
182 104 4
182 104 4
182 104 4
182 104 4
182 104 4
182 104 4
182 104 4
182 104 4
182 104 4
182 104 4
182 104 4
182 104 4
182 104 4
182 104 4
182 104 4
182 104 4
182 104 4
182 104 4
182 104 4
182 104 4
182 104 4
182 104 4
182 104 4
182 104 4
182 104 4
182 104 4
182 104 4
182 104 4
182 104 4
182 104 4
182 104 4
182 104 4
182 104 4
182 104 4
182 104 4
182 104 4
182 104 4
182 104 4
182 104 4
182 104 4
182 104 4
182 104 4
182 104 4
182 104 4
182 104 4
182 104 4
182 104 4
182 104 4
182 104 4
182 104 4
182 104 4
182 104 4
182 104 4
182 104 4
182 104 4
182 104 4
182 104 4
182 104 4
182 104 4
182 104 4
182 104 4
182 104 4
182 104 4
182 104 4
182 104 4
182 104 4
182 104 4
182 104 4
182 104 4
182 104 4
182 104 4
182 104 4
182 104 4
182 104 4
182 104 4
182 104 4
182 104 4
182 104 4
182 104 4
182 104 4
182 104 4
182 104 4
182 104 4
182 104 4
182 104 4
182 104 4
182 104 4
182 104 4
182 104 4
182 104 4
182 104 4
182 104 4
182 104 4
182 104 4
182 104 4
182 104 4
182 104 4
182 104 4
182 104 4
182 104 4
182 104 4
182 104 4
182 104 4
182 104 4
182 104 4
182 104 4
182 104 4
182 104 4
182 104 4
182 104 4
185 27 14
13 166 14
196 23 14
127 160 14
167 80 14
167 80 4
167 80 4
167 80 4
167 80 4
167 80 4
167 80 4
167 80 4
167 80 4
167 80 4
167 80 4
167 80 4
167 80 4
167 80 4
167 80 4
167 80 4
167 80 4
167 80 4
167 80 4
167 80 4
167 80 4
167 80 4
167 80 4
167 80 4
167 80 4
167 80 4
167 80 4
167 80 4
167 80 4
167 80 4
167 80 4
167 80 4
167 80 4
167 80 4
167 80 4
167 80 4
167 80 4
167 80 4
167 80 4
167 80 4
167 80 4
167 80 4
167 80 4
167 80 4
167 80 4
167 80 4
180 73 14
180 73 4
180 73 4
180 73 4
180 73 4
180 73 4
180 73 4
180 73 4
180 73 4
180 73 4
25 172 14
27 125 14
27 125 4
27 125 4
27 125 4
27 125 4
27 125 4
27 125 4
27 125 4
27 125 4
27 125 4
27 125 4
27 125 4
27 125 4
27 125 4
27 125 4
27 125 4
27 125 4
27 125 4
27 125 4
27 125 4
27 125 4
27 125 4
27 125 4
27 125 4
27 125 4
27 125 4
27 125 4
27 125 4
27 125 4
27 125 4
27 125 4
27 125 4
27 125 4
27 125 4
27 125 4
27 125 4
27 125 4
27 125 4
27 125 4
27 125 4
27 125 4
27 125 4
27 125 4
27 125 4
27 125 4
27 125 4
27 125 4
27 125 4
27 125 4
27 125 4
27 125 4
27 125 4
27 125 4
27 125 4
27 125 4
27 125 4
27 125 4
27 125 4
27 125 4
27 125 4
27 125 4
27 125 4
27 125 4
27 125 4
27 125 4
27 125 4
27 125 4
27 125 4
27 125 4
27 125 4
27 125 4
27 125 4
27 125 4
27 125 4
27 125 4
27 125 4
27 125 4
27 125 4
27 125 4
27 125 4
27 125 4
27 125 4
27 125 4
27 125 4
27 125 4
27 125 4
27 125 4
27 125 4
27 125 4
27 125 4
27 125 4
27 125 4
27 125 4
27 125 4
27 125 4
27 125 4
27 125 4
27 125 4
27 125 4
27 125 4
27 125 4
27 125 4
27 125 4
27 125 4
27 125 4
27 125 4
27 125 4
27 125 4
27 125 4
27 125 4
98 80 14
98 80 4
98 80 4
98 80 4
13 180 14
13 180 4
13 180 4
25 186 14
84 95 14
84 95 4
84 95 4
84 95 4
84 95 4
84 95 4
84 95 4
84 95 4
84 95 4
84 95 4
84 95 4
84 95 4
84 95 4
84 95 4
84 95 4
84 95 4
84 95 4
84 95 4
13 193 14
13 193 4
13 193 4
13 193 4
13 193 4
13 193 4
13 193 4
13 193 4
13 193 4
13 193 4
13 193 4
13 193 4
13 193 4
13 193 4
13 193 4
13 193 4
13 193 4
13 193 4
13 193 4
13 193 4
13 193 4
13 193 4
13 193 4
13 193 4
91 89 14
91 89 4
91 89 4
91 89 4
24 198 14
24 198 4
24 198 4
24 198 4
105 161 14
105 161 4
105 161 4
105 161 4
105 161 4
13 199 14
13 199 4
13 199 4
13 199 4
13 199 4
13 199 4
13 199 4
13 199 4
13 199 4
13 199 4
13 199 4
13 199 4
13 199 4
13 199 4
13 199 4
13 199 4
13 199 4
13 199 4
13 199 4
13 199 4
13 199 4
13 199 4
13 199 4
13 199 4
13 199 4
191 68 14
191 68 4
191 68 4
191 68 4
191 68 4
191 68 4
191 68 4
191 68 4
191 68 4
191 68 4
191 68 4
191 68 4
191 68 4
191 68 4
191 68 4
191 68 4
191 68 4
191 68 4
191 68 4
191 68 4
191 68 4
191 68 4
191 68 4
191 68 4
191 68 4
191 68 4
75 46 14
88 60 14
82 54 14
199 54 14
199 54 4
199 54 4
199 54 4
199 54 4
199 54 4
199 54 4
199 54 4
199 54 4
199 54 4
199 54 4
199 54 4
199 54 4
199 54 4
199 54 4
199 54 4
199 54 4
199 54 4
199 54 4
199 54 4
199 54 4
199 54 4
199 54 4
199 54 4
199 64 14
199 64 4
199 64 4
199 64 4
199 64 4
199 64 4
199 64 4
199 64 4
199 64 4
199 64 4
199 64 4
199 64 4
199 64 4
199 64 4
199 64 4
199 64 4
199 64 4
199 64 4
199 64 4
199 64 4
199 64 4
199 64 4
199 64 4
199 64 4
199 64 4
199 64 4
199 64 4
199 64 4
199 64 4
199 64 4
199 64 4
199 64 4
40 117 14
40 117 4
40 117 4
40 117 4
40 117 4
40 117 4
40 117 4
40 117 4
40 117 4
40 117 4
40 117 4
40 117 4
40 117 4
40 117 4
40 117 4
40 117 4
40 117 4
40 117 4
40 117 4
40 117 4
40 117 4
40 117 4
40 117 4
40 117 4
40 117 4
40 117 4
40 117 4
40 117 4
40 117 4
40 117 4
40 117 4
40 117 4
40 117 4
40 117 4
52 123 14
52 123 4
52 123 4
52 123 4
52 123 4
67 54 14
75 61 14
54 110 14
54 110 4
54 110 4
54 110 4
54 110 4
54 110 4
54 110 4
54 110 4
54 110 4
54 110 4
54 110 4
54 110 4
54 110 4
54 110 4
54 110 4
54 110 4
54 110 4
54 110 4
54 110 4
54 110 4
54 110 4
54 110 4
54 110 4
54 110 4
54 110 4
54 110 4
54 110 4
54 110 4
54 110 4
54 110 4
54 110 4
54 110 4
54 110 4
54 110 4
54 110 4
54 110 4
54 110 4
54 110 4
54 110 4
54 110 4
54 110 4
54 110 4
54 110 4
54 110 4
54 110 4
54 110 4
54 110 4
54 110 4
54 110 4
54 110 4
54 110 4
54 110 4
54 110 4
54 110 4
54 110 4
54 110 4
54 110 4
54 110 4
54 110 4
54 110 4
54 110 4
54 110 4
54 110 4
54 110 4
54 110 4
54 110 4
54 110 4
54 110 4
54 110 4
54 110 4
54 110 4
54 110 4
54 110 4
54 110 4
54 110 4
54 110 4
54 110 4
54 110 4
54 110 4
54 110 4
54 110 4
54 110 4
54 110 4
54 110 4
54 110 4
54 110 4
54 110 4
54 110 4
54 110 4
54 110 4
54 110 4
54 110 4
54 110 4
54 110 4
54 110 4
54 110 4
54 110 4
54 110 4
54 110 4
54 110 4
54 110 4
54 110 4
54 110 4
54 110 4
54 110 4
54 110 4
54 110 4
54 110 4
54 110 4
54 110 4
54 110 4
54 110 4
54 110 4
54 110 4
54 110 4
54 110 4
54 110 4
54 110 4
54 110 4
54 110 4
54 110 4
54 110 4
54 110 4
54 110 4
54 110 4
54 110 4
54 110 4
54 110 4
54 110 4
54 110 4
54 110 4
54 110 4
54 110 4
54 110 4
54 110 4
54 110 4
54 110 4
54 110 4
54 110 4
54 110 4
54 110 4
54 110 4
54 110 4
54 110 4
54 110 4
54 110 4
54 110 4
54 110 4
54 110 4
54 110 4
54 110 4
54 110 4
54 110 4
50 137 14
50 137 4
50 137 4
50 137 4
50 137 4
50 137 4
50 137 4
50 137 4
50 137 4
50 137 4
50 137 4
50 137 4
50 137 4
50 137 4
50 137 4
50 137 4
50 137 4
50 137 4
50 137 4
50 137 4
50 137 4
50 137 4
50 137 4
50 137 4
50 137 4
50 137 4
50 137 4
50 137 4
50 137 4
50 137 4
50 137 4
50 137 4
50 137 4
50 137 4
50 137 4
50 137 4
50 137 4
50 137 4
50 137 4
50 137 4
50 137 4
50 137 4
50 137 4
50 137 4
50 137 4
50 137 4
165 65 14
165 65 4
165 65 4
165 65 4
165 65 4
165 65 4
165 65 4
165 65 4
165 65 4
165 65 4
165 65 4
165 65 4
165 65 4
165 65 4
165 65 4
165 65 4
165 65 4
165 65 4
165 65 4
165 65 4
165 65 4
82 68 14
63 130 14
63 130 4
63 130 4
63 130 4
63 130 4
63 130 4
63 130 4
63 130 4
63 130 4
63 130 4
63 130 4
63 130 4
63 130 4
63 130 4
63 130 4
63 130 4
63 130 4
63 130 4
63 130 4
63 130 4
63 130 4
63 130 4
63 130 4
63 130 4
63 130 4
63 130 4
63 130 4
63 130 4
63 130 4
63 130 4
63 130 4
63 130 4
63 130 4
63 130 4
63 130 4
63 130 4
63 130 4
63 130 4
63 130 4
63 130 4
63 130 4
63 130 4
63 130 4
63 130 4
63 130 4
63 130 4
63 130 4
63 130 4
63 130 4
63 130 4
63 130 4
63 130 4
63 130 4
63 130 4
63 130 4
63 130 4
63 130 4
63 130 4
63 130 4
63 130 4
63 130 4
63 130 4
63 130 4
176 48 14
176 48 4
176 48 4
176 48 4
176 48 4
176 48 4
176 48 4
176 48 4
176 48 4
176 48 4
176 48 4
176 48 4
176 48 4
176 48 4
176 48 4
176 48 4
176 48 4
176 48 4
176 48 4
176 48 4
176 48 4
176 48 4
176 48 4
176 48 4
176 48 4
176 48 4
176 48 4
176 48 4
176 48 4
176 48 4
176 48 4
176 48 4
176 48 4
176 48 4
176 48 4
176 48 4
176 48 4
176 48 4
176 48 4
176 48 4
176 48 4
176 48 4
176 48 4
176 48 4
176 48 4
176 48 4
176 48 4
176 48 4
176 48 4
176 48 4
176 48 4
176 48 4
176 48 4
176 48 4
176 48 4
176 48 4
176 48 4
176 48 4
176 48 4
176 48 4
176 48 4
176 48 4
176 48 4
176 48 4
176 48 4
176 48 4
176 48 4
176 48 4
176 48 4
176 48 4
176 48 4
176 48 4
75 75 14
67 81 14
67 81 4
67 81 4
67 81 4
184 15 14
184 15 4
36 191 14
36 199 14
36 199 4
36 199 4
36 199 4
36 199 4
36 199 4
36 199 4
36 199 4
36 177 14
196 9 14
196 9 4
196 9 4
196 9 4
196 9 4
196 9 4
196 9 4
196 9 4
196 9 4
196 9 4
196 9 4
196 9 4
196 9 4
57 46 14
57 46 4
57 46 4
57 46 4
57 46 4
57 46 4
37 162 14
37 162 4
37 162 4
37 162 4
37 162 4
37 162 4
37 162 4
37 162 4
37 162 4
48 168 14
48 168 4
48 168 4
48 168 4
48 168 4
48 168 4
67 68 14
48 183 14
48 183 4
48 183 4
48 183 4
48 183 4
48 183 4
48 183 4
48 183 4
48 197 14
48 197 4
48 197 4
48 197 4
48 197 4
48 197 4
48 197 4
48 197 4
48 197 4
48 197 4
48 197 4
48 197 4
48 197 4
48 197 4
48 197 4
48 197 4
48 197 4
48 197 4
48 197 4
48 197 4
48 197 4
48 197 4
48 197 4
48 197 4
57 60 14
57 74 14
57 74 4
57 74 4
57 74 4
57 74 4
57 74 4
57 74 4
57 74 4
57 74 4
57 74 4
181 88 14
181 88 4
181 88 4
181 88 4
181 88 4
181 88 4
181 88 4
181 88 4
181 88 4
181 88 4
181 88 4
181 88 4
181 88 4
181 88 4
181 88 4
181 88 4
181 88 4
181 88 4
181 88 4
181 88 4
181 88 4
181 88 4
181 88 4
181 88 4
181 88 4
181 88 4
181 88 4
181 88 4
181 88 4
181 88 4
181 88 4
181 88 4
181 88 4
181 88 4
181 88 4
181 88 4
181 88 4
181 88 4
181 88 4
181 88 4
181 88 4
181 88 4
181 88 4
181 88 4
181 88 4
181 88 4
181 88 4
181 88 4
181 88 4
181 88 4
181 88 4
181 88 4
181 88 4
193 82 14
193 82 4
193 82 4
193 82 4
193 82 4
193 82 4
193 82 4
193 82 4
193 82 4
193 82 4
193 82 4
193 82 4
193 82 4
193 82 4
193 82 4
193 82 4
193 82 4
193 82 4
193 82 4
193 82 4
193 82 4
193 82 4
193 82 4
193 82 4
193 82 4
193 82 4
193 82 4
193 82 4
193 82 4
193 82 4
193 82 4
193 82 4
193 82 4
193 82 4
193 82 4
193 82 4
193 82 4
193 82 4
193 82 4
193 82 4
193 82 4
193 82 4
193 82 4
193 82 4
193 82 4
193 82 4
193 82 4
193 82 4
193 82 4
193 82 4
193 82 4
193 82 4
193 82 4
193 82 4
193 82 4
193 82 4
193 82 4
193 82 4
193 82 4
199 77 14
199 77 4
199 77 4
199 77 4
199 77 4
199 77 4
199 77 4
199 77 4
199 77 4
199 77 4
199 77 4
199 77 4
199 77 4
199 77 4
199 77 4
199 77 4
199 77 4
199 77 4
199 77 4
199 77 4
199 77 4
199 77 4
199 77 4
199 77 4
199 77 4
199 77 4
199 77 4
199 77 4
199 77 4
199 77 4
199 77 4
199 77 4
199 77 4
199 77 4
199 77 4
199 77 4
199 77 4
199 77 4
199 77 4
199 77 4
199 77 4
199 77 4
199 77 4
199 77 4
199 77 4
199 77 4
199 77 4
199 77 4
199 77 4
199 77 4
199 77 4
199 77 4
199 77 4
199 77 4
199 77 4
199 77 4
199 77 4
199 77 4
199 77 4
199 77 4
199 77 4
199 77 4
199 77 4
199 77 4
199 77 4
199 77 4
199 77 4
199 77 4
199 77 4
199 77 4
199 77 4
199 77 4
199 77 4
199 77 4
199 77 4
199 77 4
199 77 4
199 77 4
199 77 4
199 77 4
199 77 4
199 77 4
199 77 4
199 77 4
199 77 4
199 77 4
199 77 4
199 77 4
199 77 4
199 77 4
199 77 4
199 77 4
199 77 4
199 77 4
199 77 4
199 77 4
199 77 4
199 77 4
199 77 4
199 77 4
199 77 4
199 77 4
199 77 4
199 77 4
173 18 14
173 18 4
173 18 4
173 29 14
173 29 4
173 29 4
173 29 4
173 29 4
173 29 4
173 29 4
173 29 4
173 29 4
173 29 4
173 29 4
173 29 4
173 29 4
173 29 4
161 21 14
161 21 4
161 21 4
161 21 4
161 21 4
161 21 4
161 21 4
161 21 4
161 21 4
161 21 4
161 21 4
161 21 4
161 21 4
161 21 4
161 21 4
161 21 4
161 21 4
161 21 4
161 21 4
161 21 4
161 21 4
161 21 4
161 21 4
161 21 4
161 21 4
161 21 4
161 21 4
161 21 4
161 21 4
161 21 4
161 21 4
161 21 4
161 21 4
161 21 4
161 21 4
161 21 4
161 21 4
161 21 4
161 21 4
161 21 4
161 21 4
161 21 4
161 21 4
161 21 4
161 21 4
161 21 4
161 21 4
161 21 4
161 21 4
161 31 14
161 31 4
161 31 4
161 31 4
161 31 4
161 31 4
161 31 4
161 31 4
161 31 4
161 31 4
161 31 4
161 31 4
161 31 4
161 31 4
161 31 4
161 31 4
161 31 4
161 31 4
161 31 4
161 31 4
161 31 4
161 31 4
161 31 4
161 31 4
161 31 4
161 31 4
161 31 4
161 31 4
161 31 4
161 31 4
161 31 4
161 31 4
161 31 4
161 31 4
161 31 4
161 31 4
161 31 4
161 31 4
161 31 4
161 31 4
161 31 4
161 31 4
161 31 4
161 31 4
161 31 4
161 31 4
161 31 4
161 31 4
161 31 4
94 168 14
94 168 4
94 168 4
94 168 4
94 168 4
94 168 4
94 168 4
94 168 4
94 168 4
94 168 4
94 168 4
94 168 4
94 168 4
94 168 4
94 168 4
94 168 4
94 168 4
94 168 4
94 168 4
94 168 4
94 168 4
94 168 4
94 168 4
94 168 4
94 168 4
94 168 4
94 168 4
94 168 4
94 168 4
94 168 4
94 168 4
94 168 4
94 168 4
94 168 4
94 168 4
94 168 4
94 168 4
94 168 4
94 168 4
94 168 4
94 168 4
94 168 4
94 168 4
94 168 4
94 168 4
94 168 4
94 168 4
94 168 4
94 168 4
94 168 4
94 168 4
94 168 4
94 168 4
94 168 4
94 168 4
94 168 4
94 168 4
94 168 4
94 168 4
94 168 4
94 168 4
94 168 4
94 168 4
94 168 4
94 168 4
94 168 4
94 168 4
94 168 4
94 168 4
94 168 4
94 168 4
94 168 4
94 168 4
94 168 4
94 168 4
94 168 4
94 168 4
94 168 4
94 168 4
94 168 4
94 168 4
94 168 4
94 168 4
94 168 4
94 168 4
94 168 4
94 168 4
94 168 4
94 168 4
94 168 4
94 168 4
94 168 4
94 168 4
94 168 4
94 168 4
94 168 4
94 168 4
94 168 4
94 168 4
94 168 4
94 168 4
94 168 4
94 168 4
94 168 4
94 168 4
94 168 4
94 168 4
94 168 4
94 168 4
94 168 4
94 168 4
94 168 4
94 168 4
94 168 4
94 168 4
94 168 4
94 168 4
94 168 4
94 168 4
94 168 4
94 168 4
94 168 4
94 168 4
94 168 4
94 168 4
94 168 4
94 168 4
94 168 4
94 168 4
94 168 4
94 168 4
94 168 4
94 168 4
49 153 14
49 153 4
49 153 4
49 153 4
49 153 4
49 153 4
49 153 4
49 153 4
49 153 4
49 153 4
49 153 4
49 153 4
49 153 4
49 153 4
49 153 4
49 153 4
49 153 4
49 153 4
49 153 4
49 153 4
49 153 4
49 153 4
49 153 4
49 153 4
49 153 4
49 153 4
49 153 4
49 153 4
49 153 4
49 153 4
49 153 4
49 153 4
49 153 4
49 153 4
49 153 4
49 153 4
49 153 4
49 153 4
49 153 4
49 153 4
49 153 4
49 153 4
49 153 4
49 153 4
49 153 4
49 153 4
49 153 4
49 153 4
49 153 4
49 153 4
49 153 4
61 144 14
61 144 4
61 144 4
61 144 4
61 144 4
61 144 4
61 144 4
61 144 4
61 144 4
61 144 4
61 144 4
61 144 4
61 144 4
61 144 4
61 144 4
61 144 4
61 144 4
61 144 4
61 144 4
61 144 4
61 144 4
61 144 4
61 144 4
61 144 4
61 144 4
61 144 4
61 144 4
61 144 4
61 144 4
61 144 4
61 144 4
61 144 4
61 144 4
61 144 4
61 144 4
61 144 4
61 144 4
61 144 4
61 144 4
61 144 4
61 144 4
61 144 4
61 144 4
61 144 4
61 144 4
61 144 4
61 144 4
61 144 4
61 144 4
61 144 4
61 144 4
61 144 4
61 144 4
61 144 4
61 144 4
61 144 4
61 144 4
61 144 4
61 144 4
61 144 4
61 144 4
61 144 4
61 144 4
61 144 4
61 144 4
61 144 4
61 144 4
61 144 4
61 144 4
61 144 4
61 144 4
61 144 4
61 144 4
61 144 4
61 144 4
61 144 4
61 144 4
61 144 4
61 144 4
61 144 4
61 144 4
61 144 4
61 144 4
61 144 4
61 144 4
61 144 4
61 144 4
61 144 4
61 144 4
61 144 4
61 144 4
61 144 4
61 144 4
61 144 4
61 144 4
61 144 4
61 144 4
61 144 4
61 144 4
61 144 4
61 144 4
61 144 4
61 144 4
61 144 4
61 144 4
61 144 4
61 144 4
61 144 4
61 144 4
61 144 4
61 144 4
61 144 4
61 144 4
61 144 4
61 144 4
61 144 4
61 144 4
61 144 4
61 144 4
61 144 4
61 144 4
61 144 4
61 144 4
61 144 4
61 144 4
61 144 4
61 144 4
61 144 4
61 144 4
61 144 4
61 144 4
61 144 4
61 144 4
61 144 4
61 144 4
61 144 4
139 153 14
174 39 14
174 39 4
174 39 4
174 39 4
174 39 4
174 39 4
174 39 4
174 39 4
174 39 4
174 39 4
174 39 4
174 39 4
174 39 4
174 39 4
174 39 4
174 39 4
174 39 4
174 39 4
174 39 4
174 39 4
174 39 4
174 39 4
174 39 4
174 39 4
174 39 4
174 39 4
174 39 4
174 39 4
174 39 4
174 39 4
174 39 4
174 39 4
174 39 4
174 39 4
174 39 4
174 39 4
174 39 4
174 39 4
174 39 4
174 39 4
174 39 4
174 39 4
174 39 4
174 39 4
174 39 4
174 39 4
174 39 4
174 39 4
174 39 4
174 39 4
174 39 4
174 39 4
174 39 4
174 39 4
174 39 4
1 174 14
1 174 4
1 160 14
139 140 14
1 187 14
1 187 4
1 187 4
1 187 4
1 187 4
1 187 4
1 187 4
1 187 4
1 187 4
1 187 4
1 187 4
1 187 4
1 187 4
1 187 4
1 187 4
1 187 4
1 187 4
1 187 4
1 187 4
1 187 4
1 187 4
1 187 4
1 187 4
1 187 4
1 187 4
1 187 4
1 187 4
1 187 4
1 187 4
1 187 4
1 187 4
1 187 4
1 187 4
1 187 4
1 187 4
1 187 4
1 187 4
1 187 4
1 187 4
1 187 4
1 187 4
1 187 4
1 187 4
1 187 4
1 187 4
1 187 4
1 187 4
1 187 4
1 187 4
1 187 4
1 187 4
1 187 4
1 187 4
1 187 4
1 187 4
1 187 4
1 187 4
1 187 4
1 187 4
1 187 4
1 187 4
1 187 4
1 187 4
1 187 4
1 187 4
1 187 4
1 187 4
1 187 4
1 187 4
1 187 4
1 187 4
1 187 4
1 187 4
1 187 4
1 187 4
1 187 4
1 187 4
1 187 4
1 187 4
1 187 4
1 187 4
1 187 4
1 187 4
1 187 4
1 187 4
1 187 4
1 187 4
1 187 4
1 187 4
1 187 4
1 187 4
1 187 4
1 187 4
1 187 4
1 187 4
1 187 4
1 187 4
173 6 14
173 6 4
173 6 4
173 6 4
173 6 4
173 6 4
173 6 4
173 6 4
173 6 4
173 6 4
173 6 4
173 6 4
173 6 4
173 6 4
173 6 4
161 10 14
161 10 4
161 10 4
161 10 4
161 10 4
161 10 4
161 10 4
161 10 4
161 10 4
161 10 4
161 10 4
161 10 4
161 10 4
161 10 4
161 10 4
161 10 4
161 10 4
161 10 4
161 10 4
161 10 4
161 10 4
161 10 4
161 10 4
161 10 4
161 10 4
161 10 4
161 10 4
161 10 4
161 10 4
161 10 4
161 10 4
161 10 4
161 10 4
161 10 4
161 10 4
161 10 4
161 10 4
161 10 4
161 10 4
161 10 4
161 10 4
161 10 4
161 10 4
161 10 4
161 10 4
161 10 4
161 10 4
161 10 4
161 10 4
161 10 4
161 10 4
161 10 4
161 10 4
161 10 4
161 10 4
161 10 4
161 10 4
161 10 4
161 10 4
161 10 4
161 10 4
161 10 4
161 10 4
161 10 4
161 10 4
161 10 4
161 10 4
161 10 4
161 10 4
161 10 4
161 10 4
161 10 4
161 10 4
161 10 4
161 10 4
161 10 4
161 10 4
161 10 4
161 10 4
161 10 4
161 10 4
161 10 4
161 10 4
161 10 4
161 10 4
161 10 4
161 10 4
161 10 4
161 10 4
161 10 4
161 10 4
161 10 4
161 10 4
161 10 4
108 71 14
108 71 4
108 71 4
108 71 4
108 71 4
108 71 4
108 71 4
45 66 14
45 66 4
45 66 4
45 66 4
45 66 4
45 66 4
45 66 4
45 66 4
45 66 4
45 66 4
45 66 4
45 53 14
45 53 4
45 53 4
45 53 4
45 53 4
45 53 4
45 53 4
45 53 4
45 53 4
45 53 4
45 53 4
45 53 4
45 53 4
45 53 4
45 53 4
45 53 4
45 53 4
45 53 4
45 53 4
45 53 4
45 53 4
45 53 4
45 53 4
60 189 14
60 189 4
60 189 4
60 189 4
60 189 4
60 189 4
60 189 4
60 189 4
60 189 4
60 189 4
60 189 4
60 189 4
60 189 4
60 189 4
60 189 4
60 189 4
60 189 4
60 189 4
60 189 4
60 189 4
60 189 4
60 189 4
60 189 4
60 189 4
60 189 4
60 189 4
60 189 4
60 189 4
60 189 4
60 189 4
60 175 14
60 175 4
60 175 4
60 175 4
60 175 4
60 175 4
60 175 4
60 175 4
60 175 4
60 175 4
60 175 4
60 175 4
60 175 4
60 175 4
60 175 4
60 175 4
60 175 4
60 175 4
60 175 4
60 175 4
60 175 4
60 175 4
60 175 4
60 175 4
60 175 4
60 175 4
60 175 4
60 175 4
60 175 4
60 175 4
60 175 4
60 175 4
60 175 4
60 175 4
60 175 4
60 175 4
60 175 4
60 175 4
60 175 4
60 175 4
60 175 4
60 175 4
60 175 4
60 175 4
60 175 4
60 175 4
60 175 4
60 175 4
60 175 4
60 175 4
60 175 4
60 175 4
60 175 4
60 175 4
60 175 4
60 175 4
60 175 4
60 175 4
60 175 4
60 175 4
60 175 4
60 175 4
60 175 4
60 175 4
60 175 4
60 175 4
60 175 4
60 175 4
60 175 4
60 175 4
60 175 4
60 175 4
60 175 4
60 175 4
60 175 4
60 175 4
60 175 4
60 175 4
60 175 4
60 175 4
60 175 4
60 175 4
60 175 4
60 175 4
60 175 4
60 175 4
60 175 4
60 175 4
60 175 4
60 175 4
60 175 4
60 175 4
60 175 4
60 175 4
60 175 4
60 175 4
60 175 4
60 175 4
60 175 4
60 175 4
60 175 4
60 175 4
60 175 4
60 175 4
60 175 4
60 175 4
60 175 4
60 175 4
60 175 4
60 199 14
60 199 4
60 199 4
60 199 4
60 199 4
60 199 4
60 199 4
60 199 4
60 199 4
60 199 4
60 199 4
60 199 4
60 199 4
60 199 4
60 199 4
60 199 4
60 199 4
60 199 4
60 199 4
60 199 4
60 199 4
60 199 4
60 199 4
60 199 4
60 199 4
60 199 4
60 199 4
60 199 4
60 199 4
60 199 4
60 199 4
60 199 4
60 199 4
60 199 4
60 199 4
60 199 4
60 199 4
60 199 4
60 199 4
60 199 4
60 199 4
60 199 4
60 199 4
60 199 4
60 199 4
60 199 4
60 199 4
60 199 4
60 199 4
60 199 4
60 199 4
60 199 4
60 199 4
60 199 4
60 199 4
60 199 4
60 199 4
60 199 4
60 199 4
60 199 4
60 199 4
60 199 4
60 199 4
60 199 4
60 199 4
60 199 4
60 199 4
60 199 4
60 199 4
60 199 4
60 199 4
60 199 4
60 199 4
60 199 4
60 199 4
60 199 4
60 199 4
60 199 4
60 199 4
60 199 4
60 199 4
60 199 4
60 199 4
60 199 4
60 199 4
60 199 4
60 199 4
60 199 4
60 199 4
60 199 4
60 199 4
60 199 4
60 199 4
60 199 4
60 199 4
60 199 4
60 199 4
60 199 4
60 199 4
60 199 4
60 199 4
60 199 4
60 199 4
60 199 4
60 199 4
60 199 4
60 199 4
60 199 4
60 199 4
60 199 4
60 199 4
60 199 4
60 199 4
60 199 4
60 199 4
60 199 4
60 199 4
60 199 4
60 199 4
60 199 4
60 199 4
162 41 14
162 41 4
162 41 4
162 41 4
162 41 4
162 41 4
162 41 4
162 41 4
162 41 4
162 41 4
162 41 4
162 41 4
162 41 4
162 41 4
162 41 4
162 41 4
162 41 4
162 41 4
162 41 4
162 41 4
162 41 4
162 41 4
162 41 4
162 41 4
162 41 4
162 41 4
162 41 4
162 41 4
162 41 4
162 41 4
162 41 4
162 41 4
162 41 4
162 41 4
162 41 4
162 41 4
162 41 4
162 41 4
162 41 4
162 41 4
162 41 4
162 41 4
162 41 4
162 41 4
162 41 4
162 41 4
162 41 4
162 41 4
162 41 4
162 41 4
162 41 4
162 41 4
162 41 4
162 41 4
162 41 4
162 41 4
162 41 4
162 41 4
162 41 4
162 41 4
162 41 4
162 41 4
162 41 4
162 41 4
162 41 4
162 41 4
162 41 4
162 41 4
162 41 4
162 41 4
162 41 4
162 41 4
162 41 4
162 41 4
162 41 4
162 41 4
162 41 4
162 41 4
162 41 4
162 41 4
162 41 4
162 41 4
162 41 4
162 41 4
162 41 4
162 41 4
162 41 4
162 41 4
162 41 4
162 41 4
162 41 4
162 41 4
162 41 4
162 41 4
162 41 4
162 41 4
162 41 4
162 41 4
162 41 4
162 41 4
162 41 4
162 41 4
162 41 4
162 41 4
162 41 4
162 41 4
162 41 4
162 41 4
162 41 4
162 41 4
162 41 4
162 41 4
162 41 4
162 41 4
162 41 4
162 41 4
162 41 4
162 41 4
162 41 4
162 41 4
162 41 4
162 41 4
162 41 4
162 41 4
162 41 4
162 41 4
162 41 4
162 41 4
162 41 4
162 41 4
162 41 4
67 93 14
67 93 4
67 93 4
67 93 4
67 93 4
67 93 4
67 93 4
67 93 4
67 93 4
67 93 4
67 93 4
67 93 4
67 93 4
67 93 4
67 93 4
67 93 4
67 93 4
67 93 4
67 93 4
67 93 4
67 93 4
67 93 4
67 93 4
67 93 4
67 93 4
67 93 4
67 93 4
67 93 4
67 93 4
67 93 4
76 101 14
76 101 4
76 101 4
76 101 4
76 101 4
76 101 4
76 101 4
76 101 4
76 101 4
76 101 4
76 101 4
76 101 4
76 101 4
76 101 4
76 101 4
76 101 4
76 101 4
76 101 4
76 101 4
76 101 4
76 101 4
76 101 4
76 101 4
76 101 4
76 101 4
76 101 4
76 101 4
64 117 14
64 117 4
64 117 4
64 117 4
64 117 4
64 117 4
64 117 4
64 117 4
64 117 4
64 117 4
64 117 4
64 117 4
64 117 4
64 117 4
64 117 4
64 117 4
64 117 4
64 117 4
64 117 4
64 117 4
64 117 4
64 117 4
64 117 4
64 117 4
64 117 4
64 117 4
64 117 4
64 117 4
64 117 4
76 112 14
76 112 4
76 112 4
76 112 4
76 112 4
76 112 4
76 112 4
76 112 4
76 112 4
76 112 4
76 112 4
76 112 4
76 112 4
76 112 4
76 112 4
76 112 4
76 112 4
76 112 4
76 112 4
76 112 4
76 112 4
76 112 4
76 112 4
76 112 4
76 112 4
76 112 4
76 112 4
76 112 4
76 112 4
76 112 4
76 112 4
76 112 4
76 112 4
76 112 4
76 112 4
76 112 4
76 112 4
76 112 4
76 112 4
76 112 4
76 112 4
76 112 4
76 112 4
76 112 4
76 112 4
76 112 4
76 112 4
76 112 4
76 112 4
76 112 4
76 112 4
76 112 4
76 112 4
76 112 4
76 112 4
76 112 4
76 112 4
76 112 4
76 112 4
76 112 4
76 112 4
76 112 4
76 112 4
76 112 4
76 112 4
76 112 4
76 112 4
76 112 4
76 112 4
76 112 4
76 112 4
76 112 4
76 112 4
76 112 4
76 112 4
76 112 4
76 112 4
76 112 4
76 112 4
76 112 4
76 112 4
76 112 4
76 112 4
76 112 4
76 112 4
76 112 4
76 112 4
76 112 4
76 112 4
76 112 4
66 105 14
66 105 4
66 105 4
66 105 4
66 105 4
66 105 4
66 105 4
66 105 4
66 105 4
66 105 4
66 105 4
66 105 4
66 105 4
66 105 4
66 105 4
66 105 4
66 105 4
66 105 4
66 105 4
66 105 4
66 105 4
66 105 4
66 105 4
66 105 4
66 105 4
66 105 4
66 105 4
66 105 4
66 105 4
66 105 4
66 105 4
66 105 4
66 105 4
66 105 4
66 105 4
66 105 4
66 105 4
66 105 4
66 105 4
66 105 4
66 105 4
66 105 4
66 105 4
66 105 4
66 105 4
66 105 4
66 105 4
66 105 4
66 105 4
66 105 4
66 105 4
66 105 4
66 105 4
66 105 4
66 105 4
66 105 4
66 105 4
66 105 4
66 105 4
66 105 4
66 105 4
66 105 4
66 105 4
66 105 4
66 105 4
66 105 4
66 105 4
66 105 4
66 105 4
66 105 4
66 105 4
66 105 4
66 105 4
66 105 4
66 105 4
66 105 4
66 105 4
66 105 4
66 105 4
66 105 4
66 105 4
66 105 4
66 105 4
66 105 4
66 105 4
66 105 4
66 105 4
66 105 4
66 105 4
66 105 4
66 105 4
66 105 4
66 105 4
66 105 4
66 105 4
66 105 4
66 105 4
66 105 4
66 105 4
66 105 4
66 105 4
66 105 4
66 105 4
66 105 4
66 105 4
66 105 4
66 105 4
66 105 4
66 105 4
66 105 4
66 105 4
66 105 4
66 105 4
66 105 4
66 105 4
66 105 4
66 105 4
66 105 4
66 105 4
66 105 4
66 105 4
66 105 4
66 105 4
66 105 4
66 105 4
151 73 14
151 73 4
151 73 4
151 73 4
151 73 4
151 73 4
151 73 4
151 73 4
151 73 4
151 73 4
151 73 4
151 73 4
151 73 4
151 73 4
151 73 4
151 73 4
151 73 4
151 73 4
151 73 4
151 73 4
151 73 4
151 73 4
151 73 4
151 73 4
151 73 4
151 73 4
151 73 4
151 73 4
151 73 4
151 73 4
151 73 4
151 73 4
151 73 4
151 73 4
151 73 4
151 73 4
151 73 4
151 73 4
151 73 4
151 73 4
151 73 4
151 73 4
151 73 4
151 73 4
151 73 4
151 73 4
151 73 4
151 73 4
151 73 4
151 73 4
151 73 4
151 73 4
151 73 4
151 73 4
151 73 4
151 73 4
151 73 4
151 73 4
151 73 4
151 73 4
151 73 4
151 73 4
151 73 4
151 73 4
151 73 4
151 73 4
151 73 4
151 73 4
151 73 4
151 73 4
151 73 4
151 73 4
151 73 4
151 73 4
151 73 4
151 73 4
151 73 4
151 73 4
151 73 4
151 73 4
151 73 4
151 73 4
151 73 4
151 73 4
151 73 4
151 73 4
151 73 4
151 73 4
151 73 4
151 73 4
151 73 4
151 73 4
151 73 4
151 73 4
151 73 4
151 73 4
151 73 4
151 73 4
151 73 4
151 73 4
151 73 4
151 73 4
151 73 4
151 73 4
151 73 4
151 73 4
151 73 4
151 73 4
151 73 4
151 73 4
151 73 4
151 73 4
151 73 4
151 73 4
151 73 4
151 73 4
151 73 4
151 73 4
151 73 4
151 73 4
151 73 4
151 73 4
151 73 4
151 73 4
151 73 4
151 73 4
151 73 4
151 73 4
151 73 4
151 73 4
151 73 4
151 73 4
151 73 4
151 73 4
151 73 4
151 73 4
151 73 4
151 73 4
151 73 4
151 73 4
151 73 4
151 73 4
151 73 4
151 73 4
151 73 4
151 73 4
151 73 4
151 73 4
151 73 4
151 73 4
151 73 4
151 73 4
151 73 4
151 73 4
151 73 4
151 73 4
151 73 4
151 73 4
151 73 4
151 73 4
151 73 4
151 73 4
151 73 4
151 73 4
151 73 4
151 73 4
151 73 4
151 73 4
151 73 4
151 73 4
151 73 4
151 73 4
151 73 4
151 73 4
151 73 4
199 77 4
199 77 4
199 77 4
167 127 14
167 127 4
167 127 4
167 127 4
167 127 4
167 127 4
167 127 4
167 127 4
167 127 4
167 127 4
167 127 4
167 127 4
167 127 4
167 127 4
167 127 4
167 127 4
167 127 4
167 127 4
167 127 4
167 127 4
167 127 4
167 127 4
167 127 4
167 127 4
167 127 4
167 127 4
167 127 4
167 127 4
167 127 4
167 127 4
167 127 4
167 127 4
167 127 4
167 127 4
167 127 4
167 127 4
167 127 4
167 127 4
167 127 4
167 127 4
167 127 4
167 127 4
167 127 4
167 127 4
167 127 4
167 127 4
167 127 4
167 127 4
167 127 4
167 127 4
167 127 4
167 127 4
167 127 4
167 127 4
167 127 4
167 127 4
167 127 4
167 127 4
167 127 4
167 127 4
167 127 4
167 127 4
167 127 4
167 127 4
167 127 4
167 127 4
167 127 4
167 127 4
167 127 4
167 127 4
167 127 4
167 127 4
167 127 4
167 127 4
153 133 14
153 133 4
153 133 4
153 133 4
106 175 25
106 175 3
106 175 3
106 175 3
106 175 3
106 175 3
106 175 3
106 174 15
106 174 3
106 174 3
106 174 3
106 174 3
106 174 3
106 174 3
106 173 15
106 173 3
106 173 3
106 173 3
106 172 15
106 172 3
106 172 3
107 172 15
107 172 3
108 172 15
108 172 3
108 171 15
108 171 3
109 171 15
109 171 3
109 170 15
109 169 15
110 169 15
110 168 15
111 168 15
112 168 15
113 168 15
114 168 15
115 168 15
116 167 15
116 166 15
116 165 15
116 164 15
116 163 15
116 162 15
116 161 15
116 160 15
116 159 15
116 158 15
116 158 3
116 157 15
116 157 3
116 157 3
116 156 15
116 156 3
116 156 3
116 156 3
116 155 15
116 155 3
116 155 3
116 155 3
116 155 3
116 154 15
116 154 3
116 154 3
116 154 3
116 154 3
116 154 3
117 154 15
117 154 3
117 154 3
117 154 3
118 154 15
118 154 3
118 154 3
119 154 15
119 154 3
120 154 15
121 154 15
122 154 15
123 154 15
124 154 15
125 154 15
126 154 15
126 153 15
126 152 15
126 151 15
126 150 15
126 149 15
126 148 15
126 147 15
126 147 3
127 146 15
127 146 3
128 146 15
128 146 3
129 146 15
130 146 15
130 145 15
130 144 15
131 144 15
132 144 15
133 144 15
133 143 15
134 143 15
135 143 15
136 143 15
136 142 15
137 142 15
138 142 15
139 142 15
139 141 15
140 140 15
141 140 15
142 140 15
143 140 15
143 139 15
144 139 15
144 139 3
145 139 15
145 139 3
145 139 3
146 139 15
146 139 3
146 139 3
147 139 15
147 139 3
147 139 3
148 139 15
148 139 3
148 139 3
148 139 3
148 138 15
148 138 3
148 138 3
148 138 3
149 138 15
149 138 3
149 138 3
149 138 3
149 137 15
149 137 3
149 137 3
149 137 3
149 136 15
149 136 3
149 136 3
149 136 3
149 136 3
150 136 15
150 136 3
150 136 3
150 136 3
150 136 3
150 135 15
150 135 3
150 135 3
150 135 3
150 135 3
151 135 15
151 135 3
151 135 3
151 135 3
151 135 3
151 134 18
151 134 3
151 134 3
151 134 3
152 134 19
152 134 3
152 134 3
152 133 23
152 133 3
153 132 29
154 132 31
154 131 35
155 131 38
155 130 43
156 130 46
156 129 51
157 129 55
157 128 60
158 128 64
158 127 69
159 127 74
159 126 79
160 126 85
160 125 88
160 124 95
161 124 98
161 124 3
161 123 104
161 123 3
162 123 109
162 123 3
162 123 3
162 123 3
162 123 3
162 123 3
162 123 3
162 123 3
162 123 3
162 123 3
162 123 3
162 123 3
162 123 3
162 122 114
162 122 3
162 122 3
162 122 3
162 122 3
162 122 3
162 122 3
162 122 3
162 122 3
162 122 3
162 122 3
162 122 3
162 122 3
162 122 3
162 122 3
162 122 3
162 122 3
162 122 3
163 122 121
163 122 3
163 122 3
163 122 3
163 122 3
163 122 3
163 122 3
163 122 3
163 122 3
163 122 3
163 122 3
163 122 3
163 122 3
163 122 3
163 122 3
163 122 3
163 122 3
163 122 3
163 122 3
163 122 3
163 122 3
163 122 3
163 122 3
163 122 3
163 122 3
163 122 3
163 122 3
163 122 3
163 122 3
163 122 3
163 122 3
163 122 3
163 122 3
163 121 125
163 121 3
163 121 3
163 121 3
163 121 3
163 121 3
163 121 3
163 121 3
163 121 3
163 121 3
163 121 3
163 121 3
163 121 3
163 121 3
163 121 3
163 121 3
163 121 3
163 121 3
163 121 3
163 121 3
163 121 3
163 121 3
163 121 3
163 121 3
163 121 3
163 121 3
163 121 3
163 121 3
163 121 3
163 121 3
163 121 3
163 121 3
163 121 3
163 121 3
163 121 3
163 121 3
163 121 3
163 121 3
163 121 3
163 121 3
163 120 132
163 120 3
163 120 3
163 120 3
163 120 3
163 120 3
163 120 3
163 120 3
163 120 3
163 120 3
163 120 3
163 120 3
163 120 3
163 120 3
163 120 3
163 120 3
163 120 3
163 120 3
163 120 3
163 120 3
163 120 3
163 120 3
163 120 3
163 120 3
163 120 3
163 120 3
163 120 3
163 120 3
163 120 3
163 120 3
163 120 3
163 120 3
163 120 3
163 120 3
163 120 3
163 120 3
163 120 3
163 120 3
163 120 3
163 120 3
163 120 3
163 120 3
163 120 3
163 120 3
163 120 3
164 120 137
164 120 3
164 120 3
164 120 3
164 120 3
164 120 3
164 120 3
164 120 3
164 120 3
164 120 3
164 120 3
164 120 3
164 120 3
164 120 3
164 120 3
164 120 3
164 120 3
164 120 3
164 120 3
164 120 3
164 120 3
164 120 3
164 120 3
164 120 3
164 120 3
164 120 3
164 120 3
164 120 3
164 120 3
164 120 3
164 120 3
164 120 3
164 120 3
164 120 3
164 120 3
164 120 3
164 120 3
164 120 3
164 120 3
164 120 3
164 120 3
164 120 3
164 120 3
164 120 3
164 120 3
164 120 3
164 120 3
164 120 3
164 120 3
164 120 3
164 120 3
164 120 3
164 120 3
164 120 3
164 120 3
164 120 3
164 120 3
164 119 143
164 119 3
164 119 3
164 119 3
164 119 3
164 119 3
164 119 3
164 119 3
164 119 3
164 119 3
164 119 3
164 119 3
164 119 3
164 119 3
164 119 3
164 119 3
164 119 3
164 119 3
164 119 3
164 119 3
164 119 3
164 119 3
164 119 3
164 119 3
164 119 3
164 119 3
164 119 3
164 119 3
164 119 3
164 119 3
164 119 3
164 119 3
164 119 3
164 119 3
164 119 3
164 119 3
164 119 3
164 119 3
164 119 3
164 119 3
164 119 3
164 119 3
164 119 3
164 119 3
164 119 3
164 119 3
164 119 3
164 119 3
164 119 3
164 119 3
164 119 3
164 119 3
164 119 3
164 119 3
164 119 3
164 119 3
165 119 152
165 119 3
165 119 3
165 119 3
165 119 3
165 119 3
165 119 3
165 119 3
165 119 3
165 119 3
165 119 3
165 119 3
165 119 3
165 119 3
165 119 3
165 119 3
165 119 3
165 119 3
165 119 3
165 119 3
165 119 3
165 119 3
165 119 3
165 119 3
165 119 3
165 119 3
165 119 3
165 119 3
165 119 3
165 119 3
165 119 3
165 119 3
165 119 3
165 119 3
165 119 3
165 119 3
165 119 3
165 119 3
165 119 3
165 119 3
165 119 3
165 119 3
165 119 3
165 119 3
165 119 3
165 119 3
165 119 3
165 119 3
165 119 3
165 119 3
165 119 3
165 119 3
165 119 3
165 119 3
165 119 3
165 119 3
165 119 3
165 119 3
165 118 157
165 118 3
165 118 3
165 118 3
165 118 3
165 118 3
165 118 3
165 118 3
165 118 3
165 118 3
165 118 3
165 118 3
165 118 3
165 118 3
165 118 3
165 118 3
165 118 3
165 118 3
165 118 3
165 118 3
165 118 3
165 118 3
165 118 3
165 118 3
165 118 3
165 118 3
165 118 3
165 118 3
165 118 3
165 118 3
165 118 3
165 118 3
165 118 3
165 118 3
165 118 3
165 118 3
165 118 3
165 118 3
165 118 3
165 118 3
165 118 3
165 118 3
165 118 3
165 118 3
165 118 3
165 118 3
165 118 3
165 118 3
165 118 3
165 117 166
165 117 3
165 117 3
165 117 3
165 117 3
165 117 3
165 117 3
165 117 3
165 117 3
165 117 3
165 117 3
165 117 3
165 117 3
165 117 3
165 117 3
165 117 3
165 117 3
165 117 3
165 117 3
165 117 3
165 117 3
165 117 3
165 117 3
165 117 3
165 117 3
165 117 3
165 117 3
165 117 3
165 117 3
165 117 3
165 117 3
165 117 3
165 117 3
165 117 3
165 117 3
165 117 3
165 117 3
165 117 3
165 117 3
165 117 3
166 117 175
166 117 3
166 117 3
166 117 3
166 117 3
166 117 3
166 117 3
166 117 3
166 117 3
166 117 3
166 117 3
166 117 3
166 117 3
166 117 3
166 117 3
166 117 3
166 117 3
166 117 3
166 117 3
166 117 3
166 117 3
166 117 3
166 117 3
166 117 3
166 117 3
166 117 3
166 117 3
166 117 3
166 117 3
166 117 3
166 117 3
166 117 3
166 117 3
166 116 184
166 116 3
166 116 3
166 116 3
166 116 3
166 116 3
166 116 3
166 116 3
166 116 3
166 116 3
166 116 3
166 116 3
166 116 3
166 116 3
166 116 3
166 116 3
166 116 3
166 116 3
166 116 3
166 116 3
166 116 3
166 116 3
166 116 3
166 115 196
166 115 3
166 115 3
166 115 3
166 115 3
166 115 3
166 115 3
166 115 3
166 115 3
166 115 3
166 115 3
166 115 3
166 115 3
166 115 3
166 115 3
166 115 3
167 115 205
167 115 3
167 115 3
167 115 3
167 115 3
167 115 3
167 115 3
167 115 3
167 115 3
167 114 217
167 114 3
167 114 3
168 114 230
168 113 242
168 112 258
168 112 3
177 61 119
177 61 3
177 61 3
177 61 3
177 61 3
177 62 102
177 62 3
177 62 3
177 63 85
177 64 71
177 65 57
177 66 46
176 66 33
176 66 3
176 66 3
175 66 22
175 66 3
175 66 3
175 66 3
175 66 3
175 66 3
175 66 3
175 66 3
175 66 3
175 67 15
175 67 3
175 67 3
175 67 3
175 67 3
175 67 3
175 67 3
175 67 3
175 67 3
175 68 15
175 68 3
175 68 3
175 68 3
175 68 3
175 68 3
175 68 3
175 68 3
175 69 15
175 69 3
175 69 3
175 69 3
175 69 3
175 69 3
175 69 3
175 69 3
175 70 15
175 70 3
175 70 3
175 70 3
175 70 3
175 70 3
175 70 3
175 70 3
175 70 3
175 70 3
175 71 15
175 71 3
175 71 3
175 71 3
175 71 3
175 71 3
175 71 3
175 71 3
175 71 3
175 71 3
175 71 3
174 71 15
174 71 3
174 71 3
174 71 3
174 71 3
174 71 3
174 71 3
174 71 3
174 71 3
174 71 3
174 71 3
174 71 3
174 71 3
173 71 15
173 71 3
173 71 3
173 71 3
173 71 3
173 71 3
173 71 3
173 71 3
173 71 3
173 71 3
173 71 3
173 71 3
173 71 3
173 71 3
172 71 15
172 71 3
172 71 3
172 71 3
172 71 3
172 71 3
172 71 3
172 71 3
172 71 3
172 71 3
172 71 3
172 71 3
172 71 3
172 71 3
172 71 3
171 71 15
171 71 3
171 71 3
171 71 3
171 71 3
171 71 3
171 71 3
171 71 3
171 71 3
171 71 3
171 71 3
171 71 3
171 71 3
171 71 3
171 72 15
171 72 3
171 72 3
171 72 3
171 72 3
171 72 3
171 72 3
171 72 3
171 72 3
171 72 3
171 72 3
171 72 3
171 72 3
171 72 3
171 72 3
171 72 3
171 72 3
171 73 15
171 73 3
171 73 3
171 73 3
171 73 3
171 73 3
171 73 3
171 73 3
171 73 3
171 73 3
171 73 3
171 73 3
171 73 3
171 73 3
171 73 3
171 73 3
171 73 3
171 73 3
171 73 3
171 73 3
171 74 15
171 74 3
171 74 3
171 74 3
171 74 3
171 74 3
171 74 3
171 74 3
171 74 3
171 74 3
171 74 3
171 74 3
171 74 3
171 74 3
171 74 3
171 74 3
171 74 3
171 74 3
171 74 3
171 74 3
171 74 3
171 74 3
171 74 3
171 74 3
171 75 15
171 75 3
171 75 3
171 75 3
171 75 3
171 75 3
171 75 3
171 75 3
171 75 3
171 75 3
171 75 3
171 75 3
171 75 3
171 75 3
171 75 3
171 75 3
171 75 3
171 75 3
171 75 3
171 75 3
171 75 3
171 75 3
171 75 3
171 75 3
171 75 3
171 75 3
171 75 3
171 76 28
171 76 3
171 76 3
171 76 3
171 76 3
171 76 3
171 76 3
171 76 3
171 76 3
171 76 3
171 76 3
171 76 3
171 76 3
171 76 3
171 76 3
171 76 3
171 76 3
171 76 3
171 76 3
171 76 3
171 76 3
171 76 3
171 76 3
171 77 50
171 77 3
171 77 3
171 77 3
171 77 3
171 77 3
171 77 3
171 77 3
171 77 3
171 77 3
171 77 3
171 77 3
171 77 3
171 77 3
171 77 3
171 78 75
171 78 3
171 78 3
171 79 101
171 80 129
171 81 158
171 82 188
171 83 218
171 84 249
171 85 279
171 86 309
171 87 337
171 88 365
171 89 390
171 90 414
171 91 436
171 92 454
171 93 470
171 94 483
171 95 492
171 96 498
171 96 3
171 96 3
171 96 3
171 97 501
171 98 500
171 99 496
171 100 489
171 101 479
171 102 467
171 103 453
171 104 437
171 104 3
171 104 3
171 104 3
171 104 3
171 104 3
171 104 3
171 104 3
171 104 3
171 104 3
171 104 3
171 104 3
171 104 3
171 104 3
171 104 3
171 104 3
171 104 3
171 104 3
171 104 3
171 105 421
171 105 3
171 105 3
171 105 3
171 105 3
171 105 3
171 105 3
171 105 3
171 105 3
171 105 3
171 105 3
171 105 3
171 105 3
171 105 3
171 105 3
171 105 3
171 105 3
171 105 3
171 105 3
171 105 3
171 105 3
171 105 3
171 105 3
171 105 3
171 105 3
171 105 3
171 105 3
171 105 3
171 105 3
171 105 3
171 105 3
171 105 3
171 105 3
171 105 3
171 105 3
171 105 3
171 105 3
171 105 3
171 105 3
171 105 3
171 106 404
171 106 3
171 106 3
171 106 3
171 106 3
171 106 3
171 106 3
171 106 3
171 106 3
171 106 3
171 106 3
171 106 3
171 106 3
171 106 3
171 106 3
171 106 3
171 106 3
171 106 3
171 106 3
171 106 3
171 106 3
171 106 3
171 106 3
171 106 3
171 106 3
171 106 3
171 106 3
171 106 3
171 106 3
171 106 3
171 106 3
171 106 3
171 106 3
171 106 3
171 106 3
171 106 3
171 106 3
171 106 3
171 106 3
171 106 3
171 106 3
171 106 3
171 106 3
171 106 3
171 106 3
171 106 3
171 106 3
171 106 3
171 106 3
171 106 3
171 106 3
171 106 3
171 106 3
171 106 3
171 106 3
171 107 387
171 107 3
171 107 3
171 107 3
171 107 3
171 107 3
171 107 3
171 107 3
171 107 3
171 107 3
171 107 3
171 107 3
171 107 3
171 107 3
171 107 3
171 107 3
171 107 3
171 107 3
171 107 3
171 107 3
171 107 3
171 107 3
171 107 3
171 107 3
171 107 3
171 107 3
171 107 3
171 107 3
171 107 3
171 107 3
171 107 3
171 107 3
171 107 3
171 107 3
171 107 3
171 107 3
171 107 3
171 107 3
171 107 3
171 107 3
171 107 3
171 107 3
171 107 3
171 107 3
171 107 3
171 107 3
171 107 3
171 107 3
171 107 3
171 107 3
171 107 3
171 107 3
171 107 3
171 107 3
171 107 3
171 107 3
171 107 3
171 107 3
171 107 3
171 108 371
171 108 3
171 108 3
171 108 3
171 108 3
171 108 3
171 108 3
171 108 3
171 108 3
171 108 3
171 108 3
171 108 3
171 108 3
171 108 3
171 108 3
171 108 3
171 108 3
171 108 3
171 108 3
171 108 3
171 108 3
171 108 3
171 108 3
171 108 3
171 108 3
171 108 3
171 108 3
171 108 3
171 108 3
171 108 3
171 108 3
171 108 3
171 108 3
171 108 3
171 108 3
171 108 3
171 108 3
171 108 3
171 108 3
171 108 3
171 108 3
171 108 3
171 108 3
171 108 3
171 108 3
171 108 3
171 108 3
171 108 3
171 108 3
171 108 3
171 108 3
171 108 3
171 108 3
170 108 355
170 108 3
170 108 3
170 108 3
170 108 3
170 108 3
170 108 3
170 108 3
170 108 3
170 108 3
170 108 3
170 108 3
170 108 3
170 108 3
170 108 3
170 108 3
170 108 3
170 108 3
170 108 3
170 108 3
170 108 3
170 108 3
170 108 3
170 108 3
170 108 3
170 108 3
170 108 3
170 108 3
170 108 3
170 108 3
170 108 3
170 108 3
170 108 3
170 108 3
170 108 3
170 108 3
170 108 3
170 108 3
170 108 3
170 108 3
170 108 3
170 108 3
170 108 3
170 108 3
170 108 3
170 108 3
170 108 3
170 108 3
170 108 3
170 108 3
170 108 3
170 108 3
170 108 3
170 108 3
170 108 3
170 108 3
170 108 3
170 108 3
170 108 3
170 108 3
170 108 3
170 108 3
170 108 3
170 108 3
170 108 3
170 108 3
170 108 3
170 109 337
170 109 3
170 109 3
170 109 3
170 109 3
170 109 3
170 109 3
170 109 3
170 109 3
170 109 3
170 109 3
170 109 3
170 109 3
170 109 3
170 109 3
170 109 3
170 109 3
170 109 3
170 109 3
170 109 3
170 109 3
170 109 3
170 109 3
170 109 3
170 109 3
170 109 3
170 109 3
170 109 3
170 109 3
170 109 3
170 109 3
170 109 3
170 109 3
170 109 3
170 109 3
170 109 3
170 109 3
170 109 3
170 109 3
170 109 3
170 109 3
170 109 3
170 109 3
170 109 3
170 109 3
170 109 3
170 109 3
170 109 3
170 110 321
170 110 3
170 110 3
170 110 3
170 110 3
170 110 3
170 110 3
170 110 3
170 110 3
170 110 3
170 110 3
170 110 3
170 110 3
170 110 3
170 110 3
170 110 3
170 110 3
170 110 3
170 110 3
170 110 3
170 110 3
170 110 3
170 110 3
170 110 3
170 110 3
170 110 3
170 110 3
170 110 3
170 110 3
169 110 305
169 110 3
169 110 3
169 110 3
169 110 3
169 110 3
169 110 3
169 110 3
169 110 3
169 110 3
169 110 3
169 110 3
169 110 3
169 110 3
169 110 3
169 110 3
169 110 3
169 110 3
169 110 3
169 110 3
169 110 3
169 110 3
169 110 3
169 110 3
169 110 3
169 110 3
169 110 3
169 110 3
169 110 3
169 110 3
169 110 3
169 110 3
169 111 287
169 111 3
169 111 3
169 111 3
169 111 3
169 111 3
169 111 3
169 111 3
169 111 3
169 111 3
169 111 3
169 111 3
169 111 3
196 33 15
196 33 3
196 34 15
196 34 3
196 35 15
196 35 3
195 35 15
195 35 3
194 35 15
194 35 3
193 35 15
193 35 3
193 36 15
193 36 3
193 37 15
193 37 3
192 37 15
192 37 3
191 37 15
191 37 3
191 38 15
191 38 3
191 39 15
191 39 3
191 39 3
191 40 15
191 40 3
191 40 3
191 41 15
191 41 3
191 41 3
191 41 3
191 42 15
191 42 3
191 42 3
191 42 3
191 43 15
191 43 3
191 43 3
191 43 3
191 43 3
191 44 15
191 44 3
191 44 3
191 44 3
191 44 3
191 44 3
191 45 15
191 45 3
191 45 3
191 45 3
191 45 3
191 45 3
191 46 15
191 46 3
191 46 3
191 46 3
191 46 3
191 46 3
191 47 15
191 47 3
191 47 3
191 47 3
191 47 3
191 47 3
191 48 15
191 48 3
191 48 3
191 48 3
191 48 3
191 49 15
191 49 3
191 49 3
191 49 3
191 49 3
191 50 15
191 50 3
191 50 3
191 50 3
191 50 3
191 50 3
191 51 15
191 51 3
191 51 3
191 51 3
191 51 3
191 51 3
191 51 3
191 52 19
191 52 3
191 52 3
191 52 3
191 52 3
191 52 3
191 52 3
191 53 24
191 53 3
191 53 3
191 53 3
191 53 3
191 53 3
191 53 3
191 53 3
191 53 3
191 54 28
191 54 3
191 54 3
191 54 3
191 54 3
191 54 3
191 54 3
191 54 3
191 54 3
191 54 3
191 54 3
191 55 34
191 55 3
191 55 3
191 55 3
191 55 3
191 55 3
191 55 3
191 55 3
191 55 3
191 55 3
191 55 3
191 55 3
191 56 39
191 56 3
191 56 3
191 56 3
191 56 3
191 56 3
191 56 3
191 56 3
191 56 3
191 56 3
191 56 3
191 56 3
191 56 3
190 56 47
190 56 3
190 56 3
190 56 3
190 56 3
190 56 3
190 56 3
190 56 3
189 57 63
189 58 69
189 59 75
189 60 81
188 60 90
187 60 99
186 60 107
185 60 115
184 60 121
183 60 126
182 60 130
181 60 133
180 60 135
179 60 136
178 60 136
75 90 15
75 90 3
75 90 3
75 91 15
75 91 3
75 91 3
75 91 3
75 92 15
75 92 3
75 92 3
75 92 3
75 92 3
75 92 3
75 93 15
75 93 3
75 93 3
75 93 3
75 93 3
75 93 3
75 93 3
75 93 3
75 93 3
75 94 15
75 94 3
75 94 3
75 94 3
75 94 3
75 94 3
75 94 3
75 94 3
75 94 3
75 94 3
75 94 3
75 94 3
75 94 3
75 94 3
74 94 16
74 94 3
74 94 3
74 94 3
74 94 3
74 94 3
74 94 3
74 94 3
74 94 3
74 94 3
74 94 3
74 94 3
74 94 3
74 94 3
74 94 3
74 94 3
74 94 3
74 94 3
74 95 23
74 95 3
74 95 3
74 95 3
74 95 3
74 95 3
74 95 3
74 95 3
74 95 3
74 95 3
74 95 3
74 95 3
74 95 3
74 95 3
74 95 3
74 95 3
74 95 3
74 95 3
74 95 3
74 95 3
74 95 3
74 95 3
74 95 3
73 95 34
73 95 3
73 95 3
73 95 3
73 95 3
73 95 3
73 95 3
73 95 3
73 95 3
73 95 3
73 95 3
73 95 3
73 95 3
73 95 3
73 95 3
73 95 3
73 95 3
73 95 3
73 95 3
73 95 3
73 95 3
73 95 3
73 95 3
73 95 3
73 95 3
73 95 3
73 95 3
73 95 3
73 96 47
73 96 3
73 96 3
73 96 3
73 96 3
73 96 3
73 96 3
73 96 3
73 96 3
73 96 3
73 96 3
73 96 3
73 96 3
73 96 3
73 96 3
73 96 3
73 96 3
73 96 3
73 96 3
73 96 3
73 96 3
73 96 3
73 96 3
73 96 3
73 96 3
73 96 3
73 96 3
73 96 3
73 96 3
73 96 3
73 96 3
73 96 3
73 96 3
73 96 3
73 97 63
73 97 3
73 97 3
73 97 3
73 97 3
73 97 3
73 97 3
73 97 3
73 97 3
73 97 3
73 97 3
73 97 3
73 97 3
73 97 3
73 97 3
73 97 3
73 97 3
73 97 3
73 97 3
73 97 3
73 97 3
73 97 3
73 97 3
73 97 3
73 97 3
73 97 3
73 97 3
73 97 3
73 97 3
73 97 3
73 97 3
73 97 3
73 97 3
73 97 3
73 97 3
73 97 3
73 97 3
73 98 82
73 98 3
73 98 3
73 98 3
73 98 3
73 98 3
73 98 3
73 98 3
73 98 3
73 98 3
73 98 3
73 98 3
73 98 3
73 98 3
73 98 3
73 98 3
73 98 3
73 98 3
73 98 3
73 98 3
73 98 3
73 98 3
73 98 3
73 98 3
73 98 3
73 98 3
73 98 3
73 98 3
73 98 3
73 98 3
73 98 3
73 98 3
73 98 3
73 98 3
73 98 3
72 98 104
72 98 3
72 98 3
72 98 3
72 98 3
72 98 3
72 98 3
72 98 3
72 98 3
72 98 3
72 98 3
72 98 3
72 98 3
72 98 3
72 98 3
72 98 3
72 98 3
72 98 3
72 98 3
72 98 3
72 98 3
72 98 3
72 98 3
72 98 3
72 98 3
72 98 3
72 98 3
72 98 3
72 98 3
72 98 3
72 98 3
72 98 3
72 98 3
72 98 3
72 98 3
72 98 3
72 98 3
72 98 3
72 98 3
72 98 3
72 98 3
72 98 3
72 98 3
72 99 127
72 99 3
72 99 3
72 99 3
72 99 3
72 99 3
72 99 3
72 99 3
72 99 3
72 99 3
72 99 3
72 99 3
72 99 3
72 99 3
72 99 3
72 99 3
72 99 3
72 99 3
72 99 3
72 99 3
72 99 3
72 99 3
72 99 3
72 99 3
72 99 3
72 99 3
72 99 3
72 99 3
72 99 3
72 99 3
72 99 3
72 99 3
72 99 3
72 99 3
72 100 152
72 100 3
72 100 3
72 100 3
72 100 3
72 100 3
72 100 3
72 100 3
72 100 3
72 100 3
72 100 3
72 100 3
72 100 3
72 100 3
72 100 3
72 100 3
72 100 3
72 100 3
72 100 3
72 101 178
72 101 3
72 102 205
72 103 230
72 104 253
72 105 274
72 106 292
72 107 307
72 108 317
72 109 324
72 110 327
72 110 3
72 110 3
72 110 3
72 110 3
72 110 3
72 110 3
72 110 3
72 110 3
72 110 3
72 110 3
72 110 3
72 110 3
72 110 3
72 110 3
72 110 3
72 110 3
72 110 3
72 110 3
72 110 3
72 110 3
72 110 3
72 110 3
72 110 3
72 110 3
72 110 3
72 110 3
72 110 3
72 110 3
72 110 3
72 110 3
72 110 3
72 110 3
72 111 327
72 111 3
72 111 3
72 111 3
72 111 3
72 111 3
72 111 3
72 111 3
72 111 3
72 111 3
72 111 3
72 111 3
72 111 3
72 111 3
72 111 3
72 111 3
72 111 3
72 111 3
72 111 3
72 111 3
72 111 3
72 111 3
72 111 3
72 111 3
72 111 3
72 111 3
72 111 3
72 111 3
72 111 3
72 111 3
72 111 3
72 111 3
72 111 3
72 111 3
72 111 3
72 111 3
72 111 3
72 111 3
72 111 3
72 111 3
72 111 3
72 111 3
72 111 3
72 111 3
72 111 3
72 111 3
72 111 3
72 111 3
72 111 3
72 111 3
72 111 3
72 111 3
72 111 3
72 111 3
72 111 3
72 111 3
72 111 3
72 111 3
72 111 3
72 111 3
72 111 3
72 111 3
72 111 3
72 111 3
72 111 3
72 111 3
72 111 3
72 111 3
72 111 3
72 111 3
72 111 3
72 111 3
72 111 3
72 111 3
72 111 3
72 111 3
71 111 323
71 111 3
71 111 3
71 111 3
71 111 3
71 111 3
71 111 3
71 111 3
71 111 3
71 111 3
71 111 3
71 111 3
71 111 3
71 111 3
71 111 3
71 111 3
71 111 3
71 111 3
71 111 3
71 111 3
71 111 3
71 111 3
71 111 3
71 111 3
71 111 3
71 111 3
71 111 3
71 111 3
71 111 3
71 111 3
71 111 3
71 111 3
71 111 3
71 111 3
71 111 3
71 111 3
71 111 3
71 111 3
71 111 3
71 111 3
71 111 3
71 111 3
71 111 3
71 111 3
71 111 3
71 111 3
71 111 3
71 111 3
71 111 3
71 111 3
71 111 3
71 111 3
71 111 3
71 111 3
71 111 3
71 111 3
71 111 3
71 111 3
71 111 3
71 111 3
71 111 3
71 111 3
71 111 3
71 111 3
71 111 3
71 111 3
71 111 3
71 111 3
71 111 3
71 111 3
71 111 3
71 111 3
71 111 3
71 111 3
71 111 3
71 111 3
71 111 3
71 112 313
71 112 3
71 112 3
71 112 3
71 112 3
71 112 3
71 112 3
71 112 3
71 112 3
71 112 3
71 112 3
71 112 3
71 112 3
71 112 3
71 112 3
71 112 3
71 112 3
71 112 3
71 112 3
71 112 3
71 112 3
71 112 3
71 112 3
71 112 3
71 112 3
71 112 3
71 112 3
71 112 3
71 112 3
71 112 3
71 112 3
71 112 3
71 112 3
71 112 3
71 112 3
71 112 3
71 112 3
71 112 3
71 112 3
71 112 3
71 112 3
71 112 3
71 112 3
71 112 3
71 112 3
71 112 3
71 112 3
71 112 3
71 112 3
71 112 3
71 112 3
71 112 3
71 112 3
71 112 3
71 112 3
71 112 3
71 112 3
71 112 3
71 112 3
71 112 3
71 112 3
71 112 3
71 112 3
71 112 3
71 112 3
71 112 3
71 112 3
71 112 3
71 112 3
71 112 3
71 112 3
71 112 3
71 112 3
71 112 3
71 112 3
71 112 3
71 112 3
71 112 3
71 112 3
71 112 3
71 112 3
71 112 3
71 112 3
71 112 3
71 112 3
71 112 3
71 112 3
71 112 3
71 112 3
71 112 3
71 112 3
71 112 3
71 112 3
71 112 3
71 112 3
71 112 3
71 112 3
71 112 3
71 112 3
71 112 3
71 112 3
71 112 3
71 112 3
71 112 3
71 112 3
71 112 3
71 112 3
71 112 3
71 112 3
71 112 3
71 112 3
71 112 3
71 112 3
71 113 302
71 113 3
71 113 3
71 113 3
71 113 3
71 113 3
71 113 3
71 113 3
71 113 3
71 113 3
71 113 3
71 113 3
71 113 3
71 113 3
71 113 3
71 113 3
71 113 3
71 113 3
71 113 3
71 113 3
71 113 3
71 113 3
71 113 3
71 113 3
71 113 3
71 113 3
71 113 3
71 113 3
71 113 3
71 113 3
71 113 3
71 113 3
71 113 3
71 113 3
71 113 3
71 113 3
71 113 3
71 113 3
71 113 3
71 113 3
71 113 3
71 113 3
71 113 3
71 113 3
71 113 3
71 113 3
71 113 3
71 113 3
71 113 3
71 113 3
71 113 3
71 113 3
71 113 3
71 113 3
71 113 3
71 113 3
71 113 3
71 113 3
71 113 3
71 113 3
71 113 3
71 113 3
71 113 3
71 113 3
71 113 3
71 113 3
71 113 3
71 113 3
71 113 3
71 113 3
71 113 3
71 113 3
71 113 3
71 113 3
71 113 3
71 113 3
71 113 3
71 113 3
71 113 3
71 113 3
71 113 3
71 113 3
71 113 3
71 113 3
71 113 3
71 113 3
71 113 3
71 113 3
71 113 3
71 113 3
71 113 3
71 113 3
71 113 3
71 113 3
71 113 3
71 113 3
71 113 3
71 113 3
71 113 3
71 113 3
71 113 3
71 113 3
71 113 3
71 113 3
71 113 3
71 113 3
71 113 3
71 113 3
71 113 3
71 113 3
71 113 3
71 113 3
71 113 3
71 113 3
71 113 3
71 113 3
71 113 3
71 113 3
71 113 3
71 113 3
71 113 3
71 113 3
71 113 3
71 113 3
71 113 3
71 113 3
71 113 3
71 113 3
71 113 3
71 113 3
71 113 3
71 113 3
71 113 3
71 113 3
71 113 3
71 113 3
71 113 3
71 113 3
71 114 289
71 114 3
71 114 3
71 114 3
71 114 3
71 114 3
71 114 3
71 114 3
71 114 3
71 114 3
71 114 3
71 114 3
71 114 3
71 114 3
71 114 3
71 114 3
71 114 3
71 114 3
71 114 3
71 114 3
71 114 3
71 114 3
71 114 3
71 114 3
71 114 3
71 114 3
71 114 3
71 114 3
71 114 3
71 114 3
71 114 3
71 114 3
71 114 3
71 114 3
71 114 3
71 114 3
71 114 3
71 114 3
71 114 3
71 114 3
71 114 3
71 114 3
71 114 3
71 114 3
71 114 3
71 114 3
71 114 3
71 114 3
71 114 3
71 114 3
71 114 3
71 114 3
71 114 3
71 114 3
71 114 3
71 114 3
71 114 3
71 114 3
71 114 3
71 114 3
71 114 3
71 114 3
71 114 3
71 114 3
71 114 3
71 114 3
71 114 3
71 114 3
71 114 3
71 114 3
71 114 3
71 114 3
71 114 3
71 114 3
71 114 3
71 114 3
71 114 3
71 114 3
71 114 3
71 114 3
71 114 3
71 114 3
71 114 3
71 114 3
71 114 3
71 114 3
71 114 3
71 114 3
71 114 3
71 114 3
71 114 3
71 114 3
71 114 3
71 114 3
71 114 3
71 114 3
71 114 3
71 114 3
71 114 3
71 114 3
71 114 3
71 114 3
71 114 3
71 114 3
71 114 3
71 114 3
71 114 3
71 114 3
71 114 3
71 114 3
71 114 3
71 114 3
71 114 3
71 114 3
71 114 3
71 114 3
71 114 3
71 114 3
71 114 3
71 114 3
71 114 3
71 114 3
71 114 3
71 114 3
71 114 3
71 114 3
71 114 3
71 114 3
71 114 3
71 114 3
71 114 3
71 114 3
71 114 3
71 114 3
71 114 3
71 114 3
71 114 3
71 114 3
71 114 3
71 114 3
71 114 3
71 114 3
71 114 3
71 114 3
71 114 3
71 114 3
70 114 270
70 114 3
70 114 3
70 114 3
70 114 3
70 114 3
70 114 3
70 114 3
70 114 3
70 114 3
70 114 3
70 114 3
70 114 3
70 114 3
70 114 3
70 114 3
70 114 3
70 114 3
70 114 3
70 114 3
70 114 3
70 114 3
70 114 3
70 114 3
70 114 3
70 114 3
70 114 3
70 114 3
70 114 3
70 114 3
70 114 3
70 114 3
70 114 3
70 114 3
70 114 3
70 114 3
70 114 3
70 114 3
70 114 3
70 114 3
70 114 3
70 114 3
70 114 3
70 114 3
70 114 3
70 114 3
70 114 3
70 114 3
70 114 3
70 114 3
70 114 3
70 114 3
70 114 3
70 114 3
70 114 3
70 114 3
70 114 3
70 114 3
70 114 3
70 114 3
70 114 3
70 114 3
70 114 3
70 114 3
70 114 3
70 114 3
70 114 3
70 114 3
70 114 3
70 114 3
70 114 3
70 114 3
70 114 3
70 114 3
70 114 3
70 114 3
70 114 3
70 114 3
70 114 3
70 114 3
70 114 3
70 114 3
70 114 3
70 114 3
70 114 3
70 114 3
70 114 3
70 114 3
70 114 3
70 114 3
70 114 3
70 114 3
70 114 3
70 114 3
70 114 3
70 114 3
70 114 3
70 114 3
70 114 3
70 114 3
70 114 3
70 114 3
70 114 3
70 114 3
70 114 3
70 114 3
70 114 3
70 114 3
70 114 3
70 114 3
70 114 3
70 114 3
70 114 3
70 114 3
70 114 3
70 114 3
70 114 3
70 114 3
70 114 3
70 114 3
70 114 3
70 114 3
70 114 3
70 114 3
70 114 3
70 115 252
70 115 3
70 115 3
70 115 3
70 115 3
70 115 3
70 115 3
70 115 3
70 115 3
70 115 3
70 115 3
70 115 3
70 115 3
70 115 3
70 115 3
70 115 3
70 115 3
70 115 3
70 115 3
70 115 3
70 115 3
70 115 3
70 115 3
70 115 3
70 115 3
70 115 3
70 115 3
70 115 3
70 115 3
70 115 3
70 115 3
70 115 3
70 115 3
70 115 3
70 115 3
70 115 3
70 115 3
70 115 3
70 115 3
70 115 3
70 115 3
70 115 3
70 115 3
70 115 3
70 115 3
70 115 3
70 115 3
70 115 3
70 115 3
70 115 3
70 115 3
70 115 3
70 115 3
70 115 3
70 115 3
70 115 3
70 115 3
70 115 3
70 115 3
70 115 3
70 115 3
70 115 3
70 115 3
70 115 3
70 115 3
70 115 3
70 115 3
70 115 3
70 115 3
70 115 3
70 115 3
70 115 3
70 115 3
70 115 3
70 115 3
70 115 3
70 115 3
70 115 3
70 115 3
70 115 3
70 115 3
70 115 3
70 115 3
70 115 3
70 115 3
70 115 3
70 115 3
70 115 3
70 115 3
70 115 3
70 115 3
70 115 3
70 115 3
70 115 3
70 115 3
70 115 3
70 115 3
70 115 3
70 115 3
70 115 3
70 115 3
70 115 3
70 115 3
70 115 3
70 115 3
70 115 3
70 115 3
70 115 3
70 115 3
70 115 3
70 115 3
70 115 3
70 115 3
70 115 3
70 115 3
70 115 3
70 115 3
70 115 3
70 115 3
69 115 232
69 115 3
69 115 3
69 115 3
69 115 3
69 115 3
69 115 3
69 115 3
69 115 3
69 115 3
69 115 3
69 115 3
69 115 3
69 115 3
69 115 3
69 115 3
69 115 3
69 115 3
69 115 3
69 115 3
69 115 3
69 115 3
69 115 3
69 115 3
69 115 3
69 115 3
69 115 3
69 115 3
69 115 3
69 115 3
69 115 3
69 115 3
69 115 3
69 115 3
69 115 3
69 115 3
69 115 3
69 115 3
69 115 3
69 115 3
69 115 3
69 115 3
69 115 3
69 115 3
69 115 3
69 115 3
69 115 3
69 115 3
69 115 3
69 115 3
69 115 3
69 115 3
69 115 3
69 115 3
69 115 3
69 115 3
69 115 3
69 115 3
69 115 3
69 115 3
69 115 3
69 115 3
69 115 3
69 115 3
69 115 3
69 115 3
69 115 3
69 115 3
69 115 3
69 115 3
69 115 3
69 115 3
69 115 3
69 115 3
69 115 3
69 115 3
69 115 3
69 115 3
69 115 3
69 115 3
69 115 3
69 115 3
69 115 3
69 115 3
69 115 3
69 115 3
69 115 3
69 115 3
69 115 3
69 115 3
69 115 3
69 115 3
69 116 210
69 116 3
69 116 3
69 116 3
69 116 3
69 116 3
69 116 3
69 116 3
69 116 3
69 116 3
69 116 3
69 116 3
69 116 3
69 116 3
69 116 3
69 116 3
69 116 3
69 116 3
69 116 3
69 116 3
69 116 3
69 116 3
69 116 3
69 116 3
69 116 3
69 116 3
69 116 3
69 116 3
69 116 3
69 116 3
69 116 3
69 116 3
69 116 3
69 116 3
69 116 3
69 116 3
69 116 3
69 116 3
69 116 3
69 116 3
69 116 3
69 116 3
69 116 3
69 116 3
69 116 3
69 116 3
69 116 3
69 116 3
69 116 3
69 116 3
69 116 3
69 116 3
69 116 3
69 116 3
69 116 3
69 116 3
69 116 3
69 116 3
69 116 3
69 116 3
69 116 3
69 116 3
69 116 3
69 116 3
69 116 3
69 116 3
69 116 3
69 116 3
69 116 3
69 116 3
69 116 3
69 116 3
69 116 3
69 116 3
69 116 3
69 116 3
69 116 3
69 116 3
69 116 3
69 116 3
69 116 3
69 116 3
69 116 3
69 116 3
69 116 3
68 116 190
68 116 3
68 116 3
68 116 3
68 116 3
68 116 3
68 116 3
68 116 3
68 116 3
68 116 3
68 116 3
68 116 3
68 116 3
68 116 3
68 116 3
68 116 3
68 116 3
68 116 3
68 116 3
68 116 3
68 116 3
68 116 3
68 116 3
68 116 3
68 116 3
68 116 3
68 116 3
68 116 3
68 116 3
68 116 3
68 116 3
68 116 3
68 116 3
68 116 3
68 116 3
68 116 3
68 116 3
68 116 3
68 116 3
68 116 3
68 116 3
68 116 3
68 116 3
68 116 3
68 116 3
68 116 3
68 116 3
68 116 3
68 116 3
68 116 3
68 116 3
68 116 3
68 116 3
68 116 3
68 116 3
68 116 3
68 116 3
68 116 3
68 116 3
68 116 3
68 116 3
68 117 165
68 117 3
68 117 3
68 117 3
68 117 3
68 117 3
68 117 3
68 117 3
68 117 3
68 117 3
68 117 3
68 117 3
68 117 3
68 117 3
68 117 3
68 117 3
68 117 3
68 117 3
68 117 3
68 117 3
68 117 3
68 117 3
68 117 3
68 117 3
68 117 3
68 117 3
68 117 3
68 117 3
68 117 3
68 117 3
68 117 3
68 117 3
68 117 3
68 117 3
68 117 3
68 117 3
68 117 3
68 117 3
68 117 3
68 117 3
68 117 3
68 117 3
68 117 3
68 117 3
68 117 3
68 117 3
68 117 3
68 117 3
68 117 3
68 117 3
68 117 3
68 117 3
68 117 3
68 117 3
68 117 3
68 117 3
68 117 3
68 117 3
68 117 3
68 117 3
68 117 3
67 117 146
67 117 3
67 117 3
67 117 3
67 117 3
67 117 3
67 117 3
67 117 3
67 117 3
67 117 3
67 117 3
67 117 3
67 117 3
67 117 3
67 117 3
67 117 3
67 117 3
67 117 3
67 117 3
67 117 3
67 117 3
67 117 3
67 117 3
67 117 3
67 117 3
67 117 3
67 117 3
67 117 3
67 117 3
67 117 3
67 117 3
67 117 3
67 117 3
67 117 3
67 117 3
67 117 3
67 117 3
67 117 3
67 117 3
67 117 3
67 117 3
67 117 3
66 117 133
66 117 3
66 117 3
66 117 3
66 117 3
66 117 3
66 117 3
66 117 3
66 117 3
66 117 3
66 117 3
66 117 3
66 117 3
66 117 3
66 117 3
66 117 3
66 117 3
66 117 3
66 117 3
66 117 3
66 117 3
66 117 3
66 117 3
66 117 3
65 117 126
65 117 3
65 117 3
65 117 3
65 117 3
65 117 3
65 117 3
65 117 3
65 117 3
65 117 3
64 118 86
64 118 3
64 118 3
64 118 3
64 118 3
64 118 3
64 118 3
64 118 3
64 118 3
64 118 3
64 118 3
64 119 55
64 119 3
64 119 3
64 119 3
64 119 3
64 119 3
64 119 3
64 119 3
64 119 3
64 119 3
64 119 3
64 119 3
64 119 3
64 119 3
64 119 3
64 119 3
64 119 3
64 119 3
64 119 3
64 119 3
64 119 3
64 119 3
64 120 33
64 120 3
64 120 3
64 120 3
64 120 3
64 120 3
64 120 3
64 120 3
64 120 3
64 120 3
64 120 3
64 120 3
64 120 3
64 120 3
64 120 3
64 120 3
64 120 3
64 120 3
64 120 3
64 120 3
64 120 3
64 120 3
64 120 3
64 120 3
64 120 3
64 120 3
64 120 3
64 120 3
64 120 3
64 120 3
64 120 3
64 120 3
64 121 21
64 121 3
64 121 3
64 121 3
64 121 3
64 121 3
64 121 3
64 121 3
64 121 3
64 121 3
64 121 3
64 121 3
64 121 3
64 121 3
64 121 3
64 121 3
64 121 3
64 121 3
64 121 3
64 121 3
64 121 3
64 121 3
64 121 3
64 121 3
64 121 3
64 121 3
64 121 3
64 121 3
64 121 3
64 121 3
64 121 3
64 121 3
64 121 3
64 121 3
64 121 3
64 121 3
64 121 3
64 121 3
64 121 3
64 121 3
64 121 3
64 121 3
64 121 3
63 121 15
63 121 3
63 121 3
63 121 3
63 121 3
63 121 3
63 121 3
63 121 3
63 121 3
63 121 3
63 121 3
63 121 3
63 121 3
63 121 3
63 121 3
63 121 3
63 121 3
63 121 3
63 121 3
63 121 3
63 121 3
63 121 3
63 121 3
63 121 3
63 121 3
63 121 3
63 121 3
63 121 3
63 121 3
63 121 3
63 121 3
63 121 3
63 121 3
63 121 3
63 121 3
63 121 3
63 122 15
63 122 3
63 122 3
63 122 3
63 122 3
63 122 3
63 122 3
63 122 3
63 122 3
63 122 3
63 122 3
63 122 3
63 122 3
63 122 3
63 122 3
63 122 3
63 122 3
63 122 3
63 122 3
63 122 3
63 122 3
63 122 3
63 122 3
63 122 3
63 122 3
63 122 3
63 122 3
63 122 3
63 122 3
63 122 3
63 122 3
63 122 3
63 122 3
63 122 3
63 122 3
63 122 3
63 122 3
63 122 3
63 122 3
63 122 3
63 122 3
63 122 3
63 122 3
63 122 3
63 123 15
63 123 3
63 123 3
63 123 3
63 123 3
63 123 3
63 123 3
63 123 3
63 123 3
63 123 3
63 123 3
63 123 3
63 123 3
63 123 3
63 123 3
63 123 3
63 123 3
63 123 3
63 123 3
63 123 3
63 123 3
63 123 3
63 123 3
63 123 3
63 123 3
63 123 3
63 123 3
63 123 3
63 123 3
63 123 3
63 123 3
63 123 3
63 123 3
63 123 3
63 123 3
63 123 3
63 123 3
63 123 3
63 123 3
63 123 3
63 123 3
63 123 3
63 123 3
63 123 3
63 123 3
63 123 3
63 123 3
63 123 3
63 123 3
63 123 3
63 123 3
63 123 3
63 123 3
63 123 3
62 123 15
62 123 3
62 123 3
62 123 3
62 123 3
62 123 3
62 123 3
62 123 3
62 123 3
62 123 3
62 123 3
62 123 3
62 123 3
62 123 3
62 123 3
62 123 3
62 123 3
62 123 3
62 123 3
62 123 3
62 123 3
62 123 3
62 123 3
62 123 3
62 123 3
62 123 3
62 123 3
62 123 3
62 123 3
62 123 3
62 123 3
62 123 3
62 123 3
62 123 3
62 123 3
62 123 3
62 123 3
62 123 3
62 123 3
62 123 3
62 123 3
62 123 3
62 123 3
62 123 3
62 123 3
62 123 3
61 123 15
61 123 3
61 123 3
61 123 3
61 123 3
61 123 3
61 123 3
61 123 3
61 123 3
61 123 3
61 123 3
61 123 3
61 123 3
61 123 3
61 123 3
61 123 3
61 123 3
61 123 3
61 123 3
61 123 3
61 123 3
61 123 3
61 123 3
61 123 3
61 123 3
61 123 3
61 123 3
61 123 3
61 123 3
61 123 3
61 123 3
61 123 3
61 123 3
61 123 3
61 123 3
61 123 3
61 123 3
61 123 3
61 123 3
60 123 15
60 123 3
60 123 3
60 123 3
60 123 3
60 123 3
60 123 3
60 123 3
60 123 3
60 123 3
60 123 3
60 123 3
60 123 3
60 123 3
60 123 3
60 123 3
60 123 3
60 123 3
60 123 3
60 123 3
60 123 3
60 123 3
60 123 3
60 123 3
60 123 3
60 123 3
60 123 3
60 123 3
60 123 3
60 123 3
60 123 3
60 123 3
60 123 3
59 123 15
59 123 3
59 123 3
59 123 3
59 123 3
59 123 3
59 123 3
59 123 3
59 123 3
59 123 3
59 123 3
59 123 3
59 123 3
59 123 3
59 123 3
59 123 3
59 123 3
59 123 3
59 123 3
59 123 3
59 123 3
59 123 3
59 123 3
59 123 3
59 123 3
59 123 3
59 123 3
59 123 3
58 123 15
58 123 3
58 123 3
58 123 3
58 123 3
58 123 3
58 123 3
58 123 3
58 123 3
58 123 3
58 123 3
58 123 3
58 123 3
58 123 3
58 123 3
58 123 3
58 123 3
58 123 3
58 123 3
58 123 3
58 123 3
58 123 3
58 123 3
57 123 15
57 123 3
57 123 3
57 123 3
57 123 3
57 123 3
57 123 3
57 123 3
57 123 3
57 123 3
57 123 3
57 123 3
57 123 3
57 123 3
57 123 3
57 123 3
57 123 3
57 123 3
57 123 3
56 123 15
56 123 3
56 123 3
56 123 3
56 123 3
56 123 3
56 123 3
56 123 3
56 123 3
56 123 3
56 123 3
56 123 3
56 123 3
56 123 3
56 123 3
55 123 15
55 123 3
55 123 3
55 123 3
55 123 3
55 123 3
55 123 3
55 123 3
55 123 3
55 123 3
55 123 3
54 123 18
54 123 3
54 123 3
54 123 3
54 123 3
54 123 3
54 123 3
54 123 3
53 123 24
53 123 3
53 123 3
53 123 3
50 136 174
50 135 155
50 134 135
50 133 114
50 132 95
50 131 76
50 130 58
50 129 43
50 128 30
50 128 3
50 128 3
50 128 3
50 127 21
50 127 3
50 127 3
50 127 3
50 127 3
50 126 16
50 126 3
50 126 3
50 126 3
50 126 3
50 126 3
51 126 16
51 126 3
51 126 3
51 126 3
51 126 3
51 126 3
52 126 15
52 126 3
52 126 3
52 126 3
52 126 3
52 126 3
52 126 3
52 125 15
52 125 3
52 125 3
52 125 3
52 125 3
52 125 3
52 124 18
52 124 3
52 124 3
52 124 3
52 124 3
50 138 210
50 138 3
50 138 3
50 138 3
50 138 3
50 138 3
50 138 3
50 138 3
50 138 3
50 139 225
50 139 3
50 139 3
50 139 3
50 139 3
50 139 3
50 139 3
50 139 3
50 139 3
50 139 3
50 139 3
50 139 3
50 139 3
50 139 3
50 139 3
50 139 3
50 139 3
50 139 3
50 139 3
50 139 3
50 139 3
50 140 239
50 140 3
50 140 3
50 140 3
50 140 3
50 140 3
50 140 3
50 140 3
50 140 3
50 140 3
50 140 3
50 140 3
50 140 3
50 140 3
50 140 3
50 140 3
50 140 3
50 140 3
50 140 3
50 140 3
50 140 3
50 140 3
50 140 3
50 140 3
50 140 3
50 140 3
50 140 3
50 140 3
50 140 3
50 140 3
50 140 3
50 140 3
50 140 3
50 140 3
50 140 3
50 140 3
50 141 251
50 141 3
50 141 3
50 141 3
50 141 3
50 141 3
50 141 3
50 141 3
50 141 3
50 141 3
50 141 3
50 141 3
50 141 3
50 141 3
50 141 3
50 141 3
50 141 3
50 141 3
50 141 3
50 141 3
50 141 3
50 141 3
50 141 3
50 141 3
50 141 3
50 141 3
50 141 3
50 141 3
50 141 3
50 141 3
50 141 3
50 141 3
50 141 3
50 141 3
50 141 3
50 141 3
50 141 3
50 141 3
50 141 3
50 141 3
50 141 3
50 141 3
50 141 3
50 141 3
50 141 3
50 141 3
50 141 3
50 141 3
50 141 3
50 142 261
50 142 3
50 142 3
50 142 3
50 142 3
50 142 3
50 142 3
50 142 3
50 142 3
50 142 3
50 142 3
50 142 3
50 142 3
50 142 3
50 142 3
50 142 3
50 142 3
50 142 3
50 142 3
50 142 3
50 142 3
50 142 3
50 142 3
50 142 3
50 142 3
50 142 3
50 142 3
50 142 3
50 142 3
50 142 3
50 142 3
50 142 3
50 142 3
50 142 3
50 142 3
50 142 3
50 142 3
50 142 3
50 142 3
50 142 3
50 142 3
50 142 3
50 142 3
50 142 3
50 142 3
50 142 3
50 142 3
50 142 3
50 142 3
50 142 3
50 142 3
50 142 3
50 142 3
50 142 3
50 142 3
50 142 3
50 142 3
50 142 3
50 143 269
50 143 3
50 143 3
50 143 3
50 143 3
50 143 3
50 143 3
50 143 3
50 143 3
50 143 3
50 143 3
50 143 3
50 143 3
50 143 3
50 143 3
50 143 3
50 143 3
50 143 3
50 143 3
50 143 3
50 143 3
50 143 3
50 143 3
50 143 3
50 143 3
50 143 3
50 143 3
50 143 3
50 143 3
50 143 3
50 143 3
50 143 3
50 143 3
50 143 3
50 143 3
50 143 3
50 143 3
50 143 3
50 143 3
50 143 3
50 143 3
50 143 3
50 143 3
50 143 3
50 143 3
50 143 3
50 143 3
50 143 3
50 143 3
50 143 3
50 143 3
50 143 3
50 143 3
50 143 3
50 143 3
50 143 3
50 143 3
50 144 274
50 144 3
50 144 3
50 144 3
50 144 3
50 144 3
50 144 3
50 144 3
50 144 3
50 144 3
50 144 3
50 144 3
50 144 3
50 144 3
50 144 3
50 144 3
50 144 3
50 144 3
50 144 3
50 144 3
50 144 3
50 144 3
50 144 3
50 144 3
50 144 3
50 144 3
50 144 3
50 144 3
50 144 3
50 144 3
50 144 3
50 144 3
50 144 3
50 144 3
50 144 3
50 144 3
50 144 3
50 144 3
50 144 3
50 144 3
50 144 3
50 144 3
50 144 3
50 144 3
50 144 3
50 144 3
50 145 276
50 145 3
50 145 3
50 145 3
50 145 3
50 145 3
50 145 3
50 145 3
50 145 3
50 145 3
50 145 3
50 145 3
50 145 3
50 145 3
50 145 3
50 145 3
50 145 3
50 145 3
50 145 3
50 145 3
50 145 3
50 145 3
50 145 3
50 145 3
50 145 3
50 145 3
50 145 3
50 145 3
50 145 3
50 145 3
50 146 276
50 146 3
50 146 3
50 146 3
50 146 3
50 146 3
50 146 3
50 146 3
50 146 3
50 146 3
50 146 3
50 146 3
50 147 274
50 148 269
50 149 262
50 150 252
50 151 241
50 152 228
50 153 214
49 154 195
49 154 3
49 154 3
49 154 3
49 154 3
49 154 3
49 154 3
49 154 3
49 154 3
49 154 3
49 154 3
49 154 3
49 154 3
49 154 3
49 154 3
49 154 3
49 154 3
49 154 3
49 154 3
49 154 3
49 154 3
49 155 178
49 155 3
49 155 3
49 155 3
49 155 3
49 155 3
49 155 3
49 155 3
49 155 3
49 155 3
49 155 3
49 155 3
49 155 3
49 155 3
49 155 3
49 155 3
49 155 3
49 155 3
49 155 3
49 155 3
49 155 3
49 155 3
49 155 3
49 155 3
49 155 3
49 155 3
49 155 3
49 155 3
49 155 3
49 155 3
49 155 3
49 155 3
49 155 3
49 155 3
49 155 3
49 155 3
49 155 3
49 155 3
49 155 3
49 155 3
49 155 3
49 155 3
49 155 3
49 155 3
49 155 3
49 155 3
49 156 160
49 156 3
49 156 3
49 156 3
49 156 3
49 156 3
49 156 3
49 156 3
49 156 3
49 156 3
49 156 3
49 156 3
49 156 3
49 156 3
49 156 3
49 156 3
49 156 3
49 156 3
49 156 3
49 156 3
49 156 3
49 156 3
49 156 3
49 156 3
49 156 3
49 156 3
49 156 3
49 156 3
49 156 3
49 156 3
49 156 3
49 156 3
49 156 3
49 156 3
49 156 3
49 156 3
49 156 3
49 156 3
49 156 3
49 156 3
49 156 3
49 156 3
49 156 3
49 156 3
49 156 3
49 156 3
49 156 3
49 156 3
49 156 3
49 156 3
49 156 3
49 156 3
49 156 3
49 156 3
49 156 3
49 156 3
49 156 3
49 156 3
49 156 3
49 156 3
49 156 3
49 156 3
49 156 3
49 156 3
49 156 3
49 156 3
49 156 3
49 156 3
49 156 3
49 156 3
49 156 3
49 156 3
49 156 3
49 157 142
49 157 3
49 157 3
49 157 3
49 157 3
49 157 3
49 157 3
49 157 3
49 157 3
49 157 3
49 157 3
49 157 3
49 157 3
49 157 3
49 157 3
49 157 3
49 157 3
49 157 3
49 157 3
49 157 3
49 157 3
49 157 3
49 157 3
49 157 3
49 157 3
49 157 3
49 157 3
49 157 3
49 157 3
49 157 3
49 157 3
49 157 3
49 157 3
49 157 3
49 157 3
49 157 3
49 157 3
49 157 3
49 157 3
49 157 3
49 157 3
49 157 3
49 157 3
49 157 3
49 157 3
49 157 3
49 157 3
49 157 3
49 157 3
49 157 3
49 157 3
49 157 3
49 157 3
49 157 3
49 157 3
49 157 3
49 157 3
49 157 3
49 157 3
49 157 3
49 157 3
49 157 3
49 157 3
49 157 3
49 157 3
49 157 3
49 157 3
49 157 3
49 157 3
49 157 3
49 157 3
49 157 3
49 157 3
49 157 3
49 157 3
49 157 3
49 157 3
49 157 3
49 157 3
49 157 3
49 157 3
49 157 3
49 157 3
49 157 3
49 157 3
49 157 3
49 157 3
49 157 3
49 157 3
49 157 3
49 157 3
49 157 3
49 157 3
49 157 3
49 157 3
49 157 3
49 157 3
49 158 126
49 158 3
49 158 3
49 158 3
49 158 3
49 158 3
49 158 3
49 158 3
49 158 3
49 158 3
49 158 3
49 158 3
49 158 3
49 158 3
49 158 3
49 158 3
49 158 3
49 158 3
49 158 3
49 158 3
49 158 3
49 158 3
49 158 3
49 158 3
49 158 3
49 158 3
49 158 3
49 158 3
49 158 3
49 158 3
49 158 3
49 158 3
49 158 3
49 158 3
49 158 3
49 158 3
49 158 3
49 158 3
49 158 3
49 158 3
49 158 3
49 158 3
49 158 3
49 158 3
49 158 3
49 158 3
49 158 3
49 158 3
49 158 3
49 158 3
49 158 3
49 158 3
49 158 3
49 158 3
49 158 3
49 158 3
49 158 3
49 158 3
49 158 3
49 158 3
49 158 3
49 158 3
49 158 3
49 158 3
49 158 3
49 158 3
49 158 3
49 158 3
49 158 3
49 158 3
49 158 3
49 158 3
49 158 3
49 158 3
49 158 3
49 158 3
49 158 3
49 158 3
49 158 3
49 158 3
49 158 3
49 158 3
49 158 3
49 158 3
49 158 3
49 158 3
49 158 3
49 158 3
49 158 3
49 158 3
49 158 3
49 158 3
49 158 3
49 158 3
49 158 3
49 158 3
49 158 3
49 158 3
49 158 3
49 158 3
49 158 3
49 158 3
49 158 3
49 158 3
49 158 3
49 158 3
49 158 3
49 158 3
49 158 3
49 159 110
49 159 3
49 159 3
49 159 3
49 159 3
49 159 3
49 159 3
49 159 3
49 159 3
49 159 3
49 159 3
49 159 3
49 159 3
49 159 3
49 159 3
49 159 3
49 159 3
49 159 3
49 159 3
49 159 3
49 159 3
49 159 3
49 159 3
49 159 3
49 159 3
49 159 3
49 159 3
49 159 3
49 159 3
49 159 3
49 159 3
49 159 3
49 159 3
49 159 3
49 159 3
49 159 3
49 159 3
49 159 3
49 159 3
49 159 3
49 159 3
49 159 3
49 159 3
49 159 3
49 159 3
49 159 3
49 159 3
49 159 3
49 159 3
49 159 3
49 159 3
49 159 3
49 159 3
49 159 3
49 159 3
49 159 3
49 159 3
49 159 3
49 159 3
49 159 3
49 159 3
49 159 3
49 159 3
49 159 3
49 159 3
49 159 3
49 159 3
49 159 3
49 159 3
49 159 3
49 159 3
49 159 3
49 159 3
49 159 3
49 159 3
49 159 3
49 159 3
49 159 3
49 159 3
49 159 3
49 159 3
49 159 3
49 159 3
49 159 3
49 159 3
49 159 3
49 159 3
49 159 3
49 159 3
49 159 3
49 159 3
49 159 3
49 159 3
49 159 3
49 159 3
49 159 3
49 159 3
49 159 3
49 159 3
49 159 3
49 159 3
49 159 3
49 159 3
49 159 3
49 159 3
49 159 3
49 159 3
49 160 96
49 160 3
49 160 3
49 160 3
49 160 3
49 160 3
49 160 3
49 160 3
49 160 3
49 160 3
49 160 3
49 160 3
49 160 3
49 160 3
49 160 3
49 160 3
49 160 3
49 160 3
49 160 3
49 160 3
49 160 3
49 160 3
49 160 3
49 160 3
49 160 3
49 160 3
49 160 3
49 160 3
49 160 3
49 160 3
49 160 3
49 160 3
49 160 3
49 160 3
49 160 3
49 160 3
49 160 3
49 160 3
49 160 3
49 160 3
49 160 3
49 160 3
49 160 3
49 160 3
49 160 3
49 160 3
49 160 3
49 160 3
49 160 3
49 160 3
49 160 3
49 160 3
49 160 3
49 160 3
49 160 3
49 160 3
49 160 3
49 160 3
49 160 3
49 160 3
49 160 3
49 160 3
49 160 3
49 160 3
49 160 3
49 160 3
49 160 3
49 160 3
49 160 3
49 160 3
49 160 3
49 160 3
49 160 3
49 160 3
49 160 3
49 160 3
49 160 3
49 160 3
49 160 3
49 160 3
49 160 3
49 160 3
49 160 3
49 160 3
49 160 3
49 160 3
49 160 3
49 160 3
49 160 3
49 160 3
49 160 3
49 160 3
48 160 82
48 160 3
48 160 3
48 160 3
48 160 3
48 160 3
48 160 3
48 160 3
48 160 3
48 160 3
48 160 3
48 160 3
48 160 3
48 160 3
48 160 3
48 160 3
48 160 3
48 160 3
48 160 3
48 160 3
48 160 3
48 160 3
48 160 3
48 160 3
48 160 3
48 160 3
48 160 3
48 160 3
48 160 3
48 160 3
48 160 3
48 160 3
48 160 3
48 160 3
48 160 3
48 160 3
48 160 3
48 160 3
48 160 3
48 160 3
48 160 3
48 160 3
48 160 3
48 160 3
48 160 3
48 160 3
48 160 3
48 160 3
48 160 3
48 160 3
48 160 3
48 160 3
48 160 3
48 160 3
48 160 3
48 160 3
48 160 3
48 160 3
48 160 3
48 160 3
48 160 3
48 160 3
48 160 3
48 160 3
48 160 3
48 161 68
48 161 3
48 161 3
48 161 3
48 161 3
48 161 3
48 161 3
48 161 3
48 161 3
48 161 3
48 161 3
48 161 3
48 161 3
48 161 3
48 161 3
48 161 3
48 161 3
48 161 3
48 161 3
48 161 3
48 161 3
48 161 3
48 161 3
48 161 3
48 161 3
48 161 3
48 161 3
48 161 3
48 161 3
48 161 3
48 161 3
48 161 3
48 161 3
48 161 3
48 161 3
48 161 3
48 161 3
48 161 3
48 161 3
48 161 3
48 161 3
48 161 3
48 161 3
48 161 3
48 161 3
48 161 3
48 161 3
48 161 3
48 161 3
48 161 3
48 161 3
48 162 55
48 162 3
48 162 3
48 162 3
48 162 3
48 162 3
48 162 3
48 162 3
48 162 3
48 162 3
48 162 3
48 162 3
48 162 3
48 162 3
48 162 3
48 162 3
48 162 3
48 162 3
48 162 3
48 162 3
48 162 3
48 162 3
48 162 3
48 162 3
48 162 3
48 162 3
48 162 3
48 162 3
48 162 3
48 162 3
48 162 3
48 162 3
48 162 3
48 162 3
48 162 3
48 162 3
48 162 3
48 162 3
47 162 42
47 162 3
47 162 3
47 162 3
47 162 3
47 162 3
47 162 3
47 162 3
47 162 3
47 162 3
47 162 3
47 162 3
47 162 3
47 162 3
47 162 3
47 162 3
47 162 3
47 162 3
47 162 3
47 162 3
47 162 3
47 162 3
47 162 3
47 162 3
47 162 3
47 162 3
47 162 3
47 163 30
47 163 3
47 163 3
47 163 3
47 163 3
47 163 3
47 163 3
47 163 3
47 163 3
47 163 3
47 163 3
47 163 3
47 163 3
47 163 3
47 163 3
47 163 3
47 163 3
47 163 3
47 163 3
46 163 19
46 163 3
46 163 3
46 163 3
46 163 3
46 163 3
46 163 3
46 163 3
46 163 3
46 163 3
46 163 3
46 163 3
46 163 3
46 163 3
46 163 3
46 163 3
46 164 15
46 164 3
46 164 3
46 164 3
46 164 3
46 164 3
46 164 3
46 164 3
46 164 3
46 164 3
46 164 3
46 164 3
45 164 15
45 164 3
45 164 3
45 164 3
45 164 3
45 164 3
45 164 3
45 164 3
45 164 3
44 164 15
44 164 3
44 164 3
44 164 3
44 164 3
44 164 3
44 164 3
43 164 15
43 164 3
43 164 3
43 164 3
43 164 3
43 164 3
42 164 15
42 164 3
42 164 3
42 164 3
42 164 3
42 164 3
41 164 15
41 164 3
41 164 3
41 164 3
41 164 3
41 164 3
40 164 15
40 164 3
40 164 3
40 164 3
40 164 3
40 164 3
39 164 15
39 164 3
39 164 3
39 164 3
39 164 3
39 164 3
39 164 3
38 164 15
38 164 3
38 164 3
38 164 3
38 164 3
38 164 3
38 164 3
37 164 15
37 164 3
37 164 3
37 164 3
37 164 3
37 164 3
36 164 15
36 164 3
36 164 3
36 164 3
36 164 3
35 164 15
35 164 3
35 164 3
35 164 3
34 164 15
34 164 3
34 164 3
33 164 15
33 164 3
32 164 15
32 164 3
31 164 15
30 164 15
29 164 15
28 164 16
27 164 17
26 164 19
25 164 21
25 163 22
24 163 23
24 162 23
23 162 22
23 161 21
22 161 19
22 161 3
22 160 17
22 160 3
22 160 3
22 160 3
21 160 15
21 160 3
21 160 3
21 160 3
21 160 3
21 159 15
21 159 3
21 159 3
21 159 3
21 159 3
21 159 3
21 159 3
21 159 3
20 159 15
20 159 3
20 159 3
20 159 3
20 159 3
20 159 3
20 159 3
20 159 3
20 158 15
20 158 3
20 158 3
20 158 3
20 158 3
20 158 3
20 158 3
20 158 3
20 158 3
20 158 3
19 158 15
19 158 3
19 158 3
19 158 3
19 158 3
19 158 3
19 158 3
19 158 3
18 158 15
18 158 3
18 158 3
18 158 3
18 158 3
18 158 3
17 158 15
17 158 3
17 158 3
17 158 3
17 157 15
17 157 3
17 157 3
17 157 3
17 157 3
16 157 15
16 157 3
16 157 3
16 156 15
16 156 3
16 156 3
16 156 3
15 156 15
15 156 3
15 156 3
15 155 15
15 155 3
15 155 3
15 155 3
14 155 15
14 155 3
14 155 3
14 155 3
13 155 15
13 155 3
13 155 3
13 155 3
13 154 24
13 154 3
13 153 37
51 125 15
51 125 3
51 125 3
51 125 3
51 125 3
51 125 3
50 125 16
50 125 3
50 125 3
50 125 3
50 125 3
49 125 16
49 125 3
49 125 3
49 125 3
49 125 3
49 125 3
48 125 15
48 125 3
48 125 3
48 125 3
48 125 3
48 125 3
48 125 3
48 125 3
47 125 15
47 125 3
47 125 3
47 125 3
47 125 3
47 125 3
47 125 3
47 125 3
47 125 3
47 125 3
46 125 15
46 125 3
46 125 3
46 125 3
46 125 3
46 125 3
46 125 3
46 125 3
46 125 3
46 125 3
46 125 3
46 125 3
46 125 3
45 125 15
45 125 3
45 125 3
45 125 3
45 125 3
45 125 3
45 125 3
45 125 3
45 125 3
45 125 3
45 125 3
45 125 3
45 125 3
45 125 3
45 125 3
45 125 3
44 125 15
44 125 3
44 125 3
44 125 3
44 125 3
44 125 3
44 125 3
44 125 3
44 125 3
44 125 3
44 125 3
44 125 3
44 125 3
44 125 3
44 125 3
44 125 3
44 125 3
44 125 3
44 125 3
44 125 3
44 125 3
43 125 15
43 125 3
43 125 3
43 125 3
43 125 3
43 125 3
43 125 3
43 125 3
43 125 3
43 125 3
43 125 3
43 125 3
43 125 3
43 125 3
43 125 3
43 125 3
43 125 3
43 125 3
43 125 3
43 125 3
43 125 3
43 125 3
43 125 3
43 125 3
43 125 3
43 125 3
43 125 3
43 125 3
43 125 3
42 125 15
42 125 3
42 125 3
42 125 3
42 125 3
42 125 3
42 125 3
42 125 3
42 125 3
42 125 3
42 125 3
42 125 3
42 125 3
42 125 3
42 125 3
42 125 3
42 125 3
42 125 3
42 125 3
42 125 3
42 125 3
42 125 3
42 125 3
42 125 3
42 125 3
42 125 3
42 125 3
42 125 3
42 125 3
42 125 3
42 125 3
42 125 3
42 125 3
42 125 3
42 125 3
42 125 3
42 125 3
42 125 3
42 125 3
42 125 3
41 125 18
41 125 3
41 125 3
41 125 3
41 125 3
41 125 3
41 125 3
41 125 3
41 125 3
41 125 3
41 125 3
41 125 3
41 125 3
41 125 3
41 125 3
41 125 3
41 125 3
41 125 3
41 125 3
41 125 3
41 125 3
41 125 3
41 125 3
41 125 3
41 125 3
41 125 3
41 125 3
41 125 3
41 125 3
41 125 3
41 125 3
41 125 3
41 125 3
41 125 3
41 125 3
41 125 3
41 125 3
41 125 3
41 125 3
41 125 3
41 125 3
41 125 3
41 125 3
41 125 3
41 125 3
41 125 3
41 125 3
41 125 3
41 125 3
41 125 3
41 125 3
41 125 3
41 125 3
41 126 25
41 126 3
41 126 3
41 126 3
41 126 3
41 126 3
41 126 3
41 126 3
41 126 3
41 126 3
41 126 3
41 126 3
41 126 3
41 126 3
41 126 3
41 126 3
41 126 3
41 126 3
41 126 3
41 126 3
41 126 3
41 126 3
41 126 3
41 126 3
41 126 3
41 126 3
41 126 3
41 126 3
41 126 3
41 126 3
41 126 3
41 126 3
41 126 3
41 126 3
41 126 3
41 126 3
41 126 3
41 126 3
41 126 3
41 126 3
41 126 3
41 126 3
41 126 3
41 126 3
41 126 3
41 126 3
41 126 3
41 126 3
41 126 3
41 126 3
40 126 33
40 126 3
40 126 3
40 126 3
40 126 3
40 126 3
40 126 3
40 126 3
40 126 3
40 126 3
40 126 3
40 126 3
40 126 3
40 126 3
40 126 3
40 126 3
40 126 3
40 126 3
40 126 3
40 126 3
40 126 3
40 126 3
40 126 3
40 126 3
40 126 3
40 126 3
40 126 3
40 126 3
40 126 3
40 126 3
40 126 3
40 126 3
40 126 3
40 126 3
40 126 3
40 126 3
40 126 3
40 126 3
40 126 3
40 126 3
40 126 3
40 126 3
40 126 3
40 126 3
40 126 3
40 126 3
40 126 3
40 126 3
40 126 3
40 126 3
40 126 3
40 126 3
40 126 3
40 126 3
40 126 3
40 126 3
40 126 3
40 126 3
39 126 44
39 126 3
39 126 3
39 126 3
39 126 3
39 126 3
39 126 3
39 126 3
39 126 3
39 126 3
39 126 3
39 126 3
39 126 3
39 126 3
39 126 3
39 126 3
39 126 3
39 126 3
39 126 3
39 126 3
39 126 3
39 126 3
39 126 3
39 126 3
39 126 3
39 126 3
39 126 3
39 126 3
39 126 3
39 126 3
39 126 3
39 126 3
39 126 3
39 126 3
39 126 3
39 126 3
39 126 3
39 126 3
39 126 3
39 126 3
39 126 3
39 126 3
39 126 3
39 126 3
39 126 3
39 126 3
39 126 3
39 126 3
39 126 3
39 126 3
39 126 3
39 126 3
39 126 3
39 126 3
39 126 3
39 126 3
39 126 3
39 126 3
39 126 3
39 126 3
39 127 56
39 127 3
39 127 3
39 127 3
39 127 3
39 127 3
39 127 3
39 127 3
39 127 3
39 127 3
39 127 3
39 127 3
39 127 3
39 127 3
39 127 3
39 127 3
39 127 3
39 127 3
39 127 3
39 127 3
39 127 3
39 127 3
39 127 3
39 127 3
39 127 3
39 127 3
39 127 3
39 127 3
39 127 3
39 127 3
39 127 3
39 127 3
39 127 3
39 127 3
39 127 3
39 127 3
39 127 3
39 127 3
39 127 3
39 127 3
39 127 3
39 127 3
39 127 3
39 127 3
39 127 3
39 127 3
39 127 3
39 128 72
39 128 3
39 128 3
39 128 3
39 128 3
39 128 3
39 128 3
39 128 3
39 128 3
39 128 3
39 128 3
39 128 3
39 128 3
39 128 3
39 128 3
39 128 3
39 128 3
39 128 3
39 128 3
39 128 3
39 128 3
39 128 3
39 128 3
39 128 3
39 128 3
39 128 3
39 128 3
39 128 3
39 128 3
39 128 3
39 128 3
39 128 3
39 128 3
39 129 91
39 129 3
39 129 3
39 129 3
39 129 3
39 129 3
39 129 3
39 129 3
39 129 3
39 129 3
39 129 3
39 129 3
39 129 3
39 129 3
39 129 3
39 129 3
39 129 3
76 89 22
77 89 23
78 89 24
79 89 24
80 89 24
81 89 23
82 89 22
83 89 20
84 89 17
84 88 15
84 87 15
85 87 15
86 87 15
87 87 15
87 87 3
88 87 15
88 87 3
89 87 15
89 87 3
90 87 15
90 87 3
90 87 3
91 87 15
91 87 3
91 87 3
92 87 15
92 87 3
92 87 3
93 87 15
93 87 3
93 87 3
93 86 15
93 86 3
94 86 15
94 86 3
94 85 15
94 85 3
94 84 15
95 84 15
95 84 3
95 83 15
95 82 15
95 81 15
96 81 15
96 81 3
96 80 15
96 80 3
96 79 15
96 79 3
96 78 15
96 78 3
96 77 15
96 76 15
97 76 15
97 75 15
98 75 16
98 74 15
98 73 15
98 72 15
98 71 15
98 70 15
98 69 15
98 68 15
