99 176 18
99 176 8
131 4 18
64 87 18
70 134 18
70 134 8
70 134 8
70 134 8
186 47 18
30 189 18
30 16 18
116 85 18
31 199 18
66 98 18
69 121 18
69 121 8
69 121 8
69 121 8
69 121 8
69 121 8
69 121 8
69 121 8
69 121 8
69 121 8
53 93 18
54 104 18
67 109 18
67 109 8
67 109 8
67 109 8
67 109 8
67 109 8
67 109 8
67 109 8
67 109 8
67 109 8
67 109 8
67 109 8
67 109 8
67 109 8
67 109 8
175 41 18
186 34 18
142 10 18
142 10 8
142 10 8
142 10 8
142 10 8
142 10 8
142 10 8
142 10 8
142 10 8
142 10 8
142 10 8
142 10 8
142 10 8
142 10 8
142 10 8
142 10 8
142 10 8
142 10 8
142 10 8
142 10 8
142 10 8
142 10 8
142 10 8
142 10 8
142 10 8
142 10 8
142 10 8
142 10 8
142 10 8
142 10 8
142 10 8
142 10 8
142 10 8
142 10 8
142 10 8
142 10 8
142 10 8
142 10 8
142 10 8
142 10 8
142 10 8
142 10 8
142 10 8
142 10 8
142 10 8
142 10 8
142 10 8
142 10 8
142 10 8
142 10 8
142 10 8
142 10 8
142 10 8
142 10 8
142 10 8
142 10 8
142 10 8
142 10 8
142 10 8
142 10 8
142 10 8
142 10 8
142 10 8
142 10 8
142 10 8
142 10 8
142 10 8
142 10 8
142 10 8
142 10 8
142 10 8
142 10 8
142 10 8
142 10 8
142 10 8
142 10 8
142 10 8
142 10 8
142 10 8
119 10 18
119 10 8
119 10 8
119 10 8
119 10 8
119 10 8
119 10 8
119 10 8
119 10 8
119 10 8
119 10 8
119 10 8
119 10 8
119 10 8
119 10 8
119 10 8
119 10 8
119 10 8
119 10 8
119 10 8
119 10 8
119 10 8
119 10 8
119 10 8
119 10 8
119 10 8
119 10 8
119 10 8
119 10 8
119 10 8
119 10 8
119 10 8
119 10 8
119 10 8
119 10 8
119 10 8
119 10 8
119 10 8
119 10 8
119 10 8
119 10 8
119 10 8
119 10 8
119 10 8
119 10 8
119 10 8
119 10 8
119 10 8
119 10 8
119 10 8
119 10 8
119 10 8
119 10 8
119 10 8
119 10 8
119 10 8
119 10 8
119 10 8
119 10 8
119 10 8
119 10 8
119 10 8
119 10 8
119 10 8
119 10 8
119 10 8
119 10 8
119 10 8
119 10 8
119 10 8
119 10 8
119 10 8
119 10 8
119 10 8
119 10 8
119 10 8
18 196 18
98 162 18
111 169 18
111 169 8
111 169 8
111 169 8
111 169 8
111 169 8
111 169 8
111 169 8
111 169 8
111 169 8
111 169 8
111 169 8
111 169 8
111 169 8
111 169 8
111 169 8
111 169 8
111 169 8
111 169 8
111 169 8
111 169 8
116 73 18
116 73 8
116 73 8
128 79 18
128 79 8
128 79 8
128 79 8
128 79 8
128 79 8
128 79 8
128 79 8
128 79 8
128 79 8
128 79 8
128 79 8
128 79 8
128 79 8
128 79 8
128 79 8
128 79 8
128 79 8
128 79 8
128 79 8
128 79 8
128 79 8
128 79 8
128 79 8
128 79 8
128 79 8
128 79 8
128 79 8
128 79 8
128 79 8
128 79 8
128 79 8
128 79 8
128 79 8
128 79 8
128 79 8
128 79 8
128 79 8
128 79 8
128 79 8
128 79 8
128 79 8
128 79 8
128 79 8
128 79 8
128 79 8
128 79 8
128 79 8
128 79 8
128 79 8
128 79 8
128 79 8
128 79 8
128 79 8
128 79 8
128 79 8
128 79 8
128 79 8
128 79 8
128 79 8
128 79 8
128 79 8
128 79 8
128 79 8
128 79 8
128 79 8
128 79 8
103 79 18
103 79 8
104 91 18
175 28 18
175 28 8
175 28 8
175 28 8
175 28 8
175 28 8
175 28 8
175 28 8
175 28 8
175 28 8
175 28 8
175 28 8
175 28 8
175 28 8
175 28 8
175 28 8
175 28 8
175 28 8
175 28 8
175 28 8
175 28 8
175 28 8
175 28 8
175 28 8
175 28 8
175 28 8
175 28 8
175 28 8
175 28 8
175 28 8
175 28 8
175 28 8
175 28 8
175 28 8
175 28 8
175 28 8
175 28 8
175 28 8
175 28 8
175 28 8
175 28 8
175 28 8
175 28 8
175 28 8
175 28 8
175 28 8
175 28 8
175 28 8
175 28 8
175 28 8
175 28 8
175 28 8
175 28 8
175 28 8
175 28 8
175 28 8
175 28 8
175 28 8
175 28 8
175 28 8
175 28 8
175 28 8
175 28 8
175 28 8
175 28 8
175 28 8
175 28 8
175 28 8
175 28 8
175 28 8
175 28 8
175 54 18
175 54 8
175 54 8
175 54 8
175 54 8
175 54 8
175 54 8
175 54 8
175 54 8
175 54 8
175 54 8
175 54 8
18 182 18
18 182 8
18 182 8
18 182 8
18 182 8
18 182 8
18 182 8
18 182 8
18 182 8
18 182 8
18 182 8
18 182 8
18 182 8
18 182 8
18 182 8
18 182 8
18 182 8
18 182 8
18 182 8
18 182 8
18 182 8
18 182 8
18 182 8
18 182 8
18 182 8
18 182 8
18 182 8
18 182 8
18 182 8
18 182 8
18 182 8
18 182 8
18 182 8
18 182 8
18 182 8
18 182 8
18 182 8
18 182 8
18 182 8
18 182 8
18 182 8
18 182 8
18 182 8
18 182 8
18 182 8
18 182 8
18 182 8
18 182 8
18 182 8
18 182 8
18 182 8
18 182 8
18 182 8
18 182 8
18 182 8
18 182 8
18 182 8
18 182 8
18 182 8
18 182 8
18 182 8
18 182 8
18 182 8
18 182 8
18 182 8
18 182 8
18 182 8
18 182 8
18 182 8
18 182 8
18 182 8
18 182 8
18 182 8
18 182 8
18 182 8
18 182 8
85 169 18
85 155 18
85 155 8
85 155 8
72 148 18
72 148 8
72 148 8
72 148 8
72 148 8
72 148 8
72 148 8
72 148 8
72 148 8
72 148 8
72 148 8
72 148 8
72 148 8
72 148 8
72 148 8
72 148 8
72 148 8
72 148 8
72 148 8
72 148 8
72 148 8
72 148 8
72 148 8
72 148 8
72 148 8
72 148 8
72 148 8
72 148 8
72 148 8
72 148 8
72 148 8
72 148 8
72 148 8
72 148 8
72 148 8
72 148 8
72 148 8
72 148 8
72 148 8
72 148 8
72 148 8
72 148 8
72 148 8
72 148 8
72 148 8
72 148 8
72 148 8
72 148 8
72 148 8
84 140 18
84 140 8
84 140 8
84 140 8
84 140 8
131 17 18
131 17 8
131 17 8
131 17 8
131 17 8
131 17 8
131 17 8
130 30 18
129 42 18
129 42 8
129 42 8
129 42 8
129 42 8
129 42 8
141 36 18
141 36 8
141 36 8
141 36 8
141 36 8
141 36 8
141 36 8
141 36 8
141 36 8
141 36 8
141 36 8
141 36 8
141 36 8
141 36 8
141 36 8
141 36 8
141 36 8
141 36 8
141 36 8
141 36 8
141 36 8
141 36 8
141 36 8
141 36 8
141 36 8
141 36 8
141 36 8
141 36 8
141 36 8
141 36 8
141 36 8
141 36 8
141 36 8
141 36 8
141 36 8
141 36 8
141 36 8
141 36 8
141 36 8
141 36 8
141 36 8
141 36 8
141 36 8
141 36 8
141 36 8
141 36 8
141 36 8
44 194 18
44 180 18
198 40 18
198 40 8
198 27 18
57 186 18
57 186 8
57 186 8
57 186 8
116 61 18
116 61 8
116 61 8
116 61 8
116 61 8
116 61 8
116 61 8
116 61 8
116 61 8
116 61 8
116 61 8
116 61 8
116 61 8
116 61 8
116 61 8
116 61 8
116 61 8
116 61 8
116 61 8
116 61 8
116 61 8
116 61 8
116 61 8
116 61 8
116 61 8
116 61 8
116 61 8
116 61 8
116 61 8
116 61 8
116 61 8
116 61 8
116 61 8
116 61 8
116 61 8
116 61 8
116 61 8
116 61 8
116 61 8
116 61 8
116 61 8
116 61 8
116 61 8
116 61 8
116 61 8
116 61 8
116 61 8
116 61 8
116 61 8
116 61 8
116 61 8
116 61 8
116 61 8
116 61 8
116 61 8
116 61 8
116 61 8
118 36 18
118 36 8
118 36 8
118 36 8
118 36 8
118 36 8
118 36 8
118 36 8
118 36 8
118 36 8
118 36 8
118 36 8
118 36 8
118 36 8
163 48 18
163 48 8
163 48 8
163 48 8
163 48 8
163 48 8
163 48 8
163 48 8
163 48 8
163 48 8
163 48 8
163 48 8
163 48 8
163 48 8
163 48 8
163 48 8
163 48 8
163 48 8
163 48 8
163 48 8
163 48 8
163 48 8
163 48 8
163 48 8
163 48 8
163 48 8
163 48 8
163 48 8
163 48 8
163 48 8
163 48 8
163 48 8
163 48 8
163 48 8
19 9 18
19 9 8
19 9 8
19 9 8
19 9 8
19 9 8
19 9 8
19 9 8
19 9 8
19 9 8
19 9 8
19 9 8
18 23 18
18 23 8
18 23 8
18 23 8
18 23 8
18 23 8
18 23 8
18 23 8
18 23 8
18 23 8
18 23 8
18 23 8
18 23 8
18 23 8
18 23 8
18 23 8
18 23 8
18 23 8
18 23 8
117 48 18
117 48 8
117 48 8
117 48 8
117 48 8
117 48 8
117 48 8
117 48 8
117 48 8
117 48 8
117 48 8
117 48 8
117 48 8
117 48 8
117 48 8
117 48 8
117 48 8
117 48 8
117 48 8
117 48 8
117 48 8
117 48 8
117 48 8
117 48 8
117 48 8
117 48 8
117 48 8
117 48 8
117 48 8
117 48 8
117 48 8
117 48 8
117 48 8
117 48 8
117 48 8
117 48 8
117 48 8
117 48 8
117 48 8
117 48 8
117 48 8
117 48 8
117 48 8
117 48 8
117 48 8
117 48 8
117 48 8
117 48 8
117 48 8
117 48 8
117 48 8
117 48 8
117 48 8
117 48 8
117 48 8
72 178 18
72 178 8
141 48 18
141 48 8
141 48 8
141 48 8
141 48 8
141 48 8
141 48 8
141 48 8
141 48 8
141 48 8
141 48 8
141 48 8
141 48 8
141 48 8
141 48 8
141 48 8
141 48 8
141 48 8
141 48 8
141 48 8
141 48 8
141 48 8
141 48 8
141 48 8
141 48 8
141 48 8
141 48 8
141 48 8
141 48 8
141 48 8
141 48 8
141 48 8
141 48 8
141 48 8
141 48 8
141 48 8
141 48 8
141 48 8
141 48 8
141 48 8
141 48 8
141 48 8
141 48 8
141 48 8
141 48 8
141 48 8
141 48 8
129 54 18
129 54 8
129 54 8
129 54 8
129 54 8
129 54 8
129 54 8
129 54 8
129 54 8
129 54 8
129 54 8
129 54 8
129 54 8
129 54 8
129 54 8
129 54 8
129 54 8
129 54 8
129 54 8
129 54 8
129 54 8
129 54 8
187 21 18
187 21 8
187 21 8
198 14 18
187 8 18
187 8 8
187 8 8
187 8 8
187 8 8
187 8 8
187 8 8
199 1 18
199 1 8
199 1 8
199 1 8
199 1 8
199 1 8
199 1 8
199 1 8
199 1 8
199 1 8
199 1 8
199 1 8
199 1 8
199 1 8
199 1 8
199 1 8
199 1 8
199 1 8
199 1 8
199 1 8
199 1 8
199 1 8
199 1 8
199 1 8
199 1 8
199 1 8
199 1 8
199 1 8
199 1 8
199 1 8
199 1 8
199 1 8
199 1 8
199 1 8
199 1 8
199 1 8
199 1 8
199 1 8
199 1 8
199 1 8
199 1 8
199 1 8
199 1 8
199 1 8
199 1 8
199 1 8
199 1 8
199 1 8
199 1 8
199 1 8
199 1 8
199 1 8
199 1 8
199 1 8
199 1 8
199 1 8
199 1 8
199 1 8
199 1 8
199 1 8
199 1 8
199 1 8
199 1 8
199 1 8
199 1 8
199 1 8
199 1 8
199 1 8
199 1 8
199 1 8
199 1 8
199 1 8
199 1 8
199 1 8
199 1 8
199 1 8
199 1 8
199 1 8
199 1 8
199 1 8
199 1 8
198 53 18
198 53 8
186 60 18
186 60 8
186 60 8
186 60 8
198 66 18
186 73 18
186 73 8
186 73 8
186 73 8
186 73 8
186 73 8
186 73 8
186 73 8
186 73 8
186 73 8
186 73 8
186 73 8
186 73 8
186 73 8
186 73 8
186 73 8
186 73 8
186 73 8
186 73 8
186 73 8
186 73 8
186 73 8
186 73 8
186 73 8
186 73 8
186 73 8
186 73 8
186 73 8
186 73 8
186 73 8
186 73 8
186 73 8
186 73 8
186 73 8
186 73 8
186 73 8
186 73 8
186 73 8
186 73 8
186 73 8
186 73 8
186 73 8
186 73 8
186 73 8
186 73 8
186 73 8
186 73 8
186 73 8
186 73 8
175 66 18
175 66 8
175 66 8
175 66 8
175 66 8
175 66 8
175 66 8
175 66 8
175 66 8
175 66 8
175 66 8
175 66 8
175 66 8
175 66 8
175 66 8
175 66 8
175 66 8
175 66 8
175 66 8
175 66 8
175 66 8
175 66 8
175 66 8
175 66 8
175 66 8
175 66 8
175 66 8
175 66 8
175 66 8
175 66 8
175 66 8
175 66 8
175 66 8
175 66 8
175 66 8
175 66 8
175 66 8
175 66 8
175 66 8
175 66 8
175 66 8
175 66 8
175 66 8
175 66 8
175 66 8
175 66 8
175 66 8
175 66 8
175 66 8
175 66 8
175 66 8
175 66 8
175 66 8
175 66 8
175 66 8
175 66 8
175 66 8
175 66 8
175 66 8
175 66 8
175 66 8
175 66 8
175 66 8
175 66 8
175 66 8
175 66 8
175 66 8
175 66 8
175 66 8
175 66 8
175 66 8
175 66 8
175 66 8
175 66 8
175 66 8
128 66 18
128 66 8
128 66 8
128 66 8
128 66 8
128 66 8
128 66 8
128 66 8
128 66 8
128 66 8
128 66 8
128 66 8
128 66 8
128 66 8
128 66 8
128 66 8
128 66 8
128 66 8
128 66 8
128 66 8
198 80 18
198 80 8
198 80 8
198 80 8
198 80 8
198 80 8
198 80 8
198 80 8
198 80 8
198 80 8
198 80 8
198 80 8
198 80 8
198 80 8
198 80 8
198 80 8
198 93 18
187 99 18
186 86 18
186 86 8
31 2 18
31 2 8
31 2 8
31 2 8
31 2 8
31 2 8
31 2 8
31 2 8
31 2 8
31 2 8
31 2 8
31 2 8
31 2 8
31 2 8
31 2 8
31 2 8
31 2 8
31 2 8
31 2 8
31 2 8
31 2 8
31 2 8
31 2 8
31 2 8
31 2 8
31 2 8
31 2 8
31 2 8
31 2 8
31 2 8
31 2 8
31 2 8
31 2 8
83 127 18
83 127 8
83 127 8
83 127 8
83 127 8
83 127 8
83 127 8
83 127 8
83 127 8
83 127 8
83 127 8
83 127 8
83 127 8
83 127 8
83 127 8
83 127 8
83 127 8
83 127 8
83 127 8
83 127 8
83 127 8
83 127 8
83 127 8
83 127 8
83 127 8
83 127 8
83 127 8
83 127 8
83 127 8
83 127 8
83 127 8
83 127 8
83 127 8
83 127 8
83 127 8
175 92 18
175 92 8
175 92 8
175 92 8
175 92 8
175 92 8
175 92 8
175 92 8
175 92 8
175 92 8
58 171 18
58 171 8
58 171 8
58 171 8
58 171 8
58 171 8
58 171 8
58 171 8
58 171 8
58 171 8
58 171 8
58 171 8
58 171 8
58 171 8
58 171 8
58 171 8
58 171 8
58 171 8
58 171 8
58 171 8
58 171 8
58 171 8
58 171 8
58 171 8
58 171 8
58 171 8
58 171 8
58 171 8
58 171 8
58 171 8
58 171 8
58 171 8
58 171 8
58 171 8
58 171 8
58 171 8
58 171 8
58 171 8
58 171 8
58 171 8
58 171 8
58 171 8
58 171 8
58 171 8
58 171 8
58 171 8
58 171 8
58 171 8
58 171 8
58 171 8
58 171 8
58 171 8
58 171 8
58 171 8
58 171 8
58 171 8
58 171 8
58 171 8
58 171 8
58 171 8
58 171 8
58 171 8
58 171 8
58 171 8
58 171 8
85 184 18
118 23 18
118 23 8
118 23 8
118 23 8
118 23 8
71 192 18
71 192 8
71 192 8
71 192 8
71 192 8
71 192 8
71 192 8
71 192 8
71 192 8
71 192 8
71 192 8
71 192 8
71 192 8
71 192 8
71 192 8
71 192 8
71 192 8
71 192 8
71 192 8
71 192 8
90 86 18
90 86 8
90 86 8
90 86 8
90 86 8
90 86 8
90 86 8
78 92 18
78 92 8
175 106 18
175 106 8
175 106 8
175 106 8
175 106 8
175 106 8
175 106 8
164 99 18
164 99 8
164 99 8
164 99 8
164 99 8
164 99 8
164 99 8
164 99 8
164 99 8
164 99 8
164 99 8
164 99 8
164 99 8
164 99 8
164 99 8
164 99 8
164 99 8
164 99 8
164 99 8
164 99 8
164 99 8
164 99 8
164 99 8
164 99 8
164 99 8
164 99 8
164 99 8
164 99 8
164 99 8
164 99 8
164 99 8
164 99 8
164 99 8
164 99 8
164 99 8
164 99 8
164 99 8
164 99 8
164 99 8
164 99 8
164 99 8
164 99 8
164 99 8
164 99 8
164 99 8
164 99 8
164 99 8
164 99 8
164 99 8
164 99 8
164 99 8
164 99 8
164 99 8
164 99 8
164 99 8
164 99 8
164 99 8
164 99 8
164 99 8
164 99 8
164 99 8
164 99 8
164 99 8
164 99 8
164 99 8
164 99 8
164 99 8
164 99 8
164 99 8
164 99 8
164 99 8
164 99 8
176 119 18
187 112 18
187 126 18
187 126 8
199 106 18
199 119 18
199 119 8
199 119 8
199 119 8
199 119 8
199 119 8
199 119 8
199 119 8
199 119 8
199 119 8
176 132 18
176 132 8
176 132 8
176 132 8
176 132 8
176 132 8
176 132 8
176 132 8
176 132 8
176 132 8
176 132 8
165 125 18
165 125 8
165 125 8
165 125 8
165 125 8
165 125 8
165 125 8
165 125 8
165 125 8
165 125 8
165 125 8
165 125 8
165 125 8
165 125 8
165 125 8
165 125 8
165 125 8
165 125 8
165 125 8
165 125 8
165 125 8
165 125 8
165 125 8
165 125 8
165 125 8
165 125 8
165 125 8
165 125 8
165 125 8
165 125 8
165 125 8
165 125 8
165 125 8
165 125 8
165 125 8
165 125 8
165 125 8
165 125 8
165 125 8
165 125 8
165 125 8
165 125 8
165 125 8
165 125 8
165 125 8
165 125 8
165 125 8
165 125 8
165 125 8
165 125 8
165 125 8
165 125 8
165 125 8
165 125 8
165 125 8
165 125 8
165 125 8
165 125 8
165 125 8
165 125 8
165 125 8
165 125 8
165 125 8
165 125 8
165 125 8
165 125 8
165 125 8
165 125 8
165 125 8
165 125 8
165 125 8
165 125 8
165 125 8
165 125 8
165 125 8
165 125 8
165 125 8
165 125 8
165 125 8
165 125 8
165 125 8
188 139 18
188 139 8
188 139 8
188 139 8
188 139 8
188 139 8
188 139 8
188 139 8
188 139 8
188 139 8
176 145 18
188 152 18
188 152 8
188 152 8
188 152 8
188 152 8
177 159 18
177 159 8
177 159 8
177 159 8
177 159 8
177 159 8
177 159 8
177 159 8
177 159 8
177 159 8
177 159 8
177 159 8
177 159 8
177 159 8
177 159 8
177 159 8
177 159 8
199 133 18
199 133 8
199 133 8
199 133 8
199 133 8
199 146 18
199 146 8
199 146 8
199 146 8
199 146 8
199 146 8
199 146 8
199 146 8
199 146 8
199 146 8
199 146 8
199 146 8
199 146 8
199 146 8
199 146 8
199 146 8
199 146 8
199 146 8
199 146 8
199 146 8
199 146 8
199 146 8
199 146 8
199 146 8
199 146 8
199 146 8
199 146 8
199 146 8
199 146 8
199 146 8
199 146 8
199 146 8
199 146 8
199 146 8
199 146 8
199 146 8
199 146 8
199 146 8
199 146 8
199 146 8
199 146 8
199 146 8
199 146 8
199 146 8
199 146 8
199 146 8
199 146 8
188 166 18
188 166 8
188 166 8
188 166 8
188 166 8
188 166 8
188 166 8
199 159 18
199 159 8
199 159 8
199 159 8
199 159 8
199 159 8
199 159 8
199 159 8
199 159 8
199 159 8
199 159 8
199 159 8
199 159 8
199 159 8
199 159 8
199 159 8
199 159 8
199 159 8
199 159 8
199 159 8
199 159 8
199 159 8
199 159 8
199 159 8
199 159 8
199 159 8
199 159 8
199 159 8
199 159 8
199 159 8
199 159 8
199 159 8
199 159 8
199 159 8
199 159 8
199 159 8
199 159 8
199 159 8
199 159 8
199 159 8
199 159 8
199 159 8
199 172 18
199 172 8
199 172 8
199 172 8
199 172 8
199 172 8
199 172 8
199 172 8
199 172 8
199 172 8
199 172 8
199 172 8
199 172 8
199 172 8
188 179 18
188 179 8
188 179 8
188 179 8
188 179 8
188 179 8
199 186 18
199 186 8
199 186 8
199 186 8
199 186 8
199 186 8
199 186 8
199 186 8
199 186 8
199 186 8
199 186 8
199 186 8
199 186 8
199 186 8
199 186 8
199 186 8
199 186 8
199 186 8
199 186 8
199 186 8
199 186 8
199 186 8
199 186 8
199 186 8
199 186 8
199 186 8
199 186 8
199 186 8
199 186 8
199 186 8
199 186 8
199 186 8
199 186 8
199 186 8
199 186 8
199 186 8
199 186 8
199 186 8
199 186 8
199 186 8
199 186 8
199 186 8
199 186 8
199 186 8
199 186 8
199 186 8
199 186 8
199 186 8
199 186 8
199 186 8
199 186 8
199 186 8
199 186 8
199 186 8
199 186 8
199 186 8
199 186 8
199 186 8
199 186 8
199 186 8
199 186 8
199 186 8
199 186 8
199 186 8
199 186 8
199 186 8
199 186 8
199 186 8
199 186 8
199 186 8
199 186 8
199 186 8
177 172 18
177 172 8
177 172 8
177 172 8
177 185 18
177 185 8
166 179 18
166 179 8
166 179 8
166 179 8
166 179 8
166 179 8
166 179 8
166 179 8
166 179 8
166 179 8
166 179 8
166 179 8
166 165 18
166 165 8
166 165 8
166 165 8
166 165 8
166 165 8
166 165 8
166 165 8
166 165 8
166 165 8
166 165 8
166 165 8
166 165 8
166 165 8
166 165 8
166 165 8
166 165 8
166 165 8
166 165 8
166 165 8
166 165 8
166 165 8
166 165 8
166 165 8
166 165 8
166 165 8
166 165 8
166 165 8
166 165 8
166 165 8
166 165 8
166 165 8
166 165 8
166 165 8
166 165 8
166 165 8
166 165 8
166 165 8
166 165 8
166 165 8
166 165 8
166 165 8
166 165 8
166 165 8
166 165 8
166 165 8
166 165 8
166 165 8
166 165 8
166 165 8
166 165 8
166 165 8
166 165 8
166 165 8
166 165 8
166 165 8
166 165 8
166 165 8
166 165 8
166 165 8
166 165 8
166 165 8
166 165 8
166 165 8
166 165 8
166 165 8
166 165 8
166 165 8
166 165 8
166 165 8
166 165 8
166 165 8
166 165 8
165 192 18
165 192 8
165 192 8
165 192 8
165 192 8
165 192 8
165 192 8
165 192 8
165 192 8
165 192 8
165 192 8
165 192 8
165 192 8
165 192 8
165 192 8
165 192 8
165 192 8
165 192 8
165 192 8
165 192 8
165 192 8
165 192 8
165 192 8
165 192 8
165 192 8
165 192 8
165 192 8
165 192 8
165 192 8
165 192 8
165 192 8
165 192 8
165 192 8
165 192 8
165 192 8
165 192 8
165 192 8
165 192 8
165 192 8
165 192 8
165 192 8
165 192 8
165 192 8
165 192 8
165 192 8
165 192 8
165 192 8
165 192 8
165 192 8
165 192 8
165 192 8
165 192 8
165 192 8
165 192 8
165 192 8
165 192 8
165 192 8
165 192 8
165 192 8
77 80 18
77 80 8
77 80 8
77 80 8
77 80 8
77 80 8
77 80 8
77 80 8
77 80 8
77 80 8
77 80 8
77 80 8
77 80 8
77 80 8
77 80 8
77 80 8
153 42 18
153 42 8
153 42 8
153 42 8
153 42 8
153 42 8
153 42 8
153 42 8
153 42 8
153 42 8
153 42 8
153 42 8
153 42 8
153 42 8
153 42 8
153 42 8
153 42 8
153 42 8
153 42 8
153 42 8
153 42 8
153 42 8
153 42 8
153 42 8
153 42 8
153 42 8
153 42 8
153 42 8
153 42 8
153 42 8
153 42 8
153 42 8
153 42 8
153 42 8
153 42 8
153 42 8
153 42 8
153 42 8
153 42 8
153 42 8
153 42 8
153 42 8
153 42 8
153 42 8
153 42 8
153 42 8
153 42 8
153 42 8
153 42 8
153 42 8
153 42 8
153 42 8
153 42 8
153 42 8
153 42 8
153 42 8
153 42 8
153 42 8
153 42 8
153 42 8
153 42 8
153 42 8
153 42 8
153 42 8
153 42 8
153 42 8
153 42 8
153 42 8
153 42 8
153 42 8
153 42 8
153 42 8
153 42 8
153 42 8
153 42 8
153 42 8
153 42 8
55 116 18
57 128 18
57 128 8
57 128 8
57 128 8
57 128 8
57 128 8
57 128 8
57 128 8
57 128 8
57 128 8
57 128 8
57 128 8
57 128 8
57 128 8
57 128 8
57 128 8
57 128 8
57 128 8
57 128 8
57 128 8
57 128 8
57 128 8
57 128 8
57 128 8
57 128 8
57 128 8
57 128 8
57 128 8
57 128 8
57 128 8
57 128 8
57 128 8
57 128 8
57 128 8
57 128 8
57 128 8
57 128 8
57 128 8
57 128 8
57 128 8
155 185 18
155 185 8
155 185 8
155 185 8
155 185 8
155 185 8
155 185 8
155 185 8
155 185 8
155 185 8
144 178 18
144 178 8
144 178 8
144 178 8
144 178 8
144 178 8
144 178 8
144 178 8
144 178 8
144 178 8
144 178 8
144 178 8
144 178 8
144 178 8
144 178 8
144 178 8
144 178 8
144 191 18
133 184 18
133 184 8
133 184 8
133 184 8
133 184 8
133 184 8
133 184 8
133 184 8
133 184 8
133 184 8
133 184 8
133 184 8
133 184 8
133 184 8
133 184 8
133 184 8
133 184 8
133 184 8
133 184 8
133 184 8
133 184 8
133 184 8
133 184 8
133 184 8
133 184 8
133 184 8
133 184 8
133 184 8
133 184 8
133 184 8
133 184 8
133 184 8
133 184 8
133 184 8
133 184 8
133 184 8
133 184 8
133 184 8
133 184 8
133 184 8
133 184 8
133 184 8
133 184 8
133 184 8
133 184 8
133 184 8
133 184 8
133 184 8
133 184 8
133 184 8
133 184 8
133 184 8
133 184 8
133 184 8
133 184 8
133 184 8
154 198 18
154 198 8
154 198 8
154 198 8
154 198 8
154 198 8
154 198 8
91 97 18
91 97 8
91 97 8
91 97 8
91 97 8
91 97 8
91 97 8
91 97 8
91 97 8
91 97 8
91 97 8
91 97 8
91 97 8
91 97 8
91 97 8
91 97 8
91 97 8
91 97 8
91 97 8
91 97 8
91 97 8
91 97 8
91 97 8
91 97 8
91 97 8
91 97 8
91 97 8
91 97 8
91 97 8
91 97 8
91 97 8
91 97 8
91 97 8
91 97 8
91 97 8
91 97 8
91 97 8
91 97 8
91 97 8
91 97 8
91 97 8
91 97 8
91 97 8
91 97 8
91 97 8
91 97 8
155 172 18
155 172 8
155 172 8
155 172 8
155 172 8
155 172 8
155 172 8
155 172 8
155 172 8
155 172 8
155 172 8
144 164 18
133 170 18
133 170 8
133 170 8
133 170 8
133 170 8
133 170 8
133 170 8
133 170 8
133 170 8
133 170 8
133 170 8
133 170 8
133 170 8
133 170 8
133 170 8
122 163 18
122 163 8
122 163 8
122 163 8
122 163 8
122 163 8
122 163 8
122 163 8
122 163 8
122 163 8
122 163 8
122 163 8
122 163 8
122 163 8
122 163 8
122 163 8
122 163 8
122 163 8
122 163 8
122 163 8
122 163 8
122 163 8
122 163 8
122 163 8
122 163 8
122 163 8
122 163 8
122 163 8
122 163 8
122 163 8
122 163 8
122 163 8
122 163 8
122 163 8
122 163 8
122 163 8
122 163 8
122 163 8
122 163 8
122 163 8
115 85 15
114 85 15
114 86 15
113 86 15
112 86 15
111 86 15
110 86 15
109 86 15
108 86 15
107 86 15
106 86 15
105 86 15
104 86 15
103 86 15
102 86 15
101 86 15
100 86 15
99 86 15
98 86 15
97 86 20
96 86 35
95 86 47
94 86 56
93 86 62
92 86 65
91 86 65
89 86 58
89 86 7
89 86 7
89 86 7
89 86 7
89 86 7
88 86 51
88 86 7
88 86 7
88 86 7
88 86 7
88 86 7
88 86 7
88 86 7
88 86 7
88 86 7
88 86 7
88 86 7
87 86 43
87 86 7
87 86 7
87 86 7
87 86 7
87 86 7
87 86 7
87 86 7
87 86 7
87 86 7
87 86 7
87 86 7
87 86 7
87 86 7
87 86 7
87 86 7
87 86 7
86 86 34
86 86 7
86 86 7
86 86 7
86 86 7
86 86 7
86 86 7
86 86 7
86 86 7
86 86 7
86 86 7
86 86 7
86 86 7
86 86 7
86 86 7
86 86 7
86 86 7
86 86 7
86 86 7
86 86 7
86 86 7
85 86 24
85 86 7
85 86 7
85 86 7
85 86 7
85 86 7
85 86 7
85 86 7
85 86 7
85 86 7
85 86 7
85 86 7
85 86 7
85 86 7
85 86 7
85 86 7
85 86 7
85 86 7
85 86 7
85 86 7
85 86 7
85 86 7
85 86 7
85 86 7
85 86 7
84 86 15
84 86 7
84 86 7
84 86 7
84 86 7
84 86 7
84 86 7
84 86 7
84 86 7
84 86 7
84 86 7
84 86 7
84 86 7
84 86 7
84 86 7
84 86 7
84 86 7
84 86 7
84 86 7
84 86 7
84 86 7
84 86 7
84 86 7
84 86 7
84 86 7
84 86 7
84 86 7
83 86 15
83 86 7
83 86 7
83 86 7
83 86 7
83 86 7
83 86 7
83 86 7
83 86 7
83 86 7
83 86 7
83 86 7
83 86 7
83 86 7
83 86 7
83 86 7
83 86 7
83 86 7
83 86 7
83 86 7
83 86 7
83 86 7
83 86 7
83 86 7
83 86 7
83 86 7
83 86 7
82 86 15
82 86 7
82 86 7
82 86 7
82 86 7
82 86 7
82 86 7
82 86 7
82 86 7
82 86 7
82 86 7
82 86 7
82 86 7
82 86 7
82 86 7
82 86 7
82 86 7
82 86 7
82 86 7
82 86 7
82 86 7
82 86 7
82 86 7
82 86 7
82 86 7
82 86 7
82 87 15
82 87 7
82 87 7
82 87 7
82 87 7
82 87 7
82 87 7
82 87 7
82 87 7
82 87 7
82 87 7
82 87 7
82 87 7
82 87 7
82 87 7
82 87 7
82 87 7
82 87 7
82 87 7
82 87 7
81 87 15
81 87 7
81 87 7
81 87 7
81 87 7
81 87 7
81 87 7
81 87 7
81 87 7
81 87 7
81 87 7
81 87 7
81 87 7
81 87 7
81 87 7
81 87 7
81 87 7
81 87 7
80 87 15
80 87 7
80 87 7
80 87 7
80 87 7
80 87 7
80 87 7
80 87 7
80 87 7
80 87 7
80 87 7
80 87 7
80 87 7
80 87 7
79 87 15
79 87 7
79 87 7
79 87 7
79 87 7
79 87 7
79 87 7
79 87 7
79 87 7
79 87 7
79 87 7
78 87 15
78 87 7
78 87 7
78 87 7
78 87 7
78 87 7
78 87 7
77 87 15
77 87 7
77 87 7
77 87 7
77 87 7
76 87 15
76 87 7
76 87 7
75 87 15
75 87 7
74 87 15
73 87 15
72 87 15
71 87 15
70 87 15
69 87 15
68 87 15
67 87 15
66 87 15
65 87 15
70 133 22
70 133 7
70 133 7
70 133 7
70 132 15
70 132 7
70 132 7
70 132 7
70 132 7
70 131 15
70 131 7
70 131 7
70 131 7
70 130 15
70 130 7
70 130 7
70 130 7
70 129 15
70 129 7
70 129 7
70 129 7
70 128 15
70 128 7
70 128 7
70 128 7
70 127 15
70 127 7
70 127 7
70 127 7
69 127 21
69 127 7
69 127 7
69 126 28
69 126 7
68 126 34
68 125 38
67 125 43
67 124 44
67 123 47
66 123 45
66 122 45
65 122 41
65 121 38
64 121 33
64 120 26
64 120 7
63 120 20
63 120 7
63 119 15
63 119 7
63 119 7
63 118 15
63 118 7
63 118 7
63 118 7
63 117 15
63 117 7
63 117 7
63 117 7
62 117 15
62 117 7
62 117 7
62 116 15
62 116 7
62 116 7
62 115 15
62 115 7
62 115 7
62 114 15
62 114 7
62 114 7
62 113 15
62 113 7
62 113 7
62 112 15
62 112 7
62 112 7
62 111 15
62 111 7
62 111 7
62 110 15
62 110 7
62 110 7
62 109 15
62 109 7
62 108 15
62 108 7
62 107 15
62 107 7
62 106 15
62 106 7
62 105 15
62 104 15
62 103 15
62 102 15
62 101 15
62 100 15
63 100 15
63 99 15
64 99 15
64 98 15
64 97 15
64 96 15
64 95 15
64 94 15
64 93 15
64 92 15
64 91 15
64 90 15
64 89 15
64 88 15
86 169 15
86 168 15
86 167 15
87 167 15
87 166 15
87 165 15
87 164 15
87 163 15
87 162 15
87 161 15
87 160 15
87 159 15
87 158 15
87 157 15
87 156 15
87 155 15
87 155 7
87 154 15
87 154 7
87 153 15
87 153 7
87 152 15
87 152 7
86 152 17
86 152 7
86 152 7
86 151 21
86 151 7
86 151 7
86 150 25
86 150 7
86 150 7
86 150 7
85 150 30
85 150 7
85 150 7
85 150 7
85 150 7
85 149 31
85 149 7
85 149 7
85 149 7
85 149 7
85 149 7
85 148 33
85 148 7
85 148 7
85 148 7
85 148 7
85 148 7
85 148 7
85 147 36
85 147 7
85 147 7
85 147 7
85 147 7
85 147 7
85 147 7
85 147 7
84 147 36
84 147 7
84 147 7
84 147 7
84 147 7
84 147 7
84 147 7
84 147 7
84 146 35
84 146 7
84 146 7
84 146 7
84 146 7
84 146 7
84 146 7
84 146 7
84 146 7
84 145 34
84 145 7
84 145 7
84 145 7
84 145 7
84 145 7
84 145 7
84 145 7
84 145 7
83 145 31
83 145 7
83 145 7
83 145 7
83 145 7
83 145 7
83 145 7
83 145 7
83 144 27
83 144 7
83 144 7
83 144 7
83 144 7
83 144 7
83 144 7
83 144 7
83 143 24
83 143 7
83 143 7
83 143 7
83 143 7
83 143 7
83 143 7
82 143 19
82 143 7
82 143 7
82 143 7
82 143 7
82 143 7
82 142 15
82 142 7
82 142 7
82 142 7
82 142 7
82 142 7
82 141 15
82 141 7
82 141 7
82 141 7
82 140 15
82 140 7
82 140 7
82 140 7
82 139 15
82 139 7
82 139 7
82 138 15
82 138 7
81 138 15
81 138 7
81 137 15
81 137 7
81 136 15
81 136 7
81 135 15
81 135 7
80 135 15
80 135 7
80 134 15
80 134 7
79 134 15
79 134 7
78 134 15
78 134 7
77 134 15
77 134 7
77 134 7
76 134 15
76 134 7
76 134 7
75 134 15
75 134 7
75 134 7
75 134 7
74 134 15
74 134 7
74 134 7
74 134 7
73 134 15
73 134 7
73 134 7
73 134 7
72 134 15
72 134 7
72 134 7
72 134 7
71 134 15
71 134 7
71 134 7
71 134 7
71 134 7
86 170 15
87 170 15
88 170 15
89 170 15
90 170 15
91 170 15
92 170 15
92 171 15
92 172 15
93 172 15
93 173 15
93 174 15
93 175 15
94 175 15
95 175 15
96 175 15
96 176 15
97 176 15
98 176 15
177 173 15
177 173 7
177 173 7
177 173 7
177 174 15
177 174 7
177 174 7
177 175 15
177 175 7
177 175 7
176 175 15
176 175 7
176 175 7
176 176 15
176 176 7
176 176 7
176 177 15
176 177 7
176 177 7
175 177 15
175 177 7
175 177 7
175 178 15
175 178 7
175 178 7
175 179 15
175 179 7
175 179 7
174 179 15
174 179 7
174 179 7
173 179 15
173 179 7
173 179 7
173 179 7
172 179 15
172 179 7
172 179 7
172 179 7
172 179 7
171 179 15
171 179 7
171 179 7
171 179 7
171 179 7
171 179 7
170 179 31
170 179 7
170 179 7
170 179 7
170 179 7
169 179 53
169 179 7
169 179 7
168 179 73
168 179 7
167 179 89
167 179 7
165 179 112
164 179 117
164 179 7
163 179 118
163 179 7
162 179 116
161 179 110
160 179 101
159 179 91
158 179 79
157 179 68
156 179 56
155 179 47
155 179 7
154 179 40
154 179 7
154 179 7
154 178 34
154 178 7
154 178 7
153 178 29
153 178 7
153 178 7
153 178 7
153 177 23
153 177 7
153 177 7
153 177 7
153 177 7
152 177 19
152 177 7
152 177 7
152 177 7
152 177 7
152 177 7
152 176 15
152 176 7
152 176 7
152 176 7
152 176 7
152 176 7
152 175 15
152 175 7
152 175 7
152 175 7
152 175 7
152 175 7
152 174 15
152 174 7
152 174 7
152 174 7
152 174 7
152 174 7
151 174 15
151 174 7
151 174 7
151 174 7
151 174 7
151 173 15
151 173 7
151 173 7
151 173 7
151 173 7
151 172 15
151 172 7
151 172 7
151 172 7
151 171 15
151 171 7
151 171 7
151 171 7
150 171 15
150 171 7
150 171 7
149 171 15
149 171 7
148 171 15
148 171 7
147 171 15
147 171 7
147 170 15
147 169 15
146 169 15
145 169 15
144 169 15
143 169 15
142 169 15
142 169 7
141 169 15
141 169 7
140 169 15
140 169 7
140 169 7
139 169 15
139 169 7
139 169 7
138 169 22
138 169 7
138 169 7
137 169 38
136 169 55
135 169 72
134 169 89
133 169 105
132 169 121
132 169 7
132 169 7
132 169 7
131 169 137
131 169 7
131 169 7
131 169 7
131 169 7
131 169 7
131 169 7
131 169 7
131 169 7
131 169 7
131 169 7
131 169 7
130 169 153
130 169 7
130 169 7
130 169 7
130 169 7
130 169 7
130 169 7
130 169 7
130 169 7
130 169 7
130 169 7
130 169 7
130 169 7
130 169 7
130 169 7
130 169 7
130 169 7
130 169 7
130 169 7
130 169 7
130 169 7
130 169 7
130 169 7
130 169 7
130 169 7
130 169 7
129 169 167
129 169 7
129 169 7
129 169 7
129 169 7
129 169 7
129 169 7
129 169 7
129 169 7
129 169 7
129 169 7
129 169 7
129 169 7
129 169 7
129 169 7
129 169 7
129 169 7
129 169 7
129 169 7
129 169 7
129 169 7
129 169 7
129 169 7
129 169 7
129 169 7
129 169 7
129 169 7
129 169 7
129 169 7
129 169 7
129 169 7
129 169 7
129 169 7
129 169 7
129 169 7
129 169 7
129 169 7
129 169 7
129 169 7
129 169 7
129 169 7
129 169 7
129 169 7
129 169 7
129 169 7
129 169 7
129 169 7
128 169 181
128 169 7
128 169 7
128 169 7
128 169 7
128 169 7
128 169 7
128 169 7
128 169 7
128 169 7
128 169 7
128 169 7
128 169 7
128 169 7
128 169 7
128 169 7
128 169 7
128 169 7
128 169 7
128 169 7
128 169 7
128 169 7
128 169 7
128 169 7
128 169 7
128 169 7
128 169 7
128 169 7
128 169 7
128 169 7
128 169 7
128 169 7
128 169 7
128 169 7
128 169 7
128 169 7
128 169 7
128 169 7
128 169 7
128 169 7
128 169 7
128 169 7
128 169 7
128 169 7
128 169 7
128 169 7
128 169 7
128 169 7
128 169 7
128 169 7
128 169 7
128 169 7
128 169 7
128 169 7
128 169 7
128 169 7
128 169 7
128 169 7
128 169 7
128 169 7
128 169 7
128 169 7
128 169 7
128 169 7
128 169 7
128 169 7
128 169 7
128 169 7
128 169 7
128 169 7
128 169 7
128 169 7
128 169 7
128 169 7
128 169 7
128 169 7
128 169 7
127 169 194
127 169 7
127 169 7
127 169 7
127 169 7
127 169 7
127 169 7
127 169 7
127 169 7
127 169 7
127 169 7
127 169 7
127 169 7
127 169 7
127 169 7
127 169 7
127 169 7
127 169 7
127 169 7
127 169 7
127 169 7
127 169 7
127 169 7
127 169 7
127 169 7
127 169 7
127 169 7
127 169 7
127 169 7
127 169 7
127 169 7
127 169 7
127 169 7
127 169 7
127 169 7
127 169 7
127 169 7
127 169 7
127 169 7
127 169 7
127 169 7
127 169 7
127 169 7
127 169 7
127 169 7
127 169 7
127 169 7
127 169 7
127 169 7
127 169 7
127 169 7
127 169 7
127 169 7
127 169 7
127 169 7
127 169 7
127 169 7
127 169 7
127 169 7
127 169 7
127 169 7
127 169 7
127 169 7
127 169 7
127 169 7
127 169 7
127 169 7
127 169 7
127 169 7
127 169 7
127 169 7
127 169 7
127 169 7
127 169 7
127 169 7
127 169 7
127 169 7
127 169 7
127 169 7
127 169 7
127 169 7
127 169 7
127 169 7
127 169 7
127 169 7
127 169 7
127 169 7
127 169 7
127 169 7
127 169 7
127 169 7
127 169 7
127 169 7
127 169 7
127 169 7
127 169 7
127 169 7
127 169 7
127 169 7
127 169 7
127 169 7
127 169 7
127 169 7
127 169 7
127 169 7
127 169 7
127 169 7
127 169 7
127 169 7
127 169 7
127 169 7
127 169 7
127 169 7
127 169 7
126 169 207
126 169 7
126 169 7
126 169 7
126 169 7
126 169 7
126 169 7
126 169 7
126 169 7
126 169 7
126 169 7
126 169 7
126 169 7
126 169 7
126 169 7
126 169 7
126 169 7
126 169 7
126 169 7
126 169 7
126 169 7
126 169 7
126 169 7
126 169 7
126 169 7
126 169 7
126 169 7
126 169 7
126 169 7
126 169 7
126 169 7
126 169 7
126 169 7
126 169 7
126 169 7
126 169 7
126 169 7
126 169 7
126 169 7
126 169 7
126 169 7
126 169 7
126 169 7
126 169 7
126 169 7
126 169 7
126 169 7
126 169 7
126 169 7
126 169 7
126 169 7
126 169 7
126 169 7
126 169 7
126 169 7
126 169 7
126 169 7
126 169 7
126 169 7
126 169 7
126 169 7
126 169 7
126 169 7
126 169 7
126 169 7
126 169 7
126 169 7
126 169 7
126 169 7
126 169 7
126 169 7
126 169 7
126 169 7
126 169 7
126 169 7
126 169 7
126 169 7
126 169 7
126 169 7
126 169 7
126 169 7
126 169 7
126 169 7
126 169 7
126 169 7
126 169 7
126 169 7
126 169 7
126 169 7
126 169 7
126 169 7
126 169 7
126 169 7
126 169 7
126 169 7
126 169 7
126 169 7
126 169 7
126 169 7
126 169 7
126 169 7
126 169 7
126 169 7
126 169 7
126 169 7
126 169 7
126 169 7
126 169 7
126 169 7
126 169 7
126 169 7
126 169 7
126 169 7
126 169 7
126 169 7
126 169 7
126 169 7
126 169 7
126 169 7
126 169 7
126 169 7
126 169 7
126 169 7
126 169 7
126 169 7
126 169 7
126 169 7
126 169 7
126 169 7
126 169 7
126 169 7
126 169 7
126 169 7
126 169 7
126 169 7
126 169 7
126 169 7
126 169 7
126 169 7
126 169 7
126 169 7
126 169 7
126 169 7
126 169 7
126 169 7
126 169 7
126 169 7
126 169 7
126 169 7
126 169 7
126 169 7
126 169 7
126 169 7
126 169 7
126 169 7
126 169 7
126 169 7
125 169 218
125 169 7
125 169 7
125 169 7
125 169 7
125 169 7
125 169 7
125 169 7
125 169 7
125 169 7
125 169 7
125 169 7
125 169 7
125 169 7
125 169 7
125 169 7
125 169 7
125 169 7
125 169 7
125 169 7
125 169 7
125 169 7
125 169 7
125 169 7
125 169 7
125 169 7
125 169 7
125 169 7
125 169 7
125 169 7
125 169 7
125 169 7
125 169 7
125 169 7
125 169 7
125 169 7
125 169 7
125 169 7
125 169 7
125 169 7
125 169 7
125 169 7
125 169 7
125 169 7
125 169 7
125 169 7
125 169 7
125 169 7
125 169 7
125 169 7
125 169 7
125 169 7
125 169 7
125 169 7
125 169 7
125 169 7
125 169 7
125 169 7
125 169 7
125 169 7
125 169 7
125 169 7
125 169 7
125 169 7
125 169 7
125 169 7
125 169 7
125 169 7
125 169 7
125 169 7
125 169 7
125 169 7
125 169 7
125 169 7
125 169 7
125 169 7
125 169 7
125 169 7
125 169 7
125 169 7
125 169 7
125 169 7
125 169 7
125 169 7
125 169 7
125 169 7
125 169 7
125 169 7
125 169 7
125 169 7
125 169 7
125 169 7
125 169 7
125 169 7
125 169 7
125 169 7
125 169 7
125 169 7
125 169 7
125 169 7
125 169 7
125 169 7
125 169 7
125 169 7
125 169 7
125 169 7
125 169 7
125 169 7
125 169 7
125 169 7
125 169 7
125 169 7
125 169 7
125 169 7
125 169 7
125 169 7
125 169 7
125 169 7
125 169 7
125 169 7
125 169 7
125 169 7
125 169 7
125 169 7
125 169 7
125 169 7
125 169 7
125 169 7
125 169 7
125 169 7
125 169 7
125 169 7
125 169 7
125 169 7
125 169 7
125 169 7
125 169 7
125 169 7
125 169 7
125 169 7
125 169 7
125 169 7
125 169 7
125 169 7
125 169 7
125 169 7
125 169 7
125 169 7
125 169 7
125 169 7
125 169 7
125 169 7
125 169 7
125 169 7
125 169 7
125 169 7
125 169 7
125 169 7
125 169 7
125 169 7
125 169 7
125 169 7
125 169 7
125 169 7
125 169 7
125 169 7
125 169 7
125 169 7
125 169 7
125 169 7
125 169 7
125 169 7
125 169 7
125 169 7
125 169 7
125 169 7
125 169 7
125 169 7
125 169 7
125 169 7
125 169 7
125 169 7
125 169 7
125 169 7
125 169 7
125 169 7
125 169 7
125 169 7
125 169 7
125 169 7
125 169 7
125 169 7
125 169 7
125 169 7
125 169 7
125 169 7
125 169 7
125 169 7
125 169 7
125 169 7
124 169 227
124 169 7
124 169 7
124 169 7
124 169 7
124 169 7
124 169 7
124 169 7
124 169 7
124 169 7
124 169 7
124 169 7
124 169 7
124 169 7
124 169 7
124 169 7
124 169 7
124 169 7
124 169 7
124 169 7
124 169 7
124 169 7
124 169 7
124 169 7
124 169 7
124 169 7
124 169 7
124 169 7
124 169 7
124 169 7
124 169 7
124 169 7
124 169 7
124 169 7
124 169 7
124 169 7
124 169 7
124 169 7
124 169 7
124 169 7
124 169 7
124 169 7
124 169 7
124 169 7
124 169 7
124 169 7
124 169 7
124 169 7
124 169 7
124 169 7
124 169 7
124 169 7
124 169 7
124 169 7
124 169 7
124 169 7
124 169 7
124 169 7
124 169 7
124 169 7
124 169 7
124 169 7
124 169 7
124 169 7
124 169 7
124 169 7
124 169 7
124 169 7
124 169 7
124 169 7
124 169 7
124 169 7
124 169 7
124 169 7
124 169 7
124 169 7
124 169 7
124 169 7
124 169 7
124 169 7
124 169 7
124 169 7
124 169 7
124 169 7
124 169 7
124 169 7
124 169 7
124 169 7
124 169 7
124 169 7
124 169 7
124 169 7
124 169 7
124 169 7
124 169 7
124 169 7
124 169 7
124 169 7
124 169 7
124 169 7
124 169 7
124 169 7
124 169 7
124 169 7
124 169 7
124 169 7
124 169 7
124 169 7
124 169 7
124 169 7
124 169 7
124 169 7
124 169 7
124 169 7
124 169 7
124 169 7
124 169 7
124 169 7
124 169 7
124 169 7
124 169 7
124 169 7
124 169 7
124 169 7
124 169 7
124 169 7
124 169 7
124 169 7
124 169 7
124 169 7
124 169 7
124 169 7
124 169 7
124 169 7
124 169 7
124 169 7
124 169 7
124 169 7
124 169 7
124 169 7
124 169 7
124 169 7
124 169 7
124 169 7
124 169 7
124 169 7
124 169 7
124 169 7
124 169 7
124 169 7
124 169 7
124 169 7
124 169 7
124 169 7
124 169 7
124 169 7
124 169 7
124 169 7
124 169 7
124 169 7
124 169 7
124 169 7
124 169 7
124 169 7
124 169 7
124 169 7
124 169 7
124 169 7
124 169 7
124 169 7
124 169 7
124 169 7
124 169 7
124 169 7
124 169 7
124 169 7
124 169 7
124 169 7
124 169 7
124 169 7
124 169 7
124 169 7
124 169 7
124 169 7
124 169 7
124 169 7
124 169 7
124 169 7
124 169 7
124 169 7
124 169 7
124 169 7
124 169 7
124 169 7
124 169 7
124 169 7
124 169 7
124 169 7
124 169 7
124 169 7
124 169 7
124 169 7
124 169 7
124 169 7
124 169 7
124 169 7
124 169 7
124 169 7
124 169 7
124 169 7
124 169 7
124 169 7
124 169 7
124 169 7
124 169 7
124 169 7
124 169 7
124 169 7
124 169 7
124 169 7
124 169 7
124 169 7
124 169 7
124 169 7
124 169 7
124 169 7
124 169 7
124 169 7
124 169 7
124 169 7
124 169 7
124 169 7
124 169 7
124 169 7
124 169 7
124 169 7
124 169 7
123 169 236
123 169 7
123 169 7
123 169 7
123 169 7
123 169 7
123 169 7
123 169 7
123 169 7
123 169 7
123 169 7
123 169 7
123 169 7
123 169 7
123 169 7
123 169 7
123 169 7
123 169 7
123 169 7
123 169 7
123 169 7
123 169 7
123 169 7
123 169 7
123 169 7
123 169 7
123 169 7
123 169 7
123 169 7
123 169 7
123 169 7
123 169 7
123 169 7
123 169 7
123 169 7
123 169 7
123 169 7
123 169 7
123 169 7
123 169 7
123 169 7
123 169 7
123 169 7
123 169 7
123 169 7
123 169 7
123 169 7
123 169 7
123 169 7
123 169 7
123 169 7
123 169 7
123 169 7
123 169 7
123 169 7
123 169 7
123 169 7
123 169 7
123 169 7
123 169 7
123 169 7
123 169 7
123 169 7
123 169 7
123 169 7
123 169 7
123 169 7
123 169 7
123 169 7
123 169 7
123 169 7
123 169 7
123 169 7
123 169 7
123 169 7
123 169 7
123 169 7
123 169 7
123 169 7
123 169 7
123 169 7
123 169 7
123 169 7
123 169 7
123 169 7
123 169 7
123 169 7
123 169 7
123 169 7
123 169 7
123 169 7
123 169 7
123 169 7
123 169 7
123 169 7
123 169 7
123 169 7
123 169 7
123 169 7
123 169 7
123 169 7
123 169 7
123 169 7
123 169 7
123 169 7
123 169 7
123 169 7
123 169 7
123 169 7
123 169 7
123 169 7
123 169 7
123 169 7
123 169 7
123 169 7
123 169 7
123 169 7
123 169 7
123 169 7
123 169 7
123 169 7
123 169 7
123 169 7
123 169 7
123 169 7
123 169 7
123 169 7
123 169 7
123 169 7
123 169 7
123 169 7
123 169 7
123 169 7
123 169 7
123 169 7
123 169 7
123 169 7
123 169 7
123 169 7
123 169 7
123 169 7
123 169 7
123 169 7
123 169 7
123 169 7
123 169 7
123 169 7
123 169 7
123 169 7
123 169 7
123 169 7
123 169 7
123 169 7
123 169 7
123 169 7
123 169 7
123 169 7
123 169 7
123 169 7
123 169 7
123 169 7
123 169 7
123 169 7
123 169 7
123 169 7
123 169 7
123 169 7
123 169 7
123 169 7
123 169 7
123 169 7
123 169 7
123 169 7
123 169 7
123 169 7
123 169 7
123 169 7
123 169 7
123 169 7
123 169 7
123 169 7
123 169 7
123 169 7
123 169 7
123 169 7
123 169 7
123 169 7
123 169 7
123 169 7
123 169 7
123 169 7
123 169 7
123 169 7
123 169 7
123 169 7
123 169 7
123 169 7
123 169 7
123 169 7
123 169 7
123 169 7
123 169 7
123 169 7
123 169 7
123 169 7
123 169 7
123 169 7
123 169 7
123 169 7
123 169 7
123 169 7
123 169 7
123 169 7
123 169 7
123 169 7
123 169 7
123 169 7
123 169 7
123 169 7
123 169 7
123 169 7
123 169 7
123 169 7
123 169 7
123 169 7
123 169 7
123 169 7
123 169 7
123 169 7
123 169 7
123 169 7
123 169 7
123 169 7
123 169 7
123 169 7
123 169 7
123 169 7
123 169 7
123 169 7
123 169 7
123 169 7
123 169 7
123 169 7
123 169 7
123 169 7
123 169 7
123 169 7
123 169 7
123 169 7
123 169 7
123 169 7
123 169 7
123 169 7
123 169 7
123 169 7
123 169 7
123 169 7
123 169 7
123 169 7
123 169 7
123 169 7
123 169 7
122 169 242
122 169 7
122 169 7
122 169 7
122 169 7
122 169 7
122 169 7
122 169 7
122 169 7
122 169 7
122 169 7
122 169 7
122 169 7
122 169 7
122 169 7
122 169 7
122 169 7
122 169 7
122 169 7
122 169 7
122 169 7
122 169 7
122 169 7
122 169 7
122 169 7
122 169 7
122 169 7
122 169 7
122 169 7
122 169 7
122 169 7
122 169 7
122 169 7
122 169 7
122 169 7
122 169 7
122 169 7
122 169 7
122 169 7
122 169 7
122 169 7
122 169 7
122 169 7
122 169 7
122 169 7
122 169 7
122 169 7
122 169 7
122 169 7
122 169 7
122 169 7
122 169 7
122 169 7
122 169 7
122 169 7
122 169 7
122 169 7
122 169 7
122 169 7
122 169 7
122 169 7
122 169 7
122 169 7
122 169 7
122 169 7
122 169 7
122 169 7
122 169 7
122 169 7
122 169 7
122 169 7
122 169 7
122 169 7
122 169 7
122 169 7
122 169 7
122 169 7
122 169 7
122 169 7
122 169 7
122 169 7
122 169 7
122 169 7
122 169 7
122 169 7
122 169 7
122 169 7
122 169 7
122 169 7
122 169 7
122 169 7
122 169 7
122 169 7
122 169 7
122 169 7
122 169 7
122 169 7
122 169 7
122 169 7
122 169 7
122 169 7
122 169 7
122 169 7
122 169 7
122 169 7
122 169 7
122 169 7
122 169 7
122 169 7
122 169 7
122 169 7
122 169 7
122 169 7
122 169 7
122 169 7
122 169 7
122 169 7
122 169 7
122 169 7
122 169 7
122 169 7
122 169 7
122 169 7
122 169 7
122 169 7
122 169 7
122 169 7
122 169 7
122 169 7
122 169 7
122 169 7
122 169 7
122 169 7
122 169 7
122 169 7
122 169 7
122 169 7
122 169 7
122 169 7
122 169 7
122 169 7
122 169 7
122 169 7
122 169 7
122 169 7
122 169 7
122 169 7
122 169 7
122 169 7
122 169 7
122 169 7
122 169 7
122 169 7
122 169 7
122 169 7
122 169 7
122 169 7
122 169 7
122 169 7
122 169 7
122 169 7
122 169 7
122 169 7
122 169 7
122 169 7
122 169 7
122 169 7
122 169 7
122 169 7
122 169 7
122 169 7
122 169 7
122 169 7
122 169 7
122 169 7
122 169 7
122 169 7
122 169 7
122 169 7
122 169 7
122 169 7
122 169 7
122 169 7
122 169 7
122 169 7
122 169 7
122 169 7
122 169 7
122 169 7
122 169 7
122 169 7
122 169 7
122 169 7
122 169 7
122 169 7
122 169 7
122 169 7
122 169 7
122 169 7
122 169 7
122 169 7
122 169 7
122 169 7
122 169 7
122 169 7
122 169 7
122 169 7
122 169 7
122 169 7
122 169 7
122 169 7
122 169 7
122 169 7
122 169 7
122 169 7
122 169 7
122 169 7
122 169 7
122 169 7
122 169 7
122 169 7
122 169 7
122 169 7
122 169 7
122 169 7
122 169 7
122 169 7
122 169 7
122 169 7
122 169 7
122 169 7
122 169 7
122 169 7
122 169 7
122 169 7
122 169 7
122 169 7
122 169 7
122 169 7
122 169 7
122 169 7
122 169 7
122 169 7
122 169 7
122 169 7
122 169 7
122 169 7
122 169 7
122 169 7
122 169 7
122 169 7
122 169 7
122 169 7
122 169 7
122 169 7
122 169 7
122 169 7
122 169 7
122 169 7
122 169 7
122 169 7
122 169 7
122 169 7
122 169 7
122 169 7
122 169 7
122 169 7
122 169 7
122 169 7
122 169 7
122 169 7
122 169 7
121 169 247
121 169 7
121 169 7
121 169 7
121 169 7
121 169 7
121 169 7
121 169 7
121 169 7
121 169 7
121 169 7
121 169 7
121 169 7
121 169 7
121 169 7
121 169 7
121 169 7
121 169 7
121 169 7
121 169 7
121 169 7
121 169 7
121 169 7
121 169 7
121 169 7
121 169 7
121 169 7
121 169 7
121 169 7
121 169 7
121 169 7
121 169 7
121 169 7
121 169 7
121 169 7
121 169 7
121 169 7
121 169 7
121 169 7
121 169 7
121 169 7
121 169 7
121 169 7
121 169 7
121 169 7
121 169 7
121 169 7
121 169 7
121 169 7
121 169 7
121 169 7
121 169 7
121 169 7
121 169 7
121 169 7
121 169 7
121 169 7
121 169 7
121 169 7
121 169 7
121 169 7
121 169 7
121 169 7
121 169 7
121 169 7
121 169 7
121 169 7
121 169 7
121 169 7
121 169 7
121 169 7
121 169 7
121 169 7
121 169 7
121 169 7
121 169 7
121 169 7
121 169 7
121 169 7
121 169 7
121 169 7
121 169 7
121 169 7
121 169 7
121 169 7
121 169 7
121 169 7
121 169 7
121 169 7
121 169 7
121 169 7
121 169 7
121 169 7
121 169 7
121 169 7
121 169 7
121 169 7
121 169 7
121 169 7
121 169 7
121 169 7
121 169 7
121 169 7
121 169 7
121 169 7
121 169 7
121 169 7
121 169 7
121 169 7
121 169 7
121 169 7
121 169 7
121 169 7
121 169 7
121 169 7
121 169 7
121 169 7
121 169 7
121 169 7
121 169 7
121 169 7
121 169 7
121 169 7
121 169 7
121 169 7
121 169 7
121 169 7
121 169 7
121 169 7
121 169 7
121 169 7
121 169 7
121 169 7
121 169 7
121 169 7
121 169 7
121 169 7
121 169 7
121 169 7
121 169 7
121 169 7
121 169 7
121 169 7
121 169 7
121 169 7
121 169 7
121 169 7
121 169 7
121 169 7
121 169 7
121 169 7
121 169 7
121 169 7
121 169 7
121 169 7
121 169 7
121 169 7
121 169 7
121 169 7
121 169 7
121 169 7
121 169 7
121 169 7
121 169 7
121 169 7
121 169 7
121 169 7
121 169 7
121 169 7
121 169 7
121 169 7
121 169 7
121 169 7
121 169 7
121 169 7
121 169 7
121 169 7
121 169 7
121 169 7
121 169 7
121 169 7
121 169 7
121 169 7
121 169 7
121 169 7
121 169 7
121 169 7
121 169 7
121 169 7
121 169 7
121 169 7
121 169 7
121 169 7
121 169 7
121 169 7
121 169 7
121 169 7
121 169 7
121 169 7
121 169 7
121 169 7
121 169 7
121 169 7
121 169 7
121 169 7
121 169 7
121 169 7
121 169 7
121 169 7
121 169 7
121 169 7
121 169 7
121 169 7
121 169 7
121 169 7
121 169 7
121 169 7
121 169 7
121 169 7
121 169 7
121 169 7
121 169 7
121 169 7
121 169 7
121 169 7
121 169 7
121 169 7
121 169 7
121 169 7
121 169 7
121 169 7
121 169 7
121 169 7
121 169 7
121 169 7
121 169 7
121 169 7
121 169 7
121 169 7
121 169 7
121 169 7
121 169 7
121 169 7
121 169 7
121 169 7
121 169 7
121 169 7
121 169 7
121 169 7
121 169 7
121 169 7
121 169 7
121 169 7
121 169 7
121 169 7
121 169 7
121 169 7
121 169 7
121 169 7
121 169 7
121 169 7
121 169 7
121 169 7
121 169 7
121 169 7
121 169 7
120 169 250
120 169 7
120 169 7
120 169 7
120 169 7
120 169 7
120 169 7
120 169 7
120 169 7
120 169 7
120 169 7
120 169 7
120 169 7
120 169 7
120 169 7
120 169 7
120 169 7
120 169 7
120 169 7
120 169 7
120 169 7
120 169 7
120 169 7
120 169 7
120 169 7
120 169 7
120 169 7
120 169 7
120 169 7
120 169 7
120 169 7
120 169 7
120 169 7
120 169 7
120 169 7
120 169 7
120 169 7
120 169 7
120 169 7
120 169 7
120 169 7
120 169 7
120 169 7
120 169 7
120 169 7
120 169 7
120 169 7
120 169 7
120 169 7
120 169 7
120 169 7
120 169 7
120 169 7
120 169 7
120 169 7
120 169 7
120 169 7
120 169 7
120 169 7
120 169 7
120 169 7
120 169 7
120 169 7
120 169 7
120 169 7
120 169 7
120 169 7
120 169 7
120 169 7
120 169 7
120 169 7
120 169 7
120 169 7
120 169 7
120 169 7
120 169 7
120 169 7
120 169 7
120 169 7
120 169 7
120 169 7
120 169 7
120 169 7
120 169 7
120 169 7
120 169 7
120 169 7
120 169 7
120 169 7
120 169 7
120 169 7
120 169 7
120 169 7
120 169 7
120 169 7
120 169 7
120 169 7
120 169 7
120 169 7
120 169 7
120 169 7
120 169 7
120 169 7
120 169 7
120 169 7
120 169 7
120 169 7
120 169 7
120 169 7
120 169 7
120 169 7
120 169 7
120 169 7
120 169 7
120 169 7
120 169 7
120 169 7
120 169 7
120 169 7
120 169 7
120 169 7
120 169 7
120 169 7
120 169 7
120 169 7
120 169 7
120 169 7
120 169 7
120 169 7
120 169 7
120 169 7
120 169 7
120 169 7
120 169 7
120 169 7
120 169 7
120 169 7
120 169 7
120 169 7
120 169 7
120 169 7
120 169 7
120 169 7
120 169 7
120 169 7
120 169 7
120 169 7
120 169 7
120 169 7
120 169 7
120 169 7
120 169 7
120 169 7
120 169 7
120 169 7
120 169 7
120 169 7
120 169 7
120 169 7
120 169 7
120 169 7
120 169 7
120 169 7
120 169 7
120 169 7
120 169 7
120 169 7
120 169 7
120 169 7
120 169 7
120 169 7
120 169 7
120 169 7
120 169 7
120 169 7
120 169 7
120 169 7
120 169 7
120 169 7
120 169 7
120 169 7
120 169 7
120 169 7
120 169 7
120 169 7
120 169 7
120 169 7
120 169 7
120 169 7
120 169 7
120 169 7
120 169 7
120 169 7
120 169 7
120 169 7
120 169 7
120 169 7
120 169 7
120 169 7
120 169 7
120 169 7
120 169 7
120 169 7
120 169 7
120 169 7
120 169 7
120 169 7
120 169 7
120 169 7
120 169 7
120 169 7
120 169 7
120 169 7
120 169 7
120 169 7
120 169 7
120 169 7
120 169 7
120 169 7
120 169 7
120 169 7
120 169 7
120 169 7
120 169 7
120 169 7
120 169 7
120 169 7
120 169 7
120 169 7
120 169 7
120 169 7
120 169 7
120 169 7
120 169 7
120 169 7
120 169 7
120 169 7
120 169 7
120 169 7
120 169 7
120 169 7
120 169 7
120 169 7
120 169 7
120 169 7
120 169 7
119 169 251
119 169 7
119 169 7
119 169 7
119 169 7
119 169 7
119 169 7
119 169 7
119 169 7
119 169 7
119 169 7
119 169 7
119 169 7
119 169 7
119 169 7
119 169 7
119 169 7
119 169 7
119 169 7
119 169 7
119 169 7
119 169 7
119 169 7
119 169 7
119 169 7
119 169 7
119 169 7
119 169 7
119 169 7
119 169 7
119 169 7
119 169 7
119 169 7
119 169 7
119 169 7
119 169 7
119 169 7
119 169 7
119 169 7
119 169 7
119 169 7
119 169 7
119 169 7
119 169 7
119 169 7
119 169 7
119 169 7
119 169 7
119 169 7
119 169 7
119 169 7
119 169 7
119 169 7
119 169 7
119 169 7
119 169 7
119 169 7
119 169 7
119 169 7
119 169 7
119 169 7
119 169 7
119 169 7
119 169 7
119 169 7
119 169 7
119 169 7
119 169 7
119 169 7
119 169 7
119 169 7
119 169 7
119 169 7
119 169 7
119 169 7
119 169 7
119 169 7
119 169 7
119 169 7
119 169 7
119 169 7
119 169 7
119 169 7
119 169 7
119 169 7
119 169 7
119 169 7
119 169 7
119 169 7
119 169 7
119 169 7
119 169 7
119 169 7
119 169 7
119 169 7
119 169 7
119 169 7
119 169 7
119 169 7
119 169 7
119 169 7
119 169 7
119 169 7
119 169 7
119 169 7
119 169 7
119 169 7
119 169 7
119 169 7
119 169 7
119 169 7
119 169 7
119 169 7
119 169 7
119 169 7
119 169 7
119 169 7
119 169 7
119 169 7
119 169 7
119 169 7
119 169 7
119 169 7
119 169 7
119 169 7
119 169 7
119 169 7
119 169 7
119 169 7
119 169 7
119 169 7
119 169 7
119 169 7
119 169 7
119 169 7
119 169 7
119 169 7
119 169 7
119 169 7
119 169 7
119 169 7
119 169 7
119 169 7
119 169 7
119 169 7
119 169 7
119 169 7
119 169 7
119 169 7
119 169 7
119 169 7
119 169 7
119 169 7
119 169 7
119 169 7
119 169 7
119 169 7
119 169 7
119 169 7
119 169 7
119 169 7
119 169 7
119 169 7
119 169 7
119 169 7
119 169 7
119 169 7
119 169 7
119 169 7
119 169 7
119 169 7
119 169 7
119 169 7
119 169 7
119 169 7
119 169 7
119 169 7
119 169 7
119 169 7
119 169 7
119 169 7
119 169 7
119 169 7
119 169 7
119 169 7
119 169 7
119 169 7
119 169 7
119 169 7
119 169 7
119 169 7
119 169 7
119 169 7
119 169 7
119 169 7
119 169 7
119 169 7
119 169 7
119 169 7
119 169 7
119 169 7
119 169 7
119 169 7
119 169 7
119 169 7
119 169 7
119 169 7
119 169 7
119 169 7
119 169 7
119 169 7
119 169 7
119 169 7
119 169 7
119 169 7
118 169 249
118 169 7
118 169 7
118 169 7
118 169 7
118 169 7
118 169 7
118 169 7
118 169 7
118 169 7
118 169 7
118 169 7
118 169 7
118 169 7
118 169 7
118 169 7
118 169 7
118 169 7
118 169 7
118 169 7
118 169 7
118 169 7
118 169 7
118 169 7
118 169 7
118 169 7
118 169 7
118 169 7
118 169 7
118 169 7
118 169 7
118 169 7
118 169 7
118 169 7
118 169 7
118 169 7
118 169 7
118 169 7
118 169 7
118 169 7
118 169 7
118 169 7
118 169 7
118 169 7
118 169 7
118 169 7
118 169 7
118 169 7
118 169 7
118 169 7
118 169 7
118 169 7
118 169 7
118 169 7
118 169 7
118 169 7
118 169 7
118 169 7
118 169 7
118 169 7
118 169 7
118 169 7
118 169 7
118 169 7
118 169 7
118 169 7
118 169 7
118 169 7
118 169 7
118 169 7
118 169 7
118 169 7
118 169 7
118 169 7
118 169 7
118 169 7
118 169 7
118 169 7
118 169 7
118 169 7
118 169 7
118 169 7
118 169 7
118 169 7
118 169 7
118 169 7
118 169 7
118 169 7
118 169 7
118 169 7
118 169 7
118 169 7
118 169 7
118 169 7
118 169 7
118 169 7
118 169 7
118 169 7
118 169 7
118 169 7
118 169 7
118 169 7
118 169 7
118 169 7
118 169 7
118 169 7
118 169 7
118 169 7
118 169 7
118 169 7
118 169 7
118 169 7
118 169 7
118 169 7
118 169 7
118 169 7
118 169 7
118 169 7
118 169 7
118 169 7
118 169 7
118 169 7
118 169 7
118 169 7
118 169 7
118 169 7
118 169 7
118 169 7
118 169 7
118 169 7
118 169 7
118 169 7
118 169 7
118 169 7
118 169 7
118 169 7
118 169 7
118 169 7
118 169 7
118 169 7
118 169 7
118 169 7
118 169 7
118 169 7
118 169 7
118 169 7
118 169 7
118 169 7
118 169 7
118 169 7
118 169 7
118 169 7
118 169 7
118 169 7
118 169 7
118 169 7
118 169 7
118 169 7
118 169 7
118 169 7
118 169 7
118 169 7
118 169 7
118 169 7
118 169 7
118 169 7
118 169 7
118 169 7
118 169 7
118 169 7
118 169 7
118 169 7
118 169 7
118 169 7
118 169 7
118 169 7
118 169 7
118 169 7
117 169 245
117 169 7
117 169 7
117 169 7
117 169 7
117 169 7
117 169 7
117 169 7
117 169 7
117 169 7
117 169 7
117 169 7
117 169 7
117 169 7
117 169 7
117 169 7
117 169 7
117 169 7
117 169 7
117 169 7
117 169 7
117 169 7
117 169 7
117 169 7
117 169 7
117 169 7
117 169 7
117 169 7
117 169 7
117 169 7
117 169 7
117 169 7
117 169 7
117 169 7
117 169 7
117 169 7
117 169 7
117 169 7
117 169 7
117 169 7
117 169 7
117 169 7
117 169 7
117 169 7
117 169 7
117 169 7
117 169 7
117 169 7
117 169 7
117 169 7
117 169 7
117 169 7
117 169 7
117 169 7
117 169 7
117 169 7
117 169 7
117 169 7
117 169 7
117 169 7
117 169 7
117 169 7
117 169 7
117 169 7
117 169 7
117 169 7
117 169 7
117 169 7
117 169 7
117 169 7
117 169 7
117 169 7
117 169 7
117 169 7
117 169 7
117 169 7
117 169 7
117 169 7
117 169 7
117 169 7
117 169 7
117 169 7
117 169 7
117 169 7
117 169 7
117 169 7
117 169 7
117 169 7
117 169 7
117 169 7
117 169 7
117 169 7
117 169 7
117 169 7
117 169 7
117 169 7
117 169 7
117 169 7
117 169 7
117 169 7
117 169 7
117 169 7
117 169 7
117 169 7
117 169 7
117 169 7
117 169 7
117 169 7
117 169 7
117 169 7
117 169 7
117 169 7
117 169 7
117 169 7
117 169 7
117 169 7
117 169 7
117 169 7
117 169 7
117 169 7
117 169 7
117 169 7
117 169 7
117 169 7
117 169 7
117 169 7
117 169 7
117 169 7
117 169 7
117 169 7
117 169 7
117 169 7
117 169 7
117 169 7
117 169 7
117 169 7
117 169 7
117 169 7
116 169 239
116 169 7
116 169 7
116 169 7
116 169 7
116 169 7
116 169 7
116 169 7
116 169 7
116 169 7
116 169 7
116 169 7
116 169 7
116 169 7
116 169 7
116 169 7
116 169 7
116 169 7
116 169 7
116 169 7
116 169 7
116 169 7
116 169 7
116 169 7
116 169 7
116 169 7
116 169 7
116 169 7
116 169 7
116 169 7
116 169 7
116 169 7
116 169 7
116 169 7
116 169 7
116 169 7
116 169 7
116 169 7
116 169 7
116 169 7
116 169 7
116 169 7
116 169 7
116 169 7
116 169 7
116 169 7
116 169 7
116 169 7
116 169 7
116 169 7
116 169 7
116 169 7
116 169 7
116 169 7
116 169 7
116 169 7
116 169 7
116 169 7
116 169 7
116 169 7
116 169 7
116 169 7
116 169 7
116 169 7
116 169 7
116 169 7
116 169 7
116 169 7
116 169 7
116 169 7
116 169 7
116 169 7
116 169 7
116 169 7
116 169 7
116 169 7
116 169 7
116 169 7
116 169 7
116 169 7
116 169 7
116 169 7
116 169 7
116 169 7
116 169 7
116 169 7
116 169 7
116 169 7
116 169 7
116 169 7
116 169 7
116 169 7
116 169 7
116 169 7
116 169 7
116 169 7
116 169 7
116 169 7
116 169 7
116 169 7
116 169 7
116 169 7
115 169 230
115 169 7
115 169 7
115 169 7
115 169 7
115 169 7
115 169 7
115 169 7
115 169 7
115 169 7
115 169 7
115 169 7
115 169 7
115 169 7
115 169 7
115 169 7
115 169 7
115 169 7
115 169 7
115 169 7
115 169 7
115 169 7
115 169 7
115 169 7
115 169 7
115 169 7
115 169 7
115 169 7
115 169 7
115 169 7
115 169 7
115 169 7
115 169 7
115 169 7
115 169 7
115 169 7
115 169 7
115 169 7
115 169 7
115 169 7
115 169 7
115 169 7
115 169 7
115 169 7
115 169 7
115 169 7
115 169 7
115 169 7
115 169 7
115 169 7
115 169 7
115 169 7
115 169 7
115 169 7
115 169 7
115 169 7
115 169 7
115 169 7
115 169 7
115 169 7
115 169 7
115 169 7
115 169 7
115 169 7
115 169 7
115 169 7
115 169 7
115 169 7
115 169 7
114 169 220
114 169 7
114 169 7
114 169 7
114 169 7
114 169 7
114 169 7
114 169 7
114 169 7
114 169 7
114 169 7
114 169 7
114 169 7
114 169 7
114 169 7
114 169 7
114 169 7
114 169 7
114 169 7
114 169 7
114 169 7
114 169 7
114 169 7
114 169 7
114 169 7
114 169 7
114 169 7
114 169 7
114 169 7
114 169 7
114 169 7
114 169 7
114 169 7
114 169 7
114 169 7
114 169 7
114 169 7
114 169 7
114 169 7
114 169 7
114 169 7
113 169 206
113 169 7
113 169 7
113 169 7
113 169 7
113 169 7
113 169 7
113 169 7
113 169 7
113 169 7
113 169 7
113 169 7
113 169 7
113 169 7
113 169 7
113 169 7
113 169 7
113 169 7
113 169 7
113 169 7
113 169 7
112 169 191
112 169 7
112 169 7
112 169 7
112 169 7
112 169 7
112 169 7
112 169 7
110 169 156
109 169 137
108 169 116
107 169 95
106 169 75
105 169 54
104 169 34
103 169 15
103 169 7
103 169 7
102 169 15
102 169 7
102 170 15
102 170 7
102 171 15
102 171 7
102 171 7
102 172 15
102 172 7
102 172 7
101 172 15
101 172 7
101 173 15
101 173 7
100 173 15
100 173 7
100 174 15
100 174 7
99 174 15
99 175 15
99 175 7
178 172 19
178 172 7
178 172 7
178 172 7
179 172 15
179 172 7
179 172 7
179 172 7
179 172 7
180 172 15
180 172 7
180 172 7
180 172 7
180 172 7
181 172 15
181 172 7
181 172 7
181 172 7
181 172 7
181 172 7
181 171 15
181 171 7
181 171 7
181 171 7
181 171 7
181 171 7
181 171 7
182 171 15
182 171 7
182 171 7
182 171 7
182 171 7
182 171 7
182 171 7
182 171 7
182 171 7
183 171 15
183 171 7
183 171 7
183 171 7
183 171 7
183 171 7
183 171 7
183 171 7
183 171 7
183 171 7
184 171 15
184 171 7
184 171 7
184 171 7
184 171 7
184 171 7
184 171 7
184 171 7
184 171 7
184 171 7
184 171 7
184 170 19
184 170 7
184 170 7
184 170 7
184 170 7
184 170 7
184 170 7
184 170 7
184 170 7
184 170 7
184 170 7
184 169 29
184 169 7
184 169 7
184 169 7
184 169 7
184 169 7
184 169 7
184 169 7
184 169 7
184 168 36
184 168 7
184 168 7
184 168 7
184 168 7
184 168 7
184 168 7
184 168 7
184 167 41
184 167 7
184 167 7
184 167 7
184 167 7
184 167 7
184 166 43
184 166 7
184 166 7
184 166 7
184 166 7
184 166 7
184 165 41
184 165 7
184 165 7
184 165 7
184 165 7
184 165 7
184 164 37
184 164 7
184 164 7
184 164 7
184 164 7
184 164 7
184 164 7
184 163 30
184 163 7
184 163 7
184 163 7
184 163 7
184 163 7
184 163 7
184 163 7
184 163 7
184 162 21
184 162 7
184 162 7
184 162 7
184 162 7
184 162 7
184 162 7
184 162 7
184 162 7
184 162 7
184 162 7
184 161 15
184 161 7
184 161 7
184 161 7
184 161 7
184 161 7
184 161 7
184 161 7
184 161 7
184 161 7
184 161 7
184 161 7
184 161 7
184 160 15
184 160 7
184 160 7
184 160 7
184 160 7
184 160 7
184 160 7
184 160 7
184 160 7
184 160 7
184 160 7
184 160 7
184 160 7
184 159 15
184 159 7
184 159 7
184 159 7
184 159 7
184 159 7
184 159 7
184 159 7
184 159 7
184 159 7
184 159 7
184 159 7
185 159 15
185 159 7
185 159 7
185 159 7
185 159 7
185 159 7
185 159 7
185 159 7
185 159 7
185 159 7
185 159 7
185 159 7
186 159 15
186 159 7
186 159 7
186 159 7
186 159 7
186 159 7
186 159 7
186 159 7
186 159 7
186 159 7
186 159 7
186 159 7
186 158 15
186 158 7
186 158 7
186 158 7
186 158 7
186 158 7
186 158 7
186 158 7
186 158 7
186 158 7
186 158 7
186 157 15
186 157 7
186 157 7
186 157 7
186 157 7
186 157 7
186 157 7
186 157 7
186 157 7
186 157 7
186 156 15
186 156 7
186 156 7
186 156 7
186 156 7
186 156 7
186 156 7
186 156 7
186 155 15
186 155 7
186 155 7
186 155 7
186 155 7
186 155 7
186 155 7
187 155 15
187 155 7
187 155 7
187 155 7
187 155 7
187 155 7
187 155 7
187 155 7
187 154 15
187 154 7
187 154 7
187 154 7
187 154 7
187 154 7
187 154 7
187 153 15
187 153 7
187 153 7
187 153 7
187 153 7
187 152 15
187 152 7
187 152 7
187 152 7
186 152 15
186 152 7
186 152 7
185 152 15
185 152 7
185 152 7
184 152 15
184 152 7
184 152 7
183 152 15
183 152 7
183 151 15
183 151 7
183 150 15
183 150 7
183 149 15
183 148 15
183 147 15
183 146 15
182 146 15
181 146 15
181 145 15
181 144 15
181 143 15
181 142 15
181 142 7
181 141 15
181 141 7
181 140 15
181 140 7
181 140 7
181 140 7
181 139 15
181 139 7
181 139 7
181 139 7
181 139 7
181 138 15
181 138 7
181 138 7
181 138 7
181 138 7
181 138 7
181 138 7
181 137 16
181 137 7
181 137 7
181 137 7
181 137 7
181 137 7
181 137 7
181 137 7
181 136 22
181 136 7
181 136 7
181 136 7
181 136 7
181 136 7
181 136 7
181 136 7
181 136 7
181 135 27
181 135 7
181 135 7
181 135 7
181 135 7
181 135 7
181 135 7
181 135 7
181 135 7
181 134 29
181 134 7
181 134 7
181 134 7
181 134 7
181 134 7
181 134 7
181 134 7
181 133 31
181 133 7
181 133 7
181 133 7
181 133 7
181 133 7
181 133 7
181 132 30
181 132 7
181 132 7
181 132 7
181 132 7
181 132 7
181 131 29
181 131 7
181 131 7
181 131 7
181 131 7
181 130 25
181 130 7
181 130 7
181 130 7
181 129 21
181 129 7
181 129 7
181 129 7
181 128 15
181 128 7
181 128 7
181 128 7
181 127 15
181 127 7
181 127 7
181 127 7
181 126 15
181 126 7
181 126 7
181 125 15
181 125 7
181 125 7
181 124 15
181 124 7
181 123 15
181 123 7
181 122 15
181 122 7
181 121 15
181 120 15
181 119 15
181 118 15
181 117 15
181 116 15
181 115 15
181 114 15
181 113 15
181 112 15
181 111 15
181 110 15
181 109 15
181 108 15
181 107 15
181 106 15
181 105 16
181 104 18
181 103 19
181 102 17
181 101 15
181 100 15
181 99 15
182 99 15
183 99 15
184 99 15
185 99 15
186 99 15
187 98 15
187 97 15
188 97 15
188 96 15
189 96 15
190 96 15
191 96 15
192 96 15
192 95 15
192 94 15
192 93 15
193 93 15
194 93 15
195 93 15
195 92 15
195 91 15
195 90 15
195 89 15
195 88 15
195 87 15
195 86 17
195 85 32
195 84 47
195 83 64
195 82 81
195 81 97
195 80 112
195 79 125
195 78 136
195 77 143
195 77 7
195 76 147
195 75 146
195 74 141
195 73 133
195 72 120
195 71 103
195 70 84
195 69 63
195 68 40
195 67 17
195 66 15
194 66 15
194 66 7
194 65 15
194 64 15
193 64 15
192 64 15
192 64 7
191 64 15
191 64 7
191 63 15
191 63 7
191 62 15
191 62 7
191 61 15
191 60 15
191 60 7
191 59 15
191 59 7
190 59 15
190 59 7
189 59 15
189 59 7
189 58 15
189 58 7
189 57 15
189 57 7
189 56 15
189 56 7
189 55 15
189 55 7
189 54 15
188 54 15
187 54 15
187 53 15
187 52 15
186 52 15
186 51 15
186 50 15
186 49 15
186 48 15
85 170 15
85 171 15
85 172 15
84 172 15
84 173 15
84 174 15
84 175 15
83 175 15
82 175 15
81 175 15
80 175 15
79 175 15
79 176 15
79 177 15
78 177 15
77 177 15
77 178 15
76 178 15
75 178 15
74 178 15
73 178 15
73 178 7
72 179 15
72 179 7
72 180 15
72 180 7
71 180 15
71 180 7
71 180 7
71 181 15
71 181 7
71 181 7
70 181 15
70 181 7
70 181 7
70 181 7
70 182 15
70 182 7
70 182 7
70 182 7
70 183 15
70 183 7
70 183 7
70 183 7
70 184 15
70 184 7
70 184 7
70 185 15
70 185 7
70 185 7
69 185 15
69 185 7
69 185 7
69 185 7
69 185 7
68 185 15
68 185 7
68 185 7
68 185 7
68 185 7
68 185 7
68 185 7
68 185 7
67 185 15
67 185 7
67 185 7
67 185 7
67 185 7
67 185 7
67 185 7
67 185 7
67 185 7
67 185 7
67 185 7
66 185 15
66 185 7
66 185 7
66 185 7
66 185 7
66 185 7
66 185 7
66 185 7
66 185 7
66 185 7
66 185 7
66 185 7
66 185 7
66 185 7
66 185 7
65 185 21
65 185 7
65 185 7
65 185 7
65 185 7
65 185 7
65 185 7
65 185 7
65 185 7
65 185 7
65 185 7
65 185 7
65 185 7
65 185 7
65 185 7
65 185 7
65 185 7
64 185 32
64 185 7
64 185 7
64 185 7
64 185 7
64 185 7
64 185 7
64 185 7
64 185 7
64 185 7
64 185 7
64 185 7
64 185 7
64 185 7
64 185 7
64 185 7
64 185 7
64 185 7
63 185 41
63 185 7
63 185 7
63 185 7
63 185 7
63 185 7
63 185 7
63 185 7
63 185 7
63 185 7
63 185 7
63 185 7
63 185 7
63 185 7
63 185 7
63 185 7
62 185 47
62 185 7
62 185 7
62 185 7
62 185 7
62 185 7
62 185 7
62 185 7
62 185 7
62 185 7
62 185 7
62 185 7
62 185 7
61 185 51
61 185 7
61 185 7
61 185 7
61 185 7
61 185 7
61 185 7
61 185 7
61 185 7
60 185 52
60 185 7
60 185 7
60 185 7
60 185 7
60 185 7
59 185 50
59 185 7
59 185 7
58 185 45
58 185 7
57 185 37
56 186 28
55 186 15
55 186 7
54 186 15
54 187 15
53 187 15
53 188 15
52 188 15
52 189 15
51 189 15
50 189 15
49 189 15
48 189 15
47 189 15
46 189 15
45 189 15
44 189 15
43 189 15
42 189 15
41 189 15
40 189 15
39 189 15
38 189 15
37 189 15
36 189 15
35 189 15
34 189 15
33 189 15
32 189 15
31 189 15
116 84 15
116 83 15
116 82 15
116 81 15
116 80 15
116 79 15
116 78 15
116 78 7
116 77 15
116 77 7
116 76 15
116 76 7
116 75 15
116 75 7
116 75 7
116 74 15
116 74 7
116 74 7
117 73 32
117 73 7
118 73 38
118 73 7
119 73 49
119 73 7
119 73 7
119 72 59
119 72 7
120 72 70
120 72 7
120 72 7
120 71 77
120 71 7
121 71 87
121 71 7
121 71 7
121 70 91
121 70 7
121 70 7
121 70 7
122 70 100
122 70 7
122 70 7
122 70 7
122 69 103
122 69 7
122 69 7
122 69 7
122 69 7
122 68 109
122 68 7
122 68 7
122 68 7
122 68 7
122 68 7
123 68 111
123 68 7
123 68 7
123 68 7
123 68 7
123 68 7
123 67 117
123 67 7
123 67 7
123 67 7
123 67 7
123 67 7
123 67 7
123 67 7
124 67 119
124 67 7
124 67 7
124 67 7
124 67 7
124 67 7
124 67 7
124 66 123
124 66 7
124 66 7
124 66 7
124 66 7
124 66 7
124 66 7
124 66 7
125 66 126
125 66 7
125 66 7
125 66 7
125 66 7
125 66 7
125 66 7
126 66 134
126 66 7
126 66 7
126 66 7
126 66 7
127 66 148
127 66 7
127 66 7
128 65 157
128 65 7
128 64 152
128 63 151
128 62 153
128 61 157
128 60 162
129 60 167
129 59 171
129 58 175
129 57 179
129 56 182
129 55 183
129 53 180
129 53 7
129 53 7
129 53 7
129 53 7
129 53 7
129 53 7
129 52 175
129 52 7
129 52 7
129 52 7
129 52 7
129 52 7
129 52 7
129 52 7
129 52 7
129 52 7
129 52 7
129 52 7
129 51 168
129 51 7
129 51 7
129 51 7
129 51 7
129 51 7
129 51 7
129 51 7
129 51 7
129 51 7
129 51 7
129 51 7
129 51 7
129 51 7
129 51 7
129 50 160
129 50 7
129 50 7
129 50 7
129 50 7
129 50 7
129 50 7
129 50 7
129 50 7
129 50 7
129 50 7
129 50 7
129 50 7
129 50 7
129 50 7
129 50 7
129 49 149
129 49 7
129 49 7
129 49 7
129 49 7
129 49 7
129 49 7
129 49 7
129 49 7
129 49 7
129 49 7
129 49 7
129 49 7
129 49 7
129 49 7
129 48 137
129 48 7
129 48 7
129 48 7
129 48 7
129 48 7
129 48 7
129 48 7
129 48 7
129 48 7
129 48 7
129 48 7
129 48 7
129 47 124
129 47 7
129 47 7
129 47 7
129 47 7
129 47 7
129 47 7
129 47 7
129 47 7
129 46 110
129 46 7
129 46 7
129 46 7
129 46 7
129 46 7
129 45 95
129 45 7
129 45 7
129 45 7
129 44 81
129 44 7
129 43 68
129 43 7
129 41 42
129 41 7
129 40 32
129 40 7
129 40 7
129 39 22
129 39 7
129 39 7
129 39 7
129 38 15
129 38 7
129 38 7
129 38 7
129 37 15
129 37 7
129 37 7
129 37 7
129 36 15
129 36 7
129 36 7
129 35 15
129 35 7
129 35 7
129 34 15
129 34 7
129 34 7
129 33 15
129 33 7
129 32 15
129 32 7
129 31 15
129 31 7
129 30 15
129 30 7
129 29 15
129 28 15
129 27 15
129 26 15
129 25 15
129 24 15
129 23 15
129 22 15
129 21 15
129 21 7
129 20 15
129 20 7
129 19 15
129 19 7
129 19 7
129 19 7
129 18 15
129 18 7
129 18 7
129 18 7
129 18 7
129 17 18
129 17 7
129 17 7
129 17 7
129 17 7
129 17 7
129 17 7
129 16 21
129 16 7
129 16 7
129 16 7
129 16 7
129 16 7
129 16 7
129 16 7
129 16 7
129 16 7
129 15 24
129 15 7
129 15 7
129 15 7
129 15 7
129 15 7
129 15 7
129 15 7
129 15 7
129 15 7
129 15 7
129 15 7
129 15 7
129 14 27
129 14 7
129 14 7
129 14 7
129 14 7
129 14 7
129 14 7
129 14 7
129 14 7
129 14 7
129 14 7
129 14 7
129 14 7
129 14 7
129 14 7
129 13 30
129 13 7
129 13 7
129 13 7
129 13 7
129 13 7
129 13 7
129 13 7
129 13 7
129 13 7
129 13 7
129 13 7
129 13 7
129 13 7
129 13 7
129 13 7
130 13 29
130 13 7
130 13 7
130 13 7
130 13 7
130 13 7
130 13 7
130 13 7
130 13 7
130 13 7
130 13 7
130 13 7
130 13 7
130 13 7
130 12 26
130 12 7
130 12 7
130 12 7
130 12 7
130 12 7
130 12 7
130 12 7
130 12 7
130 12 7
130 12 7
130 12 7
130 12 7
130 12 7
130 11 23
130 11 7
130 11 7
130 11 7
130 11 7
130 11 7
130 11 7
130 11 7
130 11 7
130 11 7
130 11 7
130 11 7
130 10 21
130 10 7
130 10 7
130 10 7
130 10 7
130 10 7
130 10 7
130 10 7
130 10 7
130 10 7
130 9 19
130 9 7
130 9 7
130 9 7
130 9 7
130 9 7
130 9 7
130 9 7
131 9 15
131 9 7
131 9 7
131 9 7
131 9 7
131 9 7
131 9 7
131 9 7
131 8 15
131 8 7
131 8 7
131 8 7
131 8 7
131 8 7
131 7 15
131 7 7
131 7 7
131 7 7
131 6 15
131 6 7
131 6 7
131 5 15
131 5 7
