116 131 533
196 87 533
196 87 523
196 87 523
139 4 533
16 33 533
98 99 533
133 87 533
16 81 533
18 129 533
153 113 533
143 94 533
142 109 533
109 107 533
106 123 533
132 103 533
119 113 533
9 122 533
15 95 533
22 115 533
12 109 533
6 40 533
128 10 533
127 0 533
0 33 533
4 26 533
140 17 533
15 20 533
27 88 533
26 102 533
151 11 533
151 11 523
121 97 533
129 23 533
141 29 533
141 29 523
0 47 533
185 79 533
185 79 523
175 72 533
164 78 533
164 66 533
164 66 523
164 91 533
153 99 533
10 53 533
14 67 533
117 17 533
116 4 533
118 30 533
118 30 523
104 11 533
104 11 523
151 0 533
162 4 533
162 4 523
0 60 533
175 85 533
104 0 533
104 0 523
104 0 523
3 74 533
110 91 533
130 36 533
132 48 533
121 55 533
122 68 533
122 82 533
3 88 533
2 102 533
0 115 533
27 74 533
24 60 533
20 46 533
0 20 533
3 13 533
0 6 533
3 0 533
15 6 533
34 53 533
31 39 533
28 26 533
38 66 533
39 80 533
39 94 533
36 108 533
33 122 533
33 122 523
27 13 533
133 61 533
133 74 533
154 85 533
6 135 533
0 129 533
130 119 533
17 142 533
144 79 533
0 142 533
4 149 533
164 105 533
0 155 533
96 115 533
5 161 533
5 161 523
111 76 533
50 101 533
51 87 533
99 84 533
51 73 533
48 59 533
128 135 533
140 125 533
45 46 533
42 32 533
42 32 523
175 98 533
175 112 533
175 112 523
63 93 533
63 79 533
87 92 533
75 85 533
152 113 280
151 113 271
150 113 265
149 113 260
148 113 256
147 113 255
146 113 254
145 113 255
144 113 257
143 113 260
142 113 264
141 113 268
140 113 272
139 113 277
138 113 282
137 113 286
136 113 290
135 113 294
134 113 297
133 113 300
132 113 302
131 113 304
130 113 305
129 113 305
128 113 305
127 113 304
126 113 303
125 113 301
124 113 299
123 113 296
122 113 293
121 113 290
120 113 286
118 113 277
117 113 272
116 113 267
115 113 261
114 113 255
113 113 249
112 113 243
111 113 237
110 113 231
109 113 225
108 113 220
107 113 215
106 113 211
105 113 208
104 113 207
103 113 207
102 113 210
102 112 212
101 112 216
101 111 219
101 110 223
100 110 227
100 109 232
99 109 237
99 108 242
99 107 247
99 106 253
98 106 258
98 105 262
98 104 266
98 103 270
98 102 273
98 101 275
98 100 275
63 92 264
64 92 268
64 92 473
65 92 271
65 92 473
66 92 276
66 92 473
67 92 280
67 92 473
68 92 284
68 92 473
69 92 289
70 92 293
71 92 297
72 92 301
73 92 305
74 92 308
75 92 310
75 92 473
76 92 311
76 92 473
77 92 312
77 92 473
78 92 312
78 92 473
79 92 312
79 92 473
80 92 310
81 92 308
82 92 305
83 92 302
84 92 298
85 92 294
86 92 289
88 92 280
89 92 276
90 92 272
91 92 268
92 92 265
93 92 262
94 92 260
95 92 258
96 92 257
97 92 257
98 92 257
98 93 260
98 94 263
98 95 267
98 96 270
98 97 272
98 98 274
62 93 278
61 93 275
60 93 271
59 93 268
58 93 266
57 93 264
56 93 263
55 93 262
54 93 262
53 93 262
52 93 262
51 93 262
51 94 261
50 94 260
49 94 259
48 94 259
47 94 258
46 94 258
45 94 258
44 94 258
43 94 258
42 94 258
41 94 258
40 94 259
39 95 249
38 95 251
37 95 252
36 95 254
35 95 257
34 95 260
33 95 264
32 95 268
31 95 272
30 95 276
29 95 280
28 95 285
27 95 289
26 95 293
25 95 296
24 95 299
23 95 300
22 95 301
21 95 301
20 95 300
19 95 298
18 95 295
17 95 291
16 95 286
15 94 278
15 93 276
15 92 273
15 91 271
15 90 269
15 89 267
15 88 265
15 87 264
15 86 263
15 85 262
15 84 262
15 83 263
15 82 263
15 81 264
16 80 269
16 79 270
16 78 272
16 77 273
16 76 274
16 75 275
16 74 276
16 73 277
16 72 277
16 71 278
16 70 278
16 69 278
16 68 278
16 67 278
16 66 278
16 65 277
16 64 278
16 63 278
16 62 278
16 61 279
16 60 280
16 59 281
16 58 282
16 57 283
16 56 284
16 55 286
16 54 287
16 53 288
16 52 289
16 51 290
16 50 290
16 49 291
16 48 290
16 47 290
16 46 290
16 45 289
16 44 288
16 43 287
16 42 285
16 41 284
16 40 283
16 39 282
16 38 280
16 37 279
16 36 278
16 35 277
16 34 277
15 96 281
15 97 282
15 98 283
15 99 283
15 100 282
15 101 281
15 102 280
15 103 277
15 104 275
15 105 272
15 106 269
15 107 266
15 108 263
15 109 261
15 110 259
15 111 257
15 112 256
15 113 255
15 114 255
15 115 255
15 116 256
15 117 257
15 118 258
15 119 259
15 120 259
15 121 260
15 122 260
15 123 259
15 124 258
15 125 256
15 126 253
15 127 249
15 128 245
15 128 473
15 129 241
15 129 473
16 129 255
16 129 473
17 129 275
17 129 473
119 114 276
119 115 269
119 116 262
119 117 254
119 118 246
119 119 237
119 120 229
119 121 221
119 122 213
119 123 207
119 124 202
119 125 199
119 126 199
119 127 201
119 128 206
119 129 214
118 129 225
117 129 237
116 129 250
116 130 267
153 112 277
153 111 266
153 110 257
153 109 251
153 108 247
153 107 246
153 106 246
153 105 248
153 104 251
153 103 256
153 102 261
153 101 267
153 100 273
153 98 283
153 97 287
153 96 290
153 95 292
153 94 292
153 93 291
153 92 290
153 91 287
153 90 285
153 89 282
153 88 280
153 87 278
153 86 279
154 86 281
153 85 282
152 85 278
151 85 273
150 85 268
149 85 263
148 85 257
147 85 252
146 85 248
145 85 244
144 85 242
143 85 240
142 85 240
141 85 240
141 86 241
140 86 243
140 87 246
139 87 248
138 87 251
137 87 255
136 87 258
135 87 262
134 87 266
133 75 274
133 76 272
133 77 271
133 78 270
133 79 269
133 80 268
133 81 268
133 82 268
133 83 268
133 84 269
133 85 269
133 86 270
132 74 273
131 74 271
131 73 270
130 73 268
130 72 265
130 71 263
130 70 260
130 69 257
130 68 253
130 67 249
130 66 245
130 65 241
130 64 236
130 63 232
130 62 227
130 61 222
130 60 218
130 59 214
130 58 210
130 57 207
130 56 204
130 55 202
130 54 201
130 53 201
130 52 201
130 51 203
130 50 207
130 50 473
130 49 211
130 49 473
130 48 217
130 48 473
130 47 224
130 47 473
130 46 232
130 46 473
130 45 241
130 45 473
130 44 251
130 44 473
130 43 261
130 43 473
130 43 473
130 42 272
130 42 473
130 42 473
130 41 284
130 41 473
130 41 473
130 40 295
130 40 473
130 40 473
130 39 305
130 39 473
130 38 315
130 38 473
130 37 324
130 37 473
130 35 338
130 35 473
130 34 342
130 34 473
130 33 343
130 32 343
130 31 341
130 30 336
130 29 329
130 28 321
130 27 311
130 26 300
130 25 288
130 24 275
130 23 263
130 22 251
130 21 239
130 21 473
130 20 229
130 20 473
130 19 220
130 19 473
130 18 213
130 18 473
130 17 207
130 17 473
130 16 203
130 16 473
130 15 201
130 15 473
130 14 200
130 14 473
130 13 201
130 13 473
130 12 204
130 12 473
130 11 208
130 11 473
131 11 213
131 11 473
132 11 218
133 11 223
134 11 228
134 10 232
135 10 237
135 9 242
136 9 246
136 8 250
137 8 254
137 7 257
138 7 260
138 6 262
139 6 265
139 5 266
155 85 286
156 85 285
157 85 283
158 85 278
159 85 272
160 85 265
161 85 255
162 85 245
163 85 233
164 85 222
165 85 211
166 85 200
166 85 473
167 85 192
167 85 473
168 85 186
168 85 473
169 85 184
169 85 473
170 85 185
170 85 473
171 85 190
171 85 473
172 85 201
172 85 473
173 85 217
173 85 473
174 85 239
174 85 473
175 86 274
175 86 473
175 87 281
175 87 473
176 87 313
176 87 473
177 87 351
177 87 473
178 87 394
178 87 473
179 87 442
179 87 473
180 87 494
180 87 473
181 87 550
181 87 473
182 87 608
182 87 473
182 87 473
183 87 668
183 87 473
183 87 473
184 87 730
184 87 473
184 87 473
185 87 792
185 87 473
185 87 473
186 87 854
186 87 473
186 87 473
187 87 914
187 87 473
187 87 473
188 87 973
188 87 473
189 87 1029
189 87 473
190 87 1082
190 87 473
191 87 1132
192 87 1178
193 87 1220
194 87 1258
195 87 1292
