82 41 271
159 66 271
87 135 271
104 199 271
19 35 271
103 66 271
189 130 271
172 2 271
189 199 271
40 2 271
93 47 271
91 60 271
22 22 271
22 22 261
22 22 261
104 53 271
199 137 271
189 144 271
170 60 271
171 73 271
87 148 271
98 142 271
105 186 271
93 192 271
93 192 261
18 48 271
199 199 271
199 192 271
116 193 271
6 41 271
178 137 271
80 54 271
98 155 271
158 79 271
97 167 271
95 180 271
95 180 261
107 174 271
8 28 271
0 34 271
189 186 271
199 151 271
183 66 271
181 53 271
179 122 271
167 129 271
167 129 261
167 129 261
193 60 271
193 60 261
193 60 261
69 48 271
69 48 261
69 48 261
145 72 271
117 59 271
161 8 271
161 8 261
161 8 261
117 72 271
130 66 271
0 21 271
188 158 271
188 172 271
188 172 261
177 151 271
184 8 271
174 15 271
37 15 271
199 123 271
191 115 271
118 180 271
118 180 261
109 161 271
180 108 271
180 108 261
98 128 271
199 165 271
199 165 261
199 165 261
86 161 271
86 161 261
86 161 261
177 165 271
177 165 261
177 165 261
166 143 271
110 135 271
110 148 271
121 141 271
121 141 261
154 149 271
165 157 271
154 163 271
131 79 271
143 156 271
143 156 261
75 141 271
52 9 271
145 86 271
49 22 271
109 121 271
109 121 261
109 121 261
35 29 271
35 29 261
35 29 261
120 155 271
120 155 261
120 155 261
179 40 271
179 40 261
179 40 261
179 40 261
144 59 271
130 52 271
130 52 261
130 52 261
157 53 271
199 108 271
192 101 271
199 94 271
183 80 271
183 80 261
193 87 271
75 154 271
63 148 271
63 15 271
61 29 271
74 22 271
74 22 261
62 161 271
72 35 271
72 35 261
25 8 271
50 154 271
49 167 271
49 167 261
49 167 261
10 15 271
10 15 261
85 121 271
96 114 271
96 114 261
96 114 261
74 128 271
74 128 261
13 1 271
0 8 271
73 115 271
73 115 261
73 115 261
73 115 261
50 141 271
37 147 271
37 134 271
177 192 271
177 199 271
165 198 271
165 198 261
165 198 261
25 140 271
24 127 271
12 133 271
32 42 271
31 55 271
45 48 271
47 35 271
12 120 271
12 120 261
58 42 271
58 42 261
62 135 271
49 128 271
49 128 261
43 61 271
43 74 271
31 68 271
32 81 271
13 146 271
25 153 271
37 160 271
37 160 261
37 160 261
12 160 271
12 160 261
36 121 271
23 114 271
23 114 261
33 94 271
35 107 271
182 94 271
171 87 271
171 87 261
143 46 271
143 46 261
143 46 261
131 93 271
117 86 271
119 100 271
119 100 261
104 79 271
91 73 271
91 73 261
91 73 261
105 93 271
105 93 261
105 93 261
168 47 271
155 40 271
166 34 271
166 34 261
145 100 271
132 107 271
158 93 271
158 93 261
158 93 261
144 114 271
132 121 271
121 128 271
40 3 93
40 4 48
40 5 15
40 6 15
40 7 15
40 8 15
40 9 15
40 10 15
40 11 15
40 12 15
41 12 15
42 12 15
43 12 15
44 12 15
45 12 15
46 12 15
47 12 21
47 13 25
48 13 28
49 13 31
49 14 31
50 14 30
51 14 30
51 15 27
52 15 24
52 16 21
53 16 16
54 16 15
54 17 15
55 17 15
55 18 15
55 19 15
55 20 15
55 21 15
55 21 236
55 22 15
55 22 236
55 23 15
55 23 236
55 24 15
55 24 236
55 25 16
55 25 236
55 26 20
55 26 236
55 27 24
55 27 236
55 28 28
55 28 236
55 29 32
55 29 236
54 29 37
54 29 236
54 30 39
54 30 236
54 31 42
54 31 236
54 32 46
54 32 236
54 32 236
53 32 48
53 32 236
53 33 50
53 33 236
53 33 236
53 34 54
53 34 236
53 34 236
52 34 57
52 34 236
52 34 236
52 35 59
52 35 236
51 35 65
51 35 236
50 35 78
50 35 236
49 35 97
49 35 236
48 35 123
48 35 236
53 35 60
53 35 236
53 35 236
54 35 69
54 35 236
54 35 236
54 36 82
54 36 236
54 36 236
55 36 101
55 36 236
55 36 236
56 36 127
56 36 236
56 36 236
57 36 157
57 36 236
57 36 236
57 36 236
58 36 192
58 36 236
58 36 236
58 36 236
59 36 231
59 36 236
59 36 236
59 36 236
60 36 271
60 36 236
60 36 236
60 36 236
60 36 236
61 36 313
61 36 236
61 36 236
61 36 236
61 36 236
62 36 354
62 36 236
62 36 236
62 36 236
62 36 236
63 36 393
63 36 236
63 36 236
63 36 236
63 36 236
64 36 429
64 36 236
64 36 236
64 36 236
64 36 236
65 36 462
65 36 236
65 36 236
65 36 236
65 36 236
66 36 489
66 36 236
66 36 236
66 36 236
66 36 236
66 36 236
67 36 511
67 36 236
67 36 236
67 36 236
67 36 236
67 36 236
67 36 236
68 36 527
68 36 236
68 36 236
68 36 236
68 36 236
68 36 236
68 36 236
69 36 536
69 36 236
69 36 236
69 36 236
69 36 236
69 36 236
69 36 236
69 36 236
70 36 539
70 36 236
70 36 236
70 36 236
70 36 236
70 36 236
70 36 236
70 36 236
71 36 536
71 36 236
71 36 236
71 36 236
71 36 236
71 36 236
71 36 236
71 36 236
72 36 528
72 36 236
72 36 236
72 36 236
72 36 236
72 36 236
72 36 236
72 36 236
73 36 515
73 36 236
73 36 236
73 36 236
73 36 236
73 36 236
73 36 236
74 36 498
74 36 236
74 36 236
74 36 236
74 36 236
75 36 479
75 36 236
75 36 236
75 36 236
76 36 458
76 36 236
76 36 236
77 36 436
77 36 236
77 37 411
78 37 386
78 38 358
78 39 331
79 39 299
79 40 270
80 40 239
80 41 208
81 41 179
103 65 125
103 64 116
103 63 106
103 62 97
103 61 89
103 60 82
103 59 78
103 58 78
103 57 82
102 57 84
101 57 86
100 57 86
99 57 85
98 57 83
97 57 79
97 56 72
96 56 64
95 56 54
94 56 42
93 56 31
93 55 17
92 55 15
91 55 15
90 55 15
90 54 15
90 53 15
90 52 15
90 51 15
90 50 15
89 50 15
88 50 15
87 50 15
86 50 15
86 49 15
86 48 15
86 47 15
86 46 15
85 46 15
84 46 15
83 46 15
83 45 17
82 45 41
82 44 64
82 43 92
82 42 124
145 71 117
145 70 109
145 69 102
145 68 95
145 67 90
145 66 86
144 66 86
143 66 86
142 66 88
141 66 90
140 66 92
139 66 96
138 66 100
137 66 104
136 66 109
135 66 114
134 66 120
133 66 126
132 66 132
131 66 139
129 66 150
128 66 155
127 66 159
126 66 162
125 66 164
124 66 164
123 66 163
122 66 160
121 66 156
120 66 150
119 66 143
118 66 135
117 66 127
116 66 117
115 66 108
114 66 99
113 66 91
112 66 84
111 66 79
110 66 76
109 66 75
108 66 77
107 66 83
106 66 91
105 66 102
104 66 116
132 120 131
132 119 125
132 118 120
133 118 115
133 117 109
134 117 102
134 116 95
135 116 89
135 115 81
136 115 74
136 114 65
136 113 59
137 113 50
137 112 44
138 112 37
138 111 32
139 111 28
139 110 23
139 109 20
140 109 20
140 108 19
140 107 20
140 106 22
140 105 26
140 105 236
140 104 32
140 104 236
140 103 37
140 103 236
140 102 43
140 102 236
140 101 49
140 100 55
140 99 61
140 98 66
140 97 70
140 96 74
140 95 77
140 94 80
140 93 83
140 92 85
140 91 87
140 90 90
140 89 93
140 88 97
140 87 101
141 87 106
141 86 110
142 86 117
143 86 125
144 86 137
145 85 148
145 84 147
145 83 147
145 82 147
145 81 147
145 80 147
145 79 147
145 78 147
145 77 145
145 76 143
145 75 140
145 74 136
145 73 130
131 121 137
130 121 137
129 121 141
129 122 141
129 123 143
128 123 143
128 124 145
127 124 144
127 125 145
126 125 144
126 126 145
125 126 144
125 127 146
124 127 145
124 128 147
123 128 146
122 128 149
121 129 150
121 130 148
120 130 150
120 131 150
119 131 151
119 132 150
118 132 150
118 133 150
117 133 148
116 133 148
116 134 145
115 134 143
115 135 141
114 135 137
113 135 136
112 135 136
111 135 137
110 136 126
110 136 236
110 137 117
110 137 236
110 138 111
110 138 236
110 139 108
110 139 236
109 139 105
109 139 236
109 140 102
109 140 236
108 140 99
108 140 236
108 141 98
108 141 236
107 141 96
107 141 236
107 142 94
107 142 236
106 142 94
106 142 236
106 143 93
106 143 236
106 144 93
106 144 236
106 145 93
106 145 236
105 145 92
105 145 236
105 146 92
105 146 236
105 147 91
105 147 236
105 148 90
105 148 236
105 149 88
105 149 236
105 150 85
105 150 236
105 151 82
105 151 236
105 152 77
105 152 236
105 153 71
105 154 64
105 155 56
105 156 47
105 157 37
105 158 27
105 159 17
105 160 15
105 161 15
105 162 15
105 163 15
105 164 15
105 165 15
105 166 15
105 166 236
105 167 15
105 167 236
105 168 15
105 168 236
105 169 15
105 169 236
105 170 27
105 171 44
105 172 62
105 173 82
105 174 102
105 175 121
105 176 139
105 177 155
105 178 168
105 179 178
105 180 184
105 181 186
105 182 184
105 183 178
105 184 168
105 185 156
105 187 123
105 188 105
105 189 88
105 190 72
105 191 58
105 192 48
105 193 42
105 194 41
105 195 46
105 196 58
104 196 70
104 197 87
104 198 111
109 135 141
109 135 236
108 135 143
107 135 144
106 135 145
105 135 146
104 135 145
103 135 144
102 135 141
101 135 138
100 135 134
99 135 129
98 135 124
97 135 119
96 135 115
95 135 111
94 135 108
93 135 106
92 135 106
91 135 107
90 135 110
89 135 115
88 135 122
146 72 121
147 72 117
148 72 112
149 72 106
150 72 101
151 72 95
152 72 89
153 72 83
154 72 78
155 72 74
156 72 70
157 72 68
158 72 67
159 72 67
159 71 74
159 70 85
159 69 98
159 68 114
159 67 130
160 66 152
161 66 155
162 66 158
163 66 158
164 66 157
165 66 154
166 66 149
167 66 142
168 66 134
169 66 123
170 66 112
171 66 100
172 66 88
173 66 77
174 66 67
174 65 55
175 65 44
175 64 32
176 64 21
177 64 15
177 64 236
178 64 15
178 64 236
179 64 18
179 64 236
180 64 29
180 64 236
181 64 48
181 64 236
181 65 71
181 65 236
182 65 97
182 66 124
183 67 186
183 68 216
183 69 246
183 70 276
183 71 305
183 72 331
183 73 354
183 74 373
183 75 387
183 76 397
183 77 401
183 78 400
183 79 394
183 81 366
183 82 346
183 83 322
183 84 297
183 85 270
183 86 243
183 87 217
183 88 192
184 88 170
184 89 147
185 89 126
185 90 106
186 90 88
186 91 72
187 91 56
188 91 45
188 92 34
189 92 26
189 93 21
190 93 17
191 93 17
191 94 18
192 94 21
192 95 26
192 96 35
192 97 49
192 98 65
192 99 83
192 100 102
192 102 139
192 103 156
192 104 170
192 105 181
192 106 189
192 107 193
192 108 195
192 109 192
192 110 187
192 111 180
192 112 170
192 113 159
192 114 147
192 115 135
191 116 125
191 117 113
191 118 102
191 119 93
191 120 87
191 121 82
190 121 78
189 121 73
189 122 70
189 123 69
189 124 72
189 125 77
189 126 85
189 127 95
189 128 106
189 129 119
47 36 135
47 36 236
47 37 119
47 37 236
47 38 106
47 39 97
47 40 92
47 41 90
47 42 93
46 42 93
46 43 95
45 43 94
45 44 96
44 44 93
43 44 93
43 45 90
42 45 88
42 46 85
41 46 82
40 46 79
39 46 78
38 46 77
37 46 76
36 46 74
35 46 72
34 46 70
33 46 67
32 46 63
31 46 58
30 46 54
29 46 49
28 46 44
27 46 40
26 46 36
25 46 34
25 45 28
24 45 24
23 45 20
23 44 15
22 44 15
22 43 15
21 43 15
20 43 15
20 42 15
20 41 15
19 41 15
19 40 15
19 39 16
19 38 40
19 37 70
19 36 105
