199 106 26
199 106 16
199 106 16
199 106 16
199 106 16
199 106 16
199 106 16
199 106 16
160 150 26
104 126 26
134 79 26
112 185 26
57 95 26
150 157 26
150 157 16
150 157 16
150 157 16
150 157 16
150 157 16
150 157 16
150 157 16
150 157 16
150 157 16
150 157 16
150 157 16
150 157 16
150 157 16
150 157 16
150 157 16
150 157 16
150 157 16
150 157 16
150 157 16
150 157 16
150 157 16
150 157 16
150 157 16
150 157 16
150 157 16
150 157 16
150 157 16
150 157 16
150 157 16
150 157 16
150 157 16
150 157 16
150 157 16
150 157 16
150 157 16
150 157 16
150 157 16
171 143 26
160 137 26
160 137 16
198 119 26
198 119 16
198 119 16
198 119 16
198 119 16
198 119 16
198 119 16
198 119 16
198 119 16
198 119 16
198 119 16
198 119 16
198 119 16
198 119 16
198 119 16
198 119 16
198 119 16
198 119 16
198 119 16
198 119 16
198 119 16
198 119 16
198 119 16
198 119 16
198 119 16
198 119 16
198 119 16
198 119 16
198 119 16
198 119 16
198 119 16
198 119 16
198 119 16
198 119 16
198 119 16
198 119 16
198 119 16
198 119 16
198 119 16
198 119 16
198 119 16
198 119 16
198 119 16
198 119 16
198 119 16
199 93 26
188 99 26
188 99 16
188 99 16
188 99 16
188 99 16
188 99 16
188 99 16
188 99 16
188 99 16
188 99 16
188 99 16
188 99 16
188 99 16
188 99 16
188 99 16
188 99 16
188 99 16
188 99 16
188 99 16
188 99 16
188 99 16
188 99 16
188 99 16
188 99 16
188 99 16
188 99 16
188 99 16
188 99 16
188 99 16
188 99 16
172 156 26
199 80 26
199 80 16
199 80 16
199 80 16
199 80 16
199 80 16
199 80 16
199 80 16
199 80 16
199 80 16
199 80 16
199 80 16
199 80 16
199 80 16
199 80 16
199 80 16
199 80 16
199 80 16
199 80 16
199 80 16
199 80 16
199 80 16
199 80 16
199 80 16
199 80 16
199 80 16
199 80 16
199 80 16
199 80 16
199 80 16
199 80 16
199 80 16
199 80 16
199 80 16
199 80 16
199 80 16
199 80 16
199 80 16
199 80 16
199 80 16
110 174 26
110 174 16
110 174 16
110 174 16
110 174 16
110 174 16
110 174 16
110 174 16
110 174 16
110 174 16
110 174 16
110 174 16
110 174 16
110 174 16
110 174 16
122 179 26
183 150 26
184 163 26
184 163 16
184 163 16
189 86 26
179 79 26
179 79 16
179 79 16
124 191 26
124 191 16
124 191 16
124 191 16
124 191 16
124 191 16
124 191 16
124 191 16
124 191 16
124 191 16
124 191 16
124 191 16
124 191 16
124 191 16
124 191 16
124 191 16
124 191 16
124 191 16
124 191 16
124 191 16
124 191 16
124 191 16
124 191 16
124 191 16
124 191 16
124 191 16
124 191 16
124 191 16
124 191 16
124 191 16
196 157 26
196 157 16
196 157 16
196 157 16
196 157 16
196 157 16
196 157 16
196 157 16
196 157 16
196 157 16
196 157 16
190 73 26
190 73 16
190 73 16
190 73 16
190 73 16
190 73 16
190 73 16
179 65 26
179 65 16
179 65 16
179 65 16
179 65 16
179 65 16
179 65 16
179 65 16
179 65 16
179 65 16
179 65 16
179 65 16
179 65 16
179 65 16
179 65 16
179 65 16
179 65 16
179 65 16
179 65 16
179 65 16
179 65 16
179 65 16
179 65 16
179 65 16
179 65 16
179 65 16
179 65 16
179 65 16
179 65 16
179 65 16
179 65 16
179 65 16
179 65 16
145 86 26
145 86 16
145 86 16
145 86 16
145 86 16
145 86 16
145 86 16
145 86 16
145 86 16
149 144 26
149 144 16
146 72 26
146 72 16
146 72 16
146 72 16
146 72 16
146 72 16
149 132 26
149 132 16
149 132 16
149 132 16
149 132 16
149 132 16
149 132 16
149 132 16
149 132 16
149 132 16
149 132 16
149 132 16
149 132 16
149 132 16
149 132 16
149 132 16
149 132 16
149 132 16
149 132 16
149 132 16
149 132 16
149 132 16
149 132 16
149 132 16
149 132 16
149 132 16
149 132 16
149 132 16
149 132 16
167 85 26
167 85 16
167 85 16
167 85 16
167 85 16
167 85 16
167 85 16
167 85 16
167 85 16
167 85 16
167 85 16
167 85 16
167 85 16
167 85 16
167 85 16
167 85 16
167 85 16
167 85 16
167 85 16
167 85 16
167 85 16
167 85 16
167 85 16
167 85 16
167 85 16
167 85 16
167 85 16
167 85 16
167 85 16
167 85 16
167 85 16
167 85 16
167 85 16
167 85 16
167 85 16
167 85 16
167 85 16
167 85 16
167 85 16
167 85 16
167 85 16
167 85 16
167 85 16
167 85 16
167 85 16
167 85 16
167 85 16
167 85 16
167 85 16
167 85 16
167 85 16
167 85 16
116 131 26
116 131 16
116 131 16
116 131 16
116 131 16
116 131 16
116 131 16
116 131 16
116 131 16
116 131 16
116 131 16
116 131 16
168 72 26
168 72 16
168 72 16
168 72 16
168 72 16
168 72 16
168 72 16
168 72 16
168 72 16
168 72 16
168 72 16
168 72 16
168 72 16
168 72 16
168 72 16
168 72 16
168 72 16
168 72 16
168 72 16
168 72 16
168 72 16
168 72 16
168 72 16
168 72 16
168 72 16
168 72 16
168 72 16
168 72 16
168 72 16
168 72 16
168 72 16
168 72 16
168 72 16
168 72 16
168 72 16
168 72 16
168 72 16
168 72 16
168 72 16
168 72 16
168 72 16
168 72 16
168 72 16
168 72 16
168 72 16
196 170 26
196 170 16
196 170 16
196 170 16
196 170 16
196 170 16
196 170 16
196 170 16
196 170 16
196 170 16
196 170 16
196 170 16
196 170 16
196 170 16
196 170 16
196 170 16
196 170 16
196 170 16
196 170 16
196 170 16
196 170 16
196 170 16
196 170 16
196 170 16
196 170 16
196 170 16
196 170 16
196 170 16
196 170 16
196 170 16
196 170 16
196 170 16
196 170 16
196 170 16
196 170 16
196 170 16
196 170 16
196 170 16
196 170 16
196 170 16
196 170 16
196 170 16
196 170 16
196 170 16
138 140 26
138 140 16
138 140 16
138 140 16
138 140 16
138 140 16
138 140 16
138 140 16
138 140 16
138 140 16
138 140 16
138 140 16
138 140 16
138 140 16
138 140 16
138 140 16
138 140 16
138 140 16
138 140 16
138 140 16
138 140 16
138 140 16
138 140 16
138 140 16
138 140 16
138 140 16
138 140 16
138 140 16
138 140 16
138 140 16
138 140 16
138 140 16
138 140 16
138 140 16
138 140 16
138 140 16
138 140 16
138 140 16
138 140 16
173 169 26
173 169 16
173 169 16
173 169 16
173 169 16
173 169 16
173 169 16
173 169 16
173 169 16
173 169 16
173 169 16
173 169 16
173 169 16
173 169 16
173 169 16
173 169 16
173 169 16
173 169 16
173 169 16
173 169 16
173 169 16
173 169 16
173 169 16
173 169 16
173 169 16
173 169 16
173 169 16
173 169 16
173 169 16
173 169 16
173 169 16
173 169 16
173 169 16
173 169 16
173 169 16
173 169 16
173 169 16
173 169 16
173 169 16
173 169 16
173 169 16
104 139 26
104 139 16
104 139 16
104 139 16
104 139 16
104 139 16
104 139 16
157 78 26
157 78 16
157 78 16
157 78 16
157 78 16
157 78 16
157 78 16
157 78 16
157 78 16
157 78 16
157 78 16
157 78 16
157 78 16
157 78 16
157 78 16
157 78 16
157 78 16
157 78 16
157 78 16
157 78 16
157 78 16
157 78 16
157 78 16
157 78 16
157 78 16
157 78 16
157 78 16
157 78 16
157 78 16
157 78 16
157 78 16
157 78 16
157 78 16
157 78 16
157 78 16
157 78 16
157 78 16
157 78 16
157 78 16
157 78 16
157 78 16
157 78 16
196 144 26
196 144 16
196 144 16
196 144 16
196 144 16
196 144 16
196 144 16
196 144 16
196 144 16
196 144 16
196 144 16
196 144 16
196 144 16
196 144 16
196 144 16
196 144 16
196 144 16
196 144 16
196 144 16
196 144 16
196 144 16
196 144 16
196 144 16
196 144 16
196 144 16
196 144 16
196 144 16
196 144 16
196 144 16
196 144 16
196 144 16
196 144 16
196 144 16
196 144 16
188 99 16
188 99 16
188 99 16
188 99 16
188 99 16
188 99 16
188 99 16
188 99 16
188 99 16
188 99 16
188 99 16
188 99 16
188 99 16
188 99 16
188 99 16
188 99 16
188 99 16
188 99 16
188 99 16
188 99 16
188 99 16
188 99 16
188 99 16
188 99 16
188 99 16
188 99 16
188 99 16
188 99 16
188 99 16
188 99 16
188 99 16
188 99 16
188 99 16
188 99 16
188 99 16
188 99 16
188 99 16
188 99 16
188 99 16
188 99 16
188 99 16
188 99 16
188 99 16
188 99 16
188 99 16
188 99 16
188 99 16
188 99 16
188 99 16
188 99 16
188 99 16
188 99 16
188 99 16
188 99 16
188 99 16
188 99 16
188 99 16
188 99 16
188 99 16
188 99 16
188 99 16
188 99 16
188 99 16
188 99 16
188 99 16
134 65 26
134 65 16
134 65 16
134 65 16
134 65 16
134 65 16
134 65 16
134 65 16
134 65 16
134 65 16
134 65 16
134 65 16
134 65 16
134 65 16
134 65 16
134 65 16
134 65 16
134 65 16
134 65 16
134 65 16
134 65 16
134 65 16
134 65 16
134 65 16
134 65 16
134 65 16
134 65 16
134 65 16
134 65 16
134 65 16
134 65 16
134 65 16
134 65 16
134 65 16
134 65 16
158 65 26
158 65 16
158 65 16
158 65 16
158 65 16
158 65 16
158 65 16
158 65 16
158 65 16
158 65 16
158 65 16
158 65 16
158 65 16
158 65 16
158 65 16
158 65 16
158 65 16
158 65 16
158 65 16
158 65 16
158 65 16
158 65 16
158 65 16
158 65 16
158 65 16
158 65 16
158 65 16
158 65 16
158 65 16
158 65 16
158 65 16
158 65 16
158 65 16
158 65 16
158 65 16
158 65 16
158 65 16
158 65 16
158 65 16
158 65 16
158 65 16
158 65 16
158 65 16
158 65 16
158 65 16
158 65 16
158 65 16
158 65 16
158 65 16
158 65 16
158 65 16
158 65 16
158 65 16
69 89 26
69 89 16
69 89 16
69 89 16
69 89 16
69 89 16
58 81 26
172 131 26
172 131 16
172 131 16
172 131 16
172 131 16
172 131 16
172 131 16
172 131 16
172 131 16
172 131 16
172 131 16
172 131 16
172 131 16
172 131 16
172 131 16
172 131 16
172 131 16
172 131 16
172 131 16
179 65 16
179 65 16
179 65 16
179 65 16
179 65 16
179 65 16
179 65 16
179 65 16
179 65 16
179 65 16
179 65 16
179 65 16
179 65 16
179 65 16
179 65 16
179 65 16
179 65 16
179 65 16
179 65 16
179 65 16
179 65 16
179 65 16
179 65 16
179 65 16
179 65 16
179 65 16
179 65 16
179 65 16
179 65 16
179 65 16
179 65 16
179 65 16
179 65 16
179 65 16
179 65 16
179 65 16
179 65 16
179 65 16
179 65 16
179 65 16
179 65 16
179 65 16
179 65 16
179 65 16
179 65 16
179 65 16
179 65 16
179 65 16
179 65 16
179 65 16
179 65 16
179 65 16
179 65 16
179 65 16
179 65 16
179 65 16
179 65 16
179 65 16
179 65 16
184 137 26
184 137 16
184 137 16
184 137 16
184 137 16
184 137 16
184 137 16
184 137 16
184 137 16
184 137 16
184 137 16
184 137 16
184 137 16
184 137 16
184 137 16
184 137 16
184 137 16
184 137 16
184 137 16
184 137 16
184 137 16
184 137 16
184 137 16
184 137 16
184 137 16
184 137 16
184 137 16
184 137 16
184 137 16
184 137 16
184 137 16
184 137 16
184 137 16
184 137 16
184 137 16
184 137 16
184 137 16
184 137 16
184 137 16
161 125 26
161 125 16
161 125 16
161 125 16
161 125 16
161 125 16
161 125 16
161 125 16
161 125 16
161 125 16
161 125 16
161 125 16
161 125 16
161 125 16
161 125 16
161 125 16
161 125 16
161 125 16
161 125 16
161 125 16
161 125 16
161 125 16
161 125 16
161 125 16
161 125 16
161 125 16
161 125 16
161 125 16
161 125 16
161 125 16
161 125 16
161 125 16
161 125 16
161 125 16
161 125 16
161 125 16
161 125 16
161 125 16
161 125 16
161 125 16
161 125 16
161 125 16
161 125 16
161 125 16
46 87 26
46 87 16
46 87 16
46 87 16
46 87 16
46 87 16
46 87 16
46 87 16
46 87 16
46 87 16
149 132 16
149 132 16
149 132 16
149 132 16
149 132 16
149 132 16
149 132 16
149 132 16
149 132 16
149 132 16
149 132 16
149 132 16
149 132 16
149 132 16
149 132 16
149 132 16
149 132 16
149 132 16
149 132 16
149 132 16
149 132 16
149 132 16
149 132 16
149 132 16
149 132 16
149 132 16
149 132 16
149 132 16
149 132 16
149 132 16
149 132 16
149 132 16
149 132 16
149 132 16
149 132 16
149 132 16
149 132 16
149 132 16
149 132 16
149 132 16
149 132 16
149 132 16
149 132 16
149 132 16
149 132 16
149 132 16
149 132 16
149 132 16
149 132 16
149 132 16
149 132 16
149 132 16
149 132 16
149 132 16
149 132 16
149 132 16
149 132 16
149 132 16
149 132 16
149 132 16
149 132 16
149 132 16
149 132 16
149 132 16
149 132 16
149 132 16
149 132 16
149 132 16
149 132 16
149 132 16
149 132 16
149 132 16
149 132 16
149 132 16
149 132 16
149 132 16
149 132 16
149 132 16
149 132 16
149 132 16
149 132 16
149 132 16
149 132 16
149 132 16
149 132 16
149 132 16
149 132 16
149 132 16
149 132 16
149 132 16
149 132 16
149 132 16
149 132 16
149 132 16
149 132 16
149 132 16
149 132 16
149 132 16
149 132 16
149 132 16
149 132 16
149 132 16
149 132 16
149 132 16
149 132 16
149 132 16
149 132 16
149 132 16
149 132 16
139 152 26
139 152 16
139 152 16
139 152 16
139 152 16
139 152 16
139 152 16
139 152 16
139 152 16
139 152 16
139 152 16
139 152 16
139 152 16
139 152 16
139 152 16
139 152 16
139 152 16
139 152 16
139 152 16
139 152 16
139 152 16
139 152 16
139 152 16
139 152 16
139 152 16
139 152 16
139 152 16
139 152 16
139 152 16
139 152 16
139 152 16
139 152 16
139 152 16
139 152 16
139 152 16
139 152 16
139 152 16
139 152 16
139 152 16
139 152 16
139 152 16
139 152 16
139 152 16
139 152 16
139 152 16
139 152 16
139 152 16
139 152 16
139 152 16
157 78 16
157 78 16
128 148 26
128 148 16
128 148 16
128 148 16
128 148 16
128 148 16
128 148 16
128 148 16
128 148 16
128 148 16
128 148 16
128 148 16
128 148 16
128 148 16
128 148 16
128 148 16
128 148 16
128 148 16
128 148 16
128 148 16
128 148 16
128 148 16
128 148 16
128 148 16
128 148 16
128 148 16
128 148 16
128 148 16
128 148 16
128 148 16
128 148 16
128 148 16
128 148 16
128 148 16
128 148 16
128 148 16
128 148 16
128 148 16
128 148 16
128 148 16
128 148 16
128 148 16
128 148 16
128 148 16
128 148 16
128 148 16
128 148 16
128 148 16
128 148 16
128 148 16
128 148 16
128 148 16
128 148 16
128 148 16
128 148 16
128 148 16
128 148 16
128 148 16
128 148 16
128 148 16
128 148 16
184 137 16
184 137 16
184 137 16
184 137 16
184 137 16
184 137 16
184 137 16
184 137 16
184 137 16
184 137 16
184 137 16
184 137 16
184 137 16
184 137 16
184 137 16
184 137 16
184 137 16
184 137 16
184 137 16
184 137 16
184 137 16
184 137 16
184 137 16
184 137 16
184 137 16
184 137 16
184 137 16
138 140 16
138 140 16
138 140 16
138 140 16
138 140 16
138 140 16
138 140 16
138 140 16
138 140 16
127 136 26
127 136 16
135 79 15
136 79 15
137 79 15
137 78 15
138 78 15
139 78 15
140 78 15
141 78 15
142 78 15
142 78 14
143 78 15
143 78 14
144 78 15
144 78 14
145 78 15
145 78 14
145 78 14
146 78 27
146 78 14
146 78 14
147 78 93
148 78 164
149 78 237
150 78 311
151 78 384
152 78 454
153 78 519
154 78 578
155 78 630
156 78 672
158 78 731
158 78 14
158 78 14
158 78 14
158 78 14
158 78 14
158 78 14
158 78 14
158 78 14
158 78 14
158 78 14
158 78 14
158 78 14
158 78 14
159 78 747
159 78 14
159 78 14
159 78 14
159 78 14
159 78 14
159 78 14
159 78 14
159 78 14
159 78 14
159 78 14
159 78 14
159 78 14
159 78 14
159 78 14
159 78 14
159 78 14
159 78 14
159 78 14
159 78 14
159 78 14
159 78 14
159 78 14
159 78 14
159 78 14
159 78 14
159 78 14
159 78 14
160 78 753
160 78 14
160 78 14
160 78 14
160 78 14
160 78 14
160 78 14
160 78 14
160 78 14
160 78 14
160 78 14
160 78 14
160 78 14
160 78 14
160 78 14
160 78 14
160 78 14
160 78 14
160 78 14
160 78 14
160 78 14
160 78 14
160 78 14
160 78 14
160 78 14
160 78 14
160 78 14
160 78 14
160 78 14
160 78 14
160 78 14
160 78 14
160 78 14
160 78 14
160 78 14
160 78 14
160 78 14
160 78 14
160 78 14
160 78 14
161 78 752
161 78 14
161 78 14
161 78 14
161 78 14
161 78 14
161 78 14
161 78 14
161 78 14
161 78 14
161 78 14
161 78 14
161 78 14
161 78 14
161 78 14
161 78 14
161 78 14
161 78 14
161 78 14
161 78 14
161 78 14
161 78 14
161 78 14
161 78 14
161 78 14
161 78 14
161 78 14
161 78 14
161 78 14
161 78 14
161 78 14
161 78 14
161 78 14
161 78 14
161 78 14
161 78 14
161 78 14
161 78 14
161 78 14
161 78 14
161 78 14
161 78 14
161 78 14
161 78 14
161 78 14
161 78 14
161 78 14
161 78 14
161 78 14
161 78 14
162 78 743
162 78 14
162 78 14
162 78 14
162 78 14
162 78 14
162 78 14
162 78 14
162 78 14
162 78 14
162 78 14
162 78 14
162 78 14
162 78 14
162 78 14
162 78 14
162 78 14
162 78 14
162 78 14
162 78 14
162 78 14
162 78 14
162 78 14
162 78 14
162 78 14
162 78 14
162 78 14
162 78 14
162 78 14
162 78 14
162 78 14
162 78 14
162 78 14
162 78 14
162 78 14
162 78 14
162 78 14
162 78 14
162 78 14
162 78 14
162 78 14
162 78 14
162 78 14
162 78 14
162 78 14
162 78 14
162 78 14
162 78 14
162 78 14
162 78 14
162 78 14
162 78 14
162 78 14
162 78 14
162 78 14
162 78 14
162 78 14
162 78 14
162 78 14
163 78 728
163 78 14
163 78 14
163 78 14
163 78 14
163 78 14
163 78 14
163 78 14
163 78 14
163 78 14
163 78 14
163 78 14
163 78 14
163 78 14
163 78 14
163 78 14
163 78 14
163 78 14
163 78 14
163 78 14
163 78 14
163 78 14
163 78 14
163 78 14
163 78 14
163 78 14
163 78 14
163 78 14
163 78 14
163 78 14
163 78 14
163 78 14
163 78 14
163 78 14
163 78 14
163 78 14
163 78 14
163 78 14
163 78 14
163 78 14
163 78 14
163 78 14
163 78 14
163 78 14
163 78 14
163 78 14
163 78 14
163 78 14
163 78 14
163 78 14
163 78 14
163 78 14
163 78 14
163 78 14
163 78 14
163 78 14
163 78 14
163 78 14
163 78 14
163 78 14
163 78 14
163 78 14
163 78 14
163 78 14
163 78 14
163 78 14
164 78 706
164 78 14
164 78 14
164 78 14
164 78 14
164 78 14
164 78 14
164 78 14
164 78 14
164 78 14
164 78 14
164 78 14
164 78 14
164 78 14
164 78 14
164 78 14
164 78 14
164 78 14
164 78 14
164 78 14
164 78 14
164 78 14
164 78 14
164 78 14
164 78 14
164 78 14
164 78 14
164 78 14
164 78 14
164 78 14
164 78 14
164 78 14
164 78 14
164 78 14
164 78 14
164 78 14
164 78 14
164 78 14
164 78 14
164 78 14
164 78 14
164 78 14
164 78 14
164 78 14
164 78 14
164 78 14
164 78 14
164 78 14
164 78 14
164 78 14
164 78 14
164 78 14
164 78 14
164 78 14
164 78 14
164 78 14
164 78 14
164 78 14
164 78 14
164 78 14
164 78 14
164 78 14
164 78 14
164 78 14
164 78 14
164 78 14
164 78 14
164 78 14
164 78 14
164 78 14
165 78 680
165 78 14
165 78 14
165 78 14
165 78 14
165 78 14
165 78 14
165 78 14
165 78 14
165 78 14
165 78 14
165 78 14
165 78 14
165 78 14
165 78 14
165 78 14
165 78 14
165 78 14
165 78 14
165 78 14
165 78 14
165 78 14
165 78 14
165 78 14
165 78 14
165 78 14
165 78 14
165 78 14
165 78 14
165 78 14
165 78 14
165 78 14
165 78 14
165 78 14
165 78 14
165 78 14
165 78 14
165 78 14
165 78 14
165 78 14
165 78 14
165 78 14
165 78 14
165 78 14
165 78 14
165 78 14
165 78 14
165 78 14
165 78 14
165 78 14
165 78 14
165 78 14
165 78 14
165 78 14
165 78 14
165 78 14
165 78 14
165 78 14
165 78 14
165 78 14
165 78 14
165 78 14
165 78 14
165 78 14
165 78 14
165 78 14
165 78 14
165 78 14
165 78 14
165 78 14
165 78 14
165 78 14
166 78 650
166 78 14
166 78 14
166 78 14
166 78 14
166 78 14
166 78 14
166 78 14
166 78 14
166 78 14
166 78 14
166 78 14
166 78 14
166 78 14
166 78 14
166 78 14
166 78 14
166 78 14
166 78 14
166 78 14
166 78 14
166 78 14
166 78 14
166 78 14
166 78 14
166 78 14
166 78 14
166 78 14
166 78 14
166 78 14
166 78 14
166 78 14
166 78 14
166 78 14
166 78 14
166 78 14
166 78 14
166 78 14
166 78 14
166 78 14
166 78 14
166 78 14
166 78 14
166 78 14
166 78 14
166 78 14
166 78 14
166 78 14
166 78 14
166 78 14
166 78 14
166 78 14
166 78 14
166 78 14
166 78 14
166 78 14
166 78 14
166 78 14
166 78 14
166 78 14
166 78 14
166 78 14
166 78 14
166 78 14
166 78 14
166 78 14
166 78 14
166 78 14
166 78 14
167 78 617
167 78 14
167 78 14
167 78 14
167 78 14
167 78 14
167 78 14
167 78 14
167 78 14
167 78 14
167 78 14
167 78 14
167 78 14
167 78 14
167 78 14
167 78 14
167 78 14
167 78 14
167 78 14
167 78 14
167 78 14
167 78 14
167 78 14
167 78 14
167 78 14
167 78 14
167 78 14
167 78 14
167 78 14
167 78 14
167 78 14
167 78 14
167 78 14
167 78 14
167 78 14
167 78 14
167 78 14
167 78 14
167 78 14
167 78 14
167 78 14
167 78 14
167 78 14
167 78 14
167 78 14
167 78 14
167 78 14
167 78 14
167 78 14
167 78 14
167 78 14
167 78 14
167 78 14
167 78 14
167 78 14
167 78 14
167 78 14
167 78 14
167 78 14
167 78 14
167 78 14
168 78 581
168 78 14
168 78 14
168 78 14
168 78 14
168 78 14
168 78 14
168 78 14
168 78 14
168 78 14
168 78 14
168 78 14
168 78 14
168 78 14
168 78 14
168 78 14
168 78 14
168 78 14
168 78 14
168 78 14
168 78 14
168 78 14
168 78 14
168 78 14
168 78 14
168 78 14
168 78 14
168 78 14
168 78 14
168 78 14
168 78 14
168 78 14
168 78 14
168 78 14
168 78 14
168 78 14
168 78 14
168 78 14
168 78 14
168 78 14
168 78 14
168 78 14
168 78 14
168 78 14
168 78 14
168 78 14
168 78 14
168 78 14
169 78 543
169 78 14
169 78 14
169 78 14
169 78 14
169 78 14
169 78 14
169 78 14
169 78 14
169 78 14
169 78 14
169 78 14
169 78 14
169 78 14
169 78 14
169 78 14
169 78 14
169 78 14
169 78 14
169 78 14
169 78 14
169 78 14
169 78 14
169 78 14
169 78 14
169 78 14
169 78 14
169 78 14
169 78 14
169 78 14
169 78 14
169 78 14
170 78 502
170 78 14
170 78 14
170 78 14
170 78 14
170 78 14
170 78 14
170 78 14
170 78 14
170 78 14
170 78 14
170 78 14
170 78 14
170 78 14
170 78 14
171 78 460
171 78 14
172 78 416
173 78 370
174 78 322
175 78 272
176 78 220
177 78 166
178 78 112
179 78 57
180 79 15
180 79 14
180 79 14
180 79 14
181 79 15
181 79 14
181 79 14
181 80 15
181 80 14
181 80 14
181 81 15
181 81 14
181 81 14
182 81 15
182 81 14
182 81 14
182 82 15
182 82 14
182 82 14
183 82 15
183 82 14
183 83 15
183 83 14
184 83 15
184 83 14
185 83 15
185 83 14
186 83 15
186 84 15
187 84 15
187 85 15
188 85 15
189 85 15
190 86 15
191 86 15
192 86 15
193 86 15
194 86 42
194 87 61
195 87 84
195 88 94
195 89 108
196 89 109
196 90 112
197 90 107
197 91 97
198 91 86
198 92 65
199 92 49
199 94 15
199 95 15
199 96 15
199 97 15
199 98 15
199 99 15
199 100 15
199 101 15
199 102 15
199 102 14
199 103 32
199 104 61
199 105 94
104 127 15
104 128 15
104 129 15
104 130 15
104 130 14
104 131 15
104 131 14
104 132 15
104 132 14
104 133 15
104 133 14
104 134 15
104 134 14
104 134 14
105 134 15
105 134 14
106 134 49
107 134 86
108 134 120
109 134 149
110 134 171
111 134 186
112 134 192
113 134 190
114 134 179
115 134 160
115 134 14
115 134 14
115 134 14
115 134 14
115 134 14
115 134 14
115 134 14
116 134 134
116 134 14
116 134 14
116 134 14
116 134 14
116 134 14
116 134 14
116 134 14
116 134 14
116 134 14
116 134 14
116 134 14
116 134 14
116 134 14
116 134 14
116 134 14
117 134 103
117 134 14
117 134 14
117 134 14
117 134 14
117 134 14
117 134 14
117 134 14
117 134 14
117 134 14
117 134 14
117 134 14
117 134 14
117 134 14
117 134 14
117 134 14
117 134 14
117 134 14
117 134 14
117 134 14
117 134 14
117 134 14
117 134 14
117 134 14
118 134 69
118 134 14
118 134 14
118 134 14
118 134 14
118 134 14
118 134 14
118 134 14
118 134 14
118 134 14
118 134 14
118 134 14
118 134 14
118 134 14
118 134 14
118 134 14
118 134 14
118 134 14
118 134 14
118 134 14
118 134 14
118 134 14
118 134 14
118 134 14
118 134 14
118 134 14
118 134 14
118 134 14
118 134 14
118 134 14
119 134 35
119 134 14
119 134 14
119 134 14
119 134 14
119 134 14
119 134 14
119 134 14
119 134 14
119 134 14
119 134 14
119 134 14
119 134 14
119 134 14
119 134 14
119 134 14
119 134 14
119 134 14
119 134 14
119 134 14
119 134 14
119 134 14
119 134 14
119 134 14
119 134 14
119 134 14
119 134 14
119 134 14
119 134 14
119 134 14
119 134 14
119 134 14
120 134 15
120 134 14
120 134 14
120 134 14
120 134 14
120 134 14
120 134 14
120 134 14
120 134 14
120 134 14
120 134 14
120 134 14
120 134 14
120 134 14
120 134 14
120 134 14
120 134 14
120 134 14
120 134 14
120 134 14
120 134 14
120 134 14
120 134 14
120 134 14
120 134 14
120 134 14
120 134 14
120 134 14
120 134 14
120 134 14
120 135 15
120 135 14
120 135 14
120 135 14
120 135 14
120 135 14
120 135 14
120 135 14
120 135 14
120 135 14
120 135 14
120 135 14
120 135 14
120 135 14
120 135 14
120 135 14
120 135 14
120 135 14
120 135 14
120 135 14
120 135 14
120 135 14
120 135 14
120 135 14
120 135 14
120 135 14
120 135 14
120 135 14
120 135 14
120 135 14
120 135 14
120 135 14
120 135 14
120 135 14
121 135 15
121 135 14
121 135 14
121 135 14
121 135 14
121 135 14
121 135 14
121 135 14
121 135 14
121 135 14
121 135 14
121 135 14
121 135 14
121 135 14
121 135 14
121 135 14
121 135 14
121 135 14
121 135 14
121 135 14
121 135 14
121 135 14
121 135 14
121 135 14
121 135 14
121 135 14
121 135 14
121 136 15
121 136 14
121 136 14
121 136 14
121 136 14
121 136 14
121 136 14
121 136 14
121 136 14
121 136 14
121 136 14
121 136 14
121 136 14
121 136 14
121 136 14
121 136 14
121 136 14
121 136 14
121 136 14
121 136 14
121 136 14
121 136 14
121 136 14
121 136 14
121 136 14
121 136 14
121 136 14
121 136 14
121 136 14
122 136 15
122 136 14
122 136 14
122 136 14
122 136 14
122 136 14
122 136 14
122 136 14
122 136 14
122 136 14
122 136 14
122 136 14
122 136 14
122 136 14
122 136 14
122 136 14
122 136 14
122 136 14
122 136 14
122 136 14
123 136 15
123 136 14
123 136 14
123 136 14
123 136 14
123 136 14
123 136 14
123 136 14
123 136 14
123 136 14
123 136 14
123 136 14
123 136 14
124 136 15
124 136 14
124 136 14
124 136 14
124 136 14
124 136 14
124 136 14
124 136 14
125 136 15
125 136 14
125 136 14
125 136 14
125 136 14
126 136 15
126 136 14
126 136 14
127 137 49
127 138 80
128 138 124
128 139 164
129 139 212
129 140 259
130 140 305
130 141 357
131 141 397
132 141 442
132 142 481
133 142 513
134 142 543
134 143 566
135 143 577
136 143 585
137 143 587
137 143 14
137 143 14
137 144 575
138 144 556
139 144 530
140 144 497
141 144 459
141 145 412
141 145 14
141 145 14
141 145 14
141 145 14
142 145 358
142 145 14
142 145 14
142 145 14
142 145 14
142 145 14
142 145 14
143 145 301
143 145 14
143 145 14
143 145 14
143 145 14
143 145 14
143 145 14
143 145 14
144 145 243
144 145 14
144 145 14
144 145 14
144 145 14
144 145 14
144 145 14
144 145 14
145 145 183
145 145 14
145 145 14
145 145 14
145 145 14
145 145 14
145 145 14
146 145 124
146 145 14
146 145 14
146 145 14
146 145 14
147 145 67
147 145 14
147 145 14
147 145 14
148 145 15
148 145 14
148 145 14
148 145 14
148 145 14
149 145 15
149 145 14
149 145 14
150 145 15
150 145 14
150 146 15
150 146 14
150 146 14
150 147 15
150 147 14
150 147 14
150 148 15
150 148 14
150 148 14
150 148 14
150 148 14
150 149 15
150 149 14
150 149 14
150 149 14
150 149 14
150 149 14
150 149 14
150 150 15
150 150 14
150 150 14
150 150 14
150 150 14
150 150 14
150 150 14
150 150 14
150 150 14
151 150 15
151 150 14
151 150 14
151 150 14
151 150 14
151 150 14
152 150 15
152 150 14
152 150 14
152 150 14
152 150 14
153 150 15
153 150 14
153 150 14
153 150 14
154 150 15
154 150 14
154 150 14
155 150 15
155 150 14
155 150 14
156 150 15
156 150 14
157 150 15
157 150 14
158 150 15
158 150 14
159 150 15
159 150 14
