184 18 26
184 18 16
147 33 26
147 33 16
147 33 16
5 95 26
17 35 26
189 73 26
174 158 26
6 193 26
6 193 16
6 193 16
6 193 16
6 193 16
6 193 16
6 193 16
6 193 16
6 193 16
6 193 16
6 193 16
6 193 16
6 193 16
6 193 16
6 193 16
6 193 16
6 193 16
6 193 16
6 193 16
6 193 16
6 193 16
6 193 16
6 193 16
6 193 16
140 84 26
140 84 16
140 84 16
140 84 16
140 84 16
140 84 16
140 84 16
140 84 16
140 84 16
140 84 16
140 84 16
140 84 16
140 84 16
140 84 16
67 163 26
84 88 26
84 88 16
84 88 16
84 88 16
84 88 16
84 88 16
175 25 26
175 25 16
175 25 16
175 25 16
175 25 16
175 25 16
175 25 16
175 25 16
175 25 16
157 26 26
157 26 16
157 26 16
157 26 16
157 26 16
157 26 16
157 26 16
174 12 26
174 12 16
174 12 16
174 12 16
174 12 16
174 12 16
174 12 16
174 12 16
174 12 16
174 12 16
174 12 16
174 12 16
174 12 16
174 12 16
174 12 16
174 12 16
174 12 16
174 12 16
174 12 16
174 12 16
174 12 16
174 12 16
174 12 16
174 12 16
174 12 16
174 12 16
174 12 16
174 12 16
174 12 16
174 12 16
158 39 26
167 32 26
167 32 16
167 32 16
167 32 16
167 32 16
167 32 16
167 32 16
167 32 16
167 32 16
167 32 16
167 32 16
167 32 16
167 32 16
19 47 26
19 47 16
19 47 16
19 47 16
19 47 16
19 47 16
19 47 16
19 47 16
19 47 16
19 47 16
19 47 16
19 47 16
19 47 16
19 47 16
19 47 16
19 47 16
19 47 16
19 47 16
19 47 16
19 47 16
19 47 16
19 47 16
19 47 16
19 47 16
19 47 16
19 47 16
19 47 16
19 47 16
19 47 16
19 47 16
19 47 16
19 47 16
19 47 16
19 47 16
19 47 16
19 47 16
19 47 16
19 47 16
17 22 26
17 22 16
17 22 16
17 22 16
17 22 16
17 22 16
17 22 16
17 22 16
17 22 16
17 22 16
17 22 16
17 22 16
17 22 16
17 22 16
17 22 16
17 22 16
17 22 16
17 22 16
17 22 16
17 22 16
17 22 16
17 22 16
17 22 16
17 22 16
17 22 16
17 22 16
17 22 16
17 22 16
17 22 16
17 22 16
17 22 16
17 22 16
17 22 16
199 66 26
189 59 26
186 32 26
195 25 26
195 25 16
147 46 26
174 145 26
174 145 16
174 145 16
174 145 16
174 145 16
174 145 16
174 145 16
174 145 16
174 145 16
174 145 16
174 145 16
174 145 16
186 152 26
6 108 26
6 108 16
6 108 16
6 108 16
6 108 16
6 108 16
6 108 16
6 108 16
6 108 16
6 108 16
6 108 16
6 108 16
17 101 26
17 101 16
17 101 16
17 101 16
17 101 16
17 101 16
6 41 26
5 29 26
5 29 16
5 29 16
5 29 16
5 29 16
5 29 16
5 29 16
5 29 16
5 29 16
5 29 16
5 29 16
5 29 16
5 29 16
5 29 16
5 29 16
5 29 16
5 29 16
199 53 26
199 53 16
199 53 16
197 39 26
0 35 26
186 165 26
186 165 16
186 165 16
186 165 16
186 165 16
186 165 16
186 165 16
16 88 26
16 88 16
56 170 26
56 170 16
56 170 16
56 170 16
56 170 16
56 170 16
56 170 16
56 170 16
56 170 16
56 170 16
56 170 16
56 170 16
56 170 16
56 170 16
56 170 16
56 170 16
56 170 16
56 170 16
56 170 16
56 170 16
56 170 16
56 170 16
56 170 16
56 170 16
56 170 16
56 170 16
56 170 16
56 170 16
56 170 16
17 199 26
17 199 16
17 199 16
17 199 16
17 199 16
17 199 16
17 199 16
17 199 16
17 199 16
17 199 16
17 186 26
17 186 16
17 186 16
17 186 16
17 186 16
17 186 16
17 186 16
17 186 16
17 186 16
17 186 16
17 186 16
17 186 16
17 186 16
17 186 16
17 186 16
17 186 16
17 186 16
17 186 16
17 186 16
17 186 16
17 186 16
17 186 16
17 186 16
17 186 16
17 186 16
17 186 16
17 186 16
17 186 16
17 186 16
17 186 16
17 186 16
17 186 16
17 186 16
17 186 16
17 186 16
17 186 16
17 186 16
17 186 16
17 186 16
17 186 16
17 186 16
17 186 16
17 186 16
157 53 26
157 53 16
142 71 26
142 71 16
142 71 16
142 71 16
142 71 16
142 71 16
142 71 16
142 71 16
142 71 16
142 71 16
142 71 16
142 71 16
142 71 16
142 71 16
142 71 16
142 71 16
142 71 16
142 71 16
142 71 16
142 71 16
142 71 16
142 71 16
142 71 16
142 71 16
142 71 16
142 71 16
142 71 16
142 71 16
142 71 16
142 71 16
142 71 16
142 71 16
142 71 16
142 71 16
142 71 16
142 71 16
142 71 16
0 47 26
56 156 26
56 156 16
67 149 26
4 82 26
4 82 16
4 82 16
4 82 16
4 82 16
4 82 16
4 82 16
4 82 16
4 82 16
4 82 16
4 82 16
4 82 16
4 82 16
4 82 16
4 82 16
4 82 16
4 82 16
4 82 16
4 82 16
4 82 16
4 82 16
4 82 16
4 82 16
4 82 16
4 82 16
4 82 16
4 82 16
4 82 16
4 82 16
4 82 16
4 82 16
4 82 16
167 59 26
167 59 16
167 59 16
167 59 16
167 59 16
167 59 16
167 59 16
167 59 16
167 59 16
167 59 16
167 59 16
167 59 16
167 59 16
167 59 16
167 59 16
167 59 16
167 59 16
167 59 16
167 59 16
167 59 16
167 59 16
167 59 16
167 59 16
167 59 16
167 59 16
167 59 16
167 59 16
167 59 16
167 59 16
167 59 16
167 59 16
167 59 16
167 59 16
187 46 26
167 46 26
167 46 16
167 46 16
167 46 16
167 46 16
167 46 16
167 46 16
167 46 16
167 46 16
167 46 16
167 46 16
167 46 16
147 20 26
147 20 16
147 20 16
147 20 16
147 20 16
147 20 16
147 20 16
147 20 16
147 20 16
147 20 16
147 20 16
147 20 16
147 20 16
147 20 16
147 20 16
147 20 16
147 20 16
147 20 16
147 20 16
147 20 16
147 20 16
147 20 16
147 20 16
147 20 16
147 20 16
147 20 16
147 20 16
147 20 16
147 20 16
147 20 16
147 20 16
174 171 26
174 171 16
174 171 16
174 171 16
174 171 16
174 171 16
174 171 16
174 171 16
174 171 16
174 171 16
174 171 16
174 171 16
78 156 26
78 156 16
78 156 16
78 156 16
78 156 16
78 156 16
78 156 16
78 156 16
78 156 16
78 156 16
78 156 16
78 156 16
78 156 16
78 156 16
78 156 16
78 156 16
78 156 16
78 156 16
78 156 16
78 156 16
78 156 16
78 156 16
78 156 16
78 156 16
78 156 16
78 156 16
78 156 16
78 156 16
78 156 16
78 156 16
78 156 16
78 156 16
78 156 16
78 156 16
78 156 16
78 156 16
177 39 26
177 39 16
177 39 16
177 39 16
177 39 16
177 39 16
177 39 16
177 39 16
177 39 16
177 39 16
177 39 16
177 39 16
177 39 16
28 192 26
28 192 16
28 192 16
28 192 16
28 192 16
28 192 16
28 192 16
28 192 16
28 192 16
28 192 16
28 192 16
28 192 16
28 192 16
28 192 16
28 192 16
28 192 16
28 192 16
28 192 16
28 192 16
28 192 16
28 192 16
28 192 16
28 192 16
28 192 16
28 192 16
28 192 16
28 192 16
28 192 16
28 192 16
28 192 16
28 192 16
28 192 16
28 192 16
28 192 16
28 192 16
28 192 16
28 192 16
28 192 16
28 192 16
28 192 16
28 192 16
28 192 16
28 192 16
28 192 16
28 192 16
28 192 16
28 192 16
28 192 16
28 192 16
28 192 16
28 192 16
28 192 16
28 192 16
28 192 16
28 192 16
28 192 16
28 192 16
28 192 16
28 192 16
28 192 16
57 142 26
57 142 16
57 142 16
57 142 16
57 142 16
57 142 16
57 142 16
57 142 16
57 142 16
57 142 16
57 142 16
57 142 16
57 142 16
57 142 16
57 142 16
57 142 16
57 142 16
57 142 16
57 142 16
57 142 16
57 142 16
57 142 16
57 142 16
57 142 16
57 142 16
57 142 16
57 142 16
29 28 26
29 28 16
29 28 16
29 28 16
29 28 16
29 28 16
29 28 16
186 138 26
186 138 16
186 138 16
186 138 16
186 138 16
186 138 16
186 138 16
186 138 16
186 138 16
186 138 16
186 138 16
186 138 16
186 138 16
186 138 16
186 138 16
186 138 16
186 138 16
186 138 16
186 138 16
186 138 16
186 138 16
186 138 16
186 138 16
186 138 16
186 138 16
30 41 26
43 34 26
43 34 16
43 34 16
43 34 16
43 34 16
43 34 16
43 34 16
43 34 16
43 34 16
43 34 16
43 34 16
43 34 16
43 34 16
43 34 16
43 34 16
43 34 16
43 34 16
43 34 16
43 34 16
43 34 16
43 34 16
43 34 16
43 34 16
43 34 16
43 34 16
43 34 16
43 34 16
43 34 16
43 34 16
43 34 16
43 34 16
43 34 16
43 34 16
43 34 16
43 34 16
43 34 16
43 34 16
43 34 16
28 95 26
28 95 16
28 95 16
28 95 16
28 95 16
28 95 16
28 95 16
28 95 16
28 95 16
28 95 16
28 95 16
28 95 16
28 95 16
28 95 16
28 95 16
28 95 16
28 95 16
28 95 16
28 95 16
28 95 16
28 95 16
28 95 16
28 95 16
28 95 16
28 95 16
94 95 26
94 95 16
94 95 16
83 101 26
6 179 26
6 179 16
6 179 16
6 179 16
6 179 16
6 179 16
6 179 16
6 179 16
6 179 16
6 179 16
6 179 16
6 179 16
6 179 16
6 179 16
6 179 16
6 179 16
6 179 16
6 179 16
6 179 16
6 179 16
6 179 16
6 179 16
6 179 16
5 165 26
16 158 26
5 151 26
16 144 26
16 144 16
16 144 16
16 144 16
16 144 16
16 144 16
16 144 16
16 144 16
16 144 16
16 144 16
27 82 26
27 82 16
27 82 16
27 82 16
27 82 16
27 82 16
27 82 16
27 82 16
27 82 16
27 82 16
27 82 16
27 82 16
27 82 16
27 82 16
27 82 16
27 82 16
27 82 16
27 82 16
27 82 16
27 82 16
27 82 16
27 82 16
27 82 16
27 82 16
27 82 16
27 82 16
27 82 16
27 82 16
27 82 16
27 82 16
27 82 16
27 82 16
27 82 16
27 82 16
27 82 16
27 82 16
27 82 16
27 82 16
27 82 16
27 82 16
27 82 16
27 82 16
27 82 16
27 82 16
5 137 26
5 137 16
5 137 16
5 137 16
5 137 16
5 137 16
5 137 16
5 137 16
5 137 16
5 137 16
5 137 16
5 137 16
5 137 16
5 137 16
5 137 16
5 137 16
5 137 16
5 137 16
5 137 16
5 137 16
5 137 16
5 137 16
5 137 16
5 137 16
5 137 16
5 137 16
5 137 16
5 137 16
5 137 16
5 137 16
5 137 16
5 137 16
5 137 16
5 137 16
5 137 16
5 137 16
5 137 16
5 137 16
5 137 16
5 137 16
5 137 16
5 137 16
5 137 16
27 150 26
27 150 16
27 150 16
27 150 16
27 150 16
27 150 16
27 150 16
27 150 16
27 150 16
27 150 16
27 150 16
27 150 16
27 150 16
27 150 16
27 150 16
27 150 16
27 150 16
27 150 16
27 150 16
27 150 16
27 150 16
27 150 16
27 150 16
27 150 16
27 150 16
27 150 16
27 150 16
27 150 16
27 150 16
27 150 16
27 150 16
27 150 16
27 150 16
27 150 16
27 150 16
27 150 16
27 150 16
27 150 16
27 150 16
27 150 16
186 178 26
186 178 16
186 178 16
186 178 16
186 178 16
186 178 16
186 178 16
186 178 16
186 178 16
186 178 16
186 178 16
186 178 16
186 178 16
186 178 16
186 178 16
186 178 16
186 178 16
186 178 16
186 178 16
186 178 16
186 178 16
186 178 16
186 178 16
186 178 16
186 178 16
186 178 16
186 178 16
186 178 16
186 178 16
186 178 16
186 178 16
186 178 16
186 178 16
186 178 16
186 178 16
186 178 16
186 178 16
186 178 16
186 178 16
186 178 16
186 178 16
186 178 16
186 178 16
186 178 16
186 178 16
186 178 16
186 178 16
198 158 26
198 158 16
198 158 16
198 158 16
198 158 16
198 158 16
198 158 16
198 158 16
198 158 16
198 158 16
198 158 16
198 145 26
198 145 16
198 145 16
198 145 16
198 145 16
198 145 16
198 145 16
198 145 16
198 145 16
198 145 16
198 145 16
198 145 16
198 145 16
198 145 16
198 145 16
198 145 16
198 145 16
198 145 16
198 145 16
198 145 16
198 145 16
198 145 16
198 145 16
198 145 16
198 145 16
198 145 16
198 145 16
198 145 16
198 145 16
198 145 16
198 145 16
198 145 16
198 145 16
198 145 16
198 145 16
198 145 16
198 145 16
162 165 26
162 151 26
162 151 16
162 151 16
162 151 16
162 151 16
162 151 16
162 151 16
162 151 16
162 151 16
162 151 16
162 151 16
162 151 16
162 151 16
162 151 16
162 151 16
162 151 16
162 151 16
162 151 16
162 151 16
162 151 16
162 151 16
162 151 16
162 151 16
162 151 16
162 151 16
162 151 16
162 151 16
162 151 16
162 151 16
162 151 16
162 151 16
162 151 16
163 178 26
163 178 16
163 178 16
150 171 26
150 171 16
150 171 16
150 171 16
150 171 16
150 171 16
150 171 16
150 171 16
93 108 26
93 108 16
93 108 16
93 108 16
93 108 16
93 108 16
93 108 16
93 108 16
93 108 16
93 108 16
93 108 16
93 108 16
93 108 16
93 108 16
93 108 16
93 108 16
93 108 16
17 115 26
17 115 16
17 115 16
17 115 16
17 115 16
17 115 16
17 115 16
17 115 16
17 115 16
17 129 26
17 129 16
17 129 16
17 129 16
17 129 16
17 129 16
17 129 16
0 59 26
0 59 16
0 59 16
0 59 16
0 59 16
0 59 16
0 59 16
0 59 16
0 59 16
0 59 16
0 59 16
0 59 16
0 59 16
0 59 16
0 59 16
0 59 16
0 59 16
0 59 16
0 59 16
0 59 16
0 59 16
0 59 16
151 185 26
72 94 26
72 94 16
72 94 16
72 94 16
72 94 16
72 94 16
72 94 16
72 94 16
72 94 16
72 94 16
72 94 16
72 94 16
72 94 16
72 94 16
72 94 16
72 94 16
72 94 16
72 94 16
72 94 16
72 94 16
72 94 16
72 94 16
72 94 16
72 94 16
72 94 16
72 94 16
72 94 16
72 94 16
72 94 16
72 94 16
72 94 16
72 94 16
72 94 16
72 94 16
72 94 16
72 94 16
72 94 16
72 94 16
72 94 16
72 94 16
72 94 16
72 94 16
72 94 16
95 82 26
95 82 16
95 82 16
95 82 16
95 82 16
95 82 16
95 82 16
95 82 16
95 82 16
95 82 16
95 82 16
95 82 16
95 82 16
95 82 16
95 82 16
95 82 16
95 82 16
95 82 16
95 82 16
95 82 16
95 82 16
95 82 16
95 82 16
95 82 16
95 82 16
95 82 16
95 82 16
95 82 16
95 82 16
95 82 16
95 82 16
95 82 16
95 82 16
95 82 16
95 82 16
95 82 16
95 82 16
95 82 16
95 82 16
95 82 16
95 82 16
95 82 16
95 82 16
138 97 26
138 97 16
138 97 16
138 97 16
138 97 16
138 97 16
127 90 26
127 90 16
127 90 16
127 90 16
127 90 16
127 90 16
127 90 16
127 90 16
8 53 26
8 53 16
8 53 16
8 53 16
8 53 16
8 53 16
8 53 16
8 53 16
8 53 16
8 53 16
8 53 16
8 53 16
8 53 16
8 53 16
8 53 16
8 53 16
8 53 16
8 53 16
8 53 16
8 53 16
8 53 16
8 53 16
8 53 16
8 53 16
8 53 16
8 53 16
8 53 16
8 53 16
8 53 16
8 53 16
8 53 16
8 53 16
8 53 16
8 53 16
8 53 16
8 53 16
8 53 16
8 53 16
8 53 16
8 53 16
8 53 16
8 53 16
126 103 26
126 103 16
126 103 16
126 103 16
126 103 16
126 103 16
126 103 16
126 103 16
126 103 16
126 103 16
126 103 16
126 103 16
126 103 16
126 103 16
126 103 16
126 103 16
126 103 16
126 103 16
126 103 16
126 103 16
126 103 16
126 103 16
126 103 16
126 103 16
126 103 16
126 103 16
126 103 16
126 103 16
126 103 16
126 103 16
126 103 16
126 103 16
126 103 16
126 103 16
126 103 16
126 103 16
126 103 16
126 103 16
126 103 16
126 103 16
44 46 26
46 58 26
46 58 16
46 58 16
46 58 16
46 58 16
46 58 16
46 58 16
46 58 16
46 58 16
46 58 16
46 58 16
46 58 16
46 58 16
46 58 16
46 58 16
46 58 16
46 58 16
46 58 16
46 58 16
46 58 16
46 58 16
46 58 16
46 58 16
46 58 16
46 58 16
46 58 16
46 58 16
46 58 16
46 58 16
46 58 16
32 53 26
32 53 16
32 53 16
32 53 16
32 53 16
32 53 16
32 53 16
32 53 16
139 178 26
139 178 16
139 178 16
139 178 16
139 178 16
139 178 16
139 178 16
139 178 16
139 178 16
139 178 16
139 192 26
28 122 26
129 77 26
129 77 16
129 77 16
129 77 16
129 77 16
129 77 16
129 77 16
129 77 16
129 77 16
129 77 16
129 77 16
129 77 16
129 77 16
129 77 16
129 77 16
129 77 16
129 77 16
129 77 16
129 77 16
129 77 16
129 77 16
129 77 16
129 77 16
129 77 16
129 77 16
129 77 16
129 77 16
129 77 16
129 77 16
129 77 16
129 77 16
129 77 16
129 77 16
129 77 16
129 77 16
129 77 16
129 77 16
129 77 16
129 77 16
129 77 16
129 77 16
129 77 16
127 185 26
127 185 16
127 185 16
127 185 16
127 185 16
127 185 16
127 185 16
127 185 16
127 185 16
127 185 16
127 185 16
127 185 16
127 185 16
127 185 16
127 185 16
127 185 16
127 185 16
127 185 16
127 185 16
127 185 16
127 185 16
127 185 16
127 185 16
127 185 16
127 185 16
127 185 16
127 185 16
127 185 16
127 185 16
127 185 16
127 185 16
127 185 16
127 185 16
127 185 16
127 185 16
127 185 16
127 185 16
127 185 16
127 185 16
127 185 16
127 185 16
127 185 16
151 198 26
151 198 16
151 198 16
151 198 16
151 198 16
151 198 16
151 198 16
151 198 16
151 198 16
151 198 16
151 198 16
151 198 16
151 198 16
151 198 16
151 198 16
151 198 16
151 198 16
151 198 16
151 198 16
151 198 16
151 198 16
151 198 16
151 198 16
151 198 16
151 198 16
151 198 16
151 198 16
151 198 16
151 198 16
151 198 16
151 198 16
151 198 16
151 198 16
151 198 16
151 198 16
151 198 16
151 198 16
151 198 16
151 198 16
151 198 16
151 198 16
151 91 26
151 91 16
151 91 16
151 91 16
151 91 16
151 91 16
151 91 16
151 91 16
151 91 16
151 91 16
151 91 16
151 91 16
151 91 16
151 91 16
151 91 16
151 91 16
151 91 16
151 91 16
151 91 16
151 91 16
151 91 16
151 91 16
151 91 16
151 91 16
151 91 16
151 91 16
151 91 16
151 91 16
151 91 16
151 91 16
151 91 16
151 91 16
151 91 16
151 91 16
151 91 16
27 136 26
27 136 16
27 136 16
27 136 16
199 80 26
199 80 16
199 80 16
199 80 16
199 80 16
199 80 16
199 80 16
199 80 16
199 80 16
199 80 16
199 80 16
199 80 16
199 80 16
199 80 16
199 80 16
199 80 16
46 58 16
46 58 16
46 58 16
46 58 16
46 58 16
46 58 16
46 58 16
46 58 16
46 58 16
46 58 16
46 58 16
46 58 16
46 58 16
46 58 16
46 58 16
46 58 16
46 58 16
46 58 16
46 58 16
46 58 16
46 58 16
46 58 16
46 58 16
46 58 16
46 58 16
46 58 16
46 58 16
46 58 16
46 58 16
46 58 16
46 58 16
198 172 26
198 172 16
198 172 16
198 172 16
198 172 16
38 129 26
47 136 26
47 136 16
47 136 16
47 136 16
47 136 16
47 136 16
47 136 16
47 136 16
47 136 16
47 136 16
47 136 16
47 136 16
47 136 16
47 136 16
47 136 16
47 136 16
47 136 16
47 136 16
47 136 16
47 136 16
47 136 16
47 136 16
47 136 16
47 136 16
47 136 16
47 136 16
47 136 16
47 136 16
47 136 16
47 136 16
47 136 16
47 136 16
104 102 26
104 102 16
104 102 16
104 102 16
115 96 26
115 96 16
115 96 16
115 96 16
105 88 26
105 88 16
105 88 16
105 88 16
105 88 16
105 88 16
105 88 16
117 83 26
117 83 16
117 83 16
117 83 16
117 83 16
117 83 16
117 83 16
117 83 16
117 83 16
117 83 16
117 83 16
117 83 16
117 83 16
117 83 16
117 83 16
117 83 16
117 83 16
117 83 16
117 83 16
117 83 16
117 83 16
117 83 16
117 83 16
117 83 16
1 70 26
1 70 16
1 70 16
1 70 16
1 70 16
1 70 16
1 70 16
1 70 16
1 70 16
1 70 16
1 70 16
1 70 16
1 70 16
1 70 16
1 70 16
1 70 16
1 70 16
1 70 16
1 70 16
1 70 16
1 70 16
1 70 16
1 70 16
1 70 16
1 70 16
1 70 16
1 70 16
1 70 16
1 70 16
1 70 16
1 70 16
1 70 16
1 70 16
1 70 16
1 70 16
1 70 16
1 70 16
1 70 16
1 70 16
1 70 16
1 70 16
1 70 16
1 70 16
1 70 16
1 70 16
1 70 16
1 70 16
1 70 16
1 70 16
29 15 26
29 15 16
29 15 16
29 15 16
29 15 16
29 15 16
29 15 16
29 15 16
29 15 16
29 15 16
29 15 16
29 15 16
29 15 16
29 15 16
29 15 16
29 15 16
29 15 16
29 15 16
29 15 16
29 15 16
29 15 16
29 15 16
29 15 16
29 15 16
29 15 16
29 15 16
29 15 16
29 15 16
29 15 16
29 15 16
29 15 16
29 15 16
29 15 16
29 15 16
29 15 16
29 15 16
29 15 16
29 15 16
29 15 16
29 15 16
29 15 16
29 15 16
29 15 16
29 15 16
29 15 16
29 15 16
29 15 16
29 15 16
29 15 16
29 15 16
29 15 16
29 15 16
29 15 16
29 15 16
29 15 16
29 15 16
29 15 16
29 15 16
29 15 16
29 15 16
29 15 16
17 22 16
17 22 16
17 22 16
17 22 16
17 22 16
17 22 16
17 22 16
17 22 16
17 22 16
17 22 16
17 22 16
17 22 16
17 22 16
17 22 16
17 22 16
17 22 16
17 22 16
17 22 16
17 22 16
17 22 16
17 22 16
17 22 16
17 22 16
178 53 26
178 53 16
178 53 16
178 53 16
178 53 16
174 132 26
174 132 16
174 132 16
174 132 16
174 132 16
174 132 16
174 132 16
174 132 16
174 132 16
174 132 16
174 132 16
174 132 16
174 132 16
174 132 16
174 132 16
174 132 16
174 132 16
174 132 16
174 132 16
174 132 16
174 132 16
174 132 16
174 132 16
174 132 16
174 132 16
174 132 16
174 132 16
174 132 16
174 132 16
174 132 16
174 132 16
174 132 16
174 132 16
174 132 16
174 132 16
174 132 16
174 132 16
174 132 16
174 132 16
174 132 16
174 132 16
174 132 16
145 59 26
145 59 16
145 59 16
145 59 16
145 59 16
145 59 16
145 59 16
145 59 16
145 59 16
145 59 16
145 59 16
145 59 16
145 59 16
145 59 16
145 59 16
145 59 16
145 59 16
145 59 16
145 59 16
145 59 16
145 59 16
145 59 16
145 59 16
145 59 16
145 59 16
145 59 16
145 59 16
39 115 26
39 115 16
39 115 16
39 115 16
39 115 16
39 115 16
39 115 16
39 115 16
39 115 16
39 115 16
39 115 16
39 115 16
39 115 16
39 115 16
39 115 16
39 115 16
39 115 16
39 115 16
39 115 16
39 115 16
167 32 16
167 32 16
167 32 16
167 32 16
167 32 16
167 32 16
167 32 16
167 32 16
167 32 16
167 32 16
167 32 16
167 32 16
167 32 16
167 32 16
167 32 16
167 32 16
167 32 16
167 32 16
167 32 16
167 32 16
167 32 16
167 32 16
167 32 16
167 32 16
167 32 16
167 32 16
167 32 16
167 32 16
167 32 16
167 32 16
167 32 16
167 32 16
167 32 16
167 32 16
167 32 16
167 32 16
167 32 16
167 32 16
167 32 16
167 32 16
167 32 16
167 32 16
167 32 16
167 32 16
167 32 16
167 32 16
167 32 16
167 32 16
167 32 16
166 19 26
166 19 16
166 19 16
166 19 16
166 19 16
166 19 16
166 19 16
166 19 16
166 19 16
166 19 16
166 19 16
166 19 16
166 19 16
166 19 16
166 19 16
166 19 16
166 19 16
166 19 16
166 19 16
166 19 16
166 19 16
81 115 26
81 115 16
81 115 16
81 115 16
81 115 16
81 115 16
81 115 16
81 115 16
81 115 16
81 115 16
81 115 16
70 121 26
70 121 16
70 121 16
70 121 16
70 121 16
70 121 16
70 121 16
70 121 16
70 121 16
70 121 16
70 121 16
70 121 16
70 121 16
70 121 16
70 121 16
70 121 16
70 121 16
70 121 16
70 121 16
70 121 16
68 135 26
68 135 16
68 135 16
68 135 16
68 135 16
68 135 16
68 135 16
68 135 16
68 135 16
68 135 16
68 135 16
68 135 16
68 135 16
68 135 16
68 135 16
68 135 16
68 135 16
68 135 16
68 135 16
68 135 16
68 135 16
68 135 16
68 135 16
68 135 16
68 135 16
68 135 16
68 135 16
49 122 26
49 122 16
49 122 16
49 122 16
58 128 26
58 128 16
58 128 16
58 128 16
58 128 16
58 128 16
58 128 16
58 128 16
58 128 16
58 128 16
58 128 16
58 128 16
58 128 16
58 128 16
58 128 16
58 128 16
58 128 16
58 128 16
58 128 16
58 128 16
58 128 16
58 128 16
58 128 16
8 53 16
8 53 16
8 53 16
8 53 16
8 53 16
8 53 16
8 53 16
8 53 16
8 53 16
8 53 16
8 53 16
8 53 16
8 53 16
8 53 16
8 53 16
8 53 16
8 53 16
8 53 16
8 53 16
8 53 16
8 53 16
8 53 16
8 53 16
8 53 16
8 53 16
8 53 16
8 53 16
8 53 16
8 53 16
8 53 16
8 53 16
8 53 16
8 53 16
8 53 16
8 53 16
8 53 16
60 115 26
60 115 16
60 115 16
60 115 16
60 115 16
60 115 16
60 115 16
60 115 16
60 115 16
60 115 16
60 115 16
60 115 16
60 115 16
60 115 16
60 115 16
60 115 16
57 40 26
71 45 26
70 33 26
58 52 26
58 52 16
58 52 16
58 52 16
58 52 16
58 52 16
58 52 16
58 52 16
127 198 26
127 198 16
127 198 16
127 198 16
127 198 16
127 198 16
127 198 16
127 198 16
127 198 16
127 198 16
127 198 16
127 198 16
127 198 16
127 198 16
127 198 16
127 198 16
127 198 16
127 198 16
127 198 16
127 198 16
127 198 16
127 198 16
127 198 16
127 198 16
127 198 16
127 198 16
127 198 16
127 198 16
127 198 16
127 198 16
127 198 16
127 198 16
127 198 16
127 198 16
127 198 16
127 198 16
127 198 16
127 198 16
127 198 16
127 198 16
127 198 16
127 198 16
127 198 16
127 198 16
127 198 16
127 198 16
127 198 16
127 198 16
127 198 16
127 198 16
127 198 16
127 198 16
127 198 16
127 198 16
70 21 26
70 21 16
70 21 16
70 21 16
72 57 26
72 57 16
72 57 16
72 57 16
72 57 16
72 57 16
72 57 16
72 57 16
72 57 16
72 69 26
72 69 16
72 69 16
72 69 16
72 69 16
72 69 16
72 69 16
72 69 16
72 69 16
72 69 16
72 69 16
72 69 16
72 69 16
72 69 16
72 69 16
72 69 16
72 69 16
72 69 16
72 69 16
72 69 16
72 69 16
72 69 16
72 69 16
150 158 26
150 158 16
150 158 16
150 158 16
150 158 16
150 158 16
150 158 16
150 158 16
150 158 16
150 158 16
150 158 16
150 158 16
150 158 16
150 158 16
150 158 16
150 158 16
150 158 16
150 158 16
138 164 26
138 164 16
138 164 16
138 164 16
138 164 16
138 164 16
138 164 16
138 164 16
138 164 16
138 164 16
138 164 16
138 164 16
138 164 16
138 164 16
138 164 16
138 164 16
138 164 16
138 164 16
138 164 16
138 164 16
138 164 16
138 164 16
138 164 16
138 164 16
138 164 16
138 164 16
138 164 16
138 164 16
138 164 16
138 164 16
138 164 16
138 164 16
138 164 16
138 164 16
138 164 16
138 164 16
138 164 16
138 164 16
138 164 16
138 164 16
138 164 16
189 86 26
189 86 16
189 86 16
189 86 16
189 86 16
189 86 16
189 86 16
189 86 16
189 86 16
189 86 16
189 86 16
189 86 16
189 86 16
189 86 16
189 86 16
189 86 16
189 86 16
189 86 16
189 86 16
189 86 16
189 86 16
189 86 16
84 27 26
84 27 16
84 27 16
83 14 26
83 14 16
83 14 16
83 14 16
83 14 16
83 14 16
83 14 16
83 14 16
83 14 16
83 14 16
83 14 16
83 14 16
83 14 16
83 14 16
83 14 16
83 14 16
83 14 16
83 14 16
83 14 16
83 14 16
83 14 16
83 14 16
83 14 16
83 14 16
83 14 16
83 14 16
83 14 16
83 14 16
83 14 16
83 14 16
83 14 16
83 14 16
83 14 16
84 39 26
84 39 16
84 39 16
84 39 16
84 39 16
84 51 26
84 51 16
84 51 16
84 51 16
84 51 16
84 51 16
84 51 16
84 51 16
84 51 16
84 51 16
84 51 16
84 51 16
84 51 16
84 51 16
84 51 16
84 51 16
84 51 16
84 51 16
84 51 16
84 51 16
84 51 16
84 51 16
84 51 16
84 51 16
84 51 16
84 51 16
84 51 16
84 51 16
84 51 16
84 51 16
84 51 16
84 51 16
163 192 26
163 192 16
163 192 16
163 192 16
163 192 16
163 192 16
163 192 16
163 192 16
163 192 16
163 192 16
163 192 16
163 192 16
163 192 16
163 192 16
163 192 16
163 192 16
163 192 16
163 192 16
163 192 16
163 192 16
163 192 16
163 192 16
163 192 16
163 192 16
163 192 16
163 192 16
163 192 16
163 192 16
163 192 16
163 192 16
163 192 16
163 192 16
163 192 16
163 192 16
163 192 16
163 192 16
163 192 16
163 192 16
163 192 16
163 192 16
163 192 16
163 192 16
163 192 16
163 192 16
163 192 16
163 192 16
163 192 16
163 192 16
163 192 16
163 192 16
163 192 16
163 192 16
163 192 16
163 192 16
163 192 16
163 192 16
163 192 16
163 192 16
138 151 26
137 137 26
137 137 16
137 137 16
150 144 26
150 144 16
150 144 16
150 144 16
150 144 16
150 144 16
150 144 16
150 144 16
150 144 16
150 144 16
150 144 16
150 144 16
150 144 16
150 144 16
150 144 16
150 144 16
150 144 16
150 144 16
150 144 16
150 144 16
150 144 16
150 144 16
150 144 16
150 144 16
150 144 16
126 144 26
166 19 16
166 19 16
166 19 16
166 19 16
166 19 16
166 19 16
166 19 16
166 19 16
166 19 16
166 19 16
166 19 16
166 19 16
166 19 16
166 19 16
166 19 16
166 19 16
166 19 16
166 19 16
166 19 16
166 19 16
166 19 16
166 19 16
125 130 26
125 130 16
125 130 16
125 130 16
125 130 16
125 130 16
125 130 16
125 130 16
125 130 16
125 130 16
114 136 26
114 136 16
114 136 16
114 136 16
114 136 16
114 136 16
114 136 16
114 136 16
114 136 16
114 136 16
114 136 16
114 136 16
114 136 16
114 136 16
114 136 16
114 136 16
114 136 16
114 136 16
114 136 16
114 136 16
114 136 16
114 136 16
114 136 16
114 136 16
114 136 16
114 136 16
114 136 16
114 136 16
114 136 16
114 136 16
114 136 16
114 136 16
114 136 16
114 136 16
114 136 16
114 136 16
114 136 16
114 136 16
114 136 16
114 136 16
114 136 16
98 33 26
98 33 16
98 33 16
98 33 16
98 33 16
98 33 16
98 33 16
98 33 16
98 33 16
98 33 16
98 33 16
98 33 16
98 33 16
98 33 16
98 33 16
98 33 16
98 33 16
98 33 16
98 33 16
98 33 16
98 33 16
98 33 16
98 33 16
98 33 16
98 33 16
98 33 16
98 33 16
98 33 16
98 33 16
98 33 16
98 33 16
98 33 16
98 33 16
178 66 26
178 66 16
178 66 16
178 66 16
178 66 16
178 66 16
178 66 16
178 66 16
178 66 16
178 66 16
178 66 16
178 66 16
178 66 16
178 66 16
178 66 16
178 66 16
178 66 16
178 66 16
178 66 16
178 66 16
178 66 16
178 66 16
178 66 16
178 66 16
178 66 16
178 66 16
177 79 26
177 79 16
177 79 16
177 79 16
177 79 16
176 92 26
176 92 16
176 92 16
176 92 16
176 92 16
176 92 16
176 92 16
176 92 16
176 92 16
176 92 16
176 92 16
176 92 16
176 92 16
176 92 16
176 92 16
176 92 16
176 92 16
176 92 16
176 92 16
176 92 16
176 92 16
176 92 16
176 92 16
176 92 16
176 92 16
176 92 16
176 92 16
176 92 16
176 92 16
176 92 16
176 92 16
176 92 16
176 92 16
176 92 16
176 92 16
176 92 16
176 92 16
176 92 16
176 92 16
176 92 16
176 92 16
176 92 16
176 92 16
176 92 16
137 124 26
137 124 16
149 117 26
149 117 16
149 117 16
149 117 16
149 117 16
149 117 16
149 117 16
149 117 16
149 117 16
149 117 16
149 117 16
149 117 16
149 117 16
149 117 16
149 117 16
149 117 16
149 117 16
149 117 16
149 117 16
149 117 16
149 117 16
149 117 16
137 110 26
137 110 16
137 110 16
137 110 16
137 110 16
137 110 16
137 110 16
137 110 16
137 110 16
137 110 16
137 110 16
137 110 16
137 110 16
137 110 16
137 110 16
137 110 16
137 110 16
137 110 16
137 110 16
137 110 16
137 110 16
137 110 16
73 82 26
73 82 16
73 82 16
73 82 16
73 82 16
73 82 16
73 82 16
73 82 16
73 82 16
73 82 16
73 82 16
73 82 16
73 82 16
73 82 16
73 82 16
73 82 16
73 82 16
73 82 16
73 82 16
73 82 16
73 82 16
73 82 16
73 82 16
73 82 16
73 82 16
73 82 16
73 82 16
73 82 16
73 82 16
145 59 16
145 59 16
145 59 16
145 59 16
145 59 16
145 59 16
145 59 16
145 59 16
145 59 16
145 59 16
145 59 16
145 59 16
145 59 16
145 59 16
145 59 16
145 59 16
145 59 16
145 59 16
145 59 16
145 59 16
145 59 16
145 59 16
145 59 16
145 59 16
145 59 16
145 59 16
145 59 16
145 59 16
145 59 16
145 59 16
145 59 16
145 59 16
145 59 16
145 59 16
145 59 16
145 59 16
145 59 16
145 59 16
145 59 16
145 59 16
145 59 16
145 59 16
145 59 16
145 59 16
145 59 16
145 59 16
145 59 16
145 59 16
145 59 16
145 59 16
145 59 16
145 59 16
145 59 16
145 59 16
145 59 16
145 59 16
145 59 16
145 59 16
145 59 16
145 59 16
145 59 16
145 59 16
145 59 16
145 59 16
145 59 16
145 59 16
145 59 16
145 59 16
145 59 16
145 59 16
145 59 16
145 59 16
145 59 16
164 85 26
164 85 16
164 85 16
164 85 16
164 85 16
164 85 16
164 85 16
164 85 16
164 85 16
164 85 16
164 85 16
164 85 16
164 85 16
164 85 16
164 85 16
164 85 16
164 85 16
164 85 16
164 85 16
164 85 16
164 85 16
164 85 16
164 85 16
164 85 16
164 85 16
164 85 16
164 85 16
164 85 16
164 85 16
164 85 16
164 85 16
164 85 16
164 85 16
164 85 16
164 85 16
164 85 16
164 85 16
164 85 16
164 85 16
164 85 16
164 85 16
174 12 16
174 12 16
174 12 16
174 12 16
147 20 16
147 20 16
147 20 16
147 20 16
147 20 16
147 20 16
147 20 16
147 20 16
147 20 16
147 20 16
147 20 16
147 20 16
147 20 16
147 20 16
147 20 16
147 20 16
147 20 16
147 20 16
147 20 16
147 20 16
147 20 16
147 20 16
147 20 16
147 20 16
147 20 16
147 20 16
147 20 16
147 20 16
147 20 16
147 20 16
147 20 16
147 20 16
147 20 16
147 20 16
147 20 16
147 20 16
147 20 16
147 20 16
147 20 16
147 20 16
147 20 16
147 20 16
147 20 16
147 20 16
147 20 16
147 20 16
147 20 16
147 20 16
147 20 16
147 20 16
147 20 16
147 20 16
147 20 16
147 20 16
147 20 16
147 20 16
147 20 16
147 20 16
147 20 16
147 20 16
147 20 16
147 20 16
147 20 16
147 20 16
147 20 16
147 20 16
147 20 16
147 20 16
147 20 16
147 20 16
147 20 16
147 20 16
147 20 16
147 20 16
147 20 16
147 20 16
147 20 16
147 20 16
147 20 16
199 93 26
199 93 16
199 93 16
199 93 16
199 93 16
199 93 16
199 93 16
199 93 16
199 93 16
199 93 16
199 93 16
199 93 16
199 93 16
199 93 16
199 93 16
199 93 16
199 93 16
199 93 16
199 93 16
199 93 16
199 93 16
199 93 16
199 93 16
199 93 16
199 93 16
199 93 16
199 93 16
199 93 16
199 93 16
199 93 16
199 93 16
199 93 16
199 93 16
199 93 16
199 93 16
199 93 16
199 93 16
199 93 16
199 93 16
199 93 16
199 93 16
199 93 16
199 93 16
199 93 16
199 93 16
199 93 16
199 93 16
199 93 16
199 93 16
199 93 16
199 93 16
199 93 16
199 93 16
199 93 16
199 93 16
199 93 16
199 93 16
199 93 16
199 93 16
167 59 16
167 59 16
167 59 16
167 59 16
167 59 16
167 59 16
167 59 16
167 59 16
167 59 16
167 59 16
167 59 16
167 59 16
167 59 16
167 59 16
167 59 16
167 59 16
167 59 16
167 59 16
167 59 16
167 59 16
167 59 16
167 59 16
167 59 16
167 59 16
167 59 16
167 59 16
167 59 16
167 59 16
167 59 16
167 59 16
167 59 16
167 59 16
167 59 16
167 59 16
167 59 16
167 59 16
167 59 16
167 59 16
167 59 16
167 59 16
167 59 16
167 59 16
167 59 16
167 59 16
167 59 16
167 59 16
167 59 16
167 59 16
167 59 16
167 59 16
167 59 16
167 59 16
167 59 16
167 59 16
167 59 16
167 59 16
167 59 16
167 59 16
167 59 16
167 59 16
167 59 16
167 59 16
167 59 16
167 59 16
167 59 16
167 59 16
167 59 16
167 59 16
167 59 16
167 59 16
167 59 16
167 59 16
167 59 16
167 59 16
167 59 16
167 59 16
167 59 16
167 59 16
167 59 16
167 59 16
167 59 16
167 59 16
167 59 16
167 59 16
167 59 16
167 59 16
167 59 16
167 59 16
167 59 16
167 59 16
167 59 16
167 59 16
167 59 16
167 59 16
167 59 16
167 59 16
167 59 16
167 59 16
167 59 16
167 59 16
167 59 16
167 59 16
167 59 16
183 5 26
183 5 16
183 5 16
183 5 16
183 5 16
183 5 16
183 5 16
183 5 16
183 5 16
183 5 16
183 5 16
183 5 16
183 5 16
183 5 16
183 5 16
183 5 16
183 5 16
183 5 16
183 5 16
183 5 16
183 5 16
183 5 16
183 5 16
183 5 16
183 5 16
183 5 16
183 5 16
183 5 16
183 5 16
183 5 16
183 5 16
183 5 16
183 5 16
183 5 16
183 5 16
183 5 16
183 5 16
183 5 16
183 5 16
183 5 16
183 5 16
183 5 16
183 5 16
183 5 16
183 5 16
183 5 16
183 5 16
183 5 16
183 5 16
183 5 16
183 5 16
183 5 16
183 5 16
183 5 16
183 5 16
183 5 16
183 5 16
183 5 16
183 5 16
183 5 16
142 71 16
142 71 16
142 71 16
142 71 16
142 71 16
142 71 16
142 71 16
142 71 16
142 71 16
142 71 16
142 71 16
142 71 16
142 71 16
142 71 16
142 71 16
142 71 16
142 71 16
142 71 16
142 71 16
142 71 16
142 71 16
142 71 16
142 71 16
142 71 16
142 71 16
142 71 16
142 71 16
142 71 16
142 71 16
142 71 16
142 71 16
142 71 16
142 71 16
142 71 16
142 71 16
142 71 16
142 71 16
142 71 16
142 71 16
142 71 16
142 71 16
142 71 16
142 71 16
142 71 16
142 71 16
142 71 16
142 71 16
142 71 16
142 71 16
142 71 16
142 71 16
142 71 16
142 71 16
142 71 16
142 71 16
142 71 16
142 71 16
142 71 16
142 71 16
142 71 16
142 71 16
142 71 16
142 71 16
142 71 16
142 71 16
142 71 16
142 71 16
142 71 16
142 71 16
142 71 16
142 71 16
142 71 16
142 71 16
142 71 16
142 71 16
142 71 16
142 71 16
142 71 16
142 71 16
142 71 16
142 71 16
142 71 16
142 71 16
142 71 16
142 71 16
142 71 16
142 71 16
142 71 16
142 71 16
142 71 16
142 71 16
142 71 16
142 71 16
142 71 16
142 71 16
142 71 16
142 71 16
142 71 16
142 71 16
142 71 16
142 71 16
142 71 16
142 71 16
142 71 16
142 71 16
142 71 16
142 71 16
142 71 16
142 71 16
142 71 16
142 71 16
142 71 16
142 71 16
142 71 16
142 71 16
142 71 16
142 71 16
142 71 16
142 71 16
142 71 16
142 71 16
142 71 16
142 71 16
142 71 16
142 71 16
142 71 16
142 71 16
142 71 16
142 71 16
142 71 16
142 71 16
142 71 16
142 71 16
142 71 16
142 71 16
142 71 16
142 71 16
142 71 16
142 71 16
142 71 16
142 71 16
142 71 16
142 71 16
142 71 16
142 71 16
142 71 16
142 71 16
142 71 16
140 85 86
140 85 14
140 85 14
140 85 14
140 85 14
140 85 14
140 85 14
140 86 15
140 86 14
140 86 14
140 86 14
140 86 14
140 86 14
140 86 14
140 86 14
140 87 15
140 87 14
140 87 14
140 87 14
140 87 14
140 87 14
140 88 15
140 88 14
140 88 14
140 88 14
141 88 15
141 88 14
141 88 14
141 88 14
141 88 14
142 88 15
142 88 14
142 88 14
142 88 14
142 88 14
142 89 15
142 89 14
142 89 14
142 89 14
143 89 15
143 89 14
143 89 14
143 89 14
143 89 14
144 89 55
144 89 14
145 89 140
146 89 227
147 89 313
148 89 398
149 89 477
150 89 550
151 89 614
152 89 669
152 89 14
152 89 14
152 89 14
152 89 14
152 89 14
152 89 14
152 89 14
152 89 14
153 89 714
153 89 14
153 89 14
153 89 14
153 89 14
153 89 14
153 89 14
153 89 14
153 89 14
153 89 14
153 89 14
153 89 14
153 89 14
153 89 14
153 89 14
153 89 14
153 89 14
153 89 14
153 89 14
153 89 14
153 89 14
153 89 14
153 89 14
153 89 14
154 89 748
154 89 14
154 89 14
154 89 14
154 89 14
154 89 14
154 89 14
154 89 14
154 89 14
154 89 14
154 89 14
154 89 14
154 89 14
154 89 14
154 89 14
154 89 14
154 89 14
154 89 14
154 89 14
154 89 14
154 89 14
154 89 14
154 89 14
154 89 14
154 89 14
154 89 14
154 89 14
154 89 14
154 89 14
154 89 14
154 89 14
154 89 14
154 89 14
154 89 14
154 89 14
154 89 14
154 89 14
154 89 14
154 89 14
154 89 14
154 89 14
154 89 14
154 89 14
154 89 14
155 89 772
155 89 14
155 89 14
155 89 14
155 89 14
155 89 14
155 89 14
155 89 14
155 89 14
155 89 14
155 89 14
155 89 14
155 89 14
155 89 14
155 89 14
155 89 14
155 89 14
155 89 14
155 89 14
155 89 14
155 89 14
155 89 14
155 89 14
155 89 14
155 89 14
155 89 14
155 89 14
155 89 14
155 89 14
155 89 14
155 89 14
155 89 14
155 89 14
155 89 14
155 89 14
155 89 14
155 89 14
155 89 14
155 89 14
155 89 14
155 89 14
155 89 14
155 89 14
155 89 14
155 89 14
155 89 14
155 89 14
155 89 14
155 89 14
155 89 14
155 89 14
155 89 14
155 89 14
155 89 14
155 89 14
155 89 14
155 89 14
155 89 14
155 89 14
155 89 14
155 89 14
155 89 14
155 89 14
155 89 14
155 89 14
155 89 14
155 89 14
155 89 14
156 89 785
156 89 14
156 89 14
156 89 14
156 89 14
156 89 14
156 89 14
156 89 14
156 89 14
156 89 14
156 89 14
156 89 14
156 89 14
156 89 14
156 89 14
156 89 14
156 89 14
156 89 14
156 89 14
156 89 14
156 89 14
156 89 14
156 89 14
156 89 14
156 89 14
156 89 14
156 89 14
156 89 14
156 89 14
156 89 14
156 89 14
156 89 14
156 89 14
156 89 14
156 89 14
156 89 14
156 89 14
156 89 14
156 89 14
156 89 14
156 89 14
156 89 14
156 89 14
156 89 14
156 89 14
156 89 14
156 89 14
156 89 14
156 89 14
156 89 14
156 89 14
156 89 14
156 89 14
156 89 14
156 89 14
156 89 14
156 89 14
156 89 14
156 89 14
156 89 14
156 89 14
156 89 14
156 89 14
156 89 14
156 89 14
156 89 14
156 89 14
156 89 14
156 89 14
156 89 14
156 89 14
156 89 14
156 89 14
156 89 14
156 89 14
156 89 14
156 89 14
156 89 14
156 89 14
156 89 14
156 89 14
156 89 14
156 89 14
156 89 14
156 89 14
156 89 14
156 89 14
156 89 14
156 89 14
156 89 14
156 89 14
156 89 14
156 89 14
156 89 14
157 89 790
157 89 14
157 89 14
157 89 14
157 89 14
157 89 14
157 89 14
157 89 14
157 89 14
157 89 14
157 89 14
157 89 14
157 89 14
157 89 14
157 89 14
157 89 14
157 89 14
157 89 14
157 89 14
157 89 14
157 89 14
157 89 14
157 89 14
157 89 14
157 89 14
157 89 14
157 89 14
157 89 14
157 89 14
157 89 14
157 89 14
157 89 14
157 89 14
157 89 14
157 89 14
157 89 14
157 89 14
157 89 14
157 89 14
157 89 14
157 89 14
157 89 14
157 89 14
157 89 14
157 89 14
157 89 14
157 89 14
157 89 14
157 89 14
157 89 14
157 89 14
157 89 14
157 89 14
157 89 14
157 89 14
157 89 14
157 89 14
157 89 14
157 89 14
157 89 14
157 89 14
157 89 14
157 89 14
157 89 14
157 89 14
157 89 14
157 89 14
157 89 14
157 89 14
157 89 14
157 89 14
157 89 14
157 89 14
157 89 14
157 89 14
157 89 14
157 89 14
157 89 14
157 89 14
157 89 14
157 89 14
157 89 14
157 89 14
157 89 14
157 89 14
157 89 14
157 89 14
157 89 14
157 89 14
157 89 14
157 89 14
157 89 14
157 89 14
157 89 14
157 89 14
157 89 14
157 89 14
157 89 14
157 89 14
157 89 14
157 89 14
157 89 14
157 89 14
157 89 14
157 89 14
157 89 14
157 89 14
157 89 14
157 89 14
157 89 14
157 89 14
157 89 14
157 89 14
157 89 14
157 89 14
157 89 14
157 89 14
157 89 14
157 89 14
157 89 14
157 89 14
157 89 14
158 89 786
158 89 14
158 89 14
158 89 14
158 89 14
158 89 14
158 89 14
158 89 14
158 89 14
158 89 14
158 89 14
158 89 14
158 89 14
158 89 14
158 89 14
158 89 14
158 89 14
158 89 14
158 89 14
158 89 14
158 89 14
158 89 14
158 89 14
158 89 14
158 89 14
158 89 14
158 89 14
158 89 14
158 89 14
158 89 14
158 89 14
158 89 14
158 89 14
158 89 14
158 89 14
158 89 14
158 89 14
158 89 14
158 89 14
158 89 14
158 89 14
158 89 14
158 89 14
158 89 14
158 89 14
158 89 14
158 89 14
158 89 14
158 89 14
158 89 14
158 89 14
158 89 14
158 89 14
158 89 14
158 89 14
158 89 14
158 89 14
158 89 14
158 89 14
158 89 14
158 89 14
158 89 14
158 89 14
158 89 14
158 89 14
158 89 14
158 89 14
158 89 14
158 89 14
158 89 14
158 89 14
158 89 14
158 89 14
158 89 14
158 89 14
158 89 14
158 89 14
158 89 14
158 89 14
158 89 14
158 89 14
158 89 14
158 89 14
158 89 14
158 89 14
158 89 14
158 89 14
158 89 14
158 89 14
158 89 14
158 89 14
158 89 14
158 89 14
158 89 14
158 89 14
158 89 14
158 89 14
158 89 14
158 89 14
158 89 14
158 89 14
158 89 14
158 89 14
158 89 14
158 89 14
158 89 14
158 89 14
158 89 14
158 89 14
158 89 14
158 89 14
158 89 14
158 89 14
158 89 14
158 89 14
158 89 14
158 89 14
158 89 14
158 89 14
158 89 14
158 89 14
158 89 14
158 89 14
158 89 14
158 89 14
158 89 14
158 89 14
158 89 14
158 89 14
158 89 14
158 89 14
158 89 14
158 89 14
158 89 14
158 89 14
158 89 14
158 89 14
158 89 14
158 89 14
158 89 14
158 89 14
158 89 14
158 89 14
158 89 14
158 89 14
158 89 14
158 89 14
158 89 14
158 89 14
158 89 14
159 89 775
159 89 14
159 89 14
159 89 14
159 89 14
159 89 14
159 89 14
159 89 14
159 89 14
159 89 14
159 89 14
159 89 14
159 89 14
159 89 14
159 89 14
159 89 14
159 89 14
159 89 14
159 89 14
159 89 14
159 89 14
159 89 14
159 89 14
159 89 14
159 89 14
159 89 14
159 89 14
159 89 14
159 89 14
159 89 14
159 89 14
159 89 14
159 89 14
159 89 14
159 89 14
159 89 14
159 89 14
159 89 14
159 89 14
159 89 14
159 89 14
159 89 14
159 89 14
159 89 14
159 89 14
159 89 14
159 89 14
159 89 14
159 89 14
159 89 14
159 89 14
159 89 14
159 89 14
159 89 14
159 89 14
159 89 14
159 89 14
159 89 14
159 89 14
159 89 14
159 89 14
159 89 14
159 89 14
159 89 14
159 89 14
159 89 14
159 89 14
159 89 14
159 89 14
159 89 14
159 89 14
159 89 14
159 89 14
159 89 14
159 89 14
159 89 14
159 89 14
159 89 14
159 89 14
159 89 14
159 89 14
159 89 14
159 89 14
159 89 14
159 89 14
159 89 14
159 89 14
159 89 14
159 89 14
159 89 14
159 89 14
159 89 14
159 89 14
159 89 14
159 89 14
159 89 14
159 89 14
159 89 14
159 89 14
159 89 14
159 89 14
159 89 14
159 89 14
159 89 14
159 89 14
159 89 14
159 89 14
159 89 14
159 89 14
159 89 14
159 89 14
159 89 14
159 89 14
159 89 14
159 89 14
159 89 14
159 89 14
159 89 14
159 89 14
159 89 14
159 89 14
159 89 14
159 89 14
159 89 14
159 89 14
159 89 14
159 89 14
159 89 14
159 89 14
159 89 14
159 89 14
159 89 14
159 89 14
159 89 14
159 89 14
159 89 14
159 89 14
159 89 14
159 89 14
159 89 14
159 89 14
159 89 14
159 89 14
159 89 14
159 89 14
159 89 14
159 89 14
159 89 14
159 89 14
159 89 14
159 89 14
159 89 14
159 89 14
159 89 14
159 89 14
159 89 14
159 89 14
159 89 14
159 89 14
159 89 14
159 89 14
159 89 14
159 89 14
159 89 14
159 89 14
159 89 14
159 89 14
159 89 14
159 89 14
159 89 14
159 89 14
159 89 14
159 89 14
159 89 14
159 89 14
159 89 14
160 89 759
160 89 14
160 89 14
160 89 14
160 89 14
160 89 14
160 89 14
160 89 14
160 89 14
160 89 14
160 89 14
160 89 14
160 89 14
160 89 14
160 89 14
160 89 14
160 89 14
160 89 14
160 89 14
160 89 14
160 89 14
160 89 14
160 89 14
160 89 14
160 89 14
160 89 14
160 89 14
160 89 14
160 89 14
160 89 14
160 89 14
160 89 14
160 89 14
160 89 14
160 89 14
160 89 14
160 89 14
160 89 14
160 89 14
160 89 14
160 89 14
160 89 14
160 89 14
160 89 14
160 89 14
160 89 14
160 89 14
160 89 14
160 89 14
160 89 14
160 89 14
160 89 14
160 89 14
160 89 14
160 89 14
160 89 14
160 89 14
160 89 14
160 89 14
160 89 14
160 89 14
160 89 14
160 89 14
160 89 14
160 89 14
160 89 14
160 89 14
160 89 14
160 89 14
160 89 14
160 89 14
160 89 14
160 89 14
160 89 14
160 89 14
160 89 14
160 89 14
160 89 14
160 89 14
160 89 14
160 89 14
160 89 14
160 89 14
160 89 14
160 89 14
160 89 14
160 89 14
160 89 14
160 89 14
160 89 14
160 89 14
160 89 14
160 89 14
160 89 14
160 89 14
160 89 14
160 89 14
160 89 14
160 89 14
160 89 14
160 89 14
160 89 14
160 89 14
160 89 14
160 89 14
160 89 14
160 89 14
160 89 14
160 89 14
160 89 14
160 89 14
160 89 14
160 89 14
160 89 14
160 89 14
160 89 14
160 89 14
160 89 14
160 89 14
160 89 14
160 89 14
160 89 14
160 89 14
160 89 14
160 89 14
160 89 14
160 89 14
160 89 14
160 89 14
160 89 14
160 89 14
160 89 14
160 89 14
160 89 14
160 89 14
160 89 14
160 89 14
160 89 14
160 89 14
160 89 14
160 89 14
160 89 14
160 89 14
160 89 14
160 89 14
160 89 14
160 89 14
160 89 14
160 89 14
160 89 14
160 89 14
160 89 14
160 89 14
160 89 14
160 89 14
160 89 14
160 89 14
160 89 14
160 89 14
160 89 14
160 89 14
160 89 14
160 89 14
160 89 14
160 89 14
160 89 14
160 89 14
160 89 14
160 89 14
160 89 14
160 89 14
160 89 14
160 89 14
160 89 14
160 89 14
160 89 14
160 89 14
160 89 14
160 89 14
160 89 14
160 89 14
160 89 14
160 89 14
160 89 14
160 89 14
160 89 14
160 89 14
160 89 14
160 89 14
160 89 14
160 89 14
160 89 14
160 89 14
160 89 14
160 89 14
160 89 14
160 89 14
160 89 14
160 89 14
161 89 738
161 89 14
161 89 14
161 89 14
161 89 14
161 89 14
161 89 14
161 89 14
161 89 14
161 89 14
161 89 14
161 89 14
161 89 14
161 89 14
161 89 14
161 89 14
161 89 14
161 89 14
161 89 14
161 89 14
161 89 14
161 89 14
161 89 14
161 89 14
161 89 14
161 89 14
161 89 14
161 89 14
161 89 14
161 89 14
161 89 14
161 89 14
161 89 14
161 89 14
161 89 14
161 89 14
161 89 14
161 89 14
161 89 14
161 89 14
161 89 14
161 89 14
161 89 14
161 89 14
161 89 14
161 89 14
161 89 14
161 89 14
161 89 14
161 89 14
161 89 14
161 89 14
161 89 14
161 89 14
161 89 14
161 89 14
161 89 14
161 89 14
161 89 14
161 89 14
161 89 14
161 89 14
161 89 14
161 89 14
161 89 14
161 89 14
161 89 14
161 89 14
161 89 14
161 89 14
161 89 14
161 89 14
161 89 14
161 89 14
161 89 14
161 89 14
161 89 14
161 89 14
161 89 14
161 89 14
161 89 14
161 89 14
161 89 14
161 89 14
161 89 14
161 89 14
161 89 14
161 89 14
161 89 14
161 89 14
161 89 14
161 89 14
161 89 14
161 89 14
161 89 14
161 89 14
161 89 14
161 89 14
161 89 14
161 89 14
161 89 14
161 89 14
161 89 14
161 89 14
161 89 14
161 89 14
161 89 14
161 89 14
161 89 14
161 89 14
161 89 14
161 89 14
161 89 14
161 89 14
161 89 14
161 89 14
161 89 14
161 89 14
161 89 14
161 89 14
161 89 14
161 89 14
161 89 14
161 89 14
161 89 14
161 89 14
161 89 14
161 89 14
161 89 14
161 89 14
161 89 14
161 89 14
161 89 14
161 89 14
161 89 14
161 89 14
161 89 14
161 89 14
161 89 14
161 89 14
161 89 14
161 89 14
161 89 14
161 89 14
161 89 14
161 89 14
161 89 14
161 89 14
161 89 14
161 89 14
161 89 14
161 89 14
161 89 14
161 89 14
161 89 14
161 89 14
161 89 14
161 89 14
161 89 14
161 89 14
161 89 14
161 89 14
161 89 14
161 89 14
161 89 14
161 89 14
161 89 14
161 89 14
161 89 14
161 89 14
161 89 14
161 89 14
161 89 14
161 89 14
161 89 14
161 89 14
161 89 14
161 89 14
161 89 14
161 89 14
161 89 14
161 89 14
161 89 14
161 89 14
161 89 14
161 89 14
161 89 14
161 89 14
161 89 14
161 89 14
161 89 14
161 89 14
161 89 14
161 89 14
161 89 14
161 89 14
161 89 14
161 89 14
161 89 14
161 89 14
161 89 14
161 89 14
161 89 14
161 89 14
161 89 14
161 89 14
161 89 14
161 89 14
161 89 14
161 89 14
161 89 14
161 89 14
161 89 14
161 89 14
161 89 14
161 89 14
161 89 14
161 89 14
162 89 715
162 89 14
162 89 14
162 89 14
162 89 14
162 89 14
162 89 14
162 89 14
162 89 14
162 89 14
162 89 14
162 89 14
162 89 14
162 89 14
162 89 14
162 89 14
162 89 14
162 89 14
162 89 14
162 89 14
162 89 14
162 89 14
162 89 14
162 89 14
162 89 14
162 89 14
162 89 14
162 89 14
162 89 14
162 89 14
162 89 14
162 89 14
162 89 14
162 89 14
162 89 14
162 89 14
162 89 14
162 89 14
162 89 14
162 89 14
162 89 14
162 89 14
162 89 14
162 89 14
162 89 14
162 89 14
162 89 14
162 89 14
162 89 14
162 89 14
162 89 14
162 89 14
162 89 14
162 89 14
162 89 14
162 89 14
162 89 14
162 89 14
162 89 14
162 89 14
162 89 14
162 89 14
162 89 14
162 89 14
162 89 14
162 89 14
162 89 14
162 89 14
162 89 14
162 89 14
162 89 14
162 89 14
162 89 14
162 89 14
162 89 14
162 89 14
162 89 14
162 89 14
162 89 14
162 89 14
162 89 14
162 89 14
162 89 14
162 89 14
162 89 14
162 89 14
162 89 14
162 89 14
162 89 14
162 89 14
162 89 14
162 89 14
162 89 14
162 89 14
162 89 14
162 89 14
162 89 14
162 89 14
162 89 14
162 89 14
162 89 14
162 89 14
162 89 14
162 89 14
162 89 14
162 89 14
162 89 14
162 89 14
162 89 14
162 89 14
162 89 14
162 89 14
162 89 14
162 89 14
162 89 14
162 89 14
162 89 14
162 89 14
162 89 14
162 89 14
162 89 14
162 89 14
162 89 14
162 89 14
162 89 14
162 89 14
162 89 14
162 89 14
162 89 14
162 89 14
162 89 14
162 89 14
162 89 14
162 89 14
162 89 14
162 89 14
162 89 14
162 89 14
162 89 14
162 89 14
162 89 14
162 89 14
162 89 14
162 89 14
162 89 14
162 89 14
162 89 14
162 89 14
162 89 14
162 89 14
162 89 14
162 89 14
162 89 14
162 89 14
162 89 14
162 89 14
162 89 14
162 89 14
162 89 14
162 89 14
162 89 14
162 89 14
162 89 14
162 89 14
162 89 14
162 89 14
162 89 14
162 89 14
162 89 14
162 89 14
162 89 14
162 89 14
162 89 14
162 89 14
162 89 14
162 89 14
162 89 14
162 89 14
162 89 14
162 89 14
162 89 14
162 89 14
162 89 14
162 89 14
162 89 14
162 89 14
162 89 14
162 89 14
162 89 14
162 89 14
162 89 14
162 89 14
162 89 14
162 89 14
162 89 14
162 89 14
162 89 14
162 89 14
162 89 14
162 89 14
162 89 14
162 89 14
162 89 14
162 89 14
162 89 14
162 89 14
162 89 14
162 89 14
162 89 14
162 89 14
162 89 14
162 89 14
162 89 14
162 89 14
162 89 14
162 89 14
162 89 14
162 89 14
162 89 14
162 89 14
162 89 14
162 89 14
162 89 14
162 89 14
162 89 14
162 89 14
162 89 14
162 89 14
162 89 14
162 89 14
162 89 14
162 89 14
162 89 14
163 89 691
163 89 14
163 89 14
163 89 14
163 89 14
163 89 14
163 89 14
163 89 14
163 89 14
163 89 14
163 89 14
163 89 14
163 89 14
163 89 14
163 89 14
163 89 14
163 89 14
163 89 14
163 89 14
163 89 14
163 89 14
163 89 14
163 89 14
163 89 14
163 89 14
163 89 14
163 89 14
163 89 14
163 89 14
163 89 14
163 89 14
163 89 14
163 89 14
163 89 14
163 89 14
163 89 14
163 89 14
163 89 14
163 89 14
163 89 14
163 89 14
163 89 14
163 89 14
163 89 14
163 89 14
163 89 14
163 89 14
163 89 14
163 89 14
163 89 14
163 89 14
163 89 14
163 89 14
163 89 14
163 89 14
163 89 14
163 89 14
163 89 14
163 89 14
163 89 14
163 89 14
163 89 14
163 89 14
163 89 14
163 89 14
163 89 14
163 89 14
163 89 14
163 89 14
163 89 14
163 89 14
163 89 14
163 89 14
163 89 14
163 89 14
163 89 14
163 89 14
163 89 14
163 89 14
163 89 14
163 89 14
163 89 14
163 89 14
163 89 14
163 89 14
163 89 14
163 89 14
163 89 14
163 89 14
163 89 14
163 89 14
163 89 14
163 89 14
163 89 14
163 89 14
163 89 14
163 89 14
163 89 14
163 89 14
163 89 14
163 89 14
163 89 14
163 89 14
163 89 14
163 89 14
163 89 14
163 89 14
163 89 14
163 89 14
163 89 14
163 89 14
163 89 14
163 89 14
163 89 14
163 89 14
163 89 14
163 89 14
163 89 14
163 89 14
163 89 14
163 89 14
163 89 14
163 89 14
163 89 14
163 89 14
163 89 14
163 89 14
163 89 14
163 89 14
163 89 14
163 89 14
163 89 14
163 89 14
163 89 14
163 89 14
163 89 14
163 89 14
163 89 14
163 89 14
163 89 14
163 89 14
163 89 14
163 89 14
163 89 14
163 89 14
163 89 14
163 89 14
163 89 14
163 89 14
163 89 14
163 89 14
163 89 14
163 89 14
163 89 14
163 89 14
163 89 14
163 89 14
163 89 14
163 89 14
163 89 14
163 89 14
163 89 14
163 89 14
163 89 14
163 89 14
163 89 14
163 89 14
163 89 14
163 89 14
163 89 14
163 89 14
163 89 14
163 89 14
163 89 14
163 89 14
163 89 14
163 89 14
163 89 14
163 89 14
163 89 14
163 89 14
163 89 14
163 89 14
163 89 14
163 89 14
163 89 14
163 89 14
163 89 14
163 89 14
163 89 14
163 89 14
163 89 14
163 89 14
163 89 14
163 89 14
163 89 14
163 89 14
163 89 14
163 89 14
163 89 14
163 89 14
163 89 14
163 89 14
163 89 14
163 89 14
163 89 14
163 89 14
163 89 14
163 89 14
163 89 14
163 89 14
163 89 14
163 89 14
163 89 14
163 89 14
163 89 14
163 89 14
163 89 14
163 89 14
163 89 14
163 89 14
163 89 14
163 89 14
163 89 14
163 89 14
163 89 14
163 89 14
163 89 14
163 89 14
163 89 14
163 89 14
163 89 14
163 89 14
163 89 14
163 89 14
163 89 14
163 89 14
163 89 14
163 89 14
163 89 14
163 89 14
163 89 14
163 89 14
163 89 14
164 89 667
164 89 14
164 89 14
164 89 14
164 89 14
164 89 14
164 89 14
164 89 14
164 89 14
164 89 14
164 89 14
164 89 14
164 89 14
164 89 14
164 89 14
164 89 14
164 89 14
164 89 14
164 89 14
164 89 14
164 89 14
164 89 14
164 89 14
164 89 14
164 89 14
164 89 14
164 89 14
164 89 14
164 89 14
164 89 14
164 89 14
164 89 14
164 89 14
164 89 14
164 89 14
164 89 14
164 89 14
164 89 14
164 89 14
164 89 14
164 89 14
164 89 14
164 89 14
164 89 14
164 89 14
164 89 14
164 89 14
164 89 14
164 89 14
164 89 14
164 89 14
164 89 14
164 89 14
164 89 14
164 89 14
164 89 14
164 89 14
164 89 14
164 89 14
164 89 14
164 89 14
164 89 14
164 89 14
164 89 14
164 89 14
164 89 14
164 89 14
164 89 14
164 89 14
164 89 14
164 89 14
164 89 14
164 89 14
164 89 14
164 89 14
164 89 14
164 89 14
164 89 14
164 89 14
164 89 14
164 89 14
164 89 14
164 89 14
164 89 14
164 89 14
164 89 14
164 89 14
164 89 14
164 89 14
164 89 14
164 89 14
164 89 14
164 89 14
164 89 14
164 89 14
164 89 14
164 89 14
164 89 14
164 89 14
164 89 14
164 89 14
164 89 14
164 89 14
164 89 14
164 89 14
164 89 14
164 89 14
164 89 14
164 89 14
164 89 14
164 89 14
164 89 14
164 89 14
164 89 14
164 89 14
164 89 14
164 89 14
164 89 14
164 89 14
164 89 14
164 89 14
164 89 14
164 89 14
164 89 14
164 89 14
164 89 14
164 89 14
164 89 14
164 89 14
164 89 14
164 89 14
164 89 14
164 89 14
164 89 14
164 89 14
164 89 14
164 89 14
164 89 14
164 89 14
164 89 14
164 89 14
164 89 14
164 89 14
164 89 14
164 89 14
164 89 14
164 89 14
164 89 14
164 89 14
164 89 14
164 89 14
164 89 14
164 89 14
164 89 14
164 89 14
164 89 14
164 89 14
164 89 14
164 89 14
164 89 14
164 89 14
164 89 14
164 89 14
164 89 14
164 89 14
164 89 14
164 89 14
164 89 14
164 89 14
164 89 14
164 89 14
164 89 14
164 89 14
164 89 14
164 89 14
164 89 14
164 89 14
164 89 14
164 89 14
164 89 14
164 89 14
164 89 14
164 89 14
164 89 14
164 89 14
164 89 14
164 89 14
164 89 14
164 89 14
164 89 14
164 89 14
164 89 14
164 89 14
164 89 14
164 89 14
164 89 14
164 89 14
164 89 14
164 89 14
164 89 14
164 89 14
164 89 14
164 89 14
164 89 14
164 89 14
164 89 14
164 89 14
164 89 14
164 89 14
164 89 14
164 89 14
164 89 14
164 89 14
164 89 14
164 89 14
164 89 14
164 89 14
164 89 14
164 89 14
164 89 14
164 89 14
164 89 14
164 89 14
164 89 14
164 89 14
164 89 14
164 89 14
164 89 14
164 89 14
164 89 14
164 89 14
164 89 14
164 89 14
164 89 14
164 89 14
164 89 14
164 89 14
164 89 14
164 89 14
164 89 14
164 89 14
164 89 14
164 89 14
164 89 14
164 89 14
164 89 14
164 89 14
164 89 14
164 89 14
164 89 14
164 89 14
165 89 645
165 89 14
165 89 14
165 89 14
165 89 14
165 89 14
165 89 14
165 89 14
165 89 14
165 89 14
165 89 14
165 89 14
165 89 14
165 89 14
165 89 14
165 89 14
165 89 14
165 89 14
165 89 14
165 89 14
165 89 14
165 89 14
165 89 14
165 89 14
165 89 14
165 89 14
165 89 14
165 89 14
165 89 14
165 89 14
165 89 14
165 89 14
165 89 14
165 89 14
165 89 14
165 89 14
165 89 14
165 89 14
165 89 14
165 89 14
165 89 14
165 89 14
165 89 14
165 89 14
165 89 14
165 89 14
165 89 14
165 89 14
165 89 14
165 89 14
165 89 14
165 89 14
165 89 14
165 89 14
165 89 14
165 89 14
165 89 14
165 89 14
165 89 14
165 89 14
165 89 14
165 89 14
165 89 14
165 89 14
165 89 14
165 89 14
165 89 14
165 89 14
165 89 14
165 89 14
165 89 14
165 89 14
165 89 14
165 89 14
165 89 14
165 89 14
165 89 14
165 89 14
165 89 14
165 89 14
165 89 14
165 89 14
165 89 14
165 89 14
165 89 14
165 89 14
165 89 14
165 89 14
165 89 14
165 89 14
165 89 14
165 89 14
165 89 14
165 89 14
165 89 14
165 89 14
165 89 14
165 89 14
165 89 14
165 89 14
165 89 14
165 89 14
165 89 14
165 89 14
165 89 14
165 89 14
165 89 14
165 89 14
165 89 14
165 89 14
165 89 14
165 89 14
165 89 14
165 89 14
165 89 14
165 89 14
165 89 14
165 89 14
165 89 14
165 89 14
165 89 14
165 89 14
165 89 14
165 89 14
165 89 14
165 89 14
165 89 14
165 89 14
165 89 14
165 89 14
165 89 14
165 89 14
165 89 14
165 89 14
165 89 14
165 89 14
165 89 14
165 89 14
165 89 14
165 89 14
165 89 14
165 89 14
165 89 14
165 89 14
165 89 14
165 89 14
165 89 14
165 89 14
165 89 14
165 89 14
165 89 14
165 89 14
165 89 14
165 89 14
165 89 14
165 89 14
165 89 14
165 89 14
165 89 14
165 89 14
165 89 14
165 89 14
165 89 14
165 89 14
165 89 14
165 89 14
165 89 14
165 89 14
165 89 14
165 89 14
165 89 14
165 89 14
165 89 14
165 89 14
165 89 14
165 89 14
165 89 14
165 89 14
165 89 14
165 89 14
165 89 14
165 89 14
165 89 14
165 89 14
165 89 14
165 89 14
165 89 14
165 89 14
165 89 14
165 89 14
165 89 14
165 89 14
165 89 14
165 89 14
165 89 14
165 89 14
165 89 14
165 89 14
165 89 14
165 89 14
165 89 14
165 89 14
165 89 14
165 89 14
165 89 14
165 89 14
165 89 14
165 89 14
165 89 14
165 89 14
165 89 14
165 89 14
165 89 14
165 89 14
165 89 14
165 89 14
165 89 14
165 89 14
165 89 14
165 89 14
165 89 14
165 89 14
165 89 14
165 89 14
165 89 14
165 89 14
165 89 14
165 89 14
165 89 14
165 89 14
165 89 14
165 89 14
165 89 14
165 89 14
165 89 14
165 89 14
165 89 14
165 89 14
165 89 14
165 89 14
165 89 14
165 89 14
165 89 14
165 89 14
165 89 14
165 89 14
165 89 14
165 89 14
165 89 14
165 89 14
165 89 14
165 89 14
165 89 14
165 89 14
165 89 14
166 89 624
166 89 14
166 89 14
166 89 14
166 89 14
166 89 14
166 89 14
166 89 14
166 89 14
166 89 14
166 89 14
166 89 14
166 89 14
166 89 14
166 89 14
166 89 14
166 89 14
166 89 14
166 89 14
166 89 14
166 89 14
166 89 14
166 89 14
166 89 14
166 89 14
166 89 14
166 89 14
166 89 14
166 89 14
166 89 14
166 89 14
166 89 14
166 89 14
166 89 14
166 89 14
166 89 14
166 89 14
166 89 14
166 89 14
166 89 14
166 89 14
166 89 14
166 89 14
166 89 14
166 89 14
166 89 14
166 89 14
166 89 14
166 89 14
166 89 14
166 89 14
166 89 14
166 89 14
166 89 14
166 89 14
166 89 14
166 89 14
166 89 14
166 89 14
166 89 14
166 89 14
166 89 14
166 89 14
166 89 14
166 89 14
166 89 14
166 89 14
166 89 14
166 89 14
166 89 14
166 89 14
166 89 14
166 89 14
166 89 14
166 89 14
166 89 14
166 89 14
166 89 14
166 89 14
166 89 14
166 89 14
166 89 14
166 89 14
166 89 14
166 89 14
166 89 14
166 89 14
166 89 14
166 89 14
166 89 14
166 89 14
166 89 14
166 89 14
166 89 14
166 89 14
166 89 14
166 89 14
166 89 14
166 89 14
166 89 14
166 89 14
166 89 14
166 89 14
166 89 14
166 89 14
166 89 14
166 89 14
166 89 14
166 89 14
166 89 14
166 89 14
166 89 14
166 89 14
166 89 14
166 89 14
166 89 14
166 89 14
166 89 14
166 89 14
166 89 14
166 89 14
166 89 14
166 89 14
166 89 14
166 89 14
166 89 14
166 89 14
166 89 14
166 89 14
166 89 14
166 89 14
166 89 14
166 89 14
166 89 14
166 89 14
166 89 14
166 89 14
166 89 14
166 89 14
166 89 14
166 89 14
166 89 14
166 89 14
166 89 14
166 89 14
166 89 14
166 89 14
166 89 14
166 89 14
166 89 14
166 89 14
166 89 14
166 89 14
166 89 14
166 89 14
166 89 14
166 89 14
166 89 14
166 89 14
166 89 14
166 89 14
166 89 14
166 89 14
166 89 14
166 89 14
166 89 14
166 89 14
166 89 14
166 89 14
166 89 14
166 89 14
166 89 14
166 89 14
166 89 14
166 89 14
166 89 14
166 89 14
166 89 14
166 89 14
166 89 14
166 89 14
166 89 14
166 89 14
166 89 14
166 89 14
166 89 14
166 89 14
166 89 14
166 89 14
166 89 14
166 89 14
166 89 14
166 89 14
166 89 14
166 89 14
166 89 14
166 89 14
166 89 14
166 89 14
166 89 14
166 89 14
166 89 14
166 89 14
166 89 14
166 89 14
166 89 14
166 89 14
166 89 14
166 89 14
166 89 14
166 89 14
166 89 14
166 89 14
166 89 14
166 89 14
166 89 14
166 89 14
166 89 14
166 89 14
166 89 14
166 89 14
166 89 14
166 89 14
166 89 14
166 89 14
166 89 14
166 89 14
166 89 14
166 89 14
166 89 14
166 89 14
166 89 14
166 89 14
166 89 14
166 89 14
166 89 14
166 89 14
166 89 14
166 89 14
166 89 14
166 89 14
166 89 14
166 89 14
166 89 14
166 89 14
166 89 14
166 89 14
166 89 14
166 89 14
166 89 14
166 89 14
166 88 596
166 88 14
166 88 14
166 88 14
166 88 14
166 88 14
166 88 14
166 88 14
166 88 14
166 88 14
166 88 14
166 88 14
166 88 14
166 88 14
166 88 14
166 88 14
166 88 14
166 88 14
166 88 14
166 88 14
166 88 14
166 88 14
166 88 14
166 88 14
166 88 14
166 88 14
166 88 14
166 88 14
166 88 14
166 88 14
166 88 14
166 88 14
166 88 14
166 88 14
166 88 14
166 88 14
166 88 14
166 88 14
166 88 14
166 88 14
166 88 14
166 88 14
166 88 14
166 88 14
166 88 14
166 88 14
166 88 14
166 88 14
166 88 14
166 88 14
166 88 14
166 88 14
166 88 14
166 88 14
166 88 14
166 88 14
166 88 14
166 88 14
166 88 14
166 88 14
166 88 14
166 88 14
166 88 14
166 88 14
166 88 14
166 88 14
166 88 14
166 88 14
166 88 14
166 88 14
166 88 14
166 88 14
166 88 14
166 88 14
166 88 14
166 88 14
166 88 14
166 88 14
166 88 14
166 88 14
166 88 14
166 88 14
166 88 14
166 88 14
166 88 14
166 88 14
166 88 14
166 88 14
166 88 14
166 88 14
166 88 14
166 88 14
166 88 14
166 88 14
166 88 14
166 88 14
166 88 14
166 88 14
166 88 14
166 88 14
166 88 14
166 88 14
166 88 14
166 88 14
166 88 14
166 88 14
166 88 14
166 88 14
166 88 14
166 88 14
166 88 14
166 88 14
166 88 14
166 88 14
166 88 14
166 88 14
166 88 14
166 88 14
166 88 14
166 88 14
166 88 14
166 88 14
166 88 14
166 88 14
166 88 14
166 88 14
166 88 14
166 88 14
166 88 14
166 88 14
166 88 14
166 88 14
166 88 14
166 88 14
166 88 14
166 88 14
166 88 14
166 88 14
166 88 14
166 88 14
166 88 14
166 88 14
166 88 14
166 88 14
166 88 14
166 88 14
166 88 14
166 88 14
166 88 14
166 88 14
166 88 14
166 88 14
166 88 14
166 88 14
166 88 14
166 88 14
166 88 14
166 88 14
166 88 14
166 88 14
166 88 14
166 88 14
166 88 14
166 88 14
166 88 14
166 88 14
166 88 14
166 88 14
166 88 14
166 88 14
166 88 14
166 88 14
166 88 14
166 88 14
166 88 14
166 88 14
166 88 14
166 88 14
166 88 14
166 88 14
166 88 14
166 88 14
166 88 14
166 88 14
166 88 14
166 88 14
166 88 14
166 88 14
166 88 14
166 88 14
166 88 14
166 88 14
166 88 14
166 88 14
166 88 14
166 88 14
166 88 14
166 88 14
166 88 14
166 88 14
166 88 14
166 88 14
166 88 14
166 88 14
166 88 14
166 88 14
166 88 14
166 88 14
166 88 14
166 88 14
166 88 14
166 88 14
166 88 14
166 88 14
166 88 14
166 88 14
166 88 14
166 88 14
166 88 14
166 88 14
166 88 14
166 88 14
166 88 14
166 88 14
166 88 14
166 88 14
166 88 14
166 88 14
166 88 14
166 88 14
166 88 14
166 88 14
166 88 14
166 88 14
166 88 14
166 88 14
166 88 14
166 88 14
166 88 14
166 88 14
166 88 14
166 88 14
166 88 14
166 88 14
167 88 571
167 88 14
167 88 14
167 88 14
167 88 14
167 88 14
167 88 14
167 88 14
167 88 14
167 88 14
167 88 14
167 88 14
167 88 14
167 88 14
167 88 14
167 88 14
167 88 14
167 88 14
167 88 14
167 88 14
167 88 14
167 88 14
167 88 14
167 88 14
167 88 14
167 88 14
167 88 14
167 88 14
167 88 14
167 88 14
167 88 14
167 88 14
167 88 14
167 88 14
167 88 14
167 88 14
167 88 14
167 88 14
167 88 14
167 88 14
167 88 14
167 88 14
167 88 14
167 88 14
167 88 14
167 88 14
167 88 14
167 88 14
167 88 14
167 88 14
167 88 14
167 88 14
167 88 14
167 88 14
167 88 14
167 88 14
167 88 14
167 88 14
167 88 14
167 88 14
167 88 14
167 88 14
167 88 14
167 88 14
167 88 14
167 88 14
167 88 14
167 88 14
167 88 14
167 88 14
167 88 14
167 88 14
167 88 14
167 88 14
167 88 14
167 88 14
167 88 14
167 88 14
167 88 14
167 88 14
167 88 14
167 88 14
167 88 14
167 88 14
167 88 14
167 88 14
167 88 14
167 88 14
167 88 14
167 88 14
167 88 14
167 88 14
167 88 14
167 88 14
167 88 14
167 88 14
167 88 14
167 88 14
167 88 14
167 88 14
167 88 14
167 88 14
167 88 14
167 88 14
167 88 14
167 88 14
167 88 14
167 88 14
167 88 14
167 88 14
167 88 14
167 88 14
167 88 14
167 88 14
167 88 14
167 88 14
167 88 14
167 88 14
167 88 14
167 88 14
167 88 14
167 88 14
167 88 14
167 88 14
167 88 14
167 88 14
167 88 14
167 88 14
167 88 14
167 88 14
167 88 14
167 88 14
167 88 14
167 88 14
167 88 14
167 88 14
167 88 14
167 88 14
167 88 14
167 88 14
167 88 14
167 88 14
167 88 14
167 88 14
167 88 14
167 88 14
167 88 14
167 88 14
167 88 14
167 88 14
167 88 14
167 88 14
167 88 14
167 88 14
167 88 14
167 88 14
167 88 14
167 88 14
167 88 14
167 88 14
167 88 14
167 88 14
167 88 14
167 88 14
167 88 14
167 88 14
167 88 14
167 88 14
167 88 14
167 88 14
167 88 14
167 88 14
167 88 14
167 88 14
167 88 14
167 88 14
167 88 14
167 88 14
167 88 14
167 88 14
167 88 14
167 88 14
167 88 14
167 88 14
167 88 14
167 88 14
167 88 14
167 88 14
167 88 14
167 88 14
167 88 14
167 88 14
167 88 14
167 88 14
167 88 14
167 88 14
167 88 14
167 88 14
167 88 14
167 88 14
167 88 14
167 88 14
167 88 14
167 88 14
167 88 14
167 88 14
167 88 14
167 88 14
167 88 14
167 88 14
167 88 14
167 88 14
167 88 14
167 88 14
167 88 14
167 88 14
167 88 14
167 88 14
167 88 14
167 88 14
167 88 14
167 88 14
167 88 14
167 88 14
167 88 14
167 88 14
167 88 14
167 88 14
167 88 14
167 88 14
167 88 14
167 88 14
167 88 14
168 88 549
168 88 14
168 88 14
168 88 14
168 88 14
168 88 14
168 88 14
168 88 14
168 88 14
168 88 14
168 88 14
168 88 14
168 88 14
168 88 14
168 88 14
168 88 14
168 88 14
168 88 14
168 88 14
168 88 14
168 88 14
168 88 14
168 88 14
168 88 14
168 88 14
168 88 14
168 88 14
168 88 14
168 88 14
168 88 14
168 88 14
168 88 14
168 88 14
168 88 14
168 88 14
168 88 14
168 88 14
168 88 14
168 88 14
168 88 14
168 88 14
168 88 14
168 88 14
168 88 14
168 88 14
168 88 14
168 88 14
168 88 14
168 88 14
168 88 14
168 88 14
168 88 14
168 88 14
168 88 14
168 88 14
168 88 14
168 88 14
168 88 14
168 88 14
168 88 14
168 88 14
168 88 14
168 88 14
168 88 14
168 88 14
168 88 14
168 88 14
168 88 14
168 88 14
168 88 14
168 88 14
168 88 14
168 88 14
168 88 14
168 88 14
168 88 14
168 88 14
168 88 14
168 88 14
168 88 14
168 88 14
168 88 14
168 88 14
168 88 14
168 88 14
168 88 14
168 88 14
168 88 14
168 88 14
168 88 14
168 88 14
168 88 14
168 88 14
168 88 14
168 88 14
168 88 14
168 88 14
168 88 14
168 88 14
168 88 14
168 88 14
168 88 14
168 88 14
168 88 14
168 88 14
168 88 14
168 88 14
168 88 14
168 88 14
168 88 14
168 88 14
168 88 14
168 88 14
168 88 14
168 88 14
168 88 14
168 88 14
168 88 14
168 88 14
168 88 14
168 88 14
168 88 14
168 88 14
168 88 14
168 88 14
168 88 14
168 88 14
168 88 14
168 88 14
168 88 14
168 88 14
168 88 14
168 88 14
168 88 14
168 88 14
168 88 14
168 88 14
168 88 14
168 88 14
168 88 14
168 88 14
168 88 14
168 88 14
168 88 14
168 88 14
168 88 14
168 88 14
168 88 14
168 88 14
168 88 14
168 88 14
168 88 14
168 88 14
168 88 14
168 88 14
168 88 14
168 88 14
168 88 14
168 88 14
168 88 14
168 88 14
168 88 14
168 88 14
168 88 14
168 88 14
168 88 14
168 88 14
168 88 14
168 88 14
168 88 14
168 88 14
168 88 14
168 88 14
168 88 14
168 88 14
168 88 14
168 88 14
168 88 14
168 88 14
168 88 14
168 88 14
168 88 14
168 88 14
168 88 14
168 88 14
168 88 14
168 88 14
168 88 14
168 88 14
168 88 14
168 88 14
168 88 14
168 88 14
168 88 14
168 88 14
168 88 14
168 88 14
168 88 14
168 88 14
168 88 14
168 88 14
168 88 14
168 88 14
168 88 14
168 88 14
168 88 14
168 88 14
168 88 14
168 88 14
168 88 14
168 88 14
168 88 14
168 88 14
168 88 14
168 88 14
168 88 14
168 88 14
168 88 14
168 88 14
168 88 14
168 87 522
168 87 14
168 87 14
168 87 14
168 87 14
168 87 14
168 87 14
168 87 14
168 87 14
168 87 14
168 87 14
168 87 14
168 87 14
168 87 14
168 87 14
168 87 14
168 87 14
168 87 14
168 87 14
168 87 14
168 87 14
168 87 14
168 87 14
168 87 14
168 87 14
168 87 14
168 87 14
168 87 14
168 87 14
168 87 14
168 87 14
168 87 14
168 87 14
168 87 14
168 87 14
168 87 14
168 87 14
168 87 14
168 87 14
168 87 14
168 87 14
168 87 14
168 87 14
168 87 14
168 87 14
168 87 14
168 87 14
168 87 14
168 87 14
168 87 14
168 87 14
168 87 14
168 87 14
168 87 14
168 87 14
168 87 14
168 87 14
168 87 14
168 87 14
168 87 14
168 87 14
168 87 14
168 87 14
168 87 14
168 87 14
168 87 14
168 87 14
168 87 14
168 87 14
168 87 14
168 87 14
168 87 14
168 87 14
168 87 14
168 87 14
168 87 14
168 87 14
168 87 14
168 87 14
168 87 14
168 87 14
168 87 14
168 87 14
168 87 14
168 87 14
168 87 14
168 87 14
168 87 14
168 87 14
168 87 14
168 87 14
168 87 14
168 87 14
168 87 14
168 87 14
168 87 14
168 87 14
168 87 14
168 87 14
168 87 14
168 87 14
168 87 14
168 87 14
168 87 14
168 87 14
168 87 14
168 87 14
168 87 14
168 87 14
168 87 14
168 87 14
168 87 14
168 87 14
168 87 14
168 87 14
168 87 14
168 87 14
168 87 14
168 87 14
168 87 14
168 87 14
168 87 14
168 87 14
168 87 14
168 87 14
168 87 14
168 87 14
168 87 14
168 87 14
168 87 14
168 87 14
168 87 14
168 87 14
168 87 14
168 87 14
168 87 14
168 87 14
168 87 14
168 87 14
168 87 14
168 87 14
168 87 14
168 87 14
168 87 14
168 87 14
168 87 14
168 87 14
168 87 14
168 87 14
168 87 14
168 87 14
168 87 14
168 87 14
168 87 14
168 87 14
168 87 14
168 87 14
168 87 14
168 87 14
168 87 14
168 87 14
168 87 14
168 87 14
168 87 14
168 87 14
168 87 14
168 87 14
168 87 14
168 87 14
168 87 14
168 87 14
168 87 14
168 87 14
168 87 14
168 87 14
168 87 14
168 87 14
168 87 14
168 87 14
168 87 14
168 87 14
168 87 14
168 87 14
168 87 14
168 87 14
168 87 14
168 87 14
168 87 14
168 87 14
168 87 14
168 87 14
168 87 14
168 87 14
168 87 14
168 87 14
168 87 14
168 87 14
168 87 14
168 87 14
168 87 14
168 87 14
168 87 14
168 87 14
168 87 14
168 87 14
168 87 14
168 87 14
169 87 495
169 87 14
169 87 14
169 87 14
169 87 14
169 87 14
169 87 14
169 87 14
169 87 14
169 87 14
169 87 14
169 87 14
169 87 14
169 87 14
169 87 14
169 87 14
169 87 14
169 87 14
169 87 14
169 87 14
169 87 14
169 87 14
169 87 14
169 87 14
169 87 14
169 87 14
169 87 14
169 87 14
169 87 14
169 87 14
169 87 14
169 87 14
169 87 14
169 87 14
169 87 14
169 87 14
169 87 14
169 87 14
169 87 14
169 87 14
169 87 14
169 87 14
169 87 14
169 87 14
169 87 14
169 87 14
169 87 14
169 87 14
169 87 14
169 87 14
169 87 14
169 87 14
169 87 14
169 87 14
169 87 14
169 87 14
169 87 14
169 87 14
169 87 14
169 87 14
169 87 14
169 87 14
169 87 14
169 87 14
169 87 14
169 87 14
169 87 14
169 87 14
169 87 14
169 87 14
169 87 14
169 87 14
169 87 14
169 87 14
169 87 14
169 87 14
169 87 14
169 87 14
169 87 14
169 87 14
169 87 14
169 87 14
169 87 14
169 87 14
169 87 14
169 87 14
169 87 14
169 87 14
169 87 14
169 87 14
169 87 14
169 87 14
169 87 14
169 87 14
169 87 14
169 87 14
169 87 14
169 87 14
169 87 14
169 87 14
169 87 14
169 87 14
169 87 14
169 87 14
169 87 14
169 87 14
169 87 14
169 87 14
169 87 14
169 87 14
169 87 14
169 87 14
169 87 14
169 87 14
169 87 14
169 87 14
169 87 14
169 87 14
169 87 14
169 87 14
169 87 14
169 87 14
169 87 14
169 87 14
169 87 14
169 87 14
169 87 14
169 87 14
169 87 14
169 87 14
169 87 14
169 87 14
169 87 14
169 87 14
169 87 14
169 87 14
169 87 14
169 87 14
169 87 14
169 87 14
169 87 14
169 87 14
169 87 14
169 87 14
169 87 14
169 87 14
169 87 14
169 87 14
169 87 14
169 87 14
169 87 14
169 87 14
169 87 14
169 87 14
169 87 14
169 87 14
169 87 14
169 87 14
169 87 14
169 87 14
169 87 14
169 87 14
169 87 14
169 87 14
169 87 14
169 87 14
169 87 14
169 87 14
169 87 14
169 87 14
169 87 14
169 87 14
169 87 14
169 87 14
169 87 14
169 87 14
169 87 14
169 87 14
169 87 14
169 87 14
169 87 14
169 87 14
169 87 14
169 87 14
169 87 14
169 87 14
169 87 14
169 87 14
169 87 14
170 87 472
170 87 14
170 87 14
170 87 14
170 87 14
170 87 14
170 87 14
170 87 14
170 87 14
170 87 14
170 87 14
170 87 14
170 87 14
170 87 14
170 87 14
170 87 14
170 87 14
170 87 14
170 87 14
170 87 14
170 87 14
170 87 14
170 87 14
170 87 14
170 87 14
170 87 14
170 87 14
170 87 14
170 87 14
170 87 14
170 87 14
170 87 14
170 87 14
170 87 14
170 87 14
170 87 14
170 87 14
170 87 14
170 87 14
170 87 14
170 87 14
170 87 14
170 87 14
170 87 14
170 87 14
170 87 14
170 87 14
170 87 14
170 87 14
170 87 14
170 87 14
170 87 14
170 87 14
170 87 14
170 87 14
170 87 14
170 87 14
170 87 14
170 87 14
170 87 14
170 87 14
170 87 14
170 87 14
170 87 14
170 87 14
170 87 14
170 87 14
170 87 14
170 87 14
170 87 14
170 87 14
170 87 14
170 87 14
170 87 14
170 87 14
170 87 14
170 87 14
170 87 14
170 87 14
170 87 14
170 87 14
170 87 14
170 87 14
170 87 14
170 87 14
170 87 14
170 87 14
170 87 14
170 87 14
170 87 14
170 87 14
170 87 14
170 87 14
170 87 14
170 87 14
170 87 14
170 87 14
170 87 14
170 87 14
170 87 14
170 87 14
170 87 14
170 87 14
170 87 14
170 87 14
170 87 14
170 87 14
170 87 14
170 87 14
170 87 14
170 87 14
170 87 14
170 87 14
170 87 14
170 87 14
170 87 14
170 87 14
170 87 14
170 87 14
170 87 14
170 87 14
170 87 14
170 87 14
170 87 14
170 87 14
170 87 14
170 87 14
170 87 14
170 87 14
170 87 14
170 87 14
170 87 14
170 87 14
170 87 14
170 87 14
170 87 14
170 87 14
170 87 14
170 87 14
170 87 14
170 87 14
170 87 14
170 87 14
170 87 14
170 87 14
170 87 14
170 87 14
170 87 14
170 87 14
170 87 14
170 87 14
170 87 14
170 87 14
170 87 14
170 87 14
170 87 14
170 87 14
170 87 14
170 87 14
170 87 14
170 87 14
170 87 14
170 87 14
170 87 14
170 86 444
170 86 14
170 86 14
170 86 14
170 86 14
170 86 14
170 86 14
170 86 14
170 86 14
170 86 14
170 86 14
170 86 14
170 86 14
170 86 14
170 86 14
170 86 14
170 86 14
170 86 14
170 86 14
170 86 14
170 86 14
170 86 14
170 86 14
170 86 14
170 86 14
170 86 14
170 86 14
170 86 14
170 86 14
170 86 14
170 86 14
170 86 14
170 86 14
170 86 14
170 86 14
170 86 14
170 86 14
170 86 14
170 86 14
170 86 14
170 86 14
170 86 14
170 86 14
170 86 14
170 86 14
170 86 14
170 86 14
170 86 14
170 86 14
170 86 14
170 86 14
170 86 14
170 86 14
170 86 14
170 86 14
170 86 14
170 86 14
170 86 14
170 86 14
170 86 14
170 86 14
170 86 14
170 86 14
170 86 14
170 86 14
170 86 14
170 86 14
170 86 14
170 86 14
170 86 14
170 86 14
170 86 14
170 86 14
170 86 14
170 86 14
170 86 14
170 86 14
170 86 14
170 86 14
170 86 14
170 86 14
170 86 14
170 86 14
170 86 14
170 86 14
170 86 14
170 86 14
170 86 14
170 86 14
170 86 14
170 86 14
170 86 14
170 86 14
170 86 14
170 86 14
170 86 14
170 86 14
170 86 14
170 86 14
170 86 14
170 86 14
170 86 14
170 86 14
170 86 14
170 86 14
170 86 14
170 86 14
170 86 14
170 86 14
170 86 14
170 86 14
170 86 14
170 86 14
170 86 14
170 86 14
170 86 14
170 86 14
170 86 14
170 86 14
170 86 14
170 86 14
170 86 14
170 86 14
170 86 14
170 86 14
170 86 14
170 86 14
170 86 14
170 86 14
170 86 14
170 86 14
170 86 14
170 86 14
170 86 14
170 86 14
170 86 14
171 86 417
171 86 14
171 86 14
171 86 14
171 86 14
171 86 14
171 86 14
171 86 14
171 86 14
171 86 14
171 86 14
171 86 14
171 86 14
171 86 14
171 86 14
171 86 14
171 86 14
171 86 14
171 86 14
171 86 14
171 86 14
171 86 14
171 86 14
171 86 14
171 86 14
171 86 14
171 86 14
171 86 14
171 86 14
171 86 14
171 86 14
171 86 14
171 86 14
171 86 14
171 86 14
171 86 14
171 86 14
171 86 14
171 86 14
171 86 14
171 86 14
171 86 14
171 86 14
171 86 14
171 86 14
171 86 14
171 86 14
171 86 14
171 86 14
171 86 14
171 86 14
171 86 14
171 86 14
171 86 14
171 86 14
171 86 14
171 86 14
171 86 14
171 86 14
171 86 14
171 86 14
171 86 14
171 86 14
171 86 14
171 86 14
171 86 14
171 86 14
171 86 14
171 86 14
171 86 14
171 86 14
171 86 14
171 86 14
171 86 14
171 86 14
171 86 14
171 86 14
171 86 14
171 86 14
171 86 14
171 86 14
171 86 14
171 86 14
171 86 14
171 86 14
171 86 14
171 86 14
171 86 14
171 86 14
171 86 14
171 86 14
171 86 14
171 86 14
171 86 14
171 86 14
171 86 14
171 86 14
171 86 14
171 86 14
171 86 14
171 86 14
171 86 14
171 86 14
171 86 14
171 86 14
171 86 14
171 86 14
171 86 14
171 86 14
172 86 394
172 86 14
172 86 14
172 86 14
172 86 14
172 86 14
172 86 14
172 86 14
172 86 14
172 86 14
172 86 14
172 86 14
172 86 14
172 86 14
172 86 14
172 86 14
172 86 14
172 86 14
172 86 14
172 86 14
172 86 14
172 86 14
172 86 14
172 86 14
172 86 14
172 86 14
172 86 14
172 86 14
172 86 14
172 86 14
172 86 14
172 86 14
172 86 14
172 86 14
172 86 14
172 86 14
172 86 14
172 86 14
172 86 14
172 86 14
172 86 14
172 86 14
172 86 14
172 86 14
172 86 14
172 86 14
172 86 14
172 86 14
172 86 14
172 86 14
172 86 14
172 86 14
172 86 14
172 86 14
172 86 14
172 86 14
172 86 14
172 86 14
172 86 14
172 86 14
172 86 14
172 86 14
172 86 14
172 86 14
172 86 14
172 86 14
172 86 14
172 86 14
172 86 14
172 86 14
172 86 14
172 86 14
172 86 14
172 86 14
172 86 14
172 86 14
172 86 14
172 86 14
172 86 14
172 86 14
172 86 14
172 86 14
172 86 14
172 86 14
172 86 14
172 86 14
172 85 363
172 85 14
172 85 14
172 85 14
172 85 14
172 85 14
172 85 14
172 85 14
172 85 14
172 85 14
172 85 14
172 85 14
172 85 14
172 85 14
172 85 14
172 85 14
172 85 14
172 85 14
172 85 14
172 85 14
172 85 14
172 85 14
172 85 14
172 85 14
172 85 14
172 85 14
172 85 14
172 85 14
172 85 14
172 85 14
172 85 14
172 85 14
172 85 14
172 85 14
172 85 14
172 85 14
172 85 14
172 85 14
172 85 14
172 85 14
172 85 14
172 85 14
172 85 14
172 85 14
172 85 14
172 85 14
172 85 14
172 85 14
172 85 14
172 85 14
172 85 14
172 85 14
172 85 14
172 85 14
172 85 14
172 85 14
172 85 14
172 85 14
172 85 14
172 85 14
172 85 14
173 85 336
173 85 14
173 85 14
173 85 14
173 85 14
173 85 14
173 85 14
173 85 14
173 85 14
173 85 14
173 85 14
173 85 14
173 85 14
173 85 14
173 85 14
173 85 14
173 85 14
173 85 14
173 85 14
173 85 14
173 85 14
173 85 14
173 85 14
173 85 14
173 85 14
173 85 14
173 85 14
173 85 14
173 85 14
173 85 14
173 85 14
173 85 14
173 85 14
173 85 14
173 85 14
173 85 14
173 85 14
173 85 14
173 85 14
173 85 14
173 85 14
173 85 14
173 85 14
173 85 14
173 85 14
173 85 14
173 85 14
173 84 309
173 84 14
173 84 14
173 84 14
173 84 14
173 84 14
173 84 14
173 84 14
173 84 14
173 84 14
173 84 14
173 84 14
173 84 14
173 84 14
173 84 14
173 84 14
173 84 14
173 84 14
173 84 14
173 84 14
173 84 14
173 84 14
173 84 14
173 84 14
173 84 14
173 84 14
173 84 14
173 84 14
173 84 14
174 84 278
174 84 14
174 84 14
174 84 14
174 84 14
174 84 14
174 84 14
174 84 14
174 84 14
174 84 14
174 84 14
174 84 14
174 84 14
174 84 14
174 84 14
174 84 14
174 84 14
174 84 14
174 84 14
174 84 14
174 84 14
174 84 14
174 84 14
175 84 252
175 84 14
175 84 14
175 84 14
175 84 14
175 84 14
175 84 14
175 84 14
175 84 14
175 84 14
175 84 14
175 84 14
175 84 14
175 84 14
175 84 14
175 84 14
175 84 14
175 84 14
175 83 220
175 83 14
175 83 14
175 83 14
175 83 14
175 83 14
175 83 14
175 83 14
175 83 14
175 83 14
176 83 192
176 83 14
176 83 14
176 83 14
176 83 14
176 83 14
176 83 14
176 83 14
176 83 14
176 82 163
176 82 14
176 82 14
176 82 14
177 82 134
177 82 14
177 82 14
177 82 14
177 82 14
177 81 107
177 81 14
177 81 14
177 80 90
177 80 14
178 79 36
178 79 14
178 79 14
178 79 14
179 79 15
179 79 14
179 79 14
179 79 14
179 79 14
180 79 15
180 79 14
180 79 14
180 79 14
180 79 14
180 78 15
180 78 14
180 78 14
180 78 14
181 78 15
181 78 14
181 78 14
181 78 14
181 77 15
181 77 14
181 77 14
181 77 14
181 76 15
181 76 14
181 76 14
181 75 15
181 75 14
181 75 14
181 75 14
182 75 15
182 75 14
182 75 14
183 75 15
183 75 14
184 75 15
184 75 14
185 75 15
185 75 14
186 75 15
187 75 15
187 74 15
188 74 15
188 73 15
187 47 15
187 48 15
187 49 15
187 50 15
187 51 15
187 52 15
187 53 15
187 54 15
187 55 15
187 56 15
188 56 15
188 57 15
188 58 15
188 59 15
189 60 15
189 61 15
189 62 15
189 63 15
189 64 15
189 65 15
189 66 15
189 67 15
189 68 15
189 69 15
189 70 15
189 71 15
189 72 15
186 46 15
185 46 15
184 46 15
184 46 14
183 46 15
183 46 14
182 46 15
182 46 14
181 46 15
181 46 14
180 46 15
180 46 14
180 46 14
179 46 15
179 46 14
179 46 14
179 46 14
178 46 15
178 46 14
178 46 14
178 46 14
178 46 14
178 46 14
177 46 15
177 46 14
177 46 14
177 46 14
177 46 14
177 46 14
177 46 14
177 46 14
176 46 15
176 46 14
176 46 14
176 46 14
176 46 14
176 46 14
176 46 14
176 46 14
176 46 14
176 46 14
176 46 14
176 46 14
175 46 15
175 46 14
175 46 14
175 46 14
175 46 14
175 46 14
175 46 14
175 46 14
175 46 14
175 46 14
175 46 14
175 46 14
175 46 14
175 46 14
175 46 14
175 46 14
175 46 14
174 46 40
174 46 14
174 46 14
174 46 14
174 46 14
174 46 14
174 46 14
174 46 14
174 46 14
174 46 14
174 46 14
174 46 14
174 46 14
174 46 14
174 46 14
174 46 14
174 46 14
174 46 14
174 46 14
174 46 14
174 46 14
174 46 14
173 46 88
173 46 14
173 46 14
173 46 14
173 46 14
173 46 14
173 46 14
173 46 14
173 46 14
173 46 14
173 46 14
173 46 14
173 46 14
173 46 14
173 46 14
173 46 14
173 46 14
173 46 14
173 46 14
173 46 14
173 46 14
173 46 14
173 46 14
173 46 14
173 46 14
173 46 14
172 46 132
172 46 14
172 46 14
172 46 14
172 46 14
172 46 14
172 46 14
172 46 14
172 46 14
172 46 14
172 46 14
172 46 14
172 46 14
172 46 14
172 46 14
172 46 14
172 46 14
172 46 14
172 46 14
172 46 14
172 46 14
172 46 14
172 46 14
172 46 14
172 46 14
172 46 14
172 46 14
172 46 14
171 46 169
171 46 14
171 46 14
171 46 14
171 46 14
171 46 14
171 46 14
171 46 14
171 46 14
171 46 14
171 46 14
171 46 14
171 46 14
171 46 14
171 46 14
171 46 14
171 46 14
171 46 14
171 46 14
171 46 14
171 46 14
171 46 14
171 46 14
171 46 14
171 46 14
171 46 14
171 46 14
170 46 196
170 46 14
170 46 14
170 46 14
170 46 14
170 46 14
170 46 14
170 46 14
170 46 14
170 46 14
170 46 14
170 46 14
170 46 14
170 46 14
170 46 14
170 46 14
170 46 14
170 46 14
170 46 14
170 46 14
170 46 14
170 46 14
169 46 211
169 46 14
169 46 14
169 46 14
169 46 14
169 46 14
169 46 14
169 46 14
169 46 14
169 46 14
169 46 14
169 46 14
169 46 14
169 46 14
168 46 211
168 46 14
168 46 14
168 46 14
168 46 14
168 46 14
168 46 14
166 46 163
165 46 115
164 46 53
164 46 14
163 46 15
163 46 14
163 46 14
163 45 15
163 45 14
163 45 14
163 45 14
162 45 15
162 45 14
162 45 14
161 45 15
161 45 14
160 45 15
160 45 14
159 45 15
159 45 14
158 45 15
158 44 15
158 43 15
158 43 14
158 42 15
158 42 14
158 41 15
158 41 14
158 40 15
158 40 14
157 39 15
157 39 14
157 38 15
157 38 14
156 38 15
155 38 15
155 37 15
155 36 15
155 36 14
154 36 15
154 35 15
153 35 15
152 35 15
152 34 15
151 34 15
151 33 15
151 33 14
150 33 15
150 33 14
149 33 15
149 33 14
148 33 15
148 33 14
148 33 14
185 45 15
185 44 15
185 43 15
185 43 14
185 42 15
185 42 14
184 42 15
184 42 14
184 41 15
184 41 14
184 40 30
184 40 14
184 39 48
184 38 62
184 37 71
184 36 73
184 35 69
184 34 58
184 34 14
184 33 41
184 33 14
184 33 14
184 32 19
184 32 14
184 32 14
184 32 14
184 31 15
184 31 14
184 31 14
184 31 14
184 31 14
184 30 15
184 30 14
184 30 14
184 30 14
184 29 15
184 29 14
184 29 14
184 29 14
184 28 15
184 28 14
184 28 14
184 28 14
184 27 15
184 27 14
184 27 14
184 27 14
184 26 15
184 26 14
184 26 14
184 25 15
184 25 14
184 25 14
184 24 15
184 24 14
184 24 14
184 23 15
184 23 14
184 23 14
184 22 15
184 22 14
184 21 15
184 21 14
184 20 15
184 20 14
184 19 15
184 19 14
140 89 15
140 89 14
140 89 14
140 89 14
139 89 15
139 89 14
139 89 14
139 90 15
139 90 14
139 90 14
139 91 15
139 91 14
139 91 14
139 92 15
139 92 14
139 92 14
139 93 15
139 93 14
139 93 14
139 94 15
139 94 14
139 94 14
139 94 14
139 95 15
139 95 14
139 95 14
139 95 14
139 95 14
139 96 24
139 96 14
139 96 14
139 96 14
139 96 14
139 97 94
139 97 14
139 98 163
139 99 226
139 100 283
139 101 331
139 102 369
139 103 397
139 104 413
139 105 420
139 106 416
139 106 14
139 107 403
139 107 14
139 107 14
139 107 14
139 107 14
139 107 14
139 108 382
139 108 14
139 108 14
139 108 14
139 108 14
139 108 14
139 108 14
139 108 14
139 108 14
139 109 354
139 109 14
139 109 14
139 109 14
139 109 14
139 109 14
139 109 14
139 109 14
139 109 14
139 110 322
139 110 14
139 110 14
139 110 14
139 110 14
139 110 14
139 111 286
139 111 14
139 112 249
139 113 211
139 114 174
139 115 140
139 116 110
139 117 84
139 118 63
139 119 48
139 120 38
139 121 34
138 121 31
138 122 30
137 122 30
137 122 14
137 123 30
137 123 14
136 124 33
136 124 14
135 124 35
135 124 14
135 125 37
135 125 14
134 125 40
134 125 14
134 126 41
134 126 14
134 127 43
134 127 14
133 127 44
133 127 14
133 128 44
133 128 14
133 129 44
133 129 14
133 130 43
133 130 14
133 131 40
133 131 14
133 132 35
133 132 14
133 132 14
133 133 29
133 133 14
133 133 14
133 133 14
133 134 19
133 134 14
133 134 14
133 134 14
133 135 15
133 135 14
133 135 14
133 135 14
133 135 14
133 136 15
133 136 14
133 136 14
133 136 14
133 137 15
133 137 14
133 137 14
133 138 15
133 138 14
133 138 14
134 138 15
134 138 14
134 138 14
134 139 15
134 139 14
135 139 15
135 139 14
136 139 15
136 139 14
136 140 15
136 140 14
136 141 15
136 141 14
137 141 15
137 141 14
138 141 15
138 141 14
138 142 15
138 142 14
139 142 15
139 142 14
139 143 15
139 143 14
139 144 15
139 144 14
140 144 15
140 144 14
140 145 15
140 145 14
140 146 15
140 146 14
141 146 15
141 146 14
141 147 15
141 147 14
141 148 15
141 148 14
141 149 15
141 149 14
141 150 15
141 150 14
142 150 16
142 150 14
142 150 14
143 150 36
143 150 14
143 150 14
143 150 14
143 151 54
143 151 14
143 151 14
144 151 74
144 151 14
144 151 14
144 151 14
144 151 14
144 152 94
144 152 14
144 152 14
144 152 14
144 152 14
145 152 115
145 152 14
145 152 14
145 152 14
145 152 14
145 152 14
145 152 14
145 152 14
145 153 136
145 153 14
145 153 14
145 153 14
145 153 14
145 153 14
145 153 14
145 153 14
145 153 14
146 153 157
146 153 14
146 153 14
146 153 14
146 153 14
146 153 14
146 153 14
146 153 14
146 153 14
146 153 14
146 153 14
146 153 14
146 154 178
146 154 14
146 154 14
146 154 14
146 154 14
146 154 14
146 154 14
146 154 14
146 154 14
146 154 14
146 154 14
146 154 14
146 154 14
147 154 198
147 154 14
147 154 14
147 154 14
147 154 14
147 154 14
147 154 14
147 154 14
147 154 14
147 154 14
147 154 14
147 154 14
147 154 14
147 154 14
147 155 216
147 155 14
147 155 14
147 155 14
147 155 14
147 155 14
147 155 14
147 155 14
147 155 14
147 155 14
147 155 14
147 155 14
147 155 14
147 155 14
148 155 234
148 155 14
148 155 14
148 155 14
148 155 14
148 155 14
148 155 14
148 155 14
148 155 14
148 155 14
148 155 14
148 155 14
148 156 249
148 156 14
148 156 14
148 156 14
148 156 14
148 156 14
148 156 14
148 156 14
148 156 14
148 156 14
148 156 14
148 156 14
149 156 264
149 156 14
149 156 14
149 156 14
149 156 14
149 156 14
149 156 14
149 156 14
149 157 275
149 157 14
149 157 14
149 157 14
149 157 14
149 157 14
149 157 14
149 158 286
149 158 14
149 158 14
149 158 14
149 158 14
149 158 14
149 158 14
150 159 295
151 159 295
151 160 292
151 161 287
152 161 277
152 162 265
152 163 251
153 163 232
153 164 212
153 165 190
154 165 165
154 166 139
154 167 113
155 167 85
156 167 60
157 167 37
158 167 16
158 167 14
159 167 15
160 167 15
161 167 15
162 167 15
162 166 15
163 165 15
164 165 15
165 165 15
166 165 15
167 165 15
167 164 15
168 164 15
169 164 15
170 164 15
171 164 15
171 163 15
172 163 15
173 163 15
173 162 15
174 162 15
174 161 15
174 160 15
174 159 15
67 162 15
67 162 14
67 161 15
67 161 14
67 160 15
67 159 15
67 158 15
67 157 15
67 156 15
67 155 15
67 154 15
67 153 15
67 152 15
67 151 15
67 150 15
66 149 15
65 149 15
64 149 15
63 149 15
63 149 14
62 149 15
62 149 14
61 149 15
61 149 14
61 149 14
61 148 50
61 147 92
61 146 136
61 145 180
61 144 224
61 143 267
61 142 309
61 141 348
61 140 384
61 139 416
61 138 444
61 137 468
61 136 485
61 135 498
61 134 504
61 133 505
61 132 501
61 131 491
61 130 476
61 129 457
61 128 434
61 127 409
61 126 382
61 125 354
61 124 326
61 123 300
61 122 277
60 122 261
59 122 244
58 122 225
57 122 206
56 122 186
55 122 166
54 122 147
53 122 128
52 122 110
51 122 94
50 122 79
48 122 56
48 122 14
47 122 47
47 122 14
46 122 41
46 122 14
45 122 36
45 122 14
45 122 14
44 122 33
44 122 14
44 122 14
44 123 32
44 123 14
43 123 26
43 123 14
43 123 14
42 123 22
42 123 14
42 123 14
41 123 19
41 123 14
41 123 14
40 123 17
40 123 14
40 123 14
40 123 14
39 123 15
39 123 14
39 123 14
39 123 14
38 123 15
38 123 14
38 123 14
38 123 14
38 123 14
37 123 15
37 123 14
37 123 14
37 123 14
37 123 14
36 123 15
36 123 14
36 123 14
36 123 14
36 123 14
35 123 15
35 123 14
35 123 14
35 123 14
34 123 15
34 123 14
34 123 14
34 123 14
33 123 15
33 123 14
33 123 14
32 123 15
32 123 14
31 123 15
31 123 14
30 123 15
30 123 14
29 123 15
28 123 15
28 124 15
28 125 15
28 126 15
28 127 15
27 127 15
26 127 15
26 128 15
25 128 15
24 128 15
24 128 14
23 128 15
23 128 14
22 128 15
22 128 14
22 129 15
22 129 14
22 130 15
22 130 14
22 130 14
22 131 15
22 131 14
22 131 14
22 132 15
22 132 14
22 132 14
22 132 14
22 132 14
22 133 15
22 133 14
22 133 14
22 133 14
22 133 14
22 133 14
22 133 14
22 134 15
22 134 14
22 134 14
22 134 14
22 134 14
22 134 14
22 134 14
22 134 14
22 134 14
22 134 14
21 134 36
21 134 14
21 134 14
21 134 14
21 134 14
21 134 14
21 134 14
21 134 14
21 134 14
21 134 14
21 135 58
21 135 14
21 135 14
21 135 14
21 135 14
21 135 14
21 135 14
21 135 14
21 135 14
21 135 14
21 135 14
21 135 14
21 135 14
20 135 81
20 135 14
20 135 14
20 135 14
20 135 14
20 135 14
20 135 14
20 135 14
20 135 14
20 135 14
20 135 14
20 135 14
20 135 14
20 136 101
20 136 14
20 136 14
20 136 14
20 136 14
20 136 14
20 136 14
20 136 14
20 136 14
20 136 14
20 136 14
20 136 14
20 136 14
20 136 14
20 136 14
20 137 120
20 137 14
20 137 14
20 137 14
20 137 14
20 137 14
20 137 14
20 137 14
20 137 14
20 137 14
20 137 14
20 137 14
20 137 14
20 137 14
20 137 14
20 137 14
20 137 14
20 137 14
19 137 140
19 137 14
19 137 14
19 137 14
19 137 14
19 137 14
19 137 14
19 137 14
19 137 14
19 137 14
19 137 14
19 137 14
19 137 14
19 137 14
19 137 14
19 138 154
19 138 14
19 138 14
19 138 14
19 138 14
19 138 14
19 138 14
19 138 14
19 138 14
19 138 14
19 138 14
19 138 14
19 138 14
19 138 14
19 138 14
19 139 168
19 139 14
19 139 14
19 139 14
19 139 14
19 139 14
19 139 14
19 139 14
19 139 14
19 139 14
19 139 14
19 139 14
19 139 14
19 139 14
19 139 14
19 140 179
19 140 14
19 140 14
19 140 14
19 140 14
19 140 14
19 140 14
19 140 14
19 140 14
19 140 14
19 140 14
19 140 14
19 140 14
19 140 14
19 140 14
18 140 187
18 140 14
18 140 14
18 140 14
18 140 14
18 140 14
18 140 14
18 140 14
18 140 14
18 141 190
18 141 14
18 141 14
18 141 14
18 141 14
18 141 14
18 141 14
18 141 14
18 141 14
18 142 191
18 142 14
18 142 14
18 142 14
18 142 14
18 142 14
18 142 14
18 142 14
18 142 14
17 142 190
17 142 14
17 142 14
17 143 182
17 143 14
17 143 14
17 143 14
17 144 172
17 144 14
17 144 14
17 144 14
17 144 14
17 144 14
16 145 144
16 145 14
16 145 14
16 146 125
16 146 14
16 146 14
16 146 14
16 146 14
16 147 105
16 147 14
16 147 14
16 147 14
16 147 14
16 147 14
16 147 14
15 147 82
15 147 14
15 147 14
15 148 56
15 148 14
15 148 14
15 148 14
15 149 31
15 149 14
15 149 14
15 149 14
15 149 14
15 150 15
15 150 14
15 150 14
15 150 14
15 150 14
15 151 15
15 151 14
15 151 14
15 151 14
15 152 15
15 152 14
15 152 14
15 153 15
15 153 14
15 153 14
15 154 15
15 154 14
15 155 15
15 155 14
14 155 15
13 155 15
13 156 15
12 156 15
11 156 15
10 156 15
10 157 15
10 158 15
10 159 15
10 160 15
9 160 15
9 161 15
9 162 15
8 162 15
8 163 15
8 164 15
8 165 15
7 165 15
6 165 15
6 166 24
6 167 56
6 168 88
6 169 119
6 170 150
6 171 181
6 172 210
6 173 238
6 174 264
6 175 289
6 175 14
6 175 14
6 176 312
6 176 14
6 176 14
6 176 14
6 177 334
6 177 14
6 177 14
6 177 14
6 178 353
6 178 14
6 178 14
6 180 386
6 181 399
6 182 409
6 183 418
6 184 423
6 185 427
6 186 428
6 187 426
6 188 423
6 188 14
6 189 418
6 189 14
6 189 14
6 189 14
6 190 411
6 190 14
6 190 14
6 190 14
6 190 14
6 191 403
6 191 14
6 191 14
6 191 14
6 192 395
6 192 14
6 192 14
27 122 15
26 122 15
25 122 15
24 122 15
23 122 15
23 122 14
22 122 15
22 122 14
21 122 18
21 122 14
20 122 29
20 122 14
20 122 14
19 122 43
19 122 14
19 122 14
19 122 14
19 122 14
19 121 56
19 121 14
19 121 14
19 121 14
18 121 70
18 121 14
18 121 14
18 121 14
18 121 14
18 121 14
18 121 14
18 121 14
18 120 81
18 120 14
18 120 14
18 120 14
18 120 14
18 120 14
18 120 14
18 119 93
18 119 14
18 119 14
18 119 14
18 119 14
18 119 14
17 119 102
17 119 14
17 119 14
17 119 14
17 119 14
17 119 14
17 119 14
17 119 14
17 119 14
17 119 14
17 119 14
17 119 14
17 119 14
17 118 112
17 118 14
17 118 14
17 118 14
17 118 14
17 118 14
17 118 14
17 118 14
17 118 14
17 118 14
17 118 14
17 117 123
17 117 14
17 117 14
17 117 14
17 117 14
17 117 14
17 117 14
17 117 14
17 116 135
17 116 14
17 116 14
17 116 14
16 115 143
16 115 14
16 115 14
16 115 14
16 115 14
16 115 14
16 115 14
15 115 143
15 115 14
15 115 14
15 115 14
15 115 14
15 115 14
15 115 14
15 115 14
15 115 14
15 115 14
15 115 14
15 115 14
15 115 14
15 115 14
15 115 14
15 114 147
15 114 14
15 114 14
15 114 14
15 114 14
15 114 14
15 114 14
15 114 14
15 114 14
15 114 14
14 114 148
14 114 14
14 114 14
14 114 14
14 114 14
14 114 14
14 114 14
14 114 14
14 114 14
14 114 14
14 114 14
14 114 14
14 114 14
14 114 14
14 114 14
14 114 14
14 114 14
14 113 149
14 113 14
14 113 14
14 113 14
14 113 14
14 113 14
14 113 14
14 113 14
14 113 14
14 113 14
14 113 14
14 112 150
14 112 14
14 112 14
14 112 14
14 112 14
14 112 14
14 112 14
14 111 150
14 111 14
14 111 14
14 111 14
14 110 148
14 110 14
14 109 146
14 108 140
14 107 133
14 106 123
14 105 110
14 104 95
14 103 77
14 102 56
14 101 35
14 100 15
14 100 14
14 99 15
14 99 14
14 98 15
14 98 14
14 97 15
14 97 14
14 96 15
14 95 15
13 95 15
12 95 15
11 95 15
10 95 15
9 95 15
8 95 15
7 95 15
6 95 15
83 88 96
82 88 102
81 88 119
81 87 131
81 86 146
80 86 162
80 85 175
80 84 191
79 84 206
79 83 218
79 82 234
78 82 247
78 81 259
78 80 273
77 80 286
77 79 296
77 78 308
76 78 319
76 77 327
76 76 335
76 75 344
75 75 350
75 75 14
75 74 354
75 74 14
75 74 14
75 74 14
75 74 14
75 73 357
75 73 14
75 73 14
75 73 14
75 73 14
75 73 14
75 73 14
75 73 14
75 72 360
75 72 14
75 72 14
75 72 14
75 72 14
75 72 14
75 72 14
75 72 14
75 72 14
75 72 14
75 72 14
75 72 14
75 71 361
75 71 14
75 71 14
75 71 14
75 71 14
75 71 14
75 71 14
75 71 14
75 71 14
75 71 14
75 71 14
75 71 14
75 71 14
75 71 14
75 70 361
75 70 14
75 70 14
75 70 14
75 70 14
75 70 14
75 70 14
75 70 14
75 70 14
75 70 14
75 70 14
75 70 14
75 70 14
75 70 14
75 70 14
74 70 357
74 70 14
74 70 14
74 70 14
74 70 14
74 70 14
74 70 14
74 70 14
74 70 14
74 70 14
74 70 14
74 69 352
74 69 14
74 69 14
74 69 14
74 69 14
74 69 14
74 69 14
74 69 14
74 69 14
74 69 14
73 69 356
73 69 14
73 69 14
73 69 14
73 69 14
73 69 14
72 68 356
72 67 341
72 66 324
72 65 306
72 64 287
72 63 267
72 62 246
72 61 225
72 60 205
72 59 184
72 58 165
72 56 129
72 56 14
72 56 14
72 56 14
71 56 112
71 56 14
71 56 14
71 56 14
71 56 14
71 55 93
71 55 14
71 55 14
71 55 14
71 55 14
71 55 14
71 54 77
71 54 14
71 54 14
71 54 14
71 54 14
71 54 14
71 54 14
70 54 61
70 54 14
70 54 14
70 54 14
70 54 14
70 54 14
70 54 14
70 54 14
70 53 44
70 53 14
70 53 14
70 53 14
70 53 14
70 53 14
70 53 14
70 53 14
70 53 14
70 52 29
70 52 14
70 52 14
70 52 14
70 52 14
70 52 14
70 52 14
70 52 14
70 52 14
69 52 15
69 52 14
69 52 14
69 52 14
69 52 14
69 52 14
69 52 14
69 52 14
69 52 14
68 52 15
68 52 14
68 52 14
68 52 14
68 52 14
68 52 14
68 52 14
68 52 14
67 52 15
67 52 14
67 52 14
67 52 14
67 52 14
67 52 14
67 52 14
67 52 14
67 51 15
67 51 14
67 51 14
67 51 14
67 51 14
67 51 14
67 51 14
67 50 15
67 50 14
67 50 14
67 50 14
67 50 14
67 49 15
67 49 14
67 49 14
67 49 14
66 49 15
66 49 14
66 49 14
66 48 15
66 48 14
65 48 15
65 48 14
64 48 15
64 48 14
63 48 15
63 48 14
62 48 15
62 48 14
62 47 15
62 47 14
62 46 15
61 46 15
60 46 15
60 46 14
59 46 15
59 46 14
58 46 15
58 46 14
57 46 15
57 46 14
57 46 14
56 46 15
56 46 14
56 46 14
56 46 14
55 46 15
55 46 14
55 46 14
55 46 14
55 46 14
54 46 15
54 46 14
54 46 14
54 46 14
54 46 14
54 46 14
53 46 15
53 46 14
53 46 14
53 46 14
53 46 14
53 46 14
53 46 14
52 46 15
52 46 14
52 46 14
52 46 14
52 46 14
52 46 14
52 46 14
51 46 15
51 46 14
51 46 14
51 46 14
51 46 14
51 46 14
50 46 15
50 46 14
50 46 14
50 46 14
50 46 14
49 46 15
49 46 14
49 46 14
49 46 14
48 46 15
48 46 14
48 46 14
47 46 18
47 46 14
46 46 21
46 46 14
45 46 21
43 46 15
42 46 15
41 46 15
40 46 15
40 45 15
39 45 15
38 45 15
37 45 15
37 45 14
37 44 15
36 44 15
35 44 15
34 44 15
33 44 15
32 44 15
32 43 15
32 42 15
31 42 15
30 42 15
29 41 22
29 40 22
29 39 22
28 39 18
28 38 15
27 38 15
27 37 15
26 37 15
26 36 15
26 35 15
25 35 15
24 35 15
23 35 15
23 35 14
22 35 15
22 35 14
21 35 15
21 35 14
20 35 15
20 35 14
19 35 15
19 35 14
18 35 17
18 35 14
