86 169 26
86 169 16
86 169 16
86 169 16
28 78 26
144 94 26
185 57 26
51 14 26
137 34 26
184 45 26
173 51 26
155 87 26
155 87 16
155 87 16
155 87 16
155 87 16
155 87 16
155 87 16
143 81 26
149 40 26
149 40 16
149 40 16
138 46 26
138 46 16
138 46 16
138 46 16
138 46 16
138 46 16
138 46 16
138 46 16
138 46 16
138 46 16
138 46 16
138 46 16
138 46 16
138 46 16
138 46 16
138 46 16
138 46 16
138 46 16
138 46 16
138 46 16
138 46 16
138 46 16
138 46 16
138 46 16
138 46 16
138 46 16
148 27 26
40 84 26
40 70 26
40 70 16
40 70 16
40 70 16
40 70 16
40 70 16
40 70 16
40 70 16
40 70 16
40 70 16
40 70 16
40 70 16
40 70 16
40 70 16
40 70 16
40 70 16
40 70 16
40 70 16
40 70 16
40 70 16
86 156 26
86 156 16
86 156 16
86 156 16
86 156 16
86 156 16
86 156 16
86 156 16
86 156 16
86 156 16
86 156 16
86 156 16
86 156 16
86 156 16
86 156 16
86 156 16
86 156 16
86 156 16
86 156 16
86 156 16
86 156 16
86 156 16
172 39 26
160 33 26
74 163 26
74 163 16
74 163 16
74 163 16
74 163 16
74 163 16
74 163 16
74 163 16
74 163 16
74 163 16
74 163 16
74 163 16
74 163 16
74 163 16
74 163 16
74 163 16
74 163 16
74 163 16
74 163 16
74 163 16
74 163 16
74 163 16
74 163 16
74 163 16
74 163 16
74 163 16
74 163 16
74 163 16
74 163 16
74 163 16
74 163 16
74 163 16
74 163 16
74 163 16
74 163 16
74 163 16
74 163 16
74 163 16
74 163 16
74 163 16
74 163 16
98 162 26
98 162 16
97 176 26
28 92 26
132 88 26
39 98 26
131 76 26
109 169 26
120 83 26
119 71 26
27 104 26
39 110 26
109 183 26
120 176 26
119 190 26
26 117 26
161 45 26
161 45 16
161 45 16
161 45 16
161 45 16
161 45 16
161 45 16
108 78 26
38 122 26
131 184 26
131 184 16
131 184 16
131 184 16
131 184 16
131 184 16
131 184 16
131 184 16
131 184 16
131 184 16
131 184 16
131 184 16
131 184 16
131 184 16
131 184 16
131 184 16
131 184 16
131 184 16
131 184 16
131 184 16
131 184 16
131 184 16
131 184 16
107 65 26
107 65 16
107 65 16
107 65 16
96 72 26
26 129 26
38 134 26
137 21 26
95 59 26
95 59 16
95 59 16
95 59 16
95 59 16
95 59 16
95 59 16
95 59 16
95 59 16
95 59 16
95 59 16
95 59 16
95 59 16
95 59 16
95 59 16
95 59 16
95 59 16
95 59 16
95 59 16
95 59 16
95 59 16
95 59 16
95 59 16
95 59 16
95 59 16
95 59 16
95 59 16
95 59 16
95 59 16
95 59 16
95 59 16
95 59 16
95 59 16
95 59 16
95 59 16
95 59 16
126 28 26
156 101 26
108 197 26
97 190 26
85 183 26
85 183 16
85 183 16
85 183 16
85 183 16
85 183 16
85 183 16
85 183 16
85 183 16
85 183 16
85 183 16
85 183 16
85 183 16
85 183 16
85 183 16
25 141 26
25 141 16
37 146 26
126 15 26
126 15 16
126 15 16
126 15 16
126 15 16
126 15 16
126 15 16
126 15 16
126 15 16
126 15 16
126 15 16
126 15 16
126 15 16
126 15 16
126 15 16
126 15 16
126 15 16
126 15 16
145 107 26
156 114 26
121 163 26
121 163 16
121 163 16
121 163 16
109 156 26
145 121 26
25 153 26
25 153 16
25 153 16
25 153 16
25 153 16
25 153 16
25 153 16
25 153 16
62 8 26
51 1 26
62 0 26
62 0 16
98 149 26
98 149 16
98 149 16
37 159 26
154 75 26
154 75 16
164 69 26
174 63 26
110 142 26
110 142 16
121 149 26
121 149 16
121 149 16
121 149 16
121 149 16
25 165 26
25 165 16
25 165 16
25 165 16
25 165 16
25 165 16
25 165 16
37 171 26
37 171 16
37 171 16
37 171 16
121 135 26
121 135 16
121 135 16
121 135 16
121 135 16
121 135 16
133 128 26
133 128 16
133 128 16
133 128 16
133 128 16
25 178 26
25 178 16
25 178 16
25 178 16
25 178 16
25 178 16
25 178 16
25 178 16
25 178 16
25 178 16
25 178 16
25 178 16
25 178 16
25 178 16
25 178 16
25 178 16
25 178 16
25 178 16
25 178 16
25 178 16
25 178 16
25 178 16
25 178 16
25 178 16
25 178 16
25 178 16
25 178 16
25 178 16
25 178 16
25 178 16
25 178 16
25 178 16
25 178 16
25 178 16
25 178 16
25 178 16
25 178 16
25 178 16
25 178 16
49 164 26
50 152 26
50 152 16
50 152 16
50 152 16
50 152 16
50 139 26
50 139 16
50 139 16
50 139 16
50 128 26
50 116 26
51 103 26
51 90 26
51 90 16
51 90 16
51 90 16
51 90 16
62 96 26
62 96 16
62 96 16
62 96 16
62 96 16
62 96 16
62 96 16
62 96 16
62 96 16
62 96 16
62 96 16
62 96 16
62 96 16
62 96 16
62 96 16
62 96 16
62 96 16
62 96 16
62 96 16
62 96 16
62 96 16
62 96 16
62 96 16
62 96 16
62 96 16
62 96 16
62 96 16
62 96 16
62 96 16
62 96 16
62 96 16
62 96 16
62 96 16
62 96 16
62 96 16
62 96 16
49 177 26
49 177 16
49 177 16
49 177 16
49 177 16
49 177 16
49 177 16
49 177 16
49 177 16
49 177 16
49 177 16
49 177 16
49 177 16
49 177 16
49 177 16
49 177 16
49 177 16
49 177 16
49 177 16
49 177 16
15 110 26
15 110 16
15 110 16
15 110 16
15 110 16
15 110 16
15 110 16
15 110 16
15 110 16
15 110 16
15 110 16
15 110 16
15 110 16
15 110 16
15 110 16
15 110 16
15 110 16
15 110 16
15 110 16
15 110 16
15 110 16
15 110 16
15 110 16
16 85 26
15 98 26
15 98 16
15 98 16
15 98 16
15 98 16
15 98 16
15 98 16
15 98 16
15 98 16
15 98 16
15 98 16
15 98 16
15 98 16
15 98 16
15 98 16
15 98 16
15 98 16
15 98 16
51 76 26
51 76 16
51 76 16
16 70 26
14 123 26
14 123 16
14 123 16
14 123 16
13 135 26
13 135 16
13 135 16
13 135 16
13 135 16
13 135 16
13 135 16
13 135 16
13 135 16
13 135 16
13 135 16
13 135 16
13 135 16
13 135 16
13 135 16
13 135 16
3 77 26
3 63 26
13 135 16
13 135 16
13 135 16
13 135 16
13 135 16
13 135 16
13 135 16
13 135 16
13 135 16
13 135 16
13 135 16
13 135 16
13 135 16
13 135 16
13 135 16
13 135 16
13 135 16
13 135 16
13 135 16
13 135 16
13 135 16
13 135 16
13 135 16
13 135 16
62 133 26
62 133 16
62 133 16
62 133 16
62 133 16
62 133 16
62 133 16
62 133 16
62 133 16
62 133 16
62 133 16
62 133 16
62 133 16
62 133 16
62 133 16
62 133 16
62 133 16
62 133 16
62 133 16
62 133 16
62 133 16
62 133 16
62 133 16
62 133 16
62 133 16
62 133 16
62 133 16
62 133 16
62 133 16
62 133 16
62 133 16
62 133 16
62 133 16
62 133 16
62 133 16
62 133 16
62 133 16
62 133 16
62 133 16
62 133 16
62 133 16
62 133 16
62 133 16
62 133 16
15 98 16
15 98 16
15 98 16
15 98 16
15 98 16
15 98 16
15 98 16
15 98 16
15 98 16
15 98 16
15 98 16
63 82 26
63 82 16
63 82 16
63 82 16
63 82 16
63 82 16
63 82 16
63 82 16
63 82 16
63 82 16
63 82 16
63 82 16
63 82 16
63 82 16
63 82 16
63 82 16
63 82 16
63 82 16
63 82 16
63 82 16
63 82 16
63 82 16
63 82 16
63 82 16
63 82 16
63 82 16
63 82 16
63 82 16
63 82 16
63 82 16
63 82 16
63 82 16
63 82 16
63 82 16
63 82 16
63 82 16
63 82 16
63 82 16
63 82 16
63 82 16
63 82 16
63 82 16
63 82 16
63 82 16
63 82 16
63 82 16
63 82 16
62 108 26
62 108 16
62 108 16
62 108 16
62 108 16
62 108 16
62 121 26
62 121 16
62 121 16
62 121 16
62 121 16
62 121 16
62 121 16
62 121 16
62 121 16
62 121 16
62 121 16
74 113 26
74 113 16
74 113 16
74 113 16
74 113 16
74 113 16
74 113 16
74 113 16
74 113 16
74 113 16
74 113 16
74 113 16
74 113 16
74 113 16
74 113 16
74 113 16
74 113 16
74 113 16
74 113 16
74 113 16
74 113 16
74 113 16
74 113 16
74 113 16
74 113 16
74 113 16
74 113 16
74 113 16
74 113 16
74 113 16
74 113 16
74 113 16
74 113 16
74 113 16
74 113 16
74 113 16
74 113 16
74 113 16
74 113 16
74 113 16
74 113 16
74 113 16
74 113 16
74 113 16
2 116 26
2 116 16
2 116 16
2 116 16
2 116 16
2 116 16
2 116 16
2 116 16
2 116 16
2 116 16
2 116 16
2 116 16
2 116 16
2 116 16
2 116 16
2 116 16
2 116 16
2 116 16
2 116 16
2 116 16
2 116 16
2 116 16
2 116 16
2 116 16
2 116 16
2 116 16
2 116 16
2 116 16
2 116 16
2 116 16
62 170 26
62 170 16
62 170 16
62 170 16
62 170 16
62 170 16
62 170 16
62 170 16
62 170 16
62 170 16
62 170 16
62 170 16
62 170 16
62 170 16
62 170 16
62 170 16
62 170 16
62 170 16
62 170 16
62 170 16
62 170 16
62 170 16
62 170 16
62 170 16
62 170 16
62 170 16
62 170 16
62 170 16
62 170 16
62 170 16
62 170 16
62 170 16
62 170 16
62 170 16
62 170 16
62 170 16
62 170 16
62 170 16
62 170 16
62 170 16
62 170 16
62 170 16
62 170 16
62 170 16
62 170 16
62 170 16
62 170 16
16 55 26
16 55 16
16 55 16
16 55 16
16 55 16
16 55 16
16 55 16
16 55 16
16 55 16
16 55 16
16 55 16
16 55 16
16 55 16
16 55 16
16 55 16
16 55 16
16 55 16
16 55 16
16 55 16
16 55 16
16 55 16
16 55 16
16 55 16
16 55 16
16 55 16
16 55 16
16 55 16
16 55 16
16 55 16
16 55 16
16 55 16
16 55 16
16 55 16
16 55 16
16 55 16
16 55 16
16 55 16
16 55 16
28 63 26
28 63 16
28 63 16
28 63 16
28 63 16
28 63 16
28 63 16
28 63 16
28 63 16
28 63 16
28 63 16
28 63 16
28 63 16
28 63 16
28 63 16
28 63 16
28 63 16
28 63 16
28 63 16
28 63 16
28 63 16
28 63 16
28 63 16
28 63 16
28 63 16
28 63 16
28 63 16
28 63 16
28 63 16
28 63 16
28 63 16
28 63 16
28 63 16
28 63 16
28 63 16
28 63 16
28 63 16
28 63 16
28 63 16
28 63 16
28 63 16
28 63 16
28 63 16
28 63 16
28 63 16
28 63 16
3 48 26
3 48 16
3 48 16
3 48 16
3 48 16
3 48 16
3 48 16
3 48 16
3 48 16
3 91 26
3 91 16
3 91 16
3 91 16
3 91 16
3 91 16
3 91 16
3 91 16
3 91 16
3 91 16
3 91 16
3 91 16
3 91 16
3 91 16
3 91 16
3 91 16
3 91 16
3 91 16
3 91 16
3 91 16
3 91 16
3 91 16
3 91 16
3 91 16
3 91 16
3 91 16
3 91 16
3 91 16
3 91 16
3 91 16
3 91 16
3 91 16
3 91 16
3 91 16
3 91 16
3 91 16
3 91 16
3 91 16
3 91 16
3 91 16
3 91 16
3 91 16
3 91 16
3 91 16
3 91 16
3 91 16
3 91 16
3 91 16
13 159 26
13 172 26
13 172 16
13 172 16
13 172 16
13 172 16
13 172 16
13 172 16
13 172 16
13 172 16
13 172 16
1 166 26
1 166 16
1 166 16
1 166 16
1 166 16
0 179 26
0 179 16
0 179 16
0 179 16
0 179 16
0 192 26
0 192 16
0 192 16
0 192 16
0 192 16
12 185 26
12 185 16
12 185 16
12 185 16
12 185 16
12 185 16
12 185 16
12 185 16
12 185 16
12 185 16
12 185 16
12 185 16
12 185 16
12 185 16
12 185 16
12 185 16
12 185 16
12 185 16
12 185 16
12 185 16
12 185 16
12 185 16
12 185 16
12 185 16
12 185 16
12 185 16
12 185 16
12 185 16
12 185 16
12 185 16
12 185 16
12 185 16
12 185 16
12 185 16
12 185 16
12 185 16
12 185 16
12 185 16
12 185 16
12 185 16
12 185 16
12 185 16
12 185 16
162 57 26
162 57 16
162 57 16
162 57 16
162 57 16
162 57 16
162 57 16
162 57 16
162 57 16
162 57 16
162 57 16
162 57 16
162 57 16
162 57 16
162 57 16
162 57 16
162 57 16
162 57 16
162 57 16
166 81 26
166 81 16
166 81 16
166 81 16
166 81 16
166 81 16
166 81 16
166 81 16
166 81 16
166 81 16
166 81 16
166 81 16
166 81 16
166 81 16
166 81 16
166 81 16
166 81 16
166 81 16
166 81 16
166 81 16
166 81 16
133 142 26
144 135 26
3 33 26
3 33 16
3 33 16
3 33 16
3 33 16
3 33 16
3 33 16
3 33 16
3 33 16
3 33 16
3 33 16
3 33 16
3 33 16
3 33 16
3 33 16
3 33 16
3 33 16
3 33 16
3 33 16
3 33 16
3 33 16
3 33 16
3 33 16
3 33 16
3 33 16
3 33 16
3 33 16
3 33 16
3 33 16
3 33 16
3 33 16
3 33 16
3 33 16
3 33 16
3 33 16
3 33 16
3 33 16
3 33 16
3 33 16
3 33 16
3 33 16
3 33 16
3 33 16
3 33 16
3 33 16
3 33 16
3 33 16
3 33 16
3 33 16
3 33 16
3 33 16
3 33 16
3 33 16
3 33 16
3 33 16
3 33 16
3 33 16
3 33 16
3 33 16
3 33 16
3 33 16
3 33 16
3 33 16
63 68 26
52 61 26
52 61 16
52 61 16
52 61 16
52 61 16
52 61 16
52 61 16
52 61 16
52 61 16
52 61 16
63 53 26
63 53 16
74 60 26
85 66 26
138 34 15
139 34 15
140 34 15
141 34 15
141 35 15
142 35 15
143 35 15
144 35 15
144 36 15
145 36 15
146 36 15
146 37 15
147 37 15
148 37 15
148 38 15
149 38 15
150 38 15
150 39 15
150 39 14
151 39 15
151 39 14
152 39 15
152 39 14
153 39 15
153 39 14
153 39 14
154 39 15
154 39 14
154 39 14
155 39 15
155 39 14
155 39 14
155 39 14
156 39 15
156 39 14
156 39 14
156 39 14
157 39 15
157 39 14
157 39 14
157 39 14
157 39 14
158 39 15
158 39 14
158 39 14
158 39 14
158 39 14
158 39 14
159 39 15
159 39 14
159 39 14
159 39 14
159 39 14
159 39 14
159 39 14
159 39 14
160 39 15
160 39 14
160 39 14
160 39 14
160 39 14
160 39 14
160 39 14
160 39 14
160 39 14
161 39 15
161 39 14
161 39 14
161 39 14
161 39 14
161 39 14
161 39 14
161 39 14
161 39 14
161 39 14
162 39 15
162 39 14
162 39 14
162 39 14
162 39 14
162 39 14
162 39 14
162 39 14
162 39 14
162 39 14
163 39 15
163 39 14
163 39 14
163 39 14
163 39 14
163 39 14
163 39 14
163 39 14
163 39 14
163 39 14
164 39 15
164 39 14
164 39 14
164 39 14
164 39 14
164 39 14
164 39 14
164 39 14
164 39 14
165 39 15
165 39 14
165 39 14
165 39 14
165 39 14
165 39 14
165 39 14
166 39 15
166 39 14
166 39 14
166 39 14
166 39 14
166 39 14
167 39 15
167 39 14
167 39 14
167 39 14
167 39 14
168 39 15
168 39 14
168 39 14
168 39 14
169 39 15
169 39 14
169 39 14
170 39 15
170 39 14
171 39 15
171 39 14
172 40 15
172 40 14
172 41 15
172 41 14
172 42 15
172 42 14
173 42 15
173 42 14
173 43 15
173 43 14
173 44 15
173 44 14
173 45 15
173 45 14
173 46 15
173 47 15
173 48 15
173 49 15
173 50 15
175 63 15
175 62 15
175 61 15
175 60 15
175 59 15
175 58 15
175 57 15
175 56 15
175 55 15
175 54 15
175 53 15
175 52 15
175 51 15
174 51 15
174 64 23
173 64 25
173 65 29
172 65 28
171 65 30
171 66 29
170 66 29
170 67 28
169 67 26
169 68 26
168 68 22
167 68 21
167 69 17
166 69 15
165 69 15
164 70 15
164 70 14
164 71 15
164 71 14
164 72 15
164 72 14
164 72 14
163 72 15
163 72 14
163 72 14
163 72 14
163 73 15
163 73 14
163 73 14
163 73 14
163 73 14
162 73 15
162 73 14
162 73 14
162 73 14
162 73 14
161 73 15
161 73 14
161 73 14
161 73 14
161 73 14
160 73 15
160 73 14
160 73 14
160 73 14
160 73 14
160 74 15
160 74 14
160 74 14
160 74 14
160 74 14
159 74 15
159 74 14
159 74 14
159 74 14
159 74 14
159 75 15
159 75 14
159 75 14
159 75 14
159 75 14
158 75 15
158 75 14
158 75 14
158 75 14
157 75 15
157 75 14
157 75 14
157 75 14
157 76 15
157 76 14
157 76 14
157 76 14
156 76 16
156 76 14
156 76 14
156 77 19
156 77 14
156 77 14
155 77 21
155 77 14
155 77 14
155 78 25
155 78 14
155 78 14
154 78 26
154 78 14
153 78 29
153 78 14
153 79 30
152 79 31
152 80 32
151 80 32
151 81 32
150 81 31
149 81 30
148 81 30
147 81 29
146 81 27
145 81 25
144 81 22
119 72 15
119 73 15
119 74 15
120 74 15
120 75 15
121 75 15
121 76 15
122 76 15
123 76 15
124 76 15
125 76 15
126 76 15
127 76 15
128 76 15
129 76 15
130 76 15
131 77 15
132 77 15
133 77 15
133 78 15
133 79 15
134 79 15
135 79 15
136 79 15
136 80 15
136 81 15
137 81 15
138 81 15
139 81 15
140 81 15
141 81 15
142 81 15
63 67 15
64 67 15
65 67 15
66 67 15
67 67 15
68 67 15
69 67 15
70 67 15
71 67 15
72 67 15
73 67 15
74 67 15
75 67 15
75 68 15
76 68 15
77 68 15
77 69 15
78 69 15
79 69 15
80 69 15
80 70 15
81 70 15
82 70 15
83 70 15
83 70 14
84 70 15
84 70 14
84 71 15
84 71 14
84 71 14
85 71 15
85 71 14
85 71 14
86 71 15
86 71 14
86 71 14
87 71 15
87 71 14
87 71 14
88 71 15
88 71 14
88 71 14
89 71 15
89 71 14
90 71 15
90 71 14
91 71 16
91 71 14
92 71 19
92 71 14
93 71 20
93 71 14
94 71 20
94 71 14
95 71 18
95 71 14
96 71 15
96 71 14
97 71 15
97 71 14
98 71 15
98 71 14
99 71 15
99 71 14
100 71 15
100 71 14
101 71 15
101 71 14
102 71 15
102 71 14
103 71 15
103 71 14
104 71 15
104 71 14
105 71 15
105 71 14
106 71 15
106 71 14
107 71 15
108 71 15
109 71 15
110 71 15
111 71 15
112 71 15
113 71 15
114 71 15
115 71 15
116 71 15
117 71 15
118 71 15
62 68 15
61 68 15
60 68 15
59 68 15
58 68 15
57 68 15
57 68 14
56 68 15
56 68 14
55 68 17
55 68 14
55 68 14
55 69 26
55 69 14
55 69 14
54 69 33
54 69 14
54 69 14
54 70 39
54 70 14
54 70 14
53 70 45
53 70 14
53 70 14
53 70 14
53 71 48
53 71 14
53 71 14
53 71 14
52 71 52
52 71 14
52 71 14
52 72 52
52 72 14
52 72 14
52 73 53
52 73 14
52 73 14
51 73 51
51 73 14
51 73 14
51 74 49
51 74 14
51 74 14
51 75 49
51 75 14
50 76 40
50 76 14
50 76 14
49 76 34
49 76 14
49 76 14
49 76 14
49 76 14
49 77 29
49 77 14
49 77 14
49 77 14
49 77 14
48 77 25
48 77 14
48 77 14
48 77 14
48 77 14
48 77 14
48 77 14
48 78 19
48 78 14
48 78 14
48 78 14
48 78 14
48 78 14
48 78 14
48 79 15
48 79 14
48 79 14
48 79 14
48 79 14
48 79 14
47 79 15
47 79 14
47 79 14
47 79 14
47 79 14
47 79 14
47 79 14
46 79 15
46 79 14
46 79 14
46 79 14
46 79 14
46 79 14
46 79 14
46 80 15
46 80 14
46 80 14
46 80 14
46 80 14
46 80 14
46 81 15
46 81 14
46 81 14
46 81 14
46 81 14
46 82 15
46 82 14
46 82 14
46 82 14
46 82 14
45 82 15
45 82 14
45 82 14
45 82 14
44 82 15
44 82 14
44 82 14
43 82 15
43 82 14
43 82 14
43 83 15
43 83 14
43 83 14
42 83 15
42 83 14
42 84 15
42 84 14
41 84 15
39 84 25
38 84 32
37 84 36
36 84 39
35 84 39
34 84 37
33 84 32
32 84 26
31 84 18
30 84 15
30 83 15
30 82 15
29 82 15
29 81 15
28 81 15
28 80 15
28 79 15
143 82 15
143 83 15
144 83 15
144 84 15
144 85 15
144 86 15
144 87 15
144 88 15
144 89 15
144 90 15
144 91 15
144 92 15
144 93 15
133 141 15
134 141 15
135 141 15
135 140 15
136 140 15
136 139 15
136 138 15
136 137 15
136 136 15
137 136 15
137 135 15
138 135 15
139 135 15
140 135 15
141 135 15
142 135 15
143 135 15
144 134 15
144 133 15
144 132 15
144 131 15
145 131 15
145 130 15
145 129 15
145 128 15
145 127 15
145 126 15
145 125 15
145 124 15
145 123 15
145 122 15
146 121 15
146 120 15
146 119 15
146 118 15
146 117 15
146 116 15
146 115 15
146 114 15
146 113 15
146 112 15
146 111 15
146 110 15
146 109 15
146 108 15
146 107 15
146 106 15
146 105 15
146 104 15
146 103 15
146 102 15
145 102 15
145 101 15
145 100 15
145 99 15
145 98 15
145 97 15
145 96 15
145 95 15
145 94 15
132 142 15
132 142 14
131 142 15
131 142 14
130 142 15
130 142 14
129 142 15
129 142 14
128 142 15
128 142 14
127 142 15
127 142 14
126 142 15
126 142 14
125 142 15
125 142 14
125 142 14
124 142 15
124 142 14
124 142 14
124 142 14
123 142 15
123 142 14
123 142 14
123 142 14
123 142 14
122 142 17
122 142 14
122 142 14
122 142 14
122 142 14
121 142 19
121 142 14
121 142 14
121 142 14
121 142 14
121 142 14
120 142 22
120 142 14
120 142 14
120 142 14
120 142 14
120 142 14
119 142 24
119 142 14
119 142 14
119 142 14
119 142 14
119 143 24
119 143 14
119 143 14
119 143 14
119 143 14
118 143 24
118 143 14
118 143 14
118 143 14
118 143 14
117 143 24
117 143 14
117 143 14
117 143 14
116 143 23
116 143 14
116 143 14
116 143 14
116 144 22
116 144 14
116 144 14
116 144 14
115 144 19
115 144 14
115 144 14
115 144 14
114 144 17
114 144 14
114 144 14
114 144 14
113 144 15
113 144 14
113 144 14
113 144 14
113 145 15
113 145 14
113 145 14
112 145 15
112 145 14
112 145 14
112 146 15
112 146 14
112 146 14
112 147 15
112 147 14
112 148 15
112 148 14
111 148 15
111 148 14
111 149 15
111 149 14
111 150 15
111 150 14
110 150 15
110 150 14
110 151 15
110 151 14
110 152 15
110 152 14
109 152 15
109 152 14
108 152 15
108 152 14
107 152 15
107 152 14
106 152 15
106 152 14
106 153 15
106 153 14
106 154 15
106 154 14
105 154 15
105 154 14
104 154 15
104 154 14
103 154 15
103 154 14
102 154 15
102 154 14
101 154 15
101 154 14
101 155 15
101 155 14
100 155 18
100 155 14
100 156 21
100 157 25
100 158 28
99 158 31
99 159 33
99 160 34
99 161 35
98 161 35
98 163 34
98 163 14
97 163 31
97 163 14
97 163 14
97 163 14
97 164 29
97 164 14
97 164 14
97 164 14
96 164 26
96 164 14
96 164 14
96 164 14
96 164 14
96 164 14
96 165 22
96 165 14
96 165 14
96 165 14
96 165 14
96 165 14
96 166 18
96 166 14
96 166 14
96 166 14
96 166 14
95 166 15
95 166 14
95 166 14
95 166 14
95 166 14
95 166 14
95 167 15
95 167 14
95 167 14
95 167 14
94 167 15
94 167 14
94 167 14
94 167 14
94 167 14
93 167 15
93 167 14
93 167 14
93 167 14
93 167 14
92 167 15
92 167 14
92 167 14
92 167 14
92 167 14
92 167 14
92 168 15
92 168 14
92 168 14
92 168 14
92 169 15
92 169 14
92 169 14
91 169 15
91 169 14
91 169 14
90 169 15
90 169 14
90 169 14
89 169 15
89 169 14
89 169 14
89 169 14
88 169 20
88 169 14
88 169 14
87 169 41
87 169 14
176 61 15
177 61 15
177 60 15
177 59 15
178 59 15
179 59 15
179 58 15
180 58 15
181 58 15
182 58 15
182 57 15
183 57 15
184 57 15
