116 73 75
122 155 75
0 103 75
96 170 75
2 37 75
184 56 75
197 164 75
197 164 65
197 164 65
130 28 75
57 43 75
57 43 65
57 43 65
99 2 75
99 2 65
99 2 65
99 2 65
99 2 65
149 53 75
109 163 75
139 47 75
141 34 75
172 50 75
127 67 75
138 60 75
171 63 75
160 58 75
160 58 65
160 58 65
108 176 75
108 176 65
108 176 65
108 176 65
108 176 65
108 176 65
108 176 65
108 176 65
108 176 65
97 156 75
109 148 75
13 44 75
13 44 65
13 44 65
13 44 65
13 44 65
0 116 75
12 109 75
2 50 75
2 50 65
67 36 75
67 36 65
69 49 75
69 49 65
186 170 75
186 157 75
186 157 65
186 157 65
186 157 65
186 157 65
186 157 65
186 157 65
186 157 65
186 157 65
197 177 75
186 183 75
161 45 75
11 122 75
80 42 75
151 40 75
78 29 75
78 29 65
78 29 65
78 29 65
78 29 65
78 29 65
78 29 65
78 29 65
78 29 65
78 29 65
175 177 75
175 189 75
165 183 75
13 30 75
13 30 65
2 23 75
2 23 65
2 23 65
2 23 65
12 97 75
1 90 75
121 141 75
13 84 75
2 64 75
2 64 65
1 77 75
81 55 75
93 48 75
93 61 75
105 67 75
133 148 75
165 195 75
132 134 75
154 189 75
153 199 75
144 141 75
144 141 65
144 141 65
144 141 65
84 163 75
143 195 75
143 195 65
83 177 75
71 170 75
13 71 75
175 199 75
186 196 75
197 190 75
70 183 75
198 199 75
198 199 65
198 199 65
58 176 75
58 189 75
13 57 75
13 57 65
13 57 65
13 57 65
13 57 65
13 57 65
0 129 75
165 169 75
165 169 65
165 169 65
155 175 75
144 182 75
144 182 65
144 182 65
144 182 65
144 182 65
144 182 65
46 182 75
116 60 75
11 135 75
11 135 65
11 135 65
46 195 75
46 195 65
155 162 75
155 162 65
155 162 65
145 155 75
0 141 75
11 148 75
11 148 65
11 148 65
11 148 65
11 148 65
11 148 65
11 148 65
11 148 65
105 54 75
13 16 75
13 16 65
23 23 75
23 9 75
33 16 75
129 41 75
128 54 75
117 48 75
117 35 75
34 30 75
45 37 75
45 37 65
45 37 65
144 169 75
144 169 65
144 169 65
144 169 65
144 169 65
144 169 65
35 187 75
35 187 65
35 187 65
35 187 65
120 127 75
109 134 75
133 162 75
133 162 65
121 169 75
121 169 65
121 169 65
121 169 65
121 169 65
121 169 65
121 169 65
97 142 75
84 149 75
71 156 75
59 162 75
46 168 75
46 168 65
58 199 75
58 199 65
70 196 75
82 190 75
82 190 65
82 190 65
82 190 65
82 190 65
105 42 75
35 174 75
35 174 65
35 174 65
35 174 65
35 174 65
44 23 75
55 30 75
84 135 75
71 142 75
71 142 65
71 142 65
96 127 75
108 120 75
184 70 75
184 70 65
184 70 65
59 149 75
59 149 65
59 149 65
59 149 65
47 155 75
47 155 65
47 155 65
47 155 65
47 155 65
47 155 65
47 155 65
47 155 65
47 155 65
104 29 75
102 15 75
102 15 65
102 15 65
102 15 65
102 15 65
91 35 75
91 35 65
91 35 65
91 35 65
91 35 65
116 22 75
155 148 75
155 148 65
155 148 65
155 148 65
155 148 65
155 148 65
155 148 65
155 148 65
155 148 65
35 199 75
35 199 65
35 199 65
35 199 65
35 199 65
35 199 65
35 199 65
35 199 65
35 199 65
35 199 65
119 113 75
119 113 65
119 113 65
131 120 75
131 120 65
131 120 65
131 120 65
131 120 65
131 120 65
126 79 75
137 73 75
137 73 65
116 86 75
117 99 75
117 99 65
117 99 65
117 99 65
117 99 65
117 99 65
105 80 75
107 106 75
107 106 65
106 93 75
149 52 27
149 51 15
149 51 59
149 50 15
149 50 59
148 50 15
148 50 59
148 49 15
148 48 15
147 48 15
147 47 15
146 47 15
146 46 15
145 46 15
144 46 15
144 45 15
144 44 15
144 43 15
143 43 15
143 42 15
143 41 15
142 41 15
142 40 15
141 40 15
140 40 15
140 39 15
140 38 15
140 37 15
139 37 15
139 36 15
138 36 15
137 36 15
136 36 15
135 36 15
135 35 15
135 34 15
134 34 15
133 34 15
133 33 15
132 33 15
131 33 15
131 32 15
131 31 15
130 31 15
130 30 16
130 29 28
105 53 47
105 52 51
105 51 55
105 50 58
105 49 60
105 48 61
105 47 61
105 46 60
105 45 58
105 44 54
105 43 49
105 41 36
105 40 29
105 39 21
105 38 15
106 38 15
106 37 15
106 36 15
106 35 15
106 35 59
106 34 15
106 34 59
107 34 15
107 34 59
107 33 15
107 33 59
107 32 15
107 32 59
107 31 15
107 31 59
108 31 15
108 31 59
109 31 15
109 31 59
109 30 15
109 30 59
110 30 15
111 30 15
112 30 15
113 30 15
114 30 15
115 30 15
116 30 15
117 30 15
118 30 15
119 30 15
120 30 19
121 30 23
122 30 26
123 30 28
124 30 27
125 30 26
126 30 24
127 30 22
128 30 19
129 30 17
106 80 22
107 80 15
107 79 15
107 78 20
107 77 28
107 76 34
107 75 40
107 74 45
107 73 48
107 72 50
107 71 51
107 70 51
107 69 50
107 68 48
107 67 45
106 67 43
105 66 38
105 65 34
105 64 30
105 63 27
105 62 25
105 61 24
105 60 24
105 59 25
105 58 27
105 57 30
105 56 33
105 55 38
107 81 15
107 82 15
107 83 15
107 84 15
107 85 15
107 85 59
107 86 15
107 86 59
107 87 15
107 87 59
107 88 15
107 88 59
107 89 15
107 89 59
107 90 15
107 90 59
107 91 16
107 91 59
107 92 28
107 92 59
107 93 40
107 93 59
107 94 52
107 94 59
107 95 65
107 95 59
107 96 77
107 96 59
107 97 88
107 97 59
107 98 97
107 98 59
107 99 105
107 99 59
107 100 111
107 100 59
107 101 115
107 101 59
107 102 118
107 102 59
107 103 118
107 103 59
107 104 116
107 104 59
107 105 113
107 105 59
107 107 103
107 107 59
107 108 96
107 108 59
107 109 90
107 109 59
107 110 83
107 110 59
108 110 76
108 110 59
108 111 68
108 111 59
108 112 61
108 112 59
108 113 55
108 113 59
108 114 50
108 114 59
108 115 47
108 115 59
108 116 44
108 116 59
108 117 42
108 117 59
108 118 42
108 118 59
108 119 42
108 119 59
109 120 37
109 120 59
109 121 39
109 121 59
109 122 41
109 122 59
109 123 43
109 123 59
109 124 45
109 125 46
109 126 47
109 127 48
109 128 48
109 129 47
109 130 46
109 131 45
109 132 44
109 133 43
109 135 43
109 136 43
109 137 43
109 138 44
109 139 46
109 140 47
109 141 49
109 142 50
109 143 51
109 144 52
109 145 51
109 146 49
109 147 47
109 149 37
109 150 31
109 151 24
109 152 16
109 153 15
109 154 15
109 155 15
109 156 15
109 157 15
109 158 15
109 159 15
109 160 15
109 161 15
109 162 22
110 160 15
110 159 15
110 158 15
111 158 15
111 157 15
111 156 15
112 156 15
112 155 15
113 155 15
114 155 18
115 155 24
116 155 29
117 155 34
118 155 39
119 155 42
120 155 43
121 155 43
123 155 40
124 155 36
125 155 31
126 155 25
127 155 18
128 155 15
129 155 15
129 156 15
129 157 15
129 157 59
130 157 15
130 157 59
131 157 15
131 157 59
132 157 15
132 157 59
133 157 15
133 157 59
134 157 15
134 157 59
135 157 15
135 157 59
136 157 15
136 157 59
137 157 15
137 157 59
138 157 15
138 157 59
139 157 15
139 157 59
140 157 15
140 157 59
141 157 15
141 157 59
142 157 15
142 157 59
143 157 23
143 157 59
144 157 33
144 157 59
144 158 43
144 158 59
145 158 52
145 158 59
146 158 63
146 159 72
147 159 81
147 160 91
148 160 98
149 160 106
149 161 111
150 161 118
150 162 121
151 162 125
151 163 125
151 163 59
151 164 127
151 164 59
152 164 125
152 164 59
152 165 123
152 165 59
153 165 119
153 165 59
153 165 59
153 166 113
153 166 59
153 166 59
154 166 108
154 166 59
154 166 59
154 167 100
154 167 59
154 167 59
154 168 92
154 168 59
154 168 59
154 168 59
155 168 83
155 168 59
155 168 59
155 168 59
155 169 73
155 169 59
155 169 59
155 169 59
155 170 65
155 170 59
155 170 59
155 170 59
156 170 54
156 170 59
156 170 59
156 170 59
156 171 44
156 171 59
156 171 59
156 171 59
157 171 36
157 171 59
157 171 59
157 171 59
157 172 26
157 172 59
157 172 59
157 172 59
157 173 18
157 173 59
157 173 59
158 173 15
158 173 59
158 173 59
158 173 59
158 174 15
158 174 59
158 174 59
158 175 15
158 175 59
158 175 59
158 176 15
158 176 59
159 176 15
159 176 59
160 176 15
160 176 59
160 177 15
160 177 59
161 177 15
161 177 59
162 177 15
162 177 59
163 177 15
163 177 59
164 177 15
164 177 59
165 177 15
165 177 59
166 177 21
166 177 59
167 177 28
167 177 59
168 177 34
168 177 59
169 177 39
170 177 42
171 177 45
172 177 46
173 177 46
174 177 45
176 177 41
177 177 38
178 177 35
179 177 31
180 177 27
181 177 22
182 177 18
183 177 15
184 177 15
185 177 15
186 177 15
186 176 15
186 175 15
186 174 15
186 174 59
186 173 15
186 173 59
186 172 15
186 172 59
187 172 15
187 172 59
188 172 15
188 172 59
189 172 15
189 172 59
190 172 15
190 172 59
191 172 15
191 172 59
192 172 15
192 172 59
192 171 15
192 171 59
192 170 15
192 170 59
192 169 15
192 169 59
192 169 59
193 169 15
193 169 59
193 169 59
194 169 15
194 169 59
194 169 59
195 169 18
195 169 59
196 169 32
196 169 59
196 168 48
196 168 59
197 168 66
197 168 59
197 167 86
197 167 59
197 166 110
197 166 59
197 165 140
197 165 59
108 163 28
107 163 15
106 163 15
105 163 15
104 163 15
103 163 15
103 164 15
102 164 15
101 164 15
100 164 15
100 165 15
100 166 15
99 166 15
99 167 15
98 167 15
97 167 15
96 167 15
96 168 15
96 169 22
108 80 15
108 79 15
108 78 15
109 78 15
109 77 15
110 77 15
111 77 15
112 77 15
113 77 15
113 76 15
114 76 15
115 76 15
116 76 15
116 75 21
116 74 31
104 54 42
103 54 41
102 54 40
101 54 38
100 54 35
99 54 31
98 54 26
97 54 21
96 54 15
95 54 15
94 54 15
94 53 15
93 53 15
93 52 15
92 52 15
92 51 15
91 51 15
90 51 15
89 51 15
88 51 15
87 51 15
86 51 15
86 51 59
86 50 15
86 50 59
86 49 15
86 49 59
85 49 15
85 49 59
84 49 15
84 49 59
84 48 15
84 48 59
84 47 15
84 47 59
83 47 15
83 47 59
82 47 15
82 47 59
81 47 15
81 47 59
81 46 15
81 46 59
81 45 15
81 45 59
80 45 15
80 45 59
79 45 15
79 45 59
79 44 15
79 44 59
78 44 15
78 44 59
77 44 15
77 44 59
76 44 15
76 44 59
75 44 15
75 44 59
74 44 15
74 44 59
73 44 15
73 44 59
72 44 15
72 44 59
71 44 15
71 44 59
70 44 15
70 44 59
70 43 15
70 43 59
70 42 15
70 42 59
69 42 16
69 42 59
68 42 21
68 42 59
68 41 26
68 41 59
67 41 28
67 41 59
66 41 32
66 41 59
66 40 35
66 40 59
65 40 36
65 40 59
64 40 38
64 40 59
64 39 40
64 39 59
63 39 39
63 39 59
63 39 59
62 39 40
62 39 59
62 39 59
62 38 39
62 38 59
62 38 59
61 38 38
61 38 59
61 38 59
60 38 37
60 38 59
60 38 59
60 37 35
60 37 59
60 37 59
59 37 33
59 37 59
59 37 59
59 36 31
59 36 59
59 36 59
58 36 27
58 36 59
58 36 59
57 36 25
57 36 59
57 36 59
57 35 22
57 35 59
57 35 59
56 35 18
56 35 59
56 35 59
56 34 17
56 34 59
56 34 59
55 34 15
55 34 59
55 33 15
55 33 59
55 32 17
55 32 59
55 31 27
55 31 59
54 30 28
53 30 15
53 30 59
52 30 15
52 30 59
51 30 15
51 30 59
51 29 15
51 29 59
50 29 15
49 29 15
48 29 15
47 29 15
46 29 15
46 28 15
46 27 15
46 26 15
45 26 15
45 25 15
44 25 15
43 25 15
43 24 15
42 24 15
41 24 15
41 23 15
40 23 15
39 23 15
39 22 15
38 22 15
37 22 15
37 21 15
36 21 15
35 21 15
34 21 15
33 21 15
32 21 15
31 21 15
30 21 15
29 21 15
28 21 15
27 21 15
26 21 15
25 21 15
24 21 15
24 21 59
23 21 15
23 21 59
22 21 21
21 21 30
20 21 38
19 21 46
18 21 53
17 21 60
16 21 67
15 21 74
15 21 59
15 22 80
15 22 59
14 22 84
14 22 59
14 23 88
14 23 59
13 23 90
13 23 59
13 24 92
13 24 59
13 24 59
12 24 92
12 24 59
12 24 59
12 25 91
12 25 59
12 25 59
11 25 90
11 25 59
11 25 59
11 25 59
11 26 87
11 26 59
11 26 59
11 26 59
10 26 85
10 26 59
10 26 59
10 26 59
10 27 80
10 27 59
10 27 59
10 27 59
10 28 76
10 28 59
10 28 59
10 28 59
9 28 71
9 28 59
9 28 59
9 28 59
9 29 66
9 29 59
9 29 59
9 30 61
9 30 59
9 30 59
8 30 55
8 30 59
8 30 59
8 31 49
8 31 59
8 31 59
8 32 45
8 32 59
8 32 59
7 32 39
7 32 59
7 32 59
7 33 34
7 33 59
7 33 59
7 34 30
7 34 59
7 34 59
6 34 25
6 34 59
6 34 59
6 35 22
6 35 59
6 35 59
6 36 19
6 36 59
6 36 59
5 36 17
5 36 59
5 36 59
5 37 15
5 37 59
5 37 59
4 37 18
4 37 59
3 37 27
3 37 59
4 38 16
4 38 59
4 39 16
4 39 59
4 40 18
4 40 59
4 40 59
4 41 22
4 41 59
4 41 59
4 42 27
4 42 59
4 42 59
4 43 34
4 43 59
4 43 59
4 44 43
4 44 59
4 44 59
4 45 53
4 45 59
4 45 59
4 46 65
4 46 59
4 47 77
4 47 59
4 48 89
4 48 59
4 49 101
4 49 59
4 50 113
4 51 124
4 52 134
4 53 142
4 54 148
4 55 152
4 56 153
4 57 152
4 58 148
4 59 141
4 59 59
4 60 132
4 60 59
4 61 120
4 61 59
4 62 106
4 62 59
4 62 59
4 63 91
4 63 59
4 63 59
4 64 74
4 64 59
4 64 59
4 65 57
4 65 59
4 65 59
4 66 39
4 66 59
4 67 22
4 67 59
4 68 15
4 68 59
4 69 15
4 69 59
4 70 15
4 70 59
4 71 15
4 71 59
4 72 15
4 72 59
4 73 15
4 73 59
4 74 15
4 74 59
3 74 15
3 74 59
3 75 15
3 75 59
3 76 15
3 76 59
3 77 15
3 77 59
3 78 15
3 78 59
3 79 15
3 79 59
3 80 15
3 80 59
3 81 15
3 81 59
3 82 15
3 83 15
3 84 15
3 85 15
3 86 15
3 87 15
3 88 15
3 89 15
2 89 15
2 90 15
2 91 15
2 92 15
2 93 15
2 94 15
2 95 15
2 96 15
2 97 15
2 98 15
2 99 15
2 100 15
2 101 15
2 102 15
2 103 15
1 103 15
57 37 34
57 37 59
57 37 59
57 38 46
57 38 59
57 38 59
57 39 64
57 39 59
57 39 59
57 40 85
57 40 59
57 41 111
57 41 59
57 42 140
57 42 59
150 50 15
150 50 59
151 50 15
151 50 59
152 50 15
152 50 59
153 50 15
153 50 59
153 49 15
153 49 59
154 49 15
154 49 59
155 49 15
155 49 59
156 49 15
156 49 59
157 49 15
157 49 59
158 49 15
158 49 59
159 49 15
159 49 59
160 49 19
160 49 59
161 49 24
161 49 59
162 49 28
162 49 59
163 49 33
163 49 59
163 50 36
163 50 59
164 50 36
164 50 59
165 50 37
165 50 59
166 50 37
166 50 59
166 51 34
166 51 59
167 51 30
167 51 59
168 51 25
168 51 59
168 52 19
168 52 59
169 52 15
169 52 59
169 53 15
169 53 59
170 53 15
170 53 59
170 54 15
170 54 59
170 54 59
170 55 15
170 55 59
170 55 59
170 56 15
170 56 59
170 56 59
171 56 15
171 56 59
172 56 15
172 56 59
173 56 15
173 56 59
174 56 15
174 56 59
175 56 15
175 56 59
176 56 15
176 56 59
177 56 15
177 56 59
178 56 15
178 56 59
179 56 15
179 56 59
180 56 15
180 56 59
181 56 15
181 56 59
182 56 15
182 56 59
183 56 15
183 56 59
