50 31 533
136 48 533
179 99 533
75 80 533
75 80 523
159 148 533
128 107 533
187 138 533
0 37 533
95 157 533
20 84 533
79 6 533
173 142 533
60 26 533
69 11 533
69 11 523
59 38 533
89 13 533
178 111 533
178 111 523
178 86 533
178 86 523
185 149 533
171 154 533
171 154 523
161 136 533
148 142 533
0 49 533
128 120 533
140 113 533
139 125 533
106 162 533
106 162 523
136 35 533
123 42 533
123 42 523
13 41 533
12 53 533
21 71 533
69 33 533
69 33 523
149 41 533
10 66 533
10 66 523
31 77 533
84 164 533
83 151 533
83 151 523
95 170 533
191 93 533
191 93 523
150 130 533
23 58 533
23 58 523
84 177 533
64 72 533
55 64 533
66 58 533
66 58 523
53 78 533
43 70 533
43 70 523
166 91 533
166 104 533
166 104 523
48 43 533
149 28 533
149 28 523
150 55 533
153 83 533
151 69 533
57 50 533
14 29 533
14 29 523
72 171 533
72 183 533
1 24 533
1 10 533
60 176 533
60 176 523
14 16 533
14 2 533
84 190 533
72 196 533
84 199 533
27 8 533
165 78 533
199 144 533
39 13 533
50 19 533
198 156 533
95 183 533
95 183 523
164 63 533
163 49 533
163 49 523
141 101 533
141 101 523
95 196 533
95 196 523
138 62 533
139 75 533
105 149 533
105 135 533
116 140 533
127 132 533
125 68 533
126 81 533
126 81 523
124 55 533
124 55 523
123 29 533
111 24 533
99 19 533
116 127 533
137 137 533
116 114 533
126 145 533
136 149 533
147 154 533
104 122 533
104 122 523
175 132 533
175 132 523
94 143 533
152 119 533
199 133 533
199 123 533
199 112 533
199 112 523
189 127 533
190 117 533
190 117 523
136 163 533
126 158 533
100 7 533
116 153 533
111 12 533
147 168 533
147 168 523
115 101 533
123 17 533
126 171 533
136 176 533
126 185 533
137 190 533
64 87 533
64 87 523
39 25 533
39 25 523
38 1 533
38 1 523
127 199 533
30 91 533
42 84 533
116 193 533
116 193 523
197 169 533
197 169 523
46 56 533
163 125 533
163 125 523
41 99 533
116 167 533
116 180 533
106 175 533
52 93 533
52 93 523
31 105 533
42 113 533
32 119 533
32 119 523
153 108 533
153 96 533
80 6 296
81 6 251
82 6 211
83 6 178
84 6 151
85 6 132
86 6 118
87 6 111
87 6 473
88 6 109
88 6 473
89 6 112
89 6 473
89 7 114
89 7 473
90 7 118
90 7 473
90 8 124
90 8 473
91 8 129
91 8 473
92 8 137
92 8 473
92 9 141
92 9 473
93 9 148
93 9 473
93 10 155
93 10 473
94 10 161
94 10 473
95 10 168
95 10 473
95 11 173
95 11 473
96 11 178
96 11 473
97 11 184
97 11 473
97 12 186
97 12 473
98 12 190
99 12 194
99 13 195
100 13 197
101 13 199
101 14 199
102 14 199
103 14 200
103 15 199
104 15 197
105 15 196
105 16 196
106 16 193
107 16 191
108 16 189
108 17 187
109 17 184
110 17 182
111 17 180
111 18 177
112 18 175
113 18 173
113 19 172
114 19 170
115 19 169
115 20 169
116 20 169
117 20 171
117 21 172
118 21 174
118 22 178
119 22 181
120 22 187
120 23 191
121 23 198
121 24 204
122 24 212
122 25 219
123 25 228
123 26 236
123 27 248
123 28 263
124 29 280
125 29 281
126 29 286
127 29 294
127 30 299
128 30 305
128 31 308
129 31 312
129 32 313
130 32 313
130 33 312
131 33 309
131 34 305
132 34 299
132 35 293
133 35 283
134 35 275
135 35 271
136 36 244
136 37 223
136 38 207
136 39 197
136 40 191
136 41 191
136 42 197
136 43 207
136 44 221
136 45 238
136 46 259
136 47 280
151 68 254
151 67 257
150 67 261
150 66 264
150 65 268
150 64 273
150 63 277
150 62 281
150 61 284
150 60 287
150 59 288
150 58 288
150 57 287
150 56 285
149 55 264
148 55 249
147 55 238
147 54 225
147 53 212
147 52 198
147 51 184
146 51 168
146 50 153
146 49 140
145 49 127
145 48 113
144 48 106
143 48 106
142 48 113
141 48 128
140 48 150
139 48 179
138 48 215
137 48 256
153 95 317
153 94 309
153 93 301
153 92 294
153 91 287
153 90 281
153 89 275
153 88 270
153 87 266
153 86 262
153 85 259
153 84 257
153 82 252
153 82 473
153 81 249
153 81 473
153 80 247
153 80 473
153 79 245
153 79 473
153 78 242
153 78 473
153 77 240
153 77 473
153 76 237
153 76 473
153 76 473
153 75 235
153 75 473
153 75 473
153 74 234
153 74 473
153 73 232
153 73 473
153 72 232
153 72 473
153 71 232
153 71 473
153 70 233
153 70 473
153 69 236
153 69 473
152 69 245
153 97 332
153 98 339
153 99 346
153 100 351
153 101 356
153 102 359
153 103 360
153 104 361
153 105 360
153 106 357
153 107 354
153 107 473
152 108 312
152 108 473
152 109 304
152 109 473
152 110 297
152 110 473
152 111 289
152 111 473
152 112 283
152 112 473
152 113 277
152 113 473
152 114 273
152 114 473
152 115 269
152 115 473
152 116 267
152 116 473
152 117 267
152 118 267
151 119 234
150 119 206
149 119 185
148 119 173
147 119 166
146 119 166
145 119 170
145 120 177
144 120 185
143 120 195
143 120 473
142 120 208
142 120 473
141 120 222
141 120 473
140 120 236
140 120 473
139 120 249
139 120 473
138 120 260
138 120 473
137 120 270
137 120 473
136 120 276
136 120 473
135 120 281
135 120 473
134 120 282
134 120 473
133 120 280
133 120 473
132 120 276
132 120 473
131 120 269
131 120 473
130 120 261
130 120 473
129 120 251
129 120 473
127 120 231
127 120 473
126 120 223
126 120 473
125 120 216
125 120 473
124 120 212
124 120 473
123 120 211
123 120 473
122 120 215
122 120 473
122 121 225
122 121 473
122 122 234
122 122 473
122 123 241
122 123 473
122 124 247
122 124 473
122 125 251
122 125 473
122 126 254
122 127 256
122 128 257
122 129 258
122 130 259
122 131 260
121 131 260
121 132 259
121 133 259
120 133 257
120 134 256
120 135 254
119 135 251
119 136 249
118 136 245
118 137 242
117 137 237
116 137 233
116 138 228
116 139 224
115 140 214
114 140 207
113 140 199
112 140 190
111 140 182
110 140 173
109 140 165
108 140 157
107 140 150
107 141 142
106 141 134
105 141 128
105 142 123
104 142 117
103 142 114
103 143 113
102 143 112
101 143 114
101 144 116
100 144 122
100 145 129
99 145 137
99 146 148
99 146 473
98 146 160
98 146 473
98 147 174
98 147 473
97 147 189
97 148 204
97 149 222
96 149 237
96 150 253
96 151 271
95 151 285
95 152 298
95 153 311
95 154 323
95 155 333
95 156 342
128 119 235
128 119 473
128 118 228
128 117 222
128 116 217
128 115 214
128 114 213
128 113 214
128 112 219
128 111 229
128 110 243
128 109 263
128 108 289
152 120 272
152 121 275
152 122 280
152 123 284
152 124 288
152 125 292
152 126 295
152 127 297
152 128 298
152 129 297
152 130 295
152 131 291
152 132 286
152 133 278
152 134 269
152 135 259
152 136 248
152 137 236
152 138 224
152 139 212
152 140 201
152 141 191
153 141 182
154 141 174
154 142 168
155 142 163
156 142 159
157 142 158
158 142 159
158 143 161
159 143 166
159 144 177
159 145 197
159 146 224
159 147 259
187 139 212
187 140 205
187 141 200
187 142 197
186 142 214
185 142 232
184 142 251
183 142 271
182 142 290
181 142 307
180 142 323
179 142 337
178 142 348
177 142 355
176 142 360
175 142 361
175 142 473
174 142 358
174 142 473
172 142 343
172 142 473
171 142 332
171 142 473
170 142 318
170 142 473
169 142 302
168 142 285
167 142 267
166 142 250
165 142 232
164 142 216
163 142 201
162 142 188
161 142 177
160 142 168
159 142 162
154 96 313
154 95 301
155 95 292
156 95 290
157 95 295
158 95 306
159 95 320
160 95 337
161 95 357
162 95 376
163 95 395
164 95 412
165 95 426
166 95 436
167 95 443
168 95 445
169 95 443
170 95 437
171 95 428
172 95 416
173 95 402
174 95 388
175 95 373
176 95 361
177 95 351
178 95 344
178 96 338
179 96 333
179 97 334
179 98 347
21 84 241
22 84 208
22 83 177
22 82 151
23 82 127
23 81 109
24 81 95
25 81 88
26 81 88
27 81 94
28 81 105
29 81 121
30 81 140
31 81 162
32 81 186
33 81 210
34 81 235
35 81 259
36 81 282
37 81 303
37 81 473
38 81 322
38 81 473
39 81 339
39 81 473
40 81 354
40 81 473
41 81 366
41 81 473
42 81 376
43 81 384
44 81 390
45 81 394
46 81 397
47 81 399
47 80 397
48 80 392
49 80 387
49 79 378
50 79 367
51 79 356
51 78 340
52 78 325
54 78 301
55 78 292
56 78 288
57 78 286
58 78 288
59 78 294
60 78 304
61 78 317
62 78 334
63 78 354
64 78 378
64 78 473
65 78 404
65 78 473
66 78 433
66 78 473
67 78 465
67 78 473
68 78 498
68 78 473
69 78 533
69 78 473
69 79 569
69 79 473
70 79 603
70 79 473
71 79 637
71 79 473
72 79 673
72 79 473
72 80 708
72 80 473
73 80 741
73 80 473
74 80 775
53 77 292
53 76 279
53 75 270
53 74 267
53 73 267
53 72 270
53 71 275
53 70 281
53 69 287
53 68 292
53 67 295
53 66 296
53 65 295
53 64 290
53 63 283
53 62 273
53 61 261
53 60 247
53 59 232
53 58 215
53 57 199
53 56 182
53 55 167
53 54 154
53 53 142
53 52 133
53 51 126
53 50 122
53 49 120
53 48 121
53 47 124
53 46 129
53 45 135
53 44 143
53 43 150
53 42 158
53 41 166
53 40 172
53 39 178
53 38 182
53 37 185
53 36 186
53 35 186
53 34 185
53 33 184
53 32 182
53 31 179
52 31 205
51 31 238
21 83 209
21 82 182
21 81 161
21 80 148
21 79 141
21 78 143
21 77 153
21 76 172
21 75 199
21 74 233
21 73 274
21 72 321
20 71 392
19 71 420
18 71 458
18 70 502
18 70 473
17 70 544
17 70 473
17 69 584
17 69 473
17 68 622
17 68 473
17 68 473
17 67 659
17 67 473
17 67 473
17 67 473
17 66 692
17 66 473
17 66 473
17 66 473
16 66 718
16 66 473
16 66 473
16 66 473
16 66 473
16 65 739
16 65 473
16 65 473
16 65 473
16 65 473
16 64 755
16 64 473
16 64 473
16 64 473
16 64 473
16 64 473
16 63 763
16 63 473
16 63 473
16 63 473
16 63 473
16 63 473
16 62 765
16 62 473
16 62 473
16 62 473
16 62 473
16 62 473
16 61 760
16 61 473
16 61 473
16 61 473
16 61 473
16 61 473
16 60 747
16 60 473
16 60 473
16 60 473
16 60 473
16 60 473
16 59 729
16 59 473
16 59 473
16 59 473
16 59 473
16 58 704
16 58 473
16 58 473
16 58 473
16 58 473
16 57 675
16 57 473
16 57 473
16 57 473
16 57 473
15 57 641
15 57 473
15 57 473
15 57 473
15 56 602
15 56 473
15 56 473
15 56 473
15 55 561
15 55 473
15 55 473
15 54 519
15 54 473
15 54 473
14 54 472
14 54 473
14 53 427
14 53 473
13 53 382
12 52 294
12 51 248
12 50 209
11 50 170
11 49 137
10 49 104
10 48 78
9 48 53
9 47 34
8 47 18
8 47 473
8 46 15
8 46 473
7 46 15
7 46 473
6 46 15
6 46 473
6 45 15
6 45 473
6 44 15
6 44 473
5 44 15
5 44 473
5 43 22
5 43 473
4 43 38
4 42 54
4 41 75
3 41 95
3 40 118
2 40 143
2 39 166
2 38 191
2 37 216
1 37 239
