92 16 18
92 16 8
92 16 8
92 16 8
92 16 8
92 16 8
92 16 8
92 16 8
92 16 8
92 16 8
92 16 8
92 16 8
92 16 8
92 16 8
92 16 8
92 16 8
92 16 8
92 16 8
92 16 8
92 16 8
92 16 8
92 16 8
92 16 8
92 16 8
92 16 8
92 16 8
92 16 8
5 196 18
5 196 8
5 196 8
5 196 8
5 196 8
5 196 8
5 196 8
5 196 8
5 196 8
5 196 8
5 196 8
5 196 8
36 113 18
36 113 8
136 166 18
92 3 18
80 10 18
80 10 8
80 10 8
80 10 8
80 10 8
80 10 8
80 10 8
80 10 8
80 0 18
80 0 8
47 107 18
47 107 8
47 107 8
47 107 8
47 107 8
47 107 8
47 107 8
47 107 8
47 107 8
47 107 8
47 107 8
47 107 8
36 100 18
36 100 8
36 100 8
36 100 8
36 100 8
69 3 18
69 3 8
69 3 8
69 3 8
69 3 8
69 3 8
69 3 8
69 3 8
69 3 8
69 3 8
69 3 8
69 3 8
69 3 8
69 3 8
69 3 8
69 3 8
69 3 8
69 3 8
69 3 8
69 3 8
69 3 8
69 3 8
136 153 18
125 159 18
125 159 8
104 10 18
104 10 8
104 10 8
104 10 8
104 10 8
104 10 8
104 10 8
104 10 8
104 10 8
104 10 8
104 10 8
104 10 8
104 10 8
104 10 8
104 10 8
104 10 8
104 10 8
104 10 8
104 10 8
104 10 8
104 10 8
104 10 8
104 10 8
104 10 8
104 10 8
104 10 8
104 10 8
104 10 8
104 10 8
104 10 8
104 10 8
104 0 18
104 0 8
104 0 8
104 0 8
104 0 8
104 0 8
24 107 18
24 107 8
24 107 8
24 107 8
24 107 8
24 107 8
24 107 8
24 107 8
24 107 8
24 107 8
24 107 8
24 107 8
24 107 8
24 107 8
24 107 8
24 107 8
24 107 8
24 107 8
24 107 8
24 107 8
24 107 8
24 107 8
24 107 8
24 107 8
24 107 8
24 107 8
24 107 8
24 107 8
24 107 8
116 4 18
116 4 8
116 4 8
116 4 8
116 4 8
116 4 8
116 4 8
116 4 8
116 4 8
116 4 8
116 4 8
116 4 8
116 4 8
116 4 8
116 4 8
116 4 8
116 4 8
116 4 8
116 4 8
116 4 8
116 4 8
116 4 8
116 4 8
116 4 8
116 4 8
116 4 8
116 4 8
116 4 8
116 4 8
116 4 8
116 4 8
116 4 8
125 146 18
125 146 8
125 146 8
69 16 18
69 16 8
69 16 8
69 16 8
69 16 8
69 16 8
69 16 8
69 16 8
80 23 18
80 23 8
80 23 8
80 23 8
80 23 8
80 23 8
80 23 8
80 23 8
17 199 18
17 199 8
17 199 8
17 199 8
17 199 8
17 199 8
17 199 8
17 199 8
17 199 8
17 199 8
17 199 8
17 199 8
17 199 8
17 199 8
17 199 8
17 199 8
17 199 8
17 199 8
17 199 8
17 199 8
17 199 8
17 199 8
17 199 8
17 199 8
17 199 8
17 199 8
17 199 8
17 199 8
17 199 8
17 199 8
17 199 8
17 199 8
17 199 8
17 199 8
17 199 8
17 199 8
17 199 8
17 199 8
17 199 8
17 199 8
17 199 8
17 199 8
17 199 8
17 199 8
17 199 8
17 199 8
17 199 8
17 199 8
17 199 8
17 199 8
17 199 8
17 199 8
17 199 8
17 199 8
17 199 8
17 199 8
17 199 8
17 199 8
17 199 8
17 199 8
69 30 18
69 30 8
69 30 8
69 30 8
69 30 8
69 30 8
69 30 8
69 30 8
69 30 8
69 30 8
69 30 8
69 30 8
69 30 8
69 30 8
69 30 8
69 30 8
69 30 8
69 30 8
69 30 8
69 30 8
69 30 8
69 30 8
69 30 8
69 30 8
69 30 8
69 30 8
69 30 8
69 30 8
69 30 8
69 30 8
69 30 8
69 30 8
69 30 8
69 30 8
69 30 8
125 173 18
136 179 18
125 186 18
92 29 18
92 29 8
92 29 8
92 29 8
92 29 8
92 29 8
92 29 8
92 29 8
92 29 8
92 29 8
92 29 8
92 29 8
92 29 8
92 29 8
92 29 8
92 29 8
92 29 8
92 29 8
92 29 8
92 29 8
92 29 8
92 29 8
92 29 8
92 29 8
92 29 8
92 29 8
92 29 8
92 29 8
92 29 8
92 29 8
92 29 8
92 29 8
92 29 8
92 29 8
92 29 8
92 29 8
81 36 18
81 36 8
81 36 8
81 36 8
81 36 8
81 36 8
81 36 8
81 36 8
81 36 8
81 36 8
81 36 8
81 36 8
81 36 8
81 36 8
81 36 8
81 36 8
81 36 8
81 36 8
81 36 8
81 36 8
81 36 8
81 36 8
81 36 8
81 36 8
81 36 8
81 36 8
81 36 8
81 36 8
81 36 8
81 36 8
81 36 8
81 36 8
81 36 8
81 36 8
81 36 8
81 36 8
81 36 8
81 36 8
81 36 8
81 36 8
81 36 8
81 36 8
137 193 18
137 193 8
137 193 8
126 199 18
57 10 18
57 10 8
57 10 8
57 10 8
57 10 8
57 10 8
57 10 8
57 10 8
57 10 8
57 10 8
57 10 8
57 10 8
57 10 8
57 10 8
57 10 8
57 10 8
57 10 8
57 10 8
57 10 8
57 10 8
57 10 8
57 10 8
57 10 8
57 10 8
57 10 8
57 10 8
57 10 8
57 10 8
57 10 8
57 10 8
57 10 8
57 10 8
57 10 8
57 10 8
57 10 8
57 10 8
57 10 8
57 10 8
57 10 8
57 10 8
57 10 8
57 10 8
57 10 8
57 10 8
57 10 8
57 10 8
57 10 8
57 10 8
57 10 8
57 10 8
57 10 8
57 10 8
57 10 8
57 10 8
57 10 8
57 10 8
57 10 8
57 10 8
57 10 8
57 10 8
57 10 8
57 10 8
57 10 8
57 10 8
57 10 8
57 10 8
57 10 8
57 10 8
57 10 8
57 10 8
57 10 8
57 10 8
57 10 8
57 10 8
57 10 8
57 10 8
57 10 8
57 10 8
57 10 8
57 10 8
57 10 8
57 10 8
57 10 8
57 10 8
57 10 8
57 10 8
137 139 18
104 23 18
104 23 8
104 23 8
104 23 8
104 23 8
104 23 8
104 23 8
104 23 8
104 23 8
104 23 8
104 23 8
104 23 8
104 23 8
104 23 8
104 23 8
104 23 8
104 23 8
104 23 8
104 23 8
104 23 8
104 23 8
104 23 8
104 23 8
104 23 8
104 23 8
104 23 8
104 23 8
104 23 8
104 23 8
104 23 8
104 23 8
104 23 8
104 23 8
104 23 8
104 23 8
104 23 8
104 23 8
104 23 8
116 17 18
116 17 8
116 17 8
116 17 8
116 17 8
116 17 8
116 17 8
116 17 8
116 17 8
116 17 8
116 17 8
116 17 8
116 17 8
116 17 8
116 17 8
116 17 8
116 17 8
116 17 8
116 17 8
116 17 8
116 17 8
116 17 8
116 17 8
116 17 8
116 17 8
116 17 8
116 17 8
116 17 8
116 17 8
116 17 8
116 17 8
116 17 8
116 17 8
116 17 8
116 17 8
116 17 8
116 17 8
116 17 8
116 17 8
116 17 8
116 17 8
116 17 8
116 17 8
116 17 8
116 17 8
116 17 8
116 17 8
116 17 8
116 17 8
116 17 8
116 17 8
116 17 8
116 17 8
116 17 8
116 17 8
116 17 8
116 17 8
116 17 8
116 17 8
116 17 8
116 17 8
116 17 8
116 17 8
116 17 8
116 17 8
116 17 8
116 17 8
116 17 8
116 17 8
116 17 8
116 17 8
116 17 8
116 17 8
116 17 8
116 17 8
116 17 8
116 17 8
116 17 8
128 0 18
128 0 8
128 0 8
128 0 8
128 0 8
128 0 8
128 0 8
128 0 8
128 0 8
128 0 8
128 0 8
128 0 8
128 0 8
128 0 8
128 0 8
128 0 8
128 0 8
128 0 8
128 0 8
128 0 8
128 0 8
128 0 8
128 0 8
128 0 8
128 0 8
128 0 8
128 0 8
128 0 8
128 0 8
126 132 18
126 132 8
138 126 18
104 37 18
104 37 8
104 37 8
104 37 8
104 37 8
104 37 8
104 37 8
104 37 8
104 37 8
104 37 8
104 37 8
104 37 8
104 37 8
104 37 8
104 37 8
104 37 8
104 37 8
104 37 8
104 37 8
104 37 8
104 37 8
104 37 8
104 37 8
104 37 8
104 37 8
104 37 8
104 37 8
104 37 8
104 37 8
104 37 8
104 37 8
104 37 8
104 37 8
104 37 8
104 37 8
104 37 8
104 37 8
104 37 8
104 37 8
104 37 8
104 37 8
104 37 8
104 37 8
104 37 8
104 37 8
104 37 8
104 37 8
104 37 8
104 37 8
104 37 8
104 37 8
104 37 8
104 37 8
104 37 8
104 37 8
104 37 8
104 37 8
104 37 8
104 37 8
104 37 8
104 37 8
104 37 8
104 37 8
104 37 8
104 37 8
104 37 8
104 37 8
104 37 8
104 37 8
104 37 8
104 37 8
104 37 8
104 37 8
104 37 8
104 37 8
104 37 8
104 37 8
104 37 8
104 37 8
104 37 8
104 37 8
104 37 8
104 37 8
104 37 8
104 37 8
104 37 8
104 37 8
104 37 8
104 37 8
104 37 8
104 37 8
104 37 8
104 37 8
104 37 8
104 37 8
104 37 8
104 37 8
104 37 8
104 37 8
104 37 8
104 37 8
104 37 8
140 5 18
140 5 8
140 5 8
140 5 8
140 5 8
140 5 8
140 5 8
140 5 8
140 5 8
140 5 8
140 5 8
140 5 8
140 5 8
140 5 8
140 5 8
140 5 8
140 5 8
140 5 8
140 5 8
140 5 8
140 5 8
140 5 8
140 5 8
140 5 8
140 5 8
140 5 8
140 5 8
140 5 8
140 5 8
140 5 8
140 5 8
140 5 8
140 5 8
140 5 8
140 5 8
140 5 8
140 5 8
140 5 8
140 5 8
140 5 8
140 5 8
140 5 8
140 5 8
140 5 8
140 5 8
140 5 8
140 5 8
140 5 8
140 5 8
140 5 8
140 5 8
140 5 8
140 5 8
140 5 8
140 5 8
140 5 8
140 5 8
140 5 8
140 5 8
140 5 8
140 5 8
140 5 8
140 5 8
140 5 8
140 5 8
140 5 8
140 5 8
140 5 8
140 5 8
140 5 8
140 5 8
140 5 8
140 5 8
140 5 8
140 5 8
140 5 8
140 5 8
140 5 8
140 5 8
140 5 8
140 5 8
140 5 8
140 5 8
140 5 8
140 5 8
140 5 8
140 5 8
140 5 8
140 5 8
140 5 8
140 5 8
140 5 8
140 5 8
140 5 8
140 5 8
140 5 8
140 5 8
140 5 8
140 5 8
140 5 8
140 5 8
140 5 8
140 5 8
140 5 8
140 5 8
140 5 8
140 5 8
140 5 8
140 5 8
140 5 8
140 5 8
127 119 18
69 43 18
69 43 8
69 43 8
69 43 8
69 43 8
69 43 8
69 43 8
69 43 8
69 43 8
69 43 8
69 43 8
69 43 8
69 43 8
69 43 8
69 43 8
69 43 8
69 43 8
69 43 8
69 43 8
69 43 8
69 43 8
69 43 8
69 43 8
69 43 8
69 43 8
69 43 8
69 43 8
69 43 8
69 43 8
69 43 8
69 43 8
69 43 8
69 43 8
69 43 8
69 43 8
69 43 8
69 43 8
69 43 8
69 43 8
69 43 8
69 43 8
69 43 8
69 43 8
69 43 8
69 43 8
69 43 8
69 43 8
69 43 8
69 43 8
69 43 8
69 43 8
69 43 8
69 43 8
139 113 18
70 56 18
70 56 8
70 56 8
70 56 8
70 56 8
70 56 8
70 56 8
70 56 8
70 56 8
70 56 8
70 56 8
70 56 8
70 56 8
70 56 8
70 56 8
70 56 8
70 56 8
70 56 8
70 56 8
70 56 8
70 56 8
70 56 8
70 56 8
70 56 8
70 56 8
70 56 8
70 56 8
70 56 8
70 56 8
70 56 8
70 56 8
70 56 8
70 56 8
70 56 8
81 50 18
81 50 8
81 50 8
81 50 8
81 50 8
81 50 8
81 50 8
81 50 8
81 50 8
81 50 8
81 50 8
81 50 8
81 50 8
81 50 8
81 50 8
81 50 8
81 50 8
81 50 8
81 50 8
81 50 8
81 50 8
81 50 8
81 50 8
81 50 8
81 50 8
81 50 8
81 50 8
81 50 8
81 50 8
81 50 8
81 50 8
81 50 8
81 50 8
81 50 8
81 50 8
81 50 8
81 50 8
81 50 8
81 50 8
81 50 8
81 50 8
81 50 8
81 50 8
81 50 8
81 50 8
81 50 8
81 50 8
81 50 8
81 50 8
81 50 8
81 50 8
81 50 8
81 50 8
81 50 8
81 50 8
81 50 8
81 50 8
81 50 8
81 50 8
81 50 8
81 50 8
81 50 8
127 106 18
127 106 8
81 63 18
81 63 8
81 63 8
81 63 8
81 63 8
81 63 8
81 63 8
81 63 8
81 63 8
81 63 8
81 63 8
81 63 8
81 63 8
81 63 8
81 63 8
81 63 8
81 63 8
81 63 8
81 63 8
81 63 8
81 63 8
81 63 8
81 63 8
81 63 8
81 63 8
81 63 8
81 63 8
81 63 8
81 63 8
81 63 8
81 63 8
81 63 8
81 63 8
81 63 8
81 63 8
81 63 8
81 63 8
81 63 8
81 63 8
81 63 8
81 63 8
81 63 8
81 63 8
81 63 8
81 63 8
81 63 8
81 63 8
70 69 18
70 69 8
70 69 8
70 69 8
70 69 8
70 69 8
70 69 8
70 69 8
70 69 8
70 69 8
70 69 8
70 69 8
70 69 8
70 69 8
70 69 8
70 69 8
70 69 8
70 69 8
70 69 8
70 69 8
70 69 8
70 69 8
70 69 8
70 69 8
70 69 8
70 69 8
70 69 8
70 69 8
70 69 8
70 69 8
70 69 8
70 69 8
70 69 8
70 69 8
70 69 8
70 69 8
70 69 8
70 69 8
70 69 8
70 69 8
70 69 8
70 69 8
70 69 8
70 69 8
70 69 8
70 69 8
70 69 8
70 69 8
70 69 8
70 69 8
70 69 8
70 69 8
70 69 8
70 69 8
70 69 8
70 69 8
70 69 8
70 69 8
70 69 8
70 69 8
70 69 8
70 69 8
70 69 8
70 69 8
70 69 8
70 69 8
70 69 8
70 69 8
70 69 8
70 69 8
70 69 8
70 69 8
70 69 8
70 69 8
70 69 8
70 69 8
70 69 8
70 69 8
70 69 8
70 69 8
70 69 8
70 69 8
139 99 18
128 92 18
140 86 18
140 86 8
140 86 8
140 86 8
58 50 18
58 50 8
58 50 8
58 50 8
58 50 8
58 50 8
58 50 8
58 50 8
58 50 8
58 50 8
58 50 8
58 50 8
58 50 8
58 50 8
58 50 8
58 50 8
58 50 8
58 50 8
58 50 8
58 50 8
58 50 8
58 50 8
58 50 8
58 50 8
58 50 8
58 50 8
58 50 8
58 50 8
58 50 8
58 50 8
58 50 8
58 50 8
58 50 8
58 50 8
58 50 8
58 50 8
58 50 8
58 50 8
58 50 8
58 50 8
58 50 8
58 50 8
58 50 8
58 50 8
58 50 8
58 50 8
58 50 8
58 50 8
58 50 8
58 62 18
58 62 8
58 62 8
58 62 8
58 62 8
58 62 8
58 62 8
58 62 8
58 62 8
58 62 8
58 62 8
58 62 8
58 62 8
58 62 8
58 62 8
58 62 8
58 62 8
58 62 8
58 62 8
58 62 8
58 62 8
58 62 8
58 62 8
58 62 8
58 62 8
58 62 8
58 62 8
58 62 8
58 62 8
58 62 8
58 62 8
58 62 8
58 62 8
58 62 8
58 62 8
58 62 8
58 62 8
58 62 8
58 62 8
58 62 8
58 62 8
58 62 8
58 62 8
58 62 8
58 62 8
58 62 8
58 62 8
58 62 8
58 62 8
58 62 8
58 62 8
58 62 8
58 62 8
58 62 8
58 62 8
128 79 18
140 72 18
140 72 8
140 72 8
140 72 8
140 72 8
140 72 8
140 72 8
140 72 8
140 72 8
140 72 8
140 72 8
140 72 8
140 72 8
140 72 8
140 72 8
140 72 8
140 72 8
140 72 8
140 72 8
140 72 8
140 72 8
140 72 8
140 72 8
140 72 8
140 72 8
140 72 8
140 72 8
140 72 8
140 72 8
140 72 8
140 72 8
140 72 8
140 72 8
140 72 8
140 72 8
140 72 8
140 72 8
140 72 8
140 72 8
140 72 8
140 72 8
140 72 8
140 72 8
140 72 8
140 72 8
140 72 8
140 72 8
140 72 8
140 72 8
140 72 8
140 72 8
140 72 8
47 56 18
47 56 8
47 56 8
47 56 8
47 56 8
47 56 8
47 56 8
47 56 8
47 56 8
47 56 8
47 56 8
47 56 8
47 56 8
47 56 8
47 56 8
47 56 8
47 56 8
47 56 8
47 56 8
47 56 8
47 56 8
47 56 8
47 56 8
47 56 8
47 56 8
47 56 8
47 56 8
47 56 8
47 56 8
47 56 8
47 56 8
47 56 8
47 56 8
47 56 8
47 56 8
47 68 18
47 68 8
47 68 8
47 68 8
47 68 8
47 68 8
47 68 8
47 68 8
47 68 8
47 68 8
47 68 8
47 68 8
47 68 8
47 68 8
47 68 8
47 68 8
47 68 8
47 68 8
47 68 8
47 68 8
47 68 8
47 68 8
47 68 8
47 68 8
47 68 8
47 68 8
47 68 8
47 68 8
47 68 8
47 68 8
47 68 8
47 68 8
47 68 8
47 68 8
47 68 8
47 68 8
47 68 8
47 68 8
47 68 8
47 68 8
47 68 8
47 68 8
47 68 8
47 68 8
47 68 8
47 68 8
47 68 8
47 68 8
47 68 8
47 68 8
35 62 18
35 62 8
35 62 8
35 62 8
35 62 8
35 62 8
35 62 8
35 62 8
35 62 8
35 62 8
35 62 8
35 62 8
35 62 8
35 62 8
35 62 8
35 62 8
35 62 8
35 62 8
35 62 8
35 62 8
35 62 8
35 62 8
35 62 8
35 62 8
35 62 8
35 62 8
35 62 8
35 62 8
35 62 8
35 62 8
35 62 8
35 62 8
35 62 8
35 62 8
35 62 8
35 62 8
35 62 8
35 62 8
35 62 8
35 62 8
35 62 8
35 62 8
35 62 8
35 62 8
35 62 8
35 62 8
35 62 8
35 62 8
35 62 8
35 62 8
35 62 8
35 62 8
35 62 8
35 62 8
35 62 8
35 62 8
35 62 8
35 62 8
35 62 8
35 62 8
35 62 8
35 62 8
35 62 8
35 62 8
35 62 8
35 62 8
35 62 8
35 62 8
35 62 8
35 62 8
35 62 8
35 62 8
35 62 8
35 62 8
35 62 8
35 62 8
35 62 8
35 62 8
35 62 8
35 62 8
35 62 8
35 62 8
35 62 8
35 62 8
35 62 8
35 62 8
35 62 8
35 62 8
35 62 8
35 62 8
47 93 18
47 93 8
47 93 8
47 93 8
47 93 8
47 93 8
47 81 18
47 81 8
47 81 8
47 81 8
47 81 8
47 81 8
47 81 8
47 81 8
47 81 8
47 81 8
47 81 8
47 81 8
47 81 8
47 81 8
47 81 8
47 81 8
47 81 8
47 81 8
47 81 8
47 81 8
47 81 8
47 81 8
47 81 8
47 81 8
47 81 8
47 81 8
47 81 8
47 81 8
47 81 8
47 81 8
47 81 8
47 81 8
47 81 8
47 81 8
47 81 8
47 81 8
47 81 8
47 81 8
47 81 8
47 81 8
47 81 8
36 112 15
36 112 7
37 112 15
37 112 7
37 112 7
38 112 15
38 112 7
38 112 7
38 111 15
38 111 7
38 111 7
38 110 15
38 110 7
38 110 7
38 109 15
38 109 7
38 109 7
38 108 15
38 108 7
38 108 7
38 107 15
38 107 7
38 107 7
38 106 15
38 106 7
38 106 7
38 105 15
38 105 7
38 105 7
38 104 15
38 104 7
38 104 7
38 103 15
38 103 7
38 103 7
38 102 15
38 102 7
38 102 7
38 102 7
39 102 15
39 102 7
39 102 7
39 101 15
39 101 7
39 101 7
39 101 7
39 100 15
39 100 7
39 100 7
39 100 7
39 99 15
39 99 7
39 99 7
39 99 7
40 99 15
40 99 7
40 99 7
40 99 7
41 99 15
41 99 7
41 99 7
41 99 7
42 99 15
42 99 7
42 99 7
42 99 7
43 99 15
43 99 7
43 99 7
43 99 7
44 99 15
44 99 7
44 99 7
44 99 7
44 99 7
45 99 15
45 99 7
45 99 7
45 99 7
45 99 7
46 99 15
46 99 7
46 99 7
46 99 7
46 99 7
46 99 7
46 98 15
46 98 7
46 98 7
46 98 7
46 98 7
46 98 7
46 97 15
46 97 7
46 97 7
46 97 7
46 97 7
46 97 7
46 96 15
46 96 7
46 96 7
46 96 7
46 96 7
46 96 7
46 95 19
46 95 7
46 95 7
46 95 7
46 95 7
47 95 29
47 95 7
47 95 7
47 95 7
47 94 40
47 94 7
47 94 7
47 92 71
47 91 90
47 90 110
47 89 133
47 88 156
47 87 181
47 86 207
47 85 234
47 84 260
47 84 7
47 83 286
47 83 7
47 83 7
47 82 311
47 82 7
47 82 7
47 80 357
47 79 377
47 78 395
47 77 410
47 76 422
47 75 431
47 74 437
47 73 439
47 72 438
47 71 434
47 70 428
47 69 418
47 67 393
47 67 7
47 67 7
47 67 7
47 67 7
47 67 7
47 67 7
47 66 378
47 66 7
47 66 7
47 66 7
47 66 7
47 66 7
47 66 7
47 66 7
47 66 7
47 66 7
47 66 7
47 66 7
47 65 363
47 65 7
47 65 7
47 65 7
47 65 7
47 65 7
47 65 7
47 65 7
47 65 7
47 65 7
47 65 7
47 65 7
47 65 7
47 65 7
47 65 7
47 64 347
47 64 7
47 64 7
47 64 7
47 64 7
47 64 7
47 64 7
47 64 7
47 64 7
47 64 7
47 64 7
47 64 7
47 64 7
47 64 7
47 64 7
47 64 7
47 64 7
47 63 332
47 63 7
47 63 7
47 63 7
47 63 7
47 63 7
47 63 7
47 63 7
47 63 7
47 63 7
47 63 7
47 63 7
47 63 7
47 63 7
47 63 7
47 63 7
47 63 7
47 62 317
47 62 7
47 62 7
47 62 7
47 62 7
47 62 7
47 62 7
47 62 7
47 62 7
47 62 7
47 62 7
47 62 7
47 62 7
47 62 7
47 62 7
47 61 305
47 61 7
47 61 7
47 61 7
47 61 7
47 61 7
47 61 7
47 61 7
47 61 7
47 61 7
47 61 7
47 61 7
47 61 7
47 60 295
47 60 7
47 60 7
47 60 7
47 60 7
47 60 7
47 60 7
47 60 7
47 60 7
47 60 7
47 59 287
47 59 7
47 59 7
47 59 7
47 59 7
47 59 7
47 59 7
47 58 283
47 58 7
47 58 7
47 58 7
47 58 7
47 57 283
47 57 7
48 56 277
49 56 272
50 56 272
51 56 276
52 56 283
53 56 293
54 56 303
54 56 7
54 56 7
54 56 7
55 56 315
55 56 7
55 56 7
55 56 7
55 56 7
55 56 7
55 56 7
55 56 7
56 56 326
56 56 7
56 56 7
56 56 7
56 56 7
56 56 7
56 56 7
56 56 7
56 56 7
56 56 7
56 56 7
56 56 7
56 56 7
56 56 7
57 56 336
57 56 7
57 56 7
57 56 7
57 56 7
57 56 7
57 56 7
57 56 7
57 56 7
57 56 7
57 56 7
57 56 7
57 56 7
57 56 7
57 56 7
57 56 7
57 56 7
57 56 7
57 56 7
57 56 7
57 56 7
58 56 345
58 56 7
58 56 7
58 56 7
58 56 7
58 56 7
58 56 7
58 56 7
58 56 7
58 56 7
58 56 7
58 56 7
58 56 7
58 56 7
58 56 7
58 56 7
58 56 7
58 56 7
58 56 7
58 56 7
58 56 7
58 56 7
58 56 7
58 56 7
58 56 7
58 56 7
58 56 7
59 56 351
59 56 7
59 56 7
59 56 7
59 56 7
59 56 7
59 56 7
59 56 7
59 56 7
59 56 7
59 56 7
59 56 7
59 56 7
59 56 7
59 56 7
59 56 7
59 56 7
59 56 7
59 56 7
59 56 7
59 56 7
59 56 7
59 56 7
59 56 7
59 56 7
59 56 7
59 56 7
59 56 7
59 56 7
59 56 7
59 56 7
59 56 7
59 56 7
60 56 355
60 56 7
60 56 7
60 56 7
60 56 7
60 56 7
60 56 7
60 56 7
60 56 7
60 56 7
60 56 7
60 56 7
60 56 7
60 56 7
60 56 7
60 56 7
60 56 7
60 56 7
60 56 7
60 56 7
60 56 7
60 56 7
60 56 7
60 56 7
60 56 7
60 56 7
60 56 7
60 56 7
60 56 7
60 56 7
60 56 7
60 56 7
60 56 7
60 56 7
60 56 7
60 56 7
61 56 356
61 56 7
61 56 7
61 56 7
61 56 7
61 56 7
61 56 7
61 56 7
61 56 7
61 56 7
61 56 7
61 56 7
61 56 7
61 56 7
61 56 7
61 56 7
61 56 7
61 56 7
61 56 7
61 56 7
61 56 7
61 56 7
61 56 7
61 56 7
61 56 7
61 56 7
61 56 7
61 56 7
61 56 7
61 56 7
61 56 7
61 56 7
61 56 7
61 56 7
61 56 7
61 56 7
61 56 7
62 56 354
62 56 7
62 56 7
62 56 7
62 56 7
62 56 7
62 56 7
62 56 7
62 56 7
62 56 7
62 56 7
62 56 7
62 56 7
62 56 7
62 56 7
62 56 7
62 56 7
62 56 7
62 56 7
62 56 7
62 56 7
62 56 7
62 56 7
62 56 7
62 56 7
62 56 7
62 56 7
62 56 7
62 56 7
62 56 7
62 56 7
62 56 7
62 56 7
62 56 7
62 56 7
63 56 350
63 56 7
63 56 7
63 56 7
63 56 7
63 56 7
63 56 7
63 56 7
63 56 7
63 56 7
63 56 7
63 56 7
63 56 7
63 56 7
63 56 7
63 56 7
63 56 7
63 56 7
63 56 7
63 56 7
63 56 7
63 56 7
63 56 7
63 56 7
63 56 7
63 56 7
63 56 7
63 56 7
63 56 7
63 56 7
63 56 7
63 56 7
64 56 343
64 56 7
64 56 7
64 56 7
64 56 7
64 56 7
64 56 7
64 56 7
64 56 7
64 56 7
64 56 7
64 56 7
64 56 7
64 56 7
64 56 7
64 56 7
64 56 7
64 56 7
64 56 7
64 56 7
64 56 7
64 56 7
64 56 7
64 56 7
64 56 7
64 56 7
64 56 7
64 56 7
65 56 334
65 56 7
65 56 7
65 56 7
65 56 7
65 56 7
65 56 7
65 56 7
65 56 7
65 56 7
65 56 7
65 56 7
65 56 7
65 56 7
65 56 7
65 56 7
65 56 7
65 56 7
65 56 7
65 56 7
65 56 7
65 56 7
65 56 7
65 56 7
66 56 323
66 56 7
66 56 7
66 56 7
66 56 7
66 56 7
66 56 7
66 56 7
66 56 7
66 56 7
66 56 7
66 56 7
66 56 7
66 56 7
66 56 7
66 56 7
66 56 7
66 56 7
66 56 7
66 56 7
67 56 312
67 56 7
67 56 7
67 56 7
67 56 7
67 56 7
67 56 7
67 56 7
67 56 7
67 56 7
67 56 7
67 56 7
67 56 7
67 56 7
67 56 7
68 56 300
68 56 7
68 56 7
68 56 7
68 56 7
68 56 7
68 56 7
68 56 7
68 56 7
68 56 7
69 56 289
69 56 7
69 56 7
69 56 7
69 56 7
71 56 270
72 56 265
73 56 262
73 55 266
73 54 273
73 53 284
73 52 297
73 51 311
73 50 326
73 49 342
73 48 357
73 47 370
73 46 382
73 45 391
73 45 7
73 45 7
73 44 398
73 44 7
73 44 7
73 44 7
73 44 7
73 44 7
73 44 7
73 44 7
73 44 7
73 44 7
73 44 7
73 44 7
73 44 7
73 44 7
73 43 401
73 43 7
73 43 7
73 43 7
73 43 7
73 43 7
73 43 7
73 43 7
73 43 7
73 43 7
73 43 7
73 43 7
73 43 7
73 43 7
73 43 7
73 43 7
73 43 7
73 43 7
73 43 7
73 43 7
73 43 7
73 43 7
73 43 7
73 43 7
73 43 7
73 42 401
73 42 7
73 42 7
73 42 7
73 42 7
73 42 7
73 42 7
73 42 7
73 42 7
73 42 7
73 42 7
73 42 7
73 42 7
73 42 7
73 42 7
73 42 7
73 42 7
73 42 7
73 42 7
73 42 7
73 42 7
73 42 7
73 42 7
73 42 7
73 42 7
73 42 7
73 42 7
73 42 7
73 42 7
73 42 7
73 42 7
73 42 7
73 42 7
73 42 7
73 42 7
73 42 7
73 41 397
73 41 7
73 41 7
73 41 7
73 41 7
73 41 7
73 41 7
73 41 7
73 41 7
73 41 7
73 41 7
73 41 7
73 41 7
73 41 7
73 41 7
73 41 7
73 41 7
73 41 7
73 41 7
73 41 7
73 41 7
73 41 7
73 41 7
73 41 7
73 41 7
73 41 7
73 41 7
73 41 7
73 41 7
73 41 7
73 41 7
73 41 7
73 41 7
73 41 7
73 41 7
73 41 7
73 41 7
73 41 7
73 41 7
73 41 7
73 41 7
73 41 7
73 41 7
73 41 7
73 41 7
73 40 389
73 40 7
73 40 7
73 40 7
73 40 7
73 40 7
73 40 7
73 40 7
73 40 7
73 40 7
73 40 7
73 40 7
73 40 7
73 40 7
73 40 7
73 40 7
73 40 7
73 40 7
73 40 7
73 40 7
73 40 7
73 40 7
73 40 7
73 40 7
73 40 7
73 40 7
73 40 7
73 40 7
73 40 7
73 40 7
73 40 7
73 40 7
73 40 7
73 40 7
73 40 7
73 40 7
73 40 7
73 40 7
73 40 7
73 40 7
73 40 7
73 40 7
73 40 7
73 40 7
73 40 7
73 40 7
73 40 7
73 40 7
73 40 7
73 40 7
73 40 7
73 39 379
73 39 7
73 39 7
73 39 7
73 39 7
73 39 7
73 39 7
73 39 7
73 39 7
73 39 7
73 39 7
73 39 7
73 39 7
73 39 7
73 39 7
73 39 7
73 39 7
73 39 7
73 39 7
73 39 7
73 39 7
73 39 7
73 39 7
73 39 7
73 39 7
73 39 7
73 39 7
73 39 7
73 39 7
73 39 7
73 39 7
73 39 7
73 39 7
73 39 7
73 39 7
73 39 7
73 39 7
73 39 7
73 39 7
73 39 7
73 39 7
73 39 7
73 39 7
73 39 7
73 39 7
73 39 7
73 39 7
73 39 7
73 39 7
73 39 7
73 39 7
73 39 7
73 39 7
73 39 7
73 38 365
73 38 7
73 38 7
73 38 7
73 38 7
73 38 7
73 38 7
73 38 7
73 38 7
73 38 7
73 38 7
73 38 7
73 38 7
73 38 7
73 38 7
73 38 7
73 38 7
73 38 7
73 38 7
73 38 7
73 38 7
73 38 7
73 38 7
73 38 7
73 38 7
73 38 7
73 38 7
73 38 7
73 38 7
73 38 7
73 38 7
73 38 7
73 38 7
73 38 7
73 38 7
73 38 7
73 38 7
73 38 7
73 38 7
73 38 7
73 38 7
73 38 7
73 38 7
73 38 7
73 38 7
73 38 7
73 38 7
73 38 7
73 38 7
73 38 7
73 38 7
73 38 7
73 38 7
73 37 347
73 37 7
73 37 7
73 37 7
73 37 7
73 37 7
73 37 7
73 37 7
73 37 7
73 37 7
73 37 7
73 37 7
73 37 7
73 37 7
73 37 7
73 37 7
73 37 7
73 37 7
73 37 7
73 37 7
73 37 7
73 37 7
73 37 7
73 37 7
73 37 7
73 37 7
73 37 7
73 37 7
73 37 7
73 37 7
73 37 7
73 37 7
73 37 7
73 37 7
73 37 7
73 37 7
73 37 7
73 37 7
73 37 7
73 37 7
73 37 7
73 37 7
73 37 7
73 37 7
73 37 7
73 37 7
73 37 7
73 37 7
73 37 7
73 36 328
73 36 7
73 36 7
73 36 7
73 36 7
73 36 7
73 36 7
73 36 7
73 36 7
73 36 7
73 36 7
73 36 7
73 36 7
73 36 7
73 36 7
73 36 7
73 36 7
73 36 7
73 36 7
73 36 7
73 36 7
73 36 7
73 36 7
73 36 7
73 36 7
73 36 7
73 36 7
73 36 7
73 36 7
73 36 7
73 36 7
73 36 7
73 36 7
73 36 7
73 36 7
73 36 7
73 36 7
73 36 7
73 36 7
73 36 7
73 36 7
73 36 7
73 36 7
73 35 306
73 35 7
73 35 7
73 35 7
73 35 7
73 35 7
73 35 7
73 35 7
73 35 7
73 35 7
73 35 7
73 35 7
73 35 7
73 35 7
73 35 7
73 35 7
73 35 7
73 35 7
73 35 7
73 35 7
73 35 7
73 35 7
73 35 7
73 35 7
73 35 7
73 35 7
73 35 7
73 35 7
73 35 7
73 35 7
73 35 7
73 35 7
73 35 7
73 35 7
73 35 7
73 35 7
73 35 7
73 34 282
73 34 7
73 34 7
73 34 7
73 34 7
73 34 7
73 34 7
73 34 7
73 34 7
73 34 7
73 34 7
73 34 7
73 34 7
73 34 7
73 34 7
73 34 7
73 34 7
73 34 7
73 34 7
73 34 7
73 34 7
73 34 7
73 34 7
73 34 7
73 34 7
73 34 7
73 34 7
73 34 7
73 34 7
73 34 7
73 34 7
73 34 7
73 33 257
73 33 7
73 33 7
73 33 7
73 33 7
73 33 7
73 33 7
73 33 7
73 33 7
73 33 7
73 33 7
73 33 7
73 33 7
73 33 7
73 33 7
73 33 7
73 33 7
73 33 7
73 33 7
73 33 7
73 33 7
73 33 7
73 33 7
73 33 7
73 33 7
73 33 7
73 33 7
73 32 232
73 32 7
73 32 7
73 32 7
73 32 7
73 32 7
73 32 7
73 32 7
73 32 7
73 32 7
73 32 7
73 32 7
73 32 7
73 32 7
73 32 7
73 32 7
73 32 7
73 32 7
73 32 7
73 32 7
73 32 7
73 31 206
73 31 7
73 31 7
73 31 7
73 31 7
73 31 7
73 31 7
73 31 7
73 31 7
73 31 7
73 31 7
73 31 7
73 31 7
73 31 7
73 31 7
73 31 7
73 30 181
73 30 7
73 30 7
73 30 7
73 30 7
73 30 7
73 30 7
73 30 7
73 30 7
73 30 7
73 30 7
73 29 156
73 29 7
73 29 7
73 29 7
73 29 7
73 29 7
73 29 7
73 29 7
73 28 133
73 28 7
73 28 7
73 28 7
73 28 7
73 27 111
73 27 7
73 27 7
73 27 7
73 26 91
73 26 7
73 26 7
73 25 73
73 25 7
73 25 7
73 25 7
73 24 58
73 24 7
73 24 7
73 24 7
73 23 44
73 23 7
73 23 7
73 23 7
73 23 7
73 22 33
73 22 7
73 22 7
73 22 7
73 22 7
73 22 7
73 21 24
73 21 7
73 21 7
73 21 7
73 21 7
73 21 7
73 20 17
73 20 7
73 20 7
73 20 7
73 20 7
73 20 7
73 20 7
73 19 15
73 19 7
73 19 7
73 19 7
73 19 7
73 19 7
73 19 7
74 19 15
74 19 7
74 19 7
74 19 7
74 19 7
74 19 7
74 19 7
74 18 15
74 18 7
74 18 7
74 18 7
74 18 7
74 18 7
74 17 15
74 17 7
74 17 7
74 17 7
74 17 7
74 17 7
74 16 15
74 16 7
74 16 7
74 16 7
74 16 7
74 16 7
74 15 15
74 15 7
74 15 7
74 15 7
74 15 7
74 15 7
74 14 15
74 14 7
74 14 7
74 14 7
74 14 7
74 14 7
74 14 7
74 13 15
74 13 7
74 13 7
74 13 7
74 13 7
74 13 7
74 13 7
74 13 7
74 12 15
74 12 7
74 12 7
74 12 7
74 12 7
74 12 7
74 12 7
74 12 7
74 12 7
74 11 15
74 11 7
74 11 7
74 11 7
74 11 7
74 11 7
74 11 7
74 11 7
74 11 7
74 11 7
74 11 7
74 10 15
74 10 7
74 10 7
74 10 7
74 10 7
74 10 7
74 10 7
74 10 7
74 10 7
74 10 7
74 10 7
74 10 7
75 10 16
75 10 7
75 10 7
75 10 7
75 10 7
75 10 7
75 10 7
75 10 7
75 10 7
75 10 7
75 10 7
75 10 7
75 9 16
75 9 7
75 9 7
75 9 7
75 9 7
75 9 7
75 9 7
75 9 7
75 9 7
75 9 7
75 9 7
75 9 7
75 9 7
75 8 17
75 8 7
75 8 7
75 8 7
75 8 7
75 8 7
75 8 7
75 8 7
75 8 7
75 8 7
75 8 7
75 8 7
75 8 7
75 7 19
75 7 7
75 7 7
75 7 7
75 7 7
75 7 7
75 7 7
75 7 7
75 7 7
75 7 7
75 7 7
75 7 7
75 7 7
76 7 19
76 7 7
76 7 7
76 7 7
76 7 7
76 7 7
76 7 7
76 7 7
76 7 7
76 7 7
76 7 7
76 6 19
76 6 7
76 6 7
76 6 7
76 6 7
76 6 7
76 6 7
76 6 7
76 6 7
76 6 7
77 6 20
77 6 7
77 6 7
77 6 7
77 6 7
77 6 7
77 6 7
77 6 7
77 5 19
77 5 7
77 5 7
77 5 7
77 5 7
77 5 7
77 5 7
77 4 20
77 4 7
77 4 7
77 4 7
77 4 7
77 4 7
78 4 18
78 4 7
78 4 7
78 4 7
78 4 7
79 4 18
79 4 7
79 4 7
79 4 7
79 3 16
79 3 7
79 3 7
80 3 16
80 3 7
80 3 7
80 2 15
80 2 7
80 2 7
81 2 15
81 2 7
82 2 15
82 2 7
83 2 15
83 2 7
84 2 15
84 2 7
85 2 15
86 2 15
87 2 15
88 2 15
89 2 15
90 2 15
91 2 15
92 2 15
92 4 35
92 5 59
92 6 83
92 7 107
92 8 131
92 9 153
92 10 173
92 11 189
92 12 203
92 13 213
92 14 219
92 15 222
