156 2 140
16 69 140
135 179 140
81 189 140
30 116 140
30 116 130
30 116 130
30 116 130
71 67 140
127 52 140
30 49 140
199 2 140
199 2 130
196 193 140
65 99 140
191 127 140
23 59 140
23 59 130
68 84 140
82 199 140
82 199 130
7 78 140
17 83 140
17 83 130
17 83 130
167 9 140
167 9 130
167 9 130
167 9 130
167 9 130
167 9 130
144 8 140
144 8 130
144 8 130
135 191 140
135 191 130
124 186 140
124 186 130
92 195 140
92 195 130
92 195 130
92 195 130
19 44 140
19 44 130
19 44 130
116 58 140
117 44 140
117 44 130
4 64 140
12 54 140
12 54 130
12 54 130
12 54 130
55 91 140
57 76 140
28 34 140
70 195 140
40 111 140
52 105 140
199 15 140
199 15 130
199 15 130
199 15 130
199 15 130
199 15 130
43 98 140
42 39 140
45 54 140
58 61 140
124 173 140
155 15 140
155 15 130
155 15 130
155 15 130
155 15 130
155 15 130
127 66 140
127 66 130
26 74 140
26 74 130
26 74 130
26 74 130
68 182 140
188 9 140
188 9 130
188 9 130
188 9 130
188 9 130
188 9 130
188 9 130
136 166 140
124 160 140
106 49 140
138 60 140
57 188 140
31 104 140
132 1 140
132 1 130
132 1 130
132 1 130
132 1 130
132 1 130
132 1 130
132 1 130
59 199 140
137 153 140
125 148 140
125 148 130
16 95 140
16 95 130
16 95 130
24 99 140
24 99 130
24 99 130
7 90 140
5 101 140
5 101 130
5 101 130
5 101 130
105 63 140
95 55 140
83 61 140
46 193 140
79 175 140
94 70 140
81 77 140
91 182 140
90 169 140
90 169 130
101 175 140
101 175 130
112 168 140
112 168 130
142 21 140
142 21 130
142 21 130
142 21 130
142 21 130
142 21 130
129 26 140
129 26 130
129 26 130
129 26 130
129 26 130
128 39 140
188 9 130
188 9 130
188 9 130
199 28 140
199 28 130
199 28 130
199 28 130
198 41 140
198 41 130
187 35 140
187 35 130
187 35 130
187 35 130
187 35 130
187 35 130
187 35 130
199 54 140
199 68 140
199 68 130
199 68 130
199 68 130
199 68 130
199 68 130
199 68 130
24 99 130
187 48 140
187 48 130
187 48 130
187 48 130
187 61 140
187 61 130
175 68 140
162 61 140
150 67 140
113 181 140
113 181 130
147 183 140
147 171 140
149 158 140
112 155 140
112 155 130
112 155 130
112 155 130
112 155 130
147 196 140
147 196 130
147 196 130
147 196 130
147 196 130
159 176 140
159 176 130
159 176 130
159 176 130
159 176 130
159 176 130
150 146 140
138 140 140
151 134 140
151 134 130
151 134 130
151 134 130
151 134 130
125 135 140
162 152 140
162 152 130
162 152 130
162 152 130
162 152 130
162 152 130
102 188 140
102 188 130
102 188 130
102 188 130
102 188 130
138 128 140
138 128 130
138 128 130
138 128 130
138 128 130
35 199 140
35 199 130
35 199 130
113 128 140
113 128 130
113 128 130
113 128 130
113 128 130
113 128 130
66 168 140
55 173 140
55 173 130
55 173 130
55 173 130
77 162 140
64 154 140
75 148 140
88 155 140
88 155 130
87 142 140
53 159 140
53 159 130
53 159 130
53 159 130
53 159 130
74 135 140
62 140 140
61 127 140
63 113 140
64 99 58
63 99 45
62 99 35
62 98 33
62 97 31
62 96 30
62 95 30
62 94 29
62 93 29
62 92 29
62 91 30
62 90 30
62 89 31
62 88 32
62 87 32
62 86 33
62 85 33
62 84 33
62 83 33
62 82 33
63 82 33
63 81 32
63 80 31
63 79 30
63 78 29
63 77 28
63 77 118
63 76 27
63 76 118
63 75 27
63 75 118
63 74 27
63 74 118
64 74 27
64 74 118
64 73 28
64 73 118
65 73 30
66 73 32
67 73 33
68 73 35
69 73 35
70 73 35
71 73 33
71 72 34
71 71 37
71 70 43
71 69 51
71 68 61
126 52 77
125 52 80
124 52 84
123 52 86
122 52 88
121 52 89
120 52 88
119 52 86
118 52 82
117 52 77
116 52 70
115 52 63
115 52 118
114 52 54
114 52 118
113 52 45
113 52 118
113 53 36
113 53 118
112 53 26
112 53 118
111 53 16
111 53 118
111 54 15
111 54 118
111 55 15
111 55 118
110 55 15
110 55 118
109 55 15
109 55 118
108 55 15
108 55 118
107 55 15
107 55 118
107 56 15
107 56 118
106 56 15
106 56 118
105 56 15
105 56 118
105 57 15
105 57 118
105 58 15
105 58 118
105 59 15
105 59 118
105 60 15
105 60 118
104 60 15
104 60 118
103 60 15
103 60 118
103 61 15
103 61 118
102 61 15
102 61 118
101 61 15
101 61 118
100 61 15
100 61 118
100 62 15
100 62 118
99 62 15
98 62 15
97 62 15
97 63 15
97 64 15
96 64 15
95 64 15
94 64 15
93 64 15
92 64 15
92 65 15
92 66 15
92 67 15
92 68 15
91 68 15
90 68 15
89 68 15
88 68 15
87 68 15
86 68 15
85 68 15
84 68 15
83 68 15
82 68 15
81 68 15
80 68 15
79 68 15
78 68 15
77 68 15
76 68 20
75 68 31
74 68 41
73 68 50
72 68 56
199 29 439
199 29 118
199 30 412
199 31 386
199 32 362
199 33 340
199 34 319
199 35 299
199 36 280
199 37 262
199 38 243
199 39 224
199 40 205
199 40 118
199 41 186
199 41 118
199 42 166
199 42 118
199 43 146
199 43 118
199 44 126
199 44 118
199 45 107
199 45 118
199 46 88
199 46 118
199 47 72
199 47 118
199 48 59
199 48 118
199 49 49
199 49 118
199 50 43
199 50 118
199 51 43
199 51 118
198 51 41
198 51 118
198 52 44
198 52 118
197 52 46
197 52 118
197 53 52
197 53 118
196 53 56
196 53 118
196 54 66
196 54 118
196 54 118
195 54 72
195 54 118
195 54 118
194 54 83
194 54 118
194 54 118
194 55 92
194 55 118
194 55 118
193 55 103
193 55 118
193 55 118
193 56 114
193 56 118
193 56 118
192 56 124
192 56 118
192 56 118
191 56 136
191 56 118
191 56 118
191 57 145
191 57 118
191 57 118
190 57 153
190 57 118
190 57 118
189 57 163
189 57 118
189 57 118
189 58 169
189 58 118
189 58 118
188 58 174
188 58 118
187 58 180
187 58 118
187 59 182
187 59 118
187 60 191
187 60 118
186 61 196
186 61 118
185 61 186
184 61 176
183 61 166
182 61 156
181 61 146
180 61 137
180 62 126
179 62 113
178 62 101
177 62 90
177 63 76
176 63 63
175 63 52
175 64 42
174 64 30
173 64 21
172 64 15
172 64 118
171 64 15
171 64 118
170 64 15
170 64 118
169 64 15
169 64 118
168 64 15
168 64 118
167 64 15
167 64 118
166 64 15
166 64 118
165 64 15
165 64 118
164 64 15
164 64 118
163 64 15
162 64 15
161 64 15
160 64 17
159 64 21
158 64 25
157 64 28
156 64 32
155 64 35
154 64 38
153 64 41
152 64 44
151 64 47
150 64 50
149 64 52
148 64 55
148 63 57
147 63 58
146 63 60
145 63 61
144 63 63
143 63 65
143 62 67
142 62 68
141 62 69
140 62 70
140 61 72
139 61 72
138 61 74
137 60 76
136 60 77
135 60 79
135 59 79
134 59 80
134 58 81
133 58 81
133 57 81
132 57 82
132 56 81
132 55 81
132 54 80
131 54 78
131 53 76
131 52 72
130 52 71
129 52 70
128 52 72
199 27 500
199 27 118
199 27 118
199 26 532
199 26 118
199 26 118
199 25 564
199 25 118
199 25 118
199 25 118
199 24 596
199 24 118
199 24 118
199 24 118
199 23 627
199 23 118
199 23 118
199 23 118
199 23 118
199 22 655
199 22 118
199 22 118
199 22 118
199 22 118
199 22 118
199 21 681
199 21 118
199 21 118
199 21 118
199 21 118
199 21 118
199 20 703
199 20 118
199 20 118
199 20 118
199 20 118
199 20 118
199 19 719
199 19 118
199 19 118
199 19 118
199 19 118
199 18 730
199 18 118
199 18 118
199 18 118
199 18 118
199 17 735
199 17 118
199 17 118
199 17 118
199 16 733
199 16 118
199 16 118
199 14 707
199 13 684
199 12 654
199 11 618
199 10 576
199 9 531
199 8 483
199 7 433
199 6 383
199 5 334
199 4 288
199 3 247
144 9 365
144 9 118
143 9 394
143 10 421
142 10 450
142 11 476
142 12 504
142 13 533
142 14 563
142 15 593
142 16 622
142 17 649
142 17 118
142 18 673
142 18 118
142 19 695
142 19 118
142 20 713
142 20 118
141 21 706
141 21 118
140 21 690
140 21 118
139 21 678
139 21 118
138 21 672
138 21 118
138 22 664
138 22 118
138 23 652
138 24 636
138 25 617
138 26 595
138 27 569
138 28 542
138 29 513
137 29 482
137 30 449
137 31 416
137 32 384
136 32 351
136 33 318
136 34 286
135 34 256
135 35 226
135 36 199
134 36 173
134 37 148
134 38 128
133 38 107
133 39 90
132 39 76
132 39 118
132 40 62
132 40 118
132 41 52
132 41 118
131 41 44
131 41 118
131 42 38
131 42 118
130 42 34
130 42 118
130 43 31
130 43 118
130 44 31
130 44 118
129 44 32
129 44 118
129 45 34
129 45 118
129 46 37
128 46 41
128 47 45
128 48 50
127 48 55
127 49 60
127 50 65
127 51 70
145 8 309
145 8 118
145 7 283
145 7 118
146 7 255
146 7 118
146 7 118
146 6 231
146 6 118
146 6 118
147 6 205
147 6 118
147 6 118
147 5 184
147 5 118
147 5 118
148 5 159
148 5 118
148 5 118
149 5 140
149 5 118
149 5 118
149 4 121
149 4 118
149 4 118
150 4 104
150 4 118
150 4 118
150 3 90
150 3 118
151 3 77
151 3 118
152 3 69
152 3 118
152 2 60
152 2 118
153 2 56
153 2 118
154 2 57
154 2 118
155 2 65
155 2 118
30 48 49
30 48 118
30 47 24
30 47 118
31 47 15
31 47 118
32 47 15
32 47 118
33 47 15
33 47 118
34 47 15
34 47 118
34 48 15
34 48 118
35 48 15
35 48 118
36 48 15
36 48 118
37 48 15
37 48 118
38 48 15
38 48 118
39 48 15
39 48 118
40 48 15
40 48 118
41 48 15
41 48 118
42 48 16
42 48 118
42 49 24
42 49 118
43 49 30
43 49 118
44 49 38
44 49 118
44 50 43
44 50 118
45 50 50
45 50 118
45 51 54
45 51 118
45 52 59
45 52 118
45 53 67
45 53 118
46 54 73
46 54 118
47 54 71
47 54 118
48 54 72
48 54 118
48 55 74
48 55 118
49 55 74
49 55 118
49 56 74
49 56 118
50 56 74
50 56 118
50 57 73
50 57 118
51 57 72
51 57 118
51 57 118
51 58 70
51 58 118
51 58 118
52 58 70
52 58 118
52 58 118
52 59 67
52 59 118
52 59 118
52 60 66
52 60 118
52 60 118
53 60 63
53 60 118
53 60 118
53 61 61
53 61 118
53 61 118
54 61 58
54 61 118
54 61 118
54 62 56
54 62 118
54 62 118
55 62 54
55 62 118
55 62 118
55 63 52
55 63 118
55 63 118
56 63 50
56 63 118
56 63 118
56 64 48
56 64 118
56 64 118
56 65 47
56 65 118
56 65 118
57 65 44
57 65 118
57 65 118
57 66 43
57 66 118
57 66 118
58 66 41
58 66 118
58 67 39
58 67 118
58 67 118
59 67 38
59 67 118
59 68 36
59 68 118
60 68 36
60 68 118
61 68 37
61 68 118
62 68 41
63 68 45
64 68 50
65 68 55
66 68 59
67 68 62
68 68 65
69 68 65
70 68 64
29 49 90
28 49 108
27 49 128
27 50 151
27 51 173
27 52 193
26 52 211
26 53 227
26 53 118
26 54 240
26 54 118
26 55 252
26 55 118
26 56 261
26 56 118
26 56 118
25 56 269
25 56 118
25 56 118
25 57 273
25 57 118
25 57 118
25 57 118
25 58 276
25 58 118
25 58 118
25 58 118
24 58 277
24 58 118
24 58 118
24 58 118
24 59 275
24 59 118
24 59 118
24 59 118
24 59 118
23 59 118
23 59 118
23 59 118
23 59 118
23 60 266
23 60 118
23 60 118
23 60 118
23 60 118
22 60 260
22 60 118
22 60 118
22 60 118
22 61 250
22 61 118
22 61 118
22 61 118
21 61 240
21 61 118
21 61 118
21 61 118
21 62 228
21 62 118
21 62 118
21 62 118
20 62 214
20 62 118
20 62 118
19 62 201
19 62 118
19 62 118
19 63 184
19 63 118
19 63 118
18 63 167
18 63 118
18 63 118
18 64 150
18 64 118
17 64 131
17 64 118
16 64 113
16 64 118
16 65 95
16 65 118
16 66 82
16 66 118
16 67 75
16 67 118
16 68 74
16 68 118
63 100 47
63 101 49
63 102 52
63 103 55
63 104 58
63 105 61
63 106 64
63 107 66
63 108 69
63 109 71
63 110 73
63 111 75
63 112 76
63 114 76
63 115 76
63 116 74
63 117 73
63 118 70
63 119 67
63 120 64
63 121 60
63 122 56
63 123 52
63 124 48
63 125 45
63 126 41
63 127 38
62 127 54
64 127 27
65 127 22
65 128 18
65 129 15
65 130 15
66 130 15
66 131 15
66 132 15
66 133 15
66 134 15
67 134 15
67 135 15
67 136 15
67 137 16
68 137 19
68 138 22
68 139 25
68 140 28
68 141 32
68 142 35
68 143 37
68 144 39
68 145 40
68 146 41
68 147 40
68 148 39
68 149 37
68 150 35
68 151 32
68 152 30
68 152 118
68 153 27
68 153 118
68 154 24
68 154 118
68 155 21
68 155 118
69 155 19
69 155 118
69 156 16
69 156 118
69 157 15
69 157 118
69 158 15
69 158 118
69 159 15
69 159 118
70 159 15
70 159 118
70 160 15
70 160 118
70 161 15
70 161 118
70 162 15
70 162 118
71 162 15
71 162 118
71 163 17
71 163 118
71 164 20
71 164 118
71 165 23
71 165 118
71 166 27
71 166 118
72 166 31
72 166 118
72 167 35
72 167 118
72 168 39
72 169 43
72 170 48
73 170 52
73 171 55
73 172 59
73 173 62
74 173 66
74 174 68
74 175 71
75 175 72
76 175 74
77 175 75
78 175 75
80 175 73
81 175 72
82 175 70
83 175 68
84 175 66
85 175 65
86 175 65
87 175 67
88 175 70
89 175 74
89 175 118
90 175 81
90 175 118
91 175 90
91 175 118
92 175 100
92 175 118
93 175 112
93 175 118
94 175 125
94 175 118
95 175 138
95 175 118
96 175 152
96 175 118
97 175 166
97 175 118
98 175 179
98 175 118
99 175 190
100 175 199
102 175 210
103 175 212
104 175 210
105 175 205
106 175 197
107 175 187
108 175 175
109 175 161
110 175 145
110 175 118
111 175 130
111 175 118
112 175 114
112 175 118
113 175 100
113 175 118
114 175 87
114 175 118
115 175 76
115 175 118
116 175 67
116 175 118
116 175 118
117 175 61
117 175 118
117 175 118
118 175 57
118 175 118
119 175 57
119 175 118
120 175 59
120 175 118
121 175 63
121 175 118
122 175 69
122 175 118
123 175 77
123 175 118
124 175 86
124 175 118
125 175 95
126 175 104
127 175 111
128 175 117
129 175 122
130 175 123
131 175 122
132 175 118
133 175 111
134 175 102
135 175 91
135 176 87
135 177 83
135 178 79
79 176 71
79 177 68
80 177 64
81 177 60
81 178 56
81 179 52
81 180 50
81 181 48
81 182 48
81 183 49
81 184 51
81 185 54
81 186 57
81 187 61
81 188 66
61 99 29
60 99 25
59 99 25
58 99 27
58 100 29
57 100 32
57 101 35
56 101 39
55 101 43
54 101 46
53 101 48
52 101 49
51 101 48
50 101 45
49 101 41
48 101 35
47 101 27
47 101 118
46 101 19
46 101 118
45 101 15
45 101 118
44 101 15
44 101 118
43 101 15
43 101 118
42 101 15
42 101 118
42 102 15
42 102 118
41 102 15
41 102 118
40 102 15
40 102 118
39 102 15
39 102 118
38 102 15
38 102 118
38 103 15
38 103 118
37 103 15
37 103 118
37 104 15
37 104 118
37 105 15
37 105 118
37 106 15
37 106 118
37 107 15
37 107 118
37 108 15
37 108 118
36 108 15
36 108 118
35 108 15
35 108 118
35 109 15
35 109 118
34 109 15
34 109 118
33 109 33
33 109 118
32 109 63
32 109 118
32 110 92
31 110 128
31 110 118
31 111 164
30 111 203
30 111 118
30 112 245
30 112 118
30 113 293
30 113 118
30 114 346
30 114 118
30 115 404
30 115 118
