136 151 271
99 96 271
163 38 271
78 188 271
174 117 271
5 74 271
31 142 271
79 199 271
79 199 261
79 199 261
78 174 271
89 181 271
109 103 271
110 90 271
110 90 261
110 90 261
97 109 271
152 44 271
163 51 271
125 144 271
137 137 271
107 116 271
107 116 261
127 130 271
162 123 271
162 123 261
162 123 261
186 111 271
175 104 271
152 57 271
66 180 271
86 102 271
117 123 271
141 50 271
141 50 261
141 50 261
153 68 271
153 68 261
67 194 271
67 194 261
16 80 271
4 87 271
4 87 261
4 87 261
17 67 271
164 63 271
90 167 271
101 174 271
151 31 271
163 24 271
163 24 261
101 159 271
5 61 271
112 166 271
124 158 271
186 124 271
164 75 271
164 86 271
175 92 271
175 92 261
163 98 271
119 110 271
119 110 261
113 152 271
115 137 271
163 110 271
163 110 261
153 92 271
148 144 271
153 80 271
32 129 271
43 136 271
103 145 271
91 152 271
92 137 271
105 130 271
105 130 261
80 144 271
20 135 271
20 135 261
20 135 261
82 130 271
42 150 271
42 150 261
84 116 271
175 69 271
175 57 271
186 63 271
73 109 271
70 123 271
186 50 271
175 44 271
175 44 261
68 137 271
57 129 271
32 142 126
32 141 107
32 140 90
33 140 76
33 139 63
33 139 236
33 138 54
33 138 236
34 138 45
34 138 236
34 137 39
34 137 236
35 137 37
35 137 236
35 136 34
35 136 236
35 135 35
35 135 236
36 135 37
36 135 236
36 134 42
36 134 236
37 134 48
37 134 236
37 133 55
37 133 236
38 133 65
38 133 236
39 133 76
39 133 236
40 133 90
40 133 236
41 133 105
41 133 236
42 133 120
42 133 236
43 133 134
43 133 236
44 133 148
44 133 236
45 133 160
45 133 236
46 133 170
46 133 236
47 133 178
47 133 236
48 133 183
48 133 236
49 133 186
49 133 236
50 133 186
50 133 236
51 133 185
51 133 236
52 133 181
52 133 236
53 133 176
53 133 236
54 133 169
54 133 236
55 133 162
55 133 236
56 133 154
56 133 236
57 133 146
57 133 236
58 133 139
58 133 236
59 133 132
59 133 236
60 133 125
60 133 236
61 133 120
61 133 236
62 133 115
62 133 236
63 133 112
63 133 236
64 133 109
65 133 107
66 133 106
67 133 105
68 133 104
69 133 104
70 133 103
71 133 102
72 133 101
73 133 100
74 133 98
75 133 96
76 133 94
77 133 92
78 133 91
79 133 91
80 133 92
81 133 94
82 133 98
82 132 112
82 131 127
82 134 85
82 135 74
82 136 64
82 137 58
82 138 54
83 138 49
83 138 236
83 139 47
83 139 236
84 139 42
84 139 236
85 139 40
85 139 236
85 140 37
85 140 236
86 140 34
86 140 236
86 141 33
86 141 236
87 141 31
87 141 236
87 142 31
87 142 236
88 142 30
88 142 236
89 142 31
89 142 236
89 143 31
89 143 236
90 143 32
90 143 236
90 144 35
90 144 236
91 144 37
91 144 236
91 145 41
91 145 236
91 146 49
91 146 236
91 147 60
91 148 74
91 149 89
91 150 106
91 151 123
92 152 132
93 152 125
94 152 121
95 152 118
96 152 117
97 152 117
98 152 119
99 152 121
100 152 124
101 152 127
102 152 131
103 152 134
104 152 137
105 152 139
106 152 141
107 152 143
108 152 143
109 152 143
110 152 143
111 152 142
112 152 140
114 152 137
115 152 135
116 152 134
117 152 132
118 152 131
119 152 131
120 152 131
121 152 131
122 152 132
123 152 134
124 152 135
125 152 137
125 151 138
126 151 139
127 151 140
128 151 141
129 151 141
130 151 141
131 151 141
132 151 141
133 151 141
134 151 140
135 151 140
91 153 157
91 154 172
91 155 185
91 156 195
91 157 202
91 158 207
91 159 208
91 160 207
91 161 202
91 162 195
91 163 185
91 164 174
91 165 161
91 166 147
91 167 133
90 168 130
90 169 115
90 170 102
90 171 90
90 172 81
90 173 74
90 174 70
90 175 71
89 175 70
88 175 70
88 176 69
87 176 67
86 176 66
86 177 64
85 177 61
84 177 59
84 178 55
83 178 50
82 178 46
82 179 42
81 179 36
80 179 31
80 180 26
79 180 19
78 180 15
78 181 15
78 181 236
78 182 15
78 182 236
78 183 18
78 183 236
78 184 32
78 185 52
78 186 77
78 187 109
81 130 131
80 130 123
80 129 133
80 128 142
80 127 149
80 126 154
80 125 156
80 124 156
80 123 154
80 122 149
80 121 142
80 120 133
80 119 123
80 118 111
80 117 99
80 116 87
80 115 76
80 114 66
80 113 58
80 112 52
80 111 50
80 110 52
81 110 52
82 110 54
82 109 56
83 109 58
83 108 61
84 108 63
85 108 66
85 107 68
86 107 69
87 107 70
87 106 71
88 106 69
89 106 67
90 106 65
90 105 61
91 105 55
92 105 49
93 105 43
94 105 36
94 104 27
95 104 18
95 104 236
96 104 15
96 104 236
96 103 15
96 103 236
97 103 15
97 103 236
98 103 15
98 103 236
98 102 15
98 102 236
98 101 15
98 101 236
99 101 15
99 101 236
99 100 15
99 100 236
99 99 30
99 98 61
99 97 100
175 117 106
176 117 73
177 117 44
177 116 28
177 115 16
177 114 15
177 113 15
177 112 15
177 111 15
176 111 23
176 110 29
175 110 40
175 109 47
174 109 58
174 108 65
173 108 75
173 107 83
172 107 93
172 106 100
171 106 109
171 105 116
170 105 124
170 104 130
169 104 136
169 103 142
168 103 146
168 102 151
167 102 154
167 101 156
166 101 157
166 100 158
165 100 158
165 99 156
164 99 155
164 98 150
163 97 140
163 96 134
162 96 128
162 96 236
162 95 119
162 95 236
162 94 111
162 94 236
161 94 101
161 94 236
161 93 91
161 93 236
161 92 82
161 92 236
160 92 71
160 92 236
160 91 61
160 91 236
160 90 52
160 90 236
160 89 46
160 89 236
160 88 41
160 88 236
160 87 38
160 87 236
160 86 38
160 86 236
160 85 40
160 84 44
160 83 50
160 82 59
160 81 70
160 80 82
160 79 96
160 78 112
160 77 127
160 76 143
160 75 158
160 74 172
160 73 184
160 72 195
160 71 202
160 70 207
160 69 209
160 68 207
160 67 203
160 66 196
160 65 186
160 65 236
160 64 175
160 64 236
160 63 162
160 63 236
160 62 148
160 62 236
160 61 134
160 61 236
160 60 120
160 60 236
160 59 106
160 59 236
160 58 95
160 58 236
160 57 85
160 57 236
160 56 76
160 56 236
159 56 68
159 56 236
159 55 59
159 55 236
158 55 53
158 55 236
158 54 45
158 54 236
158 53 40
158 53 236
157 53 35
157 53 236
157 52 32
157 52 236
157 51 30
157 51 236
157 50 30
157 50 236
157 49 31
157 49 236
157 48 33
157 48 236
157 47 35
157 46 37
157 45 38
157 44 38
157 43 36
157 42 33
157 41 30
157 40 25
157 39 20
157 39 236
157 38 15
157 38 236
158 38 19
158 38 236
159 38 32
160 38 52
161 38 79
162 38 112
