41 67 75
20 144 75
107 62 75
178 47 75
120 12 75
68 180 75
77 100 75
97 69 75
97 69 65
97 69 65
96 57 75
52 60 75
52 60 65
52 60 65
52 60 65
52 60 65
52 60 65
52 60 65
52 60 65
52 60 65
52 60 65
52 60 65
41 81 75
20 157 75
20 157 65
20 157 65
20 157 65
20 157 65
28 74 75
8 150 75
8 150 65
8 150 65
8 150 65
8 150 65
8 150 65
8 150 65
8 150 65
107 50 75
120 24 75
33 150 75
33 150 65
33 150 65
33 150 65
33 150 65
33 150 65
33 150 65
33 150 65
33 150 65
33 150 65
28 60 75
107 39 75
107 39 65
107 39 65
107 39 65
107 39 65
107 39 65
107 39 65
107 39 65
132 18 75
132 18 65
132 18 65
132 18 65
132 18 65
132 18 65
132 18 65
132 18 65
108 18 75
118 55 75
118 44 75
118 44 65
118 44 65
118 44 65
118 44 65
118 44 65
53 88 75
53 88 65
65 94 75
65 94 65
65 94 65
65 94 65
53 74 75
86 64 75
86 64 65
86 64 65
86 64 65
86 64 65
88 92 75
77 86 75
77 86 65
77 86 65
77 86 65
77 86 65
22 131 75
9 137 75
9 137 65
9 137 65
9 137 65
9 137 65
9 137 65
9 137 65
88 107 75
65 80 75
65 80 65
98 83 75
98 83 65
98 83 65
98 83 65
98 83 65
98 83 65
98 83 65
98 83 65
34 137 75
36 124 75
178 35 75
190 41 75
190 41 65
118 68 75
130 61 75
130 61 65
130 61 65
130 74 75
15 67 75
15 67 65
15 67 65
15 67 65
15 67 65
15 67 65
15 67 65
15 67 65
15 67 65
15 67 65
15 67 65
15 67 65
65 94 65
65 94 65
65 94 65
65 94 65
65 94 65
65 94 65
65 94 65
65 94 65
65 94 65
65 94 65
49 130 75
49 130 65
49 130 65
49 130 65
49 130 65
76 72 75
76 72 65
76 72 65
76 72 65
76 72 65
24 117 75
24 117 65
24 117 65
24 117 65
24 117 65
24 117 65
24 117 65
24 117 65
24 117 65
24 117 65
24 117 65
24 117 65
51 117 75
51 117 65
51 117 65
51 117 65
38 110 75
38 110 65
38 110 65
38 110 65
38 110 65
38 110 65
38 110 65
40 96 75
40 96 65
40 96 65
40 96 65
78 100 15
78 99 15
79 99 15
80 99 15
80 98 15
80 97 15
81 97 15
81 96 15
81 95 15
81 95 59
81 94 15
81 94 59
81 93 52
81 92 96
81 91 139
81 90 180
81 89 218
81 88 252
81 87 282
81 86 307
81 85 327
81 84 342
81 83 352
81 82 358
81 81 360
81 80 359
81 79 356
81 78 350
81 77 344
80 77 342
79 77 337
78 77 330
77 77 319
76 77 306
76 76 297
76 75 291
76 74 290
76 73 294
75 72 289
75 72 59
74 72 273
74 72 59
74 72 59
73 72 255
73 72 59
73 72 59
72 72 236
72 72 59
71 72 216
71 72 59
70 72 196
70 72 59
70 73 175
70 73 59
69 73 153
68 73 132
67 73 112
67 74 92
66 74 72
66 74 59
65 74 55
65 74 59
65 75 39
65 75 59
64 75 21
64 75 59
63 75 15
63 75 59
62 75 15
62 75 59
61 75 15
61 75 59
60 75 15
60 75 59
59 75 15
59 75 59
58 75 15
58 75 59
57 75 15
57 75 59
56 75 15
56 75 59
55 75 15
55 75 59
54 75 15
54 75 59
53 75 15
53 75 59
34 136 15
34 135 15
35 135 15
35 134 15
35 133 15
36 133 15
36 132 15
36 131 15
36 131 59
36 130 15
36 130 59
36 129 15
36 129 59
36 128 15
36 128 59
36 127 15
36 127 59
36 126 15
36 126 59
37 126 15
37 126 59
38 126 15
38 126 59
39 126 15
39 126 59
39 125 15
39 125 59
40 125 15
40 125 59
40 125 59
41 125 15
41 125 59
41 125 59
42 125 15
42 125 59
42 125 59
42 125 59
42 124 20
42 124 59
42 124 59
42 124 59
43 124 30
43 124 59
43 124 59
43 124 59
43 124 59
43 123 37
43 123 59
43 123 59
43 123 59
43 123 59
44 123 47
44 123 59
44 123 59
44 123 59
44 123 59
44 122 55
44 122 59
44 122 59
44 122 59
44 122 59
44 121 67
44 121 59
44 121 59
44 121 59
44 120 82
44 120 59
44 120 59
44 119 99
44 119 59
44 119 59
44 118 119
44 118 59
44 117 140
44 117 59
44 116 162
44 115 185
44 114 207
44 113 228
44 112 247
44 111 265
44 110 280
44 109 292
44 108 301
44 107 307
44 106 309
44 105 308
44 104 303
44 103 295
44 102 284
44 101 270
44 100 254
44 99 236
44 98 216
44 97 195
44 96 173
44 95 152
44 94 131
44 93 110
44 92 91
44 91 73
44 90 57
44 89 42
44 88 30
45 88 17
46 88 15
46 87 15
47 87 15
47 86 15
48 86 15
49 86 15
49 86 59
49 85 15
49 84 15
49 83 15
49 82 15
49 81 15
50 81 15
51 81 15
52 81 15
52 81 59
53 81 15
53 81 59
53 80 15
53 80 59
53 79 15
53 79 59
53 78 15
53 78 59
53 77 15
53 77 59
53 76 15
53 76 59
33 137 15
32 137 15
31 137 15
30 137 15
30 138 15
29 138 15
28 138 15
27 138 15
27 139 15
27 140 15
26 140 15
26 141 15
25 141 15
24 141 15
23 141 15
22 141 15
21 141 15
20 141 15
20 142 15
20 143 26
52 77 15
51 77 15
50 77 15
49 77 15
48 77 15
47 77 15
46 77 15
45 77 15
44 77 15
43 77 17
42 77 18
42 76 17
41 76 15
40 76 15
40 75 15
40 74 15
40 73 15
40 72 15
40 71 15
40 70 15
40 69 15
40 68 15
40 67 15
77 72 314
78 72 323
79 72 328
80 72 330
81 72 328
82 72 324
83 72 318
84 72 309
85 72 299
86 72 288
87 72 276
88 72 265
88 71 254
89 71 241
89 70 229
90 70 215
90 69 202
91 69 189
91 68 175
92 68 162
92 67 148
93 67 135
93 66 122
94 66 110
94 65 96
94 64 85
95 64 72
95 63 61
96 63 49
96 63 59
96 62 38
96 62 59
97 62 27
97 62 59
97 61 17
97 61 59
98 61 15
98 61 59
99 61 15
99 61 59
100 61 15
100 61 59
101 61 15
101 61 59
102 61 15
103 61 15
104 61 15
105 61 15
106 61 15
107 61 15
