114 101 533
63 66 533
90 171 533
198 26 533
168 74 533
152 185 533
188 33 533
199 40 533
90 184 533
79 178 533
63 53 533
74 59 533
103 94 533
102 108 533
179 67 533
189 47 533
178 54 533
92 101 533
74 73 533
79 190 533
93 87 533
85 66 533
84 80 533
80 199 533
91 196 533
78 164 533
167 60 533
89 157 533
78 150 533
190 60 533
190 60 523
89 143 533
177 40 533
78 136 533
95 73 533
90 129 533
90 115 533
166 47 533
180 81 533
152 198 533
140 192 533
139 179 533
167 87 533
179 94 533
179 94 523
155 54 533
155 67 533
155 81 533
143 61 533
142 74 533
141 87 533
128 94 533
168 75 241
168 76 233
168 77 226
168 78 220
168 79 216
168 80 214
168 81 215
167 81 224
166 81 233
165 81 242
164 81 251
163 81 258
162 81 265
161 81 271
160 81 276
159 81 279
158 81 281
157 81 281
156 81 281
141 86 277
141 85 272
141 84 269
142 84 267
142 83 264
143 83 262
143 82 259
144 82 257
144 81 255
145 81 253
146 81 253
147 81 253
148 81 256
149 81 258
150 81 262
151 81 266
152 81 270
153 81 273
154 81 277
128 93 287
128 92 288
129 92 288
130 92 289
130 91 290
131 91 290
132 91 290
132 90 291
133 90 290
134 90 291
134 89 290
135 89 289
135 88 289
136 88 287
137 88 287
137 87 285
138 87 283
139 87 283
140 87 283
127 94 286
126 94 284
125 94 284
124 94 284
124 95 282
123 95 282
122 95 281
122 96 281
121 96 280
120 96 279
119 96 279
119 97 279
118 97 277
117 97 276
116 97 276
115 97 275
115 98 273
114 98 271
114 99 273
114 100 278
93 101 266
94 101 251
95 101 240
96 101 231
97 101 225
98 101 221
99 101 219
100 101 219
101 101 220
102 101 223
103 101 227
104 101 231
105 101 237
106 101 242
107 101 248
108 101 254
109 101 260
110 101 266
111 101 271
112 101 277
113 101 283
91 115 278
92 115 275
92 114 271
92 113 268
92 112 266
92 111 264
92 110 263
92 109 262
92 108 262
92 107 263
92 106 265
92 105 268
92 104 271
92 103 275
92 102 279
90 116 285
90 117 285
90 118 285
90 118 473
90 119 285
90 119 473
90 120 285
90 120 473
90 121 285
90 121 473
90 122 285
90 122 473
90 123 284
90 123 473
90 124 284
90 124 473
90 125 283
90 126 283
90 127 282
90 128 282
89 129 265
88 129 252
87 129 245
87 130 239
86 130 235
86 131 228
86 132 223
86 133 218
86 134 214
86 135 211
86 136 208
86 137 207
86 138 206
86 139 206
86 140 207
86 141 209
86 142 210
86 143 213
86 144 215
86 145 218
86 146 220
86 147 222
86 148 224
86 149 226
86 150 227
86 151 228
86 152 228
86 153 227
86 154 226
86 155 225
86 156 223
86 157 220
86 158 218
86 159 215
86 160 212
86 161 209
86 162 207
86 163 204
86 164 202
86 165 201
86 166 200
86 167 199
86 168 199
86 169 200
86 170 201
86 171 203
87 171 216
88 171 234
89 171 256
92 100 288
92 99 292
92 98 297
92 97 301
92 96 304
92 95 306
92 94 307
92 93 308
92 92 307
92 91 305
92 90 301
92 89 296
92 88 290
92 87 283
92 86 275
92 85 266
92 84 257
92 83 248
92 82 239
92 81 231
92 80 223
92 79 217
91 79 212
91 78 206
90 78 202
90 77 197
90 76 194
89 76 190
89 75 189
88 75 186
87 75 186
87 74 184
86 74 185
86 73 185
85 73 186
85 72 188
84 72 189
83 72 192
83 71 193
82 71 195
81 71 198
81 70 199
80 70 200
79 70 202
79 69 202
78 69 202
77 69 203
77 68 202
76 68 201
76 67 200
75 67 197
74 67 195
74 66 193
73 66 189
72 66 188
71 66 188
70 66 190
69 66 194
68 66 201
67 66 211
66 66 224
65 66 241
64 66 260
169 74 236
170 74 223
171 74 211
172 74 201
173 74 194
173 73 202
173 72 211
173 71 221
173 70 230
173 69 239
173 68 248
173 67 255
173 66 261
173 65 266
173 64 269
173 63 271
173 62 271
173 61 269
173 60 266
173 59 261
173 58 255
173 57 249
173 56 241
173 55 234
173 54 226
173 53 220
173 52 214
173 51 209
173 50 207
174 50 206
174 49 204
175 49 203
175 48 202
176 48 201
176 47 201
177 47 199
178 47 199
178 46 198
179 46 197
179 45 198
180 45 196
181 45 195
181 44 194
182 44 192
183 44 192
183 43 189
184 43 187
185 43 186
185 42 183
186 42 180
186 41 178
187 41 174
188 41 172
188 40 168
189 40 165
189 39 163
190 39 159
191 39 157
191 38 155
192 38 153
192 37 152
193 37 151
193 36 151
194 36 151
194 35 153
195 35 155
195 34 158
196 34 162
196 33 168
197 33 174
197 32 182
198 32 191
198 31 200
198 30 214
198 29 231
198 28 251
198 27 274
