48 179 14
163 179 14
163 179 4
163 179 4
163 179 4
163 179 4
163 179 4
163 179 4
163 179 4
163 179 4
163 179 4
163 179 4
163 179 4
163 179 4
163 179 4
163 179 4
163 179 4
163 179 4
163 179 4
163 179 4
163 179 4
163 179 4
163 179 4
163 179 4
163 179 4
163 179 4
163 179 4
163 179 4
163 179 4
163 179 4
163 179 4
163 179 4
163 179 4
163 179 4
163 179 4
163 179 4
163 179 4
163 179 4
163 179 4
163 179 4
163 179 4
163 179 4
163 179 4
163 179 4
163 179 4
163 179 4
163 179 4
163 179 4
163 179 4
163 179 4
163 179 4
163 179 4
163 179 4
163 179 4
163 179 4
163 179 4
163 179 4
163 179 4
163 179 4
163 179 4
163 179 4
163 179 4
163 179 4
163 179 4
163 179 4
163 179 4
163 179 4
163 179 4
163 179 4
163 179 4
163 179 4
163 179 4
163 179 4
163 179 4
163 179 4
163 179 4
163 179 4
163 179 4
163 179 4
163 179 4
163 179 4
163 179 4
163 179 4
163 179 4
163 179 4
163 179 4
163 179 4
163 179 4
163 179 4
163 179 4
163 179 4
163 179 4
163 179 4
163 179 4
163 179 4
163 179 4
163 179 4
163 179 4
163 179 4
163 179 4
163 179 4
163 179 4
163 179 4
163 179 4
163 179 4
163 179 4
163 179 4
163 179 4
163 179 4
163 179 4
163 179 4
163 179 4
163 179 4
163 179 4
163 179 4
163 179 4
163 179 4
163 179 4
163 179 4
163 179 4
163 179 4
163 179 4
163 179 4
163 179 4
163 179 4
163 179 4
163 179 4
163 179 4
163 179 4
163 179 4
163 179 4
163 179 4
163 179 4
163 179 4
163 179 4
163 179 4
163 179 4
163 179 4
163 179 4
163 179 4
163 179 4
163 179 4
163 179 4
163 179 4
163 179 4
163 179 4
163 179 4
163 179 4
163 179 4
163 179 4
163 179 4
163 179 4
163 179 4
163 179 4
163 179 4
163 179 4
163 179 4
163 179 4
163 179 4
163 179 4
163 179 4
163 179 4
163 179 4
163 179 4
163 179 4
163 179 4
163 179 4
163 179 4
163 179 4
163 179 4
163 179 4
163 179 4
163 179 4
163 179 4
163 179 4
163 179 4
163 179 4
163 179 4
163 179 4
163 179 4
163 179 4
163 179 4
163 179 4
163 179 4
163 179 4
163 179 4
163 179 4
163 179 4
163 179 4
163 179 4
163 179 4
163 179 4
163 179 4
163 179 4
163 179 4
163 179 4
163 179 4
163 179 4
163 179 4
163 179 4
163 179 4
163 179 4
163 179 4
163 179 4
163 179 4
163 179 4
163 179 4
163 179 4
163 179 4
163 179 4
163 179 4
163 179 4
163 179 4
163 179 4
163 179 4
163 179 4
163 179 4
163 179 4
163 179 4
163 179 4
163 179 4
163 179 4
163 179 4
163 179 4
163 179 4
163 179 4
163 179 4
163 179 4
163 179 4
163 179 4
163 179 4
163 179 4
163 179 4
163 179 4
163 179 4
163 179 4
163 179 4
163 179 4
163 179 4
163 179 4
163 179 4
163 179 4
163 179 4
163 179 4
163 179 4
163 179 4
163 179 4
163 179 4
163 179 4
163 179 4
163 179 4
163 179 4
163 179 4
163 179 4
163 179 4
163 179 4
163 179 4
163 179 4
163 179 4
163 179 4
163 179 4
163 179 4
163 179 4
163 179 4
163 179 4
163 179 4
163 179 4
163 179 4
163 179 4
163 179 4
163 179 4
163 179 4
163 179 4
163 179 4
163 179 4
163 179 4
163 179 4
163 179 4
163 179 4
163 179 4
163 179 4
163 179 4
163 179 4
163 179 4
163 179 4
163 179 4
163 179 4
163 179 4
42 132 14
42 132 4
42 132 4
42 132 4
42 132 4
42 132 4
42 132 4
42 132 4
42 132 4
42 132 4
42 132 4
42 132 4
42 132 4
42 132 4
42 132 4
42 132 4
42 132 4
42 132 4
42 132 4
42 132 4
42 132 4
42 132 4
42 132 4
42 132 4
196 7 14
196 7 4
5 121 14
66 99 14
66 99 4
66 99 4
66 99 4
66 99 4
66 99 4
66 99 4
66 99 4
66 99 4
66 99 4
66 99 4
66 99 4
66 99 4
66 99 4
66 99 4
66 99 4
66 99 4
122 176 14
122 176 4
88 116 14
88 116 4
88 116 4
88 116 4
88 116 4
88 116 4
88 116 4
6 28 14
166 92 14
166 92 4
166 92 4
166 92 4
166 92 4
166 92 4
166 92 4
166 92 4
166 92 4
166 92 4
166 92 4
166 92 4
166 92 4
166 92 4
166 92 4
166 92 4
166 92 4
166 92 4
166 92 4
166 92 4
166 92 4
166 92 4
166 92 4
97 80 14
97 80 4
77 107 14
77 107 4
77 107 4
77 107 4
77 107 4
77 107 4
196 0 14
196 0 4
90 99 14
0 115 14
79 91 14
51 126 14
51 126 4
51 126 4
51 126 4
51 126 4
51 126 4
51 126 4
51 126 4
51 126 4
51 126 4
51 126 4
51 126 4
51 126 4
51 126 4
51 126 4
51 126 4
51 126 4
51 126 4
51 126 4
51 126 4
51 126 4
51 126 4
51 126 4
51 126 4
51 126 4
51 126 4
51 126 4
51 126 4
51 126 4
51 126 4
51 126 4
51 126 4
51 126 4
51 126 4
51 126 4
51 126 4
51 126 4
51 126 4
51 126 4
51 126 4
51 126 4
51 126 4
51 126 4
51 126 4
51 126 4
51 126 4
51 126 4
51 126 4
51 126 4
51 126 4
51 126 4
51 126 4
51 126 4
51 126 4
51 126 4
51 126 4
51 126 4
51 126 4
51 126 4
51 126 4
51 126 4
51 126 4
51 126 4
51 126 4
51 126 4
51 126 4
51 126 4
51 126 4
51 126 4
51 126 4
51 126 4
51 126 4
51 126 4
51 126 4
51 126 4
51 126 4
51 126 4
51 126 4
51 126 4
51 126 4
51 126 4
51 126 4
51 126 4
51 126 4
51 126 4
51 126 4
51 126 4
51 126 4
51 126 4
51 126 4
51 126 4
51 126 4
51 126 4
51 126 4
51 126 4
51 126 4
51 126 4
51 126 4
51 126 4
51 126 4
51 126 4
51 126 4
51 126 4
51 126 4
51 126 4
51 126 4
51 126 4
51 126 4
51 126 4
51 126 4
51 126 4
51 126 4
51 126 4
51 126 4
51 126 4
51 126 4
51 126 4
51 126 4
51 126 4
51 126 4
51 126 4
51 126 4
51 126 4
51 126 4
51 126 4
51 126 4
51 126 4
51 126 4
51 126 4
51 126 4
51 126 4
51 126 4
5 108 14
5 108 4
5 108 4
5 108 4
5 108 4
5 108 4
5 108 4
5 108 4
5 108 4
5 108 4
5 108 4
25 126 14
25 126 4
38 172 14
38 172 4
38 172 4
38 172 4
38 172 4
38 172 4
38 172 4
38 172 4
38 172 4
38 172 4
38 172 4
38 172 4
38 172 4
38 172 4
38 172 4
38 172 4
38 172 4
38 172 4
38 172 4
38 172 4
38 172 4
122 188 14
122 188 4
122 188 4
122 188 4
122 188 4
122 188 4
122 188 4
122 188 4
122 188 4
122 188 4
122 188 4
122 188 4
122 188 4
122 188 4
122 188 4
122 188 4
122 188 4
122 188 4
122 188 4
122 188 4
122 188 4
122 188 4
122 188 4
122 188 4
122 188 4
122 188 4
122 188 4
122 188 4
185 1 14
185 1 4
185 1 4
185 1 4
185 1 4
185 1 4
185 1 4
185 1 4
185 1 4
185 1 4
185 1 4
185 1 4
185 1 4
185 1 4
185 1 4
185 1 4
185 1 4
185 1 4
185 1 4
185 1 4
185 1 4
185 1 4
185 1 4
185 1 4
185 1 4
185 1 4
185 1 4
185 1 4
185 1 4
185 1 4
185 1 4
134 182 14
134 182 4
134 182 4
134 182 4
134 182 4
134 182 4
134 182 4
134 182 4
134 182 4
134 182 4
134 182 4
134 182 4
134 182 4
134 182 4
134 182 4
134 182 4
134 182 4
134 182 4
134 182 4
134 182 4
134 182 4
134 182 4
134 182 4
134 182 4
134 182 4
134 182 4
134 182 4
134 182 4
134 182 4
134 182 4
134 182 4
134 182 4
134 182 4
134 182 4
134 182 4
134 182 4
134 182 4
134 182 4
134 182 4
134 182 4
134 182 4
134 182 4
134 182 4
134 182 4
134 182 4
134 182 4
134 182 4
134 182 4
134 182 4
134 182 4
134 182 4
134 182 4
134 182 4
134 182 4
134 182 4
134 182 4
134 182 4
134 182 4
52 165 14
41 158 14
41 158 4
41 158 4
41 158 4
41 158 4
41 158 4
42 145 14
27 139 14
27 139 4
110 183 14
109 171 14
109 171 4
109 171 4
109 171 4
185 15 14
185 15 4
185 15 4
185 15 4
185 15 4
185 15 4
185 15 4
185 15 4
185 15 4
185 15 4
185 15 4
185 15 4
185 15 4
185 15 4
185 15 4
185 15 4
185 15 4
185 15 4
185 15 4
185 15 4
185 15 4
185 15 4
185 15 4
185 15 4
185 15 4
185 15 4
185 15 4
185 15 4
185 15 4
185 15 4
185 15 4
185 15 4
185 15 4
185 15 4
185 15 4
185 15 4
185 15 4
185 15 4
185 15 4
185 15 4
185 15 4
185 15 4
185 15 4
185 15 4
185 15 4
185 15 4
185 15 4
185 15 4
185 15 4
185 15 4
185 15 4
185 15 4
185 15 4
185 15 4
185 15 4
185 15 4
185 15 4
185 15 4
185 15 4
185 15 4
185 15 4
185 15 4
185 15 4
185 15 4
185 15 4
185 15 4
185 15 4
185 15 4
185 15 4
185 15 4
185 15 4
185 15 4
185 15 4
185 15 4
185 15 4
185 15 4
185 15 4
185 15 4
185 15 4
185 15 4
185 15 4
185 15 4
185 15 4
185 15 4
185 15 4
185 15 4
185 15 4
185 15 4
185 15 4
185 15 4
185 15 4
185 15 4
185 15 4
185 15 4
185 15 4
185 15 4
185 15 4
185 15 4
185 15 4
185 15 4
185 15 4
185 15 4
185 15 4
185 15 4
185 15 4
185 15 4
185 15 4
185 15 4
185 15 4
185 15 4
185 15 4
185 15 4
185 15 4
185 15 4
185 15 4
185 15 4
185 15 4
185 15 4
185 15 4
185 15 4
185 15 4
185 15 4
185 15 4
185 15 4
185 15 4
185 15 4
185 15 4
185 15 4
185 15 4
185 15 4
185 15 4
185 15 4
185 15 4
185 15 4
185 15 4
185 15 4
185 15 4
185 15 4
185 15 4
185 15 4
185 15 4
185 15 4
185 15 4
185 15 4
0 35 14
5 41 14
97 177 14
97 177 4
97 177 4
97 177 4
97 177 4
97 177 4
97 177 4
97 177 4
97 177 4
96 165 14
96 165 4
96 165 4
96 165 4
96 165 4
96 165 4
96 165 4
96 165 4
96 165 4
96 165 4
96 165 4
96 165 4
96 165 4
96 165 4
96 165 4
96 165 4
96 165 4
96 165 4
96 165 4
96 165 4
96 165 4
96 165 4
96 165 4
96 165 4
96 165 4
96 165 4
96 165 4
96 165 4
96 165 4
96 165 4
96 165 4
96 165 4
96 165 4
96 165 4
96 165 4
96 165 4
96 165 4
96 165 4
96 165 4
96 165 4
96 165 4
96 165 4
96 165 4
96 165 4
96 165 4
96 165 4
96 165 4
96 165 4
96 165 4
96 165 4
96 165 4
96 165 4
96 165 4
96 165 4
96 165 4
96 165 4
96 165 4
96 165 4
96 165 4
96 165 4
96 165 4
96 165 4
96 165 4
96 165 4
96 165 4
96 165 4
96 165 4
96 165 4
96 165 4
96 165 4
96 165 4
96 165 4
96 165 4
96 165 4
96 165 4
96 165 4
96 165 4
96 165 4
96 165 4
96 165 4
96 165 4
96 165 4
96 165 4
96 165 4
96 165 4
96 165 4
96 165 4
96 165 4
96 165 4
96 165 4
96 165 4
96 165 4
96 165 4
96 165 4
96 165 4
96 165 4
96 165 4
96 165 4
96 165 4
96 165 4
96 165 4
96 165 4
96 165 4
96 165 4
96 165 4
96 165 4
96 165 4
96 165 4
96 165 4
96 165 4
96 165 4
96 165 4
96 165 4
96 165 4
96 165 4
96 165 4
96 165 4
96 165 4
96 165 4
96 165 4
96 165 4
96 165 4
96 165 4
96 165 4
96 165 4
96 165 4
96 165 4
96 165 4
96 165 4
96 165 4
96 165 4
96 165 4
96 165 4
96 165 4
96 165 4
21 113 14
21 113 4
21 113 4
21 113 4
21 113 4
21 113 4
21 113 4
21 113 4
21 113 4
21 113 4
21 113 4
21 113 4
21 113 4
21 113 4
21 113 4
21 113 4
21 113 4
21 113 4
21 113 4
21 113 4
21 113 4
21 113 4
21 113 4
21 113 4
21 113 4
21 113 4
21 113 4
21 113 4
21 113 4
21 113 4
21 113 4
21 113 4
21 113 4
21 113 4
21 113 4
21 113 4
21 113 4
21 113 4
21 113 4
153 184 14
153 184 4
153 184 4
153 184 4
153 184 4
153 184 4
153 184 4
153 184 4
153 184 4
153 184 4
153 184 4
153 184 4
153 184 4
153 184 4
153 184 4
153 184 4
153 184 4
153 184 4
153 184 4
153 184 4
153 184 4
153 184 4
153 184 4
153 184 4
153 184 4
153 184 4
153 184 4
153 184 4
153 184 4
153 184 4
153 184 4
153 184 4
153 184 4
153 184 4
153 184 4
153 184 4
153 184 4
153 184 4
153 184 4
153 184 4
153 184 4
153 184 4
153 184 4
153 184 4
153 184 4
153 184 4
153 184 4
153 184 4
153 184 4
153 184 4
153 184 4
153 184 4
153 184 4
153 184 4
153 184 4
153 184 4
153 184 4
153 184 4
153 184 4
153 184 4
153 184 4
153 184 4
153 184 4
153 184 4
153 184 4
153 184 4
153 184 4
153 184 4
153 184 4
153 184 4
153 184 4
153 184 4
153 184 4
153 184 4
153 184 4
153 184 4
153 184 4
153 184 4
153 184 4
153 184 4
153 184 4
153 184 4
153 184 4
153 184 4
153 184 4
153 184 4
153 184 4
153 184 4
153 184 4
153 184 4
153 184 4
153 184 4
153 184 4
153 184 4
153 184 4
153 184 4
153 184 4
153 184 4
153 184 4
153 184 4
153 184 4
153 184 4
153 184 4
153 184 4
153 184 4
153 184 4
153 184 4
153 184 4
153 184 4
153 184 4
153 184 4
153 184 4
153 184 4
153 184 4
153 184 4
153 184 4
153 184 4
153 184 4
153 184 4
153 184 4
153 184 4
153 184 4
153 184 4
153 184 4
153 184 4
153 184 4
153 184 4
153 184 4
153 184 4
153 184 4
153 184 4
153 184 4
153 184 4
153 184 4
153 184 4
153 184 4
153 184 4
153 184 4
153 184 4
153 184 4
153 184 4
153 184 4
153 184 4
153 184 4
153 184 4
153 184 4
153 184 4
153 184 4
153 184 4
153 184 4
153 184 4
153 184 4
153 184 4
153 184 4
153 184 4
153 184 4
153 184 4
153 184 4
153 184 4
153 184 4
153 184 4
153 184 4
153 184 4
153 184 4
153 184 4
153 184 4
153 184 4
153 184 4
153 184 4
153 184 4
153 184 4
153 184 4
153 184 4
153 184 4
153 184 4
153 184 4
153 184 4
153 184 4
153 184 4
153 184 4
153 184 4
153 184 4
153 184 4
153 184 4
153 184 4
153 184 4
153 184 4
153 184 4
153 184 4
153 184 4
153 184 4
153 184 4
153 184 4
153 184 4
153 184 4
153 184 4
153 184 4
153 184 4
153 184 4
153 184 4
153 184 4
153 184 4
153 184 4
153 184 4
153 184 4
153 184 4
153 184 4
153 184 4
153 184 4
153 184 4
153 184 4
153 184 4
153 184 4
153 184 4
153 184 4
153 184 4
153 184 4
153 184 4
153 184 4
153 184 4
153 184 4
153 184 4
153 184 4
153 184 4
153 184 4
153 184 4
153 184 4
153 184 4
153 184 4
153 184 4
153 184 4
153 184 4
153 184 4
153 184 4
153 184 4
153 184 4
153 184 4
153 184 4
153 184 4
153 184 4
153 184 4
153 184 4
153 184 4
153 184 4
153 184 4
153 184 4
153 184 4
153 184 4
153 184 4
153 184 4
144 177 14
144 177 4
144 177 4
144 177 4
144 177 4
144 177 4
144 177 4
144 177 4
144 177 4
144 177 4
144 177 4
144 177 4
144 177 4
144 177 4
144 177 4
144 177 4
144 177 4
144 177 4
144 177 4
144 177 4
144 177 4
144 177 4
144 177 4
144 177 4
144 177 4
144 177 4
144 177 4
144 177 4
144 177 4
144 177 4
144 177 4
144 177 4
144 177 4
144 177 4
144 177 4
144 177 4
144 177 4
144 177 4
144 177 4
144 177 4
144 177 4
144 177 4
144 177 4
144 177 4
144 177 4
144 177 4
144 177 4
144 177 4
144 177 4
144 177 4
144 177 4
144 177 4
144 177 4
144 177 4
144 177 4
144 177 4
144 177 4
144 177 4
144 177 4
144 177 4
144 177 4
144 177 4
144 177 4
144 177 4
144 177 4
144 177 4
144 177 4
144 177 4
144 177 4
144 177 4
144 177 4
144 177 4
144 177 4
144 177 4
144 177 4
144 177 4
144 177 4
144 177 4
144 177 4
144 177 4
144 177 4
144 177 4
144 177 4
144 177 4
144 177 4
173 0 14
173 0 4
173 0 4
173 0 4
173 0 4
173 0 4
173 0 4
173 0 4
173 0 4
173 0 4
173 0 4
173 0 4
173 0 4
173 0 4
173 0 4
173 0 4
173 0 4
173 0 4
173 0 4
173 0 4
173 0 4
173 0 4
173 0 4
173 0 4
173 0 4
173 0 4
173 0 4
173 0 4
173 0 4
173 0 4
173 0 4
173 0 4
173 0 4
173 0 4
173 0 4
173 0 4
173 0 4
173 0 4
173 0 4
173 0 4
173 0 4
173 0 4
173 0 4
173 0 4
173 0 4
173 0 4
173 0 4
173 0 4
173 0 4
173 0 4
173 0 4
173 0 4
173 0 4
173 0 4
173 0 4
173 0 4
173 0 4
173 0 4
173 0 4
173 0 4
173 0 4
173 0 4
173 0 4
173 0 4
173 0 4
173 0 4
173 0 4
173 0 4
173 0 4
173 0 4
173 0 4
173 0 4
173 0 4
173 0 4
173 0 4
173 0 4
173 0 4
173 0 4
173 0 4
173 0 4
174 8 14
174 8 4
174 8 4
174 8 4
174 8 4
174 8 4
174 8 4
174 8 4
174 8 4
174 8 4
174 8 4
174 8 4
174 8 4
174 8 4
174 8 4
174 8 4
174 8 4
174 8 4
174 8 4
174 8 4
174 8 4
174 8 4
174 8 4
174 8 4
174 8 4
174 8 4
174 8 4
174 8 4
174 8 4
174 8 4
174 8 4
174 8 4
174 8 4
174 8 4
174 8 4
174 8 4
174 8 4
174 8 4
174 8 4
174 8 4
174 8 4
174 8 4
174 8 4
174 8 4
174 8 4
174 8 4
174 8 4
174 8 4
174 8 4
174 8 4
174 8 4
174 8 4
174 8 4
174 8 4
174 8 4
174 8 4
174 8 4
174 8 4
174 8 4
174 8 4
174 8 4
174 8 4
174 8 4
174 8 4
174 8 4
174 8 4
174 8 4
174 8 4
174 8 4
174 8 4
174 8 4
174 8 4
174 8 4
174 8 4
174 8 4
174 8 4
174 8 4
174 8 4
174 8 4
174 8 4
174 8 4
174 8 4
174 8 4
174 8 4
174 8 4
174 8 4
174 8 4
174 8 4
174 8 4
174 8 4
174 8 4
174 8 4
174 8 4
174 8 4
174 8 4
174 8 4
174 8 4
174 8 4
174 8 4
174 8 4
174 8 4
174 8 4
174 8 4
174 8 4
174 8 4
174 8 4
174 8 4
174 8 4
174 8 4
174 8 4
174 8 4
174 8 4
174 8 4
174 8 4
174 8 4
174 8 4
174 8 4
174 8 4
174 8 4
174 8 4
174 8 4
174 8 4
174 8 4
174 8 4
174 8 4
174 8 4
174 8 4
174 8 4
174 8 4
174 8 4
174 8 4
174 8 4
174 8 4
174 8 4
174 8 4
174 8 4
174 8 4
174 8 4
174 8 4
174 8 4
197 22 14
197 22 4
197 22 4
197 22 4
197 22 4
197 22 4
197 22 4
197 22 4
197 22 4
197 22 4
197 22 4
197 22 4
197 22 4
197 22 4
197 22 4
197 22 4
197 22 4
197 22 4
197 22 4
197 22 4
197 22 4
197 22 4
197 22 4
197 22 4
197 22 4
197 22 4
197 22 4
197 22 4
197 22 4
197 22 4
197 22 4
197 22 4
197 22 4
197 22 4
197 22 4
197 22 4
197 22 4
197 22 4
197 22 4
197 22 4
197 22 4
197 22 4
197 22 4
197 22 4
197 22 4
197 22 4
197 37 14
197 37 4
197 37 4
197 37 4
197 37 4
197 37 4
197 37 4
197 37 4
197 37 4
197 37 4
197 37 4
197 37 4
197 37 4
197 37 4
197 37 4
197 37 4
197 37 4
197 37 4
197 37 4
197 37 4
197 37 4
197 37 4
197 37 4
197 37 4
197 37 4
197 37 4
197 37 4
197 37 4
197 37 4
197 37 4
197 37 4
197 37 4
197 37 4
197 37 4
197 37 4
197 37 4
197 37 4
197 37 4
197 37 4
197 37 4
197 37 4
197 37 4
197 37 4
197 37 4
197 37 4
197 37 4
197 37 4
197 37 4
197 37 4
197 37 4
197 37 4
197 37 4
197 37 4
197 37 4
197 37 4
197 37 4
197 37 4
197 37 4
197 37 4
197 37 4
197 37 4
197 37 4
197 37 4
197 37 4
197 37 4
197 37 4
197 37 4
197 37 4
197 37 4
197 37 4
197 37 4
197 37 4
197 37 4
197 37 4
197 37 4
197 37 4
197 37 4
197 37 4
197 37 4
197 37 4
197 37 4
197 37 4
197 37 4
197 37 4
197 37 4
197 37 4
197 37 4
197 37 4
197 37 4
197 37 4
197 37 4
197 37 4
197 37 4
197 37 4
197 37 4
197 37 4
197 37 4
197 37 4
197 37 4
197 37 4
197 37 4
197 37 4
197 37 4
197 37 4
197 37 4
197 37 4
197 37 4
197 37 4
197 37 4
197 37 4
197 37 4
197 37 4
197 37 4
197 37 4
197 37 4
197 37 4
197 37 4
197 37 4
197 37 4
197 37 4
197 37 4
197 37 4
197 37 4
197 37 4
197 37 4
197 37 4
197 37 4
197 37 4
197 37 4
197 37 4
197 37 4
197 37 4
197 37 4
197 37 4
197 37 4
197 37 4
197 37 4
197 37 4
197 37 4
197 37 4
197 37 4
197 37 4
197 37 4
197 37 4
197 37 4
197 37 4
197 37 4
133 170 14
133 170 4
133 170 4
133 170 4
133 170 4
133 170 4
133 170 4
133 170 4
133 170 4
133 170 4
133 170 4
133 170 4
133 170 4
133 170 4
133 170 4
133 170 4
133 170 4
133 170 4
133 170 4
18 34 14
18 34 4
163 2 14
163 2 4
163 2 4
163 2 4
163 2 4
163 2 4
163 2 4
163 2 4
163 2 4
163 2 4
152 0 14
153 9 14
143 165 14
143 165 4
143 165 4
143 165 4
143 165 4
143 165 4
143 165 4
143 165 4
143 165 4
143 165 4
143 165 4
143 165 4
143 165 4
143 165 4
143 165 4
143 165 4
143 165 4
143 165 4
143 165 4
143 165 4
143 165 4
143 165 4
143 165 4
143 165 4
143 165 4
143 165 4
143 165 4
143 165 4
143 165 4
143 165 4
143 165 4
143 165 4
143 165 4
143 165 4
143 165 4
143 165 4
143 165 4
143 165 4
143 165 4
143 165 4
143 165 4
143 165 4
143 165 4
143 165 4
143 165 4
143 165 4
143 165 4
143 165 4
143 165 4
143 165 4
143 165 4
143 165 4
143 165 4
143 165 4
143 165 4
143 165 4
143 165 4
143 165 4
143 165 4
143 165 4
143 165 4
143 165 4
143 165 4
143 165 4
143 165 4
143 165 4
143 165 4
143 165 4
143 165 4
143 165 4
143 165 4
143 165 4
143 165 4
143 165 4
143 165 4
143 165 4
143 165 4
143 165 4
143 165 4
143 165 4
143 165 4
143 165 4
142 3 14
142 3 4
142 3 4
143 16 14
143 16 4
143 16 4
143 16 4
132 9 14
132 9 4
132 9 4
132 9 4
132 9 4
132 9 4
132 9 4
132 9 4
132 9 4
132 9 4
132 9 4
132 9 4
132 9 4
132 9 4
132 9 4
132 9 4
132 9 4
132 9 4
132 9 4
132 9 4
132 9 4
132 9 4
132 9 4
132 9 4
132 9 4
132 9 4
132 9 4
132 9 4
132 9 4
132 9 4
132 9 4
132 9 4
132 9 4
132 9 4
132 9 4
132 9 4
132 9 4
132 9 4
132 9 4
132 9 4
132 9 4
132 9 4
132 9 4
132 9 4
132 9 4
132 9 4
132 9 4
132 9 4
132 9 4
132 9 4
132 9 4
132 9 4
132 9 4
132 9 4
132 9 4
132 9 4
132 9 4
132 9 4
132 9 4
132 9 4
132 9 4
132 9 4
132 9 4
132 9 4
132 9 4
132 9 4
132 9 4
132 9 4
132 9 4
132 9 4
132 9 4
132 9 4
132 9 4
132 9 4
132 9 4
132 9 4
132 9 4
132 9 4
132 9 4
132 9 4
132 9 4
132 9 4
132 9 4
132 9 4
132 9 4
106 91 14
102 107 14
120 164 14
120 164 4
120 164 4
27 152 14
27 152 4
27 152 4
27 152 4
27 152 4
27 152 4
27 152 4
27 152 4
27 152 4
27 152 4
27 152 4
27 152 4
27 152 4
27 152 4
27 152 4
27 152 4
27 152 4
27 152 4
27 152 4
27 152 4
27 152 4
27 152 4
27 152 4
27 152 4
27 152 4
27 152 4
27 152 4
27 152 4
27 152 4
27 152 4
27 152 4
27 152 4
27 152 4
27 152 4
27 152 4
27 152 4
27 152 4
27 152 4
27 152 4
27 152 4
27 152 4
27 152 4
131 159 14
131 159 4
131 159 4
131 159 4
131 159 4
131 159 4
131 159 4
131 159 4
131 159 4
131 159 4
131 159 4
131 159 4
131 159 4
131 159 4
131 159 4
131 159 4
131 159 4
62 172 14
101 123 14
101 123 4
101 123 4
101 123 4
101 123 4
101 123 4
101 123 4
101 123 4
101 123 4
101 123 4
101 123 4
101 123 4
101 123 4
101 123 4
101 123 4
101 123 4
101 123 4
101 123 4
101 123 4
101 123 4
101 123 4
101 123 4
101 123 4
101 123 4
101 123 4
101 123 4
101 123 4
101 123 4
101 123 4
101 123 4
101 123 4
101 123 4
101 123 4
101 123 4
101 123 4
101 123 4
101 123 4
101 123 4
101 123 4
101 123 4
101 123 4
101 123 4
101 123 4
101 123 4
101 123 4
101 123 4
101 123 4
101 123 4
101 123 4
101 123 4
101 123 4
101 123 4
101 123 4
101 123 4
101 123 4
101 123 4
101 123 4
101 123 4
101 123 4
101 123 4
101 123 4
101 123 4
101 123 4
101 123 4
101 123 4
101 123 4
101 123 4
101 123 4
101 123 4
101 123 4
101 123 4
101 123 4
101 123 4
101 123 4
101 123 4
101 123 4
101 123 4
101 123 4
101 123 4
101 123 4
101 123 4
101 123 4
101 123 4
101 123 4
101 123 4
101 123 4
101 123 4
101 123 4
101 123 4
101 123 4
101 123 4
101 123 4
101 123 4
101 123 4
101 123 4
101 123 4
101 123 4
101 123 4
101 123 4
101 123 4
101 123 4
101 123 4
101 123 4
101 123 4
101 123 4
101 123 4
101 123 4
101 123 4
101 123 4
59 186 14
59 186 4
72 179 14
72 179 4
72 179 4
72 179 4
84 184 14
84 184 4
84 184 4
84 184 4
84 184 4
84 184 4
84 184 4
84 184 4
84 184 4
84 184 4
84 184 4
84 184 4
134 22 14
134 22 4
134 22 4
134 22 4
134 22 4
134 22 4
134 22 4
134 22 4
134 22 4
134 22 4
134 22 4
134 22 4
134 22 4
134 22 4
134 22 4
134 22 4
134 22 4
134 22 4
134 22 4
134 22 4
134 22 4
134 22 4
134 22 4
134 22 4
134 22 4
134 22 4
134 22 4
134 22 4
134 22 4
134 22 4
134 22 4
134 22 4
134 22 4
134 22 4
134 22 4
134 22 4
134 22 4
134 22 4
134 22 4
134 22 4
134 22 4
134 22 4
134 22 4
134 22 4
134 22 4
134 22 4
134 22 4
134 22 4
134 22 4
134 22 4
134 22 4
134 22 4
134 22 4
134 22 4
134 22 4
134 22 4
134 22 4
134 22 4
134 22 4
134 22 4
134 22 4
134 22 4
134 22 4
134 22 4
134 22 4
134 22 4
145 29 14
145 29 4
145 29 4
145 29 4
145 29 4
145 29 4
145 29 4
145 29 4
145 29 4
145 29 4
145 29 4
145 29 4
145 29 4
145 29 4
145 29 4
145 29 4
145 29 4
145 29 4
145 29 4
145 29 4
145 29 4
145 29 4
145 29 4
145 29 4
145 29 4
145 29 4
145 29 4
145 29 4
145 29 4
145 29 4
145 29 4
145 29 4
145 29 4
145 29 4
145 29 4
145 29 4
145 29 4
145 29 4
145 29 4
145 29 4
145 29 4
145 29 4
145 29 4
145 29 4
145 29 4
145 29 4
145 29 4
145 29 4
145 29 4
145 29 4
145 29 4
145 29 4
145 29 4
145 29 4
145 29 4
145 29 4
145 29 4
145 29 4
145 29 4
145 29 4
145 29 4
145 29 4
145 29 4
145 29 4
145 29 4
145 29 4
145 29 4
145 29 4
145 29 4
145 29 4
145 29 4
145 29 4
145 29 4
145 29 4
145 29 4
145 29 4
145 29 4
145 29 4
145 29 4
17 47 14
17 47 4
136 34 14
136 34 4
136 34 4
136 34 4
136 34 4
136 34 4
136 34 4
136 34 4
136 34 4
136 34 4
136 34 4
136 34 4
136 34 4
136 34 4
136 34 4
136 34 4
136 34 4
136 34 4
136 34 4
136 34 4
136 34 4
136 34 4
136 34 4
136 34 4
136 34 4
136 34 4
136 34 4
136 34 4
136 34 4
136 34 4
136 34 4
136 34 4
136 34 4
136 34 4
136 34 4
136 34 4
136 34 4
136 34 4
136 34 4
136 34 4
136 34 4
136 34 4
136 34 4
136 34 4
136 34 4
136 34 4
136 34 4
136 34 4
136 34 4
136 34 4
136 34 4
136 34 4
136 34 4
136 34 4
136 34 4
136 34 4
136 34 4
136 34 4
136 34 4
136 34 4
136 34 4
136 34 4
136 34 4
136 34 4
136 34 4
136 34 4
136 34 4
136 34 4
136 34 4
136 34 4
136 34 4
136 34 4
136 34 4
136 34 4
136 34 4
136 34 4
136 34 4
136 34 4
136 34 4
136 34 4
136 34 4
136 34 4
136 34 4
136 34 4
136 34 4
136 34 4
136 34 4
136 34 4
136 34 4
136 34 4
136 34 4
136 34 4
136 34 4
136 34 4
136 34 4
136 34 4
136 34 4
136 34 4
136 34 4
136 34 4
136 34 4
136 34 4
136 34 4
136 34 4
136 34 4
136 34 4
136 34 4
136 34 4
136 34 4
136 34 4
136 34 4
136 34 4
136 34 4
136 34 4
136 34 4
136 34 4
136 34 4
136 34 4
136 34 4
136 34 4
136 34 4
136 34 4
136 34 4
136 34 4
136 34 4
136 34 4
136 34 4
136 34 4
136 34 4
136 34 4
136 34 4
136 34 4
136 34 4
136 34 4
136 34 4
136 34 4
136 34 4
136 34 4
136 34 4
136 34 4
136 34 4
136 34 4
136 34 4
136 34 4
136 34 4
136 34 4
136 34 4
136 34 4
136 34 4
136 34 4
136 34 4
136 34 4
136 34 4
136 34 4
154 23 14
154 23 4
154 23 4
154 23 4
154 23 4
154 23 4
154 23 4
154 23 4
154 23 4
154 23 4
154 23 4
154 23 4
154 23 4
154 23 4
154 23 4
154 23 4
154 23 4
154 23 4
154 23 4
154 23 4
154 23 4
154 23 4
154 23 4
154 23 4
154 23 4
154 23 4
155 97 14
155 97 4
155 97 4
155 97 4
155 97 4
155 97 4
155 97 4
165 105 14
165 105 4
165 105 4
165 105 4
165 105 4
165 105 4
165 105 4
165 105 4
165 105 4
165 105 4
165 105 4
165 105 4
165 105 4
165 105 4
165 105 4
165 105 4
165 105 4
165 105 4
165 105 4
165 105 4
165 105 4
165 105 4
165 105 4
165 105 4
165 105 4
165 105 4
165 105 4
165 105 4
165 105 4
165 105 4
165 105 4
165 105 4
165 105 4
165 105 4
165 105 4
165 105 4
165 105 4
165 105 4
165 105 4
165 105 4
165 105 4
165 105 4
165 105 4
165 105 4
165 105 4
165 105 4
165 105 4
165 105 4
165 105 4
165 105 4
165 105 4
165 105 4
165 105 4
165 105 4
165 105 4
165 105 4
165 105 4
165 105 4
165 105 4
165 105 4
165 105 4
165 105 4
165 105 4
165 105 4
165 105 4
165 105 4
165 105 4
165 105 4
165 105 4
165 105 4
165 105 4
165 105 4
165 105 4
165 105 4
165 105 4
165 105 4
165 105 4
165 105 4
165 105 4
165 105 4
165 105 4
165 105 4
165 105 4
165 105 4
165 105 4
165 105 4
165 105 4
165 105 4
165 105 4
165 105 4
165 105 4
165 105 4
165 105 4
165 105 4
165 105 4
165 105 4
165 105 4
165 105 4
165 105 4
165 105 4
165 105 4
165 105 4
165 105 4
165 105 4
165 105 4
165 105 4
165 105 4
165 105 4
165 105 4
165 105 4
165 105 4
165 105 4
165 105 4
165 105 4
165 105 4
165 105 4
165 105 4
165 105 4
165 105 4
165 105 4
165 105 4
165 105 4
165 105 4
165 105 4
165 105 4
165 105 4
165 105 4
165 105 4
165 105 4
165 105 4
165 105 4
165 105 4
165 105 4
165 105 4
165 105 4
165 105 4
165 105 4
165 105 4
165 105 4
165 105 4
157 82 14
157 82 4
157 82 4
157 82 4
157 82 4
157 82 4
157 82 4
157 82 4
157 82 4
157 82 4
157 82 4
157 82 4
157 82 4
157 82 4
157 82 4
157 82 4
157 82 4
164 16 14
164 16 4
164 16 4
164 16 4
164 16 4
164 16 4
164 16 4
164 16 4
164 16 4
164 16 4
164 16 4
164 16 4
164 16 4
164 16 4
164 16 4
164 16 4
164 16 4
164 16 4
164 16 4
164 16 4
164 16 4
164 16 4
164 16 4
164 16 4
164 16 4
164 16 4
164 16 4
164 16 4
164 16 4
164 16 4
164 16 4
164 16 4
164 16 4
164 16 4
164 16 4
164 16 4
164 16 4
164 16 4
164 16 4
164 16 4
164 16 4
164 16 4
164 16 4
164 16 4
164 16 4
164 16 4
164 16 4
164 16 4
164 16 4
164 16 4
164 16 4
164 16 4
164 16 4
164 16 4
164 16 4
164 16 4
164 16 4
164 16 4
164 16 4
164 16 4
164 16 4
164 16 4
164 16 4
164 16 4
164 16 4
164 16 4
164 16 4
164 16 4
164 16 4
164 16 4
164 16 4
164 16 4
164 16 4
164 16 4
164 16 4
164 16 4
164 16 4
164 16 4
164 16 4
164 16 4
164 16 4
164 16 4
164 16 4
164 16 4
164 16 4
164 16 4
164 16 4
164 16 4
164 16 4
164 16 4
164 16 4
164 16 4
164 16 4
164 16 4
164 16 4
164 16 4
164 16 4
164 16 4
164 16 4
164 16 4
164 16 4
164 16 4
164 16 4
164 16 4
164 16 4
164 16 4
164 16 4
164 16 4
164 16 4
164 16 4
164 16 4
164 16 4
164 16 4
164 16 4
164 16 4
164 16 4
164 16 4
164 16 4
164 16 4
145 87 14
130 0 14
130 0 4
130 0 4
130 0 4
130 0 4
130 0 4
130 0 4
130 0 4
130 0 4
130 0 4
130 0 4
130 0 4
130 0 4
130 0 4
130 0 4
130 0 4
130 0 4
130 0 4
130 0 4
130 0 4
130 0 4
130 0 4
130 0 4
130 0 4
130 0 4
130 0 4
130 0 4
130 0 4
130 0 4
130 0 4
130 0 4
130 0 4
130 0 4
130 0 4
130 0 4
130 0 4
130 0 4
130 0 4
130 0 4
130 0 4
130 0 4
130 0 4
130 0 4
130 0 4
130 0 4
130 0 4
130 0 4
130 0 4
130 0 4
130 0 4
130 0 4
130 0 4
130 0 4
130 0 4
130 0 4
130 0 4
130 0 4
130 0 4
130 0 4
130 0 4
130 0 4
130 0 4
130 0 4
130 0 4
130 0 4
130 0 4
130 0 4
130 0 4
130 0 4
130 0 4
130 0 4
130 0 4
130 0 4
130 0 4
130 0 4
130 0 4
130 0 4
130 0 4
130 0 4
130 0 4
130 0 4
130 0 4
130 0 4
130 0 4
130 0 4
130 0 4
130 0 4
130 0 4
130 0 4
130 0 4
130 0 4
130 0 4
130 0 4
130 0 4
130 0 4
130 0 4
130 0 4
130 0 4
130 0 4
130 0 4
130 0 4
130 0 4
130 0 4
130 0 4
130 0 4
130 0 4
130 0 4
130 0 4
130 0 4
130 0 4
130 0 4
130 0 4
130 0 4
130 0 4
130 0 4
130 0 4
130 0 4
130 0 4
130 0 4
130 0 4
130 0 4
130 0 4
130 0 4
130 0 4
130 0 4
130 0 4
130 0 4
130 0 4
130 0 4
130 0 4
130 0 4
130 0 4
130 0 4
130 0 4
130 0 4
130 0 4
130 0 4
130 0 4
130 0 4
130 0 4
130 0 4
130 0 4
130 0 4
130 0 4
130 0 4
130 0 4
130 0 4
130 0 4
130 0 4
130 0 4
130 0 4
130 0 4
130 0 4
130 0 4
130 0 4
130 0 4
130 0 4
130 0 4
130 0 4
130 0 4
130 0 4
130 0 4
130 0 4
130 0 4
130 0 4
130 0 4
130 0 4
130 0 4
130 0 4
130 0 4
130 0 4
130 0 4
130 0 4
130 0 4
130 0 4
130 0 4
130 0 4
130 0 4
130 0 4
156 37 14
156 37 4
156 37 4
156 37 4
156 37 4
156 37 4
156 37 4
156 37 4
156 37 4
156 37 4
156 37 4
156 37 4
156 37 4
156 37 4
156 37 4
156 37 4
156 37 4
156 37 4
156 37 4
156 37 4
156 37 4
156 37 4
156 37 4
156 37 4
156 37 4
156 37 4
156 37 4
156 37 4
156 37 4
156 37 4
156 37 4
156 37 4
156 37 4
156 37 4
156 37 4
156 37 4
156 37 4
156 37 4
156 37 4
156 37 4
156 37 4
156 37 4
156 37 4
156 37 4
156 37 4
156 37 4
156 37 4
156 37 4
156 37 4
156 37 4
156 37 4
156 37 4
156 37 4
156 37 4
156 37 4
156 37 4
156 37 4
156 37 4
156 37 4
156 37 4
156 37 4
156 37 4
156 37 4
156 37 4
156 37 4
156 37 4
156 37 4
156 37 4
156 37 4
156 37 4
156 37 4
156 37 4
156 37 4
156 37 4
156 37 4
156 37 4
156 37 4
156 37 4
156 37 4
156 37 4
156 37 4
156 37 4
156 37 4
156 37 4
156 37 4
156 37 4
156 37 4
156 37 4
156 37 4
156 37 4
156 37 4
156 37 4
156 37 4
156 37 4
156 37 4
156 37 4
156 37 4
156 37 4
156 37 4
156 37 4
156 37 4
156 37 4
156 37 4
156 37 4
156 37 4
156 37 4
156 37 4
156 37 4
156 37 4
156 37 4
156 37 4
156 37 4
156 37 4
156 37 4
156 37 4
156 37 4
156 37 4
156 37 4
156 37 4
156 37 4
156 37 4
156 37 4
156 37 4
156 37 4
156 37 4
156 37 4
156 37 4
156 37 4
156 37 4
156 37 4
156 37 4
156 37 4
156 37 4
156 37 4
156 37 4
156 37 4
156 37 4
156 37 4
156 37 4
156 37 4
156 37 4
156 37 4
156 37 4
156 37 4
156 37 4
156 37 4
156 37 4
156 37 4
156 37 4
156 37 4
156 37 4
156 37 4
156 37 4
156 37 4
156 37 4
156 37 4
156 37 4
156 37 4
156 37 4
156 37 4
156 37 4
156 37 4
156 37 4
156 37 4
156 37 4
156 37 4
156 37 4
156 37 4
156 37 4
156 37 4
156 37 4
156 37 4
156 37 4
156 37 4
156 37 4
156 37 4
156 37 4
156 37 4
156 37 4
156 37 4
156 37 4
156 37 4
156 37 4
156 37 4
156 37 4
156 37 4
156 37 4
156 37 4
156 37 4
156 37 4
156 37 4
156 37 4
156 37 4
156 37 4
156 37 4
156 37 4
156 37 4
156 37 4
156 37 4
156 37 4
156 37 4
156 37 4
156 37 4
156 37 4
156 37 4
132 9 4
132 9 4
132 9 4
132 9 4
132 9 4
132 9 4
132 9 4
132 9 4
132 9 4
132 9 4
132 9 4
132 9 4
132 9 4
132 9 4
132 9 4
132 9 4
132 9 4
132 9 4
132 9 4
132 9 4
132 9 4
132 9 4
132 9 4
132 9 4
132 9 4
132 9 4
132 9 4
132 9 4
132 9 4
132 9 4
132 9 4
132 9 4
132 9 4
132 9 4
132 9 4
132 9 4
132 9 4
132 9 4
132 9 4
132 9 4
132 9 4
132 9 4
132 9 4
132 9 4
132 9 4
132 9 4
132 9 4
132 9 4
132 9 4
132 9 4
132 9 4
132 9 4
132 9 4
132 9 4
132 9 4
132 9 4
132 9 4
132 9 4
132 9 4
132 9 4
132 9 4
132 9 4
132 9 4
132 9 4
132 9 4
132 9 4
132 9 4
132 9 4
132 9 4
132 9 4
132 9 4
132 9 4
132 9 4
132 9 4
132 9 4
132 9 4
132 9 4
132 9 4
132 9 4
0 21 14
0 21 4
0 21 4
0 21 4
0 21 4
0 21 4
124 27 14
124 27 4
124 27 4
124 27 4
124 27 4
124 27 4
124 27 4
124 27 4
124 27 4
124 27 4
124 27 4
124 27 4
124 27 4
124 27 4
124 27 4
124 27 4
124 27 4
124 27 4
124 27 4
124 27 4
124 27 4
124 27 4
124 27 4
124 27 4
124 27 4
124 27 4
124 27 4
124 27 4
124 27 4
124 27 4
124 27 4
124 27 4
124 27 4
124 27 4
124 27 4
124 27 4
124 27 4
124 27 4
124 27 4
124 27 4
124 27 4
124 27 4
124 27 4
124 27 4
124 27 4
124 27 4
124 27 4
124 27 4
124 27 4
124 27 4
124 27 4
124 27 4
124 27 4
124 27 4
124 27 4
124 27 4
124 27 4
124 27 4
124 27 4
124 27 4
124 27 4
124 27 4
124 27 4
124 27 4
124 27 4
124 27 4
124 27 4
124 27 4
124 27 4
124 27 4
124 27 4
124 27 4
124 27 4
124 27 4
124 27 4
124 27 4
124 27 4
124 27 4
124 27 4
124 27 4
124 27 4
124 27 4
124 27 4
124 27 4
124 27 4
124 27 4
124 27 4
124 27 4
124 27 4
124 27 4
124 27 4
124 27 4
124 27 4
124 27 4
124 27 4
124 27 4
124 27 4
124 27 4
124 27 4
124 27 4
124 27 4
124 27 4
124 27 4
124 27 4
124 27 4
124 27 4
124 27 4
124 27 4
124 27 4
124 27 4
124 27 4
124 27 4
124 27 4
124 27 4
124 27 4
124 27 4
124 27 4
124 27 4
124 27 4
124 27 4
124 27 4
124 27 4
124 27 4
124 27 4
124 27 4
124 27 4
124 27 4
124 27 4
124 27 4
124 27 4
124 27 4
124 27 4
124 27 4
124 27 4
124 27 4
124 27 4
124 27 4
124 27 4
124 27 4
124 27 4
124 27 4
124 27 4
124 27 4
124 27 4
124 27 4
124 27 4
124 27 4
124 27 4
124 27 4
124 27 4
124 27 4
124 27 4
124 27 4
124 27 4
124 27 4
124 27 4
124 27 4
124 27 4
124 27 4
124 27 4
124 27 4
124 27 4
124 27 4
124 27 4
124 27 4
124 27 4
124 27 4
124 27 4
124 27 4
124 27 4
124 27 4
124 27 4
124 27 4
124 27 4
124 27 4
124 27 4
124 27 4
124 27 4
124 27 4
124 27 4
124 27 4
124 27 4
124 27 4
124 27 4
124 27 4
124 27 4
124 27 4
124 27 4
124 27 4
124 27 4
124 27 4
124 27 4
124 27 4
124 27 4
124 27 4
31 39 14
31 39 4
31 39 4
31 39 4
31 39 4
31 39 4
31 39 4
31 39 4
31 39 4
31 39 4
31 39 4
31 39 4
31 39 4
31 39 4
31 39 4
31 39 4
31 39 4
31 39 4
31 39 4
31 39 4
31 39 4
31 39 4
31 39 4
31 39 4
31 39 4
31 39 4
186 30 14
186 30 4
186 30 4
186 30 4
186 30 4
186 30 4
186 30 4
186 30 4
186 30 4
186 30 4
186 30 4
186 30 4
186 30 4
186 30 4
186 30 4
186 30 4
186 30 4
186 30 4
186 30 4
186 30 4
186 30 4
186 30 4
186 30 4
186 30 4
186 30 4
186 30 4
186 30 4
186 30 4
186 30 4
186 30 4
186 30 4
186 30 4
186 30 4
186 30 4
186 30 4
186 30 4
186 30 4
186 30 4
186 30 4
186 30 4
186 30 4
186 30 4
186 30 4
186 30 4
186 30 4
186 30 4
186 30 4
186 30 4
186 30 4
186 30 4
186 30 4
186 30 4
186 30 4
186 30 4
186 30 4
186 30 4
186 30 4
186 30 4
186 30 4
186 30 4
186 30 4
186 30 4
186 30 4
186 30 4
186 30 4
186 30 4
186 30 4
186 30 4
186 30 4
186 30 4
186 30 4
186 30 4
186 30 4
186 30 4
186 30 4
186 30 4
186 30 4
186 30 4
186 30 4
186 30 4
186 30 4
186 30 4
186 30 4
186 30 4
186 30 4
186 30 4
186 30 4
186 30 4
186 30 4
186 30 4
186 30 4
186 30 4
186 30 4
186 30 4
186 30 4
186 30 4
186 30 4
186 30 4
186 30 4
186 30 4
186 30 4
186 30 4
186 30 4
186 30 4
186 30 4
186 30 4
186 30 4
186 30 4
186 30 4
186 30 4
186 30 4
186 30 4
186 30 4
186 30 4
186 30 4
186 30 4
186 30 4
186 30 4
186 30 4
186 30 4
186 30 4
186 30 4
186 30 4
186 30 4
186 30 4
186 30 4
186 30 4
186 30 4
186 30 4
186 30 4
186 30 4
186 30 4
186 30 4
186 30 4
186 30 4
186 30 4
186 30 4
186 30 4
186 30 4
186 30 4
186 30 4
186 30 4
186 30 4
186 30 4
186 30 4
186 30 4
186 30 4
186 30 4
186 30 4
186 30 4
186 30 4
186 30 4
186 30 4
186 30 4
186 30 4
186 30 4
186 30 4
186 30 4
186 30 4
186 30 4
186 30 4
186 30 4
186 30 4
186 30 4
186 30 4
186 30 4
186 30 4
186 30 4
186 30 4
186 30 4
186 30 4
186 30 4
186 30 4
186 30 4
186 30 4
186 30 4
186 30 4
186 30 4
186 30 4
186 30 4
186 30 4
186 30 4
186 30 4
186 30 4
186 30 4
186 30 4
186 30 4
186 30 4
186 30 4
186 30 4
186 30 4
186 30 4
186 30 4
186 30 4
186 30 4
186 30 4
186 30 4
186 30 4
186 30 4
186 30 4
186 30 4
186 30 4
186 30 4
186 30 4
186 30 4
186 30 4
186 30 4
186 30 4
186 30 4
186 30 4
186 30 4
186 30 4
186 30 4
186 30 4
186 30 4
186 30 4
186 30 4
186 30 4
186 30 4
164 16 4
164 16 4
164 16 4
164 16 4
164 16 4
164 16 4
164 16 4
164 16 4
164 16 4
164 16 4
164 16 4
164 16 4
164 16 4
164 16 4
164 16 4
164 16 4
164 16 4
164 16 4
164 16 4
164 16 4
164 16 4
164 16 4
164 16 4
164 16 4
164 16 4
164 16 4
164 16 4
164 16 4
164 16 4
164 16 4
164 16 4
164 16 4
164 16 4
30 52 14
30 52 4
30 52 4
7 14 14
7 14 4
7 14 4
7 14 4
7 14 4
7 14 4
7 14 4
7 14 4
7 14 4
7 14 4
7 14 4
7 14 4
7 14 4
7 14 4
7 14 4
7 14 4
7 14 4
7 14 4
7 14 4
7 14 4
7 14 4
7 14 4
7 14 4
7 14 4
7 14 4
7 14 4
7 14 4
7 14 4
7 14 4
7 14 4
7 14 4
7 14 4
7 14 4
7 14 4
7 14 4
7 14 4
7 14 4
7 14 4
7 14 4
7 14 4
7 14 4
7 14 4
0 8 14
0 8 4
0 8 4
0 8 4
0 8 4
0 8 4
0 8 4
0 8 4
0 8 4
0 8 4
0 8 4
0 8 4
0 8 4
0 8 4
0 8 4
0 8 4
0 8 4
0 8 4
0 8 4
0 8 4
0 8 4
0 8 4
0 8 4
0 8 4
0 8 4
0 8 4
0 8 4
0 8 4
0 8 4
0 8 4
0 8 4
0 8 4
0 8 4
0 8 4
0 8 4
0 8 4
0 8 4
0 8 4
0 8 4
0 8 4
0 8 4
0 8 4
0 8 4
0 8 4
0 8 4
0 8 4
0 8 4
0 8 4
0 8 4
0 8 4
0 8 4
0 8 4
0 8 4
0 8 4
0 8 4
0 8 4
0 8 4
0 8 4
0 8 4
0 8 4
0 8 4
0 8 4
0 8 4
0 8 4
0 8 4
0 8 4
0 8 4
0 8 4
0 8 4
0 8 4
0 8 4
0 8 4
0 8 4
0 8 4
0 8 4
0 8 4
0 8 4
0 8 4
0 8 4
0 8 4
0 8 4
0 8 4
0 8 4
0 8 4
0 8 4
0 8 4
0 8 4
0 8 4
0 8 4
0 8 4
0 8 4
0 8 4
0 8 4
0 8 4
0 8 4
0 8 4
0 8 4
0 8 4
0 8 4
0 8 4
0 8 4
0 8 4
0 8 4
0 8 4
0 8 4
0 8 4
0 8 4
0 8 4
0 8 4
0 8 4
0 8 4
0 8 4
0 8 4
0 8 4
0 8 4
0 8 4
0 8 4
0 8 4
0 8 4
0 8 4
0 48 14
0 48 4
4 54 14
4 54 4
4 54 4
4 54 4
4 54 4
4 54 4
4 54 4
4 54 4
4 54 4
19 21 14
19 21 4
19 21 4
19 21 4
19 21 4
19 21 4
19 21 4
19 21 4
19 21 4
19 21 4
19 21 4
19 21 4
19 21 4
19 21 4
19 21 4
19 21 4
19 21 4
19 21 4
19 21 4
19 21 4
19 21 4
19 21 4
19 21 4
19 21 4
19 21 4
19 21 4
19 21 4
19 21 4
19 21 4
19 21 4
19 21 4
19 21 4
19 21 4
19 21 4
19 21 4
19 21 4
19 21 4
19 21 4
19 21 4
19 21 4
19 21 4
19 21 4
19 21 4
19 21 4
19 21 4
19 21 4
19 21 4
19 21 4
19 21 4
19 21 4
19 21 4
19 21 4
19 21 4
19 21 4
19 21 4
19 21 4
19 21 4
19 21 4
19 21 4
19 21 4
19 21 4
19 21 4
19 21 4
19 21 4
19 21 4
19 21 4
19 21 4
19 21 4
19 21 4
19 21 4
19 21 4
19 21 4
19 21 4
19 21 4
19 21 4
19 21 4
19 21 4
19 21 4
19 21 4
19 21 4
19 21 4
19 21 4
19 21 4
19 21 4
19 21 4
19 21 4
19 21 4
174 8 4
16 60 14
16 60 4
16 60 4
16 60 4
16 60 4
16 60 4
16 60 4
16 60 4
16 60 4
16 60 4
16 60 4
16 60 4
16 60 4
16 60 4
16 60 4
16 60 4
16 60 4
16 60 4
16 60 4
16 60 4
16 60 4
16 60 4
16 60 4
16 60 4
16 60 4
16 60 4
16 60 4
16 60 4
16 60 4
16 60 4
16 60 4
16 60 4
16 60 4
16 60 4
16 60 4
16 60 4
16 60 4
16 60 4
16 60 4
16 60 4
16 60 4
16 60 4
16 60 4
16 60 4
16 60 4
16 60 4
16 60 4
16 60 4
16 60 4
16 60 4
16 60 4
16 60 4
16 60 4
16 60 4
16 60 4
16 60 4
16 60 4
16 60 4
16 60 4
16 60 4
16 60 4
16 60 4
16 60 4
16 60 4
136 34 4
136 34 4
136 34 4
136 34 4
136 34 4
136 34 4
136 34 4
136 34 4
136 34 4
136 34 4
136 34 4
136 34 4
136 34 4
136 34 4
136 34 4
136 34 4
136 34 4
136 34 4
136 34 4
136 34 4
136 34 4
136 34 4
136 34 4
136 34 4
136 34 4
136 34 4
136 34 4
136 34 4
136 34 4
136 34 4
136 34 4
136 34 4
136 34 4
136 34 4
136 34 4
136 34 4
136 34 4
136 34 4
136 34 4
136 34 4
136 34 4
136 34 4
136 34 4
136 34 4
136 34 4
136 34 4
136 34 4
136 34 4
136 34 4
136 34 4
136 34 4
136 34 4
136 34 4
136 34 4
136 34 4
136 34 4
136 34 4
136 34 4
136 34 4
136 34 4
136 34 4
136 34 4
136 34 4
136 34 4
136 34 4
136 34 4
136 34 4
136 34 4
136 34 4
136 34 4
136 34 4
136 34 4
136 34 4
136 34 4
136 34 4
136 34 4
136 34 4
136 34 4
136 34 4
136 34 4
136 34 4
136 34 4
136 34 4
136 34 4
136 34 4
136 34 4
136 34 4
136 34 4
136 34 4
136 34 4
0 62 14
0 62 4
0 62 4
0 62 4
0 62 4
0 62 4
0 62 4
0 62 4
0 62 4
0 62 4
0 62 4
0 62 4
0 62 4
0 62 4
0 62 4
0 62 4
0 62 4
0 62 4
0 62 4
0 62 4
0 62 4
0 62 4
0 62 4
0 62 4
0 62 4
0 62 4
0 62 4
0 62 4
0 62 4
0 62 4
0 62 4
0 62 4
0 62 4
0 62 4
0 62 4
0 62 4
0 62 4
0 62 4
0 62 4
0 62 4
0 62 4
0 62 4
0 62 4
0 62 4
0 62 4
0 62 4
0 62 4
0 62 4
0 62 4
0 62 4
0 62 4
0 62 4
0 62 4
0 62 4
0 62 4
0 62 4
0 62 4
0 62 4
0 62 4
0 62 4
0 62 4
0 62 4
0 62 4
0 62 4
0 62 4
0 62 4
0 62 4
0 62 4
0 62 4
0 62 4
0 62 4
0 62 4
0 62 4
0 62 4
0 62 4
0 62 4
0 62 4
130 0 4
130 0 4
130 0 4
130 0 4
130 0 4
130 0 4
130 0 4
130 0 4
130 0 4
130 0 4
130 0 4
130 0 4
130 0 4
130 0 4
130 0 4
130 0 4
130 0 4
130 0 4
130 0 4
130 0 4
130 0 4
130 0 4
130 0 4
130 0 4
130 0 4
130 0 4
130 0 4
130 0 4
130 0 4
130 0 4
130 0 4
130 0 4
130 0 4
130 0 4
130 0 4
70 192 14
70 192 4
70 192 4
70 192 4
70 192 4
70 192 4
70 192 4
70 192 4
70 192 4
70 192 4
70 192 4
70 192 4
70 192 4
70 192 4
70 192 4
70 192 4
70 192 4
70 192 4
70 192 4
70 192 4
70 192 4
70 192 4
70 192 4
70 192 4
70 192 4
70 192 4
70 192 4
70 192 4
70 192 4
70 192 4
70 192 4
70 192 4
70 192 4
70 192 4
70 192 4
70 192 4
70 192 4
70 192 4
70 192 4
70 192 4
67 83 14
67 83 4
67 83 4
67 83 4
67 83 4
67 83 4
82 74 14
82 74 4
82 74 4
82 74 4
82 74 4
82 74 4
82 74 4
82 74 4
82 74 4
82 74 4
82 74 4
82 74 4
82 74 4
82 74 4
82 74 4
82 74 4
82 74 4
82 74 4
82 74 4
82 74 4
82 74 4
82 74 4
82 74 4
82 74 4
82 74 4
82 74 4
82 74 4
82 74 4
82 74 4
82 74 4
82 74 4
82 74 4
82 74 4
82 74 4
82 74 4
82 74 4
82 74 4
82 74 4
82 74 4
82 74 4
82 74 4
82 74 4
82 74 4
82 74 4
82 74 4
82 74 4
82 74 4
82 74 4
82 74 4
82 74 4
82 74 4
82 74 4
82 74 4
82 74 4
82 74 4
82 74 4
82 74 4
82 74 4
82 74 4
82 74 4
82 74 4
82 74 4
82 74 4
82 74 4
82 74 4
82 74 4
82 74 4
82 74 4
82 74 4
82 74 4
82 74 4
82 74 4
82 74 4
82 74 4
82 74 4
82 74 4
82 74 4
82 74 4
82 74 4
82 74 4
82 74 4
82 74 4
82 74 4
82 74 4
82 74 4
82 74 4
82 74 4
82 74 4
82 74 4
82 74 4
82 74 4
82 74 4
165 30 14
165 30 4
165 30 4
165 30 4
165 30 4
165 30 4
165 30 4
165 30 4
165 30 4
165 30 4
165 30 4
165 30 4
165 30 4
165 30 4
165 30 4
165 30 4
165 30 4
165 30 4
165 30 4
165 30 4
165 30 4
165 30 4
165 30 4
165 30 4
165 30 4
165 30 4
165 30 4
165 30 4
165 30 4
165 30 4
165 30 4
165 30 4
165 30 4
165 30 4
165 30 4
165 30 4
165 30 4
165 30 4
165 30 4
165 30 4
165 30 4
165 30 4
165 30 4
165 30 4
165 30 4
165 30 4
165 30 4
165 30 4
165 30 4
165 30 4
165 30 4
165 30 4
165 30 4
165 30 4
165 30 4
165 30 4
165 30 4
165 30 4
165 30 4
165 30 4
165 30 4
165 30 4
165 30 4
165 30 4
165 30 4
165 30 4
165 30 4
165 30 4
165 30 4
165 30 4
165 30 4
165 30 4
165 30 4
165 30 4
165 30 4
165 30 4
165 30 4
165 30 4
165 30 4
165 30 4
165 30 4
165 30 4
165 30 4
165 30 4
165 30 4
165 30 4
165 30 4
165 30 4
165 30 4
165 30 4
165 30 4
165 30 4
165 30 4
165 30 4
165 30 4
165 30 4
165 30 4
165 30 4
165 30 4
165 30 4
165 30 4
165 30 4
165 30 4
165 30 4
165 30 4
165 30 4
165 30 4
165 30 4
165 30 4
165 30 4
165 30 4
165 30 4
165 30 4
165 30 4
165 30 4
165 30 4
165 30 4
165 30 4
165 30 4
165 30 4
165 30 4
165 30 4
165 30 4
165 30 4
165 30 4
165 30 4
165 30 4
165 30 4
165 30 4
165 30 4
165 30 4
165 30 4
165 30 4
165 30 4
165 30 4
165 30 4
165 30 4
165 30 4
165 30 4
165 30 4
165 30 4
165 30 4
165 30 4
165 30 4
165 30 4
165 30 4
165 30 4
165 30 4
165 30 4
165 30 4
165 30 4
165 30 4
165 30 4
165 30 4
165 30 4
165 30 4
165 30 4
165 30 4
165 30 4
165 30 4
165 30 4
165 30 4
165 30 4
165 30 4
165 30 4
165 30 4
165 30 4
165 30 4
165 30 4
165 30 4
165 30 4
165 30 4
165 30 4
165 30 4
165 30 4
165 30 4
165 30 4
165 30 4
165 30 4
165 30 4
165 30 4
165 30 4
165 30 4
165 30 4
165 30 4
165 30 4
165 30 4
165 30 4
165 30 4
165 30 4
165 30 4
165 30 4
165 30 4
165 30 4
165 30 4
165 30 4
165 30 4
165 30 4
165 30 4
165 30 4
165 30 4
165 30 4
165 30 4
165 30 4
165 30 4
165 30 4
165 30 4
165 30 4
165 30 4
165 30 4
165 30 4
165 30 4
165 30 4
165 30 4
165 30 4
165 30 4
165 30 4
165 30 4
165 30 4
165 30 4
165 30 4
165 30 4
165 30 4
165 30 4
165 30 4
165 30 4
165 30 4
165 30 4
165 30 4
165 30 4
165 30 4
165 30 4
165 30 4
165 30 4
165 30 4
165 30 4
165 30 4
165 30 4
165 30 4
165 30 4
165 30 4
165 30 4
165 30 4
165 30 4
165 30 4
165 30 4
165 30 4
165 30 4
165 30 4
165 30 4
165 30 4
165 30 4
165 30 4
165 30 4
165 30 4
165 30 4
165 30 4
165 30 4
165 30 4
165 30 4
165 30 4
165 30 4
165 30 4
165 30 4
165 30 4
165 30 4
165 30 4
165 30 4
198 53 14
198 53 4
198 53 4
198 53 4
198 53 4
198 53 4
198 53 4
198 53 4
198 53 4
198 53 4
198 53 4
198 53 4
198 53 4
198 53 4
198 53 4
198 53 4
198 53 4
198 53 4
198 53 4
198 53 4
198 53 4
198 53 4
198 53 4
198 53 4
198 53 4
198 53 4
198 53 4
188 61 14
188 61 4
188 61 4
188 61 4
188 61 4
188 61 4
188 61 4
188 61 4
188 61 4
188 61 4
188 61 4
188 61 4
188 61 4
188 61 4
188 61 4
188 61 4
188 61 4
188 61 4
188 61 4
188 61 4
188 61 4
188 61 4
188 61 4
199 68 14
199 68 4
199 68 4
199 68 4
199 68 4
199 68 4
199 68 4
199 68 4
199 68 4
199 68 4
199 68 4
199 68 4
199 68 4
199 68 4
199 68 4
199 68 4
199 68 4
199 68 4
199 68 4
199 68 4
199 68 4
199 68 4
199 68 4
199 68 4
199 68 4
199 68 4
199 68 4
199 68 4
199 68 4
199 68 4
199 68 4
199 68 4
199 68 4
199 68 4
199 68 4
199 68 4
199 68 4
199 68 4
199 68 4
199 68 4
199 68 4
199 68 4
199 68 4
199 68 4
199 68 4
199 68 4
199 68 4
199 68 4
199 68 4
199 68 4
199 68 4
199 68 4
199 68 4
199 68 4
199 68 4
199 68 4
199 68 4
199 68 4
199 68 4
199 68 4
199 68 4
199 68 4
199 68 4
199 68 4
199 68 4
199 68 4
199 68 4
199 68 4
199 68 4
199 68 4
199 68 4
199 68 4
199 68 4
199 68 4
199 68 4
199 68 4
199 68 4
199 68 4
199 68 4
199 68 4
199 68 4
199 68 4
199 68 4
199 68 4
199 68 4
199 68 4
177 69 14
177 69 4
177 69 4
177 69 4
177 69 4
177 69 4
177 69 4
177 69 4
177 69 4
177 69 4
177 69 4
177 69 4
177 69 4
177 69 4
177 69 4
177 69 4
177 69 4
177 69 4
177 69 4
177 69 4
177 69 4
177 69 4
177 69 4
177 69 4
177 69 4
177 69 4
177 69 4
177 69 4
177 69 4
177 69 4
177 69 4
177 69 4
177 69 4
177 69 4
177 69 4
177 69 4
177 69 4
177 69 4
177 69 4
177 69 4
177 69 4
177 69 4
177 69 4
177 69 4
177 69 4
177 69 4
177 69 4
177 69 4
177 69 4
177 69 4
177 69 4
177 69 4
177 69 4
177 69 4
177 69 4
177 69 4
177 69 4
177 69 4
177 69 4
177 69 4
177 69 4
177 69 4
177 69 4
177 69 4
177 69 4
177 69 4
177 69 4
177 69 4
177 69 4
177 69 4
177 69 4
177 69 4
177 69 4
177 69 4
177 69 4
177 69 4
177 69 4
177 69 4
177 69 4
177 69 4
177 69 4
177 69 4
177 69 4
177 69 4
177 69 4
177 69 4
177 69 4
177 69 4
177 69 4
177 69 4
177 69 4
177 69 4
177 69 4
177 69 4
177 69 4
177 69 4
177 69 4
177 69 4
177 69 4
177 69 4
177 69 4
177 69 4
177 69 4
177 69 4
177 69 4
177 84 14
177 84 4
177 84 4
177 84 4
177 84 4
177 84 4
177 84 4
177 84 4
177 84 4
177 84 4
177 84 4
177 84 4
177 84 4
177 84 4
177 84 4
177 84 4
177 84 4
177 84 4
177 84 4
177 84 4
177 84 4
177 84 4
177 84 4
177 84 4
177 84 4
177 84 4
97 190 14
97 190 4
97 190 4
97 190 4
97 190 4
97 190 4
97 190 4
97 190 4
110 195 14
110 195 4
110 195 4
110 195 4
110 195 4
110 195 4
110 195 4
110 195 4
110 195 4
110 195 4
110 195 4
110 195 4
110 195 4
110 195 4
110 195 4
110 195 4
110 195 4
110 195 4
110 195 4
110 195 4
110 195 4
110 195 4
110 195 4
110 195 4
110 195 4
110 195 4
110 195 4
110 195 4
110 195 4
110 195 4
110 195 4
110 195 4
110 195 4
110 195 4
110 195 4
110 195 4
110 195 4
110 195 4
110 195 4
110 195 4
110 195 4
110 195 4
110 195 4
37 119 14
37 119 4
37 119 4
37 119 4
37 119 4
37 119 4
37 119 4
37 119 4
37 119 4
37 119 4
37 119 4
37 119 4
37 119 4
37 119 4
37 119 4
37 119 4
37 119 4
37 119 4
37 119 4
37 119 4
37 119 4
37 119 4
37 119 4
37 119 4
37 119 4
37 119 4
37 119 4
37 119 4
37 119 4
37 119 4
37 119 4
37 119 4
37 119 4
37 119 4
37 119 4
37 119 4
37 119 4
37 119 4
37 119 4
37 119 4
37 119 4
37 119 4
37 119 4
37 119 4
37 119 4
37 119 4
37 119 4
37 119 4
37 119 4
37 119 4
37 119 4
37 119 4
37 119 4
37 119 4
37 119 4
37 119 4
37 119 4
37 119 4
37 119 4
37 119 4
37 119 4
37 119 4
37 119 4
37 119 4
37 119 4
37 119 4
37 119 4
37 119 4
37 119 4
37 119 4
37 119 4
37 119 4
37 119 4
37 119 4
37 119 4
37 119 4
37 119 4
37 119 4
37 119 4
37 119 4
37 119 4
37 119 4
37 119 4
37 119 4
37 119 4
37 119 4
37 119 4
37 119 4
37 119 4
37 119 4
37 119 4
37 119 4
37 119 4
37 119 4
37 119 4
37 119 4
37 119 4
37 119 4
37 119 4
37 119 4
37 119 4
37 119 4
37 119 4
37 119 4
37 119 4
37 119 4
37 119 4
37 119 4
37 119 4
37 119 4
37 119 4
37 119 4
37 119 4
37 119 4
37 119 4
37 119 4
37 119 4
37 119 4
37 119 4
37 119 4
37 119 4
37 119 4
37 119 4
37 119 4
37 119 4
37 119 4
37 119 4
37 119 4
37 119 4
37 119 4
37 119 4
37 119 4
37 119 4
37 119 4
37 119 4
37 119 4
37 119 4
37 119 4
37 119 4
37 119 4
37 119 4
37 119 4
37 119 4
118 153 14
118 153 4
118 153 4
118 153 4
118 153 4
118 153 4
118 153 4
118 153 4
118 153 4
118 153 4
118 153 4
118 153 4
118 153 4
118 153 4
118 153 4
118 153 4
118 153 4
118 153 4
118 153 4
118 153 4
118 153 4
118 153 4
118 153 4
118 153 4
118 153 4
118 153 4
118 153 4
118 153 4
118 153 4
118 153 4
118 153 4
118 153 4
118 153 4
118 153 4
118 153 4
118 153 4
118 153 4
118 153 4
118 153 4
118 153 4
118 153 4
118 153 4
118 153 4
118 153 4
118 153 4
118 153 4
118 153 4
118 153 4
118 153 4
118 153 4
118 153 4
118 153 4
118 153 4
118 153 4
118 153 4
118 153 4
118 153 4
118 153 4
118 153 4
129 148 14
129 148 4
129 148 4
129 148 4
129 148 4
129 148 4
129 148 4
129 148 4
129 148 4
129 148 4
129 148 4
129 148 4
129 148 4
129 148 4
129 148 4
129 148 4
129 148 4
129 148 4
129 148 4
129 148 4
129 148 4
129 148 4
129 148 4
129 148 4
129 148 4
129 148 4
129 148 4
129 148 4
129 148 4
129 148 4
129 148 4
129 148 4
129 148 4
129 148 4
129 148 4
129 148 4
129 148 4
129 148 4
129 148 4
129 148 4
129 148 4
129 148 4
129 148 4
129 148 4
129 148 4
129 148 4
129 148 4
129 148 4
129 148 4
129 148 4
129 148 4
129 148 4
129 148 4
129 148 4
129 148 4
129 148 4
129 148 4
129 148 4
129 148 4
129 148 4
129 148 4
129 148 4
129 148 4
129 148 4
129 148 4
129 148 4
129 148 4
129 148 4
129 148 4
129 148 4
129 148 4
129 148 4
129 148 4
129 148 4
129 148 4
129 148 4
129 148 4
129 148 4
129 148 4
129 148 4
129 148 4
129 148 4
129 148 4
129 148 4
129 148 4
129 148 4
129 148 4
129 148 4
129 148 4
129 148 4
129 148 4
129 148 4
129 148 4
129 148 4
129 148 4
129 148 4
129 148 4
129 148 4
129 148 4
129 148 4
129 148 4
129 148 4
129 148 4
129 148 4
129 148 4
129 148 4
129 148 4
129 148 4
129 148 4
129 148 4
129 148 4
129 148 4
129 148 4
129 148 4
129 148 4
129 148 4
83 197 14
83 197 4
83 197 4
83 197 4
83 197 4
83 197 4
83 197 4
83 197 4
83 197 4
83 197 4
83 197 4
83 197 4
83 197 4
83 197 4
83 197 4
83 197 4
83 197 4
83 197 4
83 197 4
83 197 4
83 197 4
83 197 4
83 197 4
83 197 4
83 197 4
83 197 4
83 197 4
83 197 4
83 197 4
83 197 4
83 197 4
83 197 4
83 197 4
83 197 4
83 197 4
83 197 4
83 197 4
83 197 4
83 197 4
83 197 4
83 197 4
83 197 4
83 197 4
83 197 4
83 197 4
83 197 4
83 197 4
83 197 4
83 197 4
83 197 4
83 197 4
83 197 4
83 197 4
83 197 4
83 197 4
83 197 4
83 197 4
83 197 4
83 197 4
83 197 4
83 197 4
83 197 4
83 197 4
54 152 14
54 152 4
54 152 4
54 152 4
54 152 4
54 152 4
54 152 4
54 139 14
54 139 4
54 139 4
54 139 4
54 139 4
54 139 4
54 139 4
54 139 4
54 139 4
54 139 4
54 139 4
54 139 4
54 139 4
54 139 4
54 139 4
54 139 4
54 139 4
54 139 4
54 139 4
54 139 4
54 139 4
54 139 4
54 139 4
54 139 4
54 139 4
54 139 4
54 139 4
54 139 4
54 139 4
54 139 4
54 139 4
54 139 4
54 139 4
54 139 4
54 139 4
54 139 4
54 139 4
54 139 4
54 139 4
54 139 4
54 139 4
54 139 4
54 139 4
54 139 4
54 139 4
54 139 4
54 139 4
54 139 4
54 139 4
54 139 4
54 139 4
54 139 4
54 139 4
54 139 4
54 139 4
54 139 4
54 139 4
54 139 4
54 139 4
54 139 4
54 139 4
54 139 4
54 139 4
54 139 4
54 139 4
54 139 4
54 139 4
54 139 4
54 139 4
54 139 4
54 139 4
54 139 4
54 139 4
54 139 4
54 139 4
54 139 4
54 139 4
54 139 4
54 139 4
54 139 4
54 139 4
54 139 4
54 139 4
54 139 4
54 139 4
54 139 4
54 139 4
54 139 4
64 159 14
64 159 4
64 159 4
64 159 4
64 159 4
64 159 4
64 159 4
64 159 4
64 159 4
64 159 4
64 159 4
64 159 4
64 159 4
64 159 4
64 159 4
64 159 4
64 159 4
64 159 4
64 159 4
64 159 4
64 159 4
64 159 4
64 159 4
64 159 4
64 159 4
64 159 4
64 159 4
64 159 4
64 159 4
26 165 14
26 165 4
26 165 4
26 165 4
26 165 4
26 165 4
26 165 4
26 165 4
26 165 4
26 165 4
26 165 4
26 165 4
26 165 4
26 165 4
26 165 4
26 165 4
26 165 4
26 165 4
26 165 4
26 165 4
26 165 4
26 165 4
26 165 4
26 165 4
26 165 4
26 165 4
26 165 4
26 165 4
26 165 4
26 165 4
26 165 4
26 165 4
26 165 4
26 165 4
26 165 4
26 165 4
26 165 4
26 165 4
26 165 4
26 165 4
26 165 4
26 165 4
26 165 4
26 165 4
26 165 4
26 165 4
26 165 4
26 165 4
26 165 4
26 165 4
26 165 4
26 165 4
26 165 4
26 165 4
26 165 4
26 165 4
26 165 4
26 165 4
26 165 4
26 165 4
26 165 4
26 165 4
26 165 4
26 165 4
26 165 4
26 165 4
26 165 4
26 165 4
26 165 4
26 165 4
26 165 4
26 165 4
26 165 4
26 165 4
26 165 4
26 165 4
26 165 4
26 165 4
26 165 4
26 165 4
26 165 4
26 165 4
26 165 4
26 165 4
26 165 4
26 165 4
26 165 4
26 165 4
26 165 4
26 165 4
26 165 4
26 165 4
26 165 4
26 165 4
26 165 4
26 165 4
26 165 4
26 165 4
26 165 4
26 165 4
26 165 4
26 165 4
26 165 4
26 165 4
26 165 4
26 165 4
26 165 4
26 165 4
26 165 4
26 165 4
26 165 4
26 165 4
26 165 4
26 165 4
26 165 4
26 165 4
26 165 4
26 165 4
26 165 4
26 165 4
26 165 4
26 165 4
26 165 4
26 165 4
26 165 4
26 165 4
26 165 4
26 165 4
26 165 4
26 165 4
74 166 14
74 166 4
74 166 4
74 166 4
74 166 4
74 166 4
74 166 4
74 166 4
74 166 4
74 166 4
74 166 4
74 166 4
74 166 4
74 166 4
74 166 4
74 166 4
74 166 4
74 166 4
74 166 4
74 166 4
74 166 4
74 166 4
74 166 4
74 166 4
74 166 4
74 166 4
74 166 4
74 166 4
74 166 4
74 166 4
74 166 4
74 166 4
74 166 4
74 166 4
74 166 4
74 166 4
74 166 4
74 166 4
74 166 4
74 166 4
74 166 4
74 166 4
74 166 4
74 166 4
74 166 4
74 166 4
74 166 4
85 172 14
85 172 4
85 172 4
85 172 4
85 172 4
85 172 4
85 172 4
85 172 4
85 172 4
85 172 4
85 172 4
85 172 4
85 172 4
85 172 4
85 172 4
85 172 4
85 172 4
85 172 4
85 172 4
85 172 4
85 172 4
85 172 4
85 172 4
85 172 4
85 172 4
85 172 4
85 172 4
85 172 4
85 172 4
85 172 4
85 172 4
85 172 4
85 172 4
85 172 4
85 172 4
85 172 4
85 172 4
85 172 4
85 172 4
85 172 4
85 172 4
85 172 4
85 172 4
85 172 4
85 172 4
85 172 4
85 172 4
85 172 4
85 172 4
85 172 4
85 172 4
85 172 4
85 172 4
85 172 4
85 172 4
85 172 4
85 172 4
85 172 4
85 172 4
85 172 4
85 172 4
85 172 4
85 172 4
85 172 4
85 172 4
85 172 4
85 172 4
85 172 4
85 172 4
85 172 4
85 172 4
85 172 4
85 172 4
85 172 4
85 172 4
85 172 4
85 172 4
107 159 14
107 159 4
107 159 4
107 159 4
107 159 4
107 159 4
107 159 4
107 159 4
107 159 4
107 159 4
107 159 4
107 159 4
107 159 4
107 159 4
107 159 4
107 159 4
107 159 4
107 159 4
107 159 4
107 159 4
107 159 4
107 159 4
107 159 4
107 159 4
107 159 4
107 159 4
107 159 4
107 159 4
107 159 4
107 159 4
107 159 4
107 159 4
107 159 4
107 159 4
107 159 4
107 159 4
107 159 4
107 159 4
107 159 4
107 159 4
107 159 4
107 159 4
107 159 4
107 159 4
107 159 4
107 159 4
107 159 4
107 159 4
107 159 4
107 159 4
107 159 4
107 159 4
107 159 4
107 159 4
107 159 4
107 159 4
107 159 4
107 159 4
107 159 4
107 159 4
107 159 4
107 159 4
107 159 4
107 159 4
107 159 4
107 159 4
107 159 4
107 159 4
107 159 4
107 159 4
107 159 4
107 159 4
107 159 4
107 159 4
107 159 4
107 159 4
107 159 4
107 159 4
107 159 4
107 159 4
107 159 4
107 159 4
107 159 4
107 159 4
107 159 4
107 159 4
107 159 4
107 159 4
107 159 4
107 159 4
107 159 4
107 159 4
107 159 4
107 159 4
107 159 4
107 159 4
107 159 4
107 159 4
107 159 4
107 159 4
107 159 4
107 159 4
107 159 4
107 159 4
107 159 4
107 159 4
107 159 4
107 159 4
107 159 4
107 159 4
107 159 4
107 159 4
107 159 4
107 159 4
107 159 4
107 159 4
107 159 4
107 159 4
10 133 14
10 133 4
10 133 4
10 133 4
12 146 14
12 146 4
12 146 4
12 146 4
12 146 4
12 146 4
12 146 4
12 146 4
12 146 4
12 146 4
12 146 4
12 146 4
12 146 4
12 146 4
12 146 4
12 146 4
12 146 4
12 146 4
12 146 4
12 146 4
12 146 4
12 146 4
12 146 4
12 146 4
12 146 4
12 146 4
12 146 4
12 146 4
12 146 4
12 146 4
12 146 4
12 146 4
12 146 4
12 146 4
12 146 4
12 146 4
12 146 4
12 146 4
12 146 4
12 146 4
12 146 4
12 146 4
12 146 4
12 146 4
12 146 4
12 146 4
12 146 4
12 146 4
12 146 4
12 146 4
12 146 4
12 146 4
12 146 4
12 146 4
12 146 4
12 146 4
12 146 4
12 146 4
12 146 4
12 146 4
12 146 4
12 146 4
12 146 4
12 146 4
12 146 4
12 146 4
12 146 4
12 146 4
12 146 4
12 146 4
12 146 4
12 146 4
12 146 4
12 146 4
12 146 4
12 146 4
12 146 4
12 146 4
12 146 4
12 146 4
12 146 4
12 146 4
12 146 4
12 146 4
12 146 4
12 146 4
12 146 4
12 146 4
12 146 4
12 146 4
12 146 4
12 146 4
12 146 4
12 146 4
12 146 4
12 146 4
12 146 4
12 146 4
12 146 4
12 146 4
12 146 4
12 146 4
12 146 4
12 146 4
12 146 4
0 128 14
0 128 4
0 102 14
0 102 4
0 102 4
0 102 4
0 102 4
0 102 4
0 102 4
0 102 4
0 102 4
0 102 4
0 102 4
0 102 4
0 102 4
0 102 4
0 102 4
0 102 4
0 102 4
0 102 4
0 102 4
0 102 4
0 102 4
0 102 4
0 102 4
0 102 4
0 102 4
0 102 4
0 102 4
0 140 14
0 140 4
0 140 4
0 140 4
0 140 4
0 140 4
0 140 4
0 140 4
0 140 4
0 140 4
0 140 4
0 140 4
0 140 4
0 140 4
0 140 4
0 140 4
0 140 4
0 140 4
0 140 4
0 140 4
0 140 4
0 140 4
0 140 4
0 140 4
0 140 4
0 140 4
0 140 4
0 140 4
0 140 4
0 140 4
0 140 4
0 140 4
0 140 4
0 140 4
0 140 4
0 140 4
0 140 4
0 140 4
0 140 4
0 140 4
0 140 4
0 140 4
0 140 4
0 140 4
0 140 4
0 140 4
0 140 4
0 140 4
0 140 4
0 140 4
0 140 4
0 140 4
0 140 4
0 140 4
0 140 4
0 140 4
0 140 4
0 140 4
0 140 4
0 140 4
0 140 4
0 140 4
0 140 4
0 140 4
0 140 4
0 140 4
0 140 4
0 140 4
0 140 4
0 140 4
0 140 4
0 140 4
0 140 4
0 140 4
0 140 4
0 140 4
0 140 4
0 140 4
0 140 4
0 140 4
0 140 4
0 140 4
0 140 4
0 140 4
0 140 4
0 140 4
0 140 4
0 140 4
0 140 4
0 140 4
0 140 4
0 140 4
0 140 4
0 140 4
0 140 4
0 140 4
0 140 4
0 140 4
0 140 4
0 140 4
0 140 4
0 140 4
0 140 4
0 140 4
0 140 4
0 140 4
0 140 4
0 140 4
0 140 4
0 140 4
0 140 4
0 140 4
0 140 4
0 140 4
0 140 4
0 140 4
0 140 4
0 140 4
0 140 4
0 140 4
0 140 4
0 140 4
0 140 4
0 140 4
0 140 4
0 140 4
0 140 4
0 140 4
0 140 4
0 140 4
0 140 4
0 140 4
3 95 14
3 95 4
3 95 4
3 95 4
3 95 4
3 95 4
3 95 4
3 95 4
3 95 4
3 95 4
3 95 4
3 95 4
3 95 4
3 95 4
3 95 4
3 95 4
3 95 4
3 95 4
3 95 4
3 95 4
3 95 4
3 95 4
3 95 4
3 95 4
3 95 4
3 95 4
3 95 4
3 95 4
3 95 4
3 95 4
3 95 4
3 95 4
3 95 4
3 95 4
3 95 4
3 95 4
3 95 4
18 100 14
18 100 4
18 100 4
18 100 4
18 100 4
18 100 4
18 100 4
18 100 4
18 100 4
18 100 4
18 100 4
18 100 4
18 100 4
18 100 4
18 100 4
18 100 4
18 100 4
18 100 4
18 100 4
18 100 4
18 100 4
18 100 4
18 100 4
18 100 4
18 100 4
18 100 4
18 100 4
18 100 4
18 100 4
18 100 4
18 100 4
18 100 4
18 100 4
18 100 4
18 100 4
18 100 4
18 100 4
18 100 4
18 100 4
18 100 4
18 100 4
18 100 4
18 100 4
18 100 4
18 100 4
18 100 4
18 100 4
18 100 4
18 100 4
18 100 4
18 100 4
18 100 4
18 100 4
18 100 4
18 100 4
18 100 4
18 100 4
18 100 4
18 100 4
18 100 4
18 100 4
18 100 4
18 100 4
18 100 4
18 100 4
18 100 4
18 100 4
18 100 4
18 100 4
18 100 4
18 100 4
18 100 4
18 100 4
18 100 4
18 100 4
18 100 4
18 100 4
18 100 4
18 100 4
18 100 4
18 100 4
18 100 4
18 100 4
18 100 4
18 100 4
18 100 4
18 100 4
18 100 4
18 100 4
18 100 4
18 100 4
18 100 4
18 100 4
18 100 4
18 100 4
18 100 4
18 100 4
18 100 4
18 100 4
18 100 4
18 100 4
18 100 4
18 100 4
18 100 4
18 100 4
18 100 4
18 100 4
18 100 4
18 100 4
18 100 4
18 100 4
18 100 4
0 89 14
0 89 4
0 89 4
0 89 4
0 89 4
0 89 4
0 89 4
0 89 4
0 89 4
0 89 4
0 89 4
0 89 4
0 89 4
0 89 4
0 89 4
0 89 4
0 89 4
0 89 4
0 89 4
0 89 4
0 89 4
0 89 4
0 89 4
0 89 4
0 89 4
2 81 14
2 81 4
2 81 4
2 81 4
2 81 4
2 81 4
2 81 4
2 81 4
2 81 4
2 81 4
2 81 4
2 81 4
2 81 4
2 81 4
2 81 4
2 81 4
2 81 4
2 81 4
2 81 4
2 81 4
2 81 4
2 81 4
2 81 4
2 81 4
2 81 4
2 81 4
2 81 4
2 81 4
2 81 4
2 81 4
2 81 4
2 81 4
2 81 4
2 81 4
2 81 4
2 81 4
2 81 4
2 81 4
2 81 4
2 81 4
2 81 4
2 81 4
2 81 4
2 81 4
2 81 4
2 81 4
2 81 4
2 81 4
2 81 4
2 81 4
2 81 4
2 81 4
2 81 4
2 81 4
2 81 4
2 81 4
2 81 4
2 81 4
2 81 4
2 81 4
2 81 4
2 81 4
2 81 4
2 81 4
2 81 4
2 81 4
2 81 4
2 81 4
2 81 4
2 81 4
2 81 4
2 81 4
2 81 4
2 81 4
45 193 14
45 193 4
45 193 4
45 193 4
45 193 4
45 193 4
45 193 4
45 193 4
45 193 4
45 193 4
45 193 4
45 193 4
45 193 4
45 193 4
45 193 4
45 193 4
45 193 4
45 193 4
45 193 4
45 193 4
45 193 4
45 193 4
45 193 4
45 193 4
45 193 4
45 193 4
45 193 4
45 193 4
45 193 4
45 193 4
45 193 4
45 193 4
45 193 4
34 186 14
34 186 4
34 186 4
34 186 4
34 186 4
34 186 4
34 186 4
34 186 4
34 186 4
34 186 4
34 186 4
34 186 4
34 186 4
34 186 4
34 186 4
34 186 4
34 186 4
34 186 4
34 186 4
34 186 4
34 186 4
34 186 4
34 186 4
34 186 4
34 186 4
34 186 4
34 186 4
34 186 4
34 186 4
34 186 4
34 186 4
34 186 4
34 186 4
34 186 4
34 186 4
34 186 4
34 186 4
34 186 4
34 186 4
34 186 4
34 186 4
34 186 4
34 186 4
34 186 4
34 186 4
34 186 4
34 186 4
34 186 4
34 186 4
34 186 4
34 186 4
34 186 4
34 186 4
34 186 4
34 186 4
34 186 4
34 186 4
34 186 4
34 186 4
34 186 4
34 186 4
34 186 4
57 199 14
57 199 4
57 199 4
57 199 4
57 199 4
57 199 4
57 199 4
57 199 4
57 199 4
57 199 4
57 199 4
57 199 4
57 199 4
57 199 4
57 199 4
57 199 4
57 199 4
57 199 4
57 199 4
57 199 4
57 199 4
57 199 4
57 199 4
57 199 4
57 199 4
57 199 4
57 199 4
57 199 4
57 199 4
57 199 4
57 199 4
57 199 4
57 199 4
57 199 4
57 199 4
57 199 4
57 199 4
57 199 4
57 199 4
57 199 4
57 199 4
57 199 4
57 199 4
57 199 4
57 199 4
57 199 4
57 199 4
57 199 4
57 199 4
57 199 4
57 199 4
57 199 4
57 199 4
57 199 4
57 199 4
57 199 4
57 199 4
57 199 4
57 199 4
57 199 4
57 199 4
57 199 4
57 199 4
57 199 4
57 199 4
57 199 4
57 199 4
57 199 4
57 199 4
57 199 4
57 199 4
57 199 4
57 199 4
57 199 4
57 199 4
57 199 4
57 199 4
57 199 4
57 199 4
57 199 4
57 199 4
85 172 4
85 172 4
85 172 4
85 172 4
85 172 4
85 172 4
85 172 4
85 172 4
85 172 4
85 172 4
85 172 4
85 172 4
85 172 4
85 172 4
85 172 4
85 172 4
85 172 4
85 172 4
85 172 4
0 75 14
0 75 4
0 75 4
0 75 4
0 75 4
0 75 4
0 75 4
0 75 4
0 75 4
0 75 4
0 75 4
0 75 4
0 75 4
0 75 4
0 75 4
0 75 4
0 75 4
0 75 4
0 75 4
0 75 4
0 75 4
0 75 4
0 75 4
0 75 4
0 75 4
0 75 4
0 75 4
0 75 4
0 75 4
0 75 4
0 75 4
0 75 4
0 75 4
0 75 4
0 75 4
0 75 4
0 75 4
0 75 4
0 75 4
0 75 4
0 75 4
0 75 4
0 75 4
0 75 4
0 75 4
0 75 4
0 75 4
0 75 4
0 75 4
0 75 4
0 75 4
0 75 4
0 75 4
0 75 4
0 75 4
0 75 4
0 75 4
0 75 4
0 75 4
0 75 4
0 75 4
0 75 4
0 75 4
0 75 4
5 28 15
4 28 15
3 28 15
2 28 15
2 29 15
2 30 15
2 31 15
1 31 15
0 31 15
0 32 15
0 33 15
0 34 15
0 36 15
0 37 15
0 38 15
0 39 15
0 40 15
0 41 15
0 42 15
0 43 15
0 44 15
0 45 15
0 46 15
0 47 15
1 48 15
1 49 15
1 50 23
1 51 39
1 52 58
1 53 80
1 54 104
1 55 129
1 56 154
1 57 181
1 58 206
1 59 231
1 60 254
1 61 276
1 61 3
1 61 3
1 61 3
1 61 3
1 61 3
1 61 3
1 61 3
1 62 295
1 62 3
1 62 3
1 62 3
1 62 3
1 62 3
1 62 3
1 62 3
1 62 3
1 62 3
1 62 3
1 62 3
1 62 3
1 62 3
1 62 3
1 62 3
1 62 3
1 62 3
1 62 3
1 62 3
1 62 3
0 63 329
0 63 3
0 63 3
0 63 3
0 63 3
0 63 3
0 63 3
0 63 3
0 63 3
0 63 3
0 63 3
0 63 3
0 63 3
0 64 338
0 64 3
0 64 3
0 64 3
0 64 3
0 64 3
0 64 3
0 64 3
0 64 3
0 64 3
0 64 3
0 64 3
0 64 3
0 64 3
0 64 3
0 64 3
0 64 3
0 64 3
0 64 3
0 64 3
0 64 3
0 64 3
0 64 3
0 64 3
0 64 3
0 64 3
0 65 344
0 65 3
0 65 3
0 65 3
0 65 3
0 65 3
0 65 3
0 65 3
0 65 3
0 65 3
0 65 3
0 65 3
0 65 3
0 65 3
0 65 3
0 65 3
0 65 3
0 65 3
0 65 3
0 65 3
0 65 3
0 65 3
0 65 3
0 65 3
0 65 3
0 65 3
0 65 3
0 65 3
0 65 3
0 65 3
0 65 3
0 65 3
0 65 3
0 65 3
0 65 3
0 65 3
0 65 3
0 65 3
0 66 346
0 66 3
0 66 3
0 66 3
0 66 3
0 66 3
0 66 3
0 66 3
0 66 3
0 66 3
0 66 3
0 66 3
0 66 3
0 66 3
0 66 3
0 66 3
0 66 3
0 66 3
0 66 3
0 66 3
0 66 3
0 66 3
0 66 3
0 66 3
0 66 3
0 66 3
0 66 3
0 66 3
0 66 3
0 66 3
0 66 3
0 66 3
0 66 3
0 66 3
0 66 3
0 66 3
0 66 3
0 66 3
0 66 3
0 66 3
0 66 3
0 66 3
0 66 3
0 66 3
0 66 3
0 66 3
0 66 3
0 66 3
0 67 345
0 67 3
0 67 3
0 67 3
0 67 3
0 67 3
0 67 3
0 67 3
0 67 3
0 67 3
0 67 3
0 67 3
0 67 3
0 67 3
0 67 3
0 67 3
0 67 3
0 67 3
0 67 3
0 67 3
0 67 3
0 67 3
0 67 3
0 67 3
0 67 3
0 67 3
0 67 3
0 67 3
0 67 3
0 67 3
0 67 3
0 67 3
0 67 3
0 67 3
0 67 3
0 67 3
0 67 3
0 67 3
0 67 3
0 67 3
0 67 3
0 67 3
0 67 3
0 67 3
0 67 3
0 67 3
0 67 3
0 67 3
0 67 3
0 67 3
0 67 3
0 67 3
0 67 3
0 67 3
0 68 341
0 68 3
0 68 3
0 68 3
0 68 3
0 68 3
0 68 3
0 68 3
0 68 3
0 68 3
0 68 3
0 68 3
0 68 3
0 68 3
0 68 3
0 68 3
0 68 3
0 68 3
0 68 3
0 68 3
0 68 3
0 68 3
0 68 3
0 68 3
0 68 3
0 68 3
0 68 3
0 68 3
0 68 3
0 68 3
0 68 3
0 68 3
0 68 3
0 68 3
0 68 3
0 68 3
0 68 3
0 68 3
0 68 3
0 68 3
0 68 3
0 68 3
0 68 3
0 68 3
0 68 3
0 68 3
0 68 3
0 68 3
0 68 3
0 68 3
0 68 3
0 68 3
0 68 3
0 68 3
0 68 3
0 69 335
0 69 3
0 69 3
0 69 3
0 69 3
0 69 3
0 69 3
0 69 3
0 69 3
0 69 3
0 69 3
0 69 3
0 69 3
0 69 3
0 69 3
0 69 3
0 69 3
0 69 3
0 69 3
0 69 3
0 69 3
0 69 3
0 69 3
0 69 3
0 69 3
0 69 3
0 69 3
0 69 3
0 69 3
0 69 3
0 69 3
0 69 3
0 69 3
0 69 3
0 69 3
0 69 3
0 69 3
0 69 3
0 69 3
0 69 3
0 69 3
0 69 3
0 69 3
0 69 3
0 69 3
0 69 3
0 69 3
0 69 3
0 69 3
0 69 3
0 69 3
0 69 3
0 70 326
0 70 3
0 70 3
0 70 3
0 70 3
0 70 3
0 70 3
0 70 3
0 70 3
0 70 3
0 70 3
0 70 3
0 70 3
0 70 3
0 70 3
0 70 3
0 70 3
0 70 3
0 70 3
0 70 3
0 70 3
0 70 3
0 70 3
0 70 3
0 70 3
0 70 3
0 70 3
0 70 3
0 70 3
0 70 3
0 70 3
0 70 3
0 70 3
0 70 3
0 70 3
0 70 3
0 70 3
0 70 3
0 70 3
0 70 3
0 70 3
0 70 3
0 70 3
0 70 3
0 70 3
0 71 316
0 71 3
0 71 3
0 71 3
0 71 3
0 71 3
0 71 3
0 71 3
0 71 3
0 71 3
0 71 3
0 71 3
0 71 3
0 71 3
0 71 3
0 71 3
0 71 3
0 71 3
0 71 3
0 71 3
0 71 3
0 71 3
0 71 3
0 71 3
0 71 3
0 71 3
0 71 3
0 71 3
0 71 3
0 71 3
0 71 3
0 71 3
0 71 3
0 71 3
0 71 3
0 71 3
0 72 304
0 72 3
0 72 3
0 72 3
0 72 3
0 72 3
0 72 3
0 72 3
0 72 3
0 72 3
0 72 3
0 72 3
0 72 3
0 72 3
0 72 3
0 72 3
0 72 3
0 72 3
0 72 3
0 72 3
0 72 3
0 72 3
0 72 3
0 72 3
0 72 3
0 72 3
0 73 292
0 73 3
0 73 3
0 73 3
0 73 3
0 73 3
0 73 3
0 73 3
0 73 3
0 73 3
0 73 3
0 73 3
0 73 3
0 73 3
0 73 3
0 73 3
0 74 278
0 74 3
0 74 3
0 74 3
0 74 3
0 74 3
0 74 3
0 76 250
0 77 236
0 78 222
0 79 209
0 80 195
0 81 182
0 82 170
0 83 158
0 84 147
0 85 137
0 86 128
0 87 120
0 88 114
0 90 105
0 90 3
0 90 3
0 90 3
0 91 102
0 91 3
0 91 3
0 91 3
0 91 3
0 91 3
0 91 3
0 92 101
0 92 3
0 92 3
0 92 3
0 92 3
0 92 3
0 92 3
0 92 3
0 92 3
0 92 3
0 93 101
0 93 3
0 93 3
0 93 3
0 93 3
0 93 3
0 93 3
0 93 3
0 93 3
0 93 3
0 93 3
0 93 3
0 94 102
0 94 3
0 94 3
0 94 3
0 94 3
0 94 3
0 94 3
0 94 3
0 94 3
0 94 3
0 94 3
0 94 3
0 94 3
0 95 104
0 95 3
0 95 3
0 95 3
0 95 3
0 95 3
0 95 3
0 95 3
0 95 3
0 95 3
0 95 3
0 95 3
0 95 3
0 95 3
0 96 107
0 96 3
0 96 3
0 96 3
0 96 3
0 96 3
0 96 3
0 96 3
0 96 3
0 96 3
0 96 3
0 96 3
0 97 110
0 97 3
0 97 3
0 97 3
0 97 3
0 97 3
0 97 3
0 97 3
0 97 3
0 97 3
0 98 112
0 98 3
0 98 3
0 98 3
0 98 3
0 98 3
0 98 3
0 98 3
0 99 115
0 99 3
0 99 3
0 99 3
0 99 3
0 99 3
0 100 116
0 100 3
0 100 3
0 100 3
0 100 3
0 101 117
0 101 3
0 101 3
1 102 105
1 102 3
1 103 101
1 104 97
1 105 92
1 106 86
1 107 80
1 108 72
1 109 64
1 110 56
1 111 47
1 112 38
1 113 29
1 114 21
1 115 15
1 116 15
2 116 15
2 117 15
2 118 15
2 119 15
2 120 15
2 121 15
3 121 15
4 121 15
41 145 15
41 144 15
41 143 15
41 142 15
40 142 15
39 142 15
38 142 15
38 141 15
38 140 15
37 140 15
36 140 15
35 140 15
34 140 15
33 140 15
33 139 15
32 139 15
31 139 15
30 139 15
29 139 15
28 139 15
27 138 15
27 137 15
26 137 15
25 137 15
25 137 3
25 136 15
25 135 15
25 134 15
25 133 15
25 132 15
25 131 15
25 130 15
25 129 15
25 128 15
25 128 3
25 127 15
25 127 3
24 126 15
24 126 3
23 126 15
22 126 15
21 126 15
20 126 15
19 126 15
18 126 15
17 126 15
16 126 15
15 126 15
14 126 15
13 126 15
12 126 15
11 126 15
10 126 15
9 126 15
8 126 15
7 126 15
6 126 15
6 125 15
6 124 15
5 124 15
5 123 15
5 122 15
42 146 15
42 147 15
42 147 3
42 148 15
42 148 3
42 149 15
42 149 3
42 150 15
42 150 3
42 150 3
43 150 15
43 150 3
43 150 3
44 150 15
44 150 3
44 150 3
45 150 15
45 150 3
45 150 3
45 150 3
45 151 15
45 151 3
45 151 3
45 151 3
45 152 15
45 152 3
45 152 3
45 152 3
45 153 15
45 153 3
45 153 3
45 153 3
45 153 3
45 154 15
45 154 3
45 154 3
45 154 3
45 154 3
45 155 15
45 155 3
45 155 3
45 155 3
45 155 3
45 155 3
45 156 15
45 156 3
45 156 3
45 156 3
45 156 3
45 156 3
45 157 15
45 157 3
45 157 3
45 157 3
45 157 3
45 158 15
45 158 3
45 158 3
45 158 3
45 158 3
45 159 15
45 159 3
45 159 3
45 159 3
45 160 15
45 160 3
45 160 3
45 161 15
45 161 3
45 162 15
45 162 3
45 163 15
45 164 17
45 165 21
45 166 26
45 167 29
45 168 31
45 169 32
45 170 32
45 171 31
45 172 29
45 173 25
45 174 21
45 175 17
45 176 15
45 177 15
45 178 15
46 178 15
46 179 15
47 179 15
109 183 15
108 183 15
107 183 15
106 183 15
105 183 15
104 183 15
104 184 15
103 184 15
103 185 15
103 185 3
102 185 15
102 185 3
101 185 15
101 185 3
101 185 3
101 186 15
101 186 3
101 186 3
100 186 15
100 186 3
100 186 3
100 186 3
99 186 15
99 186 3
99 186 3
99 186 3
99 186 3
98 186 15
98 186 3
98 186 3
98 186 3
98 186 3
98 186 3
97 186 15
97 186 3
97 186 3
97 186 3
97 186 3
97 186 3
97 186 3
96 186 15
96 186 3
96 186 3
96 186 3
96 186 3
96 186 3
96 186 3
96 186 3
95 186 15
95 186 3
95 186 3
95 186 3
95 186 3
95 186 3
95 186 3
95 186 3
95 186 3
95 186 3
94 186 15
94 186 3
94 186 3
94 186 3
94 186 3
94 186 3
94 186 3
94 186 3
94 186 3
94 186 3
94 186 3
93 186 15
93 186 3
93 186 3
93 186 3
93 186 3
93 186 3
93 186 3
93 186 3
93 186 3
93 186 3
93 186 3
93 186 3
92 186 15
92 186 3
92 186 3
92 186 3
92 186 3
92 186 3
92 186 3
92 186 3
92 186 3
92 186 3
92 186 3
92 186 3
92 186 3
91 186 15
91 186 3
91 186 3
91 186 3
91 186 3
91 186 3
91 186 3
91 186 3
91 186 3
91 186 3
91 186 3
91 186 3
91 186 3
90 186 15
90 186 3
90 186 3
90 186 3
90 186 3
90 186 3
90 186 3
90 186 3
90 186 3
90 186 3
90 186 3
90 186 3
90 186 3
90 186 3
89 186 15
89 186 3
89 186 3
89 186 3
89 186 3
89 186 3
89 186 3
89 186 3
89 186 3
89 186 3
89 186 3
89 186 3
89 186 3
89 186 3
89 186 3
88 186 15
88 186 3
88 186 3
88 186 3
88 186 3
88 186 3
88 186 3
88 186 3
88 186 3
88 186 3
88 186 3
88 186 3
88 186 3
88 186 3
88 186 3
87 186 16
87 186 3
87 186 3
87 186 3
87 186 3
87 186 3
87 186 3
87 186 3
87 186 3
87 186 3
87 186 3
87 186 3
87 186 3
87 186 3
86 186 22
86 186 3
86 186 3
86 186 3
86 186 3
86 186 3
86 186 3
86 186 3
86 186 3
86 186 3
86 186 3
86 186 3
85 186 28
85 186 3
85 186 3
85 186 3
85 186 3
85 186 3
85 186 3
85 186 3
85 186 3
85 186 3
84 186 33
84 186 3
84 186 3
84 186 3
84 186 3
84 186 3
84 186 3
84 186 3
84 186 3
83 186 38
83 186 3
83 186 3
83 186 3
83 186 3
83 186 3
83 186 3
83 186 3
82 186 42
82 186 3
82 186 3
82 186 3
82 186 3
82 186 3
82 186 3
81 186 46
81 186 3
81 186 3
81 186 3
81 186 3
81 186 3
80 186 49
80 186 3
80 186 3
80 186 3
80 186 3
80 186 3
80 186 3
79 186 51
79 186 3
79 186 3
79 186 3
79 186 3
79 186 3
79 186 3
78 186 52
78 186 3
78 186 3
78 186 3
78 186 3
78 186 3
78 186 3
78 186 3
77 186 53
77 186 3
77 186 3
77 186 3
77 186 3
77 186 3
77 186 3
77 186 3
77 186 3
77 185 52
77 185 3
77 185 3
77 185 3
77 185 3
77 185 3
77 185 3
76 185 50
76 185 3
76 185 3
76 185 3
76 185 3
76 185 3
76 185 3
76 185 3
75 185 47
75 185 3
75 185 3
75 185 3
75 185 3
75 185 3
75 185 3
75 185 3
74 185 44
74 185 3
74 185 3
74 185 3
74 185 3
74 185 3
74 185 3
74 185 3
74 184 40
74 184 3
74 184 3
74 184 3
74 184 3
74 184 3
74 184 3
73 184 35
73 184 3
73 184 3
73 184 3
73 184 3
73 184 3
73 184 3
72 184 30
72 184 3
72 184 3
72 184 3
72 184 3
72 184 3
72 184 3
72 184 3
71 184 26
71 184 3
71 184 3
71 184 3
71 184 3
71 184 3
71 184 3
71 184 3
70 184 22
70 184 3
70 184 3
70 184 3
70 184 3
70 184 3
70 184 3
70 184 3
69 184 18
69 184 3
69 184 3
69 184 3
69 184 3
69 184 3
69 184 3
69 184 3
68 184 15
68 184 3
68 184 3
68 184 3
68 184 3
68 184 3
68 184 3
68 184 3
67 184 15
67 184 3
67 184 3
67 184 3
67 184 3
67 184 3
67 184 3
66 184 15
66 184 3
66 184 3
66 184 3
66 184 3
65 184 15
65 184 3
65 184 3
65 184 3
64 184 15
64 184 3
64 184 3
63 184 15
63 184 3
62 184 15
62 184 3
61 184 15
60 184 15
59 184 15
58 184 15
57 184 15
56 184 15
55 184 15
54 184 15
53 184 15
52 184 15
52 183 15
51 183 15
50 183 15
49 183 15
49 182 15
49 181 15
48 181 15
48 180 15
110 182 15
110 181 15
110 180 15
110 179 15
111 179 15
112 179 15
113 179 15
113 178 15
113 177 15
114 177 15
115 177 15
116 177 15
117 177 15
117 176 15
118 176 15
119 176 15
120 176 15
121 176 15
143 177 318
143 177 3
143 177 3
143 177 3
143 177 3
143 177 3
143 177 3
143 177 3
143 177 3
143 177 3
142 177 291
142 177 3
142 177 3
142 177 3
142 177 3
142 177 3
142 177 3
142 177 3
142 177 3
142 177 3
142 177 3
142 177 3
142 177 3
142 177 3
142 177 3
142 177 3
142 177 3
142 177 3
141 177 266
141 177 3
141 177 3
141 177 3
141 177 3
141 177 3
141 177 3
141 177 3
141 177 3
141 177 3
141 177 3
141 177 3
141 177 3
141 177 3
141 177 3
141 177 3
141 177 3
141 177 3
141 177 3
141 177 3
141 177 3
141 177 3
141 177 3
141 177 3
141 177 3
141 177 3
140 177 244
140 177 3
140 177 3
140 177 3
140 177 3
140 177 3
140 177 3
140 177 3
140 177 3
140 177 3
140 177 3
140 177 3
140 177 3
140 177 3
140 177 3
140 177 3
140 177 3
140 177 3
140 177 3
140 177 3
140 177 3
140 177 3
140 177 3
140 177 3
140 177 3
140 177 3
140 177 3
140 177 3
140 177 3
140 177 3
140 177 3
140 177 3
139 177 224
139 177 3
139 177 3
139 177 3
139 177 3
139 177 3
139 177 3
139 177 3
139 177 3
139 177 3
139 177 3
139 177 3
139 177 3
139 177 3
139 177 3
139 177 3
139 177 3
139 177 3
139 177 3
139 177 3
139 177 3
139 177 3
139 177 3
139 177 3
139 177 3
139 177 3
139 177 3
139 177 3
139 177 3
139 177 3
139 177 3
139 177 3
139 177 3
139 177 3
139 177 3
139 177 3
138 177 205
138 177 3
138 177 3
138 177 3
138 177 3
138 177 3
138 177 3
138 177 3
138 177 3
138 177 3
138 177 3
138 177 3
138 177 3
138 177 3
138 177 3
138 177 3
138 177 3
138 177 3
138 177 3
138 177 3
138 177 3
138 177 3
138 177 3
138 177 3
138 177 3
138 177 3
138 177 3
138 177 3
138 177 3
138 177 3
138 177 3
138 177 3
138 177 3
138 177 3
138 177 3
138 177 3
138 177 3
138 177 3
137 177 189
137 177 3
137 177 3
137 177 3
137 177 3
137 177 3
137 177 3
137 177 3
137 177 3
137 177 3
137 177 3
137 177 3
137 177 3
137 177 3
137 177 3
137 177 3
137 177 3
137 177 3
137 177 3
137 177 3
137 177 3
137 177 3
137 177 3
137 177 3
137 177 3
137 177 3
137 177 3
137 177 3
137 177 3
137 177 3
137 177 3
137 177 3
137 177 3
137 177 3
137 177 3
137 177 3
136 177 173
136 177 3
136 177 3
136 177 3
136 177 3
136 177 3
136 177 3
136 177 3
136 177 3
136 177 3
136 177 3
136 177 3
136 177 3
136 177 3
136 177 3
136 177 3
136 177 3
136 177 3
136 177 3
136 177 3
136 177 3
136 177 3
136 177 3
136 177 3
136 177 3
136 177 3
136 177 3
136 177 3
136 177 3
136 177 3
136 177 3
136 177 3
135 177 159
135 177 3
135 177 3
135 177 3
135 177 3
135 177 3
135 177 3
135 177 3
135 177 3
135 177 3
135 177 3
135 177 3
135 177 3
135 177 3
135 177 3
135 177 3
135 177 3
135 177 3
135 177 3
135 177 3
135 177 3
135 177 3
135 177 3
135 177 3
135 177 3
135 177 3
134 177 146
134 177 3
134 177 3
134 177 3
134 177 3
134 177 3
134 177 3
134 177 3
134 177 3
134 177 3
134 177 3
134 177 3
134 177 3
134 177 3
134 177 3
134 177 3
134 177 3
134 177 3
134 177 3
133 177 133
133 177 3
133 177 3
133 177 3
133 177 3
133 177 3
133 177 3
133 177 3
133 177 3
133 177 3
133 177 3
133 177 3
132 177 121
132 177 3
132 177 3
132 177 3
132 177 3
131 177 109
130 177 97
129 177 86
128 177 74
127 177 64
126 177 53
125 177 44
124 177 34
123 177 26
122 177 18
144 178 375
144 179 407
145 179 442
146 179 479
147 179 518
148 179 560
149 179 603
150 179 648
151 179 694
152 179 739
153 179 785
154 179 831
155 179 875
156 179 918
156 179 3
156 179 3
156 179 3
156 179 3
156 179 3
156 179 3
156 179 3
156 179 3
156 179 3
157 179 959
157 179 3
157 179 3
157 179 3
157 179 3
157 179 3
157 179 3
157 179 3
157 179 3
157 179 3
157 179 3
157 179 3
157 179 3
157 179 3
157 179 3
157 179 3
157 179 3
157 179 3
157 179 3
157 179 3
157 179 3
157 179 3
157 179 3
157 179 3
157 179 3
157 179 3
158 179 998
158 179 3
158 179 3
158 179 3
158 179 3
158 179 3
158 179 3
158 179 3
158 179 3
158 179 3
158 179 3
158 179 3
158 179 3
158 179 3
158 179 3
158 179 3
158 179 3
158 179 3
158 179 3
158 179 3
158 179 3
158 179 3
158 179 3
158 179 3
158 179 3
158 179 3
158 179 3
158 179 3
158 179 3
158 179 3
158 179 3
158 179 3
158 179 3
158 179 3
158 179 3
158 179 3
158 179 3
158 179 3
159 179 1035
159 179 3
159 179 3
159 179 3
159 179 3
159 179 3
159 179 3
159 179 3
159 179 3
159 179 3
159 179 3
159 179 3
159 179 3
159 179 3
159 179 3
159 179 3
159 179 3
159 179 3
159 179 3
159 179 3
159 179 3
159 179 3
159 179 3
159 179 3
159 179 3
159 179 3
159 179 3
159 179 3
159 179 3
159 179 3
159 179 3
159 179 3
159 179 3
159 179 3
159 179 3
159 179 3
159 179 3
159 179 3
159 179 3
159 179 3
159 179 3
159 179 3
159 179 3
159 179 3
159 179 3
160 179 1069
160 179 3
160 179 3
160 179 3
160 179 3
160 179 3
160 179 3
160 179 3
160 179 3
160 179 3
160 179 3
160 179 3
160 179 3
160 179 3
160 179 3
160 179 3
160 179 3
160 179 3
160 179 3
160 179 3
160 179 3
160 179 3
160 179 3
160 179 3
160 179 3
160 179 3
160 179 3
160 179 3
160 179 3
160 179 3
160 179 3
160 179 3
160 179 3
160 179 3
160 179 3
160 179 3
160 179 3
160 179 3
160 179 3
160 179 3
160 179 3
160 179 3
160 179 3
160 179 3
160 179 3
161 179 1101
161 179 3
161 179 3
161 179 3
161 179 3
161 179 3
161 179 3
161 179 3
161 179 3
161 179 3
161 179 3
161 179 3
161 179 3
161 179 3
161 179 3
161 179 3
161 179 3
161 179 3
161 179 3
161 179 3
161 179 3
161 179 3
161 179 3
161 179 3
161 179 3
161 179 3
161 179 3
161 179 3
161 179 3
161 179 3
161 179 3
161 179 3
161 179 3
161 179 3
161 179 3
161 179 3
161 179 3
162 179 1130
162 179 3
162 179 3
162 179 3
162 179 3
162 179 3
162 179 3
162 179 3
162 179 3
162 179 3
162 179 3
162 179 3
162 179 3
162 179 3
162 179 3
162 179 3
162 179 3
162 179 3
162 179 3
162 179 3
162 179 3
162 179 3
41 141 15
41 140 15
41 139 15
41 138 15
41 138 3
41 137 15
41 137 3
41 137 3
41 136 19
41 136 3
41 136 3
41 135 30
41 135 3
41 134 44
42 134 60
42 133 80
166 91 76
166 91 3
166 91 3
166 91 3
166 91 3
166 91 3
166 91 3
166 90 56
166 90 3
166 90 3
166 90 3
166 90 3
166 90 3
166 90 3
166 90 3
166 90 3
166 90 3
166 90 3
166 90 3
166 89 43
166 89 3
166 89 3
166 89 3
166 89 3
166 89 3
166 89 3
166 89 3
166 89 3
166 89 3
166 89 3
166 89 3
166 89 3
166 89 3
166 88 35
166 88 3
166 88 3
166 88 3
166 88 3
166 88 3
166 88 3
166 88 3
166 88 3
166 88 3
166 88 3
166 88 3
166 88 3
166 88 3
166 88 3
166 88 3
166 87 33
166 87 3
166 87 3
166 87 3
166 87 3
166 87 3
166 87 3
166 87 3
166 87 3
166 87 3
166 87 3
166 87 3
166 87 3
166 87 3
166 87 3
166 86 38
166 86 3
166 86 3
166 86 3
166 86 3
166 86 3
166 86 3
166 86 3
166 86 3
166 86 3
166 86 3
166 86 3
166 86 3
166 86 3
167 86 45
167 86 3
167 86 3
167 86 3
167 86 3
167 86 3
167 86 3
167 86 3
167 86 3
167 86 3
167 86 3
167 86 3
167 86 3
168 86 52
168 86 3
168 86 3
168 86 3
168 86 3
168 86 3
168 86 3
168 86 3
168 86 3
168 86 3
168 86 3
168 86 3
168 85 58
168 85 3
168 85 3
168 85 3
168 85 3
168 85 3
168 85 3
168 85 3
168 85 3
168 85 3
169 85 62
169 85 3
169 85 3
169 85 3
169 85 3
169 85 3
169 85 3
169 85 3
169 85 3
170 85 66
170 85 3
170 85 3
170 85 3
170 85 3
170 85 3
170 85 3
170 85 3
171 85 69
171 85 3
171 85 3
171 85 3
171 85 3
171 85 3
172 85 74
172 85 3
172 85 3
172 85 3
172 84 76
172 84 3
172 84 3
172 84 3
173 84 79
173 84 3
173 84 3
174 84 84
174 84 3
174 84 3
174 84 3
175 84 91
175 84 3
175 84 3
175 84 3
176 84 100
176 84 3
176 84 3
177 83 109
177 83 3
177 83 3
177 82 111
177 82 3
177 82 3
177 82 3
177 82 3
177 82 3
177 81 118
177 81 3
177 81 3
177 81 3
177 81 3
177 81 3
177 81 3
177 81 3
178 81 126
178 81 3
178 81 3
178 81 3
178 81 3
178 81 3
178 81 3
178 81 3
178 81 3
178 81 3
178 80 135
178 80 3
178 80 3
178 80 3
178 80 3
178 80 3
178 80 3
178 80 3
178 80 3
178 80 3
178 80 3
178 80 3
178 80 3
179 80 143
179 80 3
179 80 3
179 80 3
179 80 3
179 80 3
179 80 3
179 80 3
179 80 3
179 80 3
179 80 3
179 80 3
179 80 3
179 80 3
179 80 3
179 80 3
179 80 3
179 79 153
179 79 3
179 79 3
179 79 3
179 79 3
179 79 3
179 79 3
179 79 3
179 79 3
179 79 3
179 79 3
179 79 3
179 79 3
179 79 3
179 79 3
179 79 3
179 79 3
179 79 3
179 79 3
179 79 3
180 79 161
180 79 3
180 79 3
180 79 3
180 79 3
180 79 3
180 79 3
180 79 3
180 79 3
180 79 3
180 79 3
180 79 3
180 79 3
180 79 3
180 79 3
180 79 3
180 79 3
180 79 3
180 79 3
180 79 3
180 79 3
180 79 3
180 79 3
180 79 3
180 79 3
180 78 171
180 78 3
180 78 3
180 78 3
180 78 3
180 78 3
180 78 3
180 78 3
180 78 3
180 78 3
180 78 3
180 78 3
180 78 3
180 78 3
180 78 3
180 78 3
180 78 3
180 78 3
180 78 3
180 78 3
180 78 3
180 78 3
180 78 3
180 78 3
180 78 3
180 78 3
180 78 3
181 78 180
181 78 3
181 78 3
181 78 3
181 78 3
181 78 3
181 78 3
181 78 3
181 78 3
181 78 3
181 78 3
181 78 3
181 78 3
181 78 3
181 78 3
181 78 3
181 78 3
181 78 3
181 78 3
181 78 3
181 78 3
181 78 3
181 78 3
181 78 3
181 78 3
181 78 3
181 78 3
181 78 3
181 78 3
181 78 3
181 78 3
181 78 3
181 77 189
181 77 3
181 77 3
181 77 3
181 77 3
181 77 3
181 77 3
181 77 3
181 77 3
181 77 3
181 77 3
181 77 3
181 77 3
181 77 3
181 77 3
181 77 3
181 77 3
181 77 3
181 77 3
181 77 3
181 77 3
181 77 3
181 77 3
181 77 3
181 77 3
181 77 3
181 77 3
181 77 3
181 77 3
181 77 3
181 77 3
181 77 3
181 77 3
181 77 3
182 77 198
182 77 3
182 77 3
182 77 3
182 77 3
182 77 3
182 77 3
182 77 3
182 77 3
182 77 3
182 77 3
182 77 3
182 77 3
182 77 3
182 77 3
182 77 3
182 77 3
182 77 3
182 77 3
182 77 3
182 77 3
182 77 3
182 77 3
182 77 3
182 77 3
182 77 3
182 77 3
182 77 3
182 77 3
182 77 3
182 77 3
182 77 3
182 77 3
182 77 3
182 77 3
182 77 3
182 77 3
182 77 3
182 77 3
182 76 205
182 76 3
182 76 3
182 76 3
182 76 3
182 76 3
182 76 3
182 76 3
182 76 3
182 76 3
182 76 3
182 76 3
182 76 3
182 76 3
182 76 3
182 76 3
182 76 3
182 76 3
182 76 3
182 76 3
182 76 3
182 76 3
182 76 3
182 76 3
182 76 3
182 76 3
182 76 3
182 76 3
182 76 3
182 76 3
182 76 3
182 76 3
182 76 3
182 76 3
182 76 3
182 76 3
182 76 3
182 76 3
182 76 3
182 76 3
182 76 3
183 76 213
183 76 3
183 76 3
183 76 3
183 76 3
183 76 3
183 76 3
183 76 3
183 76 3
183 76 3
183 76 3
183 76 3
183 76 3
183 76 3
183 76 3
183 76 3
183 76 3
183 76 3
183 76 3
183 76 3
183 76 3
183 76 3
183 76 3
183 76 3
183 76 3
183 76 3
183 76 3
183 76 3
183 76 3
183 76 3
183 76 3
183 76 3
183 76 3
183 76 3
183 76 3
183 76 3
183 76 3
183 76 3
183 76 3
183 76 3
183 76 3
183 76 3
183 76 3
183 76 3
183 76 3
183 76 3
183 75 217
183 75 3
183 75 3
183 75 3
183 75 3
183 75 3
183 75 3
183 75 3
183 75 3
183 75 3
183 75 3
183 75 3
183 75 3
183 75 3
183 75 3
183 75 3
183 75 3
183 75 3
183 75 3
183 75 3
183 75 3
183 75 3
183 75 3
183 75 3
183 75 3
183 75 3
183 75 3
183 75 3
183 75 3
183 75 3
183 75 3
183 75 3
183 75 3
183 75 3
183 75 3
183 75 3
183 75 3
183 75 3
183 75 3
183 75 3
183 75 3
183 75 3
183 75 3
183 75 3
183 75 3
183 75 3
183 75 3
183 75 3
183 75 3
183 74 222
183 74 3
183 74 3
183 74 3
183 74 3
183 74 3
183 74 3
183 74 3
183 74 3
183 74 3
183 74 3
183 74 3
183 74 3
183 74 3
183 74 3
183 74 3
183 74 3
183 74 3
183 74 3
183 74 3
183 74 3
183 74 3
183 74 3
183 74 3
183 74 3
183 74 3
183 74 3
183 74 3
183 74 3
183 74 3
183 74 3
183 74 3
183 74 3
183 74 3
183 74 3
183 74 3
183 74 3
183 74 3
183 74 3
183 74 3
183 74 3
183 74 3
183 74 3
183 74 3
183 74 3
183 74 3
183 74 3
183 74 3
183 74 3
183 74 3
183 74 3
183 74 3
183 74 3
184 74 225
184 74 3
184 74 3
184 74 3
184 74 3
184 74 3
184 74 3
184 74 3
184 74 3
184 74 3
184 74 3
184 74 3
184 74 3
184 74 3
184 74 3
184 74 3
184 74 3
184 74 3
184 74 3
184 74 3
184 74 3
184 74 3
184 74 3
184 74 3
184 74 3
184 74 3
184 74 3
184 74 3
184 74 3
184 74 3
184 74 3
184 74 3
184 74 3
184 74 3
184 74 3
184 74 3
184 74 3
184 74 3
184 74 3
184 74 3
184 74 3
184 74 3
184 74 3
184 74 3
184 74 3
184 74 3
184 74 3
184 74 3
184 74 3
184 74 3
184 74 3
184 74 3
184 74 3
184 74 3
184 74 3
184 74 3
184 74 3
184 74 3
184 73 226
184 73 3
184 73 3
184 73 3
184 73 3
184 73 3
184 73 3
184 73 3
184 73 3
184 73 3
184 73 3
184 73 3
184 73 3
184 73 3
184 73 3
184 73 3
184 73 3
184 73 3
184 73 3
184 73 3
184 73 3
184 73 3
184 73 3
184 73 3
184 73 3
184 73 3
184 73 3
184 73 3
184 73 3
184 73 3
184 73 3
184 73 3
184 73 3
184 73 3
184 73 3
184 73 3
184 73 3
184 73 3
184 73 3
184 73 3
184 73 3
184 73 3
184 73 3
184 73 3
184 73 3
184 73 3
184 73 3
184 73 3
184 73 3
184 73 3
184 73 3
184 73 3
184 73 3
184 73 3
184 73 3
184 73 3
184 73 3
184 73 3
184 73 3
184 73 3
184 73 3
184 72 227
184 72 3
184 72 3
184 72 3
184 72 3
184 72 3
184 72 3
184 72 3
184 72 3
184 72 3
184 72 3
184 72 3
184 72 3
184 72 3
184 72 3
184 72 3
184 72 3
184 72 3
184 72 3
184 72 3
184 72 3
184 72 3
184 72 3
184 72 3
184 72 3
184 72 3
184 72 3
184 72 3
184 72 3
184 72 3
184 72 3
184 72 3
184 72 3
184 72 3
184 72 3
184 72 3
184 72 3
184 72 3
184 72 3
184 72 3
184 72 3
184 72 3
184 72 3
184 72 3
184 72 3
184 72 3
184 72 3
184 72 3
184 72 3
184 72 3
184 72 3
184 72 3
184 72 3
184 72 3
184 72 3
184 72 3
184 72 3
184 72 3
184 72 3
184 72 3
184 72 3
184 72 3
185 72 224
185 72 3
185 72 3
185 72 3
185 72 3
185 72 3
185 72 3
185 72 3
185 72 3
185 72 3
185 72 3
185 72 3
185 72 3
185 72 3
185 72 3
185 72 3
185 72 3
185 72 3
185 72 3
185 72 3
185 72 3
185 72 3
185 72 3
185 72 3
185 72 3
185 72 3
185 72 3
185 72 3
185 72 3
185 72 3
185 72 3
185 72 3
185 72 3
185 72 3
185 72 3
185 72 3
185 72 3
185 72 3
185 72 3
185 72 3
185 72 3
185 72 3
185 72 3
185 72 3
185 72 3
185 72 3
185 72 3
185 72 3
185 72 3
185 72 3
185 72 3
185 72 3
185 72 3
185 72 3
185 72 3
185 72 3
185 72 3
185 72 3
185 72 3
185 72 3
185 72 3
185 72 3
185 72 3
185 72 3
185 72 3
185 72 3
185 72 3
185 71 221
185 71 3
185 71 3
185 71 3
185 71 3
185 71 3
185 71 3
185 71 3
185 71 3
185 71 3
185 71 3
185 71 3
185 71 3
185 71 3
185 71 3
185 71 3
185 71 3
185 71 3
185 71 3
185 71 3
185 71 3
185 71 3
185 71 3
185 71 3
185 71 3
185 71 3
185 71 3
185 71 3
185 71 3
185 71 3
185 71 3
185 71 3
185 71 3
185 71 3
185 71 3
185 71 3
185 71 3
185 71 3
185 71 3
185 71 3
185 71 3
185 71 3
185 71 3
185 71 3
185 71 3
185 71 3
185 71 3
185 71 3
185 71 3
185 71 3
185 71 3
185 71 3
185 71 3
185 71 3
185 71 3
185 71 3
185 71 3
185 71 3
185 71 3
185 71 3
185 71 3
185 71 3
185 71 3
185 71 3
185 71 3
186 71 216
186 71 3
186 71 3
186 71 3
186 71 3
186 71 3
186 71 3
186 71 3
186 71 3
186 71 3
186 71 3
186 71 3
186 71 3
186 71 3
186 71 3
186 71 3
186 71 3
186 71 3
186 71 3
186 71 3
186 71 3
186 71 3
186 71 3
186 71 3
186 71 3
186 71 3
186 71 3
186 71 3
186 71 3
186 71 3
186 71 3
186 71 3
186 71 3
186 71 3
186 71 3
186 71 3
186 71 3
186 71 3
186 71 3
186 71 3
186 71 3
186 71 3
186 71 3
186 71 3
186 71 3
186 71 3
186 71 3
186 71 3
186 71 3
186 71 3
186 71 3
186 71 3
186 71 3
186 71 3
186 71 3
186 71 3
186 71 3
186 71 3
186 71 3
186 71 3
186 71 3
186 71 3
186 71 3
186 71 3
186 71 3
186 71 3
186 71 3
186 71 3
186 70 208
186 70 3
186 70 3
186 70 3
186 70 3
186 70 3
186 70 3
186 70 3
186 70 3
186 70 3
186 70 3
186 70 3
186 70 3
186 70 3
186 70 3
186 70 3
186 70 3
186 70 3
186 70 3
186 70 3
186 70 3
186 70 3
186 70 3
186 70 3
186 70 3
186 70 3
186 70 3
186 70 3
186 70 3
186 70 3
186 70 3
186 70 3
186 70 3
186 70 3
186 70 3
186 70 3
186 70 3
186 70 3
186 70 3
186 70 3
186 70 3
186 70 3
186 70 3
186 70 3
186 70 3
186 70 3
186 70 3
186 70 3
186 70 3
186 70 3
186 70 3
186 70 3
186 70 3
186 70 3
186 70 3
186 70 3
186 70 3
186 70 3
186 70 3
186 70 3
186 70 3
186 70 3
186 70 3
186 69 200
186 69 3
186 69 3
186 69 3
186 69 3
186 69 3
186 69 3
186 69 3
186 69 3
186 69 3
186 69 3
186 69 3
186 69 3
186 69 3
186 69 3
186 69 3
186 69 3
186 69 3
186 69 3
186 69 3
186 69 3
186 69 3
186 69 3
186 69 3
186 69 3
186 69 3
186 69 3
186 69 3
186 69 3
186 69 3
186 69 3
186 69 3
186 69 3
186 69 3
186 69 3
186 69 3
186 69 3
186 69 3
186 69 3
186 69 3
186 69 3
186 69 3
186 69 3
186 69 3
186 69 3
186 69 3
186 69 3
186 69 3
186 69 3
186 69 3
186 69 3
186 69 3
186 69 3
186 69 3
187 69 190
187 69 3
187 69 3
187 69 3
187 69 3
187 69 3
187 69 3
187 69 3
187 69 3
187 69 3
187 69 3
187 69 3
187 69 3
187 69 3
187 69 3
187 69 3
187 69 3
187 69 3
187 69 3
187 69 3
187 69 3
187 69 3
187 69 3
187 69 3
187 69 3
187 69 3
187 69 3
187 69 3
187 69 3
187 69 3
187 69 3
187 69 3
187 69 3
187 69 3
187 69 3
187 69 3
187 69 3
187 69 3
187 69 3
187 69 3
187 69 3
187 69 3
187 69 3
187 69 3
187 69 3
187 69 3
187 69 3
187 69 3
187 69 3
187 69 3
187 69 3
187 69 3
187 69 3
187 69 3
187 69 3
187 68 178
187 68 3
187 68 3
187 68 3
187 68 3
187 68 3
187 68 3
187 68 3
187 68 3
187 68 3
187 68 3
187 68 3
187 68 3
187 68 3
187 68 3
187 68 3
187 68 3
187 68 3
187 68 3
187 68 3
187 68 3
187 68 3
187 68 3
187 68 3
187 68 3
187 68 3
187 68 3
187 68 3
187 68 3
187 68 3
187 68 3
187 68 3
187 68 3
187 68 3
187 68 3
187 68 3
187 68 3
187 68 3
187 68 3
187 68 3
187 68 3
187 68 3
187 68 3
187 68 3
187 68 3
187 67 166
187 67 3
187 67 3
187 67 3
187 67 3
187 67 3
187 67 3
187 67 3
187 67 3
187 67 3
187 67 3
187 67 3
187 67 3
187 67 3
187 67 3
187 67 3
187 67 3
187 67 3
187 67 3
187 67 3
187 67 3
187 67 3
187 67 3
187 67 3
187 67 3
187 67 3
187 67 3
187 67 3
187 67 3
187 67 3
187 67 3
187 67 3
187 67 3
187 67 3
188 67 151
188 67 3
188 67 3
188 67 3
188 67 3
188 67 3
188 67 3
188 67 3
188 67 3
188 67 3
188 67 3
188 67 3
188 67 3
188 67 3
188 67 3
188 67 3
188 67 3
188 67 3
188 67 3
188 67 3
188 67 3
188 67 3
188 67 3
188 67 3
188 67 3
188 67 3
188 67 3
188 67 3
188 67 3
188 67 3
188 67 3
188 67 3
188 67 3
188 67 3
188 67 3
188 67 3
188 66 137
188 66 3
188 66 3
188 66 3
188 66 3
188 66 3
188 66 3
188 66 3
188 66 3
188 66 3
188 66 3
188 66 3
188 66 3
188 66 3
188 66 3
188 66 3
188 66 3
188 66 3
188 66 3
188 66 3
188 66 3
188 66 3
188 66 3
188 66 3
188 66 3
188 66 3
188 66 3
189 66 122
189 66 3
189 66 3
189 66 3
189 66 3
189 66 3
189 66 3
189 66 3
189 66 3
189 66 3
189 66 3
189 66 3
189 66 3
189 66 3
189 66 3
189 66 3
189 66 3
189 66 3
189 66 3
189 66 3
189 66 3
189 66 3
189 66 3
189 66 3
189 66 3
189 66 3
189 66 3
189 66 3
189 65 106
189 65 3
189 65 3
189 65 3
189 65 3
189 65 3
189 65 3
189 65 3
189 65 3
189 65 3
189 65 3
189 65 3
189 65 3
189 65 3
189 65 3
189 65 3
189 65 3
189 65 3
189 65 3
189 65 3
189 65 3
189 65 3
189 64 91
189 64 3
189 64 3
189 64 3
189 64 3
189 64 3
189 64 3
189 64 3
189 64 3
189 64 3
189 64 3
189 64 3
189 64 3
189 64 3
189 64 3
189 64 3
189 64 3
189 64 3
190 64 75
190 64 3
190 64 3
190 64 3
190 64 3
190 64 3
190 64 3
190 64 3
190 64 3
190 64 3
190 64 3
190 64 3
190 64 3
190 64 3
190 64 3
190 64 3
190 64 3
190 64 3
190 64 3
190 64 3
190 64 3
190 63 60
190 63 3
190 63 3
190 63 3
190 63 3
190 63 3
190 63 3
190 63 3
190 63 3
190 63 3
190 63 3
190 63 3
190 63 3
190 63 3
190 63 3
190 63 3
190 63 3
190 63 3
190 63 3
191 63 46
191 63 3
191 63 3
191 63 3
191 63 3
191 63 3
191 63 3
191 63 3
191 63 3
191 63 3
191 63 3
191 63 3
191 63 3
191 63 3
191 63 3
191 63 3
191 63 3
191 63 3
191 63 3
191 63 3
191 63 3
191 63 3
191 62 33
191 62 3
191 62 3
191 62 3
191 62 3
191 62 3
191 62 3
191 62 3
191 62 3
191 62 3
191 62 3
191 62 3
191 62 3
191 62 3
191 62 3
191 62 3
191 62 3
191 62 3
191 62 3
191 62 3
191 62 3
191 62 3
192 62 22
192 62 3
192 62 3
192 62 3
192 62 3
192 62 3
192 62 3
192 62 3
192 62 3
192 62 3
192 62 3
192 62 3
192 62 3
192 62 3
192 62 3
192 62 3
192 62 3
192 62 3
192 62 3
192 62 3
192 62 3
192 62 3
192 62 3
192 62 3
192 62 3
192 61 15
192 61 3
192 61 3
192 61 3
192 61 3
192 61 3
192 61 3
192 61 3
192 61 3
192 61 3
192 61 3
192 61 3
192 61 3
192 61 3
192 61 3
192 61 3
192 61 3
192 61 3
192 61 3
192 61 3
192 61 3
192 61 3
192 61 3
192 61 3
192 60 15
192 60 3
192 60 3
192 60 3
192 60 3
192 60 3
192 60 3
192 60 3
192 60 3
192 60 3
192 60 3
192 60 3
192 60 3
192 60 3
192 60 3
192 60 3
192 60 3
192 60 3
192 60 3
192 60 3
192 60 3
192 59 15
192 59 3
192 59 3
192 59 3
192 59 3
192 59 3
192 59 3
192 59 3
192 59 3
192 59 3
192 59 3
192 59 3
192 59 3
192 59 3
192 59 3
192 59 3
192 59 3
192 59 3
192 59 3
192 59 3
192 58 15
192 58 3
192 58 3
192 58 3
192 58 3
192 58 3
192 58 3
192 58 3
192 58 3
192 58 3
192 58 3
192 58 3
192 58 3
192 58 3
192 58 3
192 58 3
192 58 3
192 58 3
192 58 3
193 58 15
193 58 3
193 58 3
193 58 3
193 58 3
193 58 3
193 58 3
193 58 3
193 58 3
193 58 3
193 58 3
193 58 3
193 58 3
193 58 3
193 58 3
193 58 3
193 58 3
193 58 3
194 58 15
194 58 3
194 58 3
194 58 3
194 58 3
194 58 3
194 58 3
194 58 3
194 58 3
194 58 3
194 58 3
194 58 3
194 58 3
194 58 3
194 58 3
194 58 3
194 58 3
194 58 3
195 58 15
195 58 3
195 58 3
195 58 3
195 58 3
195 58 3
195 58 3
195 58 3
195 58 3
195 58 3
195 58 3
195 58 3
195 58 3
195 58 3
195 58 3
195 58 3
195 58 3
195 58 3
195 58 3
196 58 15
196 58 3
196 58 3
196 58 3
196 58 3
196 58 3
196 58 3
196 58 3
196 58 3
196 58 3
196 58 3
196 58 3
196 58 3
196 58 3
196 58 3
196 58 3
196 58 3
196 58 3
196 58 3
196 58 3
196 58 3
196 57 15
196 57 3
196 57 3
196 57 3
196 57 3
196 57 3
196 57 3
196 57 3
196 57 3
196 57 3
196 57 3
196 57 3
196 57 3
196 57 3
196 57 3
196 57 3
196 57 3
196 57 3
196 57 3
196 57 3
196 56 18
196 56 3
196 56 3
196 56 3
196 56 3
196 56 3
196 56 3
196 56 3
196 56 3
196 56 3
196 56 3
196 56 3
196 56 3
196 56 3
196 56 3
196 56 3
196 56 3
196 56 3
196 56 3
197 56 32
197 56 3
197 56 3
197 56 3
197 56 3
197 56 3
197 56 3
197 56 3
197 56 3
197 56 3
197 56 3
197 56 3
197 56 3
197 56 3
197 56 3
197 56 3
197 56 3
197 55 48
197 55 3
197 55 3
197 55 3
197 55 3
197 55 3
197 55 3
197 55 3
197 55 3
197 55 3
197 55 3
197 55 3
197 55 3
197 54 71
197 54 3
197 54 3
197 54 3
197 54 3
197 54 3
197 54 3
197 54 3
197 53 100
197 53 3
197 52 133
197 51 171
197 50 212
197 49 256
197 48 300
197 47 345
197 46 390
197 45 432
197 44 471
197 43 506
197 43 3
197 43 3
197 43 3
197 43 3
197 42 536
197 42 3
197 42 3
197 42 3
197 42 3
197 42 3
197 42 3
197 42 3
197 41 561
197 41 3
197 41 3
197 41 3
197 41 3
197 41 3
197 41 3
197 41 3
197 41 3
197 40 580
197 40 3
197 40 3
197 40 3
197 40 3
197 40 3
197 40 3
197 40 3
197 40 3
197 40 3
197 39 592
197 39 3
197 39 3
197 39 3
197 39 3
197 39 3
197 39 3
197 39 3
197 39 3
197 38 598
197 38 3
197 38 3
197 38 3
197 38 3
197 38 3
197 36 589
197 35 576
197 34 557
197 33 533
197 32 505
197 31 474
197 30 441
197 29 407
197 28 372
197 27 337
197 26 304
197 25 272
197 24 243
197 23 216
197 21 172
197 20 153
197 19 138
197 18 125
197 17 114
197 16 104
197 15 96
197 14 88
197 13 81
196 13 73
196 12 64
196 11 54
196 10 44
196 9 34
196 8 25
97 81 15
96 81 15
96 82 15
96 83 15
96 84 15
96 85 15
96 86 15
96 87 15
96 88 15
96 89 15
96 90 15
96 91 15
96 92 15
95 92 15
95 93 15
94 93 15
93 93 15
93 94 15
93 95 15
93 96 15
92 96 15
92 97 15
92 98 15
92 99 15
91 99 15
90 100 15
90 101 15
90 102 15
89 102 15
88 102 15
87 102 15
86 102 15
85 102 15
84 102 15
83 102 15
82 102 15
81 102 15
80 102 15
79 102 15
79 101 15
79 100 15
79 99 15
78 99 15
77 99 15
76 99 15
75 99 15
75 99 3
74 99 15
74 99 3
74 99 3
73 99 15
73 99 3
73 99 3
73 99 3
72 99 15
72 99 3
72 99 3
72 99 3
72 99 3
71 99 15
71 99 3
71 99 3
71 99 3
71 99 3
71 99 3
71 99 3
70 99 15
70 99 3
70 99 3
70 99 3
70 99 3
70 99 3
70 99 3
70 99 3
70 99 3
69 99 15
69 99 3
69 99 3
69 99 3
69 99 3
69 99 3
69 99 3
69 99 3
69 99 3
69 99 3
69 99 3
68 99 17
68 99 3
68 99 3
68 99 3
68 99 3
68 99 3
68 99 3
68 99 3
68 99 3
68 99 3
68 99 3
68 99 3
68 99 3
68 99 3
67 99 44
67 99 3
67 99 3
67 99 3
67 99 3
67 99 3
67 99 3
67 99 3
89 101 15
89 103 15
89 104 15
89 105 15
88 105 15
88 106 15
88 107 15
88 108 15
88 109 15
88 110 15
88 111 15
88 112 15
88 112 3
88 113 15
88 113 3
88 113 3
88 114 15
88 114 3
88 114 3
88 114 3
88 115 15
88 115 3
88 115 3
88 115 3
88 115 3
88 115 3
