199 152 533
101 37 533
86 79 533
28 164 533
160 181 533
29 85 533
191 118 533
142 145 533
8 185 533
166 52 533
166 52 523
166 52 523
5 59 533
116 15 533
102 23 533
24 178 533
199 138 533
190 132 533
17 79 533
17 66 533
11 171 533
162 170 533
153 152 533
151 164 533
96 73 533
98 86 533
199 124 533
88 92 533
141 157 533
189 146 533
0 178 533
93 59 533
103 52 533
39 171 533
149 175 533
187 159 533
36 184 533
174 165 533
0 192 533
7 199 533
21 191 533
0 165 533
14 158 533
114 31 533
1 151 533
5 72 533
34 198 533
173 176 533
29 72 533
41 157 533
29 151 533
185 171 533
16 144 533
198 165 533
90 44 533
3 138 533
3 138 523
164 158 533
176 152 533
106 66 533
166 146 533
108 80 533
30 137 533
30 137 523
48 191 533
51 178 533
53 164 533
53 164 523
76 85 533
178 139 533
62 185 533
62 185 523
41 78 533
179 125 533
167 132 533
155 139 533
41 91 533
41 91 523
78 99 533
78 99 523
139 169 533
43 144 533
43 144 523
89 30 533
128 24 533
128 24 523
60 198 533
60 198 523
197 177 533
184 183 533
172 188 533
83 65 533
74 72 533
64 78 533
17 131 533
17 131 523
17 131 523
51 72 533
62 65 533
80 51 533
71 58 533
160 193 533
148 187 533
138 181 533
53 164 523
73 192 533
73 192 523
73 192 523
78 37 533
171 199 533
184 194 533
196 189 533
43 144 523
43 144 523
69 45 533
59 52 533
50 59 533
30 137 523
30 137 523
30 137 523
39 65 533
196 199 533
196 199 523
144 132 533
156 126 533
168 119 533
83 199 533
83 199 523
83 199 523
83 199 523
74 178 533
74 178 523
74 178 523
74 178 523
180 112 533
115 46 533
116 60 533
4 125 533
4 125 523
4 112 533
4 99 533
17 92 533
128 175 533
129 163 533
131 151 533
132 138 533
121 143 533
119 156 533
118 168 533
110 149 533
108 161 533
117 180 533
127 187 533
137 193 533
148 199 533
107 174 533
107 174 523
98 154 533
98 154 523
126 199 533
116 193 533
116 193 523
122 130 533
133 124 533
145 118 533
156 112 533
168 105 533
168 105 523
111 136 533
145 105 533
145 105 523
112 122 533
123 116 533
111 108 533
100 100 533
116 16 280
116 17 261
115 17 245
115 18 229
115 19 218
114 19 206
114 20 197
113 20 189
113 21 184
112 21 179
112 21 473
112 22 176
112 22 473
111 22 175
111 22 473
111 23 174
111 23 473
110 23 175
110 23 473
110 24 176
110 24 473
109 24 179
109 24 473
109 25 181
109 25 473
109 26 185
109 26 473
108 26 188
108 26 473
108 27 193
108 27 473
107 27 197
107 27 473
107 28 202
106 28 207
106 29 212
105 29 216
105 30 221
104 30 225
103 30 230
103 31 234
102 31 238
101 31 241
101 32 244
101 33 248
101 34 253
101 35 258
101 36 264
99 86 254
100 86 255
100 85 258
101 85 260
101 84 262
101 83 263
101 82 265
101 81 266
101 80 267
101 79 268
101 78 269
101 77 269
101 76 270
101 75 270
101 74 270
101 73 270
101 72 270
101 71 270
101 70 270
101 69 269
101 68 269
101 67 268
101 66 268
101 65 268
101 64 268
101 63 268
101 62 268
101 61 269
101 60 270
101 59 272
101 58 273
101 57 275
101 56 278
101 55 281
101 54 283
101 53 287
101 52 290
101 51 293
101 50 295
101 49 298
101 48 300
101 47 301
101 46 301
101 45 301
101 44 300
101 43 298
101 42 295
101 41 292
101 40 287
101 39 282
101 38 276
110 108 285
109 108 287
109 107 288
109 106 291
108 106 291
108 105 291
107 105 292
107 104 291
107 103 291
106 103 289
106 102 287
105 102 285
105 101 282
105 100 281
104 100 277
103 100 276
102 100 278
101 100 282
100 99 278
100 98 268
100 97 261
100 96 255
100 95 251
100 94 248
100 93 246
99 93 245
99 92 243
98 92 243
98 91 242
98 90 243
98 89 244
98 88 247
98 87 249
111 109 280
111 109 473
111 110 275
111 110 473
111 111 273
111 111 473
112 111 268
112 111 473
112 112 264
112 112 473
113 112 261
113 112 473
113 113 256
113 113 473
113 114 253
113 114 473
114 114 248
114 114 473
114 115 244
114 115 473
115 115 241
115 115 473
115 116 237
115 117 234
116 117 231
116 118 229
117 118 227
117 119 225
117 120 224
118 120 224
118 121 223
118 122 224
119 122 225
119 123 226
120 123 228
120 124 230
120 125 232
121 125 235
121 126 238
121 127 241
122 127 245
122 128 248
122 129 252
123 130 259
124 130 263
125 130 267
126 130 269
127 130 272
128 130 274
129 130 275
130 130 276
131 130 276
132 130 276
132 131 277
132 132 279
132 133 280
132 134 281
132 135 282
132 136 283
132 137 284
133 138 282
134 138 280
135 138 277
136 138 275
137 138 274
138 138 273
138 139 272
138 140 271
139 140 271
139 141 270
139 142 269
139 143 268
139 144 267
139 145 267
140 145 266
141 145 266
165 146 263
164 146 264
163 146 266
162 146 267
161 146 269
160 146 271
159 146 272
158 146 274
157 146 275
156 146 276
155 146 277
154 146 278
153 146 278
152 146 278
151 146 277
150 146 277
149 146 276
148 146 274
147 146 273
146 146 271
145 146 270
144 146 268
143 146 267
142 146 266
167 146 261
168 146 261
169 146 261
170 146 262
171 146 263
172 146 264
173 146 267
174 146 269
175 146 272
176 146 275
177 146 278
178 146 280
179 146 283
180 146 285
181 146 286
182 146 287
183 146 287
184 146 285
185 146 283
186 146 280
187 146 276
188 146 272
190 146 263
190 145 265
190 144 267
190 143 269
190 142 270
190 141 272
190 140 273
190 139 274
190 138 275
190 137 275
190 136 275
190 135 274
190 134 272
190 133 270
190 131 263
190 130 258
190 129 253
190 128 248
190 127 242
190 126 237
190 125 232
190 124 228
190 123 225
190 122 223
190 121 223
190 120 226
190 119 232
190 118 240
191 146 259
192 146 256
192 147 254
192 148 252
192 149 250
192 150 248
192 151 246
193 151 245
193 152 243
194 152 243
195 152 246
196 152 252
197 152 261
198 152 274
165 147 264
164 147 265
164 148 267
164 149 268
164 150 270
164 151 272
164 152 274
164 153 276
164 154 278
164 155 279
164 156 280
164 157 280
164 159 279
164 160 278
164 161 276
164 162 275
164 163 273
164 164 272
164 165 270
164 166 269
164 167 268
164 168 267
164 169 267
164 170 267
163 170 268
162 171 270
162 172 271
161 172 271
160 172 272
160 173 273
160 174 274
160 175 275
160 176 276
160 177 278
160 178 279
160 179 280
160 180 281
97 86 252
96 86 252
95 86 252
94 86 253
93 86 253
92 86 253
91 86 254
90 86 254
89 86 255
88 86 255
88 85 255
87 85 255
86 85 255
86 84 254
86 83 254
86 82 256
86 81 259
86 80 262
5 60 271
5 61 247
5 62 229
6 62 214
6 63 200
7 63 191
7 64 181
7 65 176
8 65 171
8 66 170
9 66 169
9 67 171
10 67 173
10 68 177
11 68 182
11 69 188
12 69 195
12 70 201
13 70 209
13 71 216
14 71 224
14 72 230
15 72 237
15 73 242
16 73 248
16 74 252
17 74 256
17 75 258
17 76 260
17 77 262
17 78 264
4 111 271
4 110 252
4 109 238
4 108 227
4 107 221
5 107 217
5 106 212
5 105 211
6 105 210
6 104 210
7 104 212
7 103 213
7 102 216
8 102 219
8 101 222
8 100 228
9 100 231
9 99 236
10 99 240
10 98 244
10 97 250
11 97 253
11 96 257
12 96 261
12 95 264
12 94 268
13 94 269
13 93 271
14 93 273
14 92 274
15 92 276
16 92 280
17 91 281
17 90 276
17 89 272
17 88 270
17 87 269
17 86 268
17 85 268
17 84 268
17 83 268
17 82 268
17 81 267
17 80 267
4 113 322
4 114 353
4 115 388
4 116 427
4 117 468
4 117 473
4 118 512
4 118 473
4 119 558
4 119 473
4 120 604
4 120 473
4 121 651
4 121 473
4 122 697
4 122 473
4 123 742
4 123 473
4 124 783
4 124 473
4 126 855
4 127 883
4 128 905
4 129 921
4 130 929
4 131 929
4 131 473
4 132 922
4 132 473
4 133 906
4 133 473
4 134 884
4 134 473
4 135 854
4 135 473
4 136 817
4 136 473
4 137 776
4 137 473
4 138 729
4 138 473
4 139 679
4 139 473
4 140 627
4 140 473
4 141 573
4 141 473
4 142 520
4 142 473
4 143 468
4 143 473
4 144 418
4 144 473
4 144 473
4 145 372
4 145 473
4 145 473
4 146 330
4 146 473
4 146 473
5 146 292
5 146 473
5 146 473
5 147 256
5 147 473
5 147 473
6 147 223
6 147 473
6 147 473
7 147 193
7 147 473
7 147 473
7 148 165
7 148 473
7 148 473
8 148 141
8 148 473
8 148 473
8 149 121
8 149 473
8 149 473
9 149 103
9 149 473
10 149 89
10 149 473
10 150 79
10 150 473
11 150 70
11 150 473
12 150 65
12 150 473
13 150 64
13 150 473
13 151 62
13 151 473
14 151 64
14 151 473
14 152 70
14 152 473
14 153 85
14 153 473
14 154 105
14 154 473
14 155 131
14 156 161
14 157 192
13 158 220
12 158 215
11 158 210
11 158 473
10 158 205
10 158 473
9 158 201
9 158 473
8 158 198
8 158 473
8 159 217
8 159 473
8 160 235
8 160 473
8 161 252
8 162 265
8 163 275
8 164 283
8 165 287
8 166 288
8 167 287
8 168 283
8 169 278
8 170 272
8 171 265
8 172 257
8 173 250
8 174 244
8 175 239
8 176 235
8 177 232
8 178 230
8 179 229
8 180 230
8 181 231
8 182 232
8 183 234
8 184 235
15 156 163
16 156 164
17 156 164
18 156 163
19 156 161
20 156 158
21 156 153
22 156 146
23 156 139
23 156 473
24 156 130
24 156 473
25 156 121
26 156 112
27 156 103
28 156 95
28 157 92
28 158 98
28 159 112
28 160 132
28 161 156
28 162 182
28 163 210
18 79 261
19 79 258
20 79 254
21 79 251
22 79 248
23 79 244
24 79 241
25 79 238
26 79 235
27 79 232
28 79 230
29 79 229
29 80 233
29 81 239
29 82 249
29 83 261
29 84 276
