1 18 75
57 43 75
189 63 75
112 117 75
174 92 75
117 5 75
147 123 75
86 163 75
47 73 75
22 53 75
43 138 75
43 138 65
92 50 75
46 62 75
188 75 75
175 80 75
58 56 75
123 124 75
123 124 65
135 116 75
123 110 75
11 28 75
11 44 75
11 44 65
11 44 65
11 44 65
11 44 65
96 157 75
96 157 65
96 157 65
96 157 65
96 157 65
96 157 65
96 157 65
96 157 65
96 157 65
96 157 65
73 168 75
105 0 75
105 0 65
105 0 65
105 0 65
105 0 65
105 0 65
105 0 65
105 0 65
105 0 65
105 0 65
105 0 65
129 0 75
129 13 75
71 155 75
57 146 75
187 86 75
117 20 75
117 20 65
117 20 65
176 68 75
176 68 65
176 68 65
176 68 65
176 68 65
176 68 65
176 68 65
135 130 75
135 130 65
135 130 65
135 130 65
135 130 65
135 130 65
135 130 65
199 69 75
199 69 65
199 69 65
199 69 65
199 69 65
199 69 65
199 69 65
199 69 65
147 108 75
147 108 65
147 108 65
147 108 65
147 108 65
147 108 65
147 108 65
147 108 65
141 6 75
189 51 75
105 13 75
105 13 65
105 13 65
105 13 65
105 13 65
105 13 65
105 13 65
105 13 65
105 13 65
105 13 65
105 13 65
153 0 75
153 0 65
153 0 65
153 0 65
153 0 65
153 0 65
153 0 65
153 0 65
153 0 65
153 0 65
153 0 65
153 0 65
199 57 75
199 57 65
199 45 75
199 45 65
199 45 65
199 45 65
199 45 65
199 45 65
199 45 65
141 20 75
129 28 75
116 35 75
116 35 65
116 35 65
104 43 75
104 43 65
104 43 65
104 43 65
104 43 65
160 128 75
160 113 75
160 113 65
160 113 65
160 113 65
160 113 65
160 113 65
160 113 65
186 98 75
186 98 65
186 98 65
173 105 75
173 105 65
173 105 65
173 119 75
173 119 65
186 111 75
185 125 75
173 133 75
173 133 65
173 133 65
173 133 65
173 133 65
173 133 65
173 133 65
46 50 75
198 118 75
198 132 75
198 132 65
198 132 65
198 132 65
198 132 65
198 132 65
34 58 75
34 58 65
34 58 65
34 58 65
22 37 75
22 37 65
22 37 65
58 67 75
58 67 65
58 67 65
148 136 75
148 136 65
148 136 65
148 136 65
148 136 65
199 105 75
34 44 75
34 44 65
199 92 75
199 92 65
69 49 75
69 49 65
69 49 65
69 49 65
69 49 65
162 87 75
161 99 75
161 99 65
161 99 65
161 99 65
161 99 65
161 99 65
45 37 75
113 131 75
101 123 75
101 123 65
101 123 65
101 123 65
101 123 65
101 123 65
101 123 65
101 123 65
101 123 65
135 102 75
45 153 75
59 161 75
59 161 65
59 161 65
59 161 65
59 161 65
59 161 65
136 89 75
150 81 75
148 94 75
12 12 75
12 12 65
12 12 65
12 12 65
12 12 65
81 56 75
92 63 75
92 63 65
92 63 65
92 63 65
123 96 75
123 96 65
123 96 65
111 103 75
111 103 65
111 103 65
111 103 65
111 103 65
69 61 75
69 61 65
69 61 65
81 68 75
81 68 65
81 68 65
81 68 65
81 68 65
81 68 65
81 68 65
103 57 75
103 57 65
103 57 65
199 81 75
163 74 75
151 68 75
151 68 65
151 68 65
151 68 65
151 68 65
151 68 65
151 68 65
151 68 65
151 68 65
151 68 65
83 149 75
103 137 75
93 143 75
92 51 15
92 51 59
92 52 15
92 52 59
93 52 15
93 52 59
94 52 15
94 52 59
95 52 15
95 52 59
96 52 15
96 52 59
96 52 59
97 52 15
97 52 59
97 52 59
98 52 26
98 52 59
98 52 59
98 51 39
98 51 59
98 51 59
99 51 52
99 51 59
99 51 59
100 51 66
100 51 59
100 51 59
100 50 83
100 50 59
100 50 59
100 50 59
101 50 98
101 50 59
101 50 59
101 50 59
102 50 115
102 50 59
102 50 59
102 49 132
102 49 59
102 49 59
102 49 59
103 49 148
103 49 59
103 49 59
103 49 59
104 49 167
104 49 59
104 49 59
104 48 182
104 48 59
104 48 59
104 47 202
104 47 59
104 47 59
104 46 224
104 46 59
104 46 59
104 45 248
104 45 59
104 44 275
104 44 59
105 43 301
106 43 299
107 43 298
108 43 297
109 43 298
110 43 298
111 43 300
111 42 298
112 42 296
112 41 290
112 40 284
113 40 275
113 39 266
114 39 254
114 38 243
115 38 229
115 37 215
116 37 201
116 36 186
117 35 156
118 35 141
118 34 126
118 34 59
119 34 113
119 34 59
119 33 100
119 33 59
119 33 59
120 33 88
120 33 59
120 33 59
120 32 76
120 32 59
120 32 59
120 32 59
121 32 67
121 32 59
121 32 59
121 31 58
121 31 59
121 31 59
121 31 59
122 31 50
122 31 59
122 31 59
122 30 44
122 30 59
122 30 59
123 30 39
123 30 59
123 30 59
123 29 35
123 29 59
124 29 32
124 29 59
124 28 30
124 28 59
125 28 29
126 28 29
127 28 32
128 28 37
129 27 38
129 26 36
129 25 37
130 25 38
130 24 39
131 24 39
131 23 40
132 23 39
133 23 38
133 22 35
134 22 33
134 21 30
134 20 27
134 19 24
134 18 21
134 17 17
134 16 15
134 15 15
134 14 15
134 13 15
134 12 15
133 12 15
133 11 15
132 11 15
132 10 15
131 10 15
131 9 15
130 9 15
129 9 15
128 9 15
128 8 15
127 8 15
126 8 15
126 7 15
126 6 15
126 5 15
125 5 15
124 5 15
123 5 15
122 5 15
121 5 15
120 5 15
119 5 15
118 5 18
22 52 22
22 51 15
21 51 15
21 50 15
21 49 15
21 49 59
21 48 15
21 48 59
21 47 15
21 47 59
21 46 15
21 46 59
20 46 15
20 46 59
20 45 20
20 45 59
20 45 59
20 44 34
20 44 59
20 44 59
19 44 46
19 44 59
19 44 59
19 43 61
19 43 59
19 43 59
18 43 77
18 43 59
18 43 59
18 42 91
18 42 59
18 42 59
18 41 105
18 41 59
18 41 59
18 40 120
18 40 59
17 40 132
17 40 59
17 39 143
17 39 59
17 38 153
16 38 162
16 38 59
16 37 167
16 37 59
16 36 171
16 35 172
15 35 172
15 35 59
15 34 168
15 33 162
14 33 156
14 32 145
14 31 134
13 31 122
13 30 106
13 29 92
12 29 75
12 28 58
11 27 25
11 27 59
11 26 15
11 26 59
11 25 15
11 25 59
11 24 15
11 24 59
10 24 15
10 24 59
10 23 15
10 23 59
9 23 15
9 23 59
9 22 15
9 22 59
9 21 15
9 21 59
8 21 15
8 20 15
8 19 15
8 19 59
8 18 15
8 18 59
7 18 15
6 18 15
5 18 15
4 18 15
3 18 15
2 18 15
43 139 65
43 139 59
43 140 25
43 140 59
43 141 15
43 141 59
43 142 15
43 142 59
44 142 15
44 142 59
44 143 15
44 143 59
45 143 15
46 143 15
47 143 15
48 143 15
49 143 15
49 144 15
49 145 15
49 146 15
50 146 15
50 147 15
50 148 15
50 149 15
50 149 59
50 150 15
50 150 59
51 150 15
51 150 59
52 150 15
52 150 59
53 150 15
53 150 59
54 150 15
54 150 59
55 150 15
55 150 59
56 150 38
56 151 60
57 151 81
58 151 102
58 151 59
59 151 121
59 151 59
60 151 139
60 151 59
60 152 153
60 152 59
61 152 164
61 152 59
62 152 172
62 152 59
63 152 177
64 152 179
65 152 177
66 152 172
67 152 164
68 152 153
68 153 139
69 153 122
70 153 104
71 153 84
71 154 62
72 155 17
73 155 15
74 155 15
75 155 15
76 155 15
77 155 15
78 155 15
79 155 15
79 154 15
79 153 15
79 152 15
80 152 15
80 151 15
81 151 15
82 151 15
83 151 15
83 150 24
84 149 40
85 149 42
86 149 47
86 148 52
87 148 56
87 147 58
88 147 59
88 146 59
89 146 58
89 145 57
90 145 55
90 144 54
91 144 50
92 144 49
92 143 46
93 142 44
94 142 40
95 142 39
95 141 39
96 141 37
97 141 37
97 140 38
98 140 37
99 140 38
99 139 39
100 139 38
101 139 40
101 138 42
102 138 41
103 138 42
104 137 42
105 137 45
105 136 43
106 136 44
106 135 42
107 135 42
107 134 41
108 134 39
108 133 37
109 133 35
109 132 32
109 132 59
110 132 30
110 132 59
110 131 25
110 131 59
110 130 23
110 130 59
111 130 16
111 130 59
111 129 15
111 129 59
111 128 15
111 128 59
112 128 15
112 128 59
112 127 15
112 127 59
113 127 15
113 127 59
113 126 15
113 126 59
113 125 15
113 124 15
113 123 15
113 122 15
113 121 15
113 120 15
113 119 15
113 118 15
113 117 15
134 116 36
133 116 29
132 116 25
131 116 21
130 116 18
129 116 15
129 116 59
128 116 15
128 116 59
127 116 15
126 116 15
126 117 15
125 117 15
124 117 15
123 117 15
122 117 15
121 117 15
120 117 15
119 117 15
118 117 15
117 117 15
116 117 15
115 117 15
114 117 15
132 115 23
132 114 24
132 113 28
132 112 34
132 111 40
132 110 46
132 109 52
132 108 56
132 107 58
132 106 58
132 105 56
132 104 52
132 103 46
132 102 38
132 101 30
132 100 22
132 99 15
133 99 15
134 99 15
135 99 15
136 99 15
137 99 15
138 99 15
138 98 15
139 98 15
140 98 15
140 97 15
140 96 15
140 95 15
140 94 15
141 94 15
142 94 15
143 94 15
144 94 15
145 94 15
146 94 15
147 94 17
147 94 59
148 93 15
148 93 59
148 92 15
148 92 59
148 91 15
148 91 59
149 91 15
149 91 59
150 91 15
150 91 59
150 90 15
150 90 59
151 90 15
151 90 59
151 89 15
151 89 59
152 89 15
152 89 59
152 88 15
152 88 59
153 88 15
153 88 59
153 87 15
154 87 15
154 86 15
155 86 15
156 86 15
157 86 15
158 86 15
159 86 15
160 86 15
161 86 15
162 86 15
163 86 15
164 86 15
165 86 15
166 86 15
167 86 15
168 86 15
169 86 15
170 86 15
171 86 15
171 87 15
172 87 15
173 87 15
173 88 15
174 88 15
174 89 18
174 90 26
174 91 34
174 87 15
175 87 15
175 86 15
175 85 15
175 84 15
175 83 15
176 83 16
177 83 22
178 83 27
179 83 31
180 83 33
181 83 33
182 83 31
183 83 28
184 83 22
185 83 15
186 83 15
186 82 15
186 81 15
186 81 59
187 81 15
188 81 15
188 80 15
188 79 15
188 79 59
188 78 15
188 78 59
188 77 15
188 77 59
188 76 25
188 76 59
189 75 41
189 74 61
189 73 81
189 72 99
189 71 113
189 70 122
189 69 127
189 68 126
189 67 119
189 66 107
189 65 90
189 64 68
135 117 45
135 118 52
135 118 59
136 118 57
136 118 59
137 118 63
137 118 59
137 119 68
137 119 59
138 119 72
138 119 59
139 119 78
139 119 59
139 120 80
139 120 59
140 120 83
140 120 59
140 121 86
140 121 59
141 121 84
142 121 83
142 122 81
143 122 76
144 122 72
144 123 66
145 123 57
146 123 49
83 152 15
83 153 15
83 154 15
84 154 15
85 154 15
85 155 15
85 156 15
85 157 15
85 158 15
85 159 15
85 160 15
85 161 15
85 162 15
85 163 15
85 163 59
47 72 22
47 71 15
47 70 15
47 69 15
47 68 15
47 67 15
47 66 15
47 65 15
47 65 59
47 64 15
47 64 59
48 64 15
48 64 59
49 64 15
49 64 59
50 64 15
50 64 59
50 63 15
50 63 59
50 62 15
50 62 59
50 61 15
50 61 59
50 60 15
50 60 59
51 60 15
51 60 59
52 60 15
52 60 59
53 60 15
53 60 59
53 59 15
53 58 15
53 57 15
53 56 15
53 55 15
53 54 15
53 53 15
54 53 15
55 53 15
55 52 15
55 51 15
55 50 15
56 50 15
56 49 15
56 48 15
56 47 15
56 46 15
56 45 15
56 44 15
56 43 15
