153 48 13
14 177 13
189 122 13
99 22 13
53 114 13
165 41 13
152 34 13
152 34 3
152 34 3
152 34 3
152 34 3
152 34 3
152 34 3
152 34 3
152 34 3
152 34 3
152 34 3
152 34 3
152 34 3
152 34 3
152 34 3
152 34 3
152 34 3
152 34 3
152 34 3
152 34 3
152 34 3
152 34 3
152 34 3
152 34 3
152 34 3
152 34 3
152 34 3
152 34 3
152 34 3
152 34 3
152 34 3
152 34 3
152 34 3
152 34 3
152 34 3
152 34 3
152 34 3
152 34 3
152 34 3
152 34 3
152 34 3
152 34 3
152 34 3
14 191 13
14 191 3
14 191 3
14 191 3
14 191 3
14 191 3
14 191 3
14 191 3
14 191 3
14 191 3
14 191 3
14 191 3
14 191 3
14 191 3
14 191 3
14 191 3
14 191 3
14 191 3
14 191 3
14 191 3
14 191 3
14 191 3
14 191 3
14 191 3
14 191 3
14 191 3
14 191 3
14 191 3
14 191 3
14 191 3
14 191 3
14 191 3
14 191 3
14 191 3
14 191 3
14 191 3
14 191 3
14 191 3
14 191 3
14 191 3
14 191 3
14 191 3
14 191 3
14 191 3
14 191 3
14 191 3
14 191 3
14 191 3
14 191 3
14 191 3
14 191 3
14 191 3
14 191 3
14 191 3
14 191 3
14 191 3
14 191 3
14 191 3
14 191 3
14 191 3
14 191 3
14 191 3
14 191 3
14 191 3
14 191 3
14 191 3
14 191 3
14 191 3
14 191 3
14 191 3
14 191 3
14 191 3
14 191 3
14 191 3
27 183 13
27 183 3
27 183 3
27 183 3
27 183 3
27 183 3
27 183 3
27 183 3
27 183 3
27 183 3
27 183 3
27 183 3
27 183 3
27 183 3
27 183 3
27 183 3
27 183 3
27 183 3
27 183 3
27 183 3
27 183 3
27 183 3
27 183 3
27 183 3
27 183 3
27 183 3
27 183 3
27 183 3
27 183 3
27 183 3
27 183 3
27 183 3
27 183 3
27 183 3
27 183 3
27 183 3
27 183 3
27 183 3
27 183 3
27 183 3
27 183 3
27 183 3
27 183 3
27 183 3
27 183 3
27 183 3
27 183 3
27 183 3
27 183 3
27 183 3
27 183 3
27 183 3
27 183 3
27 183 3
27 183 3
27 183 3
27 183 3
27 183 3
27 183 3
27 183 3
27 183 3
27 183 3
27 183 3
27 183 3
27 183 3
27 183 3
27 183 3
27 183 3
27 183 3
27 183 3
27 183 3
27 183 3
27 183 3
27 183 3
27 183 3
27 183 3
27 183 3
27 183 3
27 183 3
27 183 3
27 183 3
27 183 3
27 183 3
27 183 3
27 183 3
27 183 3
27 183 3
27 183 3
27 183 3
27 183 3
27 183 3
27 183 3
27 183 3
27 183 3
27 183 3
27 183 3
27 183 3
27 183 3
27 183 3
27 183 3
27 183 3
27 183 3
27 183 3
27 183 3
27 183 3
27 183 3
27 183 3
1 184 13
1 169 13
199 115 13
189 108 13
189 108 3
189 108 3
189 108 3
189 108 3
166 55 13
178 48 13
178 48 3
178 48 3
14 160 13
14 160 3
14 160 3
14 160 3
14 160 3
14 160 3
65 107 13
65 107 3
65 107 3
53 100 13
53 100 3
53 100 3
53 100 3
53 100 3
53 100 3
178 61 13
2 153 13
2 153 3
2 153 3
2 153 3
2 153 3
2 153 3
2 153 3
2 153 3
2 153 3
2 153 3
2 153 3
2 153 3
190 54 13
190 54 3
190 54 3
190 54 3
190 54 3
190 54 3
190 54 3
190 54 3
190 54 3
190 54 3
190 54 3
190 54 3
190 54 3
190 54 3
190 54 3
190 54 3
190 54 3
190 54 3
190 54 3
190 54 3
190 54 3
190 54 3
190 54 3
190 54 3
190 54 3
190 54 3
190 54 3
190 54 3
190 54 3
190 54 3
190 54 3
190 54 3
190 54 3
190 54 3
190 54 3
190 54 3
190 54 3
190 54 3
190 54 3
190 54 3
190 54 3
190 54 3
190 54 3
190 54 3
190 54 3
190 54 3
190 54 3
190 54 3
190 54 3
190 54 3
190 54 3
190 54 3
190 54 3
190 54 3
190 54 3
190 54 3
190 54 3
190 54 3
190 54 3
190 54 3
190 54 3
190 54 3
190 54 3
190 54 3
190 54 3
190 54 3
190 54 3
190 54 3
190 54 3
190 54 3
15 144 13
15 144 3
15 144 3
15 144 3
15 144 3
15 144 3
15 144 3
15 144 3
15 144 3
15 144 3
15 144 3
15 144 3
15 144 3
15 144 3
15 144 3
15 144 3
15 144 3
15 144 3
15 144 3
15 144 3
15 144 3
15 144 3
15 144 3
15 144 3
15 144 3
15 144 3
15 144 3
15 144 3
15 144 3
15 144 3
15 144 3
15 144 3
15 144 3
15 144 3
15 144 3
15 144 3
15 144 3
15 144 3
15 144 3
15 144 3
15 144 3
15 144 3
15 144 3
15 144 3
15 144 3
15 144 3
15 144 3
15 144 3
15 144 3
15 144 3
15 144 3
15 144 3
15 144 3
15 144 3
15 144 3
15 144 3
15 144 3
15 144 3
15 144 3
15 144 3
15 144 3
15 144 3
15 144 3
15 144 3
15 144 3
15 144 3
15 144 3
15 144 3
15 144 3
15 144 3
15 144 3
15 144 3
15 144 3
15 144 3
15 144 3
15 144 3
15 144 3
15 144 3
15 144 3
15 144 3
15 144 3
15 144 3
15 144 3
15 144 3
15 144 3
15 144 3
15 144 3
15 144 3
15 144 3
15 144 3
15 144 3
15 144 3
15 144 3
15 144 3
15 144 3
15 144 3
15 144 3
15 144 3
15 144 3
15 144 3
15 144 3
15 144 3
15 144 3
15 144 3
15 144 3
15 144 3
15 144 3
15 144 3
15 144 3
15 144 3
15 144 3
15 144 3
15 144 3
15 144 3
15 144 3
15 144 3
15 144 3
15 144 3
15 144 3
15 144 3
15 144 3
15 144 3
15 144 3
15 144 3
15 144 3
15 144 3
15 144 3
15 144 3
15 144 3
15 144 3
15 144 3
15 144 3
15 144 3
15 144 3
15 144 3
15 144 3
15 144 3
15 144 3
15 144 3
15 144 3
15 144 3
15 144 3
15 144 3
1 198 13
1 198 3
1 198 3
1 198 3
1 198 3
1 198 3
1 198 3
1 198 3
1 198 3
1 198 3
1 198 3
1 198 3
1 198 3
1 198 3
1 198 3
1 198 3
1 198 3
1 198 3
1 198 3
1 198 3
1 198 3
1 198 3
1 198 3
1 198 3
1 198 3
1 198 3
1 198 3
1 198 3
1 198 3
1 198 3
1 198 3
1 198 3
1 198 3
1 198 3
1 198 3
1 198 3
1 198 3
1 198 3
1 198 3
1 198 3
1 198 3
1 198 3
1 198 3
1 198 3
1 198 3
1 198 3
1 198 3
1 198 3
1 198 3
1 198 3
1 198 3
1 198 3
1 198 3
1 198 3
1 198 3
1 198 3
1 198 3
1 198 3
1 198 3
1 198 3
1 198 3
1 198 3
1 198 3
1 198 3
1 198 3
1 198 3
1 198 3
1 198 3
1 198 3
1 198 3
1 198 3
1 198 3
1 198 3
1 198 3
1 198 3
1 198 3
1 198 3
1 198 3
1 198 3
1 198 3
1 198 3
1 198 3
1 198 3
1 198 3
1 198 3
1 198 3
1 198 3
1 198 3
1 198 3
1 198 3
1 198 3
1 198 3
1 198 3
1 198 3
1 198 3
1 198 3
1 198 3
1 198 3
1 198 3
1 198 3
1 198 3
1 198 3
1 198 3
1 198 3
1 198 3
1 198 3
1 198 3
1 198 3
1 198 3
1 198 3
1 198 3
1 198 3
1 198 3
1 198 3
1 198 3
1 198 3
1 198 3
1 198 3
1 198 3
1 198 3
1 198 3
1 198 3
1 198 3
1 198 3
1 198 3
1 198 3
1 198 3
1 198 3
99 8 13
99 8 3
99 8 3
99 8 3
99 8 3
99 8 3
99 8 3
99 8 3
99 8 3
99 8 3
99 8 3
99 8 3
99 8 3
99 8 3
99 8 3
99 8 3
99 8 3
99 8 3
99 8 3
99 8 3
99 8 3
99 8 3
99 8 3
99 8 3
99 8 3
99 8 3
99 8 3
99 8 3
99 8 3
99 8 3
99 8 3
99 8 3
99 8 3
99 8 3
99 8 3
99 8 3
99 8 3
99 8 3
99 8 3
99 8 3
99 8 3
99 8 3
99 8 3
99 8 3
99 8 3
99 8 3
99 8 3
99 8 3
99 8 3
99 8 3
99 8 3
99 8 3
112 15 13
112 15 3
112 15 3
112 15 3
112 15 3
112 15 3
112 15 3
112 15 3
112 15 3
112 15 3
112 15 3
112 15 3
112 15 3
112 15 3
112 15 3
112 15 3
112 15 3
112 15 3
112 15 3
112 15 3
112 15 3
112 15 3
112 15 3
112 15 3
112 15 3
112 15 3
112 15 3
112 15 3
112 15 3
112 15 3
112 15 3
112 15 3
112 15 3
112 15 3
112 15 3
112 15 3
112 15 3
112 15 3
112 15 3
112 15 3
112 15 3
112 15 3
112 15 3
112 15 3
112 15 3
112 15 3
112 15 3
112 15 3
112 15 3
112 15 3
112 15 3
112 15 3
112 15 3
112 15 3
112 15 3
112 15 3
112 15 3
112 15 3
112 15 3
112 15 3
112 15 3
112 15 3
112 15 3
112 15 3
112 15 3
112 15 3
112 15 3
112 15 3
112 15 3
112 15 3
112 15 3
112 15 3
112 15 3
112 15 3
112 15 3
112 15 3
112 15 3
112 15 3
112 15 3
112 15 3
112 15 3
112 15 3
112 15 3
112 15 3
112 15 3
112 15 3
112 15 3
112 15 3
112 15 3
112 15 3
112 15 3
112 15 3
112 15 3
112 15 3
112 15 3
112 15 3
112 15 3
112 15 3
112 15 3
112 15 3
112 15 3
112 15 3
112 15 3
112 15 3
140 42 13
140 42 3
140 42 3
140 42 3
140 42 3
140 42 3
140 42 3
140 42 3
140 42 3
140 42 3
140 42 3
140 42 3
140 42 3
140 42 3
140 42 3
140 42 3
140 42 3
140 42 3
140 42 3
140 42 3
140 42 3
140 42 3
140 42 3
140 42 3
140 42 3
140 42 3
140 42 3
140 42 3
140 42 3
140 42 3
140 42 3
140 42 3
140 42 3
140 42 3
140 42 3
140 42 3
140 42 3
140 42 3
140 42 3
140 42 3
140 42 3
140 42 3
140 42 3
140 42 3
140 42 3
140 42 3
140 42 3
140 42 3
140 42 3
140 42 3
140 42 3
140 42 3
140 42 3
140 42 3
140 42 3
140 42 3
140 42 3
140 42 3
140 42 3
140 42 3
140 42 3
140 42 3
140 42 3
140 42 3
140 42 3
140 42 3
140 42 3
140 42 3
140 42 3
140 42 3
140 42 3
140 42 3
140 42 3
140 42 3
140 42 3
140 42 3
140 42 3
140 42 3
140 42 3
140 42 3
140 42 3
140 42 3
140 42 3
140 42 3
140 42 3
140 42 3
140 42 3
140 42 3
140 42 3
140 42 3
140 42 3
140 42 3
140 42 3
140 42 3
140 42 3
140 42 3
140 42 3
140 42 3
140 42 3
140 42 3
140 42 3
140 42 3
140 42 3
140 42 3
140 42 3
140 42 3
140 42 3
140 42 3
140 42 3
140 42 3
140 42 3
140 42 3
140 42 3
140 42 3
140 42 3
140 42 3
140 42 3
140 42 3
140 42 3
140 42 3
140 42 3
140 42 3
140 42 3
140 42 3
140 42 3
140 42 3
140 42 3
140 42 3
140 42 3
190 68 13
190 68 3
190 68 3
190 68 3
190 68 3
190 68 3
190 68 3
190 68 3
190 68 3
190 81 13
190 81 3
190 81 3
190 81 3
190 81 3
190 81 3
190 81 3
190 81 3
190 81 3
190 81 3
190 81 3
190 81 3
190 81 3
190 81 3
190 81 3
190 81 3
190 81 3
190 81 3
190 81 3
190 81 3
190 81 3
190 81 3
190 81 3
190 81 3
190 81 3
190 81 3
190 81 3
190 81 3
190 81 3
190 81 3
190 81 3
190 81 3
190 81 3
190 81 3
190 81 3
190 81 3
190 81 3
190 81 3
190 81 3
190 81 3
190 81 3
190 81 3
190 81 3
190 81 3
190 81 3
190 81 3
190 81 3
190 81 3
190 81 3
190 81 3
190 81 3
190 81 3
190 81 3
190 81 3
190 81 3
190 81 3
190 81 3
190 81 3
190 81 3
190 81 3
190 81 3
190 81 3
190 81 3
190 81 3
190 81 3
190 81 3
190 81 3
190 81 3
190 81 3
190 81 3
190 81 3
190 81 3
190 81 3
190 81 3
190 81 3
190 81 3
190 81 3
190 81 3
190 81 3
190 81 3
190 81 3
190 81 3
190 81 3
190 81 3
190 81 3
190 81 3
190 81 3
190 81 3
190 81 3
190 81 3
190 81 3
190 81 3
190 81 3
190 81 3
190 81 3
190 81 3
190 81 3
190 81 3
190 81 3
190 81 3
190 81 3
190 81 3
190 81 3
190 81 3
190 81 3
190 81 3
190 81 3
190 81 3
190 81 3
190 81 3
190 81 3
190 81 3
190 81 3
190 81 3
190 81 3
27 168 13
27 168 3
27 168 3
27 168 3
27 168 3
27 168 3
27 168 3
40 158 13
40 158 3
40 158 3
40 158 3
40 158 3
40 158 3
40 158 3
52 165 13
39 174 13
39 174 3
39 174 3
39 174 3
39 174 3
39 174 3
39 174 3
39 174 3
39 174 3
39 174 3
39 174 3
39 174 3
39 174 3
39 174 3
39 174 3
39 174 3
39 174 3
39 174 3
39 174 3
39 174 3
39 174 3
39 174 3
39 174 3
39 174 3
39 174 3
39 174 3
39 174 3
39 174 3
39 174 3
39 174 3
39 174 3
39 174 3
39 174 3
39 174 3
86 15 13
86 15 3
86 15 3
86 15 3
86 15 3
86 15 3
86 15 3
86 15 3
86 15 3
86 15 3
86 15 3
86 15 3
86 15 3
86 15 3
86 15 3
86 15 3
86 15 3
86 15 3
153 62 13
153 62 3
153 62 3
153 62 3
153 62 3
153 62 3
153 62 3
153 62 3
153 62 3
153 62 3
153 62 3
153 62 3
153 62 3
153 62 3
153 62 3
153 62 3
153 62 3
153 62 3
153 62 3
153 62 3
153 62 3
153 62 3
153 62 3
153 62 3
153 62 3
153 62 3
153 62 3
153 62 3
153 62 3
153 62 3
153 62 3
153 62 3
153 62 3
153 62 3
153 62 3
153 62 3
153 62 3
153 62 3
153 62 3
153 62 3
153 62 3
153 62 3
153 62 3
153 62 3
153 62 3
153 62 3
153 62 3
153 62 3
153 62 3
153 62 3
153 62 3
153 62 3
153 62 3
153 62 3
153 62 3
153 62 3
153 62 3
153 62 3
153 62 3
153 62 3
153 62 3
153 62 3
165 27 13
165 27 3
165 27 3
165 27 3
177 34 13
177 34 3
177 34 3
177 34 3
177 34 3
177 34 3
177 34 3
177 34 3
177 34 3
177 34 3
177 34 3
86 29 13
86 29 3
177 115 13
51 181 13
51 181 3
51 181 3
51 181 3
51 181 3
51 181 3
51 181 3
51 181 3
51 181 3
51 181 3
51 181 3
51 181 3
51 181 3
51 181 3
177 20 13
177 20 3
177 20 3
177 20 3
177 20 3
177 20 3
177 20 3
177 20 3
177 20 3
177 20 3
177 20 3
177 20 3
177 20 3
177 20 3
177 20 3
177 20 3
177 20 3
177 20 3
177 20 3
177 20 3
177 20 3
177 20 3
177 20 3
177 20 3
177 20 3
177 20 3
177 20 3
177 20 3
177 20 3
177 20 3
177 20 3
177 20 3
177 20 3
177 20 3
177 20 3
177 20 3
177 20 3
177 20 3
177 20 3
177 20 3
177 20 3
177 20 3
177 20 3
64 171 13
63 187 13
63 187 3
63 187 3
63 187 3
63 187 3
63 187 3
63 187 3
63 187 3
63 187 3
63 187 3
63 187 3
63 187 3
63 187 3
63 187 3
63 187 3
63 187 3
63 187 3
63 187 3
63 187 3
63 187 3
63 187 3
63 187 3
63 187 3
63 187 3
63 187 3
63 187 3
63 187 3
63 187 3
63 187 3
63 187 3
63 187 3
63 187 3
63 187 3
63 187 3
63 187 3
63 187 3
63 187 3
63 187 3
63 187 3
63 187 3
63 187 3
63 187 3
63 187 3
63 187 3
63 187 3
63 187 3
63 187 3
63 187 3
63 187 3
63 187 3
63 187 3
63 187 3
63 187 3
63 187 3
63 187 3
63 187 3
63 187 3
63 187 3
63 187 3
63 187 3
63 187 3
63 187 3
63 187 3
63 187 3
63 187 3
63 187 3
63 187 3
63 187 3
63 187 3
63 187 3
63 187 3
63 187 3
63 187 3
63 187 3
65 93 13
65 93 3
65 93 3
65 93 3
65 93 3
65 93 3
65 93 3
65 93 3
65 93 3
65 93 3
65 93 3
65 93 3
65 93 3
65 93 3
65 93 3
65 93 3
65 93 3
65 93 3
65 93 3
65 93 3
65 93 3
65 93 3
65 93 3
65 93 3
65 93 3
65 93 3
65 93 3
65 93 3
65 93 3
65 93 3
65 93 3
65 93 3
65 93 3
65 93 3
65 93 3
65 93 3
65 93 3
65 93 3
65 93 3
65 93 3
65 93 3
65 93 3
65 93 3
65 93 3
65 93 3
65 93 3
65 93 3
65 93 3
65 93 3
65 93 3
65 93 3
65 93 3
65 93 3
65 93 3
65 93 3
65 93 3
65 93 3
65 93 3
65 93 3
65 93 3
65 93 3
65 93 3
65 93 3
65 93 3
65 93 3
65 93 3
65 93 3
65 93 3
65 93 3
65 93 3
65 93 3
65 93 3
65 93 3
65 93 3
65 93 3
65 93 3
65 93 3
65 93 3
65 93 3
65 93 3
65 93 3
65 93 3
65 93 3
65 93 3
65 93 3
65 93 3
164 14 13
164 14 3
164 14 3
164 14 3
152 21 13
152 21 3
152 21 3
152 21 3
152 21 3
152 21 3
152 21 3
152 21 3
152 21 3
152 21 3
152 21 3
152 21 3
152 21 3
152 21 3
152 21 3
152 21 3
152 21 3
152 21 3
152 21 3
152 21 3
152 21 3
152 21 3
152 21 3
152 21 3
152 21 3
152 21 3
152 21 3
152 21 3
152 21 3
152 21 3
152 21 3
152 21 3
152 21 3
152 21 3
152 21 3
152 21 3
152 21 3
152 21 3
152 21 3
152 21 3
152 21 3
152 21 3
152 21 3
152 21 3
152 21 3
152 21 3
152 21 3
152 21 3
152 21 3
152 21 3
152 21 3
152 21 3
152 21 3
152 21 3
74 22 13
74 22 3
74 22 3
74 22 3
74 22 3
74 22 3
74 22 3
74 22 3
74 22 3
74 22 3
74 22 3
74 22 3
74 22 3
74 22 3
74 22 3
74 22 3
74 22 3
74 22 3
74 22 3
74 22 3
76 178 13
76 178 3
76 178 3
76 178 3
76 178 3
76 178 3
76 178 3
76 178 3
76 178 3
76 178 3
76 178 3
76 178 3
76 178 3
76 178 3
76 178 3
76 178 3
76 178 3
76 178 3
76 178 3
76 178 3
76 178 3
76 178 3
76 178 3
76 178 3
76 178 3
76 178 3
76 178 3
76 178 3
76 178 3
76 178 3
76 178 3
76 178 3
76 178 3
76 178 3
76 178 3
76 178 3
76 178 3
76 178 3
76 178 3
76 178 3
76 178 3
76 178 3
76 178 3
76 178 3
76 178 3
76 178 3
76 178 3
76 178 3
76 178 3
76 178 3
76 178 3
76 178 3
76 178 3
76 178 3
76 178 3
76 178 3
76 178 3
76 178 3
76 178 3
76 178 3
76 178 3
76 178 3
76 178 3
76 178 3
76 178 3
76 178 3
76 178 3
76 178 3
76 178 3
76 178 3
76 178 3
76 178 3
76 178 3
76 178 3
76 178 3
76 178 3
76 178 3
76 178 3
76 178 3
76 178 3
76 178 3
76 178 3
76 178 3
76 178 3
76 178 3
76 178 3
76 178 3
76 178 3
76 178 3
76 178 3
76 178 3
76 178 3
76 178 3
76 178 3
76 178 3
76 178 3
76 178 3
76 178 3
76 178 3
76 178 3
76 178 3
76 178 3
76 178 3
76 178 3
76 178 3
76 178 3
76 178 3
76 178 3
76 178 3
76 178 3
76 178 3
76 178 3
76 178 3
76 178 3
76 178 3
76 178 3
76 178 3
76 178 3
76 178 3
76 178 3
76 178 3
76 178 3
76 178 3
76 178 3
76 178 3
76 178 3
76 178 3
76 178 3
76 178 3
76 178 3
76 178 3
76 178 3
76 178 3
76 178 3
76 178 3
76 178 3
76 178 3
76 178 3
76 178 3
76 178 3
76 178 3
76 178 3
76 178 3
74 35 13
64 155 13
64 155 3
64 155 3
64 155 3
64 155 3
64 155 3
64 155 3
64 155 3
64 155 3
64 155 3
64 155 3
64 155 3
64 155 3
64 155 3
64 155 3
64 155 3
64 155 3
64 155 3
64 155 3
64 155 3
64 155 3
64 155 3
64 155 3
64 155 3
64 155 3
64 155 3
64 155 3
64 155 3
64 155 3
64 155 3
64 155 3
64 155 3
64 155 3
64 155 3
64 155 3
64 155 3
64 155 3
64 155 3
64 155 3
64 155 3
64 155 3
64 155 3
64 155 3
64 155 3
64 155 3
64 155 3
64 155 3
64 155 3
64 155 3
64 155 3
64 155 3
64 155 3
64 155 3
64 155 3
64 155 3
64 155 3
52 148 13
52 148 3
52 148 3
53 131 13
165 68 13
165 68 3
165 68 3
165 68 3
165 68 3
165 68 3
165 68 3
178 74 13
178 74 3
165 81 13
165 81 3
165 81 3
165 81 3
165 81 3
165 81 3
165 81 3
165 81 3
165 81 3
165 81 3
165 81 3
165 81 3
165 81 3
165 81 3
165 81 3
165 81 3
165 81 3
165 81 3
165 81 3
165 81 3
165 81 3
165 81 3
165 81 3
165 81 3
165 81 3
165 81 3
165 81 3
165 81 3
165 81 3
165 81 3
165 81 3
165 81 3
165 81 3
165 81 3
165 81 3
165 81 3
165 81 3
165 81 3
165 81 3
165 81 3
165 81 3
165 81 3
165 81 3
165 81 3
165 81 3
165 81 3
165 81 3
165 81 3
165 81 3
165 81 3
165 81 3
165 81 3
165 81 3
165 81 3
165 81 3
165 81 3
165 81 3
165 81 3
165 81 3
165 81 3
165 81 3
165 81 3
165 81 3
165 81 3
165 81 3
165 81 3
165 81 3
165 81 3
165 81 3
165 81 3
165 81 3
165 81 3
165 81 3
165 81 3
165 81 3
165 81 3
165 81 3
165 81 3
165 81 3
165 81 3
165 81 3
165 81 3
165 81 3
165 81 3
165 81 3
165 81 3
165 81 3
165 81 3
165 81 3
165 81 3
165 81 3
165 81 3
165 81 3
165 81 3
165 81 3
165 81 3
165 81 3
165 81 3
165 81 3
165 81 3
165 81 3
165 81 3
165 81 3
165 81 3
165 81 3
189 41 13
189 41 3
189 41 3
189 41 3
189 41 3
189 41 3
189 41 3
189 41 3
189 41 3
189 41 3
189 41 3
189 41 3
189 41 3
189 41 3
189 41 3
189 41 3
189 41 3
189 41 3
189 41 3
189 41 3
189 41 3
189 41 3
189 41 3
189 41 3
189 41 3
189 41 3
189 41 3
189 41 3
189 41 3
189 41 3
189 41 3
189 41 3
189 41 3
189 41 3
189 41 3
189 41 3
189 41 3
189 41 3
189 41 3
189 41 3
189 41 3
189 41 3
189 41 3
176 7 13
176 7 3
176 7 3
176 7 3
176 7 3
176 7 3
176 7 3
176 7 3
176 7 3
176 7 3
176 7 3
176 7 3
176 7 3
176 7 3
176 7 3
176 7 3
176 7 3
176 7 3
176 7 3
176 7 3
176 7 3
176 7 3
176 7 3
176 7 3
176 7 3
176 7 3
176 7 3
176 7 3
176 7 3
176 7 3
176 7 3
176 7 3
176 7 3
176 7 3
176 7 3
176 7 3
176 7 3
176 7 3
176 7 3
176 7 3
176 7 3
176 7 3
176 7 3
176 7 3
176 7 3
176 7 3
176 7 3
176 7 3
176 7 3
176 7 3
176 7 3
176 7 3
176 7 3
176 7 3
176 7 3
176 7 3
176 7 3
176 7 3
176 7 3
176 7 3
176 7 3
176 7 3
176 7 3
176 7 3
176 7 3
176 7 3
176 7 3
176 7 3
176 7 3
176 7 3
176 7 3
176 7 3
176 7 3
176 7 3
176 7 3
176 7 3
176 7 3
176 7 3
176 7 3
176 7 3
176 7 3
176 7 3
176 7 3
176 7 3
176 7 3
176 7 3
176 7 3
176 7 3
176 7 3
176 7 3
176 7 3
176 7 3
176 7 3
176 7 3
176 7 3
176 7 3
176 7 3
176 7 3
176 7 3
176 7 3
176 7 3
176 7 3
176 7 3
176 7 3
176 7 3
176 7 3
176 7 3
176 7 3
176 7 3
176 7 3
176 7 3
176 7 3
176 7 3
176 7 3
176 7 3
176 7 3
176 7 3
176 7 3
176 7 3
176 7 3
176 7 3
176 7 3
176 7 3
176 7 3
189 27 13
189 27 3
189 27 3
189 27 3
189 27 3
189 27 3
189 27 3
189 27 3
189 27 3
189 27 3
199 21 13
199 21 3
199 34 13
199 34 3
199 34 3
199 34 3
199 34 3
199 34 3
199 34 3
199 34 3
199 34 3
199 34 3
199 34 3
199 34 3
199 34 3
199 34 3
199 34 3
199 34 3
199 34 3
199 34 3
199 34 3
199 34 3
199 34 3
151 7 13
138 0 13
138 0 3
138 0 3
138 0 3
138 0 3
138 0 3
138 0 3
138 0 3
138 0 3
138 0 3
138 0 3
138 0 3
138 0 3
138 0 3
138 0 3
138 0 3
138 0 3
138 0 3
138 0 3
138 0 3
138 0 3
138 0 3
138 0 3
138 0 3
138 0 3
138 0 3
138 0 3
138 0 3
138 0 3
138 0 3
138 0 3
138 0 3
138 0 3
138 0 3
138 0 3
138 0 3
138 0 3
138 0 3
138 0 3
138 0 3
138 0 3
138 0 3
138 0 3
138 0 3
138 0 3
138 0 3
138 0 3
138 0 3
138 0 3
138 0 3
138 0 3
138 0 3
138 0 3
138 0 3
138 0 3
138 0 3
138 0 3
138 0 3
138 0 3
138 0 3
138 0 3
138 0 3
138 0 3
138 0 3
138 0 3
138 0 3
138 0 3
138 0 3
138 0 3
138 0 3
138 0 3
138 0 3
138 0 3
138 0 3
138 0 3
138 0 3
138 0 3
138 0 3
138 0 3
138 0 3
138 0 3
138 0 3
138 0 3
138 0 3
138 0 3
138 0 3
138 0 3
138 0 3
138 0 3
138 0 3
138 0 3
138 0 3
138 0 3
138 0 3
138 0 3
138 0 3
138 0 3
138 0 3
138 0 3
138 0 3
138 0 3
138 0 3
138 0 3
138 0 3
138 0 3
138 0 3
138 0 3
138 0 3
138 0 3
138 0 3
138 0 3
138 0 3
138 0 3
138 0 3
138 0 3
138 0 3
138 0 3
138 0 3
138 0 3
138 0 3
138 0 3
138 0 3
138 0 3
138 0 3
138 0 3
138 0 3
138 0 3
138 0 3
138 0 3
138 0 3
138 0 3
138 0 3
138 0 3
138 0 3
138 0 3
138 0 3
138 0 3
138 0 3
138 0 3
138 0 3
138 0 3
138 0 3
138 0 3
138 0 3
138 0 3
138 0 3
138 0 3
138 0 3
138 0 3
138 0 3
138 0 3
138 0 3
138 0 3
138 0 3
138 0 3
138 0 3
138 0 3
138 0 3
138 0 3
138 0 3
138 0 3
138 0 3
138 0 3
138 0 3
138 0 3
138 0 3
138 0 3
138 0 3
138 0 3
138 0 3
163 0 13
163 0 3
163 0 3
163 0 3
163 0 3
163 0 3
199 61 13
199 61 3
199 61 3
199 61 3
199 61 3
199 61 3
199 61 3
199 61 3
199 61 3
199 61 3
199 61 3
199 61 3
199 61 3
199 61 3
199 61 3
199 61 3
199 61 3
199 61 3
199 61 3
199 61 3
199 61 3
199 61 3
199 61 3
199 61 3
199 61 3
199 61 3
199 61 3
199 61 3
199 61 3
199 61 3
199 61 3
199 61 3
199 61 3
199 61 3
199 61 3
199 61 3
199 61 3
199 61 3
199 61 3
199 61 3
199 61 3
199 61 3
199 61 3
199 61 3
199 61 3
199 61 3
199 61 3
199 61 3
199 61 3
199 61 3
199 61 3
199 61 3
199 61 3
199 61 3
199 61 3
199 61 3
199 61 3
199 61 3
199 61 3
199 61 3
199 61 3
199 61 3
199 61 3
199 61 3
199 61 3
199 61 3
199 61 3
199 61 3
199 61 3
199 61 3
199 61 3
199 61 3
199 61 3
199 61 3
199 61 3
199 61 3
199 61 3
199 61 3
199 61 3
199 61 3
199 61 3
199 61 3
199 61 3
199 61 3
199 61 3
199 61 3
199 61 3
199 61 3
199 61 3
199 61 3
199 61 3
199 61 3
199 61 3
199 61 3
199 61 3
199 61 3
199 61 3
199 61 3
199 61 3
199 61 3
199 61 3
199 61 3
199 61 3
199 61 3
199 61 3
199 61 3
199 61 3
199 61 3
199 61 3
199 61 3
199 61 3
199 61 3
199 61 3
199 61 3
199 61 3
199 61 3
199 61 3
199 61 3
199 61 3
199 7 13
199 7 3
199 7 3
199 7 3
199 7 3
199 7 3
199 7 3
199 7 3
199 7 3
199 7 3
199 7 3
199 7 3
199 7 3
199 7 3
199 7 3
199 7 3
199 7 3
199 7 3
199 7 3
199 7 3
199 7 3
199 7 3
199 7 3
199 7 3
199 7 3
199 7 3
199 7 3
199 7 3
199 7 3
199 7 3
199 7 3
199 7 3
199 7 3
199 7 3
199 7 3
199 7 3
199 7 3
199 7 3
199 7 3
199 7 3
199 7 3
199 7 3
199 7 3
199 7 3
199 7 3
199 7 3
199 7 3
199 7 3
199 7 3
199 7 3
199 7 3
199 7 3
199 7 3
199 7 3
199 7 3
199 7 3
199 7 3
199 7 3
199 7 3
199 7 3
199 7 3
199 7 3
199 7 3
199 7 3
199 7 3
199 7 3
188 13 13
188 13 3
188 13 3
188 13 3
188 13 3
188 13 3
188 13 3
188 13 3
188 13 3
188 13 3
188 13 3
188 13 3
188 13 3
188 13 3
188 13 3
188 13 3
188 13 3
188 13 3
188 13 3
188 13 3
188 13 3
188 13 3
188 13 3
188 13 3
188 13 3
188 13 3
188 13 3
188 13 3
188 13 3
188 13 3
188 13 3
188 13 3
188 13 3
188 13 3
188 13 3
188 13 3
188 13 3
188 13 3
188 13 3
188 13 3
188 13 3
188 13 3
188 13 3
188 13 3
188 13 3
188 13 3
188 13 3
188 13 3
188 13 3
188 13 3
188 13 3
188 13 3
188 13 3
188 13 3
188 13 3
188 13 3
188 13 3
188 13 3
188 13 3
188 13 3
188 13 3
188 13 3
188 13 3
188 13 3
188 13 3
188 13 3
188 13 3
188 13 3
188 13 3
188 13 3
188 13 3
188 13 3
188 13 3
188 13 3
188 13 3
188 13 3
188 13 3
188 13 3
188 13 3
188 13 3
188 13 3
188 13 3
188 13 3
188 13 3
188 13 3
188 13 3
188 13 3
188 13 3
153 75 13
153 75 3
153 75 3
153 75 3
153 75 3
153 75 3
153 75 3
153 75 3
153 75 3
153 75 3
153 75 3
153 75 3
153 75 3
153 75 3
153 75 3
153 75 3
153 75 3
153 75 3
153 75 3
153 75 3
153 75 3
153 75 3
153 75 3
153 75 3
153 75 3
153 75 3
153 75 3
153 75 3
153 75 3
153 75 3
153 75 3
153 75 3
153 75 3
153 75 3
153 75 3
153 75 3
153 75 3
153 75 3
153 75 3
153 75 3
153 75 3
153 75 3
153 75 3
153 75 3
153 75 3
153 75 3
153 75 3
153 75 3
153 75 3
153 75 3
153 75 3
153 75 3
153 75 3
153 75 3
153 75 3
153 75 3
153 75 3
153 75 3
153 75 3
153 75 3
153 75 3
153 75 3
153 75 3
153 75 3
153 75 3
153 75 3
153 75 3
153 75 3
153 75 3
153 75 3
153 75 3
153 75 3
153 75 3
153 75 3
153 75 3
153 75 3
153 75 3
153 75 3
153 75 3
153 75 3
153 75 3
153 75 3
153 75 3
153 75 3
153 75 3
153 75 3
153 75 3
153 75 3
153 75 3
153 75 3
153 75 3
153 75 3
153 75 3
153 75 3
153 75 3
153 75 3
153 75 3
153 75 3
153 75 3
153 75 3
153 75 3
153 75 3
153 75 3
153 75 3
153 75 3
153 75 3
153 75 3
153 75 3
153 75 3
153 75 3
153 75 3
153 75 3
153 75 3
153 75 3
153 75 3
153 75 3
153 75 3
153 75 3
153 75 3
153 75 3
153 75 3
153 75 3
153 75 3
153 75 3
153 75 3
153 75 3
153 75 3
153 75 3
153 75 3
153 75 3
153 75 3
153 75 3
153 75 3
153 75 3
153 75 3
153 75 3
153 75 3
153 75 3
153 75 3
153 75 3
153 75 3
153 75 3
153 75 3
153 75 3
153 75 3
153 75 3
153 75 3
153 75 3
153 75 3
153 75 3
153 75 3
153 75 3
153 75 3
153 75 3
153 75 3
153 75 3
153 75 3
153 75 3
153 75 3
153 75 3
153 75 3
153 75 3
153 75 3
153 75 3
153 75 3
153 75 3
153 75 3
153 75 3
153 75 3
153 75 3
153 75 3
153 75 3
153 75 3
153 75 3
153 75 3
153 75 3
153 75 3
153 75 3
153 75 3
153 75 3
153 75 3
153 75 3
153 75 3
153 75 3
153 75 3
153 75 3
153 75 3
153 75 3
153 75 3
153 75 3
153 75 3
153 75 3
153 75 3
153 75 3
153 75 3
153 75 3
153 75 3
153 75 3
138 14 13
138 14 3
138 14 3
138 14 3
138 14 3
138 14 3
138 14 3
138 14 3
138 14 3
138 14 3
138 14 3
138 14 3
138 14 3
138 14 3
138 14 3
138 14 3
138 14 3
138 14 3
138 14 3
138 14 3
138 14 3
138 14 3
138 14 3
138 14 3
138 14 3
138 14 3
138 14 3
138 14 3
138 14 3
138 14 3
138 14 3
138 14 3
138 14 3
138 14 3
138 14 3
138 14 3
138 14 3
138 14 3
138 14 3
138 14 3
138 14 3
138 14 3
138 14 3
138 14 3
138 14 3
138 14 3
138 14 3
138 14 3
138 14 3
138 14 3
138 14 3
138 14 3
138 14 3
138 14 3
138 14 3
138 14 3
138 14 3
138 14 3
138 14 3
138 14 3
138 14 3
138 14 3
138 14 3
138 14 3
138 14 3
138 14 3
138 14 3
138 14 3
138 14 3
138 14 3
138 14 3
138 14 3
138 14 3
138 14 3
138 14 3
138 14 3
138 14 3
138 14 3
138 14 3
138 14 3
138 14 3
138 14 3
138 14 3
138 14 3
138 14 3
138 14 3
138 14 3
138 14 3
138 14 3
138 14 3
138 14 3
138 14 3
138 14 3
138 14 3
138 14 3
138 14 3
138 14 3
138 14 3
138 14 3
138 14 3
138 14 3
138 14 3
138 14 3
138 14 3
138 14 3
138 14 3
138 14 3
138 14 3
138 14 3
138 14 3
138 14 3
138 14 3
138 14 3
138 14 3
138 14 3
138 14 3
138 14 3
138 14 3
138 14 3
138 14 3
138 14 3
138 14 3
138 14 3
138 14 3
138 14 3
138 14 3
138 14 3
138 14 3
138 14 3
138 14 3
138 14 3
138 14 3
138 14 3
138 14 3
138 14 3
138 14 3
138 14 3
138 14 3
138 14 3
138 14 3
138 14 3
138 14 3
138 14 3
138 14 3
138 14 3
138 14 3
138 14 3
138 14 3
138 14 3
138 14 3
138 14 3
138 14 3
138 14 3
138 14 3
138 14 3
138 14 3
138 14 3
138 14 3
138 14 3
138 14 3
138 14 3
138 14 3
138 14 3
138 14 3
138 14 3
138 14 3
138 14 3
138 14 3
138 14 3
138 14 3
138 14 3
138 14 3
138 14 3
138 14 3
138 14 3
138 14 3
138 14 3
138 14 3
138 14 3
138 14 3
138 14 3
138 14 3
138 14 3
138 14 3
138 14 3
138 14 3
138 14 3
138 14 3
138 14 3
138 14 3
138 14 3
138 14 3
138 14 3
138 14 3
138 14 3
138 14 3
138 14 3
138 14 3
138 14 3
138 14 3
138 14 3
138 14 3
138 14 3
138 14 3
138 14 3
138 14 3
138 14 3
138 14 3
138 14 3
138 14 3
138 14 3
138 14 3
138 14 3
138 14 3
138 14 3
138 14 3
138 14 3
138 14 3
138 14 3
138 14 3
138 14 3
138 14 3
138 14 3
138 14 3
138 14 3
138 14 3
199 48 13
199 48 3
199 48 3
199 48 3
199 48 3
199 48 3
199 48 3
199 48 3
199 48 3
199 48 3
199 48 3
199 48 3
199 48 3
199 48 3
199 48 3
199 48 3
199 48 3
199 48 3
199 48 3
199 48 3
199 48 3
199 48 3
199 48 3
199 48 3
199 48 3
199 48 3
199 48 3
199 48 3
199 48 3
199 48 3
199 48 3
199 48 3
199 48 3
199 48 3
199 48 3
199 48 3
199 48 3
199 48 3
199 48 3
199 48 3
199 48 3
199 48 3
199 48 3
199 48 3
199 48 3
199 48 3
199 48 3
199 48 3
199 48 3
199 48 3
199 48 3
199 48 3
199 48 3
199 48 3
199 48 3
199 48 3
199 48 3
199 48 3
199 48 3
199 48 3
199 48 3
199 48 3
199 48 3
199 48 3
199 48 3
199 48 3
199 48 3
199 48 3
199 48 3
199 48 3
199 48 3
199 48 3
199 48 3
199 48 3
199 48 3
199 48 3
199 48 3
199 48 3
199 48 3
199 48 3
199 48 3
199 48 3
199 48 3
199 48 3
199 48 3
199 48 3
199 48 3
199 48 3
199 48 3
199 48 3
199 48 3
199 48 3
199 48 3
199 48 3
199 48 3
199 48 3
199 48 3
199 48 3
199 48 3
199 48 3
199 48 3
199 48 3
199 48 3
199 48 3
199 48 3
199 48 3
199 48 3
199 48 3
199 48 3
199 48 3
199 48 3
199 48 3
199 48 3
199 48 3
199 48 3
199 48 3
199 48 3
199 48 3
199 48 3
199 48 3
199 48 3
199 48 3
199 48 3
199 48 3
199 48 3
199 48 3
199 48 3
199 48 3
199 48 3
199 48 3
199 48 3
199 48 3
199 48 3
199 48 3
199 48 3
199 48 3
199 48 3
199 48 3
199 48 3
199 48 3
199 48 3
199 48 3
199 48 3
199 48 3
199 48 3
199 48 3
199 48 3
199 48 3
199 48 3
199 48 3
199 48 3
199 48 3
199 48 3
199 48 3
199 48 3
199 48 3
140 55 13
140 55 3
140 55 3
140 55 3
140 55 3
140 55 3
140 55 3
140 55 3
140 55 3
140 55 3
140 55 3
140 55 3
140 55 3
140 55 3
140 55 3
140 55 3
140 55 3
140 55 3
140 55 3
140 55 3
140 55 3
140 55 3
140 55 3
140 55 3
140 55 3
140 55 3
140 55 3
140 55 3
140 55 3
140 55 3
140 55 3
140 55 3
140 55 3
140 55 3
140 55 3
140 55 3
140 55 3
140 55 3
140 55 3
140 55 3
140 55 3
140 55 3
140 55 3
140 55 3
140 55 3
140 55 3
140 55 3
140 55 3
140 55 3
140 55 3
140 55 3
140 55 3
140 55 3
140 55 3
140 55 3
140 55 3
140 55 3
140 55 3
140 55 3
140 55 3
140 55 3
140 55 3
140 55 3
140 55 3
140 55 3
140 55 3
140 55 3
140 55 3
140 55 3
140 55 3
140 55 3
140 55 3
140 55 3
140 55 3
140 55 3
140 55 3
140 55 3
140 55 3
140 55 3
140 55 3
140 55 3
140 55 3
140 55 3
140 55 3
140 55 3
140 55 3
140 55 3
140 55 3
140 55 3
140 55 3
140 55 3
140 55 3
140 55 3
140 55 3
140 55 3
140 55 3
140 55 3
140 55 3
140 55 3
140 55 3
140 55 3
140 55 3
140 55 3
140 55 3
140 55 3
140 55 3
140 55 3
140 55 3
140 55 3
140 55 3
140 55 3
140 55 3
140 55 3
140 55 3
140 55 3
140 55 3
140 55 3
140 55 3
140 55 3
140 55 3
140 55 3
140 55 3
140 55 3
140 55 3
140 55 3
140 55 3
140 55 3
140 55 3
140 55 3
140 55 3
140 55 3
140 55 3
140 55 3
140 55 3
140 55 3
140 55 3
140 55 3
140 55 3
140 55 3
140 55 3
140 55 3
140 55 3
140 55 3
140 55 3
140 55 3
140 55 3
140 55 3
140 55 3
140 55 3
140 55 3
140 55 3
140 55 3
140 55 3
140 55 3
140 55 3
140 55 3
140 55 3
140 55 3
140 55 3
140 55 3
140 55 3
140 55 3
140 55 3
140 55 3
140 55 3
140 55 3
140 55 3
140 55 3
140 55 3
140 55 3
140 55 3
140 55 3
140 55 3
140 55 3
140 55 3
140 55 3
140 55 3
140 55 3
140 55 3
140 55 3
140 55 3
140 55 3
140 55 3
140 55 3
140 55 3
140 55 3
140 55 3
140 55 3
140 55 3
140 55 3
140 55 3
140 55 3
140 55 3
140 55 3
140 55 3
140 55 3
140 55 3
140 55 3
140 55 3
140 55 3
140 55 3
140 55 3
140 55 3
140 55 3
140 55 3
140 55 3
140 55 3
140 55 3
140 55 3
140 55 3
140 55 3
140 55 3
140 55 3
177 88 13
177 88 3
177 88 3
177 88 3
177 88 3
177 88 3
177 88 3
177 88 3
177 88 3
177 88 3
177 88 3
177 88 3
177 88 3
177 88 3
177 88 3
177 88 3
177 88 3
177 88 3
177 88 3
177 88 3
177 88 3
177 88 3
177 88 3
177 88 3
177 88 3
177 88 3
177 88 3
177 88 3
177 88 3
177 88 3
177 88 3
177 88 3
177 88 3
177 88 3
177 88 3
177 88 3
177 88 3
177 88 3
177 88 3
177 88 3
177 88 3
177 88 3
177 88 3
177 88 3
177 88 3
177 88 3
177 88 3
177 88 3
177 88 3
177 88 3
177 88 3
177 88 3
177 88 3
177 88 3
177 88 3
177 88 3
177 88 3
177 88 3
177 88 3
177 88 3
177 88 3
177 88 3
177 88 3
177 88 3
177 88 3
177 88 3
177 88 3
177 88 3
177 88 3
177 88 3
177 88 3
177 88 3
177 88 3
177 88 3
177 88 3
177 88 3
177 88 3
177 88 3
177 88 3
177 88 3
177 88 3
177 88 3
177 88 3
177 88 3
177 88 3
177 88 3
177 88 3
177 88 3
177 88 3
177 88 3
177 88 3
177 88 3
177 88 3
177 88 3
177 88 3
177 88 3
177 88 3
177 88 3
177 88 3
177 88 3
177 88 3
177 88 3
177 88 3
177 88 3
177 88 3
177 88 3
177 88 3
177 88 3
177 88 3
177 88 3
177 88 3
177 88 3
177 88 3
177 88 3
177 88 3
177 88 3
177 88 3
177 88 3
177 88 3
177 88 3
177 88 3
177 88 3
177 88 3
177 88 3
177 88 3
177 88 3
177 88 3
177 88 3
177 88 3
177 88 3
177 88 3
177 88 3
177 88 3
177 88 3
177 88 3
177 88 3
177 88 3
177 88 3
177 88 3
177 88 3
177 88 3
177 88 3
177 88 3
177 88 3
177 88 3
177 88 3
177 88 3
177 88 3
177 88 3
177 88 3
177 88 3
177 88 3
177 88 3
177 88 3
177 88 3
177 88 3
177 88 3
177 88 3
177 88 3
177 88 3
177 88 3
177 88 3
177 88 3
177 88 3
177 88 3
177 88 3
177 88 3
177 88 3
177 88 3
177 88 3
177 88 3
177 88 3
177 88 3
177 88 3
177 88 3
177 88 3
177 88 3
177 88 3
177 88 3
177 88 3
177 88 3
177 88 3
177 88 3
177 88 3
177 88 3
177 88 3
177 88 3
177 88 3
177 88 3
177 88 3
177 88 3
177 88 3
177 88 3
177 88 3
177 88 3
177 88 3
177 88 3
177 88 3
177 88 3
177 88 3
177 88 3
177 88 3
177 88 3
177 88 3
177 88 3
177 88 3
177 88 3
177 88 3
177 88 3
177 88 3
177 88 3
177 88 3
177 88 3
177 88 3
177 88 3
177 88 3
177 88 3
177 88 3
199 75 13
199 75 3
199 75 3
199 75 3
199 75 3
199 75 3
199 75 3
199 75 3
199 75 3
199 75 3
199 75 3
199 75 3
199 75 3
199 75 3
199 75 3
199 75 3
199 75 3
199 75 3
199 75 3
65 122 13
65 139 13
65 139 3
65 139 3
65 139 3
65 139 3
65 139 3
188 0 13
188 0 3
188 0 3
188 0 3
188 0 3
188 0 3
188 0 3
188 0 3
188 0 3
188 0 3
188 0 3
188 0 3
188 0 3
188 0 3
188 0 3
188 0 3
188 0 3
188 0 3
188 0 3
188 0 3
188 0 3
188 0 3
188 0 3
188 0 3
188 0 3
188 0 3
188 0 3
188 0 3
188 0 3
188 0 3
188 0 3
188 0 3
188 0 3
188 0 3
188 0 3
188 0 3
188 0 3
188 0 3
188 0 3
188 0 3
188 0 3
188 0 3
188 0 3
188 0 3
188 0 3
188 0 3
188 0 3
188 0 3
188 0 3
188 0 3
188 0 3
188 0 3
188 0 3
188 0 3
188 0 3
188 0 3
188 0 3
188 0 3
188 0 3
188 0 3
188 0 3
188 0 3
188 0 3
188 0 3
188 0 3
188 0 3
188 0 3
188 0 3
188 0 3
188 0 3
188 0 3
188 0 3
188 0 3
188 0 3
188 0 3
188 0 3
188 0 3
188 0 3
188 0 3
188 0 3
188 0 3
188 0 3
188 0 3
188 0 3
188 0 3
188 0 3
188 0 3
188 0 3
188 0 3
188 0 3
188 0 3
188 0 3
188 0 3
188 0 3
188 0 3
188 0 3
188 0 3
188 0 3
188 0 3
188 0 3
188 0 3
188 0 3
188 0 3
188 0 3
188 0 3
188 0 3
188 0 3
188 0 3
188 0 3
188 0 3
188 0 3
188 0 3
188 0 3
188 0 3
188 0 3
188 0 3
188 0 3
188 0 3
188 0 3
188 0 3
188 0 3
188 0 3
188 0 3
188 0 3
188 0 3
188 0 3
188 0 3
188 0 3
188 0 3
188 0 3
188 0 3
188 0 3
188 0 3
188 0 3
188 0 3
188 0 3
188 0 3
188 0 3
188 0 3
188 0 3
188 0 3
188 0 3
188 0 3
188 0 3
188 0 3
188 0 3
188 0 3
188 0 3
188 0 3
188 0 3
188 0 3
188 0 3
188 0 3
188 0 3
188 0 3
188 0 3
188 0 3
188 0 3
188 0 3
188 0 3
188 0 3
188 0 3
188 0 3
188 0 3
188 0 3
188 0 3
188 0 3
188 0 3
188 0 3
188 0 3
188 0 3
188 0 3
188 0 3
188 0 3
188 0 3
188 0 3
188 0 3
188 0 3
188 0 3
188 0 3
188 0 3
188 0 3
188 0 3
188 0 3
188 0 3
188 0 3
188 0 3
188 0 3
188 0 3
188 0 3
188 0 3
188 0 3
188 0 3
188 0 3
188 0 3
188 0 3
188 0 3
188 0 3
188 0 3
188 0 3
188 0 3
188 0 3
188 0 3
188 0 3
188 0 3
188 0 3
188 0 3
188 0 3
188 0 3
188 0 3
188 0 3
188 0 3
188 0 3
188 0 3
188 0 3
188 0 3
188 0 3
188 0 3
188 0 3
188 0 3
188 0 3
188 0 3
188 0 3
188 0 3
188 0 3
188 0 3
188 0 3
188 0 3
188 0 3
188 0 3
188 0 3
188 0 3
188 0 3
188 0 3
199 88 13
199 88 3
199 88 3
199 88 3
199 88 3
199 88 3
199 88 3
199 88 3
199 88 3
199 88 3
199 88 3
199 88 3
199 88 3
199 88 3
199 88 3
199 88 3
199 88 3
199 88 3
199 88 3
199 88 3
199 88 3
199 88 3
199 88 3
199 88 3
199 88 3
199 88 3
199 88 3
199 88 3
199 88 3
199 88 3
199 88 3
199 88 3
199 88 3
199 88 3
199 88 3
199 88 3
199 88 3
199 88 3
199 88 3
199 88 3
199 88 3
199 88 3
199 88 3
199 88 3
199 88 3
199 88 3
199 88 3
199 88 3
199 88 3
199 88 3
199 88 3
199 88 3
199 88 3
199 88 3
199 88 3
199 88 3
199 88 3
199 88 3
199 88 3
199 88 3
199 88 3
199 101 13
199 101 3
199 101 3
189 121 15
190 121 15
191 121 15
191 120 15
192 120 15
192 119 15
193 119 15
194 119 15
194 118 15
195 118 15
196 118 15
196 117 15
196 116 15
196 115 15
197 115 15
198 115 15
199 114 15
199 113 15
199 112 15
199 111 15
199 110 15
199 109 15
199 108 15
199 107 15
199 106 15
199 105 15
199 104 15
199 103 15
199 102 15
199 100 35
199 99 53
199 98 71
199 97 89
199 96 107
199 95 125
199 94 141
199 93 156
199 92 169
199 91 179
199 90 186
199 89 191
199 87 190
199 87 3
199 87 3
199 87 3
199 87 3
199 87 3
199 87 3
199 87 3
199 87 3
199 87 3
199 87 3
199 87 3
199 87 3
199 87 3
199 87 3
199 87 3
199 87 3
199 87 3
199 87 3
199 87 3
199 87 3
199 86 184
199 86 3
199 86 3
199 86 3
199 86 3
199 86 3
199 86 3
199 86 3
199 86 3
199 86 3
199 86 3
199 86 3
199 86 3
199 86 3
199 86 3
199 86 3
199 86 3
199 86 3
199 86 3
199 86 3
199 86 3
199 86 3
199 86 3
199 86 3
199 86 3
199 86 3
199 86 3
199 86 3
199 86 3
199 86 3
199 86 3
199 86 3
199 86 3
199 86 3
199 86 3
199 86 3
199 86 3
199 86 3
199 86 3
199 86 3
199 86 3
199 86 3
199 86 3
199 86 3
199 86 3
199 85 176
199 85 3
199 85 3
199 85 3
199 85 3
199 85 3
199 85 3
199 85 3
199 85 3
199 85 3
199 85 3
199 85 3
199 85 3
199 85 3
199 85 3
199 85 3
199 85 3
199 85 3
199 85 3
199 85 3
199 85 3
199 85 3
199 85 3
199 85 3
199 85 3
199 85 3
199 85 3
199 85 3
199 85 3
199 85 3
199 85 3
199 85 3
199 85 3
199 85 3
199 85 3
199 85 3
199 85 3
199 85 3
199 85 3
199 85 3
199 85 3
199 85 3
199 85 3
199 85 3
199 85 3
199 85 3
199 85 3
199 85 3
199 85 3
199 85 3
199 85 3
199 85 3
199 85 3
199 85 3
199 85 3
199 85 3
199 85 3
199 85 3
199 85 3
199 85 3
199 85 3
199 85 3
199 85 3
199 85 3
199 85 3
199 85 3
199 85 3
199 85 3
199 85 3
199 85 3
199 84 165
199 84 3
199 84 3
199 84 3
199 84 3
199 84 3
199 84 3
199 84 3
199 84 3
199 84 3
199 84 3
199 84 3
199 84 3
199 84 3
199 84 3
199 84 3
199 84 3
199 84 3
199 84 3
199 84 3
199 84 3
199 84 3
199 84 3
199 84 3
199 84 3
199 84 3
199 84 3
199 84 3
199 84 3
199 84 3
199 84 3
199 84 3
199 84 3
199 84 3
199 84 3
199 84 3
199 84 3
199 84 3
199 84 3
199 84 3
199 84 3
199 84 3
199 84 3
199 84 3
199 84 3
199 84 3
199 84 3
199 84 3
199 84 3
199 84 3
199 84 3
199 84 3
199 84 3
199 84 3
199 84 3
199 84 3
199 84 3
199 84 3
199 84 3
199 84 3
199 84 3
199 84 3
199 84 3
199 84 3
199 84 3
199 84 3
199 84 3
199 84 3
199 84 3
199 84 3
199 84 3
199 84 3
199 84 3
199 84 3
199 84 3
199 84 3
199 84 3
199 84 3
199 84 3
199 84 3
199 84 3
199 84 3
199 84 3
199 84 3
199 84 3
199 84 3
199 84 3
199 84 3
199 83 151
199 83 3
199 83 3
199 83 3
199 83 3
199 83 3
199 83 3
199 83 3
199 83 3
199 83 3
199 83 3
199 83 3
199 83 3
199 83 3
199 83 3
199 83 3
199 83 3
199 83 3
199 83 3
199 83 3
199 83 3
199 83 3
199 83 3
199 83 3
199 83 3
199 83 3
199 83 3
199 83 3
199 83 3
199 83 3
199 83 3
199 83 3
199 83 3
199 83 3
199 83 3
199 83 3
199 83 3
199 83 3
199 83 3
199 83 3
199 83 3
199 83 3
199 83 3
199 83 3
199 83 3
199 83 3
199 83 3
199 83 3
199 83 3
199 83 3
199 83 3
199 83 3
199 83 3
199 83 3
199 83 3
199 83 3
199 83 3
199 83 3
199 83 3
199 83 3
199 83 3
199 83 3
199 83 3
199 83 3
199 83 3
199 83 3
199 83 3
199 83 3
199 83 3
199 83 3
199 83 3
199 83 3
199 83 3
199 83 3
199 83 3
199 83 3
199 83 3
199 83 3
199 83 3
199 83 3
199 83 3
199 83 3
199 83 3
199 83 3
199 83 3
199 83 3
199 83 3
199 83 3
199 83 3
199 83 3
199 83 3
199 83 3
199 83 3
199 83 3
199 82 136
199 82 3
199 82 3
199 82 3
199 82 3
199 82 3
199 82 3
199 82 3
199 82 3
199 82 3
199 82 3
199 82 3
199 82 3
199 82 3
199 82 3
199 82 3
199 82 3
199 82 3
199 82 3
199 82 3
199 82 3
199 82 3
199 82 3
199 82 3
199 82 3
199 82 3
199 82 3
199 82 3
199 82 3
199 82 3
199 82 3
199 82 3
199 82 3
199 82 3
199 82 3
199 82 3
199 82 3
199 82 3
199 82 3
199 82 3
199 82 3
199 82 3
199 82 3
199 82 3
199 82 3
199 82 3
199 82 3
199 82 3
199 82 3
199 82 3
199 82 3
199 82 3
199 82 3
199 82 3
199 82 3
199 82 3
199 82 3
199 82 3
199 82 3
199 82 3
199 82 3
199 82 3
199 82 3
199 82 3
199 82 3
199 82 3
199 82 3
199 82 3
199 82 3
199 82 3
199 82 3
199 82 3
199 82 3
199 82 3
199 82 3
199 82 3
199 82 3
199 82 3
199 82 3
199 82 3
199 82 3
199 82 3
199 82 3
199 82 3
199 82 3
199 81 121
199 81 3
199 81 3
199 81 3
199 81 3
199 81 3
199 81 3
199 81 3
199 81 3
199 81 3
199 81 3
199 81 3
199 81 3
199 81 3
199 81 3
199 81 3
199 81 3
199 81 3
199 81 3
199 81 3
199 81 3
199 81 3
199 81 3
199 81 3
199 81 3
199 81 3
199 81 3
199 81 3
199 81 3
199 81 3
199 81 3
199 81 3
199 81 3
199 81 3
199 81 3
199 81 3
199 81 3
199 81 3
199 81 3
199 81 3
199 81 3
199 81 3
199 81 3
199 81 3
199 81 3
199 81 3
199 81 3
199 81 3
199 81 3
199 81 3
199 81 3
199 81 3
199 81 3
199 81 3
199 81 3
199 81 3
199 81 3
199 81 3
199 81 3
199 81 3
199 81 3
199 81 3
199 81 3
199 81 3
199 81 3
199 81 3
199 81 3
199 81 3
199 80 106
199 80 3
199 80 3
199 80 3
199 80 3
199 80 3
199 80 3
199 80 3
199 80 3
199 80 3
199 80 3
199 80 3
199 80 3
199 80 3
199 80 3
199 80 3
199 80 3
199 80 3
199 80 3
199 80 3
199 80 3
199 80 3
199 80 3
199 80 3
199 80 3
199 80 3
199 80 3
199 80 3
199 80 3
199 80 3
199 80 3
199 80 3
199 80 3
199 80 3
199 80 3
199 80 3
199 80 3
199 80 3
199 80 3
199 80 3
199 80 3
199 80 3
199 80 3
199 80 3
199 80 3
199 80 3
199 80 3
199 80 3
199 80 3
199 79 91
199 79 3
199 79 3
199 79 3
199 79 3
199 79 3
199 79 3
199 79 3
199 79 3
199 79 3
199 79 3
199 79 3
199 79 3
199 79 3
199 79 3
199 79 3
199 79 3
199 79 3
199 79 3
199 79 3
199 79 3
199 79 3
199 79 3
199 79 3
199 79 3
199 79 3
199 79 3
199 79 3
199 79 3
199 79 3
199 79 3
199 79 3
199 79 3
199 79 3
199 78 79
199 78 3
199 78 3
199 78 3
199 78 3
199 78 3
199 78 3
199 78 3
199 78 3
199 78 3
199 78 3
199 78 3
199 78 3
199 78 3
199 78 3
199 78 3
199 78 3
199 78 3
199 78 3
199 78 3
199 78 3
199 78 3
199 78 3
199 78 3
199 77 71
199 77 3
199 77 3
199 77 3
199 77 3
199 77 3
199 77 3
199 77 3
199 77 3
199 77 3
199 77 3
199 77 3
199 77 3
199 77 3
199 77 3
199 77 3
199 76 66
199 76 3
199 76 3
199 76 3
199 76 3
199 76 3
199 76 3
199 76 3
199 76 3
199 74 72
199 73 83
198 73 91
198 72 101
197 72 103
196 72 107
196 71 108
195 71 106
194 71 105
194 70 98
193 70 90
192 70 83
192 69 72
191 69 60
190 69 47
189 68 21
189 68 3
189 68 3
189 68 3
188 68 15
188 68 3
188 68 3
188 68 3
187 68 15
187 68 3
186 68 15
185 68 15
184 68 15
183 68 15
182 68 15
181 68 15
180 68 15
179 68 15
178 68 15
177 68 15
176 68 15
175 68 15
174 68 15
173 68 15
172 68 15
171 68 15
170 68 15
169 68 15
168 68 15
167 68 15
167 68 3
166 68 15
166 68 3
166 68 3
165 67 19
165 67 3
165 66 15
165 66 3
165 65 15
165 64 15
165 63 15
164 63 15
163 63 15
163 62 15
163 61 15
162 61 15
162 60 15
162 59 15
162 58 15
161 58 15
161 57 15
160 57 15
160 56 15
160 55 15
160 54 15
160 53 15
160 52 15
159 52 15
159 51 15
158 51 15
157 51 15
157 50 15
156 50 15
155 50 15
155 49 15
155 48 15
154 48 15
54 114 15
54 115 15
54 116 15
54 117 15
54 118 15
54 119 15
54 120 15
54 121 15
54 122 15
54 123 15
54 124 15
54 125 15
54 126 15
54 127 15
54 128 15
54 129 15
54 130 15
54 131 15
53 132 15
53 133 15
53 134 15
53 135 15
53 136 15
53 137 15
53 138 15
53 139 15
53 140 15
53 141 15
53 142 15
53 143 15
53 144 15
53 145 15
53 146 15
53 147 15
53 147 3
53 148 15
53 148 3
53 148 3
53 149 15
53 149 3
53 149 3
53 149 3
53 149 3
53 150 18
53 150 3
53 150 3
53 150 3
53 150 3
53 150 3
53 151 26
53 151 3
53 151 3
53 151 3
53 152 34
53 153 41
53 154 47
53 155 53
53 156 57
53 157 60
53 158 61
53 159 60
53 160 57
53 161 52
53 162 45
53 163 36
53 164 25
53 165 15
51 165 15
50 165 15
49 165 15
49 165 3
48 165 15
48 165 3
47 165 15
47 165 3
47 165 3
46 165 15
46 165 3
46 165 3
45 165 15
45 165 3
44 165 15
44 165 3
43 165 15
43 165 3
42 165 15
42 165 3
41 165 15
41 165 3
40 165 15
40 165 3
40 165 3
39 165 15
39 165 3
39 165 3
39 165 3
39 165 3
38 165 15
38 165 3
38 165 3
38 165 3
38 165 3
38 165 3
38 165 3
37 165 15
37 165 3
37 165 3
37 165 3
37 165 3
37 165 3
37 165 3
37 165 3
37 165 3
37 165 3
37 165 3
37 165 3
36 165 15
36 165 3
36 165 3
36 165 3
36 165 3
36 165 3
36 165 3
36 165 3
36 165 3
36 165 3
36 165 3
36 165 3
36 165 3
36 165 3
36 165 3
36 165 3
36 165 3
36 165 3
35 165 15
35 165 3
35 165 3
35 165 3
35 165 3
35 165 3
35 165 3
35 165 3
35 165 3
35 165 3
35 165 3
35 165 3
35 165 3
35 165 3
35 165 3
35 165 3
35 165 3
35 165 3
35 165 3
35 165 3
35 165 3
35 165 3
35 165 3
35 165 3
35 165 3
34 165 15
34 165 3
34 165 3
34 165 3
34 165 3
34 165 3
34 165 3
34 165 3
34 165 3
34 165 3
34 165 3
34 165 3
34 165 3
34 165 3
34 165 3
34 165 3
34 165 3
34 165 3
34 165 3
34 165 3
34 165 3
34 165 3
34 165 3
34 165 3
34 165 3
34 165 3
34 165 3
34 165 3
34 165 3
34 165 3
33 165 15
33 165 3
33 165 3
33 165 3
33 165 3
33 165 3
33 165 3
33 165 3
33 165 3
33 165 3
33 165 3
33 165 3
33 165 3
33 165 3
33 165 3
33 165 3
33 165 3
33 165 3
33 165 3
33 165 3
33 165 3
33 165 3
33 165 3
33 165 3
33 165 3
33 165 3
33 165 3
33 165 3
33 165 3
33 165 3
33 165 3
32 165 15
32 165 3
32 165 3
32 165 3
32 165 3
32 165 3
32 165 3
32 165 3
32 165 3
32 165 3
32 165 3
32 165 3
32 165 3
32 165 3
32 165 3
32 165 3
32 165 3
32 165 3
32 165 3
32 165 3
32 165 3
32 165 3
32 165 3
32 165 3
32 165 3
32 165 3
32 165 3
31 165 15
31 165 3
31 165 3
31 165 3
31 165 3
31 165 3
31 165 3
31 165 3
31 165 3
31 165 3
31 165 3
31 165 3
31 165 3
31 165 3
31 165 3
31 165 3
31 165 3
31 165 3
31 165 3
31 165 3
31 165 3
31 165 3
30 165 15
30 165 3
30 165 3
30 165 3
30 165 3
30 165 3
30 165 3
30 165 3
30 165 3
30 165 3
30 165 3
30 165 3
30 165 3
30 165 3
30 165 3
30 165 3
30 165 3
30 165 3
29 165 15
29 165 3
29 165 3
29 165 3
29 165 3
29 165 3
29 165 3
29 165 3
29 165 3
29 165 3
29 165 3
29 165 3
29 165 3
29 165 3
29 165 3
28 165 15
28 165 3
28 165 3
28 165 3
28 165 3
28 165 3
28 165 3
28 165 3
28 165 3
28 165 3
28 165 3
28 165 3
28 165 3
27 165 15
27 165 3
27 165 3
27 165 3
27 165 3
27 165 3
27 165 3
27 165 3
27 165 3
27 165 3
27 165 3
26 165 15
26 165 3
26 165 3
26 165 3
26 165 3
26 165 3
26 165 3
26 165 3
26 165 3
26 165 3
26 165 3
25 165 20
25 165 3
25 165 3
25 165 3
25 165 3
25 165 3
25 165 3
25 165 3
24 165 27
24 165 3
24 165 3
24 165 3
24 165 3
23 165 33
23 165 3
22 165 36
21 165 36
20 165 34
19 165 30
18 165 23
17 165 15
16 165 15
16 166 15
15 166 15
14 166 15
14 167 15
14 168 15
14 169 15
14 170 15
14 171 15
14 172 15
14 173 15
14 174 15
14 175 15
14 176 15
