184 188 115
147 80 115
122 25 115
67 101 115
67 101 105
67 101 105
2 136 115
184 199 115
172 195 115
135 73 115
147 66 115
147 66 105
147 66 105
135 87 115
135 87 105
122 39 115
122 39 105
122 39 105
122 39 105
110 18 115
122 10 115
2 122 115
2 122 105
2 122 105
2 122 105
2 150 115
2 150 105
2 150 105
15 143 115
15 143 105
15 143 105
15 143 105
79 108 115
79 108 105
67 115 115
67 115 105
67 115 105
67 115 105
79 94 115
91 101 115
172 181 115
172 181 105
172 181 105
172 181 105
135 17 115
135 17 105
135 17 105
123 67 115
123 67 105
123 67 105
123 67 105
197 195 115
197 181 115
197 181 105
197 181 105
197 181 105
160 87 115
160 87 105
160 87 105
160 87 105
160 87 105
90 87 115
90 87 105
90 87 105
90 87 105
110 3 115
98 10 115
98 10 105
91 115 115
102 108 115
102 122 115
102 122 105
102 122 105
123 80 115
123 80 105
123 80 105
123 80 105
123 80 105
66 87 115
66 87 105
66 87 105
66 87 105
1 164 115
1 164 105
1 164 105
1 164 105
14 171 115
14 171 105
14 171 105
14 171 105
14 171 105
14 171 105
14 171 105
160 199 115
160 199 105
1 178 115
1 178 105
1 192 115
1 192 105
1 192 105
1 192 105
1 192 105
134 32 115
134 32 105
134 32 105
134 32 105
134 32 105
98 24 115
98 24 105
98 24 105
148 194 115
160 187 115
148 180 115
148 180 105
148 180 105
134 60 115
134 60 105
134 60 105
134 60 105
113 101 115
102 94 115
102 94 105
102 94 105
124 108 115
124 108 105
124 108 105
124 108 105
15 129 115
15 129 105
15 129 105
15 129 105
15 129 105
15 129 105
15 129 105
86 17 115
86 17 105
86 17 105
86 17 105
86 17 105
110 32 115
98 39 115
124 94 115
124 94 105
124 94 105
124 94 105
124 94 105
147 94 115
147 94 105
147 94 105
147 94 105
147 94 105
147 94 105
136 199 115
124 193 115
124 193 105
136 186 115
136 186 105
99 53 115
99 53 105
99 53 105
99 53 105
99 53 105
90 129 115
90 129 105
90 129 105
90 129 105
90 129 105
90 129 105
113 115 115
113 115 105
113 115 105
113 115 105
113 115 105
135 3 115
135 3 105
135 3 105
135 3 105
135 3 105
135 3 105
13 185 115
13 185 105
13 185 105
13 185 105
13 185 105
13 185 105
13 185 105
13 185 105
54 108 115
54 108 105
54 108 105
54 108 105
28 122 115
41 115 115
41 115 105
28 108 115
41 101 115
41 101 105
41 101 105
41 101 105
15 100 115
15 100 105
15 115 115
15 115 105
15 115 105
15 115 105
15 86 115
28 93 115
28 93 105
28 79 115
28 79 105
28 79 105
28 79 105
28 79 105
41 129 115
41 129 105
41 129 105
41 129 105
41 129 105
87 45 115
87 45 105
87 45 105
87 45 105
87 45 105
87 45 105
112 74 115
112 74 105
112 74 105
112 74 105
112 74 105
112 74 105
112 74 105
112 74 105
2 93 115
2 93 105
2 93 105
2 93 105
2 93 105
2 93 105
159 73 115
172 65 115
185 72 115
185 72 105
185 58 115
185 58 105
185 58 105
185 58 105
185 58 105
172 79 115
172 79 105
172 79 105
198 79 115
198 79 105
198 79 105
198 79 105
198 79 105
198 79 105
86 2 115
86 2 105
86 2 105
86 2 105
86 2 105
86 2 105
124 179 115
124 179 105
124 179 105
124 179 105
124 179 105
110 46 115
110 46 105
110 46 105
110 46 105
110 46 105
78 80 115
78 80 105
77 66 115
77 66 105
77 66 105
77 66 105
77 66 105
77 66 105
159 59 115
159 59 105
159 59 105
159 45 115
159 45 105
159 45 105
159 45 105
159 45 105
159 45 105
14 72 115
14 72 105
1 64 115
1 64 105
1 64 105
14 57 115
14 57 105
14 57 105
14 57 105
14 57 105
1 79 115
147 24 115
147 24 105
147 24 105
147 24 105
147 24 105
147 24 105
147 24 105
147 24 105
172 51 115
172 51 105
172 51 105
112 199 115
112 199 105
112 199 105
112 199 105
112 199 105
112 199 105
112 199 105
86 31 115
86 31 105
86 31 105
86 31 105
86 31 105
86 31 105
86 31 105
172 37 115
172 37 105
172 37 105
172 37 105
172 37 105
172 37 105
172 37 105
65 73 115
65 73 105
52 65 115
52 65 105
52 65 105
64 58 115
64 58 105
64 58 105
64 58 105
64 58 105
39 58 115
39 58 105
39 58 105
39 58 105
39 58 105
39 58 105
185 86 115
185 86 105
185 86 105
185 86 105
185 86 105
185 86 105
185 86 105
197 166 115
197 166 105
197 166 105
197 166 105
197 166 105
197 166 105
197 166 105
197 166 105
197 166 105
147 10 115
147 10 105
147 10 105
147 10 105
147 10 105
160 2 115
160 2 105
160 2 105
160 2 105
160 2 105
160 2 105
160 2 105
51 51 115
51 36 115
38 43 115
38 29 115
38 29 105
38 29 105
38 29 105
41 115 105
160 16 115
160 16 105
160 16 105
160 16 105
160 16 105
160 16 105
160 16 105
160 16 105
160 16 105
160 16 105
110 46 105
110 46 105
110 46 105
110 46 105
110 46 105
110 46 105
112 185 115
112 185 105
112 185 105
112 185 105
112 185 105
100 178 115
100 178 105
100 178 105
100 178 105
87 185 115
87 185 105
87 185 105
87 185 105
88 171 115
88 171 105
88 171 105
88 171 105
88 171 105
88 171 105
87 199 115
87 199 105
87 199 105
87 199 105
87 199 105
87 199 105
87 199 105
148 108 115
148 108 105
148 108 105
148 122 115
148 122 105
160 115 115
160 115 105
160 115 105
160 115 105
160 115 105
136 129 115
148 136 115
148 136 105
148 136 105
148 136 105
148 136 105
136 115 115
100 192 115
100 192 105
125 136 115
124 150 115
124 150 105
124 150 105
124 150 105
124 150 105
124 150 105
125 122 115
125 122 105
125 122 105
134 32 105
134 32 105
134 46 115
134 46 105
134 46 105
134 46 105
134 46 105
134 46 105
134 46 105
134 46 105
113 143 115
113 143 105
113 143 105
113 143 105
113 143 105
113 143 105
113 143 105
136 143 115
122 39 105
122 39 105
122 39 105
122 39 105
122 39 105
122 39 105
122 39 105
122 39 105
122 39 105
122 39 105
122 39 105
122 39 105
122 39 105
122 39 105
122 39 105
122 39 105
147 38 115
147 38 105
75 178 115
75 178 105
63 171 115
63 185 115
63 185 105
63 185 105
63 185 105
64 157 115
64 157 105
64 157 105
51 164 115
51 164 105
52 150 115
52 150 105
52 150 105
52 150 105
52 150 105
52 150 105
76 164 115
39 171 115
51 178 115
51 178 105
51 178 105
39 157 115
77 150 115
26 164 115
26 164 105
26 164 105
27 150 115
27 150 105
27 150 105
27 150 105
27 150 105
65 143 115
65 143 105
65 143 105
65 143 105
65 143 105
65 143 105
65 143 105
78 136 115
78 136 105
78 136 105
78 136 105
78 136 105
78 136 105
78 136 105
89 157 115
89 143 115
89 143 105
89 143 105
89 143 105
89 143 105
101 150 115
101 150 105
101 150 105
101 150 105
101 150 105
101 150 105
101 150 105
38 185 115
38 185 105
38 185 105
38 185 105
38 185 105
38 185 105
38 185 105
38 185 105
38 185 105
14 157 115
14 157 105
14 157 105
14 157 105
14 157 105
14 157 105
14 157 105
75 192 115
75 192 105
75 192 105
75 192 105
75 192 105
75 192 105
75 192 105
75 192 105
147 52 115
147 52 105
147 52 105
51 178 105
51 178 105
51 178 105
51 178 105
51 178 105
51 178 105
51 178 105
51 178 105
51 178 105
51 178 105
51 178 105
51 178 105
51 178 105
51 178 105
51 178 105
51 178 105
51 178 105
51 178 105
51 178 105
51 178 105
51 178 105
51 178 105
51 178 105
51 178 105
51 178 105
51 178 105
51 178 105
51 178 105
51 178 105
51 178 105
51 178 105
51 178 105
26 178 115
26 178 105
25 192 115
25 192 105
25 192 105
25 192 105
25 192 105
62 30 115
62 30 105
62 30 105
62 30 105
62 30 105
62 30 105
63 44 115
63 44 105
26 36 115
26 36 105
26 36 105
26 36 105
26 36 105
100 164 115
100 164 105
100 164 105
100 164 105
100 164 105
100 164 105
100 164 105
100 164 105
148 180 105
148 180 105
148 180 105
148 180 105
148 180 105
148 180 105
148 180 105
148 180 105
53 79 115
53 79 105
53 79 105
53 79 105
53 79 105
53 79 105
89 143 105
89 143 105
89 143 105
89 143 105
89 143 105
89 143 105
89 143 105
89 143 105
89 143 105
89 143 105
89 143 105
79 122 115
79 122 105
79 122 105
79 122 105
79 122 105
147 52 105
147 52 105
147 52 105
147 52 105
147 52 105
147 52 105
147 52 105
147 52 105
147 52 105
147 52 105
28 136 115
28 136 105
28 136 105
28 136 105
28 136 105
28 136 105
66 129 115
66 129 105
66 129 105
66 129 105
54 122 115
54 122 105
54 122 105
54 122 105
198 65 115
198 65 105
198 65 105
198 65 105
198 65 105
198 65 105
198 65 105
198 65 105
136 101 115
136 101 105
135 87 105
135 87 105
135 87 105
135 87 105
135 87 105
135 87 105
135 87 105
125 122 105
125 122 105
125 122 105
172 79 105
160 129 115
160 129 105
160 129 105
160 129 105
160 129 105
160 129 105
160 129 105
160 129 105
160 129 105
148 151 115
148 151 105
148 151 105
148 151 105
136 158 115
113 129 115
113 129 105
113 129 105
102 122 105
102 122 105
2 135 111
2 134 142
3 134 179
3 133 214
3 132 255
4 132 293
4 131 336
5 131 376
5 130 418
6 130 457
7 130 497
7 129 534
8 129 568
9 129 599
10 129 627
11 129 651
12 129 668
13 129 680
14 129 685
16 129 675
16 129 120
16 129 120
17 129 661
17 129 120
17 129 120
17 129 120
18 129 642
18 129 120
18 129 120
18 129 120
18 129 120
19 129 619
19 129 120
19 129 120
19 129 120
19 129 120
19 129 120
19 128 592
19 128 120
19 128 120
19 128 120
19 128 120
19 128 120
20 128 561
20 128 120
20 128 120
20 128 120
20 128 120
20 127 529
20 127 120
20 127 120
20 127 120
20 127 120
21 127 493
21 127 120
21 127 120
21 127 120
21 126 457
21 126 120
21 126 120
22 126 419
22 126 120
22 125 380
22 125 120
23 125 341
23 124 302
24 124 264
24 123 226
24 122 192
25 122 157
26 122 129
27 122 108
27 122 120
28 121 63
28 121 120
28 120 37
28 120 120
28 119 18
28 119 120
28 118 15
28 118 120
28 117 15
28 117 120
28 116 15
28 116 120
29 116 15
29 116 120
30 116 15
30 116 120
31 116 15
31 116 120
31 115 15
31 115 120
32 115 33
32 115 120
33 115 56
33 115 120
34 115 82
34 115 120
35 115 111
36 115 141
37 115 171
38 115 200
39 115 227
40 115 252
41 114 283
42 114 301
43 114 314
43 114 120
44 114 324
44 114 120
45 114 331
45 114 120
46 114 335
46 114 120
47 114 337
47 114 120
48 114 337
48 114 120
49 114 337
49 114 120
50 114 337
50 114 120
51 114 337
51 114 120
52 114 340
52 114 120
52 113 343
52 113 120
53 113 347
53 113 120
53 112 351
53 112 120
54 112 356
54 112 120
54 111 360
54 110 367
54 109 377
55 108 387
56 108 385
57 108 386
58 108 390
58 108 120
58 107 392
58 107 120
59 107 393
59 107 120
60 107 396
60 107 120
60 106 394
60 106 120
60 106 120
61 106 392
61 106 120
61 106 120
61 105 391
61 105 120
61 105 120
62 105 385
62 105 120
62 105 120
63 105 379
63 105 120
63 105 120
63 105 120
64 105 372
64 105 120
64 105 120
64 105 120
64 104 362
64 104 120
64 104 120
64 104 120
65 104 349
65 104 120
65 104 120
66 104 335
66 104 120
66 104 120
67 104 320
67 104 120
67 103 304
67 103 120
67 102 297
67 102 120
112 101 75
112 101 120
111 101 53
111 101 120
110 101 37
110 101 120
109 101 27
109 101 120
108 101 25
108 101 120
108 102 20
108 102 120
107 102 19
107 102 120
107 103 20
107 103 120
106 103 19
106 103 120
105 103 22
105 103 120
105 104 24
105 104 120
104 104 26
104 104 120
103 104 30
103 104 120
103 105 31
103 105 120
102 105 33
102 105 120
101 105 34
101 105 120
100 105 35
100 105 120
99 105 35
99 105 120
98 105 34
98 105 120
97 105 30
97 105 120
96 105 25
96 105 120
95 105 17
95 105 120
94 105 15
94 105 120
93 105 15
93 105 120
92 105 15
92 105 120
92 104 15
92 104 120
91 104 15
91 104 120
90 104 15
90 104 120
90 103 15
90 103 120
89 103 15
89 103 120
89 102 15
89 102 120
88 102 15
88 102 120
87 102 15
87 102 120
87 101 15
87 101 120
86 101 15
86 101 120
85 101 15
85 101 120
84 101 15
84 101 120
83 101 15
82 101 15
81 101 15
80 101 15
79 101 15
78 101 15
77 101 15
76 101 34
75 101 60
74 101 88
73 101 117
72 101 147
71 101 178
70 101 208
69 101 239
68 101 268
137 115 20
137 115 120
137 114 15
137 114 120
137 113 15
137 113 120
137 112 15
137 112 120
137 111 15
137 111 120
137 110 15
137 110 120
137 109 15
137 109 120
137 108 15
137 108 120
137 107 15
137 107 120
137 106 15
137 106 120
137 105 27
137 105 120
137 104 58
137 104 120
136 104 92
136 104 120
136 103 128
136 103 120
136 102 172
135 101 257
134 101 296
133 101 337
132 101 379
131 101 420
130 101 457
129 101 489
128 101 514
127 101 532
126 101 540
125 101 540
124 101 530
123 101 512
122 101 485
121 101 451
120 101 411
119 101 367
118 101 320
117 101 272
116 101 225
115 101 181
114 101 140
138 115 15
138 115 120
139 115 15
139 115 120
139 114 15
139 114 120
140 114 15
140 114 120
140 113 15
140 113 120
140 112 15
140 112 120
141 112 15
141 112 120
142 112 15
142 112 120
142 111 15
142 111 120
142 110 15
142 110 120
142 109 15
142 109 120
142 108 15
142 108 120
142 107 15
142 107 120
142 107 120
142 106 15
142 106 120
142 106 120
142 105 15
142 105 120
142 105 120
143 105 47
143 105 120
143 105 120
143 104 84
143 104 120
143 104 120
143 103 126
143 103 120
143 103 120
144 103 170
144 103 120
144 103 120
144 103 120
144 102 212
144 102 120
144 102 120
144 102 120
144 101 257
144 101 120
144 101 120
144 101 120
144 100 302
144 100 120
144 100 120
144 100 120
144 99 347
144 99 120
144 99 120
144 99 120
144 98 390
144 98 120
144 98 120
144 98 120
144 97 431
144 97 120
144 97 120
144 96 469
144 96 120
144 96 120
144 95 501
144 95 120
144 94 528
144 93 547
144 92 559
144 91 563
144 90 557
144 89 544
144 88 522
144 87 492
144 86 455
144 85 413
144 84 366
144 83 317
144 82 268
144 81 219
144 80 174
145 80 146
146 80 124
123 25 131
123 24 35
123 24 120
124 24 57
124 24 120
125 24 82
125 24 120
126 24 108
126 23 27
126 23 120
127 23 58
127 23 120
128 23 91
128 23 120
129 23 128
130 23 168
131 23 210
132 23 255
133 23 302
133 24 345
134 24 387
134 25 423
134 26 461
134 27 500
134 28 538
134 29 577
134 30 615
134 31 653
135 32 630
135 32 120
136 32 574
136 32 120
136 32 120
137 32 525
137 32 120
137 32 120
138 32 482
138 32 120
139 32 447
139 32 120
140 32 421
140 33 386
140 33 120
140 34 356
140 34 120
141 34 323
141 34 120
141 35 294
141 35 120
142 35 267
142 35 120
142 36 243
142 36 120
143 36 225
143 37 211
144 37 202
144 38 202
145 38 204
146 38 216
147 39 251
148 39 277
148 40 307
149 40 335
150 40 367
151 40 400
152 40 433
152 41 464
153 41 490
154 41 514
155 41 536
156 41 555
156 42 568
157 42 575
158 42 580
158 42 120
158 43 582
159 43 576
159 43 120
159 44 573
160 45 548
160 45 120
161 45 524
161 45 120
162 45 502
162 45 120
162 45 120
162 46 477
162 46 120
162 46 120
163 46 451
163 46 120
163 46 120
163 46 120
163 47 419
163 47 120
163 47 120
163 47 120
163 48 387
163 48 120
163 48 120
163 48 120
163 49 356
163 49 120
163 49 120
164 49 319
164 49 120
164 49 120
164 49 120
164 50 283
164 50 120
164 50 120
164 51 247
164 51 120
164 51 120
164 52 211
164 52 120
164 53 176
164 53 120
165 53 140
165 53 120
165 54 105
165 54 120
165 55 73
165 55 120
165 56 44
165 56 120
165 57 17
165 57 120
165 58 15
165 58 120
165 59 15
165 59 120
165 60 15
165 60 120
165 61 15
165 61 120
164 61 15
164 61 120
164 62 15
164 62 120
163 62 15
163 62 120
163 63 15
163 63 120
163 64 15
163 64 120
163 65 15
163 65 120
163 66 15
163 66 120
162 66 15
162 66 120
162 67 15
162 67 120
162 68 15
162 68 120
162 69 15
162 69 120
162 70 15
162 70 120
161 70 15
161 70 120
160 70 20
160 70 120
160 71 26
160 71 120
159 71 33
159 71 120
159 72 39
159 72 120
158 73 47
158 73 120
157 73 44
157 73 120
156 73 42
156 73 120
155 73 42
155 73 120
155 74 37
155 74 120
154 74 33
154 74 120
153 74 30
153 74 120
153 75 24
153 75 120
152 75 19
152 75 120
151 75 16
151 75 120
151 76 15
151 76 120
150 76 15
150 76 120
149 76 15
149 76 120
148 76 16
148 76 120
148 77 21
148 77 120
147 77 30
147 78 46
147 79 72
138 116 15
138 116 120
138 117 15
138 117 120
138 118 15
138 118 120
139 118 15
139 118 120
139 119 15
139 119 120
139 120 15
139 120 120
139 121 15
139 121 120
139 122 20
139 122 120
139 123 33
139 123 120
139 124 46
138 124 55
138 125 63
138 126 71
137 126 73
137 127 75
136 127 76
136 128 71
135 129 61
135 130 53
134 130 45
134 131 35
133 131 26
133 132 16
133 133 15
133 134 15
133 135 15
133 136 15
133 137 21
133 138 30
134 138 40
134 139 47
134 140 54
134 141 60
135 141 64
135 142 64
135 143 62
136 144 55
136 145 43
136 146 30
136 147 17
136 148 15
136 148 120
136 149 15
136 149 120
136 150 15
136 150 120
136 151 15
136 151 120
136 152 15
136 152 120
136 153 15
136 153 120
136 154 15
136 154 120
136 155 15
136 155 120
136 156 19
136 156 120
136 157 48
136 159 131
136 160 184
136 161 243
136 162 307
136 163 376
136 164 447
136 165 519
136 166 591
136 167 660
136 167 120
136 168 724
136 168 120
136 168 120
136 169 782
136 169 120
136 169 120
136 169 120
136 170 831
136 170 120
136 170 120
136 170 120
136 170 120
136 171 871
136 171 120
136 171 120
136 171 120
136 171 120
136 171 120
136 172 900
136 172 120
136 172 120
136 172 120
136 172 120
136 172 120
136 173 916
136 173 120
136 173 120
136 173 120
136 173 120
136 174 920
136 174 120
136 174 120
136 174 120
136 174 120
136 175 911
136 175 120
136 175 120
136 175 120
136 176 889
136 176 120
136 176 120
136 177 853
136 177 120
136 178 806
136 179 748
136 180 681
136 181 607
136 182 527
136 183 443
136 184 359
136 185 275
136 187 120
136 187 120
136 188 53
136 188 120
136 189 15
136 189 120
136 190 15
136 190 120
136 191 15
136 191 120
136 192 15
136 192 120
136 193 15
136 193 120
136 194 15
136 194 120
137 194 15
137 194 120
138 194 15
138 194 120
139 194 15
139 194 120
140 194 15
140 194 120
141 194 15
141 194 120
142 194 15
142 194 120
143 194 15
143 194 120
144 194 32
144 194 120
145 194 47
146 194 58
147 194 64
149 194 64
150 194 58
151 194 48
152 194 34
153 194 19
153 194 120
154 194 15
154 194 120
154 193 15
154 193 120
155 193 15
155 193 120
156 193 15
156 193 120
157 193 15
157 193 120
158 193 15
158 193 120
159 193 15
159 193 120
160 193 15
160 193 120
161 193 15
161 193 120
162 193 15
162 193 120
163 193 15
163 193 120
164 193 15
164 193 120
165 193 15
165 193 120
166 193 15
166 193 120
167 193 15
167 193 120
168 193 15
168 193 120
169 193 15
169 193 120
170 193 15
170 193 120
171 193 18
171 193 120
172 193 32
172 193 120
173 193 43
173 193 120
174 193 51
174 193 120
175 193 55
175 193 120
175 193 120
176 193 55
176 193 120
176 193 120
177 193 51
177 193 120
177 193 120
178 193 43
178 193 120
178 193 120
179 193 31
179 193 120
180 193 17
180 193 120
181 193 15
181 193 120
182 193 15
182 193 120
182 192 15
182 192 120
183 192 15
183 192 120
183 191 15
183 191 120
184 191 15
184 191 120
184 190 15
184 190 120
184 189 28
184 189 120
