113 89 13
113 89 3
113 89 3
113 89 3
19 185 13
19 185 3
146 62 13
146 62 3
146 62 3
127 199 13
127 199 3
80 118 13
80 118 3
80 118 3
80 118 3
80 118 3
65 158 13
65 158 3
65 158 3
65 158 3
65 158 3
65 158 3
65 158 3
65 158 3
65 158 3
65 158 3
65 158 3
65 158 3
65 158 3
65 158 3
65 158 3
65 158 3
65 158 3
65 158 3
65 158 3
65 158 3
65 158 3
65 158 3
65 158 3
65 158 3
65 158 3
65 158 3
65 158 3
65 158 3
65 158 3
65 158 3
65 158 3
65 158 3
65 158 3
65 158 3
65 158 3
65 158 3
65 158 3
65 158 3
65 158 3
65 158 3
65 158 3
65 158 3
65 158 3
65 158 3
65 158 3
65 158 3
65 158 3
65 158 3
65 158 3
65 158 3
65 158 3
65 158 3
65 158 3
65 158 3
65 158 3
65 158 3
65 158 3
65 158 3
65 158 3
65 158 3
65 158 3
65 158 3
65 158 3
65 158 3
65 158 3
65 158 3
65 158 3
65 158 3
65 158 3
65 158 3
65 158 3
65 158 3
65 158 3
65 158 3
65 158 3
65 158 3
65 158 3
65 158 3
50 6 13
50 6 3
50 6 3
50 6 3
50 6 3
50 6 3
50 6 3
50 6 3
151 137 13
151 137 3
151 137 3
151 137 3
151 137 3
151 137 3
151 137 3
151 137 3
151 137 3
151 137 3
151 137 3
151 137 3
151 137 3
151 137 3
151 137 3
151 137 3
151 137 3
151 137 3
151 137 3
151 137 3
151 137 3
151 137 3
12 43 13
12 43 3
12 43 3
12 43 3
12 43 3
12 43 3
12 43 3
12 43 3
12 43 3
12 43 3
12 43 3
12 43 3
12 43 3
12 43 3
12 43 3
12 43 3
12 43 3
12 43 3
12 43 3
12 43 3
12 43 3
12 43 3
12 43 3
12 43 3
12 43 3
12 43 3
12 43 3
12 43 3
12 43 3
12 43 3
12 43 3
12 43 3
12 43 3
12 43 3
12 43 3
12 43 3
12 43 3
12 43 3
12 43 3
12 43 3
12 43 3
12 43 3
12 43 3
12 43 3
12 43 3
12 43 3
12 43 3
123 81 13
123 81 3
123 81 3
123 81 3
123 81 3
134 72 13
134 72 3
134 72 3
92 112 13
80 104 13
80 104 3
80 104 3
80 104 3
80 104 3
80 104 3
80 104 3
80 104 3
80 104 3
80 104 3
80 104 3
80 104 3
80 104 3
80 104 3
80 104 3
80 104 3
80 104 3
80 104 3
80 104 3
80 104 3
80 104 3
80 104 3
80 104 3
80 104 3
80 104 3
80 104 3
80 104 3
80 104 3
80 104 3
80 104 3
80 104 3
80 104 3
80 104 3
80 104 3
80 104 3
80 104 3
139 199 13
139 199 3
139 199 3
139 199 3
139 199 3
139 199 3
31 178 13
31 178 3
31 192 13
31 192 3
31 192 3
31 192 3
31 192 3
31 192 3
31 192 3
31 192 3
31 192 3
31 192 3
31 192 3
31 192 3
31 192 3
31 192 3
31 192 3
31 192 3
134 56 13
134 56 3
134 56 3
134 56 3
134 56 3
140 191 13
140 191 3
140 191 3
140 191 3
140 191 3
140 191 3
140 191 3
140 191 3
140 191 3
140 191 3
140 191 3
140 191 3
140 191 3
140 191 3
140 191 3
140 191 3
140 191 3
140 191 3
140 191 3
140 191 3
140 191 3
140 191 3
140 191 3
140 191 3
140 191 3
140 191 3
140 191 3
140 191 3
140 191 3
140 191 3
140 191 3
140 191 3
140 191 3
140 191 3
140 191 3
140 191 3
140 191 3
140 191 3
140 191 3
140 191 3
140 191 3
140 191 3
140 191 3
140 191 3
140 191 3
140 191 3
140 191 3
140 191 3
140 191 3
92 99 13
92 99 3
92 99 3
92 99 3
92 99 3
92 99 3
92 99 3
53 165 13
53 165 3
53 165 3
53 165 3
53 165 3
53 165 3
53 165 3
53 165 3
53 165 3
53 165 3
53 165 3
53 165 3
53 165 3
53 165 3
53 165 3
53 165 3
53 165 3
53 165 3
53 165 3
53 165 3
53 165 3
53 165 3
53 165 3
53 165 3
53 165 3
53 165 3
53 165 3
53 165 3
53 165 3
53 165 3
53 165 3
53 165 3
53 165 3
53 165 3
53 165 3
53 165 3
53 165 3
53 165 3
53 165 3
53 165 3
53 165 3
53 165 3
53 165 3
53 165 3
53 165 3
53 165 3
53 165 3
53 165 3
53 165 3
53 165 3
53 165 3
53 165 3
53 165 3
53 165 3
53 165 3
53 165 3
53 165 3
53 165 3
53 165 3
53 165 3
53 165 3
53 165 3
53 165 3
53 165 3
53 165 3
53 165 3
53 165 3
53 165 3
53 165 3
53 165 3
53 165 3
53 165 3
53 165 3
53 165 3
53 165 3
53 165 3
53 165 3
53 165 3
53 165 3
53 165 3
53 165 3
53 165 3
53 165 3
53 165 3
53 165 3
53 165 3
53 165 3
53 165 3
53 165 3
53 165 3
53 165 3
53 165 3
53 165 3
53 165 3
53 165 3
53 165 3
53 165 3
53 165 3
53 165 3
53 165 3
53 165 3
53 165 3
53 165 3
53 165 3
53 165 3
53 165 3
53 165 3
53 165 3
53 165 3
53 165 3
53 165 3
53 165 3
53 165 3
53 165 3
53 165 3
53 165 3
53 165 3
53 165 3
53 165 3
53 165 3
53 165 3
53 165 3
53 165 3
53 165 3
53 165 3
53 165 3
53 165 3
53 165 3
53 165 3
53 165 3
53 165 3
53 165 3
53 165 3
53 165 3
53 165 3
53 165 3
53 165 3
53 165 3
53 165 3
53 165 3
53 165 3
53 165 3
53 165 3
66 141 13
66 141 3
66 141 3
66 141 3
66 141 3
66 141 3
66 141 3
66 141 3
66 141 3
66 141 3
66 141 3
66 141 3
66 141 3
66 141 3
66 141 3
66 141 3
66 141 3
66 141 3
66 141 3
66 141 3
66 141 3
66 141 3
66 141 3
66 141 3
66 141 3
66 141 3
66 141 3
66 141 3
66 141 3
66 141 3
66 141 3
66 141 3
66 141 3
66 141 3
66 141 3
66 141 3
66 141 3
66 141 3
66 141 3
66 141 3
66 141 3
66 141 3
66 141 3
66 141 3
66 141 3
66 141 3
66 141 3
66 141 3
66 141 3
66 141 3
66 141 3
66 141 3
66 141 3
66 141 3
66 141 3
66 141 3
66 141 3
66 141 3
66 141 3
66 141 3
66 141 3
66 141 3
66 141 3
66 141 3
66 141 3
66 141 3
66 141 3
66 141 3
66 141 3
66 141 3
66 141 3
66 141 3
66 141 3
66 141 3
66 141 3
66 141 3
66 141 3
66 141 3
66 141 3
66 141 3
66 141 3
66 141 3
66 141 3
66 141 3
66 141 3
66 141 3
66 141 3
66 141 3
66 141 3
66 141 3
66 141 3
66 141 3
66 141 3
66 141 3
66 141 3
66 141 3
66 141 3
66 141 3
66 141 3
66 141 3
66 141 3
66 141 3
66 141 3
66 141 3
66 141 3
66 141 3
66 141 3
66 141 3
66 141 3
66 141 3
66 141 3
66 141 3
66 141 3
66 141 3
66 141 3
66 141 3
66 141 3
66 141 3
66 141 3
66 141 3
66 141 3
66 141 3
66 141 3
66 141 3
66 141 3
66 141 3
66 141 3
66 141 3
66 141 3
66 141 3
66 141 3
66 141 3
66 141 3
66 141 3
66 141 3
66 141 3
66 141 3
66 141 3
66 141 3
66 141 3
66 141 3
66 141 3
66 141 3
66 141 3
66 141 3
66 141 3
66 141 3
66 141 3
66 141 3
66 141 3
66 141 3
66 141 3
66 141 3
66 141 3
66 141 3
66 141 3
66 141 3
66 141 3
66 141 3
66 141 3
66 141 3
66 141 3
77 166 13
77 166 3
77 166 3
77 166 3
77 166 3
77 166 3
77 166 3
77 166 3
77 166 3
77 166 3
77 166 3
77 166 3
77 166 3
77 166 3
77 166 3
77 166 3
77 166 3
77 166 3
77 166 3
77 166 3
77 166 3
77 166 3
77 166 3
77 166 3
77 166 3
77 166 3
77 166 3
77 166 3
77 166 3
77 166 3
77 166 3
77 166 3
77 166 3
77 166 3
77 166 3
77 166 3
77 166 3
77 166 3
77 166 3
77 166 3
77 166 3
77 166 3
77 166 3
77 166 3
77 166 3
77 166 3
77 166 3
77 166 3
77 166 3
77 166 3
77 166 3
77 166 3
77 166 3
77 166 3
77 166 3
77 166 3
77 166 3
77 166 3
77 166 3
77 166 3
77 166 3
77 166 3
77 166 3
77 166 3
77 166 3
77 166 3
77 166 3
77 166 3
77 166 3
77 166 3
77 166 3
77 166 3
77 166 3
77 166 3
77 166 3
77 166 3
77 166 3
77 166 3
77 166 3
77 166 3
77 166 3
77 166 3
77 166 3
77 166 3
77 166 3
77 166 3
77 166 3
77 166 3
77 166 3
77 166 3
77 166 3
77 166 3
77 166 3
77 166 3
77 166 3
77 166 3
77 166 3
77 166 3
77 166 3
77 166 3
77 166 3
77 166 3
77 166 3
77 166 3
77 166 3
77 166 3
77 166 3
77 166 3
77 166 3
77 166 3
77 166 3
77 166 3
77 166 3
77 166 3
77 166 3
77 166 3
77 166 3
77 166 3
77 166 3
77 166 3
77 166 3
77 166 3
77 166 3
77 166 3
77 166 3
77 166 3
77 166 3
77 166 3
77 166 3
77 166 3
77 166 3
77 166 3
77 166 3
77 166 3
77 166 3
77 166 3
77 166 3
77 166 3
77 166 3
77 166 3
77 166 3
77 166 3
77 166 3
77 166 3
77 166 3
77 166 3
122 65 13
122 65 3
122 65 3
122 65 3
122 65 3
122 65 3
122 65 3
122 65 3
122 65 3
122 65 3
122 65 3
122 65 3
122 65 3
122 65 3
122 65 3
122 65 3
122 65 3
111 74 13
111 74 3
111 74 3
111 74 3
111 74 3
111 74 3
111 74 3
111 74 3
111 74 3
111 74 3
111 74 3
111 74 3
111 74 3
111 74 3
111 74 3
111 74 3
111 74 3
111 74 3
111 74 3
111 74 3
111 74 3
111 74 3
111 74 3
111 74 3
111 74 3
111 74 3
111 74 3
111 74 3
62 0 13
62 0 3
62 0 3
62 0 3
62 0 3
62 0 3
62 13 13
62 13 3
62 13 3
62 13 3
62 13 3
62 13 3
62 13 3
62 13 3
62 13 3
102 95 13
102 95 3
18 170 13
18 170 3
18 170 3
127 184 13
127 184 3
127 184 3
127 184 3
127 184 3
127 184 3
127 184 3
127 184 3
127 184 3
127 184 3
127 184 3
127 184 3
127 184 3
127 184 3
127 184 3
127 184 3
127 184 3
127 184 3
127 184 3
127 184 3
127 184 3
127 184 3
127 184 3
127 184 3
127 184 3
127 184 3
127 184 3
127 184 3
127 184 3
127 184 3
127 184 3
127 184 3
127 184 3
127 184 3
127 184 3
127 184 3
127 184 3
127 184 3
127 184 3
127 184 3
127 184 3
127 184 3
127 184 3
139 130 13
139 130 3
139 130 3
139 130 3
139 130 3
139 130 3
139 130 3
139 130 3
139 130 3
139 130 3
139 130 3
139 130 3
139 130 3
139 130 3
139 130 3
139 130 3
139 130 3
139 130 3
139 130 3
139 130 3
139 130 3
139 130 3
139 130 3
139 130 3
139 130 3
139 130 3
139 130 3
139 130 3
139 130 3
139 130 3
139 130 3
139 130 3
139 130 3
139 130 3
139 130 3
139 130 3
139 130 3
139 130 3
139 130 3
139 130 3
139 130 3
139 130 3
139 130 3
139 130 3
139 130 3
150 123 13
150 123 3
150 123 3
150 123 3
150 123 3
150 123 3
150 123 3
150 123 3
150 123 3
150 123 3
150 123 3
6 177 13
5 163 13
5 163 3
5 163 3
5 163 3
5 163 3
5 163 3
114 191 13
114 191 3
114 191 3
114 191 3
114 191 3
114 191 3
114 191 3
114 191 3
114 191 3
114 191 3
114 191 3
114 191 3
114 191 3
114 191 3
114 191 3
114 191 3
114 191 3
114 191 3
114 191 3
78 150 13
78 150 3
78 150 3
78 150 3
78 150 3
78 150 3
78 150 3
78 150 3
78 150 3
78 150 3
78 150 3
78 150 3
78 150 3
78 150 3
78 150 3
78 150 3
78 150 3
78 150 3
78 150 3
78 150 3
78 150 3
78 150 3
78 150 3
78 150 3
78 150 3
78 150 3
78 150 3
78 150 3
78 150 3
78 150 3
78 150 3
78 150 3
78 150 3
78 150 3
78 150 3
78 150 3
78 150 3
78 150 3
78 150 3
78 150 3
78 150 3
78 150 3
78 150 3
78 150 3
78 150 3
78 150 3
78 150 3
78 150 3
78 150 3
78 150 3
78 150 3
78 150 3
78 150 3
78 150 3
78 150 3
78 150 3
78 150 3
78 150 3
78 150 3
78 150 3
78 150 3
78 150 3
78 150 3
78 150 3
78 150 3
78 150 3
78 150 3
78 150 3
78 150 3
78 150 3
78 150 3
78 150 3
78 150 3
78 150 3
78 150 3
78 150 3
78 150 3
78 150 3
78 150 3
78 150 3
78 150 3
78 150 3
78 150 3
78 150 3
78 150 3
78 150 3
78 150 3
78 150 3
78 150 3
78 150 3
78 150 3
78 150 3
78 150 3
78 150 3
78 150 3
78 150 3
78 150 3
78 150 3
78 150 3
78 150 3
78 150 3
78 150 3
78 150 3
78 150 3
78 150 3
78 150 3
78 150 3
78 150 3
78 150 3
78 150 3
78 150 3
78 150 3
78 150 3
78 150 3
78 150 3
78 150 3
91 142 13
91 142 3
91 142 3
91 142 3
91 142 3
91 142 3
91 142 3
91 142 3
91 142 3
91 142 3
91 142 3
91 142 3
91 142 3
91 142 3
91 142 3
91 142 3
91 142 3
91 142 3
91 142 3
91 142 3
91 142 3
91 142 3
91 142 3
91 142 3
91 142 3
91 142 3
91 142 3
91 142 3
91 142 3
91 142 3
91 142 3
91 142 3
91 142 3
91 142 3
91 142 3
91 142 3
91 142 3
91 142 3
91 142 3
91 142 3
91 142 3
91 142 3
91 142 3
91 142 3
91 142 3
91 142 3
91 142 3
91 142 3
91 142 3
91 142 3
91 142 3
91 142 3
91 142 3
91 142 3
91 142 3
91 142 3
91 142 3
91 142 3
91 142 3
91 142 3
91 142 3
91 142 3
91 142 3
91 142 3
91 142 3
91 142 3
91 142 3
91 142 3
91 142 3
91 142 3
91 142 3
91 142 3
91 142 3
91 142 3
91 142 3
91 142 3
91 142 3
91 142 3
91 142 3
91 142 3
91 142 3
91 142 3
91 142 3
91 142 3
91 142 3
91 142 3
91 142 3
91 142 3
91 142 3
91 142 3
91 142 3
91 142 3
91 142 3
91 142 3
91 142 3
91 142 3
91 142 3
91 142 3
91 142 3
91 142 3
91 142 3
91 142 3
91 142 3
91 142 3
91 142 3
91 142 3
91 142 3
91 142 3
91 142 3
91 142 3
91 142 3
92 126 13
92 126 3
92 126 3
92 126 3
92 126 3
92 126 3
92 126 3
92 126 3
92 126 3
92 126 3
92 126 3
92 126 3
92 126 3
92 126 3
92 126 3
92 126 3
92 126 3
92 126 3
114 199 13
114 199 3
114 199 3
114 199 3
114 199 3
114 199 3
114 199 3
114 199 3
114 199 3
114 199 3
114 199 3
114 199 3
114 199 3
114 199 3
114 199 3
114 199 3
114 199 3
114 199 3
114 199 3
114 199 3
114 199 3
114 199 3
114 199 3
114 199 3
42 187 13
42 187 3
42 187 3
42 187 3
42 187 3
42 187 3
42 187 3
42 187 3
42 187 3
42 187 3
42 187 3
42 187 3
42 187 3
42 187 3
42 187 3
42 187 3
42 187 3
42 187 3
42 187 3
42 187 3
42 187 3
42 187 3
42 187 3
42 187 3
42 187 3
42 187 3
42 187 3
42 187 3
42 187 3
42 187 3
42 187 3
42 187 3
42 187 3
42 187 3
42 187 3
42 187 3
42 187 3
42 187 3
42 187 3
42 187 3
42 187 3
42 187 3
42 187 3
42 187 3
42 187 3
42 187 3
42 187 3
42 187 3
42 187 3
42 187 3
42 187 3
42 187 3
42 187 3
42 187 3
42 187 3
42 187 3
42 187 3
42 187 3
42 187 3
42 187 3
42 187 3
42 187 3
42 187 3
42 187 3
42 187 3
42 187 3
42 187 3
42 187 3
42 187 3
152 197 13
152 197 3
152 197 3
152 197 3
152 197 3
152 197 3
152 197 3
152 197 3
152 197 3
152 197 3
152 197 3
152 197 3
152 197 3
152 197 3
152 197 3
152 197 3
152 197 3
152 197 3
152 197 3
152 197 3
152 197 3
152 197 3
152 197 3
152 197 3
152 197 3
152 197 3
152 197 3
152 197 3
152 197 3
152 197 3
152 197 3
152 197 3
152 197 3
152 197 3
152 197 3
152 197 3
152 197 3
152 197 3
152 197 3
152 197 3
152 197 3
152 197 3
152 197 3
152 197 3
152 197 3
152 197 3
152 197 3
152 197 3
152 197 3
152 197 3
152 197 3
152 197 3
152 197 3
152 197 3
152 197 3
152 197 3
152 197 3
152 197 3
152 197 3
152 197 3
152 197 3
152 197 3
152 197 3
152 197 3
152 197 3
152 197 3
152 197 3
152 197 3
152 197 3
152 197 3
152 197 3
152 197 3
152 197 3
152 197 3
152 197 3
152 197 3
152 197 3
152 197 3
152 197 3
152 197 3
152 197 3
152 197 3
152 197 3
152 197 3
152 197 3
152 197 3
152 197 3
152 197 3
152 197 3
152 197 3
152 197 3
152 197 3
152 197 3
152 197 3
152 197 3
152 197 3
152 197 3
152 197 3
152 197 3
152 197 3
152 197 3
152 197 3
152 197 3
152 197 3
152 197 3
152 197 3
152 197 3
152 197 3
152 197 3
152 197 3
152 197 3
152 197 3
152 197 3
152 197 3
152 197 3
152 197 3
152 197 3
152 197 3
152 197 3
152 197 3
152 197 3
152 197 3
152 197 3
152 197 3
152 197 3
152 197 3
152 197 3
152 197 3
152 197 3
152 197 3
152 197 3
152 197 3
152 197 3
152 197 3
152 197 3
152 197 3
152 197 3
152 197 3
152 197 3
152 197 3
152 197 3
152 197 3
152 197 3
152 197 3
152 197 3
152 197 3
101 199 13
101 199 3
101 199 3
101 199 3
101 199 3
101 199 3
101 199 3
101 199 3
101 199 3
101 199 3
101 199 3
101 199 3
101 199 3
101 199 3
101 199 3
101 199 3
101 199 3
101 199 3
101 199 3
101 199 3
101 199 3
101 199 3
101 199 3
101 199 3
101 199 3
101 199 3
101 199 3
101 199 3
101 199 3
101 199 3
101 199 3
101 199 3
101 199 3
101 199 3
101 199 3
101 199 3
101 199 3
101 199 3
101 199 3
101 199 3
101 199 3
101 199 3
101 199 3
101 199 3
101 199 3
101 199 3
101 199 3
101 199 3
101 199 3
101 199 3
101 199 3
101 199 3
101 199 3
101 199 3
101 199 3
101 199 3
101 199 3
163 129 13
163 129 3
163 129 3
163 129 3
163 129 3
163 129 3
163 129 3
163 129 3
163 129 3
163 129 3
163 129 3
163 129 3
163 129 3
163 129 3
163 129 3
163 129 3
163 129 3
163 129 3
163 129 3
163 129 3
163 129 3
163 129 3
163 129 3
163 129 3
17 156 13
17 156 3
17 156 3
17 156 3
17 156 3
17 156 3
17 156 3
17 156 3
17 156 3
17 156 3
17 156 3
17 156 3
17 156 3
4 149 13
4 149 3
4 149 3
4 149 3
4 149 3
4 149 3
4 149 3
4 149 3
4 149 3
4 149 3
4 149 3
4 149 3
4 149 3
4 149 3
4 149 3
4 149 3
4 149 3
4 149 3
4 149 3
4 149 3
4 149 3
4 149 3
4 149 3
4 149 3
4 149 3
4 149 3
4 149 3
4 149 3
4 149 3
4 149 3
4 149 3
4 149 3
4 149 3
4 149 3
4 149 3
4 149 3
4 149 3
4 149 3
4 149 3
4 149 3
4 149 3
4 149 3
4 149 3
4 149 3
4 149 3
4 149 3
4 149 3
4 149 3
4 149 3
4 149 3
4 149 3
4 149 3
4 149 3
4 149 3
4 149 3
4 149 3
50 21 13
50 21 3
50 21 3
50 21 3
50 21 3
50 21 3
50 21 3
50 21 3
50 21 3
50 21 3
50 21 3
50 21 3
50 21 3
50 21 3
50 21 3
50 21 3
50 21 3
50 21 3
50 21 3
50 21 3
50 21 3
50 21 3
50 21 3
50 21 3
50 21 3
50 21 3
50 21 3
50 21 3
50 21 3
50 21 3
50 21 3
50 21 3
50 21 3
50 21 3
50 21 3
50 21 3
50 21 3
50 21 3
102 183 13
102 183 3
102 183 3
102 183 3
102 183 3
102 183 3
102 183 3
102 183 3
102 183 3
102 183 3
102 183 3
102 183 3
102 183 3
102 183 3
102 183 3
102 183 3
102 183 3
102 183 3
102 183 3
102 183 3
102 183 3
102 183 3
102 183 3
102 183 3
102 183 3
102 183 3
102 183 3
102 183 3
102 183 3
102 183 3
102 183 3
102 183 3
102 183 3
102 183 3
102 183 3
102 183 3
102 183 3
102 183 3
102 183 3
102 183 3
102 183 3
102 183 3
102 183 3
102 183 3
102 183 3
102 183 3
102 183 3
102 183 3
102 183 3
102 183 3
102 183 3
102 183 3
102 183 3
102 183 3
102 183 3
102 183 3
102 183 3
102 183 3
102 183 3
102 183 3
102 183 3
102 183 3
102 183 3
102 183 3
102 183 3
102 183 3
102 183 3
102 183 3
102 183 3
102 183 3
102 183 3
102 183 3
102 183 3
102 183 3
102 183 3
102 183 3
102 183 3
102 183 3
102 183 3
102 183 3
102 183 3
102 183 3
102 183 3
102 183 3
102 183 3
102 183 3
102 183 3
102 183 3
102 183 3
102 183 3
102 183 3
102 183 3
102 183 3
102 183 3
102 183 3
102 183 3
102 183 3
102 183 3
102 183 3
102 183 3
102 183 3
102 183 3
102 183 3
102 183 3
102 183 3
102 183 3
102 183 3
102 183 3
102 183 3
102 183 3
102 183 3
102 183 3
102 183 3
102 183 3
102 183 3
102 183 3
102 183 3
102 183 3
102 183 3
102 183 3
102 183 3
102 183 3
102 183 3
102 183 3
102 183 3
102 183 3
102 183 3
102 183 3
102 183 3
102 183 3
102 183 3
102 183 3
102 183 3
102 183 3
102 183 3
102 183 3
102 183 3
102 183 3
102 183 3
102 183 3
102 183 3
102 183 3
102 183 3
102 183 3
102 183 3
102 183 3
102 183 3
102 183 3
102 183 3
102 183 3
102 183 3
102 183 3
102 183 3
102 183 3
102 183 3
102 183 3
102 183 3
25 36 13
25 36 3
25 36 3
25 36 3
25 36 3
25 36 3
25 36 3
25 36 3
25 36 3
25 36 3
25 36 3
25 36 3
25 36 3
25 36 3
25 36 3
25 36 3
25 36 3
25 36 3
25 36 3
25 36 3
25 36 3
25 36 3
25 36 3
25 36 3
25 36 3
25 36 3
25 36 3
25 36 3
25 36 3
25 36 3
25 36 3
25 36 3
25 36 3
25 36 3
25 36 3
25 36 3
25 36 3
25 36 3
25 36 3
25 36 3
25 36 3
25 36 3
25 36 3
25 36 3
25 36 3
25 36 3
25 36 3
25 36 3
25 36 3
25 36 3
25 36 3
25 36 3
25 36 3
25 36 3
25 36 3
25 36 3
25 36 3
25 36 3
25 36 3
25 36 3
25 36 3
25 36 3
25 36 3
25 36 3
25 36 3
25 36 3
25 36 3
25 36 3
25 36 3
25 36 3
25 36 3
25 36 3
25 36 3
25 36 3
25 36 3
25 36 3
25 36 3
25 36 3
25 36 3
25 36 3
25 36 3
25 36 3
25 36 3
25 36 3
25 36 3
25 36 3
25 36 3
25 36 3
25 36 3
25 36 3
25 36 3
25 36 3
25 36 3
25 36 3
25 36 3
25 36 3
25 36 3
25 36 3
25 36 3
25 36 3
25 36 3
25 36 3
25 36 3
25 36 3
25 36 3
25 36 3
25 36 3
25 36 3
25 36 3
25 36 3
25 36 3
25 36 3
25 36 3
25 36 3
25 36 3
25 36 3
25 36 3
25 36 3
25 36 3
25 36 3
25 36 3
25 36 3
25 36 3
25 36 3
25 36 3
25 36 3
25 36 3
25 36 3
25 36 3
16 141 13
16 141 3
16 141 3
16 141 3
16 141 3
16 141 3
16 141 3
16 141 3
16 141 3
16 141 3
16 141 3
16 141 3
16 141 3
16 141 3
16 141 3
16 141 3
16 141 3
16 141 3
16 141 3
16 141 3
16 141 3
16 141 3
16 141 3
16 141 3
16 141 3
16 141 3
16 141 3
16 141 3
16 141 3
16 141 3
16 141 3
114 176 13
114 176 3
114 176 3
114 176 3
114 176 3
114 176 3
114 176 3
114 176 3
114 176 3
114 176 3
114 176 3
114 176 3
114 176 3
114 176 3
114 176 3
114 176 3
114 176 3
114 176 3
114 176 3
114 176 3
114 176 3
114 176 3
114 176 3
114 176 3
114 176 3
114 176 3
114 176 3
114 176 3
114 176 3
114 176 3
114 176 3
114 176 3
114 176 3
114 176 3
114 176 3
114 176 3
114 176 3
114 176 3
114 176 3
114 176 3
114 176 3
114 176 3
114 176 3
114 176 3
114 176 3
114 176 3
114 176 3
114 176 3
114 176 3
114 176 3
114 176 3
114 176 3
114 176 3
114 176 3
114 176 3
114 176 3
114 176 3
114 176 3
114 176 3
114 176 3
114 176 3
114 176 3
114 176 3
114 176 3
114 176 3
114 176 3
114 176 3
114 176 3
114 176 3
114 176 3
114 176 3
114 176 3
114 176 3
114 176 3
114 176 3
114 176 3
114 176 3
114 176 3
114 176 3
114 176 3
114 176 3
114 176 3
114 176 3
114 176 3
114 176 3
114 176 3
114 176 3
114 176 3
114 176 3
114 176 3
114 176 3
114 176 3
114 176 3
114 176 3
114 176 3
114 176 3
114 176 3
114 176 3
114 176 3
114 176 3
114 176 3
114 176 3
114 176 3
114 176 3
114 176 3
114 176 3
114 176 3
114 176 3
114 176 3
114 176 3
114 176 3
114 176 3
114 176 3
114 176 3
114 176 3
114 176 3
114 176 3
114 176 3
114 176 3
114 176 3
114 176 3
114 176 3
114 176 3
114 176 3
114 176 3
114 176 3
114 176 3
114 176 3
114 176 3
114 176 3
114 176 3
114 176 3
114 176 3
114 176 3
114 176 3
114 176 3
114 176 3
114 176 3
114 176 3
114 176 3
114 176 3
114 176 3
114 176 3
12 29 13
12 29 3
12 29 3
12 29 3
12 29 3
12 29 3
12 29 3
12 29 3
12 29 3
12 29 3
12 29 3
12 29 3
12 29 3
12 29 3
12 29 3
12 29 3
12 29 3
12 29 3
12 29 3
12 29 3
12 29 3
12 29 3
12 29 3
12 29 3
12 29 3
12 29 3
12 29 3
12 29 3
12 29 3
12 29 3
12 29 3
12 29 3
12 29 3
12 29 3
12 29 3
12 29 3
12 29 3
12 29 3
12 29 3
12 29 3
12 29 3
12 29 3
12 29 3
12 29 3
12 29 3
12 29 3
12 29 3
12 29 3
12 29 3
12 29 3
12 29 3
12 29 3
12 29 3
12 29 3
12 29 3
12 29 3
12 29 3
12 29 3
12 29 3
12 29 3
12 29 3
12 29 3
12 29 3
12 29 3
12 29 3
12 29 3
12 29 3
12 29 3
12 29 3
12 29 3
12 29 3
12 29 3
12 29 3
12 29 3
12 29 3
12 29 3
12 29 3
12 29 3
12 29 3
12 29 3
12 29 3
12 29 3
12 29 3
12 29 3
12 29 3
12 29 3
12 29 3
12 29 3
12 29 3
12 29 3
12 29 3
12 29 3
12 29 3
12 29 3
12 29 3
12 29 3
12 29 3
12 29 3
12 29 3
12 29 3
12 29 3
12 29 3
12 29 3
12 29 3
12 29 3
12 29 3
12 29 3
12 29 3
12 29 3
12 29 3
12 29 3
12 29 3
12 29 3
12 29 3
12 29 3
12 29 3
12 29 3
12 29 3
12 29 3
12 29 3
12 29 3
12 29 3
12 29 3
12 29 3
12 29 3
12 29 3
12 29 3
12 29 3
12 29 3
12 29 3
12 29 3
12 29 3
12 29 3
12 29 3
12 29 3
12 29 3
12 29 3
12 29 3
12 29 3
12 29 3
12 29 3
12 29 3
12 29 3
12 29 3
12 29 3
12 29 3
25 50 13
25 50 3
25 50 3
25 50 3
25 50 3
25 50 3
25 50 3
25 50 3
25 50 3
25 50 3
25 50 3
25 50 3
25 50 3
25 50 3
25 50 3
25 50 3
25 50 3
25 50 3
25 50 3
25 50 3
25 50 3
25 50 3
25 50 3
25 50 3
25 50 3
25 50 3
25 50 3
25 50 3
25 50 3
25 50 3
25 50 3
25 50 3
25 50 3
25 50 3
25 50 3
25 50 3
25 50 3
25 50 3
25 50 3
25 50 3
25 50 3
25 50 3
25 50 3
25 50 3
25 50 3
25 50 3
25 50 3
25 50 3
25 50 3
25 50 3
25 50 3
25 50 3
25 50 3
25 50 3
25 50 3
25 50 3
25 50 3
25 50 3
25 50 3
25 50 3
25 50 3
25 50 3
25 50 3
25 50 3
25 50 3
25 50 3
25 50 3
25 50 3
25 50 3
25 50 3
25 50 3
25 50 3
25 50 3
25 50 3
25 50 3
25 50 3
25 50 3
25 50 3
25 50 3
25 50 3
25 50 3
25 50 3
25 50 3
25 50 3
25 50 3
25 50 3
25 50 3
25 50 3
25 50 3
25 50 3
25 50 3
25 50 3
25 50 3
25 50 3
25 50 3
25 50 3
25 50 3
29 149 13
29 149 3
29 149 3
29 149 3
29 149 3
29 149 3
29 149 3
29 149 3
29 149 3
29 149 3
29 149 3
29 149 3
29 149 3
29 149 3
29 149 3
29 149 3
29 149 3
29 149 3
29 149 3
29 149 3
29 149 3
29 149 3
29 149 3
29 149 3
29 149 3
29 149 3
29 149 3
29 149 3
29 149 3
29 149 3
29 149 3
29 149 3
29 149 3
29 149 3
29 149 3
29 149 3
29 149 3
29 149 3
29 149 3
29 149 3
29 149 3
29 149 3
29 149 3
29 149 3
29 149 3
29 149 3
29 149 3
29 149 3
29 149 3
29 149 3
29 149 3
29 149 3
29 149 3
29 149 3
29 149 3
29 149 3
29 149 3
29 149 3
29 149 3
29 149 3
29 149 3
29 149 3
29 149 3
29 149 3
29 149 3
29 149 3
29 149 3
29 149 3
29 149 3
29 149 3
29 149 3
29 149 3
29 149 3
29 149 3
29 149 3
29 149 3
29 149 3
29 149 3
29 149 3
29 149 3
29 149 3
29 149 3
29 149 3
29 149 3
29 149 3
29 149 3
29 149 3
29 149 3
29 149 3
29 149 3
29 149 3
29 149 3
29 149 3
29 149 3
29 149 3
29 149 3
29 149 3
29 149 3
29 149 3
29 149 3
29 149 3
29 149 3
29 149 3
29 149 3
29 149 3
29 149 3
29 149 3
29 149 3
29 149 3
29 149 3
29 149 3
29 149 3
29 149 3
29 149 3
29 149 3
29 149 3
29 149 3
29 149 3
29 149 3
29 149 3
29 149 3
29 149 3
29 149 3
29 149 3
29 149 3
29 149 3
29 149 3
29 149 3
29 149 3
29 149 3
29 149 3
29 149 3
29 149 3
29 149 3
29 149 3
29 149 3
29 149 3
29 149 3
29 149 3
29 149 3
29 149 3
29 149 3
29 149 3
29 149 3
29 149 3
29 149 3
29 149 3
29 149 3
29 149 3
29 149 3
29 149 3
29 149 3
29 149 3
6 191 13
6 191 3
6 191 3
6 191 3
6 191 3
19 199 13
19 199 3
19 199 3
19 199 3
19 199 3
19 199 3
19 199 3
19 199 3
19 199 3
19 199 3
19 199 3
19 199 3
19 199 3
12 57 13
12 57 3
12 57 3
12 57 3
12 57 3
12 57 3
12 57 3
12 57 3
12 57 3
12 57 3
12 57 3
89 199 13
89 199 3
89 199 3
89 199 3
89 199 3
89 199 3
89 199 3
89 199 3
89 199 3
89 199 3
89 199 3
89 199 3
89 199 3
89 199 3
89 199 3
89 199 3
89 199 3
89 199 3
89 199 3
89 199 3
89 199 3
89 199 3
89 199 3
89 199 3
89 199 3
89 199 3
89 199 3
89 199 3
89 199 3
89 199 3
89 199 3
89 199 3
89 199 3
89 199 3
89 199 3
89 199 3
89 199 3
89 199 3
89 199 3
89 199 3
89 199 3
89 199 3
89 199 3
89 199 3
89 199 3
89 199 3
89 199 3
89 199 3
89 199 3
89 199 3
89 199 3
89 199 3
89 199 3
89 199 3
89 199 3
89 199 3
89 199 3
89 199 3
89 199 3
89 199 3
89 199 3
89 199 3
89 199 3
89 199 3
89 199 3
89 199 3
89 199 3
89 199 3
89 199 3
89 199 3
89 199 3
89 199 3
89 199 3
89 199 3
89 199 3
89 199 3
89 199 3
89 199 3
89 199 3
89 199 3
89 199 3
89 199 3
0 50 13
0 50 3
89 190 13
89 190 3
89 190 3
89 190 3
89 190 3
89 190 3
89 190 3
89 190 3
89 190 3
89 190 3
89 190 3
89 190 3
89 190 3
89 190 3
89 190 3
89 190 3
89 190 3
89 190 3
89 190 3
89 190 3
89 190 3
89 190 3
89 190 3
89 190 3
89 190 3
89 190 3
89 190 3
89 190 3
89 190 3
89 190 3
89 190 3
89 190 3
89 190 3
89 190 3
89 190 3
89 190 3
89 190 3
89 190 3
89 190 3
89 190 3
89 190 3
89 190 3
89 190 3
89 190 3
89 190 3
89 190 3
89 190 3
89 190 3
89 190 3
89 190 3
89 190 3
89 190 3
89 190 3
89 190 3
89 190 3
89 190 3
89 190 3
89 190 3
89 190 3
89 190 3
89 190 3
89 190 3
89 190 3
89 190 3
89 190 3
89 190 3
89 190 3
89 190 3
89 190 3
89 190 3
89 190 3
89 190 3
89 190 3
89 190 3
89 190 3
89 190 3
89 190 3
89 190 3
89 190 3
89 190 3
89 190 3
89 190 3
89 190 3
89 190 3
89 190 3
0 64 13
77 197 13
77 197 3
77 197 3
77 197 3
77 197 3
77 197 3
77 197 3
77 197 3
77 197 3
77 197 3
77 197 3
77 197 3
77 197 3
77 197 3
77 197 3
77 197 3
77 197 3
77 197 3
77 197 3
77 197 3
77 197 3
77 197 3
77 197 3
77 197 3
77 197 3
77 197 3
77 197 3
77 197 3
77 197 3
77 197 3
77 197 3
77 197 3
77 197 3
77 197 3
77 197 3
77 197 3
77 197 3
77 197 3
77 197 3
77 197 3
77 197 3
77 197 3
77 197 3
77 197 3
77 197 3
77 197 3
77 197 3
77 197 3
77 197 3
77 197 3
77 197 3
77 197 3
77 197 3
77 197 3
77 197 3
77 197 3
77 197 3
77 197 3
77 197 3
77 197 3
77 197 3
77 197 3
77 197 3
77 197 3
77 197 3
77 197 3
77 197 3
77 197 3
77 197 3
77 197 3
77 197 3
77 197 3
77 197 3
77 197 3
77 197 3
77 197 3
77 197 3
77 197 3
77 197 3
77 197 3
77 197 3
77 197 3
77 197 3
77 197 3
77 197 3
77 197 3
77 197 3
77 197 3
77 197 3
77 197 3
77 197 3
77 197 3
77 197 3
77 197 3
77 197 3
77 197 3
77 197 3
77 197 3
77 197 3
77 197 3
77 197 3
77 197 3
77 197 3
77 197 3
77 197 3
77 197 3
77 197 3
77 197 3
77 197 3
77 197 3
77 197 3
77 197 3
77 197 3
77 197 3
77 197 3
77 197 3
77 197 3
77 197 3
77 197 3
77 197 3
77 197 3
77 197 3
77 197 3
77 197 3
77 197 3
77 197 3
77 197 3
77 197 3
77 197 3
77 197 3
77 197 3
77 197 3
77 197 3
77 197 3
77 197 3
77 197 3
77 197 3
77 197 3
77 197 3
77 197 3
77 197 3
77 197 3
77 197 3
77 197 3
77 197 3
77 197 3
77 197 3
77 197 3
77 197 3
77 197 3
77 197 3
77 197 3
77 197 3
77 197 3
77 197 3
77 197 3
77 197 3
77 197 3
77 197 3
77 197 3
77 197 3
77 197 3
77 197 3
77 197 3
77 197 3
77 197 3
77 197 3
77 197 3
77 197 3
77 197 3
3 134 13
3 134 3
3 134 3
3 134 3
3 134 3
3 134 3
3 134 3
3 134 3
3 134 3
3 134 3
3 134 3
3 134 3
3 134 3
3 134 3
3 134 3
3 134 3
3 134 3
3 134 3
3 134 3
3 134 3
3 134 3
3 134 3
3 134 3
3 134 3
3 134 3
3 134 3
3 134 3
3 134 3
3 134 3
3 134 3
3 134 3
3 134 3
3 134 3
3 134 3
3 134 3
3 134 3
3 134 3
3 134 3
3 134 3
3 134 3
3 134 3
3 134 3
3 134 3
3 134 3
3 134 3
3 134 3
3 134 3
3 134 3
3 134 3
3 134 3
3 134 3
3 134 3
3 134 3
3 134 3
3 134 3
3 134 3
3 134 3
3 134 3
3 134 3
3 134 3
3 134 3
3 134 3
3 134 3
3 134 3
3 134 3
3 134 3
3 134 3
3 134 3
3 134 3
3 134 3
3 134 3
3 134 3
3 134 3
3 134 3
3 134 3
3 134 3
3 134 3
3 134 3
3 134 3
3 134 3
3 134 3
3 134 3
3 134 3
3 134 3
3 134 3
3 134 3
3 134 3
3 134 3
3 134 3
3 134 3
3 134 3
3 134 3
3 134 3
3 134 3
3 134 3
3 134 3
3 134 3
3 134 3
3 134 3
3 134 3
3 134 3
3 134 3
3 134 3
3 134 3
3 134 3
3 134 3
3 134 3
127 168 13
127 168 3
127 168 3
127 168 3
127 168 3
127 168 3
127 168 3
127 168 3
127 168 3
127 168 3
127 168 3
127 168 3
127 168 3
127 168 3
127 168 3
127 168 3
127 168 3
127 168 3
127 168 3
127 168 3
127 168 3
127 168 3
127 168 3
127 168 3
127 168 3
127 168 3
127 168 3
127 168 3
127 168 3
127 168 3
127 168 3
127 168 3
127 168 3
127 168 3
127 168 3
127 168 3
127 168 3
127 168 3
127 168 3
127 168 3
127 168 3
127 168 3
127 168 3
127 168 3
127 168 3
127 168 3
127 168 3
127 168 3
127 168 3
127 168 3
127 168 3
127 168 3
127 168 3
127 168 3
127 168 3
127 168 3
127 168 3
127 168 3
127 168 3
127 168 3
127 168 3
127 168 3
127 168 3
127 168 3
127 168 3
127 168 3
127 168 3
127 168 3
127 168 3
127 168 3
127 168 3
127 168 3
127 168 3
127 168 3
127 168 3
127 168 3
127 168 3
127 168 3
127 168 3
127 168 3
127 168 3
127 168 3
127 168 3
127 168 3
127 168 3
127 168 3
127 168 3
127 168 3
127 168 3
127 168 3
127 168 3
127 168 3
127 168 3
127 168 3
127 168 3
127 168 3
127 168 3
127 168 3
127 168 3
127 168 3
127 168 3
127 168 3
127 168 3
127 168 3
127 168 3
127 168 3
127 168 3
127 168 3
127 168 3
127 168 3
127 168 3
127 168 3
127 168 3
127 168 3
127 168 3
127 168 3
127 168 3
127 168 3
127 168 3
127 168 3
127 168 3
127 168 3
127 168 3
127 168 3
127 168 3
127 168 3
127 168 3
127 168 3
127 168 3
127 168 3
127 168 3
127 168 3
127 168 3
127 168 3
127 168 3
127 168 3
127 168 3
127 168 3
127 168 3
127 168 3
127 168 3
127 168 3
127 168 3
127 168 3
127 168 3
127 168 3
127 168 3
127 168 3
127 168 3
127 168 3
127 168 3
127 168 3
127 168 3
127 168 3
127 168 3
127 168 3
127 168 3
127 168 3
127 168 3
127 168 3
127 168 3
127 168 3
127 168 3
127 168 3
127 168 3
127 168 3
127 168 3
127 168 3
127 168 3
127 168 3
127 168 3
127 168 3
127 168 3
127 168 3
127 168 3
127 168 3
127 168 3
127 168 3
127 168 3
127 168 3
127 168 3
127 168 3
127 168 3
127 168 3
127 168 3
127 168 3
127 168 3
127 168 3
127 168 3
127 168 3
127 168 3
127 168 3
127 168 3
127 168 3
127 168 3
127 168 3
127 168 3
127 168 3
127 168 3
127 168 3
127 168 3
127 168 3
127 168 3
127 168 3
127 168 3
127 168 3
127 168 3
127 168 3
127 168 3
127 168 3
15 127 13
15 127 3
15 127 3
15 127 3
15 127 3
15 127 3
15 127 3
15 127 3
15 127 3
15 127 3
15 127 3
15 127 3
15 127 3
15 127 3
15 127 3
15 127 3
15 127 3
15 127 3
15 127 3
15 127 3
15 127 3
15 127 3
15 127 3
15 127 3
15 127 3
15 127 3
15 127 3
15 127 3
15 127 3
15 127 3
15 127 3
15 127 3
15 127 3
15 127 3
15 127 3
15 127 3
15 127 3
15 127 3
15 127 3
15 127 3
15 127 3
15 127 3
15 127 3
15 127 3
15 127 3
15 127 3
15 127 3
15 127 3
15 127 3
15 127 3
15 127 3
15 127 3
15 127 3
15 127 3
15 127 3
15 127 3
15 127 3
15 127 3
15 127 3
15 127 3
15 127 3
15 127 3
15 127 3
15 127 3
15 127 3
15 127 3
15 127 3
15 127 3
15 127 3
15 127 3
15 127 3
15 127 3
15 127 3
15 127 3
15 127 3
15 127 3
15 127 3
15 127 3
15 127 3
15 127 3
15 127 3
15 127 3
15 127 3
15 127 3
15 127 3
15 127 3
15 127 3
15 127 3
15 127 3
15 127 3
15 127 3
15 127 3
15 127 3
15 127 3
15 127 3
15 127 3
15 127 3
15 127 3
15 127 3
15 127 3
15 127 3
15 127 3
15 127 3
15 127 3
15 127 3
15 127 3
15 127 3
15 127 3
15 127 3
15 127 3
15 127 3
15 127 3
15 127 3
15 127 3
15 127 3
15 127 3
15 127 3
15 127 3
15 127 3
15 127 3
15 127 3
15 127 3
15 127 3
15 127 3
15 127 3
15 127 3
15 127 3
15 127 3
15 127 3
15 127 3
15 127 3
15 127 3
15 127 3
15 127 3
15 127 3
15 127 3
15 127 3
15 127 3
15 127 3
15 127 3
15 127 3
15 127 3
15 127 3
15 127 3
15 127 3
15 127 3
15 127 3
15 127 3
101 81 13
101 81 3
101 81 3
101 81 3
101 81 3
101 81 3
101 81 3
101 81 3
101 81 3
101 81 3
101 81 3
101 81 3
101 81 3
101 81 3
101 81 3
101 81 3
101 81 3
101 81 3
101 81 3
101 81 3
101 81 3
101 81 3
101 81 3
37 13 13
37 13 3
37 13 3
37 13 3
37 13 3
37 13 3
37 13 3
37 13 3
37 13 3
37 13 3
37 13 3
37 13 3
37 13 3
37 13 3
37 13 3
37 13 3
37 13 3
37 13 3
37 13 3
37 13 3
37 13 3
37 13 3
37 13 3
37 13 3
37 13 3
37 13 3
37 13 3
37 13 3
37 13 3
37 13 3
37 13 3
37 13 3
37 13 3
37 13 3
37 13 3
37 13 3
37 13 3
37 13 3
37 13 3
37 13 3
37 13 3
37 13 3
37 13 3
37 13 3
37 13 3
37 13 3
37 13 3
37 13 3
37 13 3
37 13 3
37 13 3
37 13 3
37 13 3
37 13 3
37 13 3
37 13 3
37 13 3
37 13 3
37 13 3
37 13 3
37 13 3
37 13 3
37 13 3
37 13 3
37 13 3
37 13 3
37 13 3
37 13 3
37 13 3
37 13 3
37 13 3
37 13 3
37 13 3
37 13 3
37 13 3
37 13 3
37 13 3
37 13 3
37 13 3
37 13 3
37 13 3
37 13 3
37 13 3
37 13 3
37 13 3
37 13 3
37 13 3
37 13 3
37 13 3
37 13 3
37 13 3
37 13 3
37 13 3
37 13 3
37 13 3
37 13 3
37 13 3
37 13 3
37 13 3
37 13 3
37 13 3
37 13 3
37 13 3
37 13 3
37 13 3
37 13 3
37 13 3
37 13 3
37 13 3
37 13 3
37 13 3
37 13 3
37 13 3
37 13 3
37 13 3
37 13 3
37 13 3
37 13 3
37 13 3
37 13 3
37 13 3
37 13 3
37 13 3
37 13 3
37 13 3
37 13 3
37 13 3
37 13 3
37 13 3
37 13 3
37 13 3
37 13 3
37 13 3
37 13 3
37 13 3
37 13 3
37 13 3
37 13 3
37 13 3
37 13 3
37 13 3
37 13 3
37 13 3
37 13 3
37 13 3
37 13 3
37 13 3
37 13 3
37 13 3
37 13 3
37 13 3
37 13 3
37 13 3
37 13 3
37 13 3
37 13 3
37 13 3
37 13 3
37 13 3
37 13 3
42 199 13
42 199 3
42 199 3
42 199 3
42 199 3
42 199 3
42 199 3
42 199 3
42 199 3
42 199 3
42 199 3
42 199 3
42 199 3
42 199 3
42 199 3
42 199 3
42 199 3
42 199 3
42 199 3
42 199 3
42 199 3
42 199 3
42 199 3
42 199 3
42 199 3
42 199 3
42 199 3
42 199 3
42 199 3
42 199 3
42 199 3
42 199 3
42 199 3
42 199 3
42 199 3
42 199 3
42 199 3
42 199 3
42 199 3
42 199 3
42 199 3
42 199 3
42 199 3
42 199 3
42 199 3
42 199 3
42 199 3
42 199 3
42 199 3
42 199 3
42 199 3
42 199 3
42 199 3
42 199 3
42 199 3
42 199 3
42 199 3
42 199 3
42 199 3
42 199 3
42 199 3
42 199 3
42 199 3
42 199 3
42 199 3
42 199 3
42 199 3
42 199 3
42 199 3
42 199 3
42 199 3
42 199 3
42 199 3
42 199 3
42 199 3
42 199 3
42 199 3
42 199 3
42 199 3
42 199 3
42 199 3
42 199 3
42 199 3
42 199 3
42 199 3
42 199 3
42 199 3
42 199 3
42 199 3
42 199 3
42 199 3
42 199 3
42 199 3
42 199 3
42 199 3
42 199 3
42 199 3
42 199 3
42 199 3
42 199 3
42 199 3
42 199 3
42 199 3
75 6 13
75 6 3
75 6 3
75 6 3
75 6 3
75 6 3
75 6 3
75 6 3
75 6 3
75 6 3
75 6 3
75 6 3
102 167 13
102 167 3
102 167 3
102 167 3
102 167 3
102 167 3
102 167 3
102 167 3
102 167 3
102 167 3
102 167 3
102 167 3
102 167 3
102 167 3
102 167 3
102 167 3
102 167 3
102 167 3
102 167 3
102 167 3
102 167 3
102 167 3
102 167 3
102 167 3
102 167 3
102 167 3
102 167 3
102 167 3
102 167 3
102 167 3
102 167 3
102 167 3
102 167 3
102 167 3
102 167 3
102 167 3
102 167 3
102 167 3
102 167 3
102 167 3
102 167 3
102 167 3
102 167 3
102 167 3
102 167 3
102 167 3
102 167 3
102 167 3
102 167 3
102 167 3
102 167 3
102 167 3
102 167 3
102 167 3
102 167 3
102 167 3
102 167 3
102 167 3
102 167 3
102 167 3
102 167 3
102 167 3
102 167 3
102 167 3
102 167 3
102 167 3
102 167 3
102 167 3
102 167 3
102 167 3
102 167 3
102 167 3
102 167 3
102 167 3
102 167 3
102 167 3
102 167 3
102 167 3
102 167 3
102 167 3
102 167 3
102 167 3
102 167 3
102 167 3
102 167 3
102 167 3
102 167 3
102 167 3
102 167 3
102 167 3
102 167 3
102 167 3
102 167 3
102 167 3
102 167 3
102 167 3
102 167 3
102 167 3
102 167 3
102 167 3
102 167 3
102 167 3
102 167 3
102 167 3
102 167 3
102 167 3
102 167 3
102 167 3
102 167 3
102 167 3
102 167 3
102 167 3
102 167 3
102 167 3
102 167 3
102 167 3
102 167 3
102 167 3
102 167 3
102 167 3
102 167 3
102 167 3
102 167 3
102 167 3
102 167 3
102 167 3
102 167 3
102 167 3
102 167 3
102 167 3
102 167 3
102 167 3
102 167 3
102 167 3
102 167 3
102 167 3
102 167 3
102 167 3
102 167 3
102 167 3
102 167 3
102 167 3
102 167 3
102 167 3
102 167 3
102 167 3
102 167 3
102 167 3
102 167 3
102 167 3
102 167 3
102 167 3
102 167 3
102 167 3
102 167 3
102 167 3
102 167 3
102 167 3
102 167 3
102 167 3
102 167 3
102 167 3
102 167 3
102 167 3
102 167 3
102 167 3
102 167 3
102 167 3
102 167 3
102 167 3
102 167 3
102 167 3
102 167 3
102 167 3
102 167 3
102 167 3
102 167 3
102 167 3
102 167 3
102 167 3
102 167 3
102 167 3
102 167 3
102 167 3
102 167 3
102 167 3
102 167 3
102 167 3
102 167 3
102 167 3
102 167 3
102 167 3
102 167 3
102 167 3
102 167 3
102 167 3
102 167 3
102 167 3
102 167 3
102 167 3
102 167 3
102 167 3
102 167 3
102 167 3
102 167 3
102 167 3
102 167 3
102 167 3
102 167 3
102 167 3
102 167 3
102 167 3
102 167 3
102 167 3
102 167 3
102 167 3
102 167 3
102 167 3
102 167 3
102 167 3
102 167 3
102 167 3
102 167 3
102 167 3
102 167 3
102 167 3
102 167 3
102 167 3
102 167 3
102 167 3
102 167 3
102 167 3
102 167 3
102 167 3
102 167 3
102 167 3
102 167 3
102 167 3
102 167 3
102 167 3
102 167 3
102 167 3
102 167 3
102 167 3
102 167 3
102 167 3
102 167 3
102 167 3
102 167 3
102 167 3
102 167 3
102 167 3
102 167 3
102 167 3
102 167 3
102 167 3
102 167 3
102 167 3
102 167 3
102 167 3
102 167 3
102 167 3
102 167 3
102 167 3
102 167 3
102 167 3
102 167 3
102 167 3
102 167 3
102 167 3
102 167 3
102 167 3
102 167 3
102 167 3
102 167 3
102 167 3
30 164 13
30 164 3
30 164 3
30 164 3
30 164 3
30 164 3
30 164 3
30 164 3
30 164 3
30 164 3
30 164 3
30 164 3
146 47 13
146 47 3
146 47 3
146 47 3
146 47 3
146 47 3
146 47 3
146 47 3
146 47 3
146 47 3
146 47 3
146 47 3
146 47 3
146 47 3
146 47 3
146 47 3
146 47 3
146 47 3
146 47 3
146 47 3
146 47 3
146 47 3
146 47 3
146 47 3
146 47 3
146 47 3
146 47 3
146 47 3
146 47 3
146 47 3
140 175 13
140 175 3
140 175 3
140 175 3
140 175 3
140 175 3
140 175 3
140 175 3
140 175 3
140 175 3
140 175 3
140 175 3
140 175 3
140 175 3
140 175 3
140 175 3
140 175 3
140 175 3
140 175 3
140 175 3
140 175 3
140 175 3
140 175 3
140 175 3
140 175 3
140 175 3
140 175 3
140 175 3
140 175 3
140 175 3
140 175 3
140 175 3
140 175 3
140 175 3
140 175 3
140 175 3
140 175 3
140 175 3
140 175 3
140 175 3
140 175 3
140 175 3
140 175 3
140 175 3
140 175 3
140 175 3
140 175 3
140 175 3
140 175 3
140 175 3
140 175 3
140 175 3
140 175 3
140 175 3
140 175 3
140 175 3
140 175 3
140 175 3
140 175 3
140 175 3
140 175 3
140 175 3
140 175 3
140 175 3
140 175 3
140 175 3
140 175 3
140 175 3
140 175 3
140 175 3
140 175 3
140 175 3
140 175 3
140 175 3
140 175 3
140 175 3
140 175 3
140 175 3
140 175 3
140 175 3
140 175 3
140 175 3
140 175 3
140 175 3
140 175 3
140 175 3
140 175 3
140 175 3
140 175 3
140 175 3
140 175 3
140 175 3
140 175 3
140 175 3
140 175 3
140 175 3
140 175 3
140 175 3
140 175 3
140 175 3
140 175 3
140 175 3
140 175 3
140 175 3
140 175 3
140 175 3
140 175 3
140 175 3
140 175 3
140 175 3
140 175 3
140 175 3
140 175 3
140 175 3
140 175 3
140 175 3
140 175 3
140 175 3
140 175 3
140 175 3
140 175 3
140 175 3
140 175 3
140 175 3
140 175 3
140 175 3
140 175 3
140 175 3
140 175 3
140 175 3
140 175 3
140 175 3
140 175 3
140 175 3
140 175 3
140 175 3
140 175 3
140 175 3
140 175 3
140 175 3
140 175 3
140 175 3
140 175 3
140 175 3
140 175 3
140 175 3
140 175 3
140 175 3
140 175 3
140 175 3
140 175 3
140 175 3
140 175 3
140 175 3
140 175 3
140 175 3
140 175 3
140 175 3
140 175 3
140 175 3
140 175 3
140 175 3
140 175 3
140 175 3
140 175 3
140 175 3
140 175 3
140 175 3
140 175 3
140 175 3
140 175 3
140 175 3
140 175 3
140 175 3
140 175 3
140 175 3
140 175 3
140 175 3
140 175 3
140 175 3
140 175 3
140 175 3
140 175 3
140 175 3
140 175 3
140 175 3
140 175 3
140 175 3
140 175 3
140 175 3
140 175 3
140 175 3
140 175 3
140 175 3
140 175 3
140 175 3
140 175 3
140 175 3
140 175 3
140 175 3
140 175 3
140 175 3
140 175 3
140 175 3
140 175 3
140 175 3
140 175 3
140 175 3
140 175 3
140 175 3
140 175 3
140 175 3
140 175 3
140 175 3
140 175 3
140 175 3
140 175 3
140 175 3
140 175 3
140 175 3
140 175 3
140 175 3
140 175 3
140 175 3
140 175 3
140 175 3
140 175 3
140 175 3
140 175 3
140 175 3
140 175 3
140 175 3
140 175 3
140 175 3
140 175 3
140 175 3
140 175 3
140 175 3
140 175 3
140 175 3
140 175 3
140 175 3
140 175 3
140 175 3
140 175 3
140 175 3
140 175 3
140 175 3
140 175 3
140 175 3
140 175 3
140 175 3
140 175 3
140 175 3
140 175 3
140 175 3
140 175 3
140 175 3
140 175 3
140 175 3
140 175 3
140 175 3
140 175 3
140 175 3
140 175 3
140 175 3
140 175 3
140 175 3
140 175 3
140 175 3
140 175 3
140 175 3
140 175 3
140 175 3
140 175 3
140 175 3
140 175 3
140 175 3
162 114 13
162 114 3
162 114 3
162 114 3
162 114 3
162 114 3
162 114 3
162 114 3
162 114 3
162 114 3
162 114 3
162 114 3
162 114 3
162 114 3
162 114 3
162 114 3
162 114 3
162 114 3
162 114 3
162 114 3
162 114 3
162 114 3
162 114 3
162 114 3
162 114 3
162 114 3
162 114 3
162 114 3
162 114 3
162 114 3
162 114 3
162 114 3
162 114 3
162 114 3
162 114 3
162 114 3
162 114 3
162 114 3
162 114 3
162 114 3
162 114 3
174 121 13
174 121 3
174 121 3
174 121 3
174 121 3
174 121 3
174 121 3
174 121 3
174 121 3
174 121 3
174 121 3
174 121 3
174 121 3
174 121 3
174 121 3
174 121 3
174 121 3
174 121 3
174 121 3
174 121 3
174 121 3
174 121 3
174 121 3
174 121 3
174 121 3
174 121 3
174 121 3
174 121 3
174 121 3
174 121 3
174 121 3
174 121 3
174 121 3
174 121 3
174 121 3
174 121 3
174 121 3
174 121 3
174 121 3
174 121 3
174 121 3
174 121 3
174 121 3
174 121 3
174 121 3
174 121 3
174 121 3
174 121 3
174 121 3
174 121 3
174 121 3
174 121 3
174 121 3
174 121 3
174 121 3
174 121 3
174 121 3
174 121 3
174 121 3
174 121 3
174 121 3
174 121 3
174 121 3
174 121 3
174 121 3
174 121 3
174 121 3
174 121 3
174 121 3
174 121 3
174 121 3
174 121 3
174 121 3
174 121 3
174 121 3
174 121 3
174 121 3
174 121 3
174 121 3
174 121 3
174 121 3
174 121 3
174 121 3
174 121 3
174 121 3
174 121 3
174 121 3
174 121 3
174 121 3
174 121 3
174 121 3
174 121 3
174 121 3
174 121 3
174 121 3
174 121 3
174 121 3
174 121 3
174 121 3
174 121 3
174 121 3
174 121 3
174 121 3
174 121 3
174 121 3
174 121 3
174 121 3
174 121 3
174 121 3
174 121 3
174 121 3
174 121 3
174 121 3
174 121 3
174 121 3
174 121 3
174 121 3
174 121 3
174 121 3
174 121 3
174 121 3
174 121 3
174 121 3
174 121 3
174 121 3
174 121 3
174 121 3
174 121 3
174 121 3
174 121 3
159 53 13
159 53 3
159 53 3
159 53 3
159 53 3
159 53 3
159 53 3
159 53 3
159 53 3
159 53 3
159 53 3
159 53 3
159 53 3
159 53 3
159 53 3
159 53 3
159 53 3
42 172 13
42 172 3
42 172 3
42 172 3
42 172 3
42 172 3
42 172 3
42 172 3
42 172 3
42 172 3
42 172 3
87 0 13
87 0 3
87 0 3
87 0 3
87 0 3
87 0 3
87 0 3
87 0 3
87 0 3
87 0 3
87 0 3
87 0 3
87 0 3
87 0 3
87 0 3
87 0 3
87 0 3
87 0 3
87 0 3
87 0 3
87 0 3
87 0 3
87 0 3
87 0 3
87 0 3
87 0 3
87 0 3
87 0 3
87 0 3
87 0 3
87 0 3
87 0 3
87 0 3
87 0 3
87 0 3
87 0 3
87 0 3
87 0 3
87 0 3
87 0 3
87 0 3
87 0 3
87 0 3
87 0 3
87 0 3
87 0 3
87 0 3
87 0 3
87 0 3
87 0 3
87 0 3
87 0 3
87 0 3
87 0 3
87 0 3
87 0 3
87 0 3
87 0 3
87 0 3
87 0 3
87 0 3
87 0 3
87 0 3
87 0 3
87 0 3
87 0 3
87 0 3
87 0 3
87 0 3
87 0 3
87 0 3
87 0 3
87 0 3
87 0 3
87 0 3
87 0 3
87 0 3
87 0 3
87 0 3
87 0 3
87 0 3
87 0 3
87 0 3
87 0 3
87 0 3
87 0 3
87 0 3
87 0 3
87 0 3
87 0 3
87 0 3
87 0 3
87 0 3
87 0 3
87 0 3
87 0 3
87 0 3
87 0 3
87 0 3
87 0 3
87 0 3
87 0 3
87 0 3
87 0 3
87 0 3
87 0 3
87 0 3
87 14 13
87 14 3
87 14 3
87 14 3
87 14 3
87 14 3
87 14 3
87 14 3
87 14 3
87 14 3
87 14 3
87 14 3
87 14 3
87 14 3
87 14 3
87 14 3
87 14 3
87 14 3
87 14 3
87 14 3
87 14 3
87 14 3
87 14 3
87 14 3
87 14 3
87 14 3
87 14 3
87 14 3
87 14 3
87 14 3
87 14 3
87 14 3
87 14 3
87 14 3
87 14 3
87 14 3
87 14 3
87 14 3
87 14 3
87 14 3
87 14 3
87 14 3
87 14 3
87 14 3
87 14 3
87 14 3
87 14 3
87 14 3
87 14 3
87 14 3
87 14 3
87 14 3
87 14 3
87 14 3
87 14 3
87 14 3
87 14 3
87 14 3
87 14 3
87 14 3
87 14 3
87 14 3
87 14 3
87 14 3
87 14 3
87 14 3
87 14 3
87 14 3
87 14 3
87 14 3
87 14 3
87 14 3
87 14 3
87 14 3
87 14 3
87 14 3
87 14 3
87 14 3
87 14 3
87 14 3
87 14 3
87 14 3
87 14 3
87 14 3
87 14 3
87 14 3
87 14 3
87 14 3
87 14 3
87 14 3
87 14 3
87 14 3
87 14 3
87 14 3
87 14 3
87 14 3
87 14 3
87 14 3
87 14 3
87 14 3
87 14 3
87 14 3
87 14 3
87 14 3
87 14 3
87 14 3
87 14 3
87 14 3
87 14 3
87 14 3
87 14 3
87 14 3
87 14 3
87 14 3
87 14 3
87 14 3
87 14 3
87 14 3
87 14 3
87 14 3
87 14 3
87 14 3
87 14 3
87 14 3
87 14 3
87 14 3
87 14 3
87 14 3
87 14 3
87 14 3
87 14 3
87 14 3
87 14 3
87 14 3
87 14 3
87 14 3
87 14 3
87 14 3
87 14 3
87 14 3
87 14 3
87 14 3
87 14 3
87 14 3
87 14 3
87 14 3
87 14 3
87 14 3
87 14 3
87 14 3
87 14 3
87 14 3
87 14 3
87 14 3
87 14 3
87 14 3
87 14 3
87 14 3
87 14 3
87 14 3
87 14 3
87 14 3
87 14 3
87 14 3
87 14 3
87 14 3
87 14 3
87 14 3
87 14 3
87 14 3
87 14 3
77 182 13
77 182 3
77 182 3
77 182 3
77 182 3
77 182 3
77 182 3
77 182 3
77 182 3
77 182 3
77 182 3
77 182 3
77 182 3
77 182 3
77 182 3
77 182 3
77 182 3
77 182 3
77 182 3
77 182 3
77 182 3
77 182 3
77 182 3
77 182 3
77 182 3
77 182 3
77 182 3
77 182 3
77 182 3
77 182 3
77 182 3
77 182 3
77 182 3
77 182 3
77 182 3
77 182 3
77 182 3
77 182 3
77 182 3
77 182 3
77 182 3
77 182 3
77 182 3
77 182 3
77 182 3
77 182 3
77 182 3
77 182 3
77 182 3
77 182 3
77 182 3
77 182 3
77 182 3
77 182 3
77 182 3
77 182 3
77 182 3
77 182 3
77 182 3
77 182 3
77 182 3
77 182 3
77 182 3
77 182 3
77 182 3
77 182 3
77 182 3
77 182 3
77 182 3
77 182 3
77 182 3
77 182 3
77 182 3
77 182 3
77 182 3
77 182 3
77 182 3
77 182 3
77 182 3
77 182 3
77 182 3
77 182 3
77 182 3
77 182 3
77 182 3
77 182 3
77 182 3
77 182 3
77 182 3
77 182 3
77 182 3
77 182 3
77 182 3
77 182 3
77 182 3
77 182 3
77 182 3
77 182 3
77 182 3
77 182 3
77 182 3
77 182 3
77 182 3
77 182 3
77 182 3
77 182 3
77 182 3
77 182 3
77 182 3
77 182 3
77 182 3
77 182 3
77 182 3
77 182 3
77 182 3
77 182 3
77 182 3
77 182 3
77 182 3
77 182 3
77 182 3
77 182 3
77 182 3
77 182 3
77 182 3
77 182 3
77 182 3
77 182 3
77 182 3
77 182 3
77 182 3
77 182 3
77 182 3
77 182 3
77 182 3
77 182 3
77 182 3
77 182 3
77 182 3
77 182 3
77 182 3
77 182 3
77 182 3
77 182 3
65 174 13
65 174 3
65 174 3
65 174 3
65 174 3
65 174 3
65 174 3
65 174 3
65 174 3
65 174 3
65 174 3
65 174 3
65 174 3
65 174 3
65 174 3
65 174 3
65 174 3
65 174 3
65 174 3
65 174 3
65 174 3
65 174 3
65 174 3
65 174 3
65 174 3
65 174 3
65 174 3
65 174 3
65 174 3
65 174 3
65 174 3
65 174 3
65 174 3
65 174 3
65 174 3
65 174 3
65 174 3
65 174 3
65 174 3
65 174 3
65 174 3
65 174 3
65 174 3
65 174 3
65 174 3
65 174 3
65 174 3
65 174 3
65 174 3
65 174 3
65 174 3
65 174 3
65 174 3
65 174 3
65 174 3
65 174 3
65 174 3
65 174 3
65 174 3
65 174 3
65 174 3
65 174 3
65 174 3
65 174 3
65 174 3
65 174 3
65 174 3
65 174 3
65 174 3
65 174 3
65 174 3
65 174 3
65 174 3
65 174 3
65 174 3
65 174 3
65 174 3
65 174 3
65 174 3
65 174 3
65 174 3
65 174 3
65 174 3
65 174 3
65 174 3
65 174 3
65 174 3
65 174 3
65 174 3
65 174 3
65 174 3
65 174 3
65 174 3
65 174 3
65 174 3
65 174 3
65 174 3
65 174 3
65 174 3
65 174 3
65 174 3
65 174 3
65 174 3
65 174 3
65 174 3
65 174 3
65 174 3
65 174 3
65 174 3
65 174 3
65 174 3
65 174 3
65 174 3
65 174 3
65 174 3
65 174 3
65 174 3
65 174 3
65 174 3
65 174 3
65 174 3
65 174 3
65 174 3
65 174 3
65 174 3
65 174 3
65 174 3
65 174 3
65 174 3
65 174 3
65 174 3
65 174 3
65 174 3
65 174 3
65 174 3
65 174 3
65 174 3
65 174 3
65 174 3
65 174 3
65 174 3
65 174 3
65 174 3
65 174 3
65 174 3
65 174 3
65 174 3
65 174 3
65 174 3
65 174 3
65 174 3
65 174 3
65 174 3
65 174 3
65 174 3
65 174 3
65 174 3
65 174 3
53 180 13
53 180 3
53 180 3
53 180 3
53 180 3
53 180 3
53 180 3
53 180 3
53 180 3
53 180 3
53 180 3
53 180 3
53 180 3
53 180 3
53 180 3
53 180 3
53 180 3
53 180 3
53 180 3
53 180 3
53 180 3
53 180 3
53 180 3
53 180 3
53 180 3
53 180 3
53 180 3
53 180 3
53 180 3
53 180 3
53 180 3
53 180 3
53 180 3
53 180 3
53 180 3
53 180 3
53 180 3
53 180 3
53 180 3
53 180 3
53 180 3
53 180 3
53 180 3
53 180 3
53 180 3
53 180 3
53 180 3
53 180 3
53 180 3
53 180 3
53 180 3
53 180 3
53 180 3
53 180 3
53 180 3
53 180 3
53 180 3
53 180 3
53 180 3
53 180 3
53 180 3
53 180 3
53 180 3
53 180 3
53 180 3
53 180 3
53 180 3
53 180 3
53 180 3
53 180 3
53 180 3
53 180 3
53 180 3
53 180 3
53 180 3
53 180 3
53 180 3
53 180 3
53 180 3
53 180 3
53 180 3
53 180 3
53 180 3
53 180 3
53 180 3
53 180 3
53 180 3
53 180 3
53 180 3
53 180 3
53 180 3
53 180 3
53 180 3
53 180 3
53 180 3
53 180 3
53 180 3
53 180 3
53 180 3
53 180 3
53 180 3
53 180 3
53 180 3
149 108 13
149 108 3
149 108 3
149 108 3
149 108 3
149 108 3
149 108 3
149 108 3
149 108 3
149 108 3
149 108 3
149 108 3
149 108 3
149 108 3
149 108 3
149 108 3
149 108 3
149 108 3
149 108 3
149 108 3
149 108 3
149 108 3
138 116 13
138 116 3
138 116 3
138 116 3
138 116 3
137 102 13
137 102 3
137 102 3
126 110 13
126 110 3
126 110 3
126 110 3
125 96 13
151 136 47
151 136 3
151 136 3
151 136 3
151 136 3
151 136 3
151 136 3
151 135 25
151 135 3
151 135 3
151 135 3
151 135 3
151 135 3
151 135 3
151 135 3
151 135 3
151 135 3
151 135 3
151 135 3
151 134 15
151 134 3
151 134 3
151 134 3
151 134 3
151 134 3
151 134 3
151 134 3
151 134 3
151 134 3
151 134 3
151 134 3
152 134 15
152 134 3
152 134 3
152 134 3
152 134 3
152 134 3
152 134 3
152 134 3
152 134 3
152 134 3
153 134 15
153 134 3
153 134 3
153 134 3
153 134 3
153 134 3
153 134 3
153 134 3
153 134 3
153 133 15
153 133 3
153 133 3
153 133 3
153 133 3
153 133 3
153 133 3
153 132 15
153 132 3
153 132 3
153 132 3
153 132 3
153 132 3
153 132 3
153 131 15
153 131 3
153 131 3
153 131 3
153 131 3
153 131 3
153 130 15
153 130 3
153 130 3
153 130 3
153 130 3
153 130 3
154 130 15
154 130 3
154 130 3
154 130 3
154 130 3
154 129 15
154 129 3
154 129 3
154 129 3
154 129 3
154 128 15
154 128 3
154 128 3
154 128 3
154 128 3
154 128 3
154 127 15
154 127 3
154 127 3
154 127 3
154 127 3
154 127 3
154 126 15
154 126 3
154 126 3
154 126 3
154 126 3
154 126 3
154 125 15
154 125 3
154 125 3
154 125 3
154 125 3
154 125 3
154 125 3
154 124 15
154 124 3
154 124 3
154 124 3
154 124 3
154 124 3
154 124 3
154 124 3
154 123 15
154 123 3
154 123 3
154 123 3
154 123 3
154 123 3
154 123 3
154 123 3
154 123 3
154 122 15
154 122 3
154 122 3
154 122 3
154 122 3
154 122 3
154 122 3
154 122 3
154 122 3
154 121 15
154 121 3
154 121 3
154 121 3
154 121 3
154 121 3
154 121 3
154 121 3
154 121 3
154 121 3
154 121 3
154 120 18
154 120 3
154 120 3
154 120 3
154 120 3
154 120 3
154 120 3
154 120 3
154 120 3
154 120 3
154 120 3
154 119 21
154 119 3
154 119 3
154 119 3
154 119 3
154 119 3
154 119 3
154 119 3
154 119 3
154 119 3
154 119 3
154 118 23
154 118 3
154 118 3
154 118 3
154 118 3
154 118 3
154 118 3
154 118 3
154 118 3
154 118 3
154 118 3
154 118 3
154 118 3
154 117 25
154 117 3
154 117 3
154 117 3
154 117 3
154 117 3
154 117 3
154 117 3
154 117 3
154 117 3
154 117 3
154 117 3
154 117 3
154 117 3
154 116 27
154 116 3
154 116 3
154 116 3
154 116 3
154 116 3
154 116 3
154 116 3
154 116 3
154 116 3
154 116 3
154 116 3
154 116 3
154 116 3
154 116 3
154 116 3
154 115 31
154 115 3
154 115 3
154 115 3
154 115 3
154 115 3
154 115 3
154 115 3
154 115 3
154 115 3
154 115 3
154 115 3
154 115 3
154 115 3
154 115 3
154 115 3
154 115 3
154 115 3
153 115 33
153 115 3
153 115 3
153 115 3
153 115 3
153 115 3
153 115 3
153 115 3
153 115 3
153 115 3
153 115 3
153 115 3
153 115 3
153 115 3
153 114 36
153 114 3
153 114 3
153 114 3
153 114 3
153 114 3
153 114 3
153 114 3
153 114 3
153 114 3
153 114 3
153 114 3
153 114 3
153 114 3
153 114 3
153 114 3
152 114 37
152 114 3
152 114 3
152 114 3
152 114 3
152 114 3
152 114 3
152 114 3
152 114 3
152 114 3
152 114 3
152 114 3
151 114 39
151 114 3
151 114 3
151 114 3
151 114 3
151 114 3
151 114 3
151 114 3
151 114 3
151 113 41
151 113 3
151 113 3
151 113 3
151 113 3
151 113 3
151 113 3
151 113 3
151 113 3
151 113 3
150 113 41
150 113 3
150 113 3
150 113 3
150 113 3
150 113 3
149 113 41
149 113 3
149 113 3
148 113 41
147 113 39
146 113 36
145 113 32
144 113 27
143 113 21
143 113 3
142 113 15
142 113 3
142 113 3
141 113 15
141 113 3
140 113 15
140 113 3
139 113 15
139 113 3
138 113 15
137 113 15
137 112 15
136 112 15
136 111 15
135 111 15
135 110 15
134 110 15
133 110 15
132 110 15
131 110 15
131 110 3
130 110 15
130 110 3
129 110 15
129 110 3
128 110 15
128 110 3
128 110 3
127 110 15
127 110 3
127 110 3
126 109 15
126 109 3
126 109 3
126 108 15
126 108 3
126 108 3
126 107 15
126 107 3
126 107 3
125 107 15
125 107 3
125 107 3
125 107 3
125 106 15
125 106 3
125 106 3
125 105 15
125 105 3
125 105 3
125 104 15
125 104 3
125 104 3
125 103 15
125 103 3
125 102 15
125 101 15
125 100 15
125 99 15
125 98 15
125 97 15
124 96 15
123 96 19
122 96 26
122 95 32
121 95 38
121 94 42
121 93 46
120 93 49
120 92 51
119 92 52
119 91 52
119 90 51
118 90 49
118 89 46
117 89 43
116 89 38
115 89 33
114 89 28
80 117 15
80 117 3
80 117 3
80 117 3
81 117 15
81 117 3
81 117 3
81 116 15
81 116 3
81 116 3
81 115 15
81 115 3
81 115 3
82 115 15
82 115 3
83 115 15
84 115 15
85 115 15
85 114 15
86 114 15
86 113 15
87 113 15
87 112 15
88 112 15
89 112 15
90 112 15
91 112 15
92 111 15
92 110 15
92 109 15
92 108 15
92 108 3
92 107 15
92 107 3
92 106 15
92 106 3
92 106 3
92 105 15
92 105 3
92 105 3
92 104 15
92 104 3
92 104 3
92 104 3
92 103 15
92 103 3
92 103 3
92 103 3
92 102 15
92 102 3
92 102 3
92 102 3
92 102 3
92 101 17
92 101 3
92 101 3
92 101 3
92 100 23
92 100 3
92 100 3
93 99 27
93 99 3
94 99 27
94 98 28
95 98 27
95 97 26
95 97 3
96 97 23
96 97 3
96 96 20
96 96 3
96 96 3
97 96 17
97 96 3
97 96 3
97 95 15
97 95 3
97 95 3
97 95 3
97 95 3
98 95 15
98 95 3
98 95 3
98 95 3
99 95 15
99 95 3
99 95 3
100 95 15
100 95 3
101 95 15
101 95 3
102 94 15
102 94 3
102 93 15
102 93 3
102 92 15
102 92 3
102 92 3
102 91 15
102 91 3
102 91 3
102 91 3
103 91 15
103 91 3
103 91 3
104 91 15
104 91 3
104 91 3
105 91 15
105 91 3
105 90 15
105 90 3
105 90 3
106 90 15
106 90 3
106 90 3
106 89 15
106 89 3
106 89 3
107 89 15
107 89 3
107 89 3
108 89 15
108 89 3
108 89 3
109 89 15
109 89 3
109 89 3
110 89 15
110 89 3
110 89 3
111 89 15
111 89 3
111 89 3
112 89 15
112 89 3
112 89 3
66 158 212
66 158 3
66 158 3
66 158 3
67 158 192
67 158 3
67 158 3
67 158 3
67 158 3
67 157 173
67 157 3
67 157 3
67 157 3
67 157 3
67 157 3
67 157 3
67 157 3
67 156 160
67 156 3
67 156 3
67 156 3
67 156 3
67 156 3
67 156 3
67 156 3
67 156 3
67 156 3
67 156 3
67 156 3
68 156 148
68 156 3
68 156 3
68 156 3
68 156 3
68 156 3
68 156 3
68 156 3
68 156 3
68 156 3
68 156 3
68 156 3
68 156 3
68 156 3
68 155 142
68 155 3
68 155 3
68 155 3
68 155 3
68 155 3
68 155 3
68 155 3
68 155 3
68 155 3
68 155 3
68 155 3
68 155 3
68 155 3
68 155 3
68 155 3
68 155 3
68 155 3
69 155 138
69 155 3
69 155 3
69 155 3
69 155 3
69 155 3
69 155 3
69 155 3
69 155 3
69 155 3
69 155 3
69 155 3
69 155 3
69 155 3
69 155 3
69 155 3
69 155 3
69 155 3
69 155 3
69 154 138
69 154 3
69 154 3
69 154 3
69 154 3
69 154 3
69 154 3
69 154 3
69 154 3
69 154 3
69 154 3
69 154 3
69 154 3
69 154 3
69 154 3
69 154 3
69 154 3
69 154 3
69 154 3
69 154 3
69 154 3
69 154 3
69 154 3
69 154 3
69 154 3
70 154 142
70 154 3
70 154 3
70 154 3
70 154 3
70 154 3
70 154 3
70 154 3
70 154 3
70 154 3
70 154 3
70 154 3
70 154 3
70 154 3
70 154 3
70 154 3
70 154 3
70 154 3
70 154 3
70 154 3
70 154 3
70 154 3
70 154 3
70 154 3
70 154 3
70 154 3
70 153 148
70 153 3
70 153 3
70 153 3
70 153 3
70 153 3
70 153 3
70 153 3
70 153 3
70 153 3
70 153 3
70 153 3
70 153 3
70 153 3
70 153 3
70 153 3
70 153 3
70 153 3
70 153 3
70 153 3
70 153 3
70 153 3
70 153 3
70 153 3
70 153 3
70 153 3
70 153 3
70 153 3
70 153 3
70 153 3
70 153 3
70 153 3
70 153 3
70 153 3
71 153 158
71 153 3
71 153 3
71 153 3
71 153 3
71 153 3
71 153 3
71 153 3
71 153 3
71 153 3
71 153 3
71 153 3
71 153 3
71 153 3
71 153 3
71 153 3
71 153 3
71 153 3
71 153 3
71 153 3
71 153 3
71 153 3
71 153 3
71 153 3
71 153 3
71 153 3
71 153 3
71 153 3
71 153 3
71 153 3
71 153 3
71 153 3
71 153 3
71 153 3
71 153 3
71 152 169
71 152 3
71 152 3
71 152 3
71 152 3
71 152 3
71 152 3
71 152 3
71 152 3
71 152 3
71 152 3
71 152 3
71 152 3
71 152 3
71 152 3
71 152 3
71 152 3
71 152 3
71 152 3
71 152 3
71 152 3
71 152 3
71 152 3
71 152 3
71 152 3
71 152 3
71 152 3
71 152 3
71 152 3
71 152 3
71 152 3
71 152 3
71 152 3
71 152 3
71 152 3
71 152 3
71 152 3
71 152 3
71 152 3
71 152 3
71 152 3
71 152 3
71 152 3
71 152 3
71 152 3
72 152 184
72 152 3
72 152 3
72 152 3
72 152 3
72 152 3
72 152 3
72 152 3
72 152 3
72 152 3
72 152 3
72 152 3
72 152 3
72 152 3
72 152 3
72 152 3
72 152 3
72 152 3
72 152 3
72 152 3
72 152 3
72 152 3
72 152 3
72 152 3
72 152 3
72 152 3
72 152 3
72 152 3
72 152 3
72 152 3
72 152 3
72 152 3
72 152 3
72 152 3
72 152 3
72 152 3
72 152 3
72 152 3
72 152 3
72 152 3
72 152 3
72 152 3
72 152 3
72 152 3
72 151 199
72 151 3
72 151 3
72 151 3
72 151 3
72 151 3
72 151 3
72 151 3
72 151 3
72 151 3
72 151 3
72 151 3
72 151 3
72 151 3
72 151 3
72 151 3
72 151 3
72 151 3
72 151 3
72 151 3
72 151 3
72 151 3
72 151 3
72 151 3
72 151 3
72 151 3
72 151 3
72 151 3
72 151 3
72 151 3
72 151 3
72 151 3
72 151 3
72 151 3
72 151 3
72 151 3
72 151 3
72 151 3
72 151 3
72 151 3
72 151 3
72 151 3
72 151 3
72 151 3
72 151 3
72 151 3
72 151 3
72 151 3
72 151 3
72 151 3
72 151 3
72 151 3
72 151 3
72 151 3
72 151 3
73 151 216
73 151 3
73 151 3
73 151 3
73 151 3
73 151 3
73 151 3
73 151 3
73 151 3
73 151 3
73 151 3
73 151 3
73 151 3
73 151 3
73 151 3
73 151 3
73 151 3
73 151 3
73 151 3
73 151 3
73 151 3
73 151 3
73 151 3
73 151 3
73 151 3
73 151 3
73 151 3
73 151 3
73 151 3
73 151 3
73 151 3
73 151 3
73 151 3
73 151 3
73 151 3
73 151 3
73 151 3
73 151 3
73 151 3
73 151 3
73 151 3
73 151 3
73 151 3
73 151 3
73 151 3
73 151 3
73 151 3
73 151 3
73 151 3
73 151 3
73 151 3
73 150 234
73 150 3
73 150 3
73 150 3
73 150 3
73 150 3
73 150 3
73 150 3
73 150 3
73 150 3
73 150 3
73 150 3
73 150 3
73 150 3
73 150 3
73 150 3
73 150 3
73 150 3
73 150 3
73 150 3
73 150 3
73 150 3
73 150 3
73 150 3
73 150 3
73 150 3
73 150 3
73 150 3
73 150 3
73 150 3
73 150 3
73 150 3
73 150 3
73 150 3
73 150 3
73 150 3
73 150 3
73 150 3
73 150 3
73 150 3
73 150 3
73 150 3
73 150 3
73 150 3
73 150 3
73 150 3
73 150 3
73 150 3
73 150 3
73 150 3
73 150 3
73 150 3
73 150 3
73 150 3
73 150 3
73 150 3
73 150 3
73 150 3
73 150 3
73 150 3
74 150 252
74 150 3
74 150 3
74 150 3
74 150 3
74 150 3
74 150 3
74 150 3
74 150 3
74 150 3
74 150 3
74 150 3
74 150 3
74 150 3
74 150 3
74 150 3
74 150 3
74 150 3
74 150 3
74 150 3
74 150 3
74 150 3
74 150 3
74 150 3
74 150 3
74 150 3
74 150 3
74 150 3
74 150 3
74 150 3
74 150 3
74 150 3
74 150 3
74 150 3
74 150 3
74 150 3
74 150 3
74 150 3
74 150 3
74 150 3
74 150 3
74 150 3
74 150 3
74 150 3
74 150 3
74 150 3
74 150 3
74 150 3
74 150 3
74 150 3
74 150 3
75 150 273
75 150 3
75 150 3
75 150 3
75 150 3
75 150 3
75 150 3
75 150 3
75 150 3
75 150 3
75 150 3
75 150 3
75 150 3
75 150 3
75 150 3
75 150 3
75 150 3
75 150 3
75 150 3
75 150 3
75 150 3
75 150 3
75 150 3
75 150 3
75 150 3
75 150 3
75 150 3
75 150 3
75 150 3
75 150 3
75 150 3
75 150 3
75 150 3
75 150 3
75 150 3
75 150 3
75 150 3
75 150 3
75 150 3
75 150 3
75 150 3
76 150 299
76 150 3
76 150 3
76 150 3
76 150 3
76 150 3
76 150 3
76 150 3
76 150 3
76 150 3
76 150 3
76 150 3
76 150 3
76 150 3
76 150 3
76 150 3
76 150 3
76 150 3
76 150 3
76 150 3
76 150 3
76 150 3
76 150 3
76 150 3
76 150 3
76 150 3
76 150 3
76 150 3
77 150 327
77 150 3
77 150 3
77 150 3
77 150 3
77 150 3
77 150 3
77 150 3
77 150 3
77 150 3
77 150 3
77 150 3
77 150 3
77 150 3
77 150 3
78 149 351
78 149 3
78 148 350
78 147 354
78 146 362
79 146 366
79 145 371
80 145 370
81 145 369
81 144 364
82 144 358
82 143 349
83 143 340
83 142 327
83 141 316
84 141 300
84 140 286
85 140 270
85 139 253
85 138 236
86 138 219
86 137 201
86 136 184
86 136 3
86 135 167
86 135 3
86 135 3
86 135 3
86 135 3
86 135 3
86 135 3
86 135 3
86 135 3
86 135 3
86 134 150
86 134 3
86 134 3
86 134 3
86 134 3
86 134 3
86 134 3
86 134 3
86 134 3
86 134 3
86 134 3
86 134 3
86 134 3
86 134 3
86 134 3
86 134 3
86 134 3
86 133 133
86 133 3
86 133 3
86 133 3
86 133 3
86 133 3
86 133 3
86 133 3
86 133 3
86 133 3
86 133 3
86 133 3
86 133 3
86 133 3
86 133 3
86 133 3
86 133 3
86 133 3
86 133 3
86 133 3
86 133 3
86 133 3
86 132 116
86 132 3
86 132 3
86 132 3
86 132 3
86 132 3
86 132 3
86 132 3
86 132 3
86 132 3
86 132 3
86 132 3
86 132 3
86 132 3
86 132 3
86 132 3
86 132 3
86 132 3
86 132 3
86 132 3
86 132 3
86 132 3
86 132 3
86 132 3
86 132 3
86 131 98
86 131 3
86 131 3
86 131 3
86 131 3
86 131 3
86 131 3
86 131 3
86 131 3
86 131 3
86 131 3
86 131 3
86 131 3
86 131 3
86 131 3
86 131 3
86 131 3
86 131 3
86 131 3
86 131 3
86 131 3
86 131 3
86 131 3
86 131 3
86 131 3
86 131 3
86 131 3
86 130 80
86 130 3
86 130 3
86 130 3
86 130 3
86 130 3
86 130 3
86 130 3
86 130 3
86 130 3
86 130 3
86 130 3
86 130 3
86 130 3
86 130 3
86 130 3
86 130 3
86 130 3
86 130 3
86 130 3
86 130 3
86 130 3
86 130 3
86 130 3
86 130 3
86 130 3
86 130 3
86 130 3
86 129 62
86 129 3
86 129 3
86 129 3
86 129 3
86 129 3
86 129 3
86 129 3
86 129 3
86 129 3
86 129 3
86 129 3
86 129 3
86 129 3
86 129 3
86 129 3
86 129 3
86 129 3
86 129 3
86 129 3
86 129 3
86 129 3
86 129 3
86 129 3
86 129 3
86 129 3
86 129 3
86 129 3
86 128 45
86 128 3
86 128 3
86 128 3
86 128 3
86 128 3
86 128 3
86 128 3
86 128 3
86 128 3
86 128 3
86 128 3
86 128 3
86 128 3
86 128 3
86 128 3
86 128 3
86 128 3
86 128 3
86 128 3
86 128 3
86 128 3
86 128 3
86 128 3
86 128 3
86 128 3
86 128 3
86 127 27
86 127 3
86 127 3
86 127 3
86 127 3
86 127 3
86 127 3
86 127 3
86 127 3
86 127 3
86 127 3
86 127 3
86 127 3
86 127 3
86 127 3
86 127 3
86 127 3
86 127 3
86 127 3
86 127 3
86 127 3
86 127 3
86 127 3
86 127 3
86 127 3
86 127 3
86 126 15
86 126 3
86 126 3
86 126 3
86 126 3
86 126 3
86 126 3
86 126 3
86 126 3
86 126 3
86 126 3
86 126 3
86 126 3
86 126 3
86 126 3
86 126 3
86 126 3
86 126 3
86 126 3
86 126 3
86 126 3
86 126 3
86 126 3
86 126 3
86 126 3
86 125 15
86 125 3
86 125 3
86 125 3
86 125 3
86 125 3
86 125 3
86 125 3
86 125 3
86 125 3
86 125 3
86 125 3
86 125 3
86 125 3
86 125 3
86 125 3
86 125 3
86 125 3
86 125 3
86 125 3
86 124 15
86 124 3
86 124 3
86 124 3
86 124 3
86 124 3
86 124 3
86 124 3
86 124 3
86 124 3
86 124 3
86 124 3
86 124 3
86 124 3
86 124 3
86 124 3
86 123 15
86 123 3
86 123 3
86 123 3
86 123 3
86 123 3
86 123 3
86 123 3
86 123 3
86 123 3
86 123 3
86 123 3
85 123 15
85 123 3
85 123 3
85 123 3
85 123 3
85 123 3
85 123 3
85 123 3
85 123 3
85 123 3
85 123 3
85 123 3
84 123 15
84 123 3
84 123 3
84 123 3
84 123 3
84 123 3
84 123 3
84 123 3
84 123 3
84 123 3
84 123 3
84 123 3
84 122 15
84 122 3
84 122 3
84 122 3
84 122 3
84 122 3
84 122 3
84 122 3
84 122 3
84 121 15
84 121 3
84 121 3
84 121 3
84 121 3
84 121 3
84 121 3
84 120 15
84 120 3
84 120 3
84 120 3
84 120 3
83 120 15
83 120 3
83 120 3
83 120 3
83 120 3
83 119 15
83 119 3
83 119 3
82 119 15
82 119 3
82 119 3
82 119 3
82 118 15
82 118 3
82 118 3
81 118 15
81 118 3
81 118 3
81 118 3
65 173 494
65 172 502
65 171 507
65 170 508
65 169 503
65 168 494
65 167 479
65 166 460
65 165 436
65 164 409
65 163 380
65 162 349
65 161 319
65 160 290
65 159 264
65 175 470
65 175 3
65 175 3
65 175 3
65 175 3
65 175 3
65 175 3
65 175 3
65 175 3
65 175 3
65 175 3
65 175 3
65 175 3
65 175 3
65 175 3
65 175 3
65 176 458
65 176 3
65 176 3
65 176 3
65 176 3
65 176 3
65 176 3
65 176 3
65 176 3
65 176 3
65 176 3
65 176 3
65 176 3
65 176 3
65 176 3
65 176 3
65 176 3
65 176 3
65 176 3
65 176 3
65 176 3
65 176 3
65 176 3
65 176 3
65 176 3
65 176 3
65 176 3
65 176 3
65 176 3
65 176 3
65 176 3
65 176 3
65 176 3
65 176 3
65 177 445
65 177 3
65 177 3
65 177 3
65 177 3
65 177 3
65 177 3
65 177 3
65 177 3
65 177 3
65 177 3
65 177 3
65 177 3
65 177 3
65 177 3
65 177 3
65 177 3
65 177 3
65 177 3
65 177 3
65 177 3
65 177 3
65 177 3
65 177 3
65 177 3
65 177 3
65 177 3
65 177 3
65 177 3
65 177 3
65 177 3
65 177 3
65 177 3
65 177 3
65 177 3
65 177 3
65 177 3
65 177 3
65 177 3
65 177 3
65 177 3
65 177 3
65 177 3
65 177 3
65 177 3
65 177 3
65 177 3
65 177 3
65 177 3
65 177 3
65 177 3
65 177 3
65 177 3
65 177 3
65 177 3
65 178 436
65 178 3
65 178 3
65 178 3
65 178 3
65 178 3
65 178 3
65 178 3
65 178 3
65 178 3
65 178 3
65 178 3
65 178 3
65 178 3
65 178 3
65 178 3
65 178 3
65 178 3
65 178 3
65 178 3
65 178 3
65 178 3
65 178 3
65 178 3
65 178 3
65 178 3
65 178 3
65 178 3
65 178 3
65 178 3
65 178 3
65 178 3
65 178 3
65 178 3
65 178 3
65 178 3
65 178 3
65 178 3
65 178 3
65 178 3
65 178 3
65 178 3
65 178 3
65 178 3
65 178 3
65 178 3
65 178 3
65 178 3
65 178 3
65 178 3
65 178 3
65 178 3
65 178 3
65 178 3
65 178 3
65 178 3
65 178 3
65 178 3
65 178 3
65 178 3
65 178 3
65 178 3
65 178 3
65 178 3
65 178 3
65 178 3
65 178 3
65 178 3
65 178 3
65 178 3
65 178 3
65 178 3
65 178 3
65 178 3
65 178 3
65 178 3
65 178 3
65 179 429
65 179 3
65 179 3
65 179 3
65 179 3
65 179 3
65 179 3
65 179 3
65 179 3
65 179 3
65 179 3
65 179 3
65 179 3
65 179 3
65 179 3
65 179 3
65 179 3
65 179 3
65 179 3
65 179 3
65 179 3
65 179 3
65 179 3
65 179 3
65 179 3
65 179 3
65 179 3
65 179 3
65 179 3
65 179 3
65 179 3
65 179 3
65 179 3
65 179 3
65 179 3
65 179 3
65 179 3
65 179 3
65 179 3
65 179 3
65 179 3
65 179 3
65 179 3
65 179 3
65 179 3
65 179 3
65 179 3
65 179 3
65 179 3
65 179 3
65 179 3
65 179 3
65 179 3
65 179 3
65 179 3
65 179 3
65 179 3
65 179 3
65 179 3
65 179 3
65 179 3
65 179 3
65 179 3
65 179 3
65 179 3
65 179 3
65 179 3
65 179 3
65 179 3
65 179 3
65 179 3
65 179 3
65 179 3
65 179 3
65 179 3
65 179 3
65 179 3
65 179 3
65 179 3
65 179 3
65 179 3
65 179 3
65 179 3
65 179 3
65 179 3
65 179 3
65 179 3
65 179 3
65 179 3
65 179 3
65 179 3
65 179 3
65 179 3
65 179 3
65 179 3
65 179 3
65 179 3
65 179 3
65 179 3
65 179 3
65 179 3
65 179 3
65 179 3
65 180 426
65 180 3
65 180 3
65 180 3
65 180 3
65 180 3
65 180 3
65 180 3
65 180 3
65 180 3
65 180 3
65 180 3
65 180 3
65 180 3
65 180 3
65 180 3
65 180 3
65 180 3
65 180 3
65 180 3
65 180 3
65 180 3
65 180 3
65 180 3
65 180 3
65 180 3
65 180 3
65 180 3
65 180 3
65 180 3
65 180 3
65 180 3
65 180 3
65 180 3
65 180 3
65 180 3
65 180 3
65 180 3
65 180 3
65 180 3
65 180 3
65 180 3
65 180 3
65 180 3
65 180 3
65 180 3
65 180 3
65 180 3
65 180 3
65 180 3
65 180 3
65 180 3
65 180 3
65 180 3
65 180 3
65 180 3
65 180 3
65 180 3
65 180 3
65 180 3
65 180 3
65 180 3
65 180 3
65 180 3
65 180 3
65 180 3
65 180 3
65 180 3
65 180 3
65 180 3
65 180 3
65 180 3
65 180 3
65 180 3
65 180 3
65 180 3
65 180 3
65 180 3
65 180 3
65 180 3
65 180 3
65 180 3
65 180 3
65 180 3
65 180 3
65 180 3
65 180 3
65 180 3
65 180 3
65 180 3
65 180 3
65 180 3
65 180 3
65 180 3
65 180 3
65 180 3
65 180 3
65 180 3
65 180 3
65 180 3
65 180 3
65 180 3
65 180 3
65 180 3
65 180 3
65 180 3
65 180 3
65 180 3
65 180 3
65 180 3
65 180 3
65 180 3
65 180 3
65 180 3
65 180 3
65 180 3
65 180 3
65 180 3
65 180 3
65 180 3
65 180 3
65 180 3
65 180 3
65 180 3
65 180 3
65 180 3
65 180 3
65 180 3
65 180 3
65 180 3
65 180 3
65 180 3
66 180 426
66 180 3
66 180 3
66 180 3
66 180 3
66 180 3
66 180 3
66 180 3
66 180 3
66 180 3
66 180 3
66 180 3
66 180 3
66 180 3
66 180 3
66 180 3
66 180 3
66 180 3
66 180 3
66 180 3
66 180 3
66 180 3
66 180 3
66 180 3
66 180 3
66 180 3
66 180 3
66 180 3
66 180 3
66 180 3
66 180 3
66 180 3
66 180 3
66 180 3
66 180 3
66 180 3
66 180 3
66 180 3
66 180 3
66 180 3
66 180 3
66 180 3
66 180 3
66 180 3
66 180 3
66 180 3
66 180 3
66 180 3
66 180 3
66 180 3
66 180 3
66 180 3
66 180 3
66 180 3
66 180 3
66 180 3
66 180 3
66 180 3
66 180 3
66 180 3
66 180 3
66 180 3
66 180 3
66 180 3
66 180 3
66 180 3
66 180 3
66 180 3
66 180 3
66 180 3
66 180 3
66 180 3
66 180 3
66 180 3
66 180 3
66 180 3
66 180 3
66 180 3
66 180 3
66 180 3
66 180 3
66 180 3
66 180 3
66 180 3
66 180 3
66 180 3
66 180 3
66 180 3
66 180 3
66 180 3
66 180 3
66 180 3
66 180 3
66 180 3
66 180 3
66 180 3
66 180 3
66 180 3
66 180 3
66 180 3
66 180 3
66 180 3
66 180 3
66 180 3
66 180 3
66 180 3
66 180 3
66 180 3
66 180 3
66 180 3
66 180 3
66 180 3
66 180 3
66 180 3
66 180 3
66 180 3
66 180 3
66 180 3
66 180 3
66 180 3
66 180 3
66 180 3
66 180 3
66 180 3
66 180 3
66 180 3
66 180 3
66 180 3
67 180 426
67 180 3
67 180 3
67 180 3
67 180 3
67 180 3
67 180 3
67 180 3
67 180 3
67 180 3
67 180 3
67 180 3
67 180 3
67 180 3
67 180 3
67 180 3
67 180 3
67 180 3
67 180 3
67 180 3
67 180 3
67 180 3
67 180 3
67 180 3
67 180 3
67 180 3
67 180 3
67 180 3
67 180 3
67 180 3
67 180 3
67 180 3
67 180 3
67 180 3
67 180 3
67 180 3
67 180 3
67 180 3
67 180 3
67 180 3
67 180 3
67 180 3
67 180 3
67 180 3
67 180 3
67 180 3
67 180 3
67 180 3
67 180 3
67 180 3
67 180 3
67 180 3
67 180 3
67 180 3
67 180 3
67 180 3
67 180 3
67 180 3
67 180 3
67 180 3
67 180 3
67 180 3
67 180 3
67 180 3
67 180 3
67 180 3
67 180 3
67 180 3
67 180 3
67 180 3
67 180 3
67 180 3
67 180 3
67 180 3
67 180 3
67 180 3
67 180 3
67 180 3
67 180 3
67 180 3
67 180 3
67 180 3
67 180 3
67 180 3
67 180 3
67 180 3
67 180 3
67 180 3
67 180 3
67 180 3
67 180 3
67 180 3
67 180 3
67 180 3
67 180 3
67 180 3
67 180 3
67 180 3
67 180 3
67 180 3
67 180 3
67 180 3
67 180 3
67 180 3
67 180 3
67 180 3
67 180 3
67 180 3
67 180 3
67 180 3
67 180 3
67 180 3
67 180 3
67 180 3
67 180 3
67 180 3
68 180 427
68 180 3
68 180 3
68 180 3
68 180 3
68 180 3
68 180 3
68 180 3
68 180 3
68 180 3
68 180 3
68 180 3
68 180 3
68 180 3
68 180 3
68 180 3
68 180 3
68 180 3
68 180 3
68 180 3
68 180 3
68 180 3
68 180 3
68 180 3
68 180 3
68 180 3
68 180 3
68 180 3
68 180 3
68 180 3
68 180 3
68 180 3
68 180 3
68 180 3
68 180 3
68 180 3
68 180 3
68 180 3
68 180 3
68 180 3
68 180 3
68 180 3
68 180 3
68 180 3
68 180 3
68 180 3
68 180 3
68 180 3
68 180 3
68 180 3
68 180 3
68 180 3
68 180 3
68 180 3
68 180 3
68 180 3
68 180 3
68 180 3
68 180 3
68 180 3
68 180 3
68 180 3
68 180 3
68 180 3
68 180 3
68 180 3
68 180 3
68 180 3
68 180 3
68 180 3
68 180 3
68 180 3
68 180 3
68 180 3
68 180 3
68 180 3
68 180 3
68 180 3
68 180 3
68 180 3
68 180 3
68 180 3
68 180 3
68 180 3
68 180 3
68 180 3
68 180 3
68 180 3
68 180 3
68 180 3
68 180 3
68 180 3
68 180 3
68 180 3
68 180 3
68 180 3
68 180 3
68 180 3
68 180 3
68 180 3
68 181 428
68 181 3
68 181 3
68 181 3
68 181 3
68 181 3
68 181 3
68 181 3
68 181 3
68 181 3
68 181 3
68 181 3
68 181 3
68 181 3
68 181 3
68 181 3
68 181 3
68 181 3
68 181 3
68 181 3
68 181 3
68 181 3
68 181 3
68 181 3
68 181 3
68 181 3
68 181 3
68 181 3
68 181 3
68 181 3
68 181 3
68 181 3
68 181 3
68 181 3
68 181 3
68 181 3
68 181 3
68 181 3
68 181 3
68 181 3
68 181 3
68 181 3
68 181 3
68 181 3
68 181 3
68 181 3
68 181 3
68 181 3
68 181 3
68 181 3
68 181 3
68 181 3
68 181 3
68 181 3
68 181 3
68 181 3
68 181 3
68 181 3
68 181 3
68 181 3
68 181 3
68 181 3
68 181 3
68 181 3
68 181 3
68 181 3
68 181 3
68 181 3
68 181 3
68 181 3
68 181 3
68 181 3
68 181 3
68 181 3
68 181 3
68 181 3
68 181 3
68 181 3
68 181 3
68 181 3
68 181 3
68 181 3
68 181 3
68 181 3
68 181 3
68 181 3
68 181 3
68 181 3
68 181 3
68 181 3
68 181 3
68 181 3
68 181 3
68 181 3
68 181 3
68 181 3
68 181 3
68 181 3
68 181 3
68 181 3
68 181 3
68 181 3
68 181 3
68 181 3
68 181 3
68 181 3
68 181 3
68 181 3
68 181 3
68 181 3
68 181 3
68 181 3
68 181 3
68 181 3
68 181 3
68 181 3
68 181 3
68 181 3
68 181 3
68 181 3
69 181 428
69 181 3
69 181 3
69 181 3
69 181 3
69 181 3
69 181 3
69 181 3
69 181 3
69 181 3
69 181 3
69 181 3
69 181 3
69 181 3
69 181 3
69 181 3
69 181 3
69 181 3
69 181 3
69 181 3
69 181 3
69 181 3
69 181 3
69 181 3
69 181 3
69 181 3
69 181 3
69 181 3
69 181 3
69 181 3
69 181 3
69 181 3
69 181 3
69 181 3
69 181 3
69 181 3
69 181 3
69 181 3
69 181 3
69 181 3
69 181 3
69 181 3
69 181 3
69 181 3
69 181 3
69 181 3
69 181 3
69 181 3
69 181 3
69 181 3
69 181 3
69 181 3
69 181 3
69 181 3
69 181 3
69 181 3
69 181 3
69 181 3
69 181 3
69 181 3
69 181 3
69 181 3
69 181 3
69 181 3
69 181 3
69 181 3
69 181 3
69 181 3
69 181 3
69 181 3
69 181 3
69 181 3
69 181 3
69 181 3
69 181 3
69 181 3
69 181 3
69 181 3
69 181 3
69 181 3
69 181 3
69 181 3
69 181 3
69 181 3
69 181 3
69 181 3
69 181 3
69 181 3
69 181 3
69 181 3
69 181 3
69 181 3
69 181 3
69 181 3
69 181 3
69 181 3
70 181 428
70 181 3
70 181 3
70 181 3
70 181 3
70 181 3
70 181 3
70 181 3
70 181 3
70 181 3
70 181 3
70 181 3
70 181 3
70 181 3
70 181 3
70 181 3
70 181 3
70 181 3
70 181 3
70 181 3
70 181 3
70 181 3
70 181 3
70 181 3
70 181 3
70 181 3
70 181 3
70 181 3
70 181 3
70 181 3
70 181 3
70 181 3
70 181 3
70 181 3
70 181 3
70 181 3
70 181 3
70 181 3
70 181 3
70 181 3
70 181 3
70 181 3
70 181 3
70 181 3
70 181 3
70 181 3
70 181 3
70 181 3
70 181 3
70 181 3
70 181 3
70 181 3
70 181 3
70 181 3
70 181 3
70 181 3
70 181 3
70 181 3
70 181 3
70 181 3
70 181 3
70 181 3
70 181 3
70 181 3
70 181 3
70 181 3
70 181 3
70 181 3
70 181 3
70 181 3
70 181 3
70 181 3
70 181 3
71 181 429
71 181 3
71 181 3
71 181 3
71 181 3
71 181 3
71 181 3
71 181 3
71 181 3
71 181 3
71 181 3
71 181 3
71 181 3
71 181 3
71 181 3
71 181 3
71 181 3
71 181 3
71 181 3
71 181 3
71 181 3
71 181 3
71 181 3
71 181 3
71 181 3
71 181 3
71 181 3
71 181 3
71 181 3
71 181 3
71 181 3
71 181 3
71 181 3
71 181 3
71 181 3
71 181 3
71 181 3
71 181 3
71 181 3
71 181 3
71 181 3
71 181 3
71 181 3
71 181 3
71 181 3
71 181 3
71 181 3
71 181 3
71 181 3
71 181 3
71 181 3
71 182 431
71 182 3
71 182 3
71 182 3
71 182 3
71 182 3
71 182 3
71 182 3
71 182 3
71 182 3
71 182 3
71 182 3
71 182 3
71 182 3
71 182 3
71 182 3
71 182 3
71 182 3
71 182 3
71 182 3
71 182 3
71 182 3
71 182 3
71 182 3
71 182 3
71 182 3
71 182 3
71 182 3
71 182 3
71 182 3
71 182 3
71 182 3
71 182 3
71 182 3
71 182 3
71 182 3
71 182 3
71 182 3
71 182 3
71 182 3
71 182 3
71 182 3
71 182 3
71 182 3
71 182 3
71 182 3
71 182 3
71 182 3
71 182 3
71 182 3
71 182 3
71 182 3
71 182 3
71 182 3
71 182 3
71 182 3
71 182 3
71 182 3
71 182 3
72 182 430
72 182 3
72 182 3
72 182 3
72 182 3
72 182 3
72 182 3
72 182 3
72 182 3
72 182 3
72 182 3
72 182 3
72 182 3
72 182 3
72 182 3
72 182 3
72 182 3
72 182 3
72 182 3
72 182 3
72 182 3
72 182 3
72 182 3
72 182 3
72 182 3
72 182 3
72 182 3
72 182 3
72 182 3
72 182 3
72 182 3
72 182 3
72 182 3
72 182 3
72 182 3
72 182 3
72 182 3
73 182 430
73 182 3
73 182 3
73 182 3
73 182 3
73 182 3
73 182 3
73 182 3
73 182 3
73 182 3
73 182 3
73 182 3
73 182 3
73 182 3
73 182 3
73 182 3
73 182 3
73 182 3
73 182 3
73 182 3
74 182 431
74 182 3
74 182 3
74 182 3
74 182 3
74 182 3
74 182 3
74 182 3
74 182 3
75 182 434
75 182 3
76 182 437
77 183 428
77 184 422
78 184 419
78 185 415
79 185 408
80 185 403
80 186 396
81 186 388
82 186 380
82 187 371
83 187 360
83 188 352
84 188 339
85 188 329
85 189 317
86 189 305
86 190 293
87 190 280
88 190 271
89 191 246
89 191 3
89 191 3
89 191 3
89 191 3
89 191 3
89 191 3
89 192 233
89 192 3
89 192 3
89 192 3
89 192 3
89 192 3
89 192 3
89 192 3
89 192 3
89 192 3
89 193 224
89 193 3
89 193 3
89 193 3
89 193 3
89 193 3
89 193 3
89 193 3
89 193 3
89 193 3
89 193 3
89 193 3
90 193 212
90 193 3
90 193 3
90 193 3
90 193 3
90 193 3
90 193 3
90 193 3
90 193 3
90 193 3
90 193 3
90 193 3
90 193 3
90 193 3
90 193 3
90 193 3
90 193 3
90 193 3
91 193 204
91 193 3
91 193 3
91 193 3
91 193 3
91 193 3
91 193 3
91 193 3
91 193 3
91 193 3
91 193 3
91 193 3
91 193 3
91 193 3
91 193 3
91 193 3
91 193 3
91 193 3
91 193 3
91 193 3
91 193 3
91 193 3
91 193 3
91 193 3
91 194 194
91 194 3
91 194 3
91 194 3
91 194 3
91 194 3
91 194 3
91 194 3
91 194 3
91 194 3
91 194 3
91 194 3
91 194 3
91 194 3
91 194 3
91 194 3
91 194 3
91 194 3
91 194 3
91 194 3
91 194 3
91 194 3
92 194 187
92 194 3
92 194 3
92 194 3
92 194 3
92 194 3
92 194 3
92 194 3
92 194 3
92 194 3
92 194 3
92 194 3
92 194 3
92 194 3
92 194 3
92 194 3
92 194 3
92 194 3
92 194 3
92 194 3
92 194 3
92 194 3
92 194 3
92 194 3
92 194 3
92 194 3
92 194 3
92 195 180
92 195 3
92 195 3
92 195 3
92 195 3
92 195 3
92 195 3
92 195 3
92 195 3
92 195 3
92 195 3
92 195 3
92 195 3
92 195 3
92 195 3
92 195 3
92 195 3
92 195 3
92 195 3
92 195 3
92 195 3
92 195 3
92 195 3
92 195 3
93 195 175
93 195 3
93 195 3
93 195 3
93 195 3
93 195 3
93 195 3
93 195 3
93 195 3
93 195 3
93 195 3
93 195 3
93 195 3
93 195 3
93 195 3
93 195 3
93 195 3
93 195 3
93 195 3
93 195 3
93 195 3
93 195 3
93 195 3
93 195 3
93 195 3
93 195 3
94 195 173
94 195 3
94 195 3
94 195 3
94 195 3
94 195 3
94 195 3
94 195 3
94 195 3
94 195 3
94 195 3
94 195 3
94 195 3
94 195 3
94 195 3
94 195 3
94 195 3
94 195 3
94 195 3
94 195 3
94 195 3
94 195 3
94 195 3
94 195 3
94 195 3
94 195 3
94 195 3
95 195 173
95 195 3
95 195 3
95 195 3
95 195 3
95 195 3
95 195 3
95 195 3
95 195 3
95 195 3
95 195 3
95 195 3
95 195 3
95 195 3
95 195 3
95 195 3
95 195 3
95 195 3
95 195 3
95 195 3
95 195 3
95 195 3
95 195 3
95 195 3
95 195 3
95 195 3
95 195 3
96 195 175
96 195 3
96 195 3
96 195 3
96 195 3
96 195 3
96 195 3
96 195 3
96 195 3
96 195 3
96 195 3
96 195 3
96 195 3
96 195 3
96 195 3
96 195 3
96 195 3
96 195 3
96 195 3
96 195 3
96 195 3
96 195 3
96 195 3
96 195 3
96 195 3
96 195 3
97 195 177
97 195 3
97 195 3
97 195 3
97 195 3
97 195 3
97 195 3
97 195 3
97 195 3
97 195 3
97 195 3
97 195 3
97 195 3
97 195 3
97 195 3
97 195 3
97 195 3
97 195 3
97 195 3
97 195 3
97 195 3
97 195 3
97 195 3
97 195 3
98 195 180
98 195 3
98 195 3
98 195 3
98 195 3
98 195 3
98 195 3
98 195 3
98 195 3
98 195 3
98 195 3
98 195 3
98 195 3
98 195 3
98 195 3
98 195 3
98 195 3
98 195 3
98 195 3
98 195 3
99 195 182
99 195 3
99 195 3
99 195 3
99 195 3
99 195 3
99 195 3
99 195 3
99 195 3
99 195 3
99 195 3
99 195 3
99 195 3
99 195 3
99 195 3
100 195 184
100 195 3
100 195 3
100 195 3
100 195 3
100 195 3
100 195 3
100 195 3
101 195 183
102 195 182
103 195 178
104 195 172
105 195 164
106 195 154
107 195 142
108 195 130
109 195 116
110 195 102
111 195 87
112 195 73
113 195 59
113 195 3
113 195 3
114 195 46
114 195 3
114 195 3
114 195 3
114 195 3
114 195 3
114 195 3
115 195 34
115 195 3
115 195 3
115 195 3
115 195 3
115 195 3
115 195 3
115 195 3
115 195 3
115 195 3
116 195 23
116 195 3
116 195 3
116 195 3
116 195 3
116 195 3
116 195 3
116 195 3
116 195 3
116 195 3
116 195 3
116 195 3
116 195 3
117 195 15
117 195 3
117 195 3
117 195 3
117 195 3
117 195 3
117 195 3
117 195 3
117 195 3
117 195 3
117 195 3
117 195 3
117 195 3
117 195 3
118 195 15
118 195 3
118 195 3
118 195 3
118 195 3
118 195 3
118 195 3
118 195 3
118 195 3
118 195 3
118 195 3
118 195 3
119 195 15
119 195 3
119 195 3
119 195 3
119 195 3
119 195 3
119 195 3
119 195 3
119 195 3
119 195 3
120 195 15
120 195 3
120 195 3
120 195 3
120 195 3
120 195 3
120 195 3
120 195 3
120 195 3
121 195 15
121 195 3
121 195 3
121 195 3
121 195 3
121 195 3
121 195 3
121 196 15
121 196 3
121 196 3
121 196 3
121 196 3
121 196 3
122 196 15
122 196 3
122 196 3
122 196 3
122 196 3
122 197 15
122 197 3
122 197 3
122 197 3
122 197 3
123 197 15
123 197 3
123 197 3
123 197 3
124 197 15
124 197 3
124 197 3
125 197 15
125 197 3
125 197 3
125 198 15
125 198 3
126 198 15
126 198 3
127 198 15
127 198 3
64 175 472
64 175 3
64 175 3
64 175 3
64 175 3
64 175 3
63 175 475
62 175 478
61 175 481
60 175 482
59 175 481
58 175 478
57 175 471
56 175 460
55 175 445
54 175 426
53 175 402
52 175 375
51 175 343
50 175 308
49 175 270
48 175 230
47 175 189
46 175 148
45 175 107
44 175 69
44 175 3
44 175 3
44 175 3
43 175 32
43 175 3
43 175 3
43 175 3
43 175 3
43 175 3
43 175 3
43 175 3
43 175 3
43 175 3
43 175 3
42 175 15
42 175 3
42 175 3
42 175 3
42 175 3
42 175 3
42 175 3
42 175 3
42 175 3
42 175 3
42 175 3
42 175 3
42 175 3
42 174 15
42 174 3
42 174 3
42 174 3
42 174 3
42 174 3
42 174 3
42 174 3
42 174 3
42 174 3
42 174 3
42 174 3
41 174 15
41 174 3
41 174 3
41 174 3
41 174 3
41 174 3
41 174 3
41 174 3
41 174 3
41 173 15
41 173 3
41 173 3
41 173 3
41 173 3
41 173 3
41 173 3
41 173 3
40 173 15
40 173 3
40 173 3
40 173 3
40 173 3
40 173 3
40 172 15
40 172 3
40 172 3
40 172 3
40 172 3
40 172 3
39 172 15
39 172 3
39 172 3
39 172 3
39 172 3
38 172 15
38 172 3
38 172 3
38 172 3
38 171 15
38 171 3
38 171 3
38 171 3
38 170 15
38 170 3
38 170 3
38 170 3
37 170 15
37 170 3
37 170 3
37 170 3
36 170 15
36 170 3
36 170 3
36 170 3
35 170 15
35 170 3
35 170 3
34 170 15
34 170 3
34 170 3
34 170 3
33 170 15
33 170 3
33 170 3
33 170 3
33 169 15
33 169 3
33 169 3
33 169 3
32 169 15
32 169 3
32 169 3
32 169 3
32 169 3
31 169 15
31 169 3
31 169 3
31 169 3
31 169 3
30 169 15
30 169 3
30 169 3
30 169 3
30 169 3
29 169 15
29 169 3
29 169 3
29 169 3
29 169 3
28 169 15
28 169 3
28 169 3
28 169 3
27 169 15
27 169 3
27 169 3
27 169 3
26 169 15
26 169 3
26 169 3
25 169 15
25 169 3
25 169 3
24 169 15
24 169 3
23 169 15
23 169 3
22 169 15
22 169 3
21 169 15
21 169 3
20 169 16
20 169 3
19 169 15
19 169 3
18 169 15
18 169 3
17 170 15
17 170 3
16 170 15
16 170 3
15 170 15
15 170 3
14 170 15
14 170 3
14 171 15
14 172 15
14 173 15
13 173 15
13 174 15
13 175 15
13 176 15
13 177 15
13 178 15
13 179 15
13 180 15
13 180 3
14 180 15
14 180 3
14 181 15
14 181 3
14 182 15
14 182 3
14 182 3
14 183 15
14 183 3
14 183 3
15 183 15
15 183 3
15 183 3
15 184 15
15 184 3
15 184 3
16 184 15
16 184 3
16 184 3
16 185 15
16 185 3
16 185 3
17 185 15
17 185 3
18 185 15
18 185 3
145 62 15
144 62 15
143 62 15
142 62 15
142 63 15
142 64 15
141 64 15
140 64 15
140 65 15
139 65 15
139 66 15
138 66 15
138 67 15
137 67 15
137 68 15
136 68 15
136 69 15
135 69 15
135 70 15
135 70 3
134 70 15
134 70 3
134 71 15
134 71 3
133 72 15
133 72 3
132 72 15
132 72 3
132 73 15
132 73 3
132 73 3
131 73 15
131 73 3
131 73 3
130 73 15
130 73 3
129 73 15
129 73 3
129 74 15
129 74 3
129 75 15
129 75 3
129 75 3
128 75 15
128 75 3
128 76 15
128 76 3
128 76 3
127 76 15
127 76 3
127 76 3
127 77 15
127 77 3
127 77 3
126 77 15
126 77 3
126 77 3
125 77 15
125 77 3
125 77 3
125 78 15
125 78 3
125 78 3
124 78 15
124 78 3
124 78 3
124 78 3
124 79 15
124 79 3
124 79 3
124 79 3
123 79 15
123 79 3
123 79 3
123 79 3
123 79 3
122 79 15
122 79 3
122 79 3
122 79 3
122 79 3
121 79 15
121 79 3
121 79 3
121 79 3
121 79 3
121 79 3
121 80 15
121 80 3
121 80 3
121 80 3
121 80 3
121 80 3
120 80 15
120 80 3
120 80 3
120 80 3
120 80 3
120 80 3
120 80 3
119 80 15
119 80 3
119 80 3
119 80 3
119 80 3
119 80 3
119 80 3
119 80 3
119 80 3
119 81 15
119 81 3
119 81 3
119 81 3
119 81 3
119 81 3
119 81 3
119 81 3
118 81 15
118 81 3
118 81 3
118 81 3
118 81 3
118 81 3
118 81 3
118 81 3
118 81 3
117 81 15
117 81 3
117 81 3
117 81 3
117 81 3
117 81 3
117 81 3
117 81 3
117 81 3
117 81 3
116 81 15
116 81 3
116 81 3
116 81 3
116 81 3
116 81 3
116 81 3
116 81 3
116 81 3
116 81 3
116 81 3
115 81 15
115 81 3
115 81 3
115 81 3
115 81 3
115 81 3
115 81 3
115 81 3
115 81 3
115 81 3
115 81 3
115 81 3
114 81 15
114 81 3
114 81 3
114 81 3
114 81 3
114 81 3
114 81 3
114 81 3
114 81 3
114 81 3
114 81 3
114 81 3
114 81 3
113 81 15
113 81 3
113 81 3
113 81 3
113 81 3
113 81 3
113 81 3
113 81 3
113 81 3
113 81 3
113 81 3
113 81 3
113 81 3
113 82 15
113 82 3
113 82 3
113 82 3
113 82 3
113 82 3
113 82 3
113 82 3
113 82 3
113 82 3
113 82 3
113 83 15
113 83 3
113 83 3
113 83 3
113 83 3
113 83 3
113 83 3
113 83 3
113 83 3
113 84 15
113 84 3
113 84 3
113 84 3
113 84 3
113 84 3
113 84 3
113 85 15
113 85 3
113 85 3
113 85 3
113 85 3
113 85 3
113 86 15
113 86 3
113 86 3
113 86 3
113 87 15
113 87 3
113 87 3
113 87 3
113 88 15
113 88 3
113 88 3
