5 196 431
138 40 431
50 61 431
22 107 431
94 165 431
174 121 431
160 140 431
96 77 431
178 15 431
146 103 431
107 199 431
177 172 431
160 126 431
174 134 431
94 179 431
107 185 431
160 112 431
61 69 431
84 70 431
83 84 431
72 77 431
17 199 431
17 189 431
165 23 431
165 23 421
190 8 431
178 1 431
136 54 431
124 48 431
34 114 431
22 122 431
125 34 431
190 0 431
10 115 431
4 181 431
15 174 431
190 23 431
122 62 431
109 69 431
35 99 431
35 99 421
199 16 431
2 167 431
10 130 431
14 159 431
23 137 431
12 145 431
199 2 431
199 2 421
199 31 431
190 38 431
199 46 431
189 53 431
106 170 431
199 62 431
176 159 431
97 63 431
97 63 421
121 75 431
188 69 431
188 69 421
108 83 431
175 147 431
175 147 421
73 62 431
94 193 431
177 45 431
177 45 421
62 54 431
62 54 421
165 0 431
165 9 431
165 9 421
146 118 431
146 118 421
162 166 431
162 166 421
1 152 431
160 97 431
95 91 431
0 137 431
147 89 431
135 68 431
152 3 431
139 12 431
139 26 431
139 26 421
0 122 431
134 82 431
35 130 431
25 152 431
36 145 431
36 145 421
26 167 431
28 181 431
28 181 421
46 122 431
46 122 421
0 107 431
10 99 431
0 92 431
0 92 421
23 92 431
11 84 431
24 76 431
37 69 431
146 102 306
146 101 284
146 100 265
146 99 250
146 98 238
146 97 230
146 96 225
146 95 224
146 94 226
146 93 231
146 92 239
145 92 248
145 91 256
144 91 265
144 90 273
143 90 281
143 89 288
142 89 296
142 88 301
142 87 307
141 87 311
141 86 316
140 86 318
140 85 321
139 85 323
139 84 323
138 84 324
138 83 322
138 82 322
137 82 319
136 82 317
135 82 318
134 81 310
134 80 301
134 79 293
134 78 286
133 78 280
133 77 273
133 76 267
132 76 259
132 75 253
131 75 245
130 75 240
129 75 237
128 75 235
127 75 233
126 75 233
125 75 233
124 75 234
123 75 234
122 75 235
120 75 236
119 75 236
118 75 235
117 75 235
116 75 235
115 75 234
114 75 234
113 75 234
112 75 235
111 75 236
111 76 235
110 76 235
109 76 235
109 77 233
108 77 231
107 77 230
106 77 229
105 77 229
104 77 230
103 77 230
102 77 231
101 77 232
100 77 233
99 77 234
98 77 234
97 77 233
62 69 256
63 69 245
64 69 234
65 69 222
66 69 211
67 69 201
68 69 191
69 69 183
70 69 176
71 69 171
72 69 168
72 70 167
73 70 164
74 70 164
74 71 162
75 71 163
75 72 163
76 72 164
77 72 166
77 73 166
78 73 169
78 74 170
79 74 172
79 75 175
80 75 176
81 75 179
81 76 180
82 76 182
82 77 183
83 77 184
84 77 186
85 77 189
86 77 192
87 77 197
88 77 202
89 77 207
90 77 212
91 77 217
92 77 221
93 77 225
94 77 228
95 77 231
61 68 254
61 67 247
61 66 246
61 65 251
60 65 256
59 65 261
58 65 265
57 65 268
56 65 271
55 65 274
54 65 276
53 65 278
52 65 280
51 65 282
50 65 284
50 64 290
50 63 303
50 62 321
22 106 269
22 105 273
22 104 276
22 103 279
22 102 281
22 101 283
22 100 284
22 99 283
22 98 282
22 97 280
22 96 276
22 95 272
22 94 268
22 93 262
22 92 256
23 91 270
23 90 264
23 89 257
23 88 251
23 87 246
23 86 241
23 85 238
23 84 237
23 83 237
23 82 240
23 81 245
23 80 253
24 80 259
24 79 267
24 78 278
24 77 291
25 76 306
26 76 305
27 76 306
28 76 309
29 76 314
29 75 319
30 75 322
30 74 327
31 74 329
32 74 332
32 73 333
33 73 334
33 72 336
34 72 335
35 72 335
35 71 335
36 71 333
37 71 332
37 70 330
38 69 326
39 69 322
40 69 318
41 69 316
41 68 313
42 68 309
43 68 306
43 67 303
44 67 299
45 67 296
46 67 294
47 67 292
47 66 289
48 66 287
49 66 285
50 66 283
10 114 227
10 113 225
10 112 224
10 111 223
10 110 222
10 109 222
10 108 222
10 107 223
11 107 224
12 107 226
13 107 228
14 107 231
15 107 235
16 107 239
17 107 242
18 107 246
19 107 251
20 107 255
21 107 260
10 116 232
10 117 234
10 118 237
10 119 239
10 120 242
10 121 244
10 122 245
10 123 247
10 124 247
10 125 248
10 126 248
10 127 248
10 128 247
10 129 246
10 131 244
10 132 242
10 133 241
10 134 240
10 135 238
10 136 237
10 137 236
10 138 235
10 139 234
10 140 233
10 141 232
10 142 231
10 143 231
10 144 230
10 145 230
10 146 229
10 147 228
10 148 227
10 149 226
10 150 224
10 151 222
10 152 220
10 153 218
10 154 216
10 155 213
10 156 210
10 157 207
10 158 205
10 159 202
10 160 200
10 161 198
10 162 196
10 163 195
10 164 195
10 165 195
10 166 195
10 167 196
10 168 198
10 169 200
10 170 202
10 171 204
10 172 206
10 173 208
10 174 209
10 175 210
10 176 210
10 177 209
10 178 207
10 179 204
10 180 200
10 181 195
10 182 189
10 183 183
10 184 176
10 185 168
10 186 161
10 187 155
10 188 150
10 189 146
10 190 144
10 191 145
10 192 148
10 193 155
9 193 165
9 194 176
9 195 191
8 195 209
8 196 229
7 196 253
6 196 282
121 74 224
121 73 216
121 72 211
121 71 208
122 71 205
123 71 202
123 70 201
124 70 198
125 70 197
125 69 196
126 69 196
126 68 196
127 68 197
127 67 198
127 66 200
128 66 202
128 65 204
128 64 206
128 63 208
128 62 210
128 61 211
128 60 212
129 60 212
129 59 211
129 58 209
129 57 206
129 56 203
129 55 198
129 54 193
129 53 187
129 52 181
129 51 174
129 50 168
129 49 162
129 48 156
130 48 151
130 47 147
130 46 144
130 45 142
131 45 143
131 44 144
131 43 147
131 42 153
132 42 160
132 41 169
132 40 181
133 40 194
134 40 213
135 40 238
136 40 268
137 40 302
164 9 527
163 9 531
163 9 482
162 9 532
162 9 482
161 9 529
161 9 482
160 9 523
160 9 482
159 9 514
159 9 482
158 9 503
157 9 490
156 9 474
155 9 458
154 9 441
153 9 423
152 9 406
151 9 389
150 9 373
149 9 360
148 9 348
147 9 339
146 9 332
145 9 330
144 9 330
143 9 334
142 9 343
142 10 349
141 10 358
141 11 367
140 11 378
140 12 388
139 13 411
139 14 425
139 15 440
139 16 458
139 17 476
139 17 482
139 18 494
139 18 482
139 19 513
139 19 482
139 20 530
139 20 482
139 21 545
139 21 482
139 22 558
139 22 482
139 23 569
139 23 482
139 24 576
139 24 482
139 25 581
139 25 482
138 26 558
138 27 553
138 28 545
138 29 534
138 30 521
138 31 505
138 32 487
138 33 468
138 34 449
138 35 428
138 36 409
138 37 390
138 38 372
138 39 355
166 9 510
167 9 496
168 9 480
169 9 460
170 9 438
171 9 415
172 9 389
173 9 363
174 9 336
175 9 308
176 9 281
177 9 255
178 9 231
178 10 245
178 11 262
178 12 281
178 13 303
178 14 326
147 103 301
148 103 273
149 103 249
150 103 229
151 103 213
152 103 201
153 103 193
154 103 190
155 103 191
156 103 196
156 104 203
157 104 210
157 105 217
158 105 226
158 106 232
158 107 241
159 107 247
159 108 254
160 108 261
160 109 265
160 110 270
160 111 274
160 113 283
160 114 287
160 115 289
160 116 291
160 117 291
160 118 291
160 119 289
160 120 287
160 121 283
160 122 279
160 123 274
160 124 270
160 125 265
160 127 256
160 128 253
160 129 251
160 130 251
160 131 252
160 132 256
160 133 261
160 134 269
160 135 280
160 136 292
160 137 307
160 138 324
160 139 343
161 126 226
162 126 196
163 126 172
164 126 152
165 126 138
166 126 129
167 126 127
168 126 129
168 125 137
169 125 146
169 124 156
169 123 169
170 123 183
170 122 199
170 121 216
171 121 237
172 121 263
173 121 293
107 198 339
107 197 314
106 197 289
106 196 267
105 196 247
105 195 228
104 195 212
104 194 196
104 193 183
103 193 171
103 192 161
103 191 154
102 191 146
102 190 141
102 189 137
101 189 135
101 188 132
101 187 131
101 186 131
101 185 132
100 185 133
100 184 133
100 183 133
100 182 134
100 181 134
100 180 135
100 179 135
100 178 136
100 177 137
99 177 139
99 176 140
99 175 142
99 174 146
99 173 152
98 173 157
98 172 165
98 171 175
97 171 185
97 170 198
97 169 213
96 169 228
96 168 247
95 168 267
95 167 288
94 167 313
94 166 337
