10 109 16
10 109 6
26 62 16
199 16 16
199 16 6
199 16 6
199 16 6
60 30 16
60 30 6
60 30 6
0 176 16
100 72 16
100 72 6
71 116 16
38 56 16
48 37 16
48 37 6
26 49 16
26 49 6
26 49 6
61 43 16
61 43 6
61 43 6
61 43 6
61 43 6
61 43 6
61 43 6
61 43 6
61 43 6
61 43 6
61 43 6
61 43 6
61 43 6
61 43 6
61 43 6
61 43 6
61 43 6
61 43 6
61 43 6
61 43 6
61 43 6
61 43 6
61 43 6
61 43 6
61 43 6
61 43 6
61 43 6
61 43 6
61 43 6
61 43 6
61 43 6
61 43 6
61 43 6
61 43 6
61 43 6
48 24 16
0 102 16
0 102 6
0 102 6
0 102 6
0 102 6
0 102 6
0 102 6
0 102 6
0 102 6
0 102 6
0 102 6
0 102 6
0 102 6
0 102 6
0 102 6
0 102 6
0 102 6
0 102 6
0 102 6
0 102 6
0 102 6
0 102 6
0 102 6
0 102 6
0 102 6
0 102 6
0 102 6
0 102 6
0 102 6
0 102 6
0 102 6
0 102 6
0 102 6
0 102 6
0 102 6
0 102 6
0 102 6
0 102 6
0 102 6
0 102 6
0 102 6
0 102 6
100 59 16
113 65 16
0 117 16
59 109 16
59 109 6
59 109 6
59 109 6
59 109 6
59 109 6
59 109 6
59 109 6
59 109 6
72 101 16
72 101 6
72 101 6
72 101 6
72 101 6
72 101 6
72 101 6
72 101 6
72 101 6
12 169 16
13 183 16
187 9 16
187 9 6
187 9 6
187 9 6
187 9 6
187 9 6
187 9 6
187 9 6
187 9 6
187 9 6
187 9 6
187 9 6
187 9 6
187 9 6
187 9 6
187 9 6
187 9 6
187 9 6
187 9 6
187 9 6
187 9 6
187 9 6
187 9 6
187 9 6
187 9 6
187 9 6
187 9 6
187 9 6
187 9 6
187 9 6
187 9 6
187 9 6
187 9 6
187 9 6
187 9 6
187 9 6
187 9 6
187 9 6
187 9 6
187 9 6
187 9 6
187 9 6
187 9 6
187 9 6
187 9 6
187 23 16
187 23 6
187 23 6
187 23 6
187 23 6
187 23 6
187 23 6
187 23 6
187 23 6
187 23 6
187 23 6
187 23 6
187 23 6
187 23 6
187 23 6
187 23 6
187 23 6
187 23 6
187 23 6
37 43 16
9 124 16
9 124 6
9 124 6
9 124 6
9 124 6
9 124 6
9 124 6
9 124 6
9 124 6
199 31 16
199 31 6
199 31 6
199 31 6
199 31 6
199 31 6
199 31 6
199 31 6
199 31 6
199 31 6
199 31 6
199 31 6
199 31 6
199 31 6
199 31 6
199 31 6
199 31 6
199 31 6
199 31 6
199 31 6
199 31 6
199 31 6
199 31 6
199 31 6
199 31 6
199 31 6
199 31 6
199 31 6
199 31 6
199 31 6
199 31 6
199 31 6
199 31 6
199 31 6
199 31 6
199 31 6
199 31 6
199 31 6
199 31 6
199 31 6
199 31 6
199 31 6
199 31 6
199 31 6
199 31 6
199 31 6
199 31 6
199 31 6
199 31 6
199 31 6
199 31 6
199 31 6
199 31 6
199 31 6
199 31 6
199 31 6
199 31 6
199 31 6
199 31 6
199 31 6
113 52 16
113 52 6
113 52 6
113 52 6
113 52 6
24 176 16
24 176 6
24 176 6
24 176 6
84 109 16
84 109 6
84 109 6
84 109 6
84 109 6
84 109 6
84 109 6
84 109 6
84 109 6
84 109 6
84 109 6
84 109 6
84 109 6
84 109 6
84 109 6
84 109 6
84 109 6
84 109 6
84 109 6
84 109 6
84 109 6
84 109 6
84 109 6
84 109 6
84 109 6
84 109 6
84 109 6
84 109 6
84 109 6
84 109 6
84 109 6
84 109 6
84 109 6
84 109 6
84 109 6
84 109 6
84 109 6
84 109 6
84 109 6
84 109 6
84 109 6
84 109 6
84 109 6
84 109 6
84 109 6
84 109 6
84 109 6
84 109 6
84 109 6
84 109 6
84 109 6
84 109 6
84 109 6
84 109 6
84 109 6
84 109 6
84 109 6
21 116 16
21 116 6
21 116 6
21 116 6
21 116 6
21 116 6
21 116 6
21 116 6
21 116 6
21 116 6
21 116 6
21 116 6
21 116 6
21 116 6
21 116 6
21 116 6
21 116 6
21 116 6
21 116 6
21 116 6
21 116 6
21 116 6
21 116 6
21 116 6
21 116 6
199 2 16
199 2 6
199 2 6
199 2 6
199 2 6
199 2 6
199 2 6
199 2 6
199 2 6
199 2 6
199 2 6
199 2 6
199 2 6
199 2 6
199 2 6
199 2 6
199 2 6
199 2 6
199 2 6
199 2 6
199 2 6
199 2 6
199 2 6
199 2 6
199 2 6
199 2 6
199 2 6
199 2 6
199 2 6
199 2 6
199 2 6
199 2 6
199 2 6
199 2 6
199 2 6
199 2 6
199 2 6
199 2 6
199 2 6
199 2 6
199 2 6
199 2 6
199 2 6
199 2 6
199 2 6
199 2 6
199 2 6
199 2 6
199 2 6
199 2 6
199 2 6
199 2 6
199 2 6
199 2 6
199 2 6
199 2 6
199 2 6
58 124 16
58 124 6
58 124 6
58 124 6
58 124 6
58 124 6
58 124 6
58 124 6
58 124 6
58 124 6
58 124 6
58 124 6
58 124 6
58 124 6
58 124 6
58 124 6
58 124 6
58 124 6
58 124 6
58 124 6
58 124 6
58 124 6
58 124 6
58 124 6
58 124 6
58 124 6
58 124 6
58 124 6
58 124 6
58 124 6
58 124 6
58 124 6
58 124 6
58 124 6
58 124 6
58 124 6
58 124 6
58 124 6
58 124 6
58 124 6
58 124 6
58 124 6
58 124 6
58 124 6
58 124 6
58 124 6
58 124 6
58 124 6
58 124 6
58 124 6
58 124 6
58 124 6
58 124 6
58 124 6
58 124 6
58 124 6
58 124 6
58 124 6
58 124 6
58 124 6
58 124 6
58 124 6
58 124 6
87 66 16
87 66 6
87 66 6
87 66 6
87 66 6
87 66 6
87 66 6
87 66 6
87 66 6
87 66 6
87 66 6
87 66 6
87 66 6
87 66 6
87 66 6
87 66 6
86 79 16
86 79 6
86 79 6
86 79 6
86 79 6
86 79 6
86 79 6
86 79 6
86 79 6
86 79 6
86 79 6
86 79 6
86 79 6
86 79 6
86 79 6
86 79 6
86 79 6
86 79 6
86 79 6
86 79 6
86 79 6
86 79 6
86 79 6
86 79 6
86 79 6
86 79 6
86 79 6
86 79 6
86 79 6
86 79 6
86 79 6
86 79 6
86 79 6
86 79 6
86 79 6
86 79 6
86 79 6
86 79 6
86 79 6
86 79 6
86 79 6
86 79 6
86 79 6
86 79 6
86 79 6
86 79 6
126 59 16
125 45 16
125 45 6
125 45 6
125 45 6
125 45 6
125 45 6
125 45 6
125 45 6
125 45 6
125 45 6
125 45 6
125 45 6
125 45 6
125 45 6
125 45 6
125 45 6
125 45 6
125 45 6
125 45 6
125 45 6
125 45 6
125 45 6
125 45 6
125 45 6
125 45 6
125 45 6
125 45 6
125 45 6
125 45 6
125 45 6
125 45 6
125 45 6
125 45 6
125 45 6
125 45 6
125 45 6
125 45 6
125 45 6
125 45 6
125 45 6
125 45 6
125 45 6
125 45 6
125 45 6
125 45 6
125 45 6
0 161 16
25 191 16
25 191 6
25 191 6
25 191 6
25 191 6
25 191 6
25 191 6
25 191 6
25 191 6
25 191 6
25 191 6
25 191 6
25 191 6
25 191 6
25 191 6
25 191 6
25 191 6
25 191 6
25 191 6
25 191 6
25 191 6
25 191 6
25 191 6
25 191 6
25 191 6
25 191 6
25 191 6
25 191 6
25 191 6
25 191 6
25 191 6
25 191 6
25 191 6
25 191 6
25 191 6
25 191 6
25 191 6
25 191 6
25 191 6
25 191 6
25 191 6
25 191 6
25 191 6
25 191 6
25 191 6
25 191 6
25 191 6
25 191 6
25 191 6
25 191 6
25 191 6
25 191 6
25 191 6
25 191 6
25 191 6
25 191 6
25 191 6
25 191 6
25 191 6
25 191 6
25 191 6
25 191 6
59 17 16
59 17 6
59 17 6
59 17 6
0 146 16
0 146 6
0 146 6
0 146 6
0 146 6
0 146 6
0 146 6
0 131 16
0 131 6
0 131 6
0 131 6
60 94 16
60 94 6
60 94 6
60 94 6
60 94 6
60 94 6
60 94 6
60 94 6
60 94 6
60 94 6
60 94 6
60 94 6
60 94 6
60 94 6
60 94 6
60 94 6
60 94 6
60 94 6
60 94 6
60 94 6
60 94 6
60 94 6
60 94 6
60 94 6
60 94 6
60 94 6
60 94 6
60 94 6
60 94 6
60 94 6
60 94 6
60 94 6
60 94 6
60 94 6
60 94 6
60 94 6
60 94 6
60 94 6
60 94 6
60 94 6
60 94 6
174 17 16
174 17 6
174 17 6
174 17 6
174 17 6
174 17 6
174 17 6
174 17 6
174 17 6
174 17 6
174 17 6
174 17 6
174 17 6
174 17 6
174 17 6
174 17 6
174 17 6
174 17 6
174 17 6
174 17 6
174 17 6
174 17 6
174 17 6
174 31 16
174 31 6
174 31 6
174 31 6
174 31 6
174 31 6
174 31 6
174 31 6
174 31 6
174 31 6
174 31 6
174 31 6
174 31 6
174 31 6
174 31 6
174 31 6
174 31 6
174 31 6
174 31 6
174 31 6
174 31 6
174 31 6
174 31 6
174 31 6
174 31 6
174 31 6
174 31 6
174 31 6
174 31 6
174 31 6
174 31 6
174 31 6
174 31 6
174 31 6
174 31 6
174 31 6
174 31 6
174 31 6
174 31 6
174 31 6
174 31 6
174 31 6
174 31 6
174 31 6
174 31 6
174 31 6
174 31 6
174 31 6
174 31 6
174 31 6
174 31 6
174 31 6
174 31 6
174 31 6
174 31 6
174 31 6
174 31 6
174 31 6
174 31 6
174 31 6
174 31 6
174 31 6
174 31 6
125 73 16
138 66 16
138 66 6
138 81 16
138 81 6
138 81 6
138 81 6
138 81 6
138 81 6
138 81 6
138 81 6
138 81 6
138 81 6
138 81 6
138 81 6
138 81 6
138 81 6
138 81 6
138 81 6
138 81 6
138 81 6
138 81 6
138 81 6
138 81 6
138 81 6
138 81 6
138 81 6
138 81 6
138 81 6
138 81 6
138 81 6
138 81 6
138 81 6
138 81 6
138 81 6
138 81 6
138 81 6
138 81 6
138 81 6
138 81 6
138 81 6
138 81 6
138 81 6
138 81 6
138 81 6
138 81 6
138 81 6
138 81 6
138 81 6
138 81 6
138 81 6
138 81 6
138 81 6
138 81 6
138 81 6
138 81 6
138 81 6
138 81 6
138 81 6
138 81 6
138 81 6
162 24 16
162 24 6
162 24 6
162 24 6
162 24 6
162 24 6
162 24 6
162 24 6
162 24 6
162 24 6
162 24 6
162 24 6
162 24 6
162 24 6
162 24 6
162 24 6
162 24 6
162 24 6
162 24 6
162 24 6
162 24 6
162 24 6
162 24 6
162 24 6
162 24 6
162 24 6
162 24 6
162 24 6
162 24 6
162 24 6
162 24 6
162 24 6
162 24 6
162 24 6
162 24 6
162 24 6
162 24 6
162 24 6
162 24 6
162 24 6
162 24 6
162 24 6
162 24 6
162 24 6
162 24 6
162 24 6
162 24 6
162 24 6
162 24 6
162 24 6
162 24 6
162 24 6
162 24 6
162 24 6
162 24 6
162 24 6
162 24 6
162 24 6
162 24 6
162 24 6
162 24 6
162 24 6
162 24 6
162 24 6
162 24 6
162 24 6
162 24 6
162 24 6
162 24 6
47 102 16
47 102 6
47 102 6
47 102 6
47 102 6
47 102 6
47 102 6
47 102 6
47 102 6
47 102 6
47 102 6
47 102 6
47 102 6
47 102 6
47 102 6
47 102 6
47 102 6
47 102 6
47 102 6
47 102 6
47 102 6
47 102 6
47 102 6
47 102 6
47 102 6
47 102 6
47 102 6
47 102 6
47 102 6
47 102 6
47 102 6
47 102 6
47 102 6
47 102 6
47 102 6
47 102 6
47 102 6
47 102 6
47 102 6
47 102 6
47 102 6
47 102 6
47 102 6
47 102 6
47 102 6
47 102 6
47 102 6
47 102 6
47 102 6
47 102 6
47 102 6
47 102 6
47 102 6
47 102 6
47 102 6
47 102 6
47 102 6
47 102 6
47 102 6
47 102 6
47 102 6
47 102 6
47 102 6
47 102 6
47 102 6
47 102 6
47 102 6
47 102 6
47 102 6
47 102 6
47 102 6
47 102 6
47 102 6
47 102 6
47 102 6
47 102 6
47 102 6
47 102 6
47 102 6
47 102 6
47 102 6
113 79 16
37 68 16
37 68 6
37 68 6
37 68 6
37 68 6
37 68 6
37 68 6
37 68 6
37 68 6
37 68 6
37 68 6
37 68 6
37 68 6
37 68 6
37 68 6
37 68 6
37 68 6
37 68 6
37 68 6
37 68 6
37 68 6
37 68 6
37 68 6
37 68 6
37 68 6
37 68 6
84 124 16
71 132 16
84 140 16
72 147 16
87 53 16
87 53 6
87 53 6
87 53 6
87 53 6
87 53 6
87 53 6
87 53 6
87 53 6
87 53 6
87 53 6
87 53 6
87 53 6
87 53 6
87 53 6
87 53 6
87 53 6
87 53 6
87 53 6
87 53 6
87 53 6
87 53 6
87 53 6
87 53 6
87 53 6
87 53 6
87 53 6
87 53 6
87 53 6
87 53 6
87 53 6
87 53 6
87 53 6
87 53 6
87 53 6
87 53 6
36 30 16
25 36 16
25 36 6
25 36 6
25 36 6
25 36 6
25 36 6
25 36 6
25 36 6
25 36 6
25 36 6
25 36 6
25 36 6
25 36 6
25 36 6
25 36 6
25 36 6
25 36 6
25 36 6
25 36 6
25 36 6
25 36 6
25 36 6
25 36 6
25 36 6
25 36 6
25 36 6
25 36 6
25 36 6
25 36 6
25 36 6
25 36 6
72 23 16
72 23 6
72 23 6
72 23 6
72 23 6
72 23 6
72 23 6
72 23 6
72 23 6
72 23 6
72 23 6
72 23 6
72 23 6
72 23 6
72 23 6
72 23 6
72 23 6
72 23 6
72 23 6
72 23 6
72 23 6
72 23 6
72 23 6
72 23 6
72 23 6
72 23 6
72 23 6
72 23 6
72 23 6
72 23 6
72 23 6
72 23 6
72 23 6
72 23 6
72 23 6
72 23 6
72 23 6
72 23 6
72 23 6
72 23 6
72 23 6
72 23 6
72 23 6
72 23 6
72 23 6
72 23 6
72 23 6
72 23 6
72 23 6
72 23 6
162 10 16
162 0 16
162 0 6
162 0 6
162 0 6
162 0 6
162 0 6
162 0 6
162 0 6
162 0 6
162 0 6
162 0 6
162 0 6
162 0 6
162 0 6
162 0 6
162 0 6
162 0 6
162 0 6
162 0 6
149 4 16
149 4 6
99 46 16
99 46 6
99 46 6
99 46 6
99 46 6
99 46 6
99 46 6
99 46 6
99 46 6
99 46 6
99 46 6
99 46 6
99 46 6
99 46 6
99 46 6
99 46 6
99 46 6
99 46 6
99 46 6
99 46 6
99 46 6
99 46 6
99 46 6
99 46 6
99 46 6
99 46 6
85 155 16
72 162 16
72 162 6
14 55 16
14 55 6
14 55 6
14 55 6
14 55 6
14 55 6
14 55 6
14 55 6
14 55 6
14 55 6
10 139 16
10 139 6
10 139 6
10 139 6
10 139 6
10 139 6
10 139 6
10 139 6
10 139 6
10 139 6
10 139 6
10 139 6
10 139 6
10 139 6
10 139 6
10 139 6
10 139 6
10 139 6
10 139 6
10 139 6
10 139 6
10 139 6
10 139 6
10 139 6
10 139 6
10 139 6
10 139 6
10 139 6
10 139 6
10 139 6
10 139 6
10 139 6
10 139 6
10 139 6
10 139 6
10 139 6
10 139 6
10 139 6
10 139 6
10 139 6
10 139 6
10 139 6
149 18 16
149 18 6
149 18 6
149 18 6
137 12 16
137 12 6
137 12 6
137 12 6
137 12 6
137 12 6
137 12 6
137 12 6
137 12 6
137 12 6
137 12 6
137 12 6
137 12 6
137 12 6
137 12 6
137 12 6
137 12 6
137 12 6
137 12 6
137 12 6
137 12 6
137 12 6
137 12 6
137 12 6
137 12 6
137 12 6
137 12 6
137 12 6
137 12 6
137 12 6
137 12 6
137 12 6
137 12 6
137 12 6
137 12 6
137 12 6
137 12 6
137 12 6
137 12 6
137 12 6
137 12 6
137 12 6
137 12 6
137 12 6
137 12 6
137 12 6
137 12 6
137 12 6
137 12 6
137 12 6
137 12 6
137 12 6
85 170 16
85 170 6
85 170 6
85 170 6
85 170 6
85 170 6
85 170 6
85 170 6
85 170 6
85 170 6
85 170 6
85 170 6
85 170 6
85 170 6
85 170 6
85 170 6
85 170 6
85 170 6
85 170 6
85 170 6
85 170 6
85 170 6
85 170 6
85 170 6
85 170 6
85 170 6
85 170 6
85 170 6
85 170 6
85 170 6
85 170 6
85 170 6
85 170 6
85 170 6
85 170 6
85 170 6
85 170 6
85 170 6
85 170 6
85 170 6
85 170 6
85 170 6
85 170 6
85 170 6
85 170 6
85 170 6
85 170 6
85 170 6
85 170 6
85 170 6
85 170 6
85 170 6
85 170 6
85 170 6
85 170 6
85 170 6
85 170 6
85 170 6
85 170 6
85 170 6
85 170 6
85 170 6
85 170 6
85 170 6
85 170 6
50 62 16
50 62 6
50 62 6
50 62 6
50 62 6
50 62 6
50 62 6
50 62 6
50 62 6
50 62 6
50 62 6
50 62 6
50 62 6
50 62 6
50 62 6
50 62 6
50 62 6
50 62 6
50 62 6
50 62 6
50 62 6
50 62 6
50 62 6
50 62 6
50 62 6
50 62 6
50 62 6
50 62 6
50 62 6
50 62 6
50 62 6
50 62 6
50 62 6
50 62 6
50 62 6
50 62 6
50 62 6
50 62 6
50 62 6
50 62 6
50 62 6
50 62 6
50 62 6
50 62 6
50 62 6
50 62 6
50 62 6
50 62 6
50 62 6
50 62 6
50 62 6
50 62 6
50 62 6
50 62 6
50 62 6
50 62 6
50 62 6
50 62 6
50 62 6
50 62 6
50 62 6
50 62 6
50 62 6
50 62 6
50 62 6
50 62 6
50 62 6
50 62 6
50 62 6
50 62 6
138 52 16
138 52 6
138 52 6
138 52 6
138 52 6
150 60 16
150 46 16
150 46 6
150 46 6
150 46 6
150 46 6
150 46 6
150 46 6
150 46 6
150 46 6
150 46 6
150 46 6
150 46 6
150 46 6
150 46 6
150 46 6
150 46 6
150 46 6
150 46 6
150 46 6
150 46 6
150 46 6
36 17 16
47 10 16
47 10 6
35 2 16
35 2 6
35 2 6
59 154 16
59 154 6
59 154 6
59 154 6
59 154 6
59 154 6
59 154 6
59 154 6
59 154 6
59 154 6
59 154 6
59 154 6
59 154 6
60 169 16
60 169 6
60 169 6
60 169 6
60 169 6
60 169 6
60 169 6
60 169 6
60 169 6
60 169 6
60 169 6
60 169 6
60 169 6
60 169 6
60 169 6
60 169 6
60 169 6
60 169 6
60 169 6
60 169 6
60 169 6
60 169 6
60 169 6
60 169 6
60 169 6
60 169 6
60 169 6
60 169 6
60 169 6
60 169 6
60 169 6
60 169 6
60 169 6
60 169 6
60 169 6
60 169 6
60 169 6
60 169 6
60 169 6
60 169 6
60 169 6
60 169 6
60 169 6
60 169 6
60 169 6
60 169 6
60 169 6
60 169 6
60 169 6
60 169 6
60 169 6
60 169 6
60 169 6
60 169 6
60 169 6
60 169 6
60 169 6
60 169 6
60 169 6
60 169 6
59 139 16
59 139 6
59 139 6
59 139 6
59 139 6
59 139 6
59 139 6
59 139 6
59 139 6
59 139 6
59 139 6
59 139 6
59 139 6
59 139 6
59 139 6
59 139 6
59 139 6
59 139 6
59 139 6
59 139 6
59 139 6
59 139 6
59 139 6
59 139 6
59 139 6
59 139 6
59 139 6
59 139 6
59 139 6
59 139 6
59 139 6
59 139 6
59 139 6
59 139 6
59 139 6
59 139 6
59 139 6
24 9 16
24 9 6
24 9 6
24 9 6
24 9 6
24 9 6
0 191 16
23 161 16
23 161 6
23 161 6
23 161 6
23 161 6
23 161 6
23 161 6
23 161 6
23 161 6
23 161 6
23 161 6
23 161 6
23 161 6
23 161 6
23 161 6
23 161 6
23 161 6
23 161 6
23 161 6
23 161 6
23 161 6
23 161 6
23 161 6
23 161 6
23 161 6
23 161 6
23 161 6
23 161 6
23 161 6
23 161 6
23 161 6
23 161 6
23 161 6
23 161 6
23 161 6
23 161 6
23 161 6
23 161 6
23 161 6
23 161 6
23 161 6
23 161 6
23 161 6
23 161 6
174 3 16
174 3 6
174 3 6
174 3 6
174 3 6
174 3 6
174 3 6
174 3 6
174 3 6
174 3 6
174 3 6
174 3 6
174 3 6
174 3 6
174 3 6
174 3 6
174 3 6
174 3 6
174 3 6
174 3 6
174 3 6
174 3 6
174 3 6
174 3 6
174 3 6
174 3 6
174 3 6
174 3 6
174 3 6
174 3 6
174 3 6
174 3 6
174 3 6
174 3 6
174 3 6
174 3 6
174 3 6
174 3 6
174 3 6
174 3 6
174 3 6
174 3 6
174 3 6
174 3 6
174 3 6
174 3 6
174 3 6
174 3 6
174 3 6
174 3 6
174 3 6
174 3 6
174 3 6
174 3 6
174 3 6
174 3 6
174 3 6
174 3 6
174 3 6
174 3 6
36 169 16
36 169 6
36 169 6
36 169 6
36 169 6
36 169 6
36 169 6
36 169 6
36 169 6
36 169 6
36 169 6
36 169 6
36 169 6
36 169 6
36 169 6
36 169 6
36 169 6
36 169 6
36 169 6
36 169 6
36 169 6
36 169 6
36 169 6
36 169 6
36 169 6
36 169 6
36 169 6
36 169 6
36 169 6
36 169 6
36 169 6
36 169 6
36 169 6
36 169 6
36 169 6
36 169 6
36 169 6
36 169 6
36 169 6
36 169 6
36 169 6
36 169 6
36 169 6
36 169 6
36 169 6
36 169 6
36 169 6
36 169 6
36 169 6
36 169 6
36 169 6
36 169 6
36 169 6
36 169 6
36 169 6
36 169 6
36 169 6
36 169 6
36 169 6
36 169 6
36 169 6
36 169 6
36 169 6
36 169 6
97 147 16
97 147 6
97 147 6
97 147 6
97 147 6
97 147 6
97 147 6
97 147 6
97 147 6
97 132 16
97 132 6
97 132 6
11 154 16
11 154 6
11 154 6
11 154 6
11 154 6
11 154 6
11 154 6
11 154 6
11 154 6
11 154 6
11 154 6
11 154 6
11 154 6
11 154 6
11 154 6
11 154 6
11 154 6
11 154 6
11 154 6
11 154 6
11 154 6
11 154 6
11 154 6
11 154 6
59 2 16
59 2 6
59 2 6
59 2 6
59 2 6
59 2 6
59 2 6
59 2 6
59 2 6
59 2 6
59 2 6
59 2 6
59 2 6
59 2 6
59 2 6
59 2 6
59 2 6
59 2 6
59 2 6
59 2 6
59 2 6
59 2 6
59 2 6
59 2 6
59 2 6
59 2 6
59 2 6
59 2 6
59 2 6
59 2 6
59 2 6
59 2 6
59 2 6
59 2 6
59 2 6
59 2 6
59 2 6
59 2 6
59 2 6
59 2 6
59 2 6
59 2 6
59 2 6
59 2 6
59 2 6
59 2 6
59 2 6
59 2 6
59 2 6
59 2 6
59 2 6
59 2 6
59 2 6
59 2 6
59 2 6
59 2 6
59 2 6
59 2 6
59 2 6
59 2 6
59 2 6
59 2 6
59 2 6
162 53 16
162 53 6
162 53 6
162 53 6
162 53 6
162 53 6
162 53 6
162 53 6
162 53 6
162 53 6
162 53 6
162 53 6
162 53 6
162 53 6
162 53 6
162 53 6
162 53 6
162 53 6
162 53 6
162 53 6
162 53 6
162 53 6
162 53 6
162 53 6
162 53 6
162 53 6
162 53 6
162 53 6
162 53 6
175 46 16
175 46 6
175 46 6
175 46 6
175 46 6
175 46 6
24 23 16
24 23 6
24 23 6
24 23 6
24 23 6
24 23 6
24 23 6
24 23 6
24 23 6
24 23 6
24 23 6
24 23 6
24 23 6
24 23 6
24 23 6
24 23 6
24 23 6
11 95 16
11 95 6
11 95 6
11 95 6
11 95 6
11 95 6
11 95 6
11 95 6
11 95 6
11 95 6
11 95 6
11 95 6
11 95 6
11 95 6
11 95 6
11 95 6
11 95 6
11 95 6
11 95 6
11 95 6
11 95 6
11 95 6
11 95 6
11 95 6
11 95 6
11 95 6
11 95 6
11 95 6
11 95 6
11 95 6
11 95 6
11 95 6
11 95 6
11 95 6
11 95 6
11 95 6
11 95 6
11 95 6
11 95 6
11 95 6
11 95 6
11 95 6
11 95 6
11 95 6
11 95 6
11 95 6
11 95 6
11 95 6
11 95 6
11 95 6
11 95 6
11 95 6
11 95 6
11 95 6
11 95 6
97 117 16
97 117 6
97 117 6
97 117 6
97 117 6
97 117 6
97 117 6
97 117 6
97 117 6
97 117 6
97 117 6
97 117 6
97 117 6
97 117 6
97 117 6
97 117 6
97 117 6
97 117 6
97 117 6
97 117 6
97 117 6
97 117 6
97 117 6
97 117 6
97 117 6
97 117 6
97 117 6
97 117 6
97 117 6
97 117 6
97 117 6
97 117 6
97 117 6
97 117 6
97 117 6
97 117 6
97 117 6
97 117 6
97 117 6
97 117 6
97 117 6
97 117 6
97 117 6
97 117 6
97 117 6
97 117 6
97 117 6
97 117 6
97 117 6
97 117 6
97 117 6
97 117 6
97 117 6
97 117 6
97 117 6
97 117 6
97 117 6
97 117 6
97 117 6
97 117 6
97 117 6
97 117 6
97 117 6
97 117 6
97 117 6
97 117 6
97 117 6
110 140 16
110 140 6
110 140 6
110 140 6
110 140 6
110 140 6
110 140 6
110 140 6
110 140 6
110 140 6
12 15 16
12 15 6
12 15 6
12 15 6
12 15 6
12 15 6
12 15 6
12 15 6
12 15 6
12 15 6
12 15 6
12 15 6
12 15 6
12 15 6
12 15 6
12 15 6
12 15 6
12 15 6
12 15 6
12 15 6
12 15 6
12 15 6
12 15 6
12 15 6
12 15 6
12 15 6
12 15 6
12 15 6
12 15 6
12 15 6
12 15 6
12 15 6
12 15 6
12 15 6
12 15 6
12 15 6
12 15 6
12 15 6
12 15 6
12 15 6
12 15 6
12 15 6
12 15 6
12 15 6
12 15 6
12 15 6
12 15 6
12 15 6
12 15 6
12 15 6
12 15 6
12 15 6
12 15 6
12 15 6
12 15 6
12 15 6
12 15 6
12 15 6
12 15 6
12 15 6
12 15 6
12 15 6
12 15 6
12 15 6
12 15 6
12 15 6
12 15 6
12 15 6
12 15 6
12 15 6
12 15 6
12 15 6
12 15 6
22 102 16
22 102 6
22 102 6
22 102 6
22 102 6
22 102 6
22 102 6
22 102 6
22 102 6
22 102 6
22 102 6
22 102 6
22 102 6
22 102 6
22 102 6
22 102 6
22 102 6
22 102 6
22 102 6
22 102 6
22 102 6
22 102 6
22 102 6
22 102 6
22 102 6
22 102 6
22 102 6
22 102 6
22 102 6
22 102 6
22 102 6
22 102 6
22 102 6
22 102 6
22 102 6
22 102 6
22 102 6
22 102 6
22 102 6
22 102 6
22 102 6
22 102 6
22 102 6
22 102 6
22 102 6
22 102 6
22 102 6
22 102 6
22 102 6
22 102 6
22 102 6
22 102 6
22 102 6
22 102 6
22 102 6
22 102 6
22 102 6
22 102 6
22 102 6
22 102 6
22 102 6
22 102 6
22 102 6
22 102 6
13 68 16
12 81 16
12 81 6
12 81 6
12 81 6
12 81 6
12 81 6
12 81 6
111 155 16
111 155 6
111 155 6
111 155 6
111 155 6
111 155 6
111 155 6
111 155 6
111 155 6
111 155 6
111 155 6
111 155 6
111 155 6
111 155 6
111 155 6
111 155 6
111 155 6
111 155 6
111 155 6
111 155 6
111 155 6
111 155 6
111 155 6
111 155 6
111 155 6
111 155 6
111 155 6
111 155 6
111 155 6
111 155 6
111 155 6
111 155 6
111 155 6
111 155 6
111 155 6
111 155 6
111 155 6
111 155 6
111 155 6
111 155 6
111 155 6
111 155 6
111 155 6
123 148 16
123 148 6
123 148 6
123 133 16
123 133 6
123 133 6
123 133 6
123 133 6
123 133 6
123 133 6
123 133 6
123 133 6
123 133 6
123 133 6
123 133 6
123 133 6
123 133 6
123 133 6
123 133 6
123 133 6
123 133 6
123 133 6
123 133 6
123 133 6
123 133 6
123 133 6
123 133 6
123 133 6
123 133 6
123 133 6
123 133 6
123 133 6
123 133 6
123 133 6
123 133 6
123 133 6
123 133 6
123 133 6
123 133 6
123 133 6
123 133 6
123 133 6
123 133 6
123 133 6
123 133 6
123 133 6
123 133 6
123 133 6
123 133 6
123 133 6
123 133 6
123 133 6
123 133 6
123 133 6
123 133 6
123 133 6
123 133 6
136 141 16
136 141 6
136 141 6
136 141 6
136 141 6
136 141 6
136 141 6
136 141 6
136 141 6
136 141 6
136 141 6
136 141 6
136 141 6
136 141 6
136 141 6
136 141 6
136 141 6
136 141 6
136 141 6
136 141 6
136 141 6
136 141 6
136 141 6
136 141 6
136 141 6
136 141 6
136 141 6
136 141 6
136 141 6
136 141 6
136 141 6
136 141 6
136 141 6
136 141 6
136 141 6
136 141 6
136 141 6
136 141 6
136 141 6
136 141 6
136 141 6
136 141 6
136 141 6
136 141 6
136 141 6
136 141 6
136 141 6
136 141 6
136 141 6
136 141 6
136 141 6
136 141 6
136 141 6
136 141 6
136 141 6
136 141 6
136 141 6
136 141 6
136 141 6
136 141 6
136 141 6
136 141 6
136 141 6
136 141 6
136 141 6
136 141 6
136 141 6
136 141 6
136 141 6
136 141 6
136 141 6
136 141 6
136 141 6
136 141 6
136 141 6
124 163 16
124 163 6
124 163 6
124 163 6
124 163 6
124 163 6
124 163 6
124 163 6
124 163 6
124 163 6
124 163 6
124 163 6
124 163 6
124 163 6
124 163 6
124 163 6
124 163 6
124 163 6
124 163 6
124 163 6
124 163 6
124 163 6
124 163 6
124 163 6
124 163 6
124 163 6
124 163 6
124 163 6
124 163 6
124 163 6
124 163 6
124 163 6
124 163 6
124 163 6
124 163 6
124 163 6
124 163 6
124 163 6
124 163 6
124 163 6
124 163 6
124 163 6
124 163 6
124 163 6
124 163 6
124 163 6
124 163 6
124 163 6
124 163 6
124 163 6
124 163 6
124 163 6
124 163 6
124 163 6
124 163 6
124 163 6
124 163 6
124 163 6
124 163 6
124 163 6
124 163 6
124 163 6
124 163 6
136 156 16
136 156 6
136 156 6
136 156 6
136 156 6
136 156 6
136 156 6
136 156 6
136 156 6
136 156 6
136 156 6
136 156 6
136 156 6
136 156 6
136 156 6
136 156 6
136 156 6
136 156 6
136 156 6
136 156 6
136 156 6
136 156 6
136 156 6
136 156 6
136 156 6
136 156 6
136 156 6
136 156 6
136 156 6
136 156 6
136 156 6
136 156 6
136 156 6
136 156 6
136 156 6
136 156 6
136 156 6
136 156 6
136 156 6
136 156 6
136 156 6
136 156 6
136 156 6
136 156 6
136 156 6
136 156 6
136 156 6
136 156 6
136 156 6
136 156 6
136 156 6
136 156 6
136 156 6
136 156 6
136 156 6
136 156 6
136 156 6
136 156 6
136 156 6
136 156 6
136 156 6
136 156 6
136 156 6
136 156 6
136 156 6
136 156 6
136 156 6
136 156 6
136 156 6
136 156 6
136 156 6
136 156 6
136 156 6
136 156 6
136 156 6
136 156 6
136 156 6
47 147 16
47 147 6
47 147 6
47 147 6
47 147 6
47 147 6
47 147 6
47 147 6
47 147 6
47 147 6
47 147 6
47 147 6
47 147 6
47 147 6
47 147 6
47 147 6
47 147 6
47 147 6
47 147 6
47 147 6
47 147 6
47 147 6
47 147 6
47 147 6
47 147 6
47 147 6
47 147 6
47 147 6
47 147 6
47 147 6
47 147 6
47 147 6
47 147 6
47 147 6
47 147 6
47 147 6
47 147 6
47 147 6
47 147 6
47 147 6
47 147 6
47 147 6
47 147 6
47 147 6
47 147 6
47 147 6
47 147 6
47 147 6
47 147 6
47 147 6
47 147 6
47 147 6
47 147 6
47 147 6
47 147 6
47 147 6
47 147 6
47 147 6
47 147 6
47 147 6
47 147 6
47 147 6
47 147 6
47 147 6
47 147 6
47 147 6
47 147 6
47 147 6
47 147 6
47 147 6
47 147 6
47 147 6
47 147 6
47 147 6
47 147 6
47 147 6
47 147 6
47 147 6
47 147 6
47 147 6
47 147 6
47 147 6
47 147 6
47 147 6
47 147 6
47 147 6
47 147 6
47 147 6
47 147 6
47 147 6
47 147 6
98 162 16
98 162 6
98 162 6
98 162 6
98 162 6
98 162 6
98 162 6
98 162 6
98 162 6
98 162 6
98 162 6
98 162 6
98 162 6
98 162 6
98 162 6
98 162 6
98 162 6
98 162 6
98 162 6
98 162 6
98 162 6
98 162 6
98 162 6
98 162 6
98 162 6
98 162 6
98 162 6
98 162 6
98 162 6
98 162 6
98 162 6
98 162 6
98 162 6
98 162 6
98 162 6
98 162 6
98 162 6
98 162 6
98 162 6
98 162 6
98 162 6
98 162 6
98 162 6
98 162 6
98 162 6
98 162 6
98 162 6
98 162 6
98 162 6
98 162 6
98 162 6
98 162 6
98 162 6
98 162 6
98 162 6
98 162 6
98 162 6
98 162 6
98 162 6
98 162 6
98 162 6
98 162 6
98 162 6
98 162 6
98 162 6
98 162 6
98 162 6
98 162 6
98 162 6
98 162 6
98 162 6
98 162 6
98 162 6
98 162 6
98 162 6
98 162 6
98 162 6
98 162 6
98 162 6
98 162 6
98 162 6
98 162 6
98 162 6
98 162 6
98 162 6
98 162 6
98 162 6
98 162 6
110 125 16
110 125 6
110 125 6
110 125 6
110 125 6
110 125 6
110 125 6
110 125 6
110 125 6
110 125 6
110 125 6
110 125 6
110 125 6
110 125 6
110 125 6
110 125 6
110 125 6
110 125 6
110 125 6
110 125 6
110 125 6
110 125 6
110 125 6
110 125 6
110 125 6
110 125 6
110 125 6
110 125 6
110 125 6
110 125 6
110 125 6
110 125 6
110 125 6
110 125 6
124 118 16
124 118 6
124 118 6
124 118 6
124 118 6
124 118 6
124 118 6
124 118 6
124 118 6
124 118 6
124 102 16
124 102 6
124 102 6
124 102 6
124 102 6
124 102 6
124 102 6
124 102 6
124 102 6
124 102 6
124 102 6
124 102 6
124 102 6
112 94 16
112 94 6
112 94 6
112 94 6
112 94 6
112 94 6
112 94 6
112 94 6
112 94 6
112 94 6
112 94 6
112 94 6
112 94 6
112 94 6
112 94 6
112 94 6
112 94 6
112 94 6
112 94 6
112 94 6
0 75 16
0 75 6
0 75 6
0 75 6
0 75 6
0 75 6
0 75 6
0 75 6
0 75 6
0 75 6
0 75 6
0 75 6
0 75 6
0 75 6
0 75 6
1 62 16
1 62 6
25 75 16
25 75 6
25 75 6
25 75 6
25 75 6
25 75 6
25 75 6
25 75 6
25 75 6
25 75 6
25 75 6
25 75 6
25 75 6
25 75 6
25 75 6
25 75 6
25 75 6
25 75 6
25 75 6
25 75 6
25 75 6
25 75 6
25 75 6
25 75 6
25 75 6
25 75 6
25 75 6
0 88 16
0 88 6
0 88 6
0 88 6
0 88 6
0 88 6
0 88 6
0 88 6
0 88 6
0 88 6
0 88 6
0 88 6
0 88 6
0 88 6
0 88 6
0 88 6
0 88 6
0 88 6
0 88 6
0 88 6
0 88 6
0 88 6
0 88 6
0 88 6
0 88 6
0 88 6
0 88 6
0 88 6
0 88 6
0 88 6
0 88 6
0 88 6
0 88 6
0 88 6
0 88 6
0 88 6
0 88 6
0 88 6
0 88 6
0 88 6
0 88 6
0 88 6
0 88 6
0 88 6
0 88 6
2 49 16
2 49 6
2 49 6
2 49 6
2 49 6
2 49 6
2 49 6
2 49 6
2 49 6
2 49 6
2 49 6
2 49 6
2 49 6
2 49 6
2 49 6
2 49 6
2 49 6
2 49 6
2 49 6
2 49 6
2 49 6
2 49 6
2 49 6
2 49 6
2 49 6
2 49 6
2 49 6
2 49 6
2 49 6
2 49 6
2 49 6
2 49 6
2 49 6
2 49 6
2 49 6
2 49 6
2 49 6
2 49 6
2 49 6
2 49 6
2 49 6
2 49 6
2 49 6
2 49 6
2 49 6
2 49 6
2 49 6
2 49 6
2 49 6
2 49 6
2 49 6
2 49 6
2 49 6
2 49 6
2 49 6
2 49 6
2 49 6
13 198 16
13 198 6
13 198 6
13 198 6
13 198 6
13 198 6
13 198 6
13 198 6
13 198 6
13 198 6
13 198 6
13 198 6
13 198 6
13 198 6
13 198 6
13 198 6
13 198 6
13 198 6
13 198 6
13 198 6
13 198 6
13 198 6
36 81 16
36 81 6
36 81 6
36 81 6
36 81 6
36 81 6
36 81 6
36 81 6
36 81 6
36 81 6
36 81 6
36 81 6
36 81 6
36 81 6
36 81 6
36 81 6
36 81 6
36 81 6
36 81 6
36 81 6
36 81 6
36 81 6
36 81 6
36 81 6
36 81 6
36 81 6
36 81 6
36 81 6
36 81 6
36 81 6
36 81 6
36 81 6
36 81 6
36 81 6
36 81 6
36 81 6
36 81 6
36 81 6
36 81 6
36 81 6
36 81 6
36 81 6
36 81 6
36 81 6
36 81 6
36 81 6
36 81 6
36 81 6
36 81 6
36 81 6
36 81 6
36 81 6
36 81 6
36 81 6
36 81 6
36 81 6
36 81 6
36 81 6
36 81 6
36 81 6
36 81 6
36 81 6
36 81 6
36 81 6
36 81 6
36 81 6
36 81 6
36 81 6
36 81 6
36 81 6
36 81 6
36 81 6
36 81 6
36 81 6
36 81 6
36 81 6
36 81 6
36 81 6
36 81 6
36 81 6
36 81 6
36 81 6
36 81 6
33 124 16
33 124 6
33 124 6
33 124 6
33 124 6
33 124 6
33 124 6
33 124 6
33 124 6
33 124 6
33 124 6
33 124 6
33 124 6
33 124 6
33 124 6
33 124 6
33 124 6
33 124 6
33 124 6
33 124 6
33 124 6
33 124 6
33 124 6
33 124 6
33 124 6
33 124 6
33 124 6
33 124 6
33 124 6
33 124 6
33 124 6
33 124 6
33 124 6
33 124 6
33 124 6
33 124 6
33 124 6
33 124 6
33 124 6
33 124 6
33 124 6
33 124 6
33 124 6
33 124 6
33 124 6
33 124 6
33 124 6
33 124 6
33 124 6
33 124 6
33 124 6
33 124 6
33 124 6
33 124 6
33 124 6
33 124 6
33 124 6
33 124 6
33 124 6
33 124 6
33 124 6
33 124 6
33 124 6
33 124 6
33 124 6
33 124 6
33 124 6
33 124 6
33 124 6
33 124 6
33 124 6
33 124 6
33 124 6
33 124 6
33 124 6
33 124 6
33 124 6
33 124 6
33 124 6
33 124 6
33 124 6
33 124 6
33 124 6
33 124 6
33 124 6
33 124 6
33 124 6
33 124 6
33 124 6
33 124 6
33 124 6
33 124 6
33 124 6
33 124 6
33 124 6
33 124 6
33 124 6
33 124 6
33 124 6
33 124 6
33 124 6
33 124 6
33 124 6
33 124 6
33 124 6
33 124 6
33 124 6
33 124 6
33 124 6
33 124 6
33 124 6
33 124 6
33 124 6
33 124 6
33 124 6
49 49 16
49 49 6
49 49 6
49 49 6
49 49 6
49 49 6
49 49 6
49 49 6
49 49 6
12 1 16
12 1 6
12 1 6
12 1 6
12 1 6
12 1 6
12 1 6
12 1 6
12 1 6
12 1 6
12 1 6
12 1 6
12 1 6
12 1 6
12 1 6
12 1 6
12 1 6
12 1 6
12 1 6
12 1 6
12 1 6
12 1 6
12 1 6
12 1 6
12 1 6
12 1 6
12 1 6
12 1 6
12 1 6
12 1 6
12 1 6
12 1 6
12 1 6
12 1 6
12 1 6
12 1 6
12 1 6
12 1 6
12 1 6
12 1 6
12 1 6
12 1 6
12 1 6
12 1 6
12 1 6
12 1 6
12 1 6
12 1 6
12 1 6
12 1 6
12 1 6
12 1 6
12 1 6
12 1 6
12 1 6
12 1 6
12 1 6
12 1 6
12 1 6
12 1 6
12 1 6
12 1 6
12 1 6
12 1 6
12 1 6
12 1 6
12 1 6
12 1 6
12 1 6
12 1 6
12 1 6
12 1 6
12 1 6
12 1 6
12 1 6
12 1 6
12 1 6
12 1 6
12 1 6
12 1 6
12 1 6
12 1 6
12 1 6
12 1 6
12 1 6
12 1 6
12 1 6
12 1 6
12 1 6
12 1 6
12 1 6
12 1 6
12 1 6
12 1 6
12 1 6
12 1 6
12 1 6
12 1 6
12 1 6
12 1 6
12 1 6
12 1 6
12 1 6
12 1 6
12 1 6
12 1 6
12 1 6
12 1 6
12 1 6
12 1 6
12 1 6
12 1 6
12 1 6
12 1 6
12 1 6
12 1 6
12 1 6
12 1 6
12 1 6
12 1 6
12 1 6
12 1 6
12 1 6
12 1 6
12 1 6
12 1 6
12 1 6
12 1 6
12 1 6
12 1 6
14 42 16
14 42 6
14 42 6
14 42 6
14 42 6
14 42 6
14 42 6
14 42 6
14 42 6
14 42 6
14 42 6
14 42 6
14 42 6
14 42 6
14 42 6
14 42 6
14 42 6
14 42 6
14 42 6
14 42 6
14 42 6
14 42 6
14 42 6
14 42 6
14 42 6
14 42 6
14 42 6
14 42 6
14 42 6
14 42 6
14 42 6
14 42 6
14 42 6
14 42 6
14 42 6
14 42 6
14 42 6
14 42 6
14 42 6
14 42 6
14 42 6
14 42 6
14 42 6
14 42 6
14 42 6
14 42 6
14 42 6
14 42 6
14 42 6
14 42 6
14 42 6
14 42 6
14 42 6
14 42 6
14 42 6
14 42 6
14 42 6
14 42 6
14 42 6
14 42 6
14 42 6
14 42 6
14 42 6
14 42 6
14 42 6
14 42 6
14 42 6
14 42 6
14 42 6
14 42 6
14 42 6
14 42 6
14 42 6
14 42 6
14 42 6
14 42 6
14 42 6
14 42 6
14 42 6
14 42 6
14 42 6
14 42 6
14 42 6
14 42 6
14 42 6
14 42 6
14 42 6
14 42 6
14 42 6
14 42 6
14 42 6
73 36 16
73 36 6
73 36 6
73 36 6
73 36 6
73 36 6
73 36 6
73 36 6
73 36 6
73 36 6
73 36 6
73 36 6
73 36 6
73 36 6
73 36 6
73 36 6
73 36 6
73 36 6
73 36 6
73 36 6
73 36 6
73 36 6
73 36 6
73 36 6
73 36 6
73 36 6
73 36 6
73 36 6
73 36 6
73 36 6
73 36 6
73 36 6
73 36 6
73 36 6
73 36 6
73 36 6
73 36 6
73 36 6
73 36 6
73 36 6
73 36 6
73 36 6
73 36 6
73 36 6
73 36 6
73 36 6
73 36 6
73 36 6
73 36 6
73 36 6
73 36 6
73 36 6
73 36 6
73 36 6
73 36 6
73 36 6
73 36 6
73 36 6
73 36 6
73 36 6
73 36 6
73 36 6
73 36 6
73 36 6
73 36 6
73 36 6
73 36 6
73 36 6
73 36 6
73 36 6
73 36 6
73 36 6
73 36 6
73 36 6
73 36 6
73 36 6
73 36 6
73 36 6
73 36 6
73 36 6
73 36 6
73 36 6
73 36 6
73 36 6
73 36 6
73 36 6
73 36 6
73 36 6
73 36 6
73 36 6
73 36 6
73 36 6
73 36 6
73 36 6
73 36 6
73 36 6
73 36 6
73 36 6
73 36 6
73 36 6
73 36 6
73 36 6
73 36 6
73 36 6
73 36 6
73 36 6
73 36 6
73 36 6
73 36 6
73 36 6
73 36 6
73 36 6
73 36 6
73 36 6
73 36 6
73 36 6
73 36 6
73 36 6
73 36 6
73 36 6
73 36 6
73 36 6
73 36 6
24 88 16
24 88 6
24 88 6
24 88 6
24 88 6
24 88 6
24 88 6
24 88 6
24 88 6
24 88 6
24 88 6
24 88 6
24 88 6
24 88 6
24 88 6
24 88 6
24 88 6
24 88 6
24 88 6
24 88 6
24 88 6
24 88 6
24 88 6
24 88 6
24 88 6
24 88 6
24 88 6
24 88 6
24 88 6
24 88 6
24 88 6
24 88 6
24 88 6
24 88 6
24 88 6
24 88 6
24 88 6
24 88 6
24 88 6
24 88 6
24 88 6
24 88 6
24 88 6
24 88 6
24 88 6
24 88 6
24 88 6
24 88 6
24 88 6
24 88 6
24 88 6
24 88 6
24 88 6
24 88 6
24 88 6
24 88 6
24 88 6
24 88 6
24 88 6
24 88 6
24 88 6
24 88 6
24 88 6
24 88 6
24 88 6
24 88 6
24 88 6
24 88 6
24 88 6
24 88 6
24 88 6
24 88 6
24 88 6
24 88 6
24 88 6
24 88 6
24 88 6
24 88 6
24 88 6
24 88 6
24 88 6
24 88 6
24 88 6
24 88 6
24 88 6
24 88 6
24 88 6
24 88 6
24 88 6
24 88 6
24 88 6
24 88 6
24 88 6
24 88 6
24 88 6
24 88 6
24 88 6
24 88 6
24 88 6
24 88 6
24 88 6
24 88 6
24 88 6
24 88 6
24 88 6
24 88 6
24 88 6
24 88 6
25 36 6
72 9 16
72 9 6
72 9 6
72 9 6
72 9 6
72 9 6
72 9 6
72 9 6
72 9 6
72 9 6
72 9 6
72 9 6
72 9 6
72 9 6
72 9 6
72 9 6
72 9 6
72 9 6
72 9 6
72 9 6
72 9 6
72 9 6
72 9 6
72 9 6
72 9 6
72 9 6
72 9 6
72 9 6
72 9 6
72 9 6
72 9 6
72 9 6
72 9 6
72 9 6
72 9 6
72 9 6
72 9 6
72 9 6
72 9 6
72 9 6
72 9 6
72 9 6
72 9 6
72 9 6
72 9 6
72 9 6
72 9 6
72 9 6
72 9 6
72 9 6
72 9 6
72 9 6
72 9 6
72 9 6
72 9 6
72 9 6
72 9 6
72 9 6
72 9 6
72 9 6
72 9 6
72 9 6
72 9 6
72 9 6
72 9 6
72 9 6
72 9 6
72 9 6
72 9 6
72 9 6
72 9 6
72 9 6
72 9 6
72 9 6
72 9 6
72 9 6
72 9 6
72 9 6
72 9 6
72 9 6
72 9 6
72 9 6
72 9 6
72 9 6
72 9 6
72 9 6
72 9 6
72 9 6
72 9 6
72 9 6
72 9 6
72 9 6
72 9 6
72 9 6
72 9 6
72 9 6
72 9 6
72 9 6
72 9 6
72 9 6
72 9 6
72 9 6
72 9 6
72 9 6
72 9 6
72 9 6
72 9 6
72 9 6
72 9 6
72 9 6
72 9 6
72 9 6
72 9 6
72 9 6
72 9 6
72 9 6
72 9 6
72 9 6
72 9 6
72 9 6
72 9 6
72 9 6
72 9 6
72 9 6
72 9 6
72 9 6
72 9 6
72 9 6
72 9 6
72 9 6
72 9 6
72 9 6
72 9 6
72 9 6
72 9 6
72 9 6
72 9 6
72 9 6
72 9 6
72 9 6
72 9 6
72 9 6
72 9 6
72 9 6
72 9 6
0 88 6
0 88 6
0 88 6
0 88 6
0 88 6
0 88 6
0 88 6
0 88 6
0 88 6
0 88 6
0 88 6
0 88 6
0 88 6
0 88 6
0 88 6
0 88 6
0 88 6
0 88 6
0 88 6
0 88 6
0 88 6
0 88 6
0 88 6
0 88 6
0 88 6
0 88 6
0 88 6
0 88 6
0 88 6
0 88 6
0 88 6
0 88 6
0 88 6
0 88 6
0 88 6
0 88 6
0 88 6
0 88 6
0 88 6
0 88 6
0 88 6
0 88 6
0 88 6
0 88 6
0 88 6
0 88 6
0 88 6
0 88 6
0 88 6
0 88 6
0 88 6
0 88 6
0 88 6
0 88 6
0 88 6
0 88 6
0 88 6
0 88 6
0 88 6
0 88 6
0 88 6
0 88 6
0 88 6
0 88 6
0 88 6
0 88 6
0 88 6
0 88 6
0 88 6
0 88 6
0 88 6
0 88 6
0 88 6
0 88 6
0 88 6
0 88 6
0 88 6
0 88 6
0 88 6
0 88 6
0 88 6
0 88 6
0 88 6
0 88 6
0 88 6
0 88 6
0 88 6
0 88 6
0 88 6
0 88 6
0 88 6
0 88 6
0 88 6
0 88 6
0 88 6
0 88 6
0 88 6
0 88 6
0 88 6
0 88 6
0 88 6
0 88 6
0 88 6
0 88 6
0 88 6
0 88 6
0 88 6
0 88 6
0 88 6
0 88 6
0 88 6
0 88 6
0 88 6
0 88 6
0 88 6
0 88 6
0 88 6
0 88 6
0 88 6
0 88 6
0 88 6
0 88 6
0 88 6
0 88 6
0 88 6
0 88 6
0 88 6
0 88 6
0 88 6
0 88 6
0 88 6
0 88 6
0 88 6
0 88 6
0 88 6
0 88 6
0 88 6
0 88 6
0 88 6
22 131 16
22 131 6
22 131 6
22 131 6
22 131 6
22 131 6
22 131 6
22 131 6
22 131 6
22 131 6
22 131 6
22 131 6
22 131 6
22 131 6
22 131 6
22 131 6
22 131 6
22 131 6
22 131 6
22 131 6
22 131 6
22 131 6
22 131 6
22 131 6
22 131 6
22 131 6
22 131 6
22 131 6
22 131 6
22 131 6
22 131 6
22 131 6
22 131 6
22 131 6
22 131 6
22 131 6
22 131 6
22 131 6
22 131 6
22 131 6
22 131 6
22 131 6
22 131 6
22 131 6
22 131 6
22 131 6
22 131 6
22 131 6
22 131 6
22 131 6
22 131 6
22 131 6
22 131 6
22 131 6
22 131 6
22 131 6
22 131 6
22 131 6
22 131 6
22 131 6
22 131 6
22 131 6
22 131 6
22 131 6
22 131 6
22 131 6
22 131 6
22 131 6
22 131 6
22 131 6
22 131 6
22 131 6
22 131 6
22 131 6
22 131 6
22 131 6
22 131 6
22 131 6
22 131 6
22 131 6
22 131 6
22 131 6
22 131 6
22 131 6
22 131 6
22 131 6
22 131 6
22 131 6
22 131 6
22 131 6
22 131 6
22 131 6
22 131 6
22 131 6
22 131 6
22 131 6
22 131 6
22 131 6
22 131 6
22 131 6
22 131 6
22 131 6
22 131 6
22 131 6
22 131 6
22 131 6
22 131 6
22 131 6
22 131 6
22 131 6
22 131 6
22 131 6
22 131 6
22 131 6
22 131 6
22 131 6
22 131 6
22 131 6
22 131 6
22 131 6
22 131 6
22 131 6
22 131 6
22 131 6
22 131 6
22 131 6
22 131 6
22 131 6
22 131 6
37 184 16
37 184 6
37 184 6
37 184 6
37 184 6
37 184 6
37 184 6
37 184 6
37 184 6
37 184 6
37 184 6
37 184 6
37 184 6
37 184 6
37 184 6
37 184 6
37 184 6
37 184 6
37 184 6
37 184 6
37 184 6
37 184 6
37 184 6
37 184 6
37 184 6
37 184 6
37 184 6
49 191 16
49 191 6
49 191 6
49 191 6
49 191 6
49 191 6
62 199 16
62 199 6
62 199 6
62 199 6
62 199 6
62 199 6
62 199 6
62 199 6
62 199 6
62 199 6
62 199 6
62 199 6
62 199 6
62 199 6
62 199 6
62 199 6
62 199 6
62 199 6
62 199 6
62 199 6
62 199 6
62 199 6
62 199 6
62 199 6
62 199 6
62 199 6
62 199 6
62 199 6
62 199 6
62 199 6
62 199 6
62 199 6
62 199 6
62 199 6
62 199 6
62 199 6
62 199 6
62 199 6
62 199 6
62 199 6
62 199 6
62 199 6
62 199 6
62 199 6
62 199 6
62 199 6
62 199 6
62 199 6
62 199 6
62 199 6
62 199 6
62 199 6
62 199 6
62 199 6
62 199 6
62 199 6
62 199 6
62 199 6
62 199 6
62 199 6
62 199 6
62 199 6
62 199 6
62 199 6
62 199 6
62 199 6
62 199 6
62 199 6
62 199 6
62 199 6
62 199 6
62 199 6
62 199 6
62 199 6
62 199 6
62 199 6
62 199 6
62 199 6
62 199 6
62 199 6
62 199 6
62 199 6
62 199 6
62 199 6
62 199 6
62 199 6
62 199 6
62 199 6
62 199 6
62 199 6
62 199 6
62 199 6
62 199 6
62 199 6
62 199 6
62 199 6
62 199 6
62 199 6
62 199 6
62 199 6
62 199 6
62 199 6
62 199 6
62 199 6
62 199 6
62 199 6
62 199 6
62 199 6
62 199 6
62 199 6
62 199 6
62 199 6
62 199 6
37 198 16
37 198 6
37 198 6
37 198 6
37 198 6
37 198 6
37 198 6
37 198 6
37 198 6
37 198 6
37 198 6
37 198 6
37 198 6
37 198 6
37 198 6
37 198 6
37 198 6
37 198 6
37 198 6
37 198 6
37 198 6
37 198 6
37 198 6
37 198 6
37 198 6
37 198 6
37 198 6
37 198 6
37 198 6
37 198 6
37 198 6
37 198 6
37 198 6
37 198 6
37 198 6
37 198 6
37 198 6
37 198 6
37 198 6
37 198 6
37 198 6
37 198 6
37 198 6
37 198 6
37 198 6
37 198 6
37 198 6
37 198 6
37 198 6
37 198 6
37 198 6
37 198 6
37 198 6
37 198 6
37 198 6
37 198 6
37 198 6
37 198 6
37 198 6
37 198 6
37 198 6
37 198 6
37 198 6
37 198 6
37 198 6
37 198 6
37 198 6
37 198 6
37 198 6
37 198 6
37 198 6
37 198 6
37 198 6
37 198 6
37 198 6
37 198 6
37 198 6
37 198 6
37 198 6
37 198 6
37 198 6
37 198 6
37 198 6
37 198 6
37 198 6
37 198 6
37 198 6
37 198 6
37 198 6
37 198 6
37 198 6
37 198 6
37 198 6
37 198 6
37 198 6
37 198 6
37 198 6
37 198 6
37 198 6
37 198 6
37 198 6
37 198 6
49 176 16
49 176 6
49 176 6
49 176 6
49 176 6
49 176 6
49 176 6
49 176 6
49 176 6
49 176 6
49 176 6
49 176 6
49 176 6
49 176 6
49 176 6
49 176 6
49 176 6
49 176 6
49 176 6
49 176 6
49 176 6
49 176 6
49 176 6
49 176 6
49 176 6
49 176 6
49 176 6
49 176 6
49 176 6
49 176 6
49 176 6
49 176 6
49 176 6
49 176 6
49 176 6
49 176 6
49 176 6
49 176 6
61 184 16
61 184 6
61 184 6
61 184 6
61 184 6
61 184 6
61 184 6
61 184 6
61 184 6
61 184 6
61 184 6
61 184 6
61 184 6
61 184 6
61 184 6
61 184 6
61 184 6
61 184 6
61 184 6
61 184 6
61 184 6
61 184 6
61 184 6
61 184 6
61 184 6
61 184 6
61 184 6
61 184 6
61 184 6
61 184 6
61 184 6
61 184 6
61 184 6
61 184 6
61 184 6
61 184 6
61 184 6
61 184 6
61 184 6
61 184 6
61 184 6
61 184 6
125 87 16
125 87 6
125 87 6
125 87 6
125 87 6
125 87 6
125 87 6
125 87 6
125 87 6
125 87 6
125 87 6
125 87 6
125 87 6
125 87 6
125 87 6
125 87 6
125 87 6
125 87 6
125 87 6
125 87 6
125 87 6
125 87 6
125 87 6
125 87 6
125 87 6
125 87 6
125 87 6
125 87 6
125 87 6
125 87 6
125 87 6
111 109 16
111 109 6
111 109 6
111 109 6
111 109 6
111 109 6
111 109 6
111 109 6
111 109 6
111 109 6
111 109 6
111 109 6
111 109 6
111 109 6
111 109 6
111 109 6
111 109 6
111 109 6
111 109 6
111 109 6
111 109 6
111 109 6
111 109 6
111 109 6
111 109 6
111 109 6
111 109 6
111 109 6
111 109 6
111 109 6
111 109 6
111 109 6
99 86 16
99 86 6
99 86 6
99 86 6
99 86 6
99 86 6
99 86 6
99 86 6
99 86 6
99 86 6
99 86 6
99 86 6
99 86 6
99 86 6
99 86 6
99 86 6
99 86 6
99 86 6
99 86 6
99 86 6
99 86 6
99 86 6
99 86 6
99 86 6
99 86 6
99 86 6
99 86 6
99 86 6
99 86 6
99 86 6
99 86 6
99 86 6
99 86 6
99 86 6
99 86 6
99 86 6
99 86 6
99 86 6
99 86 6
99 86 6
99 86 6
187 53 16
187 53 6
187 53 6
175 61 16
73 177 16
73 177 6
73 177 6
73 177 6
73 177 6
73 177 6
73 177 6
73 177 6
73 177 6
73 177 6
73 177 6
73 177 6
73 177 6
73 177 6
73 177 6
73 177 6
73 177 6
73 177 6
73 177 6
73 177 6
73 177 6
73 177 6
73 177 6
73 177 6
73 177 6
73 177 6
73 177 6
73 177 6
73 177 6
73 177 6
73 177 6
73 177 6
73 177 6
73 177 6
73 177 6
73 177 6
73 177 6
73 177 6
73 177 6
73 177 6
73 177 6
73 177 6
73 177 6
73 177 6
73 177 6
73 177 6
73 177 6
73 177 6
73 177 6
73 177 6
73 177 6
73 177 6
73 177 6
73 177 6
73 177 6
73 177 6
73 177 6
73 177 6
73 177 6
73 177 6
73 177 6
73 177 6
73 177 6
73 177 6
73 177 6
73 177 6
73 177 6
73 177 6
73 177 6
73 177 6
73 177 6
73 177 6
73 177 6
73 177 6
73 177 6
73 177 6
73 177 6
73 177 6
73 177 6
73 177 6
73 177 6
73 177 6
73 177 6
73 177 6
73 177 6
73 177 6
73 177 6
73 177 6
73 177 6
73 177 6
73 177 6
73 177 6
73 177 6
73 177 6
73 177 6
73 177 6
73 177 6
73 177 6
73 177 6
73 177 6
73 177 6
73 177 6
73 177 6
73 177 6
73 177 6
73 177 6
73 177 6
73 177 6
73 177 6
73 177 6
73 177 6
73 177 6
73 177 6
137 111 16
137 111 6
137 111 6
137 111 6
137 111 6
137 111 6
137 111 6
137 111 6
137 111 6
137 111 6
137 111 6
137 111 6
137 111 6
137 111 6
137 111 6
137 111 6
137 111 6
137 111 6
137 111 6
137 111 6
137 111 6
137 111 6
137 111 6
137 111 6
137 111 6
137 111 6
137 111 6
137 111 6
137 111 6
137 111 6
137 111 6
137 111 6
137 111 6
137 111 6
137 111 6
137 111 6
137 111 6
137 111 6
137 111 6
137 111 6
137 111 6
137 111 6
137 111 6
137 111 6
137 111 6
137 111 6
137 111 6
137 111 6
137 111 6
137 111 6
137 111 6
137 111 6
137 111 6
137 111 6
137 111 6
137 111 6
137 111 6
137 111 6
137 111 6
137 111 6
34 109 16
34 109 6
34 109 6
34 109 6
34 109 6
34 109 6
34 109 6
34 109 6
34 109 6
34 109 6
34 109 6
34 109 6
34 109 6
34 109 6
34 109 6
34 109 6
34 109 6
34 109 6
34 109 6
34 109 6
34 109 6
34 109 6
34 109 6
34 109 6
34 109 6
34 109 6
34 109 6
34 109 6
34 109 6
34 109 6
34 109 6
34 109 6
34 109 6
34 109 6
34 109 6
34 109 6
34 109 6
34 109 6
34 109 6
34 109 6
34 109 6
34 109 6
34 109 6
34 109 6
34 109 6
34 109 6
34 109 6
34 109 6
34 109 6
34 109 6
34 109 6
34 109 6
34 109 6
34 109 6
34 109 6
34 109 6
34 109 6
34 109 6
34 109 6
34 109 6
34 109 6
34 109 6
34 109 6
34 109 6
34 109 6
34 109 6
34 109 6
34 109 6
34 109 6
34 109 6
34 109 6
34 109 6
34 109 6
34 109 6
34 109 6
34 109 6
34 109 6
34 109 6
34 109 6
34 109 6
34 109 6
34 109 6
34 109 6
34 109 6
34 109 6
34 109 6
34 109 6
34 109 6
34 109 6
34 109 6
34 109 6
34 109 6
34 109 6
34 109 6
34 109 6
34 109 6
34 109 6
34 109 6
34 109 6
34 109 6
34 109 6
34 109 6
34 109 6
34 109 6
34 109 6
34 109 6
34 109 6
34 109 6
34 109 6
34 109 6
34 109 6
34 109 6
34 109 6
34 109 6
34 109 6
34 109 6
34 109 6
34 109 6
34 109 6
34 109 6
34 109 6
34 109 6
34 109 6
34 109 6
34 109 6
34 109 6
34 109 6
34 109 6
34 109 6
34 109 6
34 109 6
34 109 6
34 109 6
34 109 6
34 109 6
10 139 6
10 139 6
10 139 6
10 139 6
10 139 6
10 139 6
10 139 6
10 139 6
10 139 6
10 139 6
10 139 6
10 139 6
10 139 6
10 139 6
10 139 6
10 139 6
10 139 6
10 139 6
10 139 6
10 139 6
10 139 6
10 139 6
10 139 6
10 139 6
10 139 6
10 139 6
10 139 6
10 139 6
10 139 6
10 139 6
10 139 6
10 139 6
10 139 6
10 139 6
10 139 6
10 139 6
10 139 6
10 139 6
10 139 6
10 139 6
10 139 6
10 139 6
10 139 6
10 139 6
10 139 6
10 139 6
10 139 6
10 139 6
10 139 6
10 139 6
10 139 6
10 139 6
10 139 6
10 139 6
10 139 6
10 139 6
10 139 6
10 139 6
10 139 6
10 139 6
10 139 6
10 139 6
10 139 6
10 139 6
10 139 6
10 139 6
10 139 6
10 139 6
10 139 6
10 139 6
10 139 6
10 139 6
10 139 6
10 139 6
10 139 6
10 139 6
10 139 6
10 139 6
10 139 6
10 139 6
10 139 6
10 139 6
10 139 6
10 139 6
10 139 6
10 139 6
10 139 6
10 139 6
10 139 6
10 139 6
10 139 6
10 139 6
10 139 6
10 139 6
10 139 6
10 139 6
10 139 6
10 139 6
10 139 6
10 139 6
10 139 6
10 139 6
10 139 6
10 139 6
10 139 6
10 139 6
10 139 6
10 139 6
10 139 6
10 139 6
10 139 6
10 139 6
10 139 6
10 139 6
10 139 6
10 139 6
10 139 6
10 139 6
10 139 6
10 139 6
10 139 6
10 139 6
10 139 6
10 139 6
10 139 6
10 139 6
10 139 6
10 139 6
10 139 6
10 139 6
10 139 6
10 139 6
10 139 6
10 139 6
10 139 6
10 139 6
10 139 6
10 139 6
10 139 6
10 139 6
10 139 6
10 139 6
187 69 16
187 69 6
187 69 6
175 76 16
175 76 6
175 76 6
175 76 6
175 76 6
175 76 6
175 76 6
175 76 6
175 76 6
175 76 6
175 76 6
175 76 6
175 76 6
175 76 6
175 76 6
175 76 6
175 76 6
175 76 6
175 76 6
175 76 6
175 76 6
175 76 6
175 76 6
175 76 6
175 76 6
175 76 6
175 76 6
175 76 6
175 76 6
175 76 6
175 76 6
175 76 6
175 76 6
175 76 6
61 43 6
61 43 6
61 43 6
61 43 6
61 43 6
61 43 6
61 43 6
61 43 6
61 43 6
61 43 6
61 43 6
61 43 6
61 43 6
61 43 6
61 43 6
61 43 6
61 43 6
61 43 6
61 43 6
61 43 6
61 43 6
61 43 6
61 43 6
61 43 6
61 43 6
61 43 6
61 43 6
61 43 6
61 43 6
61 43 6
61 43 6
61 43 6
61 43 6
61 43 6
61 43 6
61 43 6
61 43 6
61 43 6
61 43 6
61 43 6
61 43 6
61 43 6
61 43 6
61 43 6
61 43 6
61 43 6
61 43 6
61 43 6
61 43 6
61 43 6
61 43 6
61 43 6
61 43 6
61 43 6
61 43 6
61 43 6
61 43 6
61 43 6
61 43 6
61 43 6
61 43 6
61 43 6
61 43 6
61 43 6
61 43 6
61 43 6
61 43 6
61 43 6
61 43 6
61 43 6
61 43 6
61 43 6
61 43 6
61 43 6
61 43 6
61 43 6
61 43 6
61 43 6
61 43 6
61 43 6
61 43 6
61 43 6
61 43 6
61 43 6
61 43 6
61 43 6
61 43 6
61 43 6
61 43 6
61 43 6
61 43 6
61 43 6
61 43 6
61 43 6
61 43 6
61 43 6
61 43 6
61 43 6
61 43 6
61 43 6
61 43 6
61 43 6
61 43 6
61 43 6
61 43 6
61 43 6
61 43 6
61 43 6
61 43 6
61 43 6
61 43 6
61 43 6
61 43 6
61 43 6
61 43 6
61 43 6
61 43 6
61 43 6
61 43 6
61 43 6
61 43 6
61 43 6
61 43 6
61 43 6
61 43 6
61 43 6
61 43 6
61 43 6
61 43 6
61 43 6
61 43 6
61 43 6
61 43 6
61 43 6
61 43 6
61 43 6
61 43 6
61 43 6
61 43 6
61 43 6
61 43 6
61 43 6
61 43 6
61 43 6
61 43 6
61 43 6
61 43 6
61 43 6
61 43 6
61 43 6
61 43 6
61 43 6
61 43 6
61 43 6
61 43 6
61 43 6
61 43 6
61 43 6
61 43 6
61 43 6
61 43 6
61 43 6
61 43 6
61 43 6
61 43 6
61 43 6
61 43 6
61 43 6
61 43 6
61 43 6
61 43 6
162 68 16
199 61 16
199 76 16
199 76 6
199 76 6
199 76 6
49 74 16
49 74 6
49 74 6
49 74 6
49 74 6
49 74 6
49 74 6
49 74 6
49 74 6
49 74 6
49 74 6
49 74 6
49 74 6
49 74 6
49 74 6
49 74 6
49 74 6
49 74 6
49 74 6
49 74 6
49 74 6
49 74 6
49 74 6
49 74 6
49 74 6
49 74 6
49 74 6
49 74 6
49 74 6
49 74 6
49 74 6
49 74 6
49 74 6
49 74 6
49 74 6
49 74 6
49 74 6
49 74 6
49 74 6
49 74 6
49 74 6
49 74 6
49 74 6
49 74 6
49 74 6
49 74 6
49 74 6
49 74 6
49 74 6
49 74 6
49 74 6
49 74 6
49 74 6
49 74 6
49 74 6
49 74 6
49 74 6
49 74 6
49 74 6
49 74 6
49 74 6
49 74 6
49 74 6
49 74 6
49 74 6
49 74 6
49 74 6
49 74 6
49 74 6
49 74 6
49 74 6
49 74 6
49 74 6
61 80 16
61 80 6
61 80 6
61 80 6
61 80 6
61 80 6
61 80 6
61 80 6
61 80 6
61 80 6
61 80 6
61 80 6
71 115 15
71 115 7
70 115 15
70 115 7
70 114 15
70 114 7
70 113 15
70 113 7
70 112 15
70 112 7
69 112 15
69 112 7
69 111 15
69 111 7
69 110 15
69 110 7
69 109 15
69 109 7
69 108 15
69 108 7
69 107 15
69 107 7
69 107 7
69 106 15
69 106 7
69 106 7
68 106 15
68 106 7
68 106 7
67 106 15
67 106 7
67 106 7
67 106 7
66 106 15
66 106 7
66 106 7
66 106 7
65 106 15
65 106 7
65 106 7
65 106 7
65 106 7
65 105 15
65 105 7
65 105 7
65 105 7
65 105 7
65 105 7
65 104 15
65 104 7
65 104 7
65 104 7
65 104 7
65 104 7
65 103 15
65 103 7
65 103 7
65 103 7
65 103 7
65 103 7
65 102 30
65 102 7
65 102 7
65 102 7
65 101 51
65 101 7
65 100 72
65 99 93
65 98 112
65 97 130
65 96 145
65 95 156
65 94 163
65 94 7
65 94 7
65 94 7
65 94 7
65 93 166
65 93 7
65 93 7
65 93 7
65 93 7
65 93 7
65 93 7
65 93 7
65 93 7
65 92 165
65 92 7
65 92 7
65 92 7
65 92 7
65 92 7
65 92 7
65 92 7
65 92 7
65 92 7
65 92 7
65 92 7
65 92 7
65 92 7
65 91 160
65 91 7
65 91 7
65 91 7
65 91 7
65 91 7
65 91 7
65 91 7
65 91 7
65 91 7
65 91 7
65 91 7
65 91 7
65 91 7
65 91 7
65 91 7
65 91 7
65 91 7
65 91 7
65 90 152
65 90 7
65 90 7
65 90 7
65 90 7
65 90 7
65 90 7
65 90 7
65 90 7
65 90 7
65 90 7
65 90 7
65 90 7
65 90 7
65 90 7
65 90 7
65 90 7
65 90 7
65 90 7
65 90 7
65 90 7
65 90 7
65 89 141
65 89 7
65 89 7
65 89 7
65 89 7
65 89 7
65 89 7
65 89 7
65 89 7
65 89 7
65 89 7
65 89 7
65 89 7
65 89 7
65 89 7
65 89 7
65 89 7
65 89 7
65 89 7
65 89 7
65 89 7
65 89 7
65 88 127
65 88 7
65 88 7
65 88 7
65 88 7
65 88 7
65 88 7
65 88 7
65 88 7
65 88 7
65 88 7
65 88 7
65 88 7
65 88 7
65 88 7
65 88 7
65 88 7
65 88 7
65 88 7
65 88 7
65 88 7
65 87 114
65 87 7
65 87 7
65 87 7
65 87 7
65 87 7
65 87 7
65 87 7
65 87 7
65 87 7
65 87 7
65 87 7
65 87 7
65 87 7
65 87 7
65 87 7
65 87 7
65 87 7
65 86 100
65 86 7
65 86 7
65 86 7
65 86 7
65 86 7
65 86 7
65 86 7
65 86 7
65 86 7
65 86 7
65 86 7
65 86 7
65 86 7
65 85 89
65 85 7
65 85 7
65 85 7
65 85 7
65 85 7
65 85 7
65 85 7
65 85 7
65 85 7
64 85 78
64 85 7
64 85 7
64 85 7
64 85 7
64 85 7
64 85 7
64 85 7
64 85 7
64 85 7
64 84 68
64 84 7
64 84 7
64 84 7
64 84 7
64 84 7
64 84 7
63 84 61
63 84 7
63 84 7
63 84 7
63 84 7
63 84 7
63 84 7
63 84 7
63 83 55
63 83 7
63 83 7
63 83 7
63 83 7
63 83 7
62 83 54
62 83 7
62 83 7
62 83 7
62 83 7
62 83 7
62 83 7
62 82 53
62 82 7
62 82 7
62 82 7
62 82 7
62 82 7
61 82 56
61 82 7
61 82 7
61 82 7
61 82 7
61 82 7
61 82 7
61 81 63
61 81 7
61 81 7
61 81 7
61 81 7
60 80 87
60 80 7
60 80 7
60 80 7
59 80 98
59 80 7
59 80 7
59 80 7
59 80 7
59 80 7
59 80 7
58 80 115
58 80 7
58 80 7
58 80 7
58 80 7
58 80 7
58 80 7
58 80 7
58 80 7
58 80 7
57 80 135
57 80 7
57 80 7
57 80 7
57 80 7
57 80 7
57 80 7
57 80 7
57 80 7
57 80 7
57 80 7
57 80 7
57 80 7
57 79 157
57 79 7
57 79 7
57 79 7
57 79 7
57 79 7
57 79 7
57 79 7
57 79 7
56 79 178
56 79 7
56 79 7
56 79 7
56 79 7
56 79 7
56 79 7
56 79 7
56 79 7
56 79 7
56 79 7
56 79 7
55 79 203
55 79 7
55 79 7
55 79 7
55 79 7
55 79 7
55 79 7
55 79 7
55 79 7
55 79 7
55 79 7
55 79 7
55 79 7
55 79 7
55 79 7
55 78 230
55 78 7
55 78 7
55 78 7
55 78 7
55 78 7
55 78 7
55 78 7
55 78 7
54 78 253
54 78 7
54 78 7
54 78 7
54 78 7
54 78 7
54 78 7
54 78 7
54 78 7
54 78 7
54 78 7
53 78 277
53 78 7
53 78 7
53 78 7
53 78 7
53 78 7
53 78 7
53 78 7
53 78 7
53 78 7
53 78 7
53 78 7
53 78 7
52 78 302
52 78 7
52 78 7
52 78 7
52 78 7
52 78 7
52 78 7
52 78 7
52 78 7
52 78 7
52 78 7
52 78 7
52 78 7
52 78 7
52 78 7
52 78 7
52 77 326
52 77 7
52 77 7
52 77 7
52 77 7
52 77 7
52 77 7
52 77 7
52 77 7
52 77 7
51 77 345
51 77 7
51 77 7
51 77 7
51 77 7
51 77 7
51 77 7
51 77 7
51 77 7
51 77 7
51 77 7
51 77 7
51 77 7
50 77 364
50 77 7
50 77 7
50 77 7
50 77 7
50 77 7
50 77 7
50 77 7
50 77 7
50 77 7
50 77 7
50 77 7
50 77 7
50 77 7
50 77 7
50 77 7
50 77 7
49 77 382
49 77 7
49 77 7
49 77 7
49 77 7
49 77 7
49 77 7
49 77 7
49 77 7
49 77 7
49 77 7
49 77 7
49 77 7
49 77 7
49 77 7
49 77 7
49 77 7
49 77 7
49 77 7
49 77 7
49 77 7
49 77 7
49 76 397
49 76 7
49 76 7
49 76 7
49 76 7
49 76 7
49 76 7
49 76 7
49 76 7
49 76 7
49 76 7
49 76 7
49 76 7
49 76 7
49 76 7
49 75 418
49 75 7
49 75 7
49 75 7
49 75 7
49 75 7
49 75 7
49 75 7
49 75 7
48 74 442
48 74 7
48 74 7
48 74 7
48 74 7
48 74 7
48 74 7
48 74 7
48 74 7
47 74 436
47 74 7
47 74 7
47 74 7
47 74 7
47 74 7
47 74 7
47 74 7
47 74 7
47 74 7
47 74 7
47 74 7
47 74 7
47 74 7
47 74 7
47 74 7
47 74 7
47 74 7
47 74 7
47 74 7
46 74 429
46 74 7
46 74 7
46 74 7
46 74 7
46 74 7
46 74 7
46 74 7
46 74 7
46 74 7
46 74 7
46 74 7
46 74 7
46 74 7
46 74 7
46 74 7
46 74 7
46 74 7
46 74 7
46 74 7
46 74 7
46 74 7
46 74 7
46 74 7
46 74 7
46 74 7
46 74 7
46 74 7
46 74 7
46 74 7
46 74 7
46 74 7
46 74 7
45 74 419
45 74 7
45 74 7
45 74 7
45 74 7
45 74 7
45 74 7
45 74 7
45 74 7
45 74 7
45 74 7
45 74 7
45 74 7
45 74 7
45 74 7
45 74 7
45 74 7
45 74 7
45 74 7
45 74 7
45 74 7
45 74 7
45 74 7
45 74 7
45 74 7
45 74 7
45 74 7
45 74 7
45 74 7
45 74 7
45 74 7
45 74 7
45 74 7
45 74 7
45 74 7
45 74 7
45 74 7
45 74 7
45 74 7
45 74 7
45 74 7
45 74 7
45 74 7
45 74 7
45 74 7
45 74 7
45 74 7
45 74 7
45 74 7
45 74 7
45 74 7
44 74 408
44 74 7
44 74 7
44 74 7
44 74 7
44 74 7
44 74 7
44 74 7
44 74 7
44 74 7
44 74 7
44 74 7
44 74 7
44 74 7
44 74 7
44 74 7
44 74 7
44 74 7
44 74 7
44 74 7
44 74 7
44 74 7
44 74 7
44 74 7
44 74 7
44 74 7
44 74 7
44 74 7
44 74 7
44 74 7
44 74 7
44 74 7
44 74 7
44 74 7
44 74 7
44 74 7
44 74 7
44 74 7
44 74 7
44 74 7
44 74 7
44 74 7
44 74 7
44 74 7
44 74 7
44 74 7
44 74 7
44 74 7
44 74 7
44 74 7
44 74 7
44 74 7
44 74 7
44 74 7
44 74 7
44 74 7
44 74 7
44 74 7
44 74 7
44 74 7
44 74 7
44 74 7
44 74 7
44 74 7
44 74 7
44 74 7
44 74 7
44 74 7
44 74 7
44 74 7
44 74 7
44 74 7
43 74 395
43 74 7
43 74 7
43 74 7
43 74 7
43 74 7
43 74 7
43 74 7
43 74 7
43 74 7
43 74 7
43 74 7
43 74 7
43 74 7
43 74 7
43 74 7
43 74 7
43 74 7
43 74 7
43 74 7
43 74 7
43 74 7
43 74 7
43 74 7
43 74 7
43 74 7
43 74 7
43 74 7
43 74 7
43 74 7
43 74 7
43 74 7
43 74 7
43 74 7
43 74 7
43 74 7
43 74 7
43 74 7
43 74 7
43 74 7
43 74 7
43 74 7
43 74 7
43 74 7
43 74 7
43 74 7
43 74 7
43 74 7
43 74 7
43 74 7
43 74 7
43 74 7
43 74 7
43 74 7
43 74 7
43 74 7
43 74 7
43 74 7
43 74 7
43 74 7
43 74 7
43 74 7
43 74 7
43 74 7
43 74 7
43 74 7
43 74 7
43 74 7
43 74 7
43 74 7
43 74 7
43 74 7
43 74 7
43 74 7
43 74 7
43 74 7
43 74 7
43 74 7
43 74 7
43 74 7
43 74 7
43 74 7
43 74 7
43 74 7
43 74 7
43 74 7
43 74 7
43 74 7
43 74 7
43 74 7
43 74 7
43 74 7
43 74 7
43 74 7
43 74 7
43 74 7
42 74 381
42 74 7
42 74 7
42 74 7
42 74 7
42 74 7
42 74 7
42 74 7
42 74 7
42 74 7
42 74 7
42 74 7
42 74 7
42 74 7
42 74 7
42 74 7
42 74 7
42 74 7
42 74 7
42 74 7
42 74 7
42 74 7
42 74 7
42 74 7
42 74 7
42 74 7
42 74 7
42 74 7
42 74 7
42 74 7
42 74 7
42 74 7
42 74 7
42 74 7
42 74 7
42 74 7
42 74 7
42 74 7
42 74 7
42 74 7
42 74 7
42 74 7
42 74 7
42 74 7
42 74 7
42 74 7
42 74 7
42 74 7
42 74 7
42 74 7
42 74 7
42 74 7
42 74 7
42 74 7
42 74 7
42 74 7
42 74 7
42 74 7
42 74 7
42 74 7
42 74 7
42 74 7
42 74 7
42 74 7
42 74 7
42 74 7
42 74 7
42 74 7
42 74 7
42 74 7
42 74 7
42 74 7
42 74 7
42 74 7
42 74 7
42 74 7
42 74 7
42 74 7
42 74 7
42 74 7
42 74 7
42 74 7
42 74 7
42 74 7
42 74 7
42 74 7
42 74 7
42 74 7
42 74 7
42 74 7
42 74 7
42 74 7
42 74 7
42 74 7
42 74 7
42 74 7
42 74 7
42 74 7
42 74 7
42 74 7
42 74 7
42 74 7
42 74 7
42 74 7
42 74 7
42 74 7
42 74 7
42 74 7
42 74 7
42 74 7
42 74 7
42 74 7
42 74 7
42 74 7
42 74 7
42 74 7
42 74 7
42 74 7
42 74 7
42 74 7
42 74 7
42 74 7
41 74 367
41 74 7
41 74 7
41 74 7
41 74 7
41 74 7
41 74 7
41 74 7
41 74 7
41 74 7
41 74 7
41 74 7
41 74 7
41 74 7
41 74 7
41 74 7
41 74 7
41 74 7
41 74 7
41 74 7
41 74 7
41 74 7
41 74 7
41 74 7
41 74 7
41 74 7
41 74 7
41 74 7
41 74 7
41 74 7
41 74 7
41 74 7
41 74 7
41 74 7
41 74 7
41 74 7
41 74 7
41 74 7
41 74 7
41 74 7
41 74 7
41 74 7
41 74 7
41 74 7
41 74 7
41 74 7
41 74 7
41 74 7
41 74 7
41 74 7
41 74 7
41 74 7
41 74 7
41 74 7
41 74 7
41 74 7
41 74 7
41 74 7
41 74 7
41 74 7
41 74 7
41 74 7
41 74 7
41 74 7
41 74 7
41 74 7
41 74 7
41 74 7
41 74 7
41 74 7
41 74 7
41 74 7
41 74 7
41 74 7
41 74 7
41 74 7
41 74 7
41 74 7
41 74 7
41 74 7
41 74 7
41 74 7
41 74 7
41 74 7
41 74 7
41 74 7
41 74 7
41 74 7
41 74 7
41 74 7
41 74 7
41 74 7
41 74 7
41 74 7
41 74 7
41 74 7
41 74 7
41 74 7
41 74 7
41 74 7
41 74 7
41 74 7
41 74 7
41 74 7
41 74 7
41 74 7
41 74 7
41 74 7
41 74 7
41 74 7
41 74 7
41 74 7
41 74 7
41 74 7
41 74 7
41 74 7
41 74 7
41 74 7
41 74 7
41 74 7
41 74 7
41 74 7
41 74 7
41 74 7
41 74 7
41 74 7
41 74 7
41 74 7
41 74 7
41 74 7
41 74 7
41 74 7
41 74 7
41 74 7
41 74 7
41 74 7
41 74 7
41 74 7
41 74 7
41 74 7
41 74 7
41 74 7
41 74 7
41 74 7
41 74 7
41 74 7
41 73 347
41 73 7
41 73 7
41 73 7
41 73 7
41 73 7
41 73 7
41 73 7
41 73 7
41 73 7
41 73 7
41 73 7
41 73 7
41 73 7
41 73 7
41 73 7
41 73 7
41 73 7
41 73 7
41 73 7
41 73 7
41 73 7
41 73 7
41 73 7
41 73 7
41 73 7
41 73 7
41 73 7
41 73 7
41 73 7
41 73 7
41 73 7
41 73 7
41 73 7
41 73 7
41 73 7
41 73 7
41 73 7
41 73 7
41 73 7
41 73 7
41 73 7
41 73 7
41 73 7
41 73 7
41 73 7
41 73 7
41 73 7
41 73 7
41 73 7
41 73 7
41 73 7
41 73 7
41 73 7
41 73 7
41 73 7
41 73 7
41 73 7
41 73 7
41 73 7
41 73 7
41 73 7
41 73 7
41 73 7
41 73 7
41 73 7
41 73 7
41 73 7
41 73 7
41 73 7
41 73 7
41 73 7
41 73 7
41 73 7
41 73 7
41 73 7
41 73 7
41 73 7
41 73 7
41 73 7
41 73 7
41 73 7
41 73 7
41 73 7
41 73 7
41 73 7
41 73 7
41 73 7
41 73 7
41 73 7
41 73 7
41 73 7
41 73 7
41 73 7
41 73 7
41 73 7
41 73 7
41 73 7
41 73 7
41 73 7
41 73 7
41 73 7
41 73 7
41 73 7
41 73 7
41 73 7
41 73 7
41 73 7
41 73 7
41 73 7
41 73 7
41 73 7
41 73 7
41 73 7
41 73 7
41 73 7
41 73 7
40 73 326
40 73 7
40 73 7
40 73 7
40 73 7
40 73 7
40 73 7
40 73 7
40 73 7
40 73 7
40 73 7
40 73 7
40 73 7
40 73 7
40 73 7
40 73 7
40 73 7
40 73 7
40 73 7
40 73 7
40 73 7
40 73 7
40 73 7
40 73 7
40 73 7
40 73 7
40 73 7
40 73 7
40 73 7
40 73 7
40 73 7
40 73 7
40 73 7
40 73 7
40 73 7
40 73 7
40 73 7
40 73 7
40 73 7
40 73 7
40 73 7
40 73 7
40 73 7
40 73 7
40 73 7
40 73 7
40 73 7
40 73 7
40 73 7
40 73 7
40 73 7
40 73 7
40 73 7
40 73 7
40 73 7
40 73 7
40 73 7
40 73 7
40 73 7
40 73 7
40 73 7
40 73 7
40 73 7
40 73 7
40 73 7
40 73 7
40 73 7
40 73 7
40 73 7
40 73 7
40 73 7
40 73 7
40 73 7
40 73 7
40 73 7
40 73 7
40 73 7
40 73 7
40 73 7
40 73 7
40 73 7
40 73 7
40 73 7
40 73 7
40 73 7
40 73 7
40 73 7
40 73 7
40 73 7
40 73 7
40 73 7
40 73 7
40 73 7
40 73 7
40 73 7
40 73 7
40 73 7
40 73 7
40 73 7
40 73 7
40 73 7
40 73 7
40 73 7
40 73 7
40 73 7
40 73 7
40 73 7
40 73 7
40 73 7
40 73 7
40 73 7
40 73 7
40 73 7
40 73 7
40 73 7
40 73 7
40 73 7
40 73 7
40 73 7
40 73 7
40 73 7
40 73 7
40 73 7
40 73 7
40 73 7
40 73 7
40 73 7
40 73 7
40 73 7
40 73 7
40 73 7
39 73 306
39 73 7
39 73 7
39 73 7
39 73 7
39 73 7
39 73 7
39 73 7
39 73 7
39 73 7
39 73 7
39 73 7
39 73 7
39 73 7
39 73 7
39 73 7
39 73 7
39 73 7
39 73 7
39 73 7
39 73 7
39 73 7
39 73 7
39 73 7
39 73 7
39 73 7
39 73 7
39 73 7
39 73 7
39 73 7
39 73 7
39 73 7
39 73 7
39 73 7
39 73 7
39 73 7
39 73 7
39 73 7
39 73 7
39 73 7
39 73 7
39 73 7
39 73 7
39 73 7
39 73 7
39 73 7
39 73 7
39 73 7
39 73 7
39 73 7
39 73 7
39 73 7
39 73 7
39 73 7
39 73 7
39 73 7
39 73 7
39 73 7
39 73 7
39 73 7
39 73 7
39 73 7
39 73 7
39 73 7
39 73 7
39 73 7
39 73 7
39 73 7
39 73 7
39 73 7
39 73 7
39 73 7
39 73 7
39 73 7
39 73 7
39 73 7
39 73 7
39 73 7
39 73 7
39 73 7
39 73 7
39 73 7
39 73 7
39 73 7
39 73 7
39 73 7
39 73 7
39 73 7
39 73 7
39 73 7
39 73 7
39 73 7
39 73 7
39 73 7
39 73 7
39 73 7
39 73 7
39 73 7
39 73 7
39 73 7
39 73 7
39 73 7
39 73 7
39 73 7
39 73 7
39 73 7
39 73 7
39 73 7
39 73 7
39 73 7
39 73 7
39 73 7
39 73 7
39 73 7
39 73 7
39 73 7
39 73 7
39 73 7
39 73 7
39 73 7
39 73 7
39 73 7
39 73 7
39 73 7
39 73 7
39 73 7
39 73 7
39 73 7
39 73 7
39 73 7
39 73 7
39 73 7
39 73 7
39 73 7
39 73 7
39 73 7
39 73 7
39 73 7
39 73 7
39 73 7
39 73 7
39 72 282
39 72 7
39 72 7
39 72 7
39 72 7
39 72 7
39 72 7
39 72 7
39 72 7
39 72 7
39 72 7
39 72 7
39 72 7
39 72 7
39 72 7
39 72 7
39 72 7
39 72 7
39 72 7
39 72 7
39 72 7
39 72 7
39 72 7
39 72 7
39 72 7
39 72 7
39 72 7
39 72 7
39 72 7
39 72 7
39 72 7
39 72 7
39 72 7
39 72 7
39 72 7
39 72 7
39 72 7
39 72 7
39 72 7
39 72 7
39 72 7
39 72 7
39 72 7
39 72 7
39 72 7
39 72 7
39 72 7
39 72 7
39 72 7
39 72 7
39 72 7
39 72 7
39 72 7
39 72 7
39 72 7
39 72 7
39 72 7
39 72 7
39 72 7
39 72 7
39 72 7
39 72 7
39 72 7
39 72 7
39 72 7
39 72 7
39 72 7
39 72 7
39 72 7
39 72 7
39 72 7
39 72 7
39 72 7
39 72 7
39 72 7
39 72 7
39 72 7
39 72 7
39 72 7
39 72 7
39 72 7
39 72 7
39 72 7
39 72 7
39 72 7
39 72 7
39 72 7
39 72 7
39 72 7
39 72 7
39 72 7
39 72 7
39 72 7
39 72 7
39 72 7
39 72 7
39 72 7
39 72 7
39 72 7
39 72 7
39 72 7
39 72 7
38 72 259
38 72 7
38 72 7
38 72 7
38 72 7
38 72 7
38 72 7
38 72 7
38 72 7
38 72 7
38 72 7
38 72 7
38 72 7
38 72 7
38 72 7
38 72 7
38 72 7
38 72 7
38 72 7
38 72 7
38 72 7
38 72 7
38 72 7
38 72 7
38 72 7
38 72 7
38 72 7
38 72 7
38 72 7
38 72 7
38 72 7
38 72 7
38 72 7
38 72 7
38 72 7
38 72 7
38 72 7
38 72 7
38 72 7
38 72 7
38 72 7
38 72 7
38 72 7
38 72 7
38 72 7
38 72 7
38 72 7
38 72 7
38 72 7
38 72 7
38 72 7
38 72 7
38 72 7
38 72 7
38 72 7
38 72 7
38 72 7
38 72 7
38 72 7
38 72 7
38 72 7
38 72 7
38 72 7
38 72 7
38 72 7
38 72 7
38 72 7
38 72 7
38 72 7
38 72 7
38 72 7
38 72 7
38 72 7
38 72 7
38 72 7
38 72 7
38 72 7
38 72 7
38 72 7
38 72 7
38 72 7
38 72 7
38 72 7
38 72 7
38 72 7
38 72 7
38 72 7
38 72 7
38 72 7
38 72 7
38 72 7
38 72 7
38 72 7
38 72 7
38 72 7
38 72 7
38 72 7
38 72 7
38 72 7
38 72 7
38 72 7
38 72 7
38 72 7
38 72 7
38 71 237
38 71 7
38 71 7
38 71 7
38 71 7
38 71 7
38 71 7
38 71 7
38 71 7
38 71 7
38 71 7
38 71 7
38 71 7
38 71 7
38 71 7
38 71 7
38 71 7
38 71 7
38 71 7
38 71 7
38 71 7
38 71 7
38 71 7
38 71 7
38 71 7
38 71 7
38 71 7
38 71 7
38 71 7
38 71 7
38 71 7
38 71 7
38 71 7
38 71 7
38 71 7
38 71 7
38 71 7
38 71 7
38 71 7
38 71 7
38 71 7
38 71 7
38 71 7
38 71 7
38 71 7
38 71 7
38 71 7
38 71 7
38 71 7
38 71 7
38 71 7
38 71 7
38 71 7
38 71 7
38 71 7
38 71 7
38 71 7
38 71 7
38 71 7
38 71 7
38 71 7
38 71 7
38 71 7
38 71 7
38 71 7
38 71 7
37 71 212
37 71 7
37 71 7
37 71 7
37 71 7
37 71 7
37 71 7
37 71 7
37 71 7
37 71 7
37 71 7
37 71 7
37 71 7
37 71 7
37 71 7
37 71 7
37 71 7
37 71 7
37 71 7
37 71 7
37 71 7
37 71 7
37 71 7
37 71 7
37 71 7
37 71 7
37 71 7
37 71 7
37 71 7
37 71 7
37 71 7
37 71 7
37 71 7
37 71 7
37 71 7
37 71 7
37 71 7
37 71 7
37 71 7
37 71 7
37 71 7
37 71 7
37 71 7
37 71 7
37 71 7
37 71 7
37 71 7
37 71 7
37 71 7
37 71 7
37 71 7
37 71 7
37 71 7
37 71 7
37 71 7
37 71 7
37 71 7
37 71 7
37 71 7
37 71 7
37 71 7
37 71 7
37 71 7
37 70 192
37 70 7
37 70 7
37 70 7
37 70 7
37 70 7
37 70 7
37 70 7
37 70 7
37 70 7
37 70 7
37 70 7
37 70 7
37 70 7
37 70 7
37 70 7
37 70 7
37 70 7
37 70 7
37 70 7
37 70 7
37 70 7
37 70 7
37 70 7
37 70 7
37 70 7
37 70 7
37 70 7
37 70 7
37 70 7
37 70 7
37 70 7
37 70 7
37 69 176
37 69 7
37 69 7
37 69 7
37 69 7
37 69 7
37 69 7
37 69 7
37 69 7
37 69 7
37 69 7
37 69 7
37 69 7
36 68 137
35 68 114
34 68 94
33 68 78
33 68 7
32 68 65
32 68 7
32 67 54
31 67 45
31 66 37
31 65 31
30 65 25
30 64 20
30 63 16
30 63 7
30 62 15
30 62 7
29 62 15
29 62 7
28 62 15
28 62 7
27 62 15
27 62 7
26 63 19
26 64 25
26 65 30
26 66 35
26 67 41
25 67 46
25 68 51
24 68 55
23 68 59
23 69 61
22 69 62
21 69 63
21 70 60
20 70 56
19 70 50
18 70 42
18 71 32
17 71 20
17 72 15
17 73 15
16 73 15
15 73 15
15 74 15
15 74 7
14 74 15
14 74 7
13 74 15
13 74 7
12 74 15
12 74 7
12 75 15
12 75 7
12 75 7
12 76 15
12 76 7
12 76 7
12 76 7
12 77 15
12 77 7
12 77 7
12 77 7
12 78 15
12 78 7
12 78 7
12 78 7
12 78 7
12 79 15
12 79 7
12 79 7
12 79 7
12 79 7
12 80 15
12 80 7
12 80 7
12 80 7
12 80 7
12 80 7
11 81 60
11 82 105
11 83 150
11 84 195
11 85 238
11 86 278
11 87 312
11 88 340
11 89 361
11 90 375
11 91 381
11 92 379
11 93 371
11 94 357
11 96 314
11 96 7
11 96 7
11 96 7
11 96 7
11 97 288
11 97 7
11 97 7
11 97 7
11 97 7
11 97 7
11 97 7
11 98 261
11 98 7
11 98 7
11 98 7
11 98 7
11 98 7
11 98 7
11 98 7
11 99 233
11 99 7
11 99 7
11 99 7
11 99 7
11 99 7
11 99 7
11 100 205
11 100 7
11 100 7
11 100 7
11 101 179
11 102 155
11 103 132
11 104 112
11 105 94
10 105 76
10 106 59
10 107 45
10 108 32
9 109 15
9 109 7
8 109 15
8 109 7
8 110 15
8 110 7
8 111 15
8 112 15
8 113 15
8 114 15
7 114 15
7 115 15
6 115 15
6 116 15
6 117 15
5 117 15
4 117 15
3 117 15
2 117 15
1 117 15
0 118 15
0 119 15
0 120 15
0 121 15
0 122 15
0 123 15
0 123 7
0 124 15
0 124 7
0 125 15
0 125 7
0 126 15
0 126 7
0 127 15
0 127 7
0 127 7
0 128 15
0 128 7
0 128 7
0 129 15
0 129 7
0 129 7
0 130 15
0 130 7
0 130 7
0 130 7
0 132 53
0 133 76
0 134 98
0 135 118
0 136 136
0 137 149
0 138 159
0 139 162
0 140 161
0 141 154
0 142 141
0 143 123
0 144 101
0 145 77
0 147 22
0 147 7
0 147 7
0 147 7
0 147 7
0 148 15
0 148 7
0 148 7
0 148 7
0 148 7
0 149 15
0 149 7
0 149 7
0 149 7
0 150 15
0 150 7
0 150 7
0 151 15
0 151 7
0 151 7
0 152 15
0 152 7
0 153 15
0 153 7
0 154 15
0 155 15
0 156 15
0 157 15
0 158 15
0 159 15
0 160 15
1 161 15
2 161 15
2 162 15
3 162 15
3 163 15
4 163 15
5 163 15
6 163 15
7 163 15
8 163 15
8 164 15
8 165 15
9 165 15
10 165 15
11 165 15
12 165 15
12 165 7
12 166 15
12 167 15
12 168 15
13 169 15
13 170 15
13 171 15
13 172 15
13 173 15
13 174 15
13 175 15
12 175 15
12 176 15
11 176 15
10 176 15
9 176 15
8 176 15
7 176 15
6 176 15
5 176 15
4 176 15
3 176 15
2 176 15
1 176 15
59 30 15
59 30 7
59 30 7
58 30 15
58 30 7
57 30 15
57 30 7
56 30 15
56 30 7
55 30 15
55 30 7
55 31 15
55 31 7
54 31 15
54 32 15
54 32 7
53 32 15
52 32 15
51 32 15
50 32 15
49 32 15
49 33 20
48 33 25
48 34 26
48 35 26
48 36 24
47 37 15
47 37 7
47 38 15
47 38 7
46 38 15
46 38 7
45 38 15
44 38 15
44 39 15
44 40 15
44 41 15
43 41 15
43 42 15
42 42 15
42 43 15
41 43 15
40 43 15
39 43 15
38 43 15
37 44 15
37 45 15
37 46 15
37 47 15
37 48 15
37 49 15
37 50 15
36 50 15
35 50 15
34 50 15
34 51 15
34 52 15
33 52 15
32 52 15
32 53 15
32 54 15
32 55 15
31 55 15
30 55 15
30 56 15
30 57 15
30 58 15
30 58 7
30 59 15
30 59 7
29 59 15
29 59 7
28 59 15
28 59 7
27 59 15
27 59 7
27 60 15
27 60 7
26 60 15
26 60 7
26 61 15
26 61 7
72 116 15
72 117 15
72 118 16
73 118 15
73 119 15
73 120 15
73 121 15
73 122 15
73 123 15
73 124 15
74 124 15
75 124 15
76 124 15
77 124 15
78 124 15
79 124 15
80 124 15
81 124 15
82 124 15
83 124 15
84 125 15
84 126 15
84 127 15
84 128 15
85 128 15
86 128 15
86 129 15
87 129 15
88 129 15
88 130 15
89 130 15
90 130 15
91 130 15
91 130 7
91 131 15
92 131 15
92 131 7
92 132 15
93 132 15
93 132 7
94 132 15
94 132 7
95 132 15
95 132 7
96 132 17
96 132 7
97 133 15
97 133 7
97 134 15
97 134 7
98 134 15
98 134 7
99 134 15
99 134 7
100 134 15
100 134 7
101 134 15
101 134 7
102 134 19
102 134 7
103 134 26
104 134 34
105 134 42
106 134 51
107 134 62
107 133 72
108 133 83
109 133 94
109 132 104
110 132 115
110 131 124
110 130 134
110 129 146
110 128 160
110 127 175
110 126 193
111 125 202
111 125 7
111 125 7
111 125 7
112 125 194
112 125 7
112 125 7
112 125 7
112 125 7
112 125 7
113 125 188
113 125 7
113 125 7
113 125 7
113 125 7
113 125 7
113 125 7
113 125 7
113 125 7
114 125 184
114 125 7
114 125 7
114 125 7
114 125 7
114 125 7
114 125 7
114 125 7
114 125 7
114 125 7
114 125 7
114 125 7
114 125 7
114 125 7
115 125 183
115 125 7
115 125 7
115 125 7
115 125 7
115 125 7
115 125 7
115 125 7
115 125 7
115 125 7
115 125 7
115 125 7
115 125 7
115 125 7
115 125 7
115 125 7
115 125 7
115 125 7
115 125 7
115 124 182
115 124 7
115 124 7
115 124 7
115 124 7
115 124 7
115 124 7
115 124 7
115 124 7
115 124 7
115 124 7
115 124 7
115 124 7
115 124 7
115 124 7
115 124 7
115 124 7
115 124 7
115 124 7
115 124 7
115 124 7
115 124 7
115 124 7
115 124 7
115 124 7
116 124 178
116 124 7
116 124 7
116 124 7
116 124 7
116 124 7
116 124 7
116 124 7
116 124 7
116 124 7
116 124 7
116 124 7
116 124 7
116 124 7
116 124 7
116 124 7
116 124 7
116 124 7
116 124 7
116 124 7
116 124 7
116 124 7
116 124 7
116 124 7
116 124 7
116 124 7
116 124 7
116 124 7
116 124 7
116 124 7
116 124 7
116 123 174
116 123 7
116 123 7
116 123 7
116 123 7
116 123 7
116 123 7
116 123 7
116 123 7
116 123 7
116 123 7
116 123 7
116 123 7
116 123 7
116 123 7
116 123 7
116 123 7
116 123 7
116 123 7
116 123 7
116 123 7
116 123 7
116 123 7
116 123 7
116 123 7
116 123 7
116 123 7
116 123 7
116 123 7
116 123 7
116 123 7
116 123 7
116 123 7
116 123 7
116 123 7
117 123 169
117 123 7
117 123 7
117 123 7
117 123 7
117 123 7
117 123 7
117 123 7
117 123 7
117 123 7
117 123 7
117 123 7
117 123 7
117 123 7
117 123 7
117 123 7
117 123 7
117 123 7
117 123 7
117 123 7
117 123 7
117 123 7
117 123 7
117 123 7
117 123 7
117 123 7
117 123 7
117 123 7
117 123 7
117 123 7
117 123 7
117 123 7
117 123 7
117 123 7
117 123 7
117 123 7
117 123 7
117 123 7
117 122 161
117 122 7
117 122 7
117 122 7
117 122 7
117 122 7
117 122 7
117 122 7
117 122 7
117 122 7
117 122 7
117 122 7
117 122 7
117 122 7
117 122 7
117 122 7
117 122 7
117 122 7
117 122 7
117 122 7
117 122 7
117 122 7
117 122 7
117 122 7
117 122 7
117 122 7
117 122 7
117 122 7
117 122 7
117 122 7
117 122 7
117 122 7
117 122 7
117 122 7
117 122 7
117 122 7
117 122 7
117 122 7
117 122 7
117 121 154
117 121 7
117 121 7
117 121 7
117 121 7
117 121 7
117 121 7
117 121 7
117 121 7
117 121 7
117 121 7
117 121 7
117 121 7
117 121 7
117 121 7
117 121 7
117 121 7
117 121 7
117 121 7
117 121 7
117 121 7
117 121 7
117 121 7
117 121 7
117 121 7
117 121 7
117 121 7
117 121 7
117 121 7
117 121 7
117 121 7
117 121 7
117 121 7
117 121 7
117 121 7
117 121 7
117 121 7
117 121 7
117 121 7
118 121 143
118 121 7
118 121 7
118 121 7
118 121 7
118 121 7
118 121 7
118 121 7
118 121 7
118 121 7
118 121 7
118 121 7
118 121 7
118 121 7
118 121 7
118 121 7
118 121 7
118 121 7
118 121 7
118 121 7
118 121 7
118 121 7
118 121 7
118 121 7
118 121 7
118 121 7
118 121 7
118 121 7
118 121 7
118 121 7
118 121 7
118 121 7
118 121 7
118 121 7
118 121 7
118 121 7
118 120 133
118 120 7
118 120 7
118 120 7
118 120 7
118 120 7
118 120 7
118 120 7
118 120 7
118 120 7
118 120 7
118 120 7
118 120 7
118 120 7
118 120 7
118 120 7
118 120 7
118 120 7
118 120 7
118 120 7
118 120 7
118 120 7
118 120 7
118 120 7
118 120 7
118 120 7
118 120 7
118 120 7
118 120 7
118 120 7
118 120 7
118 120 7
118 120 7
118 120 7
119 120 122
119 120 7
119 120 7
119 120 7
119 120 7
119 120 7
119 120 7
119 120 7
119 120 7
119 120 7
119 120 7
119 120 7
119 120 7
119 120 7
119 120 7
119 120 7
119 120 7
119 120 7
119 120 7
119 120 7
119 120 7
119 120 7
119 120 7
119 120 7
119 120 7
119 120 7
119 120 7
119 120 7
119 119 109
119 119 7
119 119 7
119 119 7
119 119 7
119 119 7
119 119 7
119 119 7
119 119 7
119 119 7
119 119 7
119 119 7
119 119 7
119 119 7
119 119 7
119 119 7
119 119 7
119 119 7
119 119 7
119 119 7
119 119 7
119 119 7
119 119 7
119 118 98
119 118 7
119 118 7
119 118 7
119 118 7
119 118 7
119 118 7
119 118 7
119 118 7
119 118 7
119 118 7
119 118 7
119 118 7
119 118 7
119 118 7
119 118 7
119 118 7
119 118 7
120 118 83
120 118 7
120 118 7
120 118 7
120 118 7
120 118 7
120 118 7
120 118 7
120 118 7
120 118 7
120 118 7
120 118 7
120 118 7
120 117 70
120 117 7
120 117 7
120 117 7
120 117 7
120 117 7
120 117 7
120 117 7
120 117 7
121 117 57
121 117 7
121 117 7
121 117 7
121 117 7
121 117 7
121 116 43
121 116 7
121 116 7
121 116 7
121 116 7
121 115 31
121 115 7
121 115 7
121 115 7
121 114 21
121 114 7
121 114 7
121 114 7
121 113 15
121 113 7
121 113 7
121 113 7
121 112 15
121 112 7
121 112 7
121 112 7
121 111 15
121 111 7
121 111 7
121 111 7
121 110 15
121 110 7
121 110 7
121 110 7
121 109 15
121 109 7
121 109 7
121 109 7
121 109 7
121 108 15
121 108 7
121 108 7
121 108 7
121 108 7
121 107 15
121 107 7
121 107 7
121 107 7
121 107 7
121 107 7
121 106 15
121 106 7
121 106 7
121 106 7
121 106 7
121 106 7
121 106 7
121 106 7
121 105 21
121 105 7
121 105 7
121 105 7
121 105 7
121 105 7
121 105 7
121 105 7
121 104 30
121 104 7
121 104 7
121 104 7
121 104 7
121 104 7
121 104 7
121 104 7
120 104 38
120 104 7
120 104 7
120 104 7
120 104 7
120 104 7
120 104 7
120 104 7
120 104 7
120 103 45
120 103 7
120 103 7
120 103 7
120 103 7
120 103 7
120 103 7
120 103 7
120 103 7
120 102 54
120 102 7
120 102 7
120 102 7
120 102 7
120 102 7
120 102 7
120 102 7
119 102 60
119 102 7
119 102 7
119 102 7
119 102 7
119 102 7
119 102 7
119 102 7
119 102 7
119 102 7
119 102 7
119 101 66
119 101 7
119 101 7
119 101 7
119 101 7
119 101 7
119 101 7
119 101 7
119 101 7
119 100 73
119 100 7
119 100 7
119 100 7
119 100 7
119 100 7
119 100 7
118 100 77
118 100 7
118 100 7
118 100 7
118 100 7
118 100 7
118 100 7
118 100 7
118 100 7
118 100 7
118 99 81
118 99 7
118 99 7
118 99 7
118 99 7
118 99 7
118 99 7
118 98 86
118 98 7
118 98 7
118 98 7
117 98 88
117 98 7
117 98 7
117 98 7
117 98 7
117 98 7
117 98 7
117 97 89
117 97 7
117 97 7
117 97 7
117 97 7
117 96 92
117 96 7
116 96 92
116 96 7
116 96 7
116 96 7
116 96 7
116 95 92
116 95 7
116 95 7
116 94 92
115 94 91
115 94 7
115 94 7
115 93 89
115 93 7
115 92 88
115 91 86
114 91 84
114 90 80
114 89 77
114 88 73
114 87 69
114 86 64
114 85 59
114 84 52
114 83 46
114 82 39
114 81 31
114 80 24
114 79 17
113 78 15
113 77 15
113 76 15
114 76 15
115 76 15
116 76 15
116 75 15
116 74 15
117 74 15
117 73 15
118 73 15
119 73 15
120 73 15
121 73 15
122 73 15
123 73 15
124 73 15
125 72 15
126 72 15
126 71 15
127 71 15
128 71 15
128 71 7
128 70 15
128 70 7
129 70 15
129 70 7
130 70 15
130 70 7
130 70 7
130 69 15
130 69 7
130 68 15
130 68 7
131 68 15
131 68 7
131 68 7
132 68 15
132 68 7
132 68 7
133 68 15
133 68 7
133 68 7
133 67 15
133 67 7
133 67 7
134 67 15
134 67 7
134 67 7
134 66 15
134 66 7
134 66 7
135 66 15
135 66 7
135 66 7
136 66 15
136 66 7
136 66 7
137 66 15
137 66 7
138 65 15
138 65 7
139 65 15
139 65 7
139 64 15
140 64 15
141 64 15
141 63 15
141 62 15
142 62 15
143 62 15
144 62 15
145 62 15
146 62 15
147 62 15
148 62 17
149 62 25
150 62 32
151 62 38
152 62 44
153 62 49
154 62 53
155 62 55
155 63 56
156 63 55
157 63 53
158 63 50
158 64 45
159 64 40
160 64 34
161 64 28
162 64 22
163 64 17
164 64 15
165 64 15
166 64 15
167 64 15
168 64 15
169 64 15
170 64 15
171 64 15
171 63 15
172 63 15
172 62 15
173 62 15
173 61 15
174 61 15
175 60 15
176 60 15
177 60 15
178 60 15
178 59 15
178 58 15
178 57 15
178 56 15
178 55 15
178 54 15
178 53 15
179 53 15
180 53 15
181 53 15
181 52 15
181 52 7
181 51 15
181 51 7
181 50 15
181 50 7
181 50 7
181 49 15
181 49 7
181 49 7
181 49 7
181 48 15
181 48 7
181 48 7
181 48 7
181 48 7
181 48 7
181 47 15
181 47 7
181 47 7
181 47 7
181 47 7
181 47 7
181 47 7
181 47 7
181 46 29
181 46 7
181 46 7
181 46 7
181 46 7
181 46 7
181 46 7
181 46 7
181 46 7
181 46 7
181 45 53
181 45 7
181 45 7
181 45 7
181 45 7
181 45 7
181 45 7
181 45 7
181 45 7
181 45 7
181 45 7
181 44 79
181 44 7
181 44 7
181 44 7
181 44 7
181 44 7
181 44 7
181 44 7
181 44 7
181 44 7
181 44 7
181 44 7
181 44 7
181 44 7
181 43 107
181 43 7
181 43 7
181 43 7
181 43 7
181 43 7
181 43 7
181 43 7
181 43 7
181 43 7
181 43 7
181 43 7
181 43 7
181 43 7
181 43 7
181 43 7
181 43 7
181 43 7
181 42 136
181 42 7
181 42 7
181 42 7
181 42 7
181 42 7
181 42 7
181 42 7
181 42 7
181 42 7
181 42 7
181 42 7
181 42 7
181 42 7
181 42 7
181 42 7
181 42 7
181 42 7
181 42 7
181 42 7
181 42 7
181 42 7
181 42 7
181 41 165
181 41 7
181 41 7
181 41 7
181 41 7
181 41 7
181 41 7
181 41 7
181 41 7
181 41 7
181 41 7
181 41 7
181 41 7
181 41 7
181 41 7
181 41 7
181 41 7
181 41 7
181 41 7
181 41 7
181 41 7
181 41 7
181 41 7
181 41 7
181 41 7
181 41 7
181 40 193
181 40 7
181 40 7
181 40 7
181 40 7
181 40 7
181 40 7
181 40 7
181 40 7
181 40 7
181 40 7
181 40 7
181 40 7
181 40 7
181 40 7
181 40 7
181 40 7
181 40 7
181 40 7
181 40 7
181 40 7
181 40 7
181 40 7
181 40 7
181 40 7
181 40 7
181 40 7
181 39 220
181 39 7
181 39 7
181 39 7
181 39 7
181 39 7
181 39 7
181 39 7
181 39 7
181 39 7
181 39 7
181 39 7
181 39 7
181 39 7
181 39 7
181 39 7
181 39 7
181 39 7
181 39 7
181 39 7
181 39 7
181 39 7
181 39 7
181 39 7
181 39 7
181 39 7
181 38 245
181 38 7
181 38 7
181 38 7
181 38 7
181 38 7
181 38 7
181 38 7
181 38 7
181 38 7
181 38 7
181 38 7
181 38 7
181 38 7
181 38 7
181 38 7
181 38 7
181 38 7
181 38 7
181 38 7
181 38 7
181 38 7
181 37 266
181 37 7
181 37 7
181 37 7
181 37 7
181 37 7
181 37 7
181 37 7
181 37 7
181 37 7
181 37 7
181 37 7
181 37 7
181 37 7
181 37 7
181 37 7
181 37 7
181 37 7
181 36 284
181 36 7
181 36 7
181 36 7
181 36 7
181 36 7
181 36 7
181 36 7
181 36 7
181 36 7
181 36 7
181 36 7
181 36 7
181 36 7
181 35 297
181 35 7
181 35 7
181 35 7
181 35 7
181 35 7
181 35 7
181 35 7
181 35 7
181 34 305
181 34 7
181 34 7
181 34 7
181 34 7
181 34 7
181 33 308
181 32 306
181 31 299
181 30 287
181 29 270
181 28 251
181 27 228
181 26 204
181 25 179
181 25 7
181 25 7
181 25 7
181 25 7
181 24 154
181 24 7
181 24 7
181 24 7
181 24 7
181 24 7
181 24 7
181 24 7
181 24 7
181 24 7
181 24 7
181 23 131
181 23 7
181 23 7
181 23 7
181 23 7
181 23 7
181 23 7
181 23 7
181 23 7
181 23 7
181 23 7
181 23 7
181 23 7
181 23 7
181 23 7
181 23 7
181 23 7
181 23 7
181 22 111
181 22 7
181 22 7
181 22 7
181 22 7
181 22 7
181 22 7
181 22 7
181 22 7
181 22 7
181 22 7
181 22 7
181 22 7
181 22 7
181 22 7
181 22 7
181 22 7
181 22 7
181 22 7
181 22 7
181 22 7
181 22 7
181 22 7
181 22 7
181 21 95
181 21 7
181 21 7
181 21 7
181 21 7
181 21 7
181 21 7
181 21 7
181 21 7
181 21 7
181 21 7
181 21 7
181 21 7
181 21 7
181 21 7
181 21 7
181 21 7
181 21 7
181 21 7
181 21 7
181 21 7
181 21 7
181 21 7
181 21 7
181 21 7
181 21 7
181 21 7
181 21 7
181 21 7
181 20 83
181 20 7
181 20 7
181 20 7
181 20 7
181 20 7
181 20 7
181 20 7
181 20 7
181 20 7
181 20 7
181 20 7
181 20 7
181 20 7
181 20 7
181 20 7
181 20 7
181 20 7
181 20 7
181 20 7
181 20 7
181 20 7
181 20 7
181 20 7
181 20 7
181 20 7
181 20 7
181 20 7
181 20 7
181 20 7
181 20 7
181 20 7
181 20 7
181 20 7
182 20 76
182 20 7
182 20 7
182 20 7
182 20 7
182 20 7
182 20 7
182 20 7
182 20 7
182 20 7
182 20 7
182 20 7
182 20 7
182 20 7
182 20 7
182 20 7
182 20 7
182 20 7
182 20 7
182 20 7
182 20 7
182 20 7
182 20 7
182 20 7
182 20 7
182 20 7
182 20 7
182 20 7
182 20 7
182 20 7
182 20 7
182 19 69
182 19 7
182 19 7
182 19 7
182 19 7
182 19 7
182 19 7
182 19 7
182 19 7
182 19 7
182 19 7
182 19 7
182 19 7
182 19 7
182 19 7
182 19 7
182 19 7
182 19 7
182 19 7
182 19 7
182 19 7
182 19 7
182 19 7
182 19 7
182 19 7
182 19 7
182 19 7
182 19 7
182 19 7
182 19 7
182 19 7
182 19 7
182 19 7
182 19 7
182 19 7
183 19 62
183 19 7
183 19 7
183 19 7
183 19 7
183 19 7
183 19 7
183 19 7
183 19 7
183 19 7
183 19 7
183 19 7
183 19 7
183 19 7
183 19 7
183 19 7
183 19 7
183 19 7
183 19 7
183 19 7
183 19 7
183 19 7
183 19 7
183 19 7
183 19 7
183 19 7
183 19 7
183 19 7
183 19 7
183 19 7
184 19 56
184 19 7
184 19 7
184 19 7
184 19 7
184 19 7
184 19 7
184 19 7
184 19 7
184 19 7
184 19 7
184 19 7
184 19 7
184 19 7
184 19 7
184 19 7
184 19 7
184 19 7
184 19 7
184 19 7
184 19 7
184 19 7
184 19 7
184 19 7
184 19 7
185 19 51
185 19 7
185 19 7
185 19 7
185 19 7
185 19 7
185 19 7
185 19 7
185 19 7
185 19 7
185 19 7
185 19 7
185 19 7
185 19 7
185 19 7
185 19 7
185 19 7
185 19 7
185 19 7
185 19 7
186 19 46
186 19 7
186 19 7
186 19 7
186 19 7
186 19 7
186 19 7
186 19 7
186 19 7
186 19 7
186 19 7
186 19 7
186 19 7
186 19 7
186 19 7
187 19 41
187 19 7
187 19 7
187 19 7
187 19 7
187 19 7
187 19 7
187 19 7
187 19 7
187 19 7
187 19 7
187 18 35
187 18 7
187 18 7
187 18 7
187 18 7
187 18 7
187 18 7
187 18 7
187 18 7
187 18 7
187 18 7
187 18 7
187 18 7
188 18 29
188 18 7
188 18 7
188 18 7
188 18 7
188 18 7
188 18 7
188 18 7
188 18 7
188 18 7
189 18 23
189 18 7
189 18 7
189 18 7
189 18 7
189 18 7
189 18 7
190 18 19
190 18 7
190 18 7
190 18 7
190 18 7
190 18 7
190 17 15
190 17 7
190 17 7
190 17 7
190 17 7
190 17 7
191 17 15
191 17 7
191 17 7
191 17 7
191 17 7
192 17 15
192 17 7
192 17 7
192 17 7
193 17 15
193 17 7
193 17 7
193 17 7
194 17 15
194 17 7
194 17 7
194 17 7
195 17 15
195 17 7
195 17 7
195 17 7
196 17 15
196 17 7
196 17 7
196 17 7
196 16 15
196 16 7
196 16 7
197 16 15
197 16 7
197 16 7
198 16 15
198 16 7
198 16 7
112 77 15
111 77 15
111 76 15
110 76 15
109 76 15
109 75 15
109 74 15
108 74 15
107 74 15
106 74 15
106 73 15
105 73 15
105 72 15
104 72 15
103 72 15
102 72 15
101 72 15
