146 6 23
103 107 23
41 169 23
180 176 23
180 176 13
180 176 13
180 176 13
134 0 23
134 0 13
134 0 13
134 0 13
134 0 13
134 0 13
134 0 13
134 0 13
134 0 13
134 0 13
134 0 13
134 0 13
134 0 13
134 0 13
134 0 13
134 0 13
134 0 13
134 0 13
134 0 13
134 0 13
134 0 13
134 0 13
134 0 13
134 0 13
134 0 13
134 0 13
91 114 23
103 121 23
53 162 23
41 155 23
41 155 13
41 155 13
41 155 13
134 13 23
134 13 13
146 20 23
115 114 23
192 169 23
192 169 13
192 169 13
192 169 13
192 169 13
192 169 13
192 169 13
192 169 13
192 169 13
192 169 13
192 169 13
192 169 13
192 169 13
192 169 13
192 169 13
192 169 13
192 169 13
192 169 13
192 169 13
192 169 13
192 169 13
192 169 13
192 169 13
192 169 13
192 169 13
192 169 13
192 169 13
192 169 13
192 169 13
192 169 13
192 169 13
159 13 23
116 128 23
128 121 23
53 176 23
159 0 23
128 135 23
172 6 23
172 6 13
172 6 13
192 183 23
192 183 13
192 183 13
192 183 13
179 190 23
179 190 13
179 190 13
179 190 13
179 190 13
179 190 13
179 190 13
179 190 13
179 190 13
179 190 13
140 128 23
140 128 13
140 128 13
140 128 13
134 28 23
134 28 13
90 100 23
90 100 13
90 100 13
90 100 13
90 100 13
90 100 13
122 20 23
122 20 13
122 20 13
122 20 13
122 20 13
122 20 13
122 20 13
122 20 13
122 20 13
122 20 13
122 20 13
122 20 13
122 20 13
122 20 13
122 20 13
122 20 13
122 20 13
122 20 13
122 20 13
122 20 13
122 20 13
122 20 13
122 20 13
122 20 13
122 20 13
122 20 13
122 20 13
122 20 13
147 35 23
147 35 13
147 35 13
147 35 13
147 35 13
147 35 13
147 35 13
147 35 13
41 183 23
135 42 23
135 42 13
135 42 13
135 42 13
135 42 13
135 42 13
135 42 13
135 42 13
135 42 13
135 42 13
135 42 13
135 42 13
135 42 13
135 42 13
135 42 13
135 42 13
135 42 13
135 42 13
135 42 13
135 42 13
135 42 13
135 42 13
135 42 13
53 148 23
53 148 13
53 148 13
53 148 13
141 142 23
53 191 23
153 135 23
154 148 23
172 21 23
172 21 13
172 21 13
172 21 13
172 21 13
172 21 13
172 21 13
172 21 13
172 21 13
172 21 13
172 21 13
172 21 13
172 21 13
172 21 13
172 21 13
172 21 13
172 21 13
172 21 13
172 21 13
172 21 13
172 21 13
172 21 13
172 21 13
172 21 13
172 21 13
172 21 13
172 21 13
172 21 13
172 21 13
172 21 13
172 21 13
172 21 13
172 21 13
40 198 23
148 49 23
148 49 13
148 49 13
148 49 13
148 49 13
148 49 13
148 49 13
148 49 13
148 49 13
148 49 13
148 49 13
148 49 13
148 49 13
148 49 13
148 49 13
148 49 13
148 49 13
148 49 13
166 141 23
167 155 23
167 155 13
167 155 13
167 169 23
160 42 23
160 42 13
160 42 13
160 42 13
160 42 13
160 42 13
160 42 13
160 42 13
160 42 13
160 42 13
160 42 13
160 42 13
160 42 13
160 42 13
160 42 13
160 42 13
160 42 13
160 42 13
160 42 13
160 42 13
160 42 13
160 42 13
160 42 13
160 42 13
160 42 13
160 42 13
160 42 13
160 42 13
160 42 13
160 42 13
160 42 13
160 42 13
160 42 13
160 42 13
160 42 13
160 42 13
160 42 13
160 42 13
160 42 13
160 42 13
185 0 23
185 0 13
185 0 13
185 0 13
185 0 13
185 0 13
185 0 13
185 0 13
185 0 13
185 0 13
185 0 13
185 0 13
198 7 23
198 7 13
198 7 13
198 7 13
198 7 13
198 7 13
198 7 13
198 7 13
198 7 13
198 7 13
198 7 13
198 7 13
198 7 13
198 7 13
198 7 13
198 7 13
198 7 13
198 7 13
198 7 13
198 7 13
198 7 13
198 7 13
198 7 13
198 7 13
198 7 13
198 7 13
198 7 13
198 7 13
198 7 13
198 7 13
198 7 13
198 7 13
198 7 13
198 7 13
198 7 13
198 7 13
198 7 13
198 7 13
198 7 13
198 7 13
198 7 13
198 7 13
198 7 13
198 7 13
198 7 13
198 7 13
149 64 23
149 64 13
149 64 13
149 64 13
137 71 23
136 57 23
136 57 13
136 57 13
136 57 13
136 57 13
136 57 13
136 57 13
136 57 13
136 57 13
136 57 13
136 57 13
150 78 23
150 78 13
150 78 13
150 78 13
138 85 23
138 85 13
138 85 13
138 85 13
138 85 13
138 85 13
138 85 13
138 85 13
138 85 13
138 85 13
138 85 13
138 85 13
138 85 13
138 85 13
138 85 13
138 85 13
138 85 13
138 85 13
138 85 13
138 85 13
138 85 13
138 85 13
138 85 13
138 85 13
138 85 13
138 85 13
138 85 13
162 71 23
162 71 13
162 71 13
162 71 13
162 71 13
162 71 13
162 71 13
162 71 13
162 71 13
162 71 13
163 85 23
163 85 13
163 85 13
163 85 13
163 85 13
163 85 13
163 85 13
163 85 13
163 85 13
163 85 13
163 85 13
174 78 23
174 78 13
174 78 13
174 78 13
174 78 13
175 92 23
175 92 13
175 92 13
175 92 13
175 92 13
175 92 13
175 92 13
175 92 13
175 92 13
175 92 13
175 92 13
175 92 13
175 92 13
175 92 13
175 92 13
175 92 13
175 92 13
175 92 13
175 92 13
175 92 13
175 92 13
175 92 13
175 92 13
175 92 13
175 92 13
175 92 13
175 92 13
175 92 13
175 92 13
175 92 13
175 92 13
175 92 13
175 92 13
175 92 13
175 92 13
125 64 23
125 64 13
125 64 13
125 64 13
125 64 13
113 71 23
113 71 13
113 71 13
113 71 13
113 71 13
113 71 13
113 71 13
113 71 13
113 71 13
113 71 13
113 71 13
113 71 13
113 71 13
113 71 13
113 71 13
113 71 13
113 71 13
113 71 13
113 71 13
113 71 13
113 71 13
113 71 13
113 71 13
113 71 13
113 71 13
113 71 13
113 71 13
186 71 23
186 71 13
174 64 23
174 64 13
174 64 13
174 64 13
174 64 13
174 64 13
174 64 13
174 64 13
174 64 13
174 64 13
174 64 13
174 64 13
174 64 13
174 64 13
186 57 23
186 57 13
186 57 13
186 57 13
186 57 13
186 57 13
186 57 13
199 64 23
198 50 23
167 183 23
167 183 13
112 57 23
112 57 13
112 57 13
112 57 13
112 57 13
112 57 13
112 57 13
112 57 13
112 57 13
112 57 13
112 57 13
112 57 13
112 57 13
112 57 13
112 57 13
112 57 13
112 57 13
112 57 13
112 57 13
112 57 13
112 57 13
112 57 13
112 57 13
112 57 13
112 57 13
112 57 13
112 57 13
112 57 13
112 57 13
112 57 13
112 57 13
112 57 13
112 57 13
112 57 13
112 57 13
112 57 13
112 57 13
112 57 13
112 57 13
112 57 13
126 78 23
126 78 13
126 78 13
126 78 13
126 78 13
126 78 13
126 78 13
126 78 13
126 78 13
114 86 23
114 86 13
114 86 13
114 86 13
114 86 13
114 86 13
114 86 13
114 86 13
114 86 13
114 86 13
114 86 13
114 86 13
114 86 13
102 93 23
102 93 13
102 93 13
102 93 13
102 93 13
102 93 13
180 177 32
180 177 15
179 177 24
179 177 15
178 177 15
178 177 15
178 177 15
177 177 15
177 177 15
176 177 15
176 177 15
176 176 15
176 176 15
175 176 15
175 176 15
174 176 15
174 176 15
173 176 15
173 176 15
172 176 15
172 176 15
172 175 15
172 175 15
172 174 15
172 174 15
172 173 15
172 173 15
171 173 15
170 173 15
169 173 15
168 173 15
168 172 15
168 171 15
168 170 15
167 170 15
166 169 23
166 168 31
166 167 40
166 166 47
166 165 54
166 164 59
166 163 63
166 162 65
166 161 65
166 160 63
166 159 60
166 158 54
166 157 48
166 156 39
166 155 29
166 154 19
166 154 15
166 153 15
166 153 15
166 153 15
165 153 15
165 153 15
164 153 15
164 153 15
163 153 15
163 153 15
163 152 15
163 152 15
162 152 15
162 152 15
161 152 15
161 152 15
161 151 15
161 151 15
160 151 15
160 151 15
159 151 15
159 150 15
159 149 15
159 148 15
158 148 15
157 148 15
156 148 15
155 148 15
154 147 15
153 147 15
153 146 15
153 145 15
153 144 15
153 143 15
152 143 15
151 143 15
150 143 15
150 142 15
149 142 15
148 142 15
147 142 15
146 142 15
145 142 15
144 142 15
143 142 15
142 142 15
141 141 15
141 140 15
141 139 15
140 139 15
139 139 15
138 139 15
138 138 15
138 137 15
137 137 15
136 137 15
136 136 15
136 135 15
135 135 15
134 135 15
133 135 15
132 135 15
131 135 15
130 135 15
129 135 15
128 134 15
128 133 15
128 132 15
128 131 15
128 130 15
128 129 15
128 128 15
128 127 15
128 126 15
128 125 15
128 124 15
128 123 15
128 123 15
128 122 15
128 122 15
127 121 15
127 121 15
126 121 15
126 121 15
125 121 15
125 121 15
124 121 15
124 121 15
124 120 15
124 120 15
124 119 15
124 119 15
124 119 15
123 119 15
123 119 15
123 118 15
123 118 15
123 118 15
122 118 15
122 118 15
122 118 15
121 118 15
121 118 15
121 117 15
121 117 15
120 117 15
120 117 15
119 117 15
119 117 15
119 116 15
119 116 15
118 116 15
118 116 15
117 116 15
117 116 15
116 116 15
115 116 15
115 115 15
114 114 15
113 114 15
112 114 15
111 114 15
110 114 15
109 114 15
109 113 15
108 113 15
107 113 15
106 113 15
106 112 15
105 112 15
105 111 15
104 111 15
104 110 15
103 110 15
103 109 15
103 108 15
113 86 167
113 86 15
112 86 164
111 86 164
111 87 161
110 87 159
110 88 155
109 88 152
109 89 147
108 89 143
108 90 137
107 90 132
107 91 126
106 91 119
106 92 113
105 92 105
105 93 99
104 93 91
103 93 85
102 94 70
102 95 60
102 96 52
101 96 44
101 97 36
101 98 29
101 99 24
101 100 19
101 101 15
101 101 15
101 102 15
101 103 15
101 104 15
101 105 15
101 106 15
101 107 15
102 107 15
114 85 166
114 85 15
114 84 161
114 84 15
114 83 159
114 83 15
115 83 155
115 83 15
115 83 15
115 83 15
115 82 151
115 82 15
115 82 15
115 82 15
116 82 145
116 82 15
116 82 15
116 82 15
116 82 15
116 81 139
116 81 15
116 81 15
116 81 15
116 81 15
116 81 15
117 81 133
117 81 15
117 81 15
117 81 15
117 81 15
117 81 15
117 81 15
117 80 124
117 80 15
117 80 15
117 80 15
117 80 15
117 80 15
117 80 15
118 80 118
118 80 15
118 80 15
118 80 15
118 80 15
118 80 15
118 80 15
118 80 15
118 79 107
118 79 15
118 79 15
118 79 15
118 79 15
118 79 15
118 79 15
118 79 15
118 79 15
118 78 100
118 78 15
118 78 15
118 78 15
118 78 15
118 78 15
118 78 15
118 78 15
119 78 88
119 78 15
119 78 15
119 78 15
119 78 15
119 78 15
119 78 15
119 78 15
119 78 15
119 77 79
119 77 15
119 77 15
119 77 15
119 77 15
119 77 15
119 77 15
119 77 15
119 77 15
120 77 68
120 77 15
120 77 15
120 77 15
120 77 15
120 77 15
120 77 15
120 77 15
120 77 15
120 76 58
120 76 15
120 76 15
120 76 15
120 76 15
120 76 15
120 76 15
120 76 15
120 76 15
121 76 48
121 76 15
121 76 15
121 76 15
121 76 15
121 76 15
121 76 15
121 76 15
121 76 15
121 75 38
121 75 15
121 75 15
121 75 15
121 75 15
121 75 15
121 75 15
121 75 15
121 75 15
122 75 28
122 75 15
122 75 15
122 75 15
122 75 15
122 75 15
122 75 15
122 75 15
122 75 15
122 74 18
122 74 15
122 74 15
122 74 15
122 74 15
122 74 15
122 74 15
122 74 15
123 74 15
123 74 15
123 74 15
123 74 15
123 74 15
123 74 15
123 74 15
123 73 15
123 73 15
123 73 15
123 73 15
123 73 15
123 73 15
123 72 15
123 72 15
123 72 15
123 72 15
123 72 15
123 72 15
123 71 15
123 71 15
123 71 15
123 71 15
123 71 15
124 71 15
124 71 15
124 71 15
124 71 15
125 71 15
125 71 15
125 71 15
125 71 15
126 71 15
126 71 15
126 71 15
127 71 15
127 71 15
128 71 15
128 71 15
129 71 15
129 71 15
130 71 15
130 71 15
131 71 15
131 71 15
132 71 15
132 71 15
133 71 15
133 71 15
134 71 15
134 71 15
135 71 15
135 71 15
136 71 15
136 71 15
137 70 15
137 70 15
138 70 15
138 70 15
139 70 15
139 70 15
140 70 15
140 70 15
140 69 15
140 69 15
140 68 15
140 68 15
141 68 15
141 68 15
142 68 15
142 68 15
142 67 15
142 67 15
143 67 15
143 67 15
143 66 15
143 66 15
143 65 15
143 65 15
143 65 15
143 64 15
143 64 15
143 64 15
143 63 15
143 63 15
143 63 15
143 62 15
143 62 15
143 62 15
143 62 15
143 61 30
143 61 15
143 61 15
143 60 46
143 60 15
143 60 15
143 59 63
143 59 15
143 59 15
143 58 80
143 58 15
143 57 97
143 57 15
143 56 113
143 55 129
143 54 143
143 53 156
143 52 166
143 51 175
143 50 180
143 49 183
143 48 184
143 47 181
143 46 176
143 45 168
143 44 158
143 43 146
143 42 132
143 41 116
143 40 100
143 39 83
143 38 66
143 38 15
143 37 49
143 37 15
143 37 15
143 37 15
143 36 33
143 36 15
143 36 15
143 36 15
143 36 15
143 35 18
143 35 15
143 35 15
143 35 15
143 35 15
143 35 15
143 34 15
143 34 15
143 34 15
143 34 15
143 34 15
143 34 15
143 33 15
143 33 15
143 33 15
143 33 15
143 33 15
143 32 15
143 32 15
143 32 15
143 32 15
143 32 15
143 31 15
143 31 15
143 31 15
143 31 15
143 31 15
144 31 15
144 31 15
144 31 15
144 31 15
144 31 15
144 30 15
144 30 15
144 30 15
144 30 15
144 29 15
144 29 15
144 29 15
144 29 15
145 29 15
145 29 15
145 29 15
145 29 15
145 28 15
145 28 15
145 28 15
145 27 15
145 27 15
145 27 15
145 26 15
145 26 15
145 25 15
145 25 15
145 24 15
145 24 15
145 23 15
145 23 15
145 22 15
145 22 15
145 21 15
145 20 15
146 19 15
146 18 15
146 17 15
146 16 15
146 15 15
146 14 15
146 13 15
146 12 15
146 11 15
146 10 15
146 9 15
146 8 15
146 7 15
