103 161 220
39 18 220
39 18 210
39 18 210
115 154 220
103 147 220
26 25 220
26 39 220
14 31 220
115 140 220
14 45 220
127 147 220
127 133 220
1 38 220
1 51 220
139 141 220
139 127 220
39 32 220
151 134 220
39 46 220
39 46 210
39 46 210
13 59 220
13 59 210
13 59 210
150 120 220
150 120 210
90 154 220
1 24 220
90 168 220
14 17 220
1 9 220
77 162 220
14 3 220
14 3 210
77 176 220
64 169 220
64 169 210
51 25 220
64 31 220
64 17 220
151 148 220
76 24 220
163 141 220
163 141 210
139 155 220
127 161 220
76 10 220
88 16 220
139 169 220
151 162 220
88 2 220
100 8 220
100 8 210
115 168 220
127 176 220
88 30 220
76 38 220
88 44 220
115 183 220
103 175 220
100 37 220
90 183 220
100 51 220
100 51 210
102 190 220
112 43 220
112 43 210
89 198 220
77 190 220
75 52 220
63 45 220
63 45 210
88 58 220
88 58 210
64 184 220
64 184 210
75 65 220
75 65 210
126 120 220
114 126 220
112 29 220
112 29 210
112 29 210
63 3 220
63 3 210
102 133 220
51 11 220
90 140 220
77 147 220
112 57 220
125 64 220
125 50 220
137 57 220
77 134 220
89 126 220
102 119 220
137 71 220
149 64 220
114 113 220
149 78 220
149 78 210
126 106 220
126 106 210
112 71 220
112 71 210
125 78 220
125 92 220
125 92 210
40 18 468
40 18 241
41 18 440
41 18 241
42 18 408
42 18 241
43 18 375
43 18 241
44 18 340
44 18 241
45 18 305
45 18 241
46 18 269
46 18 241
47 18 234
47 18 241
48 18 200
48 18 241
49 18 169
50 18 140
51 18 114
52 18 92
53 18 74
54 18 59
55 18 49
56 18 43
57 18 40
58 18 41
58 19 42
58 20 44
59 20 47
59 21 50
59 22 54
60 22 58
60 23 63
61 23 67
62 23 73
62 24 77
63 24 82
64 24 88
65 24 94
66 24 100
67 24 105
68 24 111
69 24 115
70 24 119
71 24 123
72 24 125
73 24 127
74 24 127
75 24 128
125 63 87
125 62 78
125 61 71
125 60 64
125 60 241
125 59 59
125 59 241
124 59 56
124 59 241
124 58 52
124 58 241
123 58 49
123 58 241
123 57 48
123 57 241
122 57 46
122 57 241
121 57 47
121 57 241
121 56 48
121 56 241
120 56 50
120 56 241
120 55 53
120 55 241
119 55 57
119 55 241
118 55 63
118 55 241
118 54 69
118 54 241
117 54 77
117 54 241
117 53 86
117 53 241
117 53 241
116 53 95
116 53 241
116 53 241
115 53 106
115 53 241
115 53 241
115 52 116
115 52 241
115 52 241
114 52 127
114 52 241
114 52 241
114 51 138
114 51 241
114 51 241
113 51 149
113 51 241
112 51 161
112 51 241
112 50 172
112 50 241
111 50 182
111 50 241
111 49 192
111 49 241
110 49 201
110 49 241
109 49 209
109 49 241
109 48 215
109 48 241
108 48 221
108 48 241
108 47 226
108 47 241
107 47 228
107 47 241
106 47 230
106 47 241
106 46 230
106 46 241
105 46 228
105 46 241
105 45 227
105 45 241
104 45 222
103 45 217
103 44 211
102 44 204
101 44 196
101 43 187
100 43 179
100 42 170
99 42 160
98 42 151
98 41 142
97 41 133
96 41 125
96 40 117
95 40 110
94 40 104
94 39 98
94 39 241
93 39 93
93 39 241
93 38 89
93 38 241
92 38 86
92 38 241
91 38 83
91 38 241
90 38 82
90 38 241
90 37 81
90 37 241
89 37 81
89 37 241
88 37 81
88 36 82
88 36 241
87 36 83
86 36 85
85 36 87
85 35 89
84 35 91
83 35 94
82 35 96
82 34 99
81 34 101
81 33 103
80 33 105
79 33 108
79 32 109
78 32 111
78 31 113
77 31 114
77 30 115
76 30 116
76 29 117
76 28 119
76 27 121
76 26 123
76 25 125
125 91 329
125 90 314
125 89 297
125 88 281
125 87 264
125 86 248
125 85 232
125 84 217
125 83 203
125 82 191
125 81 180
125 80 171
125 79 163
125 77 152
125 76 148
125 75 144
125 74 142
125 73 139
125 72 137
125 71 134
125 70 131
125 69 127
125 68 122
125 67 117
125 66 110
125 65 103
124 92 344
124 93 355
124 93 241
124 94 365
124 94 241
124 95 373
124 95 241
124 96 379
124 96 241
124 97 382
124 97 241
124 98 382
124 98 241
124 99 380
124 99 241
124 100 375
124 100 241
124 101 368
124 102 359
124 103 347
124 104 334
124 105 319
124 106 302
124 107 285
124 108 267
124 109 249
124 110 231
124 111 214
124 112 197
124 113 182
123 113 167
123 114 153
123 115 141
122 115 129
122 116 120
121 116 111
120 116 104
120 117 97
119 117 92
119 118 87
118 118 84
117 118 81
117 119 79
116 119 78
115 119 77
114 119 77
114 120 76
113 120 76
112 120 76
112 121 77
111 121 77
110 121 78
110 122 78
109 122 79
108 122 79
108 123 80
107 123 80
106 123 81
106 124 82
105 124 82
104 124 83
104 125 83
103 125 83
102 125 84
102 126 85
102 127 87
102 128 91
102 129 97
102 130 103
102 131 110
102 132 117
103 133 128
103 134 134
103 135 140
103 136 144
103 137 148
103 138 151
103 139 153
103 140 153
103 141 153
103 142 152
103 143 150
103 144 148
103 145 145
103 146 142
103 148 135
103 149 132
103 150 130
103 151 127
103 152 126
103 153 124
103 154 124
103 155 123
103 156 124
103 157 124
103 158 126
103 159 127
103 160 129
