27 122 23
27 122 13
51 105 23
118 100 23
150 84 23
150 84 13
150 84 13
150 84 13
93 191 23
57 46 23
20 3 23
20 3 13
27 69 23
178 13 23
155 191 23
155 191 13
39 114 23
129 95 23
129 95 13
129 95 13
129 95 13
129 95 13
46 53 23
36 61 23
40 101 23
140 90 23
140 90 13
140 90 13
140 90 13
140 90 13
28 109 23
130 108 23
130 108 13
130 108 13
130 108 13
130 108 13
130 108 13
130 108 13
130 108 13
130 108 13
161 91 23
161 78 23
81 184 23
80 198 23
151 97 23
151 97 13
151 97 13
151 97 13
151 97 13
151 97 13
151 97 13
151 97 13
151 97 13
151 97 13
151 97 13
151 97 13
151 97 13
151 97 13
151 97 13
118 112 23
173 84 23
68 191 23
68 191 13
38 75 23
38 75 13
51 93 23
59 60 23
59 60 13
59 60 13
59 60 13
59 60 13
59 60 13
59 60 13
59 60 13
59 60 13
59 60 13
59 60 13
59 60 13
59 60 13
59 60 13
59 60 13
59 60 13
59 60 13
59 60 13
59 60 13
59 60 13
173 98 23
173 98 13
173 98 13
173 98 13
173 98 13
173 98 13
173 98 13
173 98 13
173 98 13
173 98 13
173 98 13
173 98 13
173 98 13
173 98 13
173 98 13
173 98 13
173 98 13
173 98 13
173 98 13
68 177 23
56 184 23
56 184 13
56 184 13
56 184 13
56 184 13
56 184 13
56 184 13
56 184 13
56 184 13
56 184 13
56 184 13
56 184 13
56 184 13
56 184 13
39 88 23
127 81 23
127 81 13
127 81 13
127 81 13
127 81 13
127 81 13
127 81 13
127 81 13
127 81 13
127 81 13
127 81 13
127 81 13
127 81 13
127 81 13
127 81 13
127 81 13
127 81 13
127 81 13
127 81 13
127 81 13
127 81 13
127 81 13
127 81 13
127 81 13
127 81 13
127 81 13
127 81 13
127 81 13
127 81 13
127 81 13
127 81 13
127 81 13
127 81 13
127 81 13
127 81 13
127 81 13
127 81 13
127 81 13
127 81 13
105 104 23
105 104 13
105 104 13
105 104 13
104 118 23
104 118 13
104 118 13
104 118 13
104 118 13
104 118 13
104 118 13
104 118 13
104 118 13
104 118 13
104 118 13
104 118 13
104 118 13
104 118 13
104 118 13
104 118 13
104 118 13
104 118 13
104 118 13
104 118 13
104 118 13
185 90 23
185 90 13
185 90 13
185 90 13
185 90 13
185 90 13
185 90 13
185 90 13
185 90 13
185 90 13
185 90 13
185 90 13
185 90 13
185 90 13
185 90 13
91 97 23
91 97 13
91 97 13
91 97 13
91 97 13
91 97 13
91 97 13
91 97 13
91 97 13
91 97 13
91 97 13
91 97 13
91 97 13
91 97 13
91 97 13
91 97 13
91 97 13
91 97 13
91 97 13
91 97 13
91 97 13
91 97 13
91 97 13
91 97 13
91 97 13
91 97 13
91 97 13
91 97 13
91 97 13
91 97 13
91 97 13
91 97 13
91 97 13
91 97 13
91 97 13
91 97 13
91 97 13
91 97 13
91 97 13
91 97 13
91 97 13
57 170 23
57 170 13
57 170 13
57 170 13
57 170 13
57 170 13
57 170 13
57 170 13
185 77 23
185 77 13
173 71 23
130 121 23
130 121 13
130 121 13
130 121 13
130 121 13
130 121 13
130 121 13
130 121 13
130 121 13
130 121 13
129 134 23
129 134 13
129 134 13
129 134 13
129 134 13
129 134 13
129 134 13
129 134 13
129 134 13
129 134 13
129 134 13
129 134 13
117 126 23
117 126 13
117 126 13
117 126 13
117 126 13
117 126 13
117 126 13
117 126 13
117 126 13
117 126 13
117 126 13
117 126 13
186 63 23
186 63 13
186 63 13
186 63 13
70 162 23
70 162 13
70 162 13
59 155 23
59 155 13
59 155 13
59 155 13
59 155 13
59 155 13
59 155 13
59 155 13
59 155 13
59 155 13
59 155 13
59 155 13
59 155 13
59 155 13
59 155 13
59 155 13
59 155 13
59 155 13
59 155 13
59 155 13
59 155 13
59 155 13
59 155 13
59 155 13
59 155 13
82 169 23
95 176 23
175 56 23
115 140 23
115 140 13
115 140 13
115 140 13
115 140 13
115 140 13
115 140 13
115 140 13
115 140 13
115 140 13
115 140 13
97 162 23
97 162 13
97 162 13
97 162 13
97 162 13
97 162 13
97 162 13
97 162 13
97 162 13
113 155 23
162 64 23
162 64 13
162 64 13
162 64 13
162 64 13
162 64 13
162 64 13
162 64 13
162 64 13
162 64 13
162 64 13
162 64 13
149 70 23
149 70 13
149 70 13
149 70 13
149 70 13
149 70 13
149 70 13
149 70 13
149 70 13
149 70 13
149 70 13
149 70 13
149 70 13
149 70 13
149 70 13
149 70 13
149 70 13
149 70 13
149 70 13
149 70 13
149 70 13
149 70 13
149 70 13
149 70 13
149 70 13
149 70 13
163 49 23
164 35 23
177 28 23
111 169 23
111 169 13
111 169 13
111 169 13
111 169 13
111 169 13
111 169 13
109 184 23
109 184 13
109 184 13
109 184 13
109 184 13
109 184 13
109 184 13
109 184 13
109 184 13
109 184 13
109 184 13
109 184 13
109 184 13
109 184 13
109 184 13
109 184 13
109 184 13
109 184 13
109 184 13
109 184 13
109 184 13
109 184 13
109 184 13
109 184 13
109 184 13
109 184 13
84 154 23
84 154 13
100 147 23
100 147 13
100 147 13
100 147 13
100 147 13
100 147 13
100 147 13
126 162 23
126 162 13
126 162 13
126 162 13
126 162 13
126 162 13
126 162 13
126 162 13
126 162 13
126 162 13
126 162 13
126 162 13
126 162 13
126 162 13
126 162 13
126 162 13
126 162 13
126 162 13
126 162 13
126 162 13
126 162 13
126 162 13
126 162 13
126 162 13
126 162 13
126 162 13
126 162 13
126 162 13
126 162 13
126 162 13
126 162 13
126 162 13
126 162 13
126 162 13
126 162 13
165 20 23
87 139 23
87 139 13
87 139 13
87 139 13
87 139 13
87 139 13
87 139 13
87 139 13
87 139 13
87 139 13
87 139 13
87 139 13
87 139 13
87 139 13
87 139 13
72 147 23
72 147 13
72 147 13
72 147 13
72 147 13
72 147 13
72 147 13
72 147 13
75 131 23
62 125 23
63 110 23
28 69 15
28 69 15
28 68 15
28 68 15
29 68 15
29 68 15
30 68 15
30 68 15
31 68 15
31 67 15
31 66 15
31 65 15
31 64 15
31 63 15
32 63 15
33 63 15
34 63 15
35 63 15
36 63 15
36 62 15
40 100 15
40 99 15
40 98 15
40 97 15
40 96 15
40 95 15
40 94 15
40 93 15
40 92 15
40 91 15
40 90 15
40 89 15
40 88 15
39 87 19
39 86 23
39 85 27
39 84 31
39 83 36
38 83 37
38 82 38
38 81 39
37 81 37
37 80 34
37 79 30
37 78 25
36 78 18
36 78 15
36 77 15
36 77 15
36 76 15
36 76 15
36 75 15
36 75 15
36 74 15
36 74 15
36 73 15
36 73 15
36 72 15
36 72 15
36 71 15
36 70 15
36 69 15
36 68 15
36 67 15
36 66 15
36 65 15
36 64 15
41 101 15
42 101 15
43 101 15
44 101 15
45 101 15
46 101 15
46 102 15
46 103 15
47 103 15
48 103 15
49 103 15
50 103 15
51 103 15
51 104 15
52 105 15
53 105 15
54 105 15
55 105 15
55 106 15
55 107 15
56 107 15
56 108 15
56 109 15
56 110 15
56 111 15
56 112 15
57 112 15
57 113 15
58 113 15
58 114 15
58 115 15
59 115 15
60 115 15
61 115 15
62 115 15
62 116 15
62 117 15
62 118 15
62 119 15
62 120 15
62 121 15
62 122 15
62 123 15
62 124 15
63 125 15
64 125 15
64 126 15
64 127 15
65 127 15
65 128 15
66 128 15
67 128 15
68 128 15
68 129 15
68 130 15
68 131 15
69 131 15
70 131 15
71 131 15
72 131 15
73 131 15
74 131 15
75 132 15
75 133 15
75 134 15
75 135 15
75 135 15
75 136 15
75 136 15
75 137 15
75 137 15
75 138 15
75 138 15
75 139 15
75 139 15
75 140 15
75 140 15
75 141 15
75 141 15
75 141 15
76 141 15
76 141 15
76 141 15
76 142 15
76 142 15
76 142 15
76 143 15
76 143 15
76 143 15
76 143 15
76 143 15
76 144 15
76 144 15
76 144 15
76 144 15
76 144 15
76 144 15
77 144 15
77 144 15
77 144 15
77 144 15
77 144 15
77 145 15
77 145 15
77 145 15
77 145 15
77 145 15
77 145 15
77 145 15
78 145 15
78 145 15
78 145 15
78 145 15
78 145 15
78 145 15
79 145 15
79 145 15
79 145 15
79 145 15
79 145 15
79 145 15
79 146 15
79 146 15
79 146 15
79 146 15
79 146 15
79 146 15
79 146 15
79 146 15
79 147 15
79 147 15
79 147 15
79 147 15
79 147 15
79 147 15
79 147 15
79 147 15
79 147 15
79 148 15
79 148 15
79 148 15
79 148 15
79 148 15
79 148 15
79 148 15
79 148 15
79 148 15
79 148 15
79 148 15
80 148 15
80 148 15
80 148 15
80 148 15
80 148 15
80 148 15
80 148 15
80 148 15
80 148 15
81 148 15
81 148 15
81 148 15
81 148 15
81 148 15
81 148 15
81 148 15
81 148 15
81 149 15
81 149 15
81 149 15
81 149 15
81 149 15
81 149 15
81 149 15
81 150 15
81 150 15
81 150 15
81 150 15
81 150 15
81 150 15
81 151 15
81 151 15
81 151 15
81 151 15
81 152 15
81 152 15
81 152 15
81 152 15
81 153 15
81 153 15
81 153 15
81 154 15
81 154 15
81 155 15
81 155 15
81 156 15
81 156 15
82 156 15
82 156 15
82 157 15
82 157 15
82 158 15
82 158 15
82 159 15
82 159 15
82 159 15
82 160 15
82 160 15
82 160 15
82 161 15
82 161 15
82 161 15
82 162 15
82 162 15
82 162 15
82 163 15
82 163 15
82 163 15
82 164 15
82 164 15
82 165 15
82 165 15
82 166 15
82 166 15
82 167 15
82 168 15
82 170 23
83 170 27
83 171 32
84 171 36
84 172 39
85 172 41
85 173 42
86 173 43
86 174 42
86 175 41
87 175 38
87 176 35
87 177 30
88 177 26
89 177 21
90 177 18
91 177 15
92 177 15
93 177 15
94 177 15
95 177 15
115 141 137
115 142 127
115 143 118
115 144 110
114 144 101
114 145 90
114 146 79
113 146 67
113 147 55
112 147 44
112 148 31
112 149 20
112 149 15
111 149 15
111 149 15
111 149 15
110 149 15
110 149 15
110 149 15
109 149 15
109 149 15
109 149 15
108 149 15
108 149 15
108 149 15
107 149 15
107 149 15
107 149 15
106 149 15
106 149 15
106 149 15
106 150 15
106 150 15
106 150 15
106 151 15
106 151 15
106 151 15
106 152 15
106 152 15
106 152 15
106 153 15
106 153 15
106 153 15
106 154 15
106 154 15
106 154 15
106 155 15
106 155 15
106 155 15
106 156 15
106 156 15
106 156 15
106 157 15
106 157 15
106 157 15
106 158 15
106 158 15
106 158 15
106 158 15
106 159 15
106 159 15
106 159 15
106 159 15
106 159 15
106 160 15
106 160 15
106 160 15
106 160 15
106 160 15
106 160 15
106 160 15
106 161 15
106 161 15
106 161 15
106 161 15
106 161 15
106 161 15
106 161 15
106 161 15
106 161 15
106 162 15
106 162 15
106 162 15
106 162 15
106 162 15
106 162 15
106 162 15
106 162 15
106 162 15
106 162 15
106 163 15
106 163 15
106 163 15
106 163 15
106 163 15
106 163 15
106 163 15
106 163 15
106 163 15
106 163 15
106 164 15
106 164 15
106 164 15
106 164 15
106 164 15
106 164 15
106 164 15
106 164 15
106 164 15
106 164 15
106 165 17
106 165 15
106 165 15
106 165 15
106 165 15
106 165 15
106 165 15
106 165 15
106 165 15
106 166 22
106 166 15
106 166 15
106 166 15
106 166 15
106 166 15
106 166 15
106 166 15
106 166 15
106 167 26
106 167 15
106 167 15
106 167 15
106 167 15
106 167 15
106 167 15
106 167 15
105 167 30
105 167 15
105 167 15
105 167 15
105 167 15
105 167 15
105 167 15
105 167 15
105 168 32
105 168 15
105 168 15
105 168 15
105 168 15
105 168 15
105 168 15
105 168 15
105 168 15
105 169 35
105 169 15
105 169 15
105 169 15
105 169 15
105 169 15
105 169 15
105 169 15
105 169 15
105 169 15
105 169 15
105 170 37
105 170 15
105 170 15
105 170 15
105 170 15
105 170 15
105 170 15
105 170 15
105 170 15
105 170 15
105 170 15
105 170 15
105 170 15
105 170 15
105 170 15
104 170 38
104 170 15
104 170 15
104 170 15
104 170 15
104 170 15
104 170 15
104 170 15
104 170 15
104 170 15
104 170 15
104 170 15
104 170 15
104 170 15
104 170 15
104 171 39
104 171 15
104 171 15
104 171 15
104 171 15
104 171 15
104 171 15
104 171 15
104 171 15
104 171 15
104 171 15
104 171 15
104 171 15
104 171 15
104 171 15
104 171 15
104 171 15
104 171 15
104 171 15
104 171 15
104 171 15
104 172 40
104 172 15
104 172 15
104 172 15
104 172 15
104 172 15
104 172 15
104 172 15
104 172 15
104 172 15
104 172 15
104 172 15
104 172 15
104 172 15
104 172 15
104 172 15
104 172 15
104 172 15
104 172 15
104 172 15
104 172 15
104 172 15
104 172 15
104 172 15
104 172 15
104 172 15
104 172 15
104 172 15
103 172 38
103 172 15
103 172 15
103 172 15
103 172 15
103 172 15
103 172 15
103 172 15
103 172 15
103 172 15
103 172 15
103 172 15
103 172 15
103 172 15
103 172 15
103 172 15
103 172 15
103 172 15
103 172 15
103 172 15
103 172 15
103 172 15
103 172 15
103 172 15
103 172 15
103 173 38
103 173 15
103 173 15
103 173 15
103 173 15
103 173 15
103 173 15
103 173 15
103 173 15
103 173 15
103 173 15
103 173 15
103 173 15
103 173 15
103 173 15
103 173 15
103 173 15
103 173 15
103 173 15
103 173 15
103 173 15
103 173 15
103 173 15
103 173 15
103 173 15
103 173 15
103 173 15
103 173 15
102 173 36
102 173 15
102 173 15
102 173 15
102 173 15
102 173 15
102 173 15
102 173 15
102 173 15
102 173 15
102 173 15
102 173 15
102 173 15
102 173 15
102 173 15
102 173 15
102 173 15
102 173 15
102 173 15
102 173 15
102 173 15
102 173 15
102 174 34
102 174 15
102 174 15
102 174 15
102 174 15
102 174 15
102 174 15
102 174 15
102 174 15
102 174 15
102 174 15
102 174 15
102 174 15
102 174 15
102 174 15
102 174 15
102 174 15
102 174 15
102 174 15
102 174 15
102 174 15
101 174 32
101 174 15
101 174 15
101 174 15
101 174 15
101 174 15
101 174 15
101 174 15
101 174 15
101 174 15
101 174 15
101 174 15
101 174 15
101 174 15
101 175 29
101 175 15
101 175 15
101 175 15
101 175 15
101 175 15
101 175 15
101 175 15
101 175 15
101 175 15
101 175 15
101 175 15
100 175 26
100 175 15
100 175 15
100 175 15
100 175 15
100 175 15
100 175 15
100 176 23
100 176 15
100 176 15
100 176 15
100 176 15
100 176 15
99 176 19
99 176 15
99 176 15
99 176 15
98 176 17
98 176 15
98 176 15
97 176 16
97 176 15
96 176 16
96 176 15
116 140 142
117 140 139
118 140 138
118 139 136
118 138 133
119 138 127
119 137 121
120 137 115
120 136 105
120 135 97
121 135 87
121 134 76
121 133 67
122 133 57
122 133 15
122 132 47
122 132 15
122 132 15
122 131 38
122 131 15
122 131 15
122 131 15
122 131 15
123 131 30
123 131 15
123 131 15
123 131 15
123 131 15
123 130 22
123 130 15
123 130 15
123 130 15
123 130 15
123 130 15
123 130 15
123 129 16
123 129 15
123 129 15
123 129 15
123 129 15
123 129 15
123 129 15
123 129 15
123 129 15
123 128 15
123 128 15
123 128 15
123 128 15
123 128 15
123 128 15
123 128 15
123 128 15
123 128 15
123 128 15
123 128 15
123 127 15
123 127 15
123 127 15
123 127 15
123 127 15
123 127 15
123 127 15
123 127 15
123 127 15
123 127 15
123 127 15
123 127 15
123 127 15
123 126 15
123 126 15
123 126 15
123 126 15
123 126 15
123 126 15
123 126 15
123 126 15
123 126 15
123 126 15
123 126 15
123 126 15
123 126 15
123 125 15
123 125 15
123 125 15
123 125 15
123 125 15
123 125 15
123 125 15
123 125 15
123 125 15
123 125 15
123 125 15
123 125 15
123 125 15
123 124 15
123 124 15
123 124 15
123 124 15
123 124 15
123 124 15
123 124 15
123 124 15
123 124 15
123 124 15
123 124 15
123 123 15
123 123 15
123 123 15
123 123 15
123 123 15
123 123 15
123 123 15
123 123 15
123 123 15
123 122 18
123 122 15
123 122 15
123 122 15
123 122 15
123 122 15
123 122 15
123 122 15
123 121 21
123 121 15
123 121 15
123 121 15
123 121 15
123 121 15
123 120 24
123 120 15
123 120 15
123 120 15
123 119 27
123 119 15
123 118 28
123 118 15
123 117 29
123 116 29
123 115 27
123 114 24
123 113 20
123 112 15
123 112 15
122 112 15
122 112 15
121 112 15
121 112 15
120 112 15
120 112 15
119 112 15
119 112 15
118 111 15
118 111 15
118 110 15
118 110 15
118 109 15
118 109 15
118 108 15
118 108 15
118 107 15
118 106 15
118 105 15
118 104 15
118 103 15
118 102 15
118 101 15
95 178 15
95 178 15
94 178 15
94 179 15
94 179 15
94 180 15
94 180 15
94 181 15
94 181 15
94 182 15
94 182 15
94 183 15
94 183 15
93 183 15
93 183 15
93 184 15
93 184 15
93 185 15
93 186 15
93 187 15
93 188 15
93 189 15
93 190 15
40 102 18
40 103 20
40 104 21
40 105 21
39 105 19
39 106 16
38 106 15
37 106 15
36 106 15
35 106 15
35 107 15
35 108 15
34 108 15
33 108 15
32 108 15
32 109 15
31 109 15
30 109 15
29 109 15
28 110 15
28 111 15
27 111 15
27 112 15
27 113 15
27 114 15
27 115 15
27 116 15
27 117 15
27 118 15
27 118 15
27 119 15
27 119 15
27 120 15
27 120 15
27 121 15
27 121 15
37 61 19
38 61 25
39 61 34
39 60 41
40 60 49
40 59 53
41 59 58
41 58 60
42 58 62
42 57 61
43 57 61
43 56 57
44 56 53
44 55 47
45 55 41
45 54 33
46 54 25
47 53 15
47 52 15
47 51 15
47 50 15
48 50 15
48 49 15
48 48 15
49 48 15
50 48 15
50 47 15
51 47 15
52 47 15
53 47 15
54 47 15
55 47 15
56 47 15
56 47 15
56 46 15
56 46 15
178 14 15
177 14 15
177 15 15
177 16 15
177 17 15
177 18 15
177 19 15
177 20 15
177 21 15
177 22 15
177 23 15
177 24 15
177 25 15
177 26 15
177 27 15
176 28 15
176 29 15
175 29 15
175 30 15
174 30 15
173 30 15
172 30 15
172 31 15
172 32 15
172 33 15
172 34 15
171 34 15
170 34 15
169 34 15
169 35 15
169 36 15
169 37 15
169 38 15
169 39 15
169 40 15
169 41 15
169 42 15
169 43 15
169 44 15
169 45 15
169 46 15
169 47 15
169 48 15
170 48 15
170 49 15
170 50 15
170 51 15
170 52 15
170 53 15
170 54 15
171 54 15
171 55 15
172 55 15
172 56 15
172 57 15
172 58 15
173 58 15
173 59 15
173 60 15
173 61 15
173 61 15
173 62 15
173 62 15
173 63 15
173 63 15
173 64 15
173 64 15
173 65 15
173 66 15
173 67 15
173 68 15
173 69 15
173 70 15
174 71 15
175 71 15
175 72 15
176 72 15
176 73 15
176 74 15
176 75 15
176 76 15
176 77 15
176 78 17
176 79 18
176 80 19
176 81 19
176 81 15
176 82 19
176 82 15
176 83 18
176 83 15
176 84 18
176 84 15
175 84 18
175 84 15
174 84 17
174 84 15
172 84 15
172 84 15
171 84 15
170 84 15
169 84 15
168 84 15
167 84 15
166 84 15
165 84 15
164 84 15
163 84 15
162 84 15
161 84 15
160 84 15
159 84 15
158 84 15
157 84 15
156 84 15
155 84 15
155 84 15
154 84 15
154 84 15
153 84 15
153 84 15
152 84 15
152 84 15
152 84 15
151 84 26
151 84 15
151 84 15
