70 84 431
11 10 431
18 108 431
131 184 431
18 173 431
169 164 431
148 21 431
143 177 431
156 171 431
156 171 421
131 170 431
11 0 431
0 3 431
30 103 431
30 103 421
70 98 431
57 91 431
7 115 431
20 123 431
170 150 431
183 157 431
0 17 431
57 105 431
119 177 431
9 129 431
9 129 421
31 117 431
31 117 421
5 100 431
119 163 431
58 76 431
10 25 431
0 107 431
183 171 431
183 171 421
184 143 431
108 170 431
71 69 431
0 32 431
59 61 431
108 157 431
108 157 421
29 166 431
29 166 421
5 180 431
18 187 431
144 191 431
9 40 431
9 40 421
17 94 431
23 18 431
24 3 431
71 112 431
108 184 431
108 184 421
6 86 431
0 92 431
132 198 431
5 194 431
58 118 431
36 12 431
36 12 421
71 125 431
132 156 431
136 14 431
136 28 431
143 164 431
18 80 431
144 150 431
59 131 431
157 157 431
22 33 431
34 42 431
46 52 431
31 74 431
31 74 421
0 78 431
7 71 431
0 63 431
20 65 431
33 58 431
33 58 421
8 56 431
21 49 431
158 143 431
171 136 431
148 7 431
18 199 431
18 199 421
184 129 431
184 129 421
136 0 431
148 35 431
136 43 431
136 43 421
161 28 431
161 14 431
123 7 431
123 7 421
173 21 431
173 7 431
161 0 431
161 42 431
161 42 421
159 129 431
159 129 421
186 14 431
186 14 421
196 150 431
133 143 431
145 136 431
134 129 431
60 45 431
47 36 431
121 136 431
121 136 421
4 165 431
15 158 431
35 27 431
72 53 431
1 151 431
1 151 421
123 22 431
72 138 431
196 164 431
61 145 431
61 145 421
84 131 431
84 131 421
111 29 431
111 29 421
135 115 431
147 122 431
147 122 421
122 109 431
122 109 421
85 61 431
84 76 431
119 191 431
119 191 421
84 91 431
84 91 421
97 68 431
26 151 431
26 151 421
173 35 431
186 42 431
186 42 421
135 101 431
147 108 431
148 93 431
148 93 421
98 53 431
98 53 421
73 37 431
60 29 431
73 22 431
157 199 431
156 185 431
156 185 421
30 180 431
42 187 431
42 187 421
61 14 431
74 7 431
197 136 431
61 0 431
96 164 431
96 164 421
120 150 431
120 150 421
86 15 431
86 30 431
111 14 431
99 7 431
99 7 421
147 21 227
146 21 221
145 21 215
145 22 209
144 22 205
143 22 200
142 22 197
141 22 195
140 22 194
139 22 195
138 22 197
137 22 200
136 22 205
135 22 211
134 22 218
133 22 227
132 22 237
131 22 249
130 22 261
129 22 275
128 22 290
127 22 306
126 22 323
125 22 341
124 22 359
73 36 269
73 35 261
73 34 254
73 33 246
73 32 240
73 31 234
73 30 228
73 29 223
73 28 218
73 27 214
73 26 210
73 25 207
73 24 204
73 23 201
74 22 194
75 22 191
76 22 189
77 22 188
78 22 188
78 21 188
78 20 191
79 20 193
80 20 197
80 19 202
81 19 209
82 19 216
83 19 226
84 19 237
85 19 250
86 19 264
87 19 281
88 19 298
89 19 317
90 19 337
91 19 358
92 19 378
93 19 400
94 19 420
95 19 440
96 19 459
97 19 477
98 19 493
99 19 507
100 19 518
101 19 528
102 19 535
103 19 539
104 19 541
105 19 541
106 19 538
107 19 533
108 19 526
109 19 517
110 19 507
111 19 495
111 19 482
112 19 482
112 19 482
113 19 469
113 19 482
114 19 455
114 19 482
114 19 482
115 19 440
115 19 482
115 19 482
116 19 425
116 19 482
116 19 482
117 19 410
117 19 482
117 19 482
118 19 395
118 19 482
118 19 482
119 19 380
119 19 482
120 19 365
120 19 482
121 19 351
121 19 482
122 19 337
122 19 482
123 19 323
123 19 482
123 20 336
123 20 482
123 21 355
72 37 273
71 37 270
70 37 269
69 37 267
68 37 267
67 37 266
66 37 266
65 37 266
64 37 266
63 37 266
62 37 265
61 37 265
60 37 264
59 37 263
58 37 262
57 37 261
56 37 260
55 37 259
54 37 258
53 37 256
52 37 254
51 37 252
50 37 250
49 37 248
48 37 245
47 37 242
46 36 250
45 36 246
44 36 241
43 36 236
43 36 482
42 36 231
42 36 482
41 36 225
40 36 220
39 36 214
38 36 209
37 36 204
36 36 199
35 36 196
34 36 194
33 36 193
33 36 482
33 35 194
32 35 194
32 34 196
31 34 196
30 34 199
30 33 201
29 33 205
28 33 212
27 33 221
26 33 232
25 33 246
24 33 262
23 33 280
22 49 377
22 48 379
22 47 381
22 46 381
22 45 382
22 44 381
22 44 482
22 43 379
22 43 482
22 42 375
22 42 482
22 41 371
22 41 482
22 40 365
22 40 482
22 39 358
22 39 482
22 38 349
22 38 482
22 37 340
22 37 482
22 36 330
22 36 482
22 35 320
22 34 310
21 50 373
21 51 368
21 52 362
20 52 355
20 53 346
19 53 337
19 54 325
19 55 315
18 55 301
18 56 289
17 56 275
17 57 261
16 57 248
16 58 234
16 59 222
15 59 208
15 60 196
14 60 183
14 61 172
13 61 163
13 62 153
12 62 146
12 63 138
12 64 132
11 64 127
11 65 124
11 66 123
11 67 124
11 68 126
11 69 130
11 70 136
11 71 142
11 72 148
11 73 154
11 74 161
11 75 167
11 76 172
11 77 177
11 78 182
11 79 186
11 80 189
11 81 192
11 82 194
11 83 195
11 84 197
11 85 197
11 86 198
11 87 198
11 88 198
11 89 198
11 90 197
11 91 196
11 92 194
11 93 193
11 94 191
11 95 188
11 96 185
11 97 182
11 98 178
11 99 174
11 100 170
11 101 165
11 102 161
11 103 156
11 104 152
11 105 149
11 106 146
11 107 145
11 108 145
12 108 148
13 108 155
14 108 166
15 108 180
16 108 199
17 108 221
22 32 290
22 31 281
22 30 273
22 29 266
22 28 261
22 27 257
22 26 255
22 25 254
22 24 255
21 24 253
21 23 252
20 23 250
20 22 248
19 22 244
19 21 241
18 21 236
18 20 232
17 20 227
17 19 221
16 19 216
16 18 210
15 18 205
15 17 199
14 17 193
14 16 188
14 15 183
14 14 178
13 14 173
13 13 169
13 12 165
12 12 162
12 11 159
12 10 157
72 38 279
72 39 286
72 40 292
72 41 298
72 42 303
72 43 307
72 44 311
72 45 313
72 46 315
72 47 315
72 48 315
72 49 313
72 50 311
72 51 307
72 52 303
72 54 292
72 55 286
72 56 280
72 57 273
72 57 482
72 58 267
72 58 482
72 59 260
72 59 482
72 59 482
72 60 253
72 60 482
72 60 482
72 61 247
72 61 482
72 61 482
72 62 241
72 62 482
72 62 482
72 62 482
72 63 236
72 63 482
72 63 482
72 63 482
72 64 232
72 64 482
72 64 482
72 65 228
72 65 482
72 65 482
72 66 224
72 66 482
72 66 482
72 67 222
72 67 482
72 68 221
72 68 482
72 69 220
72 69 482
71 70 222
71 71 223
70 71 223
70 72 224
70 73 225
70 74 227
70 75 230
70 76 233
70 77 237
70 78 241
70 79 245
70 80 251
70 81 256
70 82 261
70 83 267
169 163 394
169 162 356
169 161 322
169 160 292
169 159 266
169 158 243
169 157 224
168 157 224
167 157 226
166 157 229
165 157 234
164 157 239
163 157 246
162 157 253
161 157 261
160 157 269
159 157 276
158 157 283
156 157 295
155 157 298
154 157 301
153 157 302
152 157 302
151 157 300
150 157 297
149 157 293
148 157 287
147 157 281
146 157 275
145 157 269
144 157 262
143 157 256
142 157 251
141 157 246
140 157 243
139 157 241
138 157 240
137 157 241
137 158 242
137 159 242
136 159 242
136 160 241
136 161 239
135 161 238
135 162 235
135 163 232
135 164 229
134 164 225
134 165 222
133 165 218
133 166 214
133 167 210
132 167 206
132 168 202
131 168 198
131 169 195
131 171 193
131 172 193
131 173 194
131 174 197
131 175 200
131 176 204
131 177 209
131 178 214
131 179 220
131 180 227
131 181 233
131 182 240
131 183 247
