62 77 115
62 77 105
146 38 115
146 38 105
124 183 115
124 183 105
60 115 115
60 115 105
59 152 115
157 84 115
157 84 105
157 84 105
157 84 105
157 84 105
157 84 105
157 84 105
157 84 105
157 84 105
157 84 105
157 84 105
157 84 105
157 84 105
157 84 105
157 84 105
157 84 105
157 84 105
157 84 105
119 10 115
119 10 105
119 10 105
119 10 105
29 122 115
29 122 105
29 122 105
76 173 115
19 172 115
19 172 105
187 194 115
187 194 105
63 166 115
73 159 115
49 121 115
49 121 105
62 91 115
62 91 105
62 91 105
62 91 105
58 127 115
133 31 115
133 31 105
133 31 105
146 24 115
133 17 115
133 17 105
133 17 105
73 70 115
61 62 115
61 62 105
61 62 105
48 133 115
58 139 115
113 188 115
113 188 105
113 188 105
113 188 105
29 136 115
38 141 115
30 164 115
19 158 115
29 150 115
159 31 115
125 197 115
125 197 105
136 190 115
136 190 105
120 25 115
120 25 105
120 25 105
120 25 105
120 25 105
107 2 115
107 2 105
107 2 105
107 2 105
107 2 105
160 16 115
160 16 105
73 84 115
73 84 105
73 84 105
73 84 105
72 55 115
72 55 105
72 55 105
84 62 115
136 199 115
173 23 115
173 23 105
173 23 105
173 23 105
173 23 105
148 195 115
148 195 105
148 195 105
148 195 105
148 195 105
96 68 115
96 68 105
96 68 105
96 68 105
96 68 105
133 2 115
133 2 105
133 2 105
133 2 105
133 2 105
146 10 115
146 10 105
146 10 105
96 54 115
96 54 105
84 47 115
95 39 115
95 39 105
95 39 105
95 39 105
111 173 115
111 173 105
111 173 105
111 173 105
111 173 105
48 146 115
50 69 115
50 69 105
50 69 105
50 69 105
50 69 105
87 168 115
87 168 105
50 160 115
133 45 115
133 45 105
133 45 105
133 45 105
133 45 105
101 178 115
101 178 105
101 178 105
101 178 105
101 178 105
159 44 115
159 44 105
172 37 115
172 37 105
172 37 105
72 40 115
72 40 105
72 40 105
72 40 105
72 40 105
72 40 105
160 2 115
160 2 105
160 2 105
160 2 105
160 2 105
172 50 115
172 50 105
172 50 105
172 50 105
39 155 115
39 128 115
158 70 115
158 70 105
158 70 105
158 70 105
158 70 105
158 70 105
158 70 105
158 70 105
158 70 105
158 70 105
158 70 105
158 57 115
158 57 105
158 57 105
158 57 105
158 57 105
171 63 115
171 63 105
171 63 105
171 63 105
108 60 115
108 60 105
108 60 105
108 60 105
108 60 105
108 60 105
108 60 105
85 76 115
85 76 105
85 76 105
85 76 105
85 76 105
51 84 115
51 84 105
51 84 105
51 84 105
51 84 105
51 84 105
51 84 105
96 82 115
96 82 105
96 82 105
96 82 105
96 82 105
96 82 105
96 82 105
96 82 105
49 54 115
49 54 105
49 54 105
49 54 105
49 54 105
49 54 105
49 54 105
49 54 105
49 54 105
83 32 115
83 32 105
83 32 105
83 32 105
83 17 115
83 17 105
83 17 105
83 17 105
83 17 105
94 10 115
94 10 105
94 10 105
94 10 105
184 70 115
184 70 105
184 70 105
184 57 115
184 57 105
184 57 105
184 57 105
174 189 115
174 189 105
174 189 105
174 189 105
174 189 105
199 186 115
199 186 105
199 186 105
199 186 105
197 77 115
197 77 105
196 91 115
183 84 115
183 84 105
183 84 105
70 133 115
70 133 105
70 121 115
70 121 105
70 121 105
197 105 115
197 105 105
197 105 105
197 105 105
197 105 105
197 105 105
107 17 115
107 17 105
107 17 105
107 17 105
107 17 105
71 145 115
83 2 115
83 2 105
83 2 105
83 2 105
85 153 115
83 140 115
83 140 105
71 9 115
71 9 105
71 9 105
71 9 105
71 9 105
71 9 105
66 180 115
53 174 115
60 1 115
60 1 105
60 1 105
48 9 115
48 9 105
48 9 105
48 9 105
48 9 105
48 9 105
41 169 115
19 144 115
36 1 115
36 1 105
36 1 105
36 1 105
36 1 105
36 1 105
36 1 105
36 1 105
36 1 105
60 16 115
60 16 105
60 16 105
60 16 105
60 16 105
60 16 105
60 16 105
197 63 115
197 63 105
198 50 115
198 50 105
198 50 105
198 50 105
198 50 105
198 50 105
198 50 105
31 178 115
31 178 105
183 98 115
183 98 105
183 98 105
170 105 115
170 105 105
170 105 105
170 105 105
170 105 105
171 119 115
171 119 105
171 119 105
184 112 115
184 112 105
184 112 105
184 112 105
184 112 105
158 127 115
158 127 105
158 112 115
158 112 105
158 112 105
8 152 115
8 166 115
145 121 115
145 121 105
145 121 105
43 183 115
55 189 115
55 189 105
146 136 115
146 136 105
133 129 115
133 129 105
133 129 105
133 129 105
133 129 105
133 129 105
159 142 115
159 142 105
147 151 115
147 151 105
7 137 115
19 129 115
19 129 105
160 157 115
160 157 105
160 157 105
160 157 105
160 157 105
172 134 115
172 134 105
96 149 115
96 149 105
98 163 115
98 163 105
134 160 115
134 160 105
134 160 105
134 160 105
135 175 115
135 175 105
135 175 105
135 175 105
19 171 140
19 170 116
19 169 95
19 168 79
19 167 66
19 167 120
19 166 56
19 166 120
19 165 50
19 165 120
18 165 43
18 165 120
17 165 37
17 165 120
16 165 32
16 165 120
16 164 26
16 164 120
15 164 21
15 164 120
14 164 17
14 164 120
14 164 120
14 163 15
14 163 120
13 163 15
13 163 120
13 163 120
13 162 15
13 162 120
12 162 15
12 162 120
12 161 15
12 161 120
12 160 16
12 160 120
12 159 20
12 159 120
12 158 25
12 158 120
12 157 30
12 157 120
12 156 34
12 156 120
12 155 37
12 155 120
12 154 39
12 154 120
12 153 40
12 153 120
12 152 39
12 152 120
12 151 36
12 151 120
12 150 33
12 150 120
12 149 28
12 149 120
12 148 23
12 148 120
12 147 17
12 147 120
12 146 15
12 146 120
12 145 15
12 145 120
12 144 15
12 144 120
12 143 15
12 143 120
12 142 15
12 142 120
13 142 15
13 142 120
14 142 22
14 142 120
15 142 31
15 142 120
16 142 40
16 142 120
17 142 49
17 142 120
18 142 57
18 142 120
19 142 65
20 142 70
21 142 74
22 142 77
23 142 78
24 142 77
25 142 76
26 142 73
27 142 71
28 142 67
29 142 64
29 141 64
29 140 64
29 139 65
29 138 66
29 137 68
30 136 62
31 136 56
31 136 120
32 136 50
32 136 120
33 136 46
33 136 120
34 136 43
34 136 120
35 136 42
35 136 120
36 136 41
36 136 120
37 136 42
37 136 120
38 136 44
38 136 120
39 136 47
39 136 120
39 137 50
39 137 120
40 137 53
40 137 120
41 137 56
42 137 59
43 137 62
44 137 64
45 137 66
46 137 68
47 137 69
48 137 69
49 137 70
50 137 69
51 137 69
52 137 68
53 137 68
54 137 68
54 138 67
54 139 67
55 139 66
56 139 66
57 139 67
58 138 69
58 137 70
58 136 70
58 135 70
58 134 70
58 133 69
58 132 68
58 131 67
58 130 65
58 129 64
58 128 62
58 126 61
58 126 120
58 125 62
58 125 120
59 125 63
59 125 120
59 124 64
59 124 120
60 124 67
60 124 120
60 123 69
60 123 120
60 122 74
60 122 120
60 121 80
60 121 120
60 120 89
60 120 120
60 119 101
60 119 120
60 118 116
60 118 120
60 117 133
60 117 120
60 116 154
61 115 179
62 115 185
62 115 120
62 114 211
62 113 240
62 112 272
62 111 306
62 110 342
62 109 379
62 109 120
62 108 417
62 108 120
62 107 455
62 107 120
62 107 120
62 106 494
62 106 120
62 106 120
62 105 532
62 105 120
62 105 120
62 105 120
62 104 568
62 104 120
62 104 120
62 104 120
62 103 603
62 103 120
62 103 120
62 103 120
62 103 120
62 102 635
62 102 120
62 102 120
62 102 120
62 102 120
62 101 665
62 101 120
62 101 120
62 101 120
62 100 690
62 100 120
62 100 120
62 100 120
62 99 713
62 99 120
62 99 120
62 98 731
62 98 120
62 97 744
62 96 752
62 95 756
62 94 754
62 93 747
62 92 735
62 91 120
62 91 120
62 90 696
62 89 669
62 88 638
62 87 603
62 86 565
62 85 524
62 84 482
62 83 437
62 82 392
62 81 348
62 80 304
62 79 261
62 78 221
62 76 150
62 76 120
62 75 121
62 75 120
62 75 120
62 74 96
62 74 120
62 74 120
62 73 76
62 73 120
62 73 120
62 73 120
63 73 55
63 73 120
63 73 120
63 73 120
63 72 40
63 72 120
63 72 120
63 72 120
63 72 120
64 72 24
64 72 120
64 72 120
64 72 120
64 72 120
64 71 15
64 71 120
64 71 120
64 71 120
64 71 120
65 71 15
65 71 120
65 71 120
65 71 120
66 71 15
66 71 120
66 71 120
66 71 120
67 71 15
67 71 120
67 71 120
67 71 120
68 71 15
68 71 120
68 71 120
68 70 15
68 70 120
68 70 120
69 70 15
69 70 120
69 70 120
69 69 15
69 69 120
69 69 120
70 69 15
70 69 120
70 69 120
70 68 15
70 68 120
70 68 120
71 68 15
71 68 120
71 67 15
71 67 120
71 66 15
71 66 120
71 65 18
71 65 120
72 65 24
72 65 120
73 65 32
73 65 120
73 64 38
73 64 120
74 64 43
74 64 120
75 64 50
75 64 120
75 63 53
75 63 120
76 63 56
76 63 120
77 63 59
77 63 120
77 62 59
77 62 120
78 62 59
78 62 120
79 62 58
79 62 120
79 61 53
79 61 120
80 61 49
80 61 120
80 60 44
80 60 120
81 60 36
81 60 120
82 60 30
82 60 120
82 59 21
82 59 120
83 59 15
83 59 120
84 59 15
84 59 120
84 58 15
84 58 120
84 57 15
84 57 120
84 56 15
84 56 120
84 55 15
84 55 120
84 54 15
84 54 120
84 53 15
84 53 120
84 52 15
84 52 120
85 52 15
85 52 120
86 52 15
86 52 120
86 51 15
86 51 120
86 50 15
86 50 120
86 49 15
86 49 120
86 48 33
86 48 120
86 47 57
86 47 120
86 46 83
86 46 120
86 45 110
86 44 138
86 43 166
86 42 195
86 41 223
86 40 250
86 39 275
86 38 300
86 37 322
86 36 343
86 35 362
86 34 379
86 33 395
86 32 409
86 31 421
86 30 432
86 29 442
86 28 450
86 27 457
86 26 463
86 25 468
86 24 471
86 23 472
86 23 120
86 22 472
86 22 120
86 21 470
86 21 120
86 20 466
86 20 120
86 19 461
86 19 120
86 18 454
86 18 120
86 17 445
86 17 120
86 16 434
86 16 120
86 15 422
86 15 120
86 14 410
86 14 120
86 13 396
86 13 120
86 13 120
86 12 383
86 12 120
86 12 120
86 12 120
86 11 371
86 11 120
86 11 120
86 11 120
86 10 359
86 10 120
86 10 120
86 10 120
86 10 120
87 10 352
87 10 120
87 10 120
87 10 120
87 10 120
88 10 348
88 10 120
88 10 120
88 10 120
88 10 120
89 10 348
89 10 120
89 10 120
89 10 120
90 10 350
90 10 120
90 10 120
90 10 120
91 10 356
91 10 120
91 10 120
92 10 364
92 10 120
92 10 120
93 10 374
93 10 120
95 10 399
96 10 413
97 10 427
98 10 441
99 10 453
100 10 465
101 10 474
102 10 481
103 10 486
104 10 489
105 10 489
105 10 120
106 10 487
106 10 120
107 10 482
107 10 120
107 10 120
108 10 475
108 10 120
108 10 120
109 10 467
109 10 120
109 10 120
110 10 457
110 10 120
111 10 447
111 10 120
112 10 436
112 10 120
113 10 426
114 10 416
115 10 408
116 10 401
117 10 395
118 10 392
146 23 79
146 23 120
146 22 90
146 22 120
146 21 102
146 21 120
146 20 114
146 20 120
146 19 127
146 19 120
146 18 140
146 18 120
146 17 154
146 17 120
146 16 168
146 16 120
146 16 120
146 15 184
146 15 120
146 15 120
146 14 200
146 14 120
146 14 120
146 13 218
146 13 120
146 13 120
146 12 237
146 12 120
146 12 120
146 11 258
146 11 120
145 10 297
145 10 120
144 10 313
144 10 120
143 10 332
143 10 120
142 10 350
142 10 120
141 10 369
141 10 120
140 10 387
140 10 120
139 10 405
139 10 120
138 10 421
138 10 120
137 10 435
137 10 120
136 10 447
136 10 120
135 10 457
135 10 120
134 10 463
134 10 120
133 10 467
133 10 120
132 10 469
132 10 120
131 10 468
130 10 464
129 10 458
128 10 451
127 10 443
126 10 433
125 10 424
124 10 415
123 10 407
123 10 120
122 10 400
122 10 120
121 10 395
121 10 120
120 10 392
147 24 54
147 24 120
148 24 42
148 24 120
149 24 33
149 24 120
150 24 26
150 24 120
151 24 22
151 24 120
151 25 20
151 25 120
151 26 18
151 26 120
151 26 120
151 27 18
151 27 120
151 27 120
151 28 18
151 28 120
151 28 120
152 28 19
152 28 120
152 28 120
152 29 21
152 29 120
152 29 120
153 29 24
153 29 120
153 29 120
153 30 27
153 30 120
153 30 120
154 30 30
154 30 120
154 31 34
154 31 120
155 31 37
155 31 120
156 31 41
156 31 120
157 31 45
157 31 120
158 31 50
158 31 120
159 32 54
159 32 120
159 33 53
159 33 120
159 34 53
159 34 120
159 35 54
159 35 120
159 36 57
159 36 120
159 37 62
159 37 120
159 38 69
159 38 120
159 39 80
159 40 93
159 41 110
159 42 130
159 42 120
159 43 153
159 43 120
159 45 209
159 45 120
159 46 242
159 46 120
159 47 276
159 47 120
159 48 312
159 49 350
159 50 387
159 51 425
159 52 463
159 53 500
159 54 535
159 55 569
159 56 601
159 57 632
159 58 661
159 59 690
159 60 717
159 61 745
159 62 772
159 63 801
159 64 832
159 65 864
159 66 900
159 67 938
159 68 980
159 69 1026
158 69 1074
157 70 1167
157 71 1217
157 72 1269
157 72 120
157 73 1324
157 73 120
157 73 120
157 74 1380
157 74 120
157 74 120
157 74 120
157 74 120
157 75 1438
157 75 120
157 75 120
157 75 120
157 75 120
157 75 120
157 76 1496
157 76 120
157 76 120
157 76 120
157 76 120
157 76 120
157 76 120
157 76 120
157 77 1552
157 77 120
157 77 120
157 77 120
157 77 120
157 77 120
157 77 120
157 77 120
157 77 120
157 78 1607
157 78 120
157 78 120
157 78 120
157 78 120
157 78 120
157 78 120
157 78 120
157 78 120
157 79 1659
157 79 120
157 79 120
157 79 120
157 79 120
157 79 120
157 79 120
157 79 120
157 80 1707
157 80 120
157 80 120
157 80 120
157 80 120
157 80 120
157 80 120
157 81 1750
157 81 120
157 81 120
157 81 120
157 81 120
157 81 120
157 82 1786
157 82 120
157 82 120
157 82 120
157 83 1815
157 83 120
157 83 120
146 25 58
146 25 120
146 26 49
146 26 120
146 27 42
146 27 120
146 28 37
146 28 120
146 28 120
146 29 34
146 29 120
146 29 120
146 30 34
146 30 120
146 30 120
146 31 37
146 31 120
146 31 120
146 32 43
146 32 120
146 32 120
146 33 54
146 33 120
146 33 120
146 34 68
146 34 120
146 35 87
146 35 120
146 36 111
146 36 120
146 37 139
146 37 120
58 140 66
58 141 65
58 142 63
58 143 62
58 144 60
58 145 59
58 146 58
58 147 57
58 148 57
58 149 57
58 150 57
58 151 58
59 151 60
63 165 66
63 164 69
63 163 72
63 162 74
63 161 75
63 160 76
63 159 76
63 158 75
63 157 74
63 156 73
63 155 71
63 154 70
63 153 68
63 152 66
62 152 65
61 152 64
60 152 62
64 166 55
65 166 48
66 166 42
66 167 36
66 168 31
67 168 25
67 169 20
67 169 120
67 170 15
67 170 120
68 170 15
68 170 120
68 171 15
68 171 120
69 171 15
69 171 120
69 172 15
69 172 120
69 173 15
69 173 120
70 173 15
70 173 120
71 173 16
71 173 120
72 173 23
72 173 120
73 173 32
73 173 120
74 173 44
74 173 120
75 173 57
76 172 61
76 171 53
76 170 47
76 169 44
76 168 44
77 168 54
78 168 65
79 168 77
80 168 90
81 168 102
81 168 120
82 168 115
82 168 120
83 168 127
83 168 120
84 168 138
84 168 120
85 168 148
85 168 120
86 168 158
86 168 120
88 168 174
89 168 181
90 168 187
91 168 193
92 168 199
93 168 205
94 168 213
95 168 221
96 168 231
97 168 242
98 168 255
99 168 270
99 168 120
100 168 288
100 168 120
100 169 304
100 169 120
101 169 322
101 169 120
101 169 120
101 170 337
101 170 120
101 170 120
101 171 354
101 171 120
101 171 120
101 171 120
102 171 368
102 171 120
102 171 120
102 171 120
102 172 383
102 172 120
102 172 120
102 172 120
103 172 396
103 172 120
103 172 120
103 172 120
103 172 120
103 173 408
103 173 120
103 173 120
103 173 120
103 173 120
104 173 419
104 173 120
104 173 120
104 173 120
104 173 120
105 173 429
105 173 120
105 173 120
105 173 120
105 173 120
106 173 440
106 173 120
106 173 120
106 173 120
107 173 450
107 173 120
107 173 120
107 173 120
108 173 460
108 173 120
108 173 120
109 173 468
109 173 120
110 173 475
111 174 469
111 175 457
111 176 446
111 177 436
111 178 427
112 178 417
113 178 406
113 179 393
114 179 379
115 179 364
115 179 120
115 180 349
115 180 120
116 180 332
116 180 120
117 180 316
117 180 120
117 180 120
117 181 300
117 181 120
118 181 283
118 181 120
118 181 120
119 181 267
119 181 120
119 181 120
119 182 250
119 182 120
120 182 235
120 182 120
120 183 220
120 183 120
121 183 205
121 183 120
122 183 193
123 183 183
29 135 74
29 134 79
29 133 85
29 132 92
29 131 101
29 131 120
29 130 112
29 130 120
29 129 125
29 129 120
29 128 140
29 128 120
29 127 158
29 127 120
29 126 178
29 126 120
29 125 201
29 125 120
29 124 226
29 124 120
29 123 255
29 123 120
