113 13 115
113 13 105
113 13 105
113 13 105
113 13 105
113 13 105
113 13 105
130 175 115
57 174 115
34 118 115
34 118 105
34 118 105
40 64 115
54 11 115
165 116 115
148 67 115
102 136 115
54 23 115
54 23 105
54 23 105
54 23 105
163 103 115
163 103 105
163 103 105
163 103 105
166 129 115
166 129 105
177 123 115
177 123 105
58 161 115
58 161 105
58 161 105
58 161 105
58 187 115
58 187 105
58 187 105
130 161 115
143 168 115
116 142 115
116 142 105
116 142 105
116 142 105
40 50 115
52 57 115
44 181 115
44 181 105
44 181 105
44 181 105
101 122 115
87 130 115
87 130 105
87 130 105
87 130 105
66 5 115
66 5 105
66 17 115
66 17 105
66 17 105
160 60 115
148 52 115
148 52 105
148 52 105
53 45 115
53 45 105
143 155 115
143 155 105
143 155 105
143 155 105
142 182 115
161 74 115
21 125 115
21 125 105
21 125 105
21 125 105
21 125 105
21 125 105
47 125 115
47 125 105
48 108 115
48 108 105
48 108 105
48 108 105
48 108 105
153 123 115
72 179 115
72 179 105
72 179 105
72 179 105
72 179 105
33 133 115
33 133 105
33 133 105
45 141 115
41 17 115
41 17 105
41 17 105
41 17 105
41 17 105
27 57 115
44 168 115
32 148 115
32 148 105
32 148 105
32 148 105
155 175 115
155 175 105
155 175 105
26 73 115
26 73 105
14 66 115
116 169 115
116 169 105
173 67 115
173 67 105
173 67 105
140 116 115
152 109 115
152 109 105
114 115 115
127 108 115
127 108 105
45 155 115
113 27 115
124 35 115
124 35 105
112 42 115
101 34 115
101 34 105
124 50 115
124 50 105
124 50 105
124 50 105
124 50 105
101 48 115
101 48 105
101 48 105
101 48 105
101 48 105
154 189 115
154 189 105
154 189 105
154 189 105
154 189 105
101 21 115
101 21 105
101 21 105
78 10 115
78 10 105
78 10 105
78 10 105
78 10 105
78 10 105
78 10 105
41 5 115
41 5 105
41 5 105
41 5 105
15 51 115
15 51 105
15 51 105
15 51 105
116 155 115
116 155 105
116 155 105
116 155 105
115 183 115
115 183 105
115 183 105
115 183 105
115 183 105
115 183 105
66 28 115
66 28 105
66 28 105
66 28 105
66 28 105
66 28 105
66 28 105
136 28 115
136 28 105
136 28 105
136 28 105
136 28 105
136 28 105
136 28 105
12 82 115
12 82 105
12 82 105
12 82 105
12 82 105
12 82 105
101 163 115
101 163 105
101 163 105
101 163 105
101 163 105
115 129 115
115 129 105
28 10 115
28 10 105
15 3 115
15 3 105
15 3 105
15 3 105
15 15 115
15 15 105
15 15 105
15 27 115
15 27 105
15 27 105
15 27 105
15 27 105
1 60 115
1 60 105
1 60 105
1 60 105
1 60 105
1 60 105
102 150 115
102 150 105
102 150 105
102 150 105
102 150 105
136 43 115
136 43 105
136 43 105
136 43 105
136 43 105
136 43 105
90 28 115
90 28 105
90 28 105
90 28 105
2 21 115
2 21 105
2 21 105
2 21 105
2 21 105
2 21 105
2 21 105
2 21 105
101 177 115
28 22 115
28 22 105
28 22 105
28 22 105
28 22 105
28 22 105
51 73 115
38 81 115
38 81 105
38 81 105
38 81 105
64 66 115
63 82 115
63 82 105
63 82 105
63 82 105
65 52 115
65 52 105
65 52 105
124 20 115
124 20 105
124 20 105
124 20 105
124 20 105
124 20 105
89 41 115
89 41 105
89 41 105
89 41 105
89 41 105
89 41 105
86 185 115
86 185 105
86 185 105
101 191 115
101 191 105
101 191 105
101 191 105
101 191 105
86 171 115
59 132 115
59 132 105
59 132 105
59 132 105
59 132 105
128 122 115
66 17 105
66 17 105
66 17 105
66 17 105
66 17 105
66 17 105
66 17 105
66 17 105
66 17 105
66 17 105
102 7 115
102 7 105
102 7 105
102 7 105
102 7 105
102 7 105
102 7 105
54 33 115
54 33 105
90 15 115
90 15 105
90 15 105
90 15 105
90 15 105
90 15 105
87 158 115
87 158 105
87 158 105
87 158 105
87 158 105
87 158 105
112 57 115
112 57 105
112 57 105
112 57 105
112 57 105
112 57 105
112 57 105
112 57 105
155 162 115
155 162 105
155 162 105
155 162 105
155 162 105
28 44 115
28 44 105
28 44 105
28 44 105
28 44 105
167 169 115
167 169 105
178 163 115
178 163 105
178 163 105
178 163 105
178 163 105
178 176 115
178 176 105
178 176 105
178 176 105
178 176 105
178 176 105
32 162 115
32 162 105
32 162 105
20 168 115
20 168 105
20 168 105
20 168 105
20 168 105
20 168 105
78 34 115
78 34 105
78 34 105
66 40 115
66 40 105
66 40 105
66 40 105
66 40 105
66 40 105
66 40 105
66 40 105
66 40 105
66 40 105
66 40 105
66 40 105
66 40 105
66 40 105
66 40 105
66 40 105
66 40 105
66 40 105
66 40 105
66 40 105
66 40 105
66 40 105
66 40 105
66 40 105
66 40 105
66 40 105
66 40 105
66 40 105
66 40 105
66 40 105
66 40 105
41 28 115
41 28 105
41 28 105
77 60 115
41 28 105
41 28 105
41 28 105
41 28 105
41 28 105
41 28 105
41 28 105
41 28 105
41 28 105
41 28 105
41 28 105
41 28 105
41 28 105
41 28 105
41 28 105
41 28 105
54 33 105
54 33 105
54 33 105
54 33 105
54 33 105
54 33 105
54 33 105
54 33 105
54 33 105
54 33 105
54 33 105
54 33 105
54 33 105
54 33 105
54 33 105
54 33 105
54 33 105
54 33 105
54 33 105
54 33 105
54 33 105
54 33 105
54 33 105
54 33 105
54 33 105
32 175 115
32 175 105
32 175 105
32 175 105
32 175 105
45 194 115
45 194 105
45 194 105
45 194 105
45 194 105
45 194 105
45 194 105
141 196 115
141 196 105
141 196 105
141 196 105
141 196 105
141 196 105
141 196 105
166 183 115
166 183 105
166 183 105
166 183 105
166 183 105
166 183 105
167 155 115
167 155 105
167 155 105
167 155 105
167 155 105
167 155 105
167 155 105
58 147 115
58 147 105
58 147 105
58 147 105
58 147 105
58 147 105
59 199 115
59 199 105
59 199 105
59 199 105
59 199 105
59 199 105
59 199 105
61 116 115
61 116 105
61 116 105
61 116 105
61 116 105
61 116 105
61 116 105
61 116 105
8 161 115
8 161 105
0 167 115
0 167 105
0 167 105
0 167 105
0 153 115
0 153 105
0 153 105
8 148 115
8 148 105
8 148 105
8 148 105
130 148 115
130 148 105
130 148 105
130 148 105
130 148 105
130 148 105
130 148 105
149 82 115
149 82 105
149 82 105
149 82 105
149 82 105
86 199 115
86 199 105
86 199 105
86 199 105
86 199 105
86 199 105
86 199 105
86 199 105
86 199 105
174 81 115
174 81 105
174 81 105
174 81 105
174 81 105
141 129 115
113 101 115
113 101 105
113 101 105
113 101 105
113 101 105
113 101 105
189 184 115
199 191 115
199 191 105
199 177 115
199 177 105
199 177 105
199 177 105
188 198 115
188 198 105
188 198 105
177 190 115
20 155 115
20 155 105
20 155 105
20 155 105
20 155 105
20 155 105
23 108 115
23 108 105
23 108 105
23 108 105
23 108 105
23 108 105
23 108 105
23 108 105
23 108 105
138 102 115
138 102 105
138 102 105
138 102 105
138 102 105
0 139 115
0 139 105
0 139 105
0 139 105
0 139 105
0 139 105
0 139 105
0 139 105
0 139 105
154 135 115
154 135 105
154 135 105
154 135 105
154 135 105
8 174 115
8 174 105
8 174 105
8 174 105
8 174 105
8 174 105
8 174 105
8 174 105
165 197 115
165 197 105
165 197 105
165 197 105
165 197 105
165 197 105
165 197 105
178 136 115
178 136 105
178 136 105
178 136 105
178 136 105
178 136 105
199 163 115
199 163 105
199 163 105
199 163 105
199 163 105
199 163 105
199 163 105
199 163 105
101 108 115
101 108 105
33 199 115
33 199 105
33 199 105
33 199 105
21 194 115
21 194 105
10 199 115
0 193 115
0 193 105
88 115 115
88 115 105
88 115 105
88 115 105
88 99 115
88 99 105
88 99 105
88 99 105
88 99 105
88 99 105
199 191 105
199 191 105
9 187 115
9 187 105
9 187 105
9 187 105
9 187 105
9 187 105
160 44 115
160 44 105
173 52 115
173 52 105
173 52 105
173 52 105
173 52 105
160 29 115
160 29 105
160 29 105
160 29 105
160 29 105
160 29 105
160 29 105
32 188 115
32 188 105
32 188 105
32 188 105
32 188 105
32 188 105
129 189 115
115 197 115
189 116 115
189 116 105
189 116 105
189 116 105
189 116 105
189 116 105
176 109 115
176 109 105
176 109 105
0 167 105
0 167 105
0 167 105
0 167 105
0 167 105
0 167 105
0 167 105
0 167 105
0 167 105
0 167 105
0 167 105
0 167 105
0 167 105
0 167 105
0 167 105
0 167 105
0 167 105
0 167 105
0 167 105
0 167 105
188 102 115
188 102 105
188 102 105
188 102 105
188 102 105
188 102 105
188 102 105
8 148 105
116 155 105
116 155 105
116 155 105
116 155 105
116 155 105
116 155 105
116 155 105
116 155 105
116 155 105
116 155 105
116 155 105
116 155 105
116 155 105
116 155 105
129 135 115
129 135 105
129 135 105
136 74 115
136 74 105
136 74 105
136 74 105
136 74 105
136 74 105
136 74 105
136 74 105
129 135 105
129 135 105
129 135 105
129 135 105
129 135 105
129 135 105
129 135 105
129 135 105
129 135 105
129 135 105
129 135 105
129 135 105
129 135 105
129 135 105
129 135 105
129 135 105
73 138 115
73 138 105
73 138 105
73 138 105
73 138 105
73 138 105
73 138 105
73 138 105
73 138 105
73 138 105
143 155 105
143 155 105
143 155 105
143 155 105
143 155 105
143 155 105
143 155 105
143 155 105
143 155 105
143 155 105
143 155 105
143 155 105
143 155 105
143 155 105
143 155 105
143 155 105
20 181 115
20 181 105
20 181 105
20 181 105
20 181 105
20 181 105
20 181 105
20 181 105
9 187 105
9 187 105
9 187 105
9 187 105
9 187 105
9 187 105
9 187 105
9 187 105
9 187 105
9 187 105
9 187 105
9 187 105
9 187 105
189 170 115
189 170 105
189 170 105
189 170 105
189 170 105
189 170 105
189 170 105
189 170 105
78 23 115
78 23 105
100 92 115
100 92 105
100 92 105
100 92 105
100 92 105
100 92 105
100 92 105
100 92 105
186 74 115
186 74 105
186 74 105
186 74 105
186 74 105
186 74 105
186 74 105
186 74 105
186 74 105
173 37 115
186 29 115
186 29 105
186 29 105
173 22 115
186 14 115
186 14 105
186 14 105
186 14 105
174 7 115
174 7 105
174 7 105
174 7 105
174 7 105
174 7 105
32 148 105
166 183 105
166 183 105
166 183 105
166 183 105
166 183 105
166 183 105
166 183 105
166 183 105
166 183 105
166 183 105
166 183 105
166 183 105
166 183 105
166 183 105
166 183 105
166 183 105
32 188 105
32 188 105
32 188 105
32 188 105
178 163 105
178 163 105
178 163 105
178 163 105
178 163 105
178 163 105
178 163 105
58 161 105
72 166 115
72 166 105
72 166 105
72 166 105
72 166 105
72 166 105
72 166 105
72 166 105
72 166 105
0 75 115
0 75 105
0 75 105
0 75 105
0 75 105
0 75 105
102 150 105
102 150 105
102 150 105
102 150 105
102 150 105
102 150 105
32 175 105
32 175 105
20 155 105
20 155 105
20 155 105
20 155 105
20 155 105
20 155 105
20 155 105
20 155 105
20 155 105
20 155 105
20 155 105
20 155 105
20 155 105
20 155 105
20 155 105
58 147 105
48 108 105
48 108 105
48 108 105
48 108 105
48 108 105
48 108 105
48 108 105
48 108 105
48 108 105
48 108 105
48 108 105
50 90 115
50 90 105
50 90 105
50 90 105
50 90 105
50 90 105
50 90 105
50 90 105
198 22 115
198 22 105
198 22 105
198 22 105
198 22 105
198 22 105
198 22 105
198 22 105
150 96 115
150 96 105
150 96 105
150 96 105
150 96 105
150 96 105
150 96 105
136 59 115
74 123 115
74 123 105
74 123 105
74 123 105
74 123 105
74 123 105
74 123 105
74 123 105
190 129 115
190 129 105
190 129 105
190 129 105
190 129 105
190 129 105
190 129 105
190 129 105
190 129 105
186 0 115
186 0 105
186 0 105
186 0 105
186 0 105
186 0 105
186 0 105
186 0 105
186 0 105
186 0 105
186 44 115
186 44 105
186 44 105
186 44 105
186 44 105
186 44 105
198 51 115
198 51 105
198 36 115
198 36 105
198 36 105
198 36 105
198 36 105
198 36 105
198 36 105
199 66 115
199 66 105
199 66 105
199 66 105
199 66 105
199 66 105
199 66 105
199 66 105
186 59 115
186 59 105
186 59 105
186 59 105
186 59 105
186 59 105
186 59 105
154 135 105
154 135 105
154 135 105
154 135 105
154 135 105
154 135 105
154 135 105
154 135 105
154 135 105
154 135 105
154 135 105
154 135 105
154 135 105
125 94 115
125 94 105
125 94 105
125 94 105
125 94 105
125 94 105
125 94 105
125 94 105
125 94 105
138 102 105
199 108 115
199 108 105
199 108 105
199 108 105
199 122 115
2 46 115
2 46 105
2 46 105
2 46 105
163 103 105
88 68 115
76 75 115
76 75 105
76 75 105
76 75 105
175 96 115
175 96 105
175 96 105
175 96 105
175 96 105
175 96 105
175 96 105
175 96 105
175 96 105
173 52 105
173 52 105
173 52 105
173 52 105
173 52 105
173 52 105
173 52 105
173 52 105
173 52 105
100 63 115
100 63 105
100 63 105
100 63 105
100 77 115
100 77 105
100 77 105
100 77 105
100 77 105
100 77 105
100 77 105
199 7 115
199 7 105
199 7 105
199 7 105
199 7 105
124 50 105
124 50 105
124 50 105
124 50 105
124 50 105
124 50 105
124 50 105
124 50 105
124 50 105
124 50 105
124 50 105
124 50 105
124 50 105
148 66 15
148 66 120
148 65 15
148 65 120
147 65 15
147 65 120
146 65 15
146 65 120
145 65 15
145 65 120
144 65 15
144 65 120
143 65 15
143 65 120
142 65 15
142 65 120
142 64 15
142 64 120
142 63 15
142 63 120
141 63 15
141 63 120
141 62 15
141 62 120
141 61 15
141 61 120
141 60 15
141 60 120
141 59 15
141 59 120
141 58 15
141 58 120
141 57 15
141 57 120
140 57 15
140 57 120
139 57 39
139 56 98
139 55 164
139 54 235
139 53 308
139 52 380
139 51 449
139 50 515
139 49 574
139 48 626
139 47 670
139 46 707
139 45 736
139 45 120
139 44 759
139 44 120
139 44 120
139 43 776
139 43 120
139 43 120
139 43 120
139 42 789
139 42 120
139 42 120
139 42 120
139 42 120
139 41 800
139 41 120
139 41 120
139 41 120
139 41 120
139 41 120
139 41 120
138 41 803
138 41 120
138 41 120
138 41 120
138 41 120
138 40 803
138 40 120
138 40 120
138 40 120
138 40 120
138 40 120
138 40 120
137 40 798
137 40 120
137 40 120
137 40 120
137 40 120
137 39 789
137 39 120
137 39 120
137 39 120
137 39 120
136 39 776
136 39 120
136 39 120
136 38 760
136 38 120
136 38 120
136 38 120
135 38 738
135 38 120
135 37 717
135 37 120
134 37 687
133 37 657
133 36 626
132 36 589
131 36 552
130 36 516
130 35 475
129 35 433
128 35 391
127 35 349
126 35 305
125 35 260
123 35 165
122 35 115
122 35 120
121 35 64
121 35 120
120 35 15
120 35 120
119 35 15
119 35 120
119 34 15
119 34 120
119 33 15
119 33 120
119 32 15
119 32 120
119 31 15
119 31 120
119 30 15
119 30 120
118 30 15
118 30 120
117 30 15
117 30 120
117 29 15
117 29 120
116 29 15
116 29 120
115 29 15
115 29 120
114 29 15
114 29 120
114 28 15
114 28 120
113 28 15
113 28 120
112 28 15
112 28 120
111 28 15
111 28 120
110 28 15
110 28 120
109 28 15
109 28 120
108 28 15
108 28 120
107 28 15
107 28 120
106 28 15
106 28 120
105 28 25
105 28 120
104 28 66
103 28 111
102 28 160
101 28 211
100 28 261
99 28 308
98 28 350
97 28 385
96 28 410
95 28 425
94 28 427
93 28 417
93 28 120
92 28 394
92 28 120
91 28 358
91 28 120
89 28 254
89 28 120
88 28 189
88 28 120
87 28 121
87 28 120
86 28 50
86 28 120
85 28 15
85 28 120
84 28 15
84 28 120
84 27 15
84 27 120
84 26 15
84 26 120
83 26 15
83 26 120
82 26 15
82 26 120
82 25 15
82 25 120
81 25 15
81 25 120
80 25 15
80 25 120
79 25 15
79 25 120
78 25 15
78 25 120
78 25 120
77 25 15
77 25 120
77 25 120
76 25 33
76 25 120
76 25 120
76 25 120
75 25 91
75 25 120
75 25 120
75 25 120
75 25 120
74 25 160
74 25 120
74 25 120
74 25 120
74 25 120
74 24 234
74 24 120
74 24 120
74 24 120
73 24 301
73 24 120
73 24 120
73 24 120
72 24 373
72 24 120
72 24 120
72 24 120
72 24 120
71 24 447
71 24 120
71 24 120
71 24 120
71 24 120
71 24 120
71 23 514
71 23 120
71 23 120
71 23 120
70 23 573
70 23 120
70 23 120
70 23 120
70 23 120
69 23 626
69 23 120
69 23 120
69 23 120
69 23 120
69 23 120
69 23 120
68 23 672
68 23 120
68 23 120
68 23 120
68 23 120
68 23 120
68 23 120
68 23 120
67 23 709
67 23 120
67 23 120
67 23 120
67 23 120
67 23 120
67 23 120
67 23 120
67 23 120
67 23 120
67 23 120
66 23 736
66 23 120
66 23 120
66 23 120
66 23 120
66 23 120
66 23 120
66 23 120
66 23 120
66 23 120
66 23 120
66 23 120
66 23 120
66 22 748
66 22 120
66 22 120
66 22 120
66 22 120
66 22 120
66 22 120
66 22 120
66 22 120
66 22 120
65 22 746
65 22 120
65 22 120
65 22 120
65 22 120
65 22 120
65 22 120
65 22 120
65 22 120
65 22 120
65 22 120
65 22 120
64 22 734
64 22 120
64 22 120
64 22 120
64 22 120
64 22 120
64 22 120
64 22 120
64 22 120
64 22 120
64 22 120
64 22 120
64 22 120
64 22 120
63 22 712
63 22 120
63 22 120
63 22 120
63 22 120
63 22 120
63 22 120
63 22 120
63 22 120
63 22 120
63 22 120
63 22 120
63 22 120
63 22 120
63 22 120
62 22 682
62 22 120
62 22 120
62 22 120
62 22 120
62 22 120
62 22 120
62 22 120
62 22 120
62 22 120
62 22 120
62 22 120
62 22 120
62 22 120
62 22 120
61 22 646
61 22 120
61 22 120
61 22 120
61 22 120
61 22 120
61 22 120
61 22 120
61 22 120
61 22 120
61 22 120
61 22 120
61 22 120
61 21 595
61 21 120
61 21 120
61 21 120
61 21 120
61 21 120
61 21 120
61 21 120
61 21 120
61 21 120
61 21 120
61 21 120
60 21 540
60 21 120
60 21 120
60 21 120
60 21 120
60 21 120
60 21 120
60 21 120
60 21 120
60 21 120
59 21 485
59 21 120
59 21 120
59 21 120
59 21 120
59 21 120
59 21 120
59 21 120
59 20 430
59 20 120
59 20 120
59 20 120
59 20 120
59 20 120
59 20 120
59 20 120
58 20 365
58 20 120
58 20 120
58 20 120
58 20 120
58 20 120
57 20 308
57 20 120
57 20 120
57 20 120
57 19 251
57 19 120
57 19 120
57 19 120
56 19 194
56 19 120
56 19 120
56 18 150
56 18 120
56 18 120
55 18 97
55 18 120
55 18 120
54 18 63
54 18 120
54 18 120
54 17 23
54 17 120
54 17 120
54 16 15
54 16 120
54 16 120
54 15 15
54 15 120
54 15 120
54 14 15
54 14 120
54 14 120
54 13 15
54 13 120
54 12 23
54 12 120
113 26 72
113 25 135
113 24 197
113 23 257
113 22 313
113 21 367
113 20 417
113 19 463
113 18 507
113 17 549
113 16 589
113 15 629
113 14 668
77 61 15
77 62 15
77 63 15
78 63 15
79 63 15
79 64 15
79 64 120
79 65 15
79 65 120
79 66 15
79 66 120
80 66 15
80 66 120
81 66 15
81 66 120
82 66 15
82 66 120
83 66 15
83 66 120
84 66 25
84 66 120
85 66 46
86 66 66
87 66 86
88 66 107
89 66 126
90 66 146
91 66 165
92 66 184
92 66 120
93 66 204
93 66 120
94 66 223
94 66 120
94 66 120
95 66 242
95 66 120
95 66 120
95 66 120
95 65 261
95 65 120
95 65 120
96 65 277
96 65 120
96 65 120
97 65 295
97 65 120
97 65 120
98 65 314
98 65 120
98 65 120
98 64 332
98 64 120
99 64 349
99 64 120
100 64 368
100 64 120
101 63 408
101 63 120
101 62 431
102 62 452
102 61 478
103 61 500
103 60 527
104 60 554
104 59 579
104 58 605
104 57 629
104 56 650
104 56 120
104 55 666
104 55 120
104 55 120
104 54 676
104 54 120
104 54 120
104 53 677
104 53 120
104 53 120
104 52 670
104 52 120
104 52 120
104 52 120
104 51 655
104 51 120
104 51 120
104 51 120
104 50 630
104 50 120
104 50 120
104 50 120
104 49 597
104 49 120
104 49 120
104 49 120
104 48 555
104 48 120
104 48 120
104 48 120
104 47 507
104 47 120
104 47 120
104 46 454
104 46 120
104 46 120
104 45 397
104 45 120
104 44 339
104 44 120
104 43 280
104 43 120
104 42 222
104 42 120
105 42 163
105 41 106
105 41 120
106 41 53
106 41 120
106 40 15
106 40 120
107 40 15
107 40 120
108 40 15
108 40 120
109 40 15
109 40 120
110 40 15
110 40 120
111 40 15
111 40 120
111 39 15
111 39 120
112 39 15
112 39 120
113 39 15
113 39 120
113 38 15
113 38 120
113 37 15
113 37 120
113 36 15
113 36 120
113 35 15
113 35 120
113 34 15
113 33 15
113 32 15
113 31 15
113 30 15
113 30 120
113 29 15
113 29 120
76 60 15
75 60 15
75 60 120
74 60 15
74 60 120
74 59 15
74 59 120
73 59 15
73 59 120
72 59 15
72 59 120
72 58 15
72 58 120
71 58 15
71 58 120
70 58 15
70 58 120
70 57 15
70 57 120
70 57 120
69 57 15
69 57 120
69 57 120
68 57 15
68 57 120
68 57 120
67 57 15
67 57 120
67 57 120
66 57 15
66 57 120
66 57 120
65 57 15
65 57 120
64 57 15
64 57 120
63 57 15
63 57 120
62 57 15
62 57 120
61 57 15
61 57 120
60 57 15
60 57 120
59 57 15
59 57 120
58 57 15
58 57 120
57 57 15
57 57 120
56 57 15
55 57 15
54 57 15
53 57 15
52 56 15
51 56 15
51 55 15
50 55 15
50 54 15
50 54 120
49 54 15
48 54 15
47 54 15
46 54 15
45 54 15
44 54 15
43 54 15
42 54 15
41 54 36
40 54 69
39 54 99
39 55 118
38 55 133
38 56 141
37 56 142
37 57 137
36 57 127
36 58 110
36 59 89
36 60 64
36 61 36
36 62 15
36 62 120
36 63 15
36 63 120
36 64 15
36 64 120
37 64 15
37 64 120
38 64 25
38 64 120
39 64 72
102 137 78
102 138 125
101 138 173
101 139 226
100 139 275
99 139 328
99 140 379
98 140 430
98 141 481
97 141 530
97 142 579
97 143 630
97 144 683
97 145 735
97 146 786
97 147 834
97 148 877
97 149 914
97 150 942
97 151 961
97 152 968
97 153 963
97 154 945
97 155 914
97 156 869
97 157 812
97 158 743
97 159 663
97 160 575
97 161 481
97 162 382
97 163 282
97 164 183
97 165 88
97 166 15
97 166 120
97 167 15
97 167 120
98 167 15
98 167 120
99 167 15
99 167 120
99 168 15
99 168 120
100 168 15
100 168 120
101 168 15
101 168 120
101 169 15
101 169 120
101 170 15
101 170 120
101 171 15
101 171 120
101 172 15
101 172 120
101 173 15
101 173 120
101 174 15
101 174 120
101 175 15
101 175 120
101 176 15
101 176 120
100 177 15
100 177 120
99 177 15
99 177 120
98 177 15
98 177 120
97 177 15
97 177 120
96 177 15
96 177 120
96 178 15
96 178 120
95 178 15
95 178 120
94 178 15
93 178 15
92 178 15
91 178 15
90 178 15
89 178 15
89 178 120
88 178 15
88 178 120
87 178 15
87 178 120
86 178 15
86 178 120
85 178 65
84 178 140
83 178 220
82 178 303
81 178 386
80 178 468
79 178 546
78 178 619
77 178 685
76 178 741
76 178 120
76 178 120
75 178 787
75 178 120
75 178 120
75 178 120
74 178 821
74 178 120
74 178 120
74 178 120
74 178 120
73 178 842
73 178 120
73 178 120
73 178 120
73 178 120
73 178 120
72 178 851
72 178 120
72 178 120
72 178 120
72 178 120
72 178 120
71 178 846
71 178 120
71 178 120
71 178 120
70 178 828
70 178 120
70 178 120
69 178 798
68 178 756
67 178 704
66 178 643
65 178 575
64 178 502
63 178 427
62 178 351
61 178 276
60 178 204
59 178 138
58 178 79
57 178 29
56 178 15
56 177 15
56 176 15
56 176 120
56 175 18
56 174 36
45 168 44
46 168 52
46 169 56
47 169 58
47 170 56
48 170 52
48 171 45
49 171 37
49 172 25
50 172 16
50 173 15
51 173 15
51 174 15
52 174 15
53 174 15
54 174 15
55 174 15
44 167 20
44 166 15
44 165 15
43 165 15
43 165 120
42 165 15
42 165 120
41 165 15
41 165 120
40 165 15
40 165 120
39 165 15
39 165 120
39 164 15
39 164 120
39 163 15
39 163 120
39 162 15
39 162 120
39 161 15
39 161 120
39 160 15
39 160 120
39 159 15
39 159 120
39 158 15
39 158 120
39 157 15
39 157 120
39 156 15
39 156 120
39 155 15
39 155 120
39 155 120
39 154 15
39 154 120
39 153 15
39 153 120
39 152 15
39 152 120
39 151 15
39 151 120
39 150 15
39 150 120
39 149 15
39 149 120
39 148 15
39 148 120
39 147 15
39 147 120
39 146 15
39 146 120
39 145 15
39 145 120
39 144 15
39 144 120
39 143 15
39 143 120
39 142 15
39 142 120
39 141 15
39 141 120
39 140 15
39 140 120
39 139 15
39 139 120
39 138 15
39 138 120
39 137 15
39 137 120
39 136 15
39 136 120
39 135 15
39 135 120
39 134 15
39 134 120
39 133 15
39 133 120
39 132 15
39 132 120
39 131 15
39 131 120
39 130 15
39 130 120
39 129 15
39 129 120
39 128 15
39 128 120
39 127 15
39 127 120
38 127 18
38 127 120
38 126 26
38 126 120
37 126 36
37 126 120
37 125 45
37 125 120
36 125 59
36 125 120
36 124 70
36 124 120
35 124 87
35 124 120
35 123 102
35 123 120
34 123 122
34 123 120
34 123 120
34 122 140
34 122 120
34 122 120
34 121 166
34 121 120
34 121 120
34 120 202
34 120 120
34 119 246
34 119 120
102 175 15
102 175 120
102 175 120
102 174 15
102 174 120
102 174 120
103 174 15
103 174 120
103 174 120
103 173 15
103 173 120
103 173 120
104 173 15
104 173 120
104 173 120
104 173 120
104 172 15
104 172 120
104 172 120
104 172 120
105 172 39
105 172 120
105 172 120
105 172 120
105 172 120
106 172 80
106 172 120
106 172 120
106 172 120
106 172 120
106 172 120
107 172 118
107 172 120
107 172 120
107 172 120
107 172 120
107 172 120
107 172 120
108 172 150
108 172 120
108 172 120
108 172 120
108 172 120
108 172 120
108 172 120
109 172 177
109 172 120
109 172 120
109 172 120
109 172 120
109 172 120
109 172 120
109 172 120
110 172 197
110 172 120
110 172 120
110 172 120
110 172 120
110 172 120
110 172 120
111 172 210
111 172 120
111 172 120
111 172 120
111 172 120
111 172 120
112 172 217
112 172 120
112 172 120
112 172 120
112 172 120
113 172 217
113 172 120
113 172 120
113 172 120
114 172 211
114 172 120
114 172 120
115 172 199
115 172 120
115 172 120
116 172 182
116 172 120
116 172 120
117 172 161
117 172 120
118 172 137
118 172 120
119 172 111
119 172 120
120 172 84
120 172 120
121 172 57
121 172 120
122 172 32
122 172 120
123 172 15
123 172 120
124 172 15
124 172 120
125 172 15
126 172 15
127 172 15
128 172 15
128 173 15
129 173 15
129 174 15
130 174 15
149 66 15
149 66 120
150 66 15
150 66 120
151 66 15
151 66 120
152 66 15
152 66 120
153 66 15
154 66 15
155 66 15
155 67 15
156 67 15
157 67 15
158 67 15
158 68 15
158 69 15
158 70 15
158 71 15
158 72 17
158 73 62
158 74 114
158 75 173
158 76 236
158 77 304
158 78 374
158 79 446
158 80 519
158 81 591
158 82 662
158 83 729
158 84 791
158 85 847
158 86 897
158 87 938
158 87 120
158 87 120
158 88 970
158 88 120
158 88 120
158 88 120
158 88 120
158 89 993
158 89 120
158 89 120
158 89 120
158 89 120
158 89 120
158 89 120
158 89 120
158 90 1006
158 90 120
158 90 120
158 90 120
158 90 120
158 90 120
158 90 120
158 90 120
158 90 120
158 91 1008
158 91 120
158 91 120
158 91 120
158 91 120
158 91 120
158 91 120
158 91 120
158 91 120
158 91 120
158 92 1000
158 92 120
158 92 120
158 92 120
158 92 120
158 92 120
158 92 120
158 92 120
158 92 120
158 92 120
158 93 981
158 93 120
158 93 120
158 93 120
158 93 120
158 93 120
158 93 120
158 93 120
158 93 120
158 93 120
158 94 953
158 94 120
158 94 120
158 94 120
158 94 120
158 94 120
158 94 120
158 94 120
158 94 120
158 95 917
158 95 120
158 95 120
158 95 120
158 95 120
158 95 120
158 95 120
158 95 120
158 95 120
158 96 872
158 96 120
158 96 120
158 96 120
158 96 120
158 96 120
158 96 120
158 96 120
158 96 120
158 97 821
158 97 120
158 97 120
158 97 120
158 97 120
158 97 120
158 97 120
158 97 120
158 98 765
158 98 120
158 98 120
158 98 120
158 98 120
158 98 120
158 98 120
158 98 120
158 99 705
158 99 120
158 99 120
158 99 120
158 99 120
158 99 120
158 99 120
158 99 120
158 100 644
158 100 120
158 100 120
158 100 120
158 100 120
158 100 120
158 100 120
158 100 120
158 101 581
158 101 120
158 101 120
158 101 120
158 101 120
158 101 120
158 101 120
158 101 120
158 102 520
158 102 120
158 102 120
158 102 120
158 102 120
158 102 120
158 102 120
158 102 120
158 103 460
158 103 120
158 103 120
158 103 120
158 103 120
158 103 120
158 103 120
158 104 403
158 104 120
158 104 120
158 104 120
158 104 120
158 104 120
158 104 120
158 105 351
158 105 120
158 105 120
158 105 120
158 105 120
158 106 302
158 106 120
158 106 120
158 106 120
158 107 259
158 107 120
158 107 120
158 108 220
158 108 120
158 109 186
158 110 157
158 111 132
158 112 110
158 113 93
158 114 78
158 115 67
158 116 60
157 116 57
156 116 52
155 116 45
154 116 36
153 116 27
153 116 120
152 116 17
152 116 120
151 116 15
151 116 120
150 116 15
150 116 120
149 116 15
149 116 120
148 116 15
148 116 120
147 116 15
147 116 120
146 116 15
146 116 120
145 116 15
145 116 120
144 116 15
144 116 120
143 116 15
143 116 120
142 116 15
141 116 15
140 117 15
141 117 15
142 117 15
143 117 15
143 117 120
144 117 15
144 117 120
145 117 15
145 117 120
146 117 15
146 117 120
146 118 15
146 118 120
147 118 15
147 118 120
148 118 15
148 118 120
149 118 15
149 118 120
150 118 15
150 118 120
151 118 15
151 118 120
152 118 15
152 118 120
153 118 15
153 118 120
154 118 15
154 118 120
155 118 31
156 118 44
157 118 53
158 118 58
159 118 59
160 118 55
161 118 47
162 118 36
163 118 22
164 118 15
165 118 15
165 117 15
