143 14 431
191 1 431
170 64 431
54 180 431
85 126 431
123 190 431
197 154 431
199 8 431
190 15 431
154 21 431
156 7 431
179 8 431
159 57 431
172 50 431
65 172 431
53 165 431
162 43 431
167 14 431
41 173 431
74 134 431
86 141 431
165 28 431
64 157 431
75 149 431
76 164 431
87 155 431
178 22 431
42 187 431
175 36 431
111 183 431
123 176 431
143 0 431
111 169 431
152 35 431
99 162 431
149 49 431
88 170 431
141 28 431
100 177 431
139 42 431
168 0 431
63 142 431
52 150 431
188 29 431
199 22 431
77 179 431
66 187 431
186 43 431
183 57 431
54 194 431
40 158 431
199 36 431
197 50 431
98 148 431
97 133 431
130 7 431
130 7 421
89 185 431
195 64 431
182 71 431
182 71 421
78 193 431
66 199 431
128 35 431
110 155 431
129 21 431
100 191 431
111 197 431
116 28 431
114 42 431
125 49 431
122 162 431
89 199 431
136 56 431
146 64 431
110 140 431
122 148 431
157 71 431
121 134 431
109 126 431
134 70 431
123 63 431
97 119 431
112 56 431
145 78 431
145 78 421
197 168 431
184 161 431
184 161 421
111 70 431
122 77 431
41 199 431
29 194 431
29 180 431
109 84 431
121 91 431
109 98 431
109 112 431
86 126 301
87 126 289
88 126 278
89 126 268
90 126 260
91 126 252
92 126 246
93 126 240
94 126 236
95 126 232
96 126 228
97 126 226
98 126 224
99 126 223
100 126 222
101 126 222
102 126 222
103 126 223
104 126 225
105 126 228
106 126 232
107 126 237
108 126 243
109 125 254
109 124 258
109 123 262
109 122 266
109 121 271
109 120 275
109 119 280
109 118 285
109 117 290
109 116 295
109 115 299
109 114 303
109 113 307
109 111 313
109 110 315
109 109 317
109 108 318
109 107 318
109 106 318
109 105 317
109 104 315
109 103 313
109 102 310
109 101 306
109 100 303
109 99 299
110 98 280
111 98 271
111 98 482
111 97 263
111 97 482
111 96 256
111 96 482
112 96 249
112 96 482
112 95 241
112 95 482
112 94 233
112 94 482
112 93 227
112 93 482
113 93 220
113 93 482
113 92 213
113 92 482
113 91 208
113 91 482
113 90 203
113 90 482
114 90 198
114 90 482
114 89 194
114 89 482
114 88 191
114 88 482
114 87 189
114 87 482
115 87 186
115 87 482
115 86 184
115 86 482
115 85 183
115 85 482
115 84 184
116 84 183
116 83 184
116 82 185
116 81 186
117 81 188
117 80 189
117 79 191
117 78 193
117 77 195
118 77 196
119 77 202
120 77 210
121 77 222
122 76 232
122 75 229
122 74 226
122 74 482
122 73 223
122 72 221
122 71 219
122 70 217
122 69 216
122 68 215
122 67 214
122 66 214
122 65 214
122 64 214
123 64 217
124 64 222
125 64 227
126 64 232
127 64 237
128 64 242
129 64 246
130 64 250
131 64 254
132 64 257
133 64 260
134 64 262
135 64 264
136 64 264
137 64 265
138 64 265
139 64 264
140 64 263
141 64 261
142 64 259
143 64 257
144 64 254
145 64 251
146 63 241
146 62 237
146 61 236
146 60 236
146 59 237
146 58 239
146 57 242
146 56 246
146 55 250
146 54 254
146 53 257
146 52 261
146 51 264
146 50 266
146 49 268
146 48 270
146 47 271
146 46 272
146 45 272
146 44 272
146 43 272
146 42 271
146 41 270
146 40 270
146 39 269
146 38 268
146 37 267
146 36 267
146 35 266
146 34 266
146 33 265
146 32 265
146 31 265
146 30 265
146 29 265
146 28 265
146 27 264
146 26 264
146 25 264
146 24 263
146 23 262
146 22 260
146 21 258
146 20 256
146 19 254
146 18 250
146 17 247
146 16 243
146 15 240
146 14 236
145 14 239
144 14 244
179 9 236
178 9 238
177 9 240
176 9 241
175 9 241
174 9 241
173 9 241
172 9 240
171 9 239
170 9 238
169 9 237
168 9 237
167 9 236
166 9 236
165 9 235
164 9 235
163 9 235
162 9 234
161 9 234
160 9 233
159 9 232
158 9 231
157 9 229
156 9 227
155 9 225
154 9 223
153 9 221
152 9 220
151 9 218
150 9 218
149 9 218
149 10 219
148 10 220
148 11 222
147 11 224
147 12 227
146 12 230
146 13 233
180 8 235
181 8 231
182 8 226
183 8 221
184 8 216
185 8 211
186 8 205
187 8 201
188 8 197
189 8 194
190 8 194
191 8 195
191 7 204
191 6 217
191 5 233
191 4 253
191 3 276
191 2 304
147 64 243
148 64 240
149 64 236
150 64 232
151 64 228
152 64 224
153 64 221
154 64 218
155 64 216
156 64 215
157 64 215
158 64 216
159 64 218
160 64 221
161 64 225
162 64 231
163 64 238
164 64 246
165 64 255
166 64 265
167 64 275
168 64 286
169 64 298
122 190 309
121 190 282
120 190 259
119 190 240
118 190 225
117 190 213
117 189 202
117 188 194
116 188 187
116 187 182
115 187 179
114 187 178
113 187 180
112 187 183
111 187 187
110 187 193
109 187 199
108 187 206
107 187 212
106 187 218
105 187 224
104 187 229
103 187 233
102 187 236
101 187 239
100 187 241
99 187 242
98 187 242
97 187 242
96 187 241
95 187 240
94 187 239
93 187 238
92 187 236
91 187 235
90 187 234
89 187 233
89 186 237
88 185 241
87 185 241
86 185 241
85 185 241
84 185 241
83 185 241
82 185 241
81 185 242
80 185 242
79 185 242
78 185 242
77 185 241
76 185 241
75 185 241
74 185 240
73 185 239
72 185 238
71 185 237
70 185 237
69 185 236
68 185 236
67 185 236
66 185 236
65 185 237
64 185 238
63 185 240
62 185 242
61 185 244
60 185 247
59 185 249
58 185 252
57 185 254
56 185 256
55 185 258
54 185 259
54 184 264
54 183 269
54 182 273
54 181 278
