116 66 431
189 7 431
62 59 431
0 21 431
137 125 431
183 189 431
59 113 431
199 14 431
199 14 421
177 13 431
116 53 431
75 64 431
102 61 431
76 51 431
89 56 431
177 26 431
177 26 421
164 5 431
164 5 421
183 199 431
171 196 431
164 18 431
164 18 421
189 21 431
189 21 421
171 181 431
103 47 431
152 10 431
152 10 421
152 10 421
60 99 431
47 107 431
199 14 421
199 14 421
61 73 431
47 93 431
89 42 431
177 26 421
177 26 421
177 26 421
177 26 421
177 26 421
61 86 431
61 86 421
199 28 431
199 40 431
199 53 431
199 66 431
188 59 431
188 71 431
199 79 431
188 85 431
188 85 421
176 64 431
164 69 431
176 77 431
164 82 431
152 74 431
152 88 431
140 80 431
128 73 431
128 73 421
139 95 431
139 95 421
141 66 431
153 61 431
49 67 431
49 67 421
141 53 431
141 53 421
159 188 431
129 59 431
59 112 320
59 111 289
59 110 262
58 110 239
58 109 215
58 108 196
57 108 176
57 107 160
57 106 150
57 105 144
57 104 143
57 103 147
57 102 155
57 101 167
57 100 183
57 99 202
57 98 224
57 97 248
57 96 274
57 95 301
57 94 328
57 93 355
57 92 381
57 91 406
57 90 430
57 89 451
57 88 469
57 87 484
57 86 496
57 85 504
57 84 509
57 83 510
57 82 508
57 81 503
57 80 495
57 79 484
57 78 471
57 77 456
57 76 440
57 75 424
57 74 408
57 73 392
58 73 376
59 73 364
60 73 355
61 72 327
61 71 304
61 70 285
61 69 268
61 68 256
62 68 244
62 67 233
62 66 226
62 65 224
62 64 226
62 63 233
62 62 245
62 61 261
62 60 281
63 59 282
64 59 260
65 59 242
66 59 227
67 59 216
68 59 207
69 59 201
70 59 198
71 59 198
72 59 200
73 59 204
73 58 207
74 58 210
74 57 214
75 57 215
76 57 218
76 56 220
77 56 221
78 56 222
79 56 225
80 56 227
81 56 230
82 56 233
83 56 236
84 56 239
85 56 242
86 56 243
87 56 245
88 56 245
90 56 244
91 56 242
92 56 240
93 56 236
94 56 232
95 56 226
96 56 221
97 56 214
98 56 208
99 56 201
100 56 193
101 56 186
102 56 179
103 56 173
104 56 167
105 56 162
106 56 157
107 56 154
108 56 152
109 56 151
109 57 149
110 57 148
111 57 149
111 58 150
112 58 151
113 58 154
113 59 159
114 59 163
115 59 169
116 59 177
116 60 185
116 61 201
116 62 223
116 63 251
116 64 285
116 65 325
117 66 376
118 66 384
119 66 392
120 66 401
121 66 410
122 66 419
123 66 427
124 66 433
125 66 438
126 66 441
127 66 442
128 66 441
129 66 438
130 66 432
131 66 424
132 66 415
133 66 403
134 66 390
135 66 375
136 66 360
137 66 344
138 66 328
139 66 312
140 66 297
142 66 270
143 66 259
144 66 249
144 67 239
145 67 230
145 68 221
146 68 212
146 69 204
147 69 197
148 69 191
149 69 188
150 69 187
151 69 188
152 69 189
153 69 192
154 69 196
155 69 201
156 69 205
157 69 210
158 69 215
159 69 219
160 69 222
161 69 225
162 69 228
163 69 229
165 69 230
166 69 230
167 69 230
168 69 229
169 69 228
170 69 226
171 69 225
172 69 224
173 69 222
174 69 221
175 69 220
176 69 219
177 69 217
178 69 216
179 69 214
180 69 212
181 69 210
182 69 207
183 69 204
184 69 200
185 69 196
185 68 191
186 68 186
187 68 181
188 68 176
189 68 172
190 68 169
190 67 166
191 67 164
192 67 164
192 66 164
193 66 167
193 65 169
193 64 174
194 64 179
194 63 186
195 63 194
195 62 201
195 61 210
195 60 220
196 60 229
196 59 238
196 58 248
196 57 257
197 57 266
197 56 274
197 55 281
197 54 288
197 53 295
198 53 300
199 52 311
199 51 311
199 50 309
199 49 307
199 48 304
199 47 300
199 46 296
199 45 292
199 44 287
199 43 283
199 42 279
199 41 277
199 39 277
199 38 281
199 37 287
199 36 297
199 35 311
199 34 328
199 33 350
199 32 376
199 31 406
199 30 441
199 29 479
198 28 548
197 28 585
197 27 622
197 26 661
196 26 698
196 25 732
196 24 764
195 24 797
195 23 820
195 23 482
195 22 843
195 22 482
195 21 863
195 21 482
194 21 875
194 21 482
194 20 884
194 20 482
194 19 890
194 19 482
194 19 482
193 19 887
193 19 482
193 18 880
193 18 482
193 18 482
193 17 871
193 17 482
193 17 482
192 17 852
192 17 482
192 16 831
192 16 482
191 16 806
191 16 482
191 15 774
191 15 482
191 14 743
190 14 704
190 13 666
189 13 623
189 12 580
189 11 542
189 10 510
189 9 484
189 8 464
