186 50 115
88 149 115
107 103 115
107 103 105
107 103 105
107 103 105
159 126 115
35 108 115
110 22 115
110 22 105
124 196 115
29 54 115
189 139 115
176 2 115
174 132 115
174 132 105
199 132 115
199 132 105
199 147 115
98 142 115
100 157 115
175 15 115
175 15 105
186 36 115
186 36 105
186 36 105
186 36 105
188 9 115
124 183 115
112 190 115
28 67 115
28 67 105
28 67 105
36 95 115
47 103 115
47 103 105
41 60 115
41 60 105
41 60 105
41 60 105
16 61 115
17 48 115
112 177 115
112 177 105
112 177 105
159 111 115
159 111 105
159 111 105
159 111 105
159 111 105
189 0 115
173 43 115
172 58 115
98 16 115
110 8 115
98 2 115
145 120 115
147 135 115
111 149 115
133 130 115
133 130 105
133 130 105
119 109 115
132 115 115
23 101 115
24 89 115
189 154 115
185 65 115
109 134 115
109 134 105
109 134 105
109 134 105
112 163 115
29 41 115
29 41 105
29 41 105
175 147 115
175 147 105
175 147 105
175 147 105
199 162 115
189 169 115
13 83 115
11 95 115
86 10 115
86 0 115
199 3 115
162 8 115
163 0 115
199 177 115
172 73 115
172 73 105
75 5 115
75 5 105
185 80 115
123 154 115
124 169 115
124 169 105
131 99 115
131 99 105
131 99 105
131 99 105
131 99 105
4 54 115
4 54 105
3 66 115
3 66 105
3 66 105
188 184 115
188 184 105
188 184 105
188 184 105
172 88 115
172 88 105
4 40 115
4 40 105
199 16 115
186 95 115
188 124 115
188 124 105
188 124 105
188 124 105
15 72 115
15 72 105
123 14 115
123 14 105
123 14 105
162 21 115
161 35 115
161 35 105
161 35 105
134 145 115
111 0 115
123 0 115
123 0 105
123 0 105
97 31 115
86 25 115
86 25 105
86 25 105
199 191 115
199 191 105
199 191 105
199 191 105
175 162 115
175 162 105
175 162 105
175 162 105
109 38 115
109 38 105
109 38 105
109 38 105
109 38 105
162 171 115
149 165 115
148 150 115
135 21 115
149 14 115
0 90 115
0 90 105
0 102 115
0 102 105
0 102 105
0 102 105
0 102 105
17 33 115
17 33 105
17 33 105
17 33 105
17 33 105
48 117 115
48 117 105
48 117 105
48 117 105
48 117 105
48 117 105
48 90 115
37 83 115
22 115 115
22 115 105
26 78 115
60 98 115
60 98 105
60 98 105
61 85 115
50 78 115
50 78 105
62 72 115
62 72 105
62 72 105
62 72 105
62 72 105
72 93 115
84 86 115
73 79 115
73 79 105
73 79 105
83 102 115
83 102 105
83 102 105
95 95 115
148 28 115
174 28 115
174 28 105
122 29 115
122 29 105
122 29 105
122 29 105
199 88 115
199 88 105
199 88 105
150 1 115
136 7 115
199 73 115
198 58 115
199 44 115
199 44 105
199 44 105
199 44 105
199 44 105
160 50 115
159 66 115
159 66 105
159 66 105
159 66 105
147 43 115
134 36 115
134 36 105
133 52 115
146 59 115
132 68 115
132 68 105
132 68 105
132 68 105
187 22 115
187 22 105
137 0 115
199 103 115
199 117 115
175 2 61
174 2 54
173 2 48
172 2 42
171 2 37
171 3 34
170 3 30
169 3 28
169 4 26
168 4 25
167 4 26
166 4 30
165 4 34
164 4 41
163 4 48
162 4 56
161 4 65
160 4 73
159 4 81
158 4 87
157 4 92
156 4 94
155 4 94
154 4 91
153 4 86
152 4 78
151 4 68
150 4 56
149 4 43
148 4 29
147 4 15
146 4 15
145 4 15
144 4 15
143 4 15
143 5 15
142 5 15
142 6 15
141 6 15
141 7 15
140 7 15
139 7 15
138 7 15
137 7 30
159 50 80
159 50 120
158 50 85
158 50 120
157 50 86
157 50 120
156 50 85
156 50 120
156 50 120
155 50 81
155 50 120
155 50 120
154 50 74
154 50 120
153 50 65
153 50 120
152 50 53
152 50 120
151 50 39
151 50 120
150 50 24
150 50 120
149 50 15
149 50 120
148 50 15
148 50 120
148 49 15
148 49 120
148 48 15
148 48 120
147 48 15
147 48 120
147 47 15
147 47 120
146 47 15
146 47 120
145 47 15
145 47 120
144 47 15
144 47 120
144 46 15
144 46 120
144 45 15
144 45 120
143 45 15
143 45 120
143 44 15
143 44 120
143 43 15
143 43 120
142 43 15
142 43 120
141 43 15
141 43 120
141 42 15
141 42 120
141 41 21
141 40 30
141 39 36
141 38 41
141 37 44
141 36 45
141 35 45
141 34 43
141 33 40
141 32 36
141 31 31
141 31 120
141 30 26
141 30 120
141 29 21
141 29 120
141 28 16
141 28 120
141 27 15
141 27 120
141 26 15
141 25 15
141 24 15
140 24 15
140 23 15
140 22 15
140 21 15
139 21 15
139 20 15
139 19 15
139 18 15
139 17 15
139 16 15
139 15 15
139 14 15
139 13 15
139 12 15
139 11 15
139 10 15
139 9 15
139 8 15
161 50 65
161 50 120
162 50 54
162 50 120
163 50 42
163 50 120
164 50 29
164 50 120
165 50 16
165 50 120
166 50 15
166 50 120
167 50 15
167 50 120
168 50 15
168 50 120
169 50 15
169 50 120
170 50 15
170 50 120
171 50 15
171 50 120
172 50 15
172 50 120
173 50 15
173 50 120
174 50 15
174 50 120
175 50 15
175 50 120
176 50 15
176 50 120
177 50 15
177 50 120
178 50 15
178 50 120
179 50 15
179 50 120
180 50 15
180 50 120
181 50 15
181 50 120
182 50 15
182 50 120
183 50 17
183 50 120
184 50 33
185 50 51
186 51 50
186 52 35
186 53 23
186 54 15
186 55 15
186 56 15
187 56 15
188 56 15
188 57 15
188 58 15
189 58 15
190 58 15
190 59 15
190 60 15
190 61 15
190 62 15
190 63 15
190 64 15
190 65 15
190 66 15
190 67 15
190 68 22
190 69 31
190 70 40
190 71 48
190 72 57
189 72 64
189 73 71
188 73 76
188 74 80
187 74 82
187 75 83
186 75 82
185 75 80
185 76 77
185 77 73
185 78 69
185 79 64
185 81 54
185 81 120
185 82 49
185 82 120
185 83 44
185 83 120
185 84 39
185 84 120
185 85 35
185 85 120
185 86 32
185 86 120
185 87 30
185 87 120
185 88 29
185 88 120
185 89 30
185 89 120
185 90 33
185 90 120
186 90 36
186 90 120
186 91 39
186 91 120
186 92 43
186 92 120
186 93 50
186 93 120
186 94 60
186 94 120
187 95 65
187 95 120
188 95 60
188 95 120
189 95 57
189 95 120
190 95 57
190 95 120
191 95 60
191 95 120
191 96 60
191 96 120
191 97 61
191 97 120
192 97 61
192 97 120
192 98 62
192 98 120
193 98 62
193 98 120
193 99 61
193 99 120
193 100 61
193 100 120
194 100 58
194 100 120
194 101 56
194 101 120
195 101 54
195 102 51
195 103 49
196 103 44
196 104 40
197 104 37
197 105 32
197 106 28
198 106 24
198 107 19
198 108 17
199 108 15
199 109 15
199 110 15
199 111 15
199 112 18
199 113 27
199 114 38
199 115 52
199 116 67
199 118 101
199 119 118
199 120 135
199 121 151
199 122 166
199 122 120
199 123 179
199 123 120
199 124 189
199 124 120
199 124 120
199 125 196
199 125 120
199 125 120
199 126 201
199 126 120
199 126 120
199 127 203
199 127 120
199 127 120
199 128 202
199 128 120
199 128 120
199 129 198
199 129 120
199 130 191
199 130 120
199 131 182
199 131 120
199 133 158
199 134 145
198 134 130
198 135 113
198 136 96
198 137 80
197 137 62
197 137 120
197 138 45
197 138 120
197 139 30
197 139 120
196 139 15
196 139 120
195 139 15
195 139 120
194 139 15
194 139 120
193 139 15
193 139 120
192 139 16
192 139 120
191 139 32
191 139 120
190 139 53
147 150 47
146 150 29
145 150 15
145 151 15
145 152 15
145 153 15
145 154 15
145 155 18
145 156 23
146 156 26
146 157 29
147 157 32
147 158 34
148 158 36
148 159 36
149 159 37
149 160 36
150 160 35
150 161 33
151 161 31
151 162 28
152 162 25
152 163 21
152 163 120
153 163 17
153 163 120
153 164 15
153 164 120
154 164 15
154 164 120
154 165 15
154 165 120
154 166 15
154 166 120
155 166 15
155 166 120
155 167 15
155 167 120
156 167 15
156 167 120
157 167 15
157 167 120
158 167 15
159 167 15
160 167 15
161 167 26
162 167 41
163 167 59
164 167 79
165 167 102
166 167 126
167 167 150
168 167 174
169 167 198
170 167 221
171 167 242
172 167 260
173 167 275
174 167 287
175 167 295
176 167 298
177 167 297
178 167 292
179 167 282
180 167 268
181 167 251
182 167 229
183 167 205
184 167 179
185 167 151
186 167 122
187 167 93
188 167 66
189 167 39
190 167 16
190 167 120
191 167 15
191 167 120
191 166 15
191 166 120
191 165 15
191 164 15
191 163 15
191 162 15
191 161 15
191 160 15
191 159 15
191 158 15
191 157 15
191 156 15
191 155 15
191 154 15
191 154 120
191 153 15
191 153 120
191 152 15
191 152 120
191 151 15
191 151 120
191 150 15
191 150 120
191 149 15
191 149 120
191 148 15
191 148 120
191 147 15
191 147 120
191 146 15
191 146 120
191 145 15
191 145 120
191 144 15
191 144 120
191 143 15
191 143 120
191 142 15
191 142 120
191 141 15
191 141 120
191 140 15
191 140 120
144 150 15
144 149 15
144 148 15
144 147 15
144 146 15
144 145 21
144 144 27
144 143 34
144 142 40
144 141 47
144 140 53
144 139 58
145 139 62
145 138 64
145 137 66
145 136 66
145 135 65
146 135 64
147 134 59
147 133 52
147 132 46
147 131 39
147 130 32
147 129 26
148 129 20
148 128 15
149 128 15
150 128 15
150 127 15
151 127 15
151 126 15
152 126 15
153 126 15
154 126 15
155 126 15
156 126 25
157 126 37
158 126 52
145 121 54
145 122 44
145 123 37
146 123 30
147 123 24
147 124 18
148 124 15
148 125 15
148 126 15
149 126 15
150 126 15
132 116 65
132 116 120
132 117 66
132 117 120
133 117 73
133 117 120
133 118 77
133 118 120
134 118 81
134 118 120
135 118 85
135 118 120
135 119 87
135 119 120
136 119 88
136 119 120
137 119 90
137 119 120
137 120 89
137 120 120
138 120 87
138 120 120
139 120 85
140 120 83
141 120 80
142 120 77
143 120 74
144 120 72
131 115 57
130 115 45
130 115 120
129 115 36
129 115 120
128 115 28
128 115 120
127 115 23
127 115 120
127 114 19
127 114 120
126 114 15
126 114 120
125 114 15
125 114 120
125 113 15
125 113 120
124 113 15
124 113 120
124 112 15
124 112 120
123 112 15
123 112 120
122 112 18
122 112 120
122 111 23
121 111 31
121 110 41
120 110 51
119 110 66
118 109 95
118 108 112
117 108 130
116 108 151
116 107 169
115 107 190
115 106 210
114 106 230
113 106 252
113 105 271
112 105 289
111 105 309
111 104 323
110 104 338
109 104 352
109 103 362
108 103 369
107 102 379
106 102 379
106 102 120
105 102 376
105 102 120
105 102 120
104 102 371
104 102 120
104 102 120
104 102 120
104 102 120
104 101 364
104 101 120
104 101 120
104 101 120
103 101 352
103 101 120
103 101 120
103 101 120
103 101 120
103 101 120
102 101 339
102 101 120
102 101 120
102 101 120
102 101 120
102 101 120
102 101 120
101 101 325
101 101 120
101 101 120
101 101 120
101 101 120
101 101 120
101 101 120
101 101 120
101 100 307
101 100 120
101 100 120
101 100 120
101 100 120
101 100 120
101 100 120
100 100 287
100 100 120
100 100 120
100 100 120
100 100 120
100 100 120
100 100 120
99 100 267
99 100 120
99 100 120
99 100 120
99 100 120
99 100 120
99 99 245
99 99 120
99 99 120
99 99 120
99 99 120
98 99 221
98 99 120
98 99 120
98 99 120
97 99 197
97 99 120
97 99 120
97 98 174
97 98 120
96 98 148
96 98 120
95 98 124
95 98 120
95 97 101
95 97 120
95 96 84
95 96 120
94 95 46
94 95 120
93 95 20
93 95 120
92 95 15
92 95 120
92 94 15
92 94 120
91 94 15
91 94 120
91 93 15
91 93 120
91 92 15
91 92 120
91 92 120
90 92 15
90 92 120
89 92 15
89 92 120
89 91 15
89 91 120
88 91 15
88 91 120
87 91 15
87 91 120
86 91 15
86 91 120
85 91 15
85 91 120
84 91 15
84 91 120
83 91 15
83 91 120
83 90 15
83 90 120
82 90 15
82 90 120
81 90 15
81 90 120
80 90 15
80 90 120
79 90 15
78 90 15
77 90 15
76 90 15
75 90 15
75 90 120
74 90 23
74 89 31
73 89 39
72 89 45
72 89 120
71 89 51
71 89 120
70 89 55
70 89 120
69 89 58
69 89 120
68 89 60
68 89 120
67 89 61
67 89 120
66 89 61
66 89 120
65 89 61
65 89 120
64 89 60
64 89 120
63 89 58
63 89 120
62 89 56
62 89 120
62 88 53
62 88 120
61 88 50
61 88 120
60 88 47
60 88 120
59 88 45
59 88 120
58 88 42
58 88 120
57 88 40
57 88 120
57 87 38
57 87 120
56 87 36
56 87 120
56 87 120
55 87 35
55 87 120
55 87 120
54 87 34
54 87 120
54 87 120
53 87 34
53 87 120
53 87 120
53 86 34
53 86 120
53 86 120
52 86 34
52 86 120
52 86 120
51 86 35
51 86 120
51 86 120
50 86 37
50 86 120
50 86 120
49 86 38
49 86 120
48 86 41
48 86 120
47 86 43
47 86 120
46 86 45
45 86 48
44 86 50
43 86 52
42 86 53
41 86 55
40 86 56
39 86 56
38 86 57
37 86 57
37 85 58
37 84 62
36 83 66
35 83 64
34 83 62
33 83 59
32 83 57
31 83 54
30 83 51
29 83 48
28 83 46
27 83 44
26 83 42
25 83 41
24 83 40
23 83 39
22 83 39
21 83 39
20 83 39
20 82 43
20 81 49
20 80 56
20 79 64
20 78 73
20 77 83
20 76 93
20 76 120
20 75 103
20 75 120
20 74 112
20 74 120
20 73 121
20 73 120
20 72 128
20 72 120
20 71 133
20 71 120
20 71 120
20 70 136
20 70 120
20 70 120
20 69 137
20 69 120
20 69 120
20 68 136
20 68 120
20 67 132
20 67 120
20 66 125
20 66 120
20 65 116
20 64 106
20 63 93
20 62 79
20 61 64
20 60 49
20 59 35
20 58 21
20 57 15
20 56 15
21 56 15
22 56 15
22 56 120
22 55 15
22 54 15
23 54 15
24 54 15
24 54 120
25 54 15
25 54 120
26 54 20
26 54 120
27 54 36
28 54 56
37 87 57
37 88 59
37 89 61
37 90 63
37 91 65
37 92 66
37 93 66
37 94 64
37 95 62
36 96 60
36 97 55
36 98 50
36 99 44
36 100 39
36 101 35
36 102 32
35 102 29
35 103 27
35 104 27
35 105 31
35 106 39
35 107 50
144 151 15
144 152 15
143 152 15
142 152 15
141 152 15
140 152 15
139 152 15
138 152 15
137 152 15
136 152 15
136 153 21
135 153 28
134 153 36
133 153 43
133 154 50
132 154 56
131 154 61
130 154 65
130 154 120
129 154 68
129 154 120
128 154 70
128 154 120
127 154 71
127 154 120
126 154 71
126 154 120
125 154 70
125 154 120
124 154 67
124 154 120
123 155 55
122 155 49
121 155 43
121 155 120
120 155 36
120 155 120
120 156 28
120 156 120
119 156 20
119 156 120
119 157 16
119 157 120
119 158 15
119 158 120
119 159 16
119 159 120
119 160 21
119 160 120
119 160 120
119 161 28
119 161 120
119 161 120
119 162 38
119 162 120
119 162 120
119 163 49
119 163 120
119 163 120
119 164 62
119 164 120
119 164 120
119 165 75
119 165 120
119 165 120
119 166 89
119 166 120
119 166 120
119 167 102
119 167 120
119 168 115
119 168 120
119 169 126
119 169 120
119 170 136
119 170 120
119 171 143
119 171 120
119 172 148
119 172 120
119 173 149
119 173 120
119 174 148
119 174 120
119 175 143
119 175 120
119 176 134
119 176 120
119 177 123
119 178 108
119 179 90
119 180 70
119 181 48
119 182 24
119 182 120
119 183 15
119 183 120
120 183 15
120 183 120
120 184 15
120 184 120
120 185 15
120 185 120
120 186 15
120 186 120
120 187 15
120 187 120
120 188 15
120 188 120
120 189 15
120 190 15
121 190 15
121 191 15
121 192 15
122 192 15
122 193 15
122 194 15
123 194 15
123 195 15
124 195 41
119 155 28
119 155 120
118 155 20
118 155 120
117 155 15
117 155 120
116 155 15
116 155 120
115 155 15
115 155 120
115 154 15
115 154 120
114 154 15
114 154 120
113 154 15
113 154 120
112 154 15
112 154 120
111 154 15
111 154 120
110 154 15
110 154 120
109 154 15
109 154 120
108 154 15
107 154 15
107 153 15
107 152 15
107 151 15
107 150 15
106 150 15
106 149 15
105 149 15
104 149 15
103 149 15
102 149 15
101 149 15
100 149 15
99 149 15
98 149 15
97 149 15
96 149 15
95 149 15
95 149 120
94 149 15
94 149 120
93 149 15
93 149 120
92 149 15
92 149 120
91 149 15
91 149 120
90 149 15
90 149 120
89 149 35
138 14 16
137 14 26
136 14 40
135 14 57
134 14 76
133 14 98
132 14 122
131 14 147
130 14 172
129 14 196
128 14 219
127 14 240
126 14 257
125 14 272
124 14 282
122 14 289
121 14 286
120 14 279
119 14 268
118 14 253
117 14 236
116 14 216
115 14 195
114 14 174
113 14 153
112 14 132
111 14 113
110 14 96
110 15 105
110 16 114
110 17 124
110 18 133
110 19 144
110 20 155
110 21 167
