99 176 16
99 176 6
131 4 16
64 87 16
70 134 16
70 134 6
70 134 6
70 134 6
70 134 6
186 47 16
30 189 16
30 16 16
116 85 16
71 121 16
71 121 6
71 121 6
71 121 6
71 121 6
71 121 6
71 121 6
71 121 6
71 121 6
71 121 6
71 121 6
71 121 6
71 121 6
71 121 6
71 121 6
71 121 6
71 121 6
71 121 6
71 121 6
71 121 6
62 101 16
76 94 16
76 94 6
58 127 16
58 127 6
58 127 6
58 127 6
58 127 6
58 127 6
58 127 6
58 127 6
58 127 6
58 127 6
58 127 6
58 127 6
58 127 6
58 127 6
58 127 6
58 127 6
58 127 6
58 127 6
58 127 6
58 127 6
58 127 6
58 127 6
58 127 6
58 127 6
58 127 6
58 127 6
58 127 6
58 127 6
58 127 6
58 127 6
58 127 6
58 127 6
58 127 6
58 127 6
58 127 6
58 127 6
58 127 6
58 127 6
58 127 6
58 127 6
58 127 6
58 127 6
58 127 6
58 127 6
58 127 6
58 127 6
58 127 6
58 127 6
73 107 16
73 107 6
73 107 6
73 107 6
73 107 6
73 107 6
73 107 6
73 107 6
84 127 16
84 127 6
84 127 6
84 127 6
84 127 6
84 127 6
84 127 6
84 127 6
84 127 6
84 127 6
84 127 6
84 127 6
84 127 6
84 127 6
84 127 6
84 127 6
84 127 6
84 127 6
84 127 6
84 127 6
84 127 6
84 127 6
84 127 6
84 127 6
84 127 6
84 127 6
84 127 6
84 127 6
84 127 6
84 127 6
84 127 6
84 127 6
84 127 6
84 127 6
84 127 6
84 127 6
84 127 6
84 127 6
84 127 6
84 127 6
84 127 6
84 127 6
84 127 6
84 127 6
84 127 6
84 127 6
84 127 6
84 127 6
88 183 16
100 190 16
100 190 6
100 190 6
100 190 6
100 190 6
100 190 6
100 190 6
100 190 6
100 190 6
100 190 6
100 190 6
100 190 6
100 190 6
100 190 6
100 190 6
100 190 6
100 190 6
100 190 6
100 190 6
100 190 6
100 190 6
100 190 6
100 190 6
100 190 6
100 190 6
100 190 6
100 190 6
100 190 6
100 190 6
100 190 6
100 190 6
100 190 6
100 190 6
100 190 6
100 190 6
100 190 6
100 190 6
100 190 6
100 190 6
100 190 6
86 169 16
103 79 16
103 79 6
103 79 6
102 92 16
90 86 16
90 86 6
90 86 6
90 86 6
90 86 6
90 86 6
90 86 6
90 86 6
90 86 6
42 182 16
42 196 16
174 54 16
174 54 6
174 54 6
174 54 6
174 54 6
174 54 6
174 54 6
174 54 6
174 54 6
174 54 6
174 54 6
174 54 6
174 54 6
174 54 6
174 54 6
187 61 16
187 61 6
187 61 6
187 61 6
119 11 16
119 11 6
119 11 6
119 11 6
119 11 6
119 11 6
119 11 6
119 11 6
119 11 6
119 11 6
119 11 6
119 11 6
119 11 6
119 11 6
119 11 6
119 11 6
119 11 6
119 11 6
119 11 6
119 11 6
119 11 6
119 11 6
119 11 6
119 11 6
119 11 6
119 11 6
119 11 6
119 11 6
119 11 6
119 11 6
119 11 6
119 11 6
119 11 6
119 11 6
119 11 6
119 11 6
119 11 6
119 11 6
119 11 6
119 11 6
119 11 6
119 11 6
119 11 6
119 11 6
119 11 6
119 11 6
119 11 6
119 11 6
119 11 6
119 11 6
119 11 6
119 11 6
119 11 6
119 11 6
119 11 6
119 11 6
119 11 6
119 11 6
119 11 6
119 11 6
119 11 6
119 11 6
119 11 6
119 11 6
144 12 16
144 12 6
144 12 6
144 12 6
144 12 6
144 12 6
144 12 6
144 12 6
144 12 6
144 12 6
144 12 6
144 12 6
144 12 6
144 12 6
144 12 6
144 12 6
144 12 6
144 12 6
144 12 6
144 12 6
144 12 6
144 12 6
144 12 6
144 12 6
144 12 6
144 12 6
144 12 6
144 12 6
144 12 6
144 12 6
144 12 6
144 12 6
144 12 6
144 12 6
144 12 6
144 12 6
144 12 6
144 12 6
144 12 6
144 12 6
144 12 6
144 12 6
144 12 6
144 12 6
144 12 6
144 12 6
144 12 6
144 12 6
144 12 6
144 12 6
144 12 6
144 12 6
144 12 6
144 12 6
144 12 6
144 12 6
144 12 6
144 12 6
144 12 6
144 12 6
144 12 6
144 12 6
144 12 6
144 12 6
144 12 6
144 12 6
144 12 6
75 175 16
54 189 16
64 182 16
64 182 6
64 182 6
64 182 6
64 182 6
64 182 6
64 182 6
64 182 6
64 182 6
64 182 6
64 182 6
64 182 6
64 182 6
71 147 16
71 147 6
71 147 6
71 147 6
71 147 6
71 147 6
71 147 6
71 147 6
71 147 6
71 147 6
71 147 6
71 147 6
71 147 6
71 147 6
71 147 6
71 147 6
71 147 6
71 147 6
71 147 6
71 147 6
71 147 6
71 147 6
71 147 6
71 147 6
71 147 6
71 147 6
71 147 6
71 147 6
71 147 6
71 147 6
71 147 6
71 147 6
71 147 6
71 147 6
71 147 6
71 147 6
71 147 6
71 147 6
71 147 6
71 147 6
71 147 6
71 147 6
71 147 6
71 147 6
71 147 6
71 147 6
71 147 6
71 147 6
71 147 6
71 147 6
71 147 6
71 147 6
71 147 6
71 147 6
71 147 6
71 147 6
71 147 6
71 147 6
199 54 16
199 54 6
199 54 6
78 80 16
78 80 6
78 80 6
78 80 6
78 80 6
78 80 6
78 80 6
78 80 6
78 80 6
78 80 6
78 80 6
78 80 6
78 80 6
78 80 6
78 80 6
78 80 6
78 80 6
78 80 6
78 80 6
78 80 6
78 80 6
78 80 6
78 80 6
78 80 6
78 80 6
78 80 6
78 80 6
78 80 6
78 80 6
78 80 6
78 80 6
78 80 6
78 80 6
78 80 6
198 40 16
198 40 6
175 67 16
175 67 6
175 67 6
175 67 6
175 67 6
175 67 6
175 67 6
175 67 6
175 67 6
175 67 6
175 67 6
175 67 6
175 67 6
175 67 6
175 67 6
175 67 6
175 67 6
175 67 6
175 67 6
175 67 6
175 67 6
175 67 6
175 67 6
175 67 6
175 67 6
175 67 6
175 67 6
175 67 6
175 67 6
175 67 6
175 67 6
175 67 6
175 67 6
175 67 6
175 67 6
175 67 6
175 67 6
175 67 6
175 67 6
175 67 6
175 67 6
175 67 6
175 67 6
175 67 6
175 67 6
175 67 6
175 67 6
175 67 6
29 175 16
29 175 6
29 175 6
29 175 6
29 175 6
29 175 6
29 175 6
29 175 6
29 175 6
29 175 6
29 175 6
29 175 6
29 175 6
29 175 6
29 175 6
29 175 6
29 175 6
29 175 6
29 175 6
29 175 6
29 175 6
29 175 6
29 175 6
29 175 6
29 175 6
29 175 6
29 175 6
29 175 6
29 175 6
29 175 6
29 175 6
29 175 6
29 175 6
29 175 6
29 175 6
29 175 6
29 175 6
29 175 6
29 175 6
29 175 6
29 175 6
29 175 6
29 175 6
29 175 6
29 175 6
29 175 6
29 175 6
29 175 6
29 175 6
29 175 6
29 175 6
29 175 6
29 175 6
29 175 6
29 175 6
29 175 6
29 175 6
29 175 6
29 175 6
29 175 6
29 175 6
29 175 6
29 175 6
29 175 6
29 175 6
29 175 6
29 175 6
29 175 6
42 9 16
30 2 16
30 2 6
30 2 6
30 2 6
30 2 6
30 2 6
30 2 6
30 2 6
30 2 6
30 2 6
30 2 6
30 2 6
30 2 6
30 2 6
30 2 6
30 2 6
30 2 6
30 2 6
30 2 6
30 2 6
30 2 6
30 2 6
30 2 6
30 2 6
30 2 6
30 2 6
30 2 6
30 2 6
30 2 6
30 2 6
30 2 6
30 2 6
30 2 6
30 2 6
30 2 6
30 2 6
30 2 6
30 2 6
42 24 16
76 190 16
76 190 6
76 190 6
76 190 6
76 190 6
65 197 16
65 197 6
65 197 6
65 197 6
65 197 6
65 197 6
65 197 6
65 197 6
65 197 6
65 197 6
65 197 6
65 197 6
65 197 6
65 197 6
65 197 6
65 197 6
65 197 6
65 197 6
65 197 6
65 197 6
65 197 6
65 197 6
65 197 6
65 197 6
65 197 6
65 197 6
132 18 16
132 18 6
132 18 6
132 18 6
132 18 6
132 18 6
132 18 6
133 32 16
133 32 6
133 32 6
133 32 6
133 32 6
123 38 16
123 38 6
123 38 6
123 38 6
123 38 6
123 38 6
123 38 6
123 38 6
123 38 6
136 46 16
136 46 6
136 46 6
136 46 6
136 46 6
136 46 6
136 46 6
136 46 6
136 46 6
136 46 6
136 46 6
136 46 6
136 46 6
136 46 6
136 46 6
136 46 6
136 46 6
136 46 6
136 46 6
136 46 6
136 46 6
136 46 6
136 46 6
136 46 6
136 46 6
136 46 6
136 46 6
136 46 6
136 46 6
136 46 6
136 46 6
136 46 6
136 46 6
136 46 6
136 46 6
136 46 6
136 46 6
136 46 6
136 46 6
136 46 6
136 46 6
136 46 6
136 46 6
136 46 6
136 46 6
136 46 6
136 46 6
136 46 6
136 46 6
59 114 16
125 52 16
125 52 6
125 52 6
125 52 6
125 52 6
125 52 6
125 52 6
125 52 6
125 52 6
125 52 6
125 52 6
125 52 6
125 52 6
125 52 6
125 52 6
125 52 6
125 52 6
125 52 6
125 52 6
125 52 6
125 52 6
125 52 6
125 52 6
125 52 6
125 52 6
125 52 6
125 52 6
125 52 6
125 52 6
125 52 6
125 52 6
125 52 6
125 52 6
125 52 6
125 52 6
125 52 6
125 52 6
125 52 6
125 52 6
125 52 6
125 52 6
125 52 6
125 52 6
125 52 6
125 52 6
125 52 6
125 52 6
125 52 6
125 52 6
125 52 6
125 52 6
125 52 6
125 52 6
125 52 6
125 52 6
125 52 6
125 52 6
125 52 6
125 52 6
125 52 6
160 47 16
160 47 6
160 47 6
160 47 6
160 47 6
160 47 6
160 47 6
160 47 6
160 47 6
160 47 6
160 47 6
160 47 6
160 47 6
160 47 6
160 47 6
160 47 6
160 47 6
160 47 6
160 47 6
160 47 6
160 47 6
160 47 6
160 47 6
160 47 6
160 47 6
160 47 6
160 47 6
160 47 6
160 47 6
160 47 6
160 47 6
160 47 6
160 47 6
160 47 6
160 47 6
160 47 6
160 47 6
160 47 6
160 47 6
160 47 6
160 47 6
160 47 6
160 47 6
160 47 6
160 47 6
160 47 6
160 47 6
160 47 6
160 47 6
160 47 6
160 47 6
160 47 6
160 47 6
160 47 6
160 47 6
160 47 6
160 47 6
160 47 6
160 47 6
160 47 6
160 47 6
160 47 6
160 47 6
160 47 6
160 47 6
160 47 6
160 47 6
160 47 6
160 47 6
160 47 6
160 47 6
160 47 6
160 47 6
160 47 6
160 47 6
160 47 6
160 47 6
160 47 6
160 47 6
160 47 6
160 47 6
160 47 6
160 47 6
199 67 16
120 25 16
120 25 6
185 33 16
198 25 16
110 31 16
110 31 6
110 31 6
110 31 6
110 31 6
110 31 6
110 31 6
110 31 6
110 31 6
110 31 6
110 31 6
184 18 16
184 18 6
184 18 6
184 18 6
184 18 6
184 18 6
184 18 6
184 18 6
184 18 6
184 18 6
184 18 6
184 18 6
184 18 6
184 18 6
184 18 6
184 18 6
184 18 6
184 18 6
184 18 6
184 18 6
184 18 6
184 18 6
184 18 6
184 18 6
184 18 6
184 18 6
184 18 6
184 18 6
184 18 6
184 18 6
184 18 6
184 18 6
184 18 6
184 18 6
184 18 6
184 18 6
184 18 6
184 18 6
184 18 6
184 18 6
184 18 6
184 18 6
184 18 6
184 18 6
100 37 16
100 37 6
100 37 6
100 37 6
102 51 16
102 51 6
102 51 6
102 51 6
102 51 6
102 51 6
102 51 6
102 51 6
102 51 6
102 51 6
102 51 6
102 51 6
102 51 6
102 51 6
102 51 6
102 51 6
102 51 6
102 51 6
102 51 6
102 51 6
102 51 6
102 51 6
102 51 6
102 51 6
102 51 6
102 51 6
102 51 6
102 51 6
102 51 6
102 51 6
102 51 6
102 51 6
102 51 6
102 51 6
102 51 6
102 51 6
102 51 6
102 51 6
102 51 6
102 51 6
102 51 6
102 51 6
102 51 6
102 51 6
102 51 6
102 51 6
102 51 6
102 51 6
102 51 6
102 51 6
102 51 6
102 51 6
102 51 6
102 51 6
102 51 6
102 51 6
102 51 6
102 51 6
102 51 6
102 51 6
102 51 6
102 51 6
102 51 6
102 51 6
102 51 6
102 51 6
102 51 6
102 51 6
102 51 6
102 51 6
102 51 6
88 29 16
88 29 6
88 29 6
88 29 6
88 29 6
88 29 6
88 29 6
88 29 6
88 29 6
88 29 6
88 29 6
98 23 16
98 23 6
98 23 6
98 23 6
98 162 16
111 169 16
111 169 6
111 169 6
111 169 6
111 169 6
111 169 6
111 169 6
111 169 6
111 169 6
111 169 6
111 169 6
111 169 6
111 169 6
111 169 6
111 169 6
111 169 6
111 169 6
111 169 6
111 169 6
111 169 6
111 169 6
111 169 6
111 169 6
111 169 6
111 169 6
111 169 6
111 169 6
199 81 16
199 81 6
199 81 6
199 81 6
199 81 6
199 81 6
199 81 6
199 81 6
199 81 6
199 81 6
199 81 6
199 81 6
199 81 6
199 81 6
199 81 6
199 81 6
199 81 6
199 81 6
199 81 6
187 74 16
187 74 6
187 74 6
187 74 6
187 74 6
187 74 6
187 74 6
187 74 6
187 74 6
187 74 6
187 74 6
187 74 6
187 74 6
187 74 6
187 74 6
187 74 6
187 74 6
187 74 6
187 74 6
187 74 6
187 74 6
187 74 6
187 74 6
187 74 6
187 74 6
187 74 6
187 74 6
187 74 6
187 74 6
187 74 6
187 74 6
187 74 6
187 74 6
187 74 6
187 74 6
187 74 6
187 74 6
187 74 6
187 74 6
187 74 6
187 74 6
187 74 6
187 74 6
187 74 6
187 74 6
187 74 6
187 74 6
187 74 6
187 74 6
187 74 6
187 74 6
90 43 16
90 43 6
90 43 6
90 43 6
90 43 6
90 43 6
90 43 6
90 43 6
90 43 6
90 43 6
90 43 6
90 43 6
90 43 6
90 43 6
90 43 6
90 43 6
90 43 6
90 43 6
90 43 6
90 43 6
90 43 6
90 43 6
90 43 6
90 43 6
90 43 6
90 43 6
90 43 6
199 94 16
187 101 16
199 108 16
199 108 6
199 108 6
187 114 16
111 155 16
87 14 16
87 14 6
87 14 6
87 14 6
87 14 6
87 14 6
87 14 6
87 14 6
76 6 16
76 6 6
76 6 6
76 6 6
76 6 6
76 6 6
76 6 6
76 6 6
76 6 6
76 6 6
76 6 6
76 6 6
76 6 6
76 6 6
76 6 6
76 6 6
76 6 6
76 6 6
76 6 6
76 6 6
76 6 6
76 6 6
76 6 6
76 6 6
76 6 6
76 6 6
76 6 6
76 6 6
76 6 6
76 6 6
76 6 6
76 6 6
76 6 6
76 6 6
76 6 6
76 6 6
76 6 6
76 6 6
76 6 6
76 6 6
76 6 6
76 6 6
76 6 6
76 6 6
76 6 6
76 6 6
76 6 6
76 6 6
76 6 6
76 6 6
76 6 6
76 6 6
76 6 6
76 6 6
76 6 6
76 6 6
76 6 6
76 6 6
76 6 6
76 6 6
76 6 6
76 6 6
76 6 6
76 6 6
76 6 6
76 6 6
76 6 6
76 6 6
76 6 6
76 6 6
76 6 6
76 6 6
76 6 6
76 6 6
54 17 16
77 20 16
77 20 6
77 20 6
77 20 6
77 20 6
77 20 6
77 20 6
77 20 6
77 20 6
77 20 6
77 20 6
77 20 6
77 20 6
77 20 6
77 20 6
77 20 6
77 20 6
77 20 6
77 20 6
77 20 6
77 20 6
77 20 6
77 20 6
77 20 6
77 20 6
77 20 6
77 20 6
77 20 6
77 20 6
77 20 6
77 20 6
77 20 6
77 20 6
77 20 6
97 148 16
97 148 6
97 148 6
97 148 6
97 148 6
97 148 6
111 141 16
48 108 16
176 107 16
176 107 6
176 107 6
176 107 6
50 94 16
175 121 16
175 121 6
175 121 6
163 114 16
163 114 6
163 114 6
163 114 6
163 114 6
163 114 6
163 114 6
163 114 6
163 114 6
163 114 6
163 114 6
163 114 6
163 114 6
163 114 6
163 114 6
163 114 6
163 114 6
163 114 6
163 114 6
163 114 6
66 26 16
66 26 6
66 26 6
66 26 6
66 26 6
66 26 6
66 26 6
66 26 6
66 26 6
66 26 6
66 26 6
66 26 6
66 26 6
66 26 6
66 26 6
66 26 6
66 26 6
66 26 6
66 26 6
124 148 16
124 148 6
124 148 6
124 148 6
124 148 6
124 148 6
124 148 6
124 148 6
124 148 6
124 148 6
124 148 6
124 148 6
124 148 6
124 148 6
124 148 6
124 148 6
124 148 6
124 148 6
124 148 6
124 148 6
124 148 6
124 148 6
124 148 6
124 148 6
124 148 6
124 148 6
124 148 6
124 148 6
124 148 6
124 148 6
124 148 6
124 148 6
124 148 6
124 148 6
124 148 6
124 148 6
124 148 6
124 148 6
124 148 6
124 148 6
124 148 6
124 148 6
124 148 6
124 148 6
124 148 6
124 148 6
124 148 6
124 148 6
124 148 6
124 148 6
124 148 6
124 148 6
124 148 6
124 148 6
124 148 6
124 148 6
124 148 6
124 148 6
124 148 6
124 148 6
124 148 6
124 148 6
124 148 6
124 148 6
124 148 6
124 148 6
124 148 6
124 148 6
124 148 6
124 148 6
124 148 6
124 148 6
124 148 6
124 148 6
124 148 6
124 148 6
124 148 6
124 148 6
124 148 6
124 148 6
124 148 6
124 148 6
124 148 6
83 141 16
83 141 6
83 141 6
83 141 6
83 141 6
83 141 6
163 128 16
163 128 6
163 128 6
163 128 6
163 128 6
163 128 6
163 128 6
163 128 6
163 128 6
163 128 6
163 128 6
163 128 6
163 128 6
163 128 6
163 128 6
163 128 6
163 128 6
163 128 6
163 128 6
163 128 6
163 128 6
163 128 6
163 128 6
163 128 6
163 128 6
163 128 6
163 128 6
163 128 6
163 128 6
163 128 6
163 128 6
163 128 6
163 128 6
163 128 6
163 128 6
163 128 6
163 128 6
163 128 6
163 128 6
163 128 6
163 128 6
163 128 6
163 128 6
163 128 6
163 128 6
163 128 6
163 128 6
163 128 6
163 128 6
163 128 6
163 128 6
163 128 6
163 128 6
163 128 6
163 128 6
163 128 6
163 128 6
163 128 6
163 128 6
163 128 6
163 128 6
163 128 6
163 128 6
163 128 6
163 128 6
163 128 6
163 128 6
163 128 6
199 121 16
199 121 6
199 121 6
199 121 6
199 121 6
199 121 6
199 121 6
199 121 6
199 121 6
199 121 6
199 121 6
199 121 6
199 121 6
199 121 6
199 121 6
199 121 6
187 128 16
187 128 6
187 128 6
199 135 16
199 135 6
199 135 6
199 135 6
199 135 6
199 135 6
199 135 6
199 135 6
199 135 6
199 135 6
199 135 6
187 142 16
187 142 6
187 142 6
187 142 6
187 142 6
187 142 6
199 149 16
199 149 6
199 149 6
199 149 6
199 149 6
199 149 6
199 149 6
199 149 6
199 149 6
199 149 6
199 149 6
199 149 6
199 149 6
199 149 6
199 149 6
199 149 6
199 149 6
199 149 6
199 149 6
199 149 6
199 149 6
199 149 6
199 149 6
199 149 6
199 149 6
199 149 6
199 149 6
199 149 6
199 149 6
199 149 6
199 149 6
199 149 6
199 149 6
199 149 6
199 149 6
199 149 6
199 149 6
199 149 6
199 149 6
199 149 6
199 149 6
199 149 6
199 149 6
199 149 6
199 149 6
199 149 6
199 149 6
199 149 6
199 149 6
199 149 6
199 149 6
199 149 6
199 149 6
199 149 6
199 149 6
199 149 6
199 149 6
199 149 6
199 149 6
199 149 6
199 149 6
199 149 6
199 149 6
199 149 6
175 135 16
175 135 6
175 135 6
175 135 6
175 135 6
175 135 6
175 135 6
175 135 6
175 135 6
175 135 6
175 135 6
175 135 6
175 135 6
175 135 6
175 135 6
175 135 6
175 135 6
175 135 6
175 135 6
175 135 6
175 135 6
175 149 16
164 100 16
164 100 6
164 100 6
164 100 6
164 100 6
164 100 6
164 100 6
164 100 6
164 100 6
164 100 6
164 100 6
164 100 6
164 100 6
164 100 6
164 100 6
164 100 6
164 100 6
164 100 6
164 100 6
164 100 6
164 100 6
164 100 6
164 100 6
164 100 6
164 100 6
164 100 6
164 100 6
164 100 6
164 100 6
164 100 6
164 100 6
164 100 6
164 100 6
164 100 6
164 100 6
164 100 6
164 100 6
164 100 6
164 100 6
164 100 6
164 100 6
164 100 6
164 100 6
164 100 6
164 100 6
164 100 6
164 100 6
164 100 6
164 100 6
164 100 6
164 100 6
164 100 6
164 100 6
164 100 6
164 100 6
164 100 6
164 100 6
164 100 6
164 100 6
164 100 6
164 100 6
164 100 6
164 100 6
164 100 6
164 100 6
164 100 6
164 100 6
164 100 6
164 100 6
164 100 6
164 100 6
174 163 16
174 163 6
174 163 6
174 163 6
174 163 6
174 163 6
174 163 6
174 163 6
174 163 6
174 163 6
174 163 6
174 163 6
174 163 6
174 163 6
174 163 6
174 163 6
174 163 6
174 163 6
174 163 6
174 163 6
174 163 6
174 163 6
174 163 6
174 163 6
174 163 6
174 163 6
174 163 6
174 163 6
174 163 6
174 163 6
174 163 6
174 163 6
174 163 6
174 163 6
174 163 6
174 163 6
174 163 6
174 163 6
174 163 6
174 163 6
174 163 6
174 163 6
174 163 6
174 163 6
174 163 6
174 163 6
174 163 6
174 163 6
174 163 6
174 163 6
174 163 6
174 163 6
174 163 6
174 163 6
174 163 6
174 163 6
174 163 6
174 163 6
174 163 6
174 163 6
174 163 6
174 163 6
174 163 6
174 163 6
162 156 16
162 156 6
162 156 6
162 156 6
162 156 6
162 156 6
162 156 6
162 156 6
162 156 6
162 156 6
162 156 6
162 156 6
162 156 6
162 156 6
162 156 6
162 156 6
162 156 6
162 156 6
162 156 6
162 156 6
162 156 6
162 156 6
162 156 6
162 156 6
162 156 6
162 156 6
162 156 6
162 156 6
162 156 6
162 156 6
162 156 6
162 156 6
162 156 6
162 156 6
162 156 6
198 10 16
198 10 6
198 10 6
198 10 6
198 10 6
198 10 6
198 10 6
198 10 6
198 10 6
198 10 6
198 10 6
172 40 16
172 40 6
172 40 6
172 40 6
172 40 6
172 40 6
172 40 6
172 40 6
171 26 16
171 26 6
171 26 6
171 26 6
171 26 6
171 26 6
171 26 6
171 26 6
171 26 6
171 26 6
171 26 6
171 26 6
171 26 6
171 26 6
171 26 6
171 26 6
171 26 6
171 26 6
171 26 6
171 26 6
171 26 6
171 26 6
171 26 6
171 26 6
171 26 6
171 26 6
171 26 6
171 26 6
171 26 6
171 26 6
171 26 6
171 26 6
171 26 6
171 26 6
171 26 6
171 26 6
171 26 6
171 26 6
171 26 6
171 26 6
171 26 6
171 26 6
171 26 6
171 26 6
171 26 6
171 26 6
171 26 6
171 26 6
171 26 6
171 26 6
171 26 6
171 26 6
171 26 6
171 26 6
171 26 6
171 26 6
171 26 6
171 26 6
171 26 6
171 26 6
171 26 6
171 26 6
171 26 6
171 26 6
171 26 6
171 26 6
184 3 16
184 3 6
184 3 6
184 3 6
162 170 16
162 170 6
162 170 6
162 170 6
162 170 6
162 170 6
162 170 6
162 170 6
162 170 6
162 170 6
162 170 6
162 170 6
162 170 6
162 170 6
162 170 6
162 170 6
162 170 6
162 170 6
162 170 6
162 170 6
162 170 6
162 170 6
162 170 6
162 170 6
162 170 6
162 170 6
162 170 6
162 170 6
162 170 6
162 170 6
162 170 6
162 170 6
162 170 6
162 170 6
162 170 6
162 170 6
162 170 6
162 170 6
162 170 6
162 170 6
162 170 6
162 170 6
162 170 6
162 170 6
162 170 6
162 170 6
162 170 6
162 170 6
162 170 6
162 170 6
162 170 6
162 170 6
162 170 6
162 170 6
162 170 6
162 170 6
162 170 6
162 170 6
162 170 6
162 170 6
162 170 6
162 170 6
162 170 6
162 170 6
162 170 6
162 170 6
162 170 6
162 170 6
162 170 6
162 170 6
162 170 6
162 170 6
162 170 6
162 170 6
162 170 6
162 170 6
150 163 16
150 163 6
137 170 16
137 170 6
137 170 6
137 170 6
137 170 6
137 170 6
137 170 6
150 177 16
150 177 6
150 177 6
150 177 6
150 177 6
150 177 6
150 177 6
150 177 6
150 177 6
150 177 6
137 184 16
137 184 6
137 184 6
137 184 6
137 184 6
137 184 6
137 184 6
137 184 6
137 184 6
137 184 6
137 184 6
137 184 6
137 184 6
137 184 6
137 184 6
137 184 6
137 184 6
137 184 6
137 184 6
137 184 6
137 184 6
137 184 6
137 184 6
137 184 6
137 184 6
137 184 6
137 184 6
137 184 6
137 184 6
137 184 6
137 184 6
137 184 6
137 184 6
137 184 6
137 184 6
137 184 6
137 184 6
137 184 6
137 184 6
137 184 6
137 184 6
137 184 6
137 184 6
137 184 6
137 184 6
137 184 6
137 184 6
137 184 6
137 184 6
137 184 6
137 184 6
137 184 6
137 184 6
137 184 6
137 184 6
137 184 6
137 184 6
137 184 6
137 184 6
137 184 6
137 184 6
125 177 16
125 177 6
125 177 6
125 177 6
125 177 6
125 177 6
125 177 6
125 177 6
125 177 6
125 177 6
125 177 6
125 177 6
125 177 6
125 177 6
125 177 6
125 177 6
125 177 6
125 177 6
125 177 6
125 177 6
125 177 6
125 177 6
125 177 6
125 177 6
125 177 6
125 177 6
125 177 6
125 177 6
125 177 6
125 177 6
125 177 6
125 177 6
125 177 6
125 177 6
125 177 6
125 177 6
125 177 6
125 177 6
125 177 6
125 177 6
125 177 6
125 177 6
125 177 6
125 177 6
125 177 6
125 177 6
125 177 6
125 177 6
125 177 6
125 177 6
125 177 6
125 177 6
125 177 6
125 177 6
125 177 6
125 177 6
125 177 6
125 177 6
125 177 6
125 177 6
125 177 6
125 177 6
125 177 6
125 177 6
125 177 6
125 177 6
125 177 6
125 177 6
125 177 6
125 177 6
125 177 6
125 177 6
125 177 6
125 177 6
125 177 6
125 177 6
125 177 6
150 192 16
150 192 6
162 199 16
162 199 6
162 199 6
162 199 6
162 199 6
162 199 6
162 199 6
162 199 6
162 199 6
162 199 6
162 199 6
162 199 6
162 199 6
162 199 6
162 199 6
162 199 6
162 199 6
162 199 6
162 199 6
162 199 6
162 199 6
162 199 6
162 199 6
162 199 6
162 199 6
162 199 6
162 199 6
162 199 6
162 199 6
162 199 6
162 199 6
162 199 6
162 199 6
162 199 6
162 199 6
162 199 6
162 199 6
162 199 6
162 199 6
162 199 6
162 199 6
162 199 6
162 199 6
162 199 6
162 199 6
162 199 6
162 199 6
162 199 6
162 199 6
162 199 6
162 199 6
162 199 6
162 199 6
162 199 6
162 199 6
162 199 6
162 199 6
162 199 6
162 199 6
162 199 6
162 199 6
162 199 6
162 199 6
162 199 6
162 199 6
162 199 6
162 199 6
162 199 6
162 199 6
162 199 6
162 199 6
162 199 6
162 199 6
162 199 6
162 199 6
162 199 6
162 199 6
162 199 6
162 199 6
162 199 6
162 199 6
162 199 6
137 199 16
137 199 6
137 199 6
137 199 6
124 162 16
124 162 6
124 162 6
124 162 6
124 162 6
124 162 6
124 162 6
124 162 6
124 162 6
124 162 6
124 162 6
124 162 6
124 162 6
124 162 6
124 162 6
124 162 6
124 162 6
124 162 6
124 162 6
124 162 6
124 162 6
124 162 6
124 162 6
124 162 6
124 162 6
124 162 6
124 162 6
124 162 6
124 162 6
124 162 6
124 162 6
124 162 6
124 162 6
124 162 6
124 162 6
124 162 6
124 162 6
124 162 6
124 162 6
124 162 6
124 162 6
124 162 6
124 162 6
124 162 6
124 162 6
124 162 6
124 162 6
115 85 15
115 86 15
114 86 15
113 86 15
112 86 15
111 86 15
111 87 15
110 87 15
109 87 15
109 88 15
108 88 15
107 88 15
106 88 15
105 88 15
104 88 15
103 88 15
102 88 15
101 88 15
100 88 15
99 88 15
98 88 15
97 88 15
96 88 15
95 88 15
94 88 20
93 88 32
92 88 43
91 88 50
90 88 55
89 88 57
89 88 7
89 88 7
89 88 7
88 88 57
88 88 7
88 88 7
88 88 7
88 88 7
88 88 7
88 88 7
87 88 55
87 88 7
87 88 7
87 88 7
87 88 7
87 88 7
87 88 7
87 88 7
87 88 7
87 88 7
86 88 50
86 88 7
86 88 7
86 88 7
86 88 7
86 88 7
86 88 7
86 88 7
86 88 7
86 88 7
86 88 7
86 88 7
85 88 43
85 88 7
85 88 7
85 88 7
85 88 7
85 88 7
85 88 7
85 88 7
85 88 7
85 88 7
85 88 7
85 88 7
85 88 7
85 88 7
84 88 35
84 88 7
84 88 7
84 88 7
84 88 7
84 88 7
84 88 7
84 88 7
84 88 7
84 88 7
84 88 7
84 88 7
84 88 7
84 88 7
84 88 7
83 88 26
83 88 7
83 88 7
83 88 7
83 88 7
83 88 7
83 88 7
83 88 7
83 88 7
83 88 7
83 88 7
83 88 7
83 88 7
83 88 7
83 88 7
82 88 16
82 88 7
82 88 7
82 88 7
82 88 7
82 88 7
82 88 7
82 88 7
82 88 7
82 88 7
82 88 7
82 88 7
82 88 7
82 88 7
82 88 7
81 88 15
81 88 7
81 88 7
81 88 7
81 88 7
81 88 7
81 88 7
81 88 7
81 88 7
81 88 7
81 88 7
81 88 7
81 88 7
80 88 15
80 88 7
80 88 7
80 88 7
80 88 7
80 88 7
80 88 7
80 88 7
80 88 7
80 88 7
80 88 7
79 88 15
79 88 7
79 88 7
79 88 7
79 88 7
79 88 7
79 88 7
79 88 7
79 87 15
79 87 7
79 87 7
79 87 7
79 87 7
79 87 7
79 87 7
79 87 7
79 87 7
79 87 7
79 87 7
78 87 15
78 87 7
78 87 7
78 87 7
78 87 7
78 87 7
78 87 7
77 87 15
77 87 7
77 87 7
77 87 7
77 87 7
76 87 15
76 87 7
76 87 7
75 87 15
75 87 7
74 87 15
73 87 15
72 87 15
71 87 15
70 87 15
69 87 15
68 87 15
67 87 15
66 87 15
65 87 15
70 133 22
70 133 7
70 133 7
70 133 7
70 132 15
70 132 7
70 132 7
70 132 7
70 132 7
70 131 15
70 131 7
70 131 7
70 131 7
70 130 15
70 130 7
70 130 7
70 130 7
70 129 15
70 129 7
70 129 7
70 129 7
70 128 19
70 128 7
70 128 7
70 127 29
70 127 7
70 126 40
69 126 49
69 125 56
69 124 63
68 124 70
68 123 72
68 122 75
68 121 77
67 121 76
67 120 74
67 119 72
67 119 7
67 119 7
67 119 7
67 119 7
66 119 68
66 119 7
66 118 62
66 118 7
66 118 7
66 118 7
66 118 7
66 118 7
66 117 58
66 117 7
66 117 7
66 117 7
66 117 7
66 117 7
66 117 7
66 117 7
66 117 7
66 117 7
66 117 7
65 117 51
65 117 7
65 117 7
65 117 7
65 117 7
65 116 44
65 116 7
65 116 7
65 116 7
65 116 7
65 116 7
65 116 7
65 116 7
65 116 7
65 115 38
65 115 7
65 115 7
65 115 7
65 115 7
65 115 7
65 115 7
65 115 7
65 115 7
65 115 7
65 115 7
65 115 7
64 115 29
64 115 7
64 115 7
64 115 7
64 115 7
64 115 7
64 115 7
64 114 22
64 114 7
64 114 7
64 114 7
64 114 7
64 114 7
64 114 7
64 114 7
64 114 7
63 114 15
63 114 7
63 114 7
63 114 7
63 114 7
63 114 7
63 113 15
63 113 7
63 113 7
63 113 7
63 113 7
63 113 7
62 113 15
62 113 7
62 113 7
62 112 15
62 112 7
62 112 7
62 111 15
62 111 7
62 111 7
62 110 15
62 110 7
62 110 7
62 109 15
62 109 7
62 108 15
62 108 7
62 107 15
62 107 7
62 106 15
62 106 7
62 105 15
62 104 15
62 103 15
62 102 15
62 100 15
62 99 15
62 98 15
62 97 15
62 96 15
62 95 15
63 95 15
64 95 15
64 94 15
64 93 15
64 92 15
64 91 15
64 90 15
64 89 15
64 88 15
99 162 15
99 161 15
100 161 15
100 160 15
100 159 15
100 158 15
100 157 15
100 156 15
100 155 15
100 154 15
100 153 15
100 152 15
100 151 15
100 150 15
99 150 15
99 150 7
99 149 15
99 149 7
99 148 15
99 148 7
99 148 7
99 147 15
99 147 7
99 147 7
99 147 7
99 146 15
99 146 7
99 146 7
99 146 7
99 146 7
99 146 7
99 145 15
99 145 7
99 145 7
99 145 7
99 145 7
99 145 7
99 145 7
99 145 7
99 144 15
99 144 7
99 144 7
99 144 7
99 144 7
99 144 7
99 144 7
99 144 7
99 144 7
99 144 7
99 144 7
99 144 7
99 143 24
99 143 7
99 143 7
99 143 7
99 143 7
99 143 7
99 143 7
99 143 7
99 143 7
99 143 7
99 143 7
99 143 7
99 143 7
99 143 7
99 143 7
99 143 7
98 143 47
98 143 7
98 143 7
98 143 7
98 143 7
98 143 7
98 143 7
98 143 7
98 143 7
98 143 7
98 143 7
98 143 7
98 143 7
98 143 7
98 143 7
98 143 7
98 143 7
98 143 7
98 143 7
98 143 7
97 143 68
97 143 7
97 143 7
97 143 7
97 143 7
97 143 7
97 143 7
97 143 7
97 143 7
97 143 7
97 143 7
97 143 7
97 143 7
97 143 7
97 143 7
97 143 7
97 143 7
97 143 7
97 143 7
97 143 7
97 143 7
97 143 7
97 143 7
97 143 7
97 143 7
97 143 7
97 143 7
96 143 87
96 143 7
96 143 7
96 143 7
96 143 7
96 143 7
96 143 7
96 143 7
96 143 7
96 143 7
96 143 7
96 143 7
96 143 7
96 143 7
96 143 7
96 143 7
96 143 7
96 143 7
96 143 7
96 143 7
96 143 7
96 143 7
96 143 7
96 143 7
96 143 7
96 143 7
96 143 7
96 143 7
96 143 7
96 143 7
96 143 7
96 143 7
96 143 7
96 143 7
96 143 7
95 143 102
95 143 7
95 143 7
95 143 7
95 143 7
95 143 7
95 143 7
95 143 7
95 143 7
95 143 7
95 143 7
95 143 7
95 143 7
95 143 7
95 143 7
95 143 7
95 143 7
95 143 7
95 143 7
95 143 7
95 143 7
95 143 7
95 143 7
95 143 7
95 143 7
95 143 7
95 143 7
95 143 7
95 143 7
95 143 7
95 143 7
95 143 7
95 143 7
95 143 7
95 143 7
95 143 7
95 143 7
95 143 7
95 143 7
95 143 7
95 143 7
95 143 7
95 143 7
94 143 114
94 143 7
94 143 7
94 143 7
94 143 7
94 143 7
94 143 7
94 143 7
94 143 7
94 143 7
94 143 7
94 143 7
94 143 7
94 143 7
94 143 7
94 143 7
94 143 7
94 143 7
94 143 7
94 143 7
94 143 7
94 143 7
94 143 7
94 143 7
94 143 7
94 143 7
94 143 7
94 143 7
94 143 7
94 143 7
94 143 7
94 143 7
94 143 7
94 143 7
94 143 7
94 143 7
94 143 7
94 143 7
94 143 7
94 143 7
94 143 7
94 143 7
94 143 7
94 143 7
94 143 7
94 143 7
94 143 7
94 143 7
93 143 123
93 143 7
93 143 7
93 143 7
93 143 7
93 143 7
93 143 7
93 143 7
93 143 7
93 143 7
93 143 7
93 143 7
93 143 7
93 143 7
93 143 7
93 143 7
93 143 7
93 143 7
93 143 7
93 143 7
93 143 7
93 143 7
93 143 7
93 143 7
93 143 7
93 143 7
93 143 7
93 143 7
93 143 7
93 143 7
93 143 7
93 143 7
93 143 7
93 143 7
93 143 7
93 143 7
93 143 7
93 143 7
93 143 7
93 143 7
93 143 7
93 143 7
93 143 7
93 143 7
93 143 7
93 143 7
93 143 7
93 143 7
93 143 7
92 143 128
92 143 7
92 143 7
92 143 7
92 143 7
92 143 7
92 143 7
92 143 7
92 143 7
92 143 7
92 143 7
92 143 7
92 143 7
92 143 7
92 143 7
92 143 7
92 143 7
92 143 7
92 143 7
92 143 7
92 143 7
92 143 7
92 143 7
92 143 7
92 143 7
92 143 7
92 143 7
92 143 7
92 143 7
92 143 7
92 143 7
92 143 7
92 143 7
92 143 7
92 143 7
92 143 7
92 143 7
92 143 7
92 143 7
92 143 7
92 143 7
92 143 7
92 143 7
92 143 7
92 143 7
91 143 129
91 143 7
91 143 7
91 143 7
91 143 7
91 143 7
91 143 7
91 143 7
91 143 7
91 143 7
91 143 7
91 143 7
91 143 7
91 143 7
91 143 7
91 143 7
91 143 7
91 143 7
91 143 7
91 143 7
91 143 7
91 143 7
91 143 7
91 143 7
91 143 7
91 143 7
91 143 7
91 143 7
91 143 7
91 143 7
91 143 7
91 143 7
91 143 7
91 143 7
91 143 7
91 143 7
91 143 7
90 143 127
90 143 7
90 143 7
90 143 7
90 143 7
90 143 7
90 143 7
90 143 7
90 143 7
90 143 7
90 143 7
90 143 7
90 143 7
90 143 7
90 143 7
90 143 7
90 143 7
90 143 7
90 143 7
90 143 7
90 143 7
90 143 7
90 143 7
90 143 7
90 143 7
90 143 7
90 143 7
90 143 7
89 143 123
89 143 7
89 143 7
89 143 7
89 143 7
89 143 7
89 143 7
89 143 7
89 143 7
89 143 7
89 143 7
89 143 7
89 143 7
89 143 7
89 143 7
89 143 7
89 143 7
89 143 7
89 143 7
89 143 7
88 143 116
88 143 7
88 143 7
88 143 7
88 143 7
88 143 7
88 143 7
88 143 7
88 143 7
88 143 7
88 143 7
88 143 7
87 143 108
87 143 7
87 143 7
87 143 7
87 143 7
87 143 7
87 143 7
86 143 100
86 143 7
86 143 7
85 143 92
85 142 80
84 142 68
84 141 58
82 141 32
82 141 7
82 140 19
82 140 7
82 140 7
81 140 15
81 140 7
81 140 7
81 139 15
81 139 7
81 139 7
81 138 15
81 138 7
81 137 15
81 137 7
80 137 15
80 137 7
79 137 15
79 137 7
79 136 15
79 136 7
78 136 15
78 136 7
78 135 15
78 135 7
78 134 15
78 134 7
77 134 15
77 134 7
77 134 7
76 134 15
76 134 7
76 134 7
75 134 15
75 134 7
75 134 7
75 134 7
74 134 15
74 134 7
74 134 7
74 134 7
73 134 15
73 134 7
73 134 7
73 134 7
72 134 15
72 134 7
72 134 7
72 134 7
71 134 15
71 134 7
71 134 7
71 134 7
71 134 7
99 163 15
99 164 15
99 165 15
100 165 15
101 165 15
102 165 15
103 165 15
104 165 15
105 165 15
106 165 15
107 165 15
108 165 27
109 165 45
110 165 65
111 165 86
112 165 107
113 165 129
114 165 150
115 165 171
116 165 190
117 165 209
118 165 225
118 165 7
118 165 7
118 165 7
118 165 7
118 165 7
118 165 7
118 165 7
118 165 7
118 165 7
118 165 7
118 165 7
119 165 239
119 165 7
119 165 7
119 165 7
119 165 7
119 165 7
119 165 7
119 165 7
119 165 7
119 165 7
119 165 7
119 165 7
119 165 7
119 165 7
119 165 7
119 165 7
119 165 7
119 165 7
119 165 7
119 165 7
119 165 7
119 165 7
119 165 7
119 165 7
119 165 7
119 165 7
120 165 251
120 165 7
120 165 7
120 165 7
120 165 7
120 165 7
120 165 7
120 165 7
120 165 7
120 165 7
120 165 7
120 165 7
120 165 7
120 165 7
120 165 7
120 165 7
120 165 7
120 165 7
120 165 7
120 165 7
120 165 7
120 165 7
120 165 7
120 165 7
120 165 7
120 165 7
120 165 7
120 165 7
120 165 7
120 165 7
120 165 7
120 165 7
120 165 7
120 165 7
120 165 7
120 165 7
120 165 7
120 165 7
120 165 7
120 165 7
120 165 7
120 165 7
120 165 7
121 165 260
121 165 7
121 165 7
121 165 7
121 165 7
121 165 7
121 165 7
121 165 7
121 165 7
121 165 7
121 165 7
121 165 7
121 165 7
121 165 7
121 165 7
121 165 7
121 165 7
121 165 7
121 165 7
121 165 7
121 165 7
121 165 7
121 165 7
121 165 7
121 165 7
121 165 7
121 165 7
121 165 7
121 165 7
121 165 7
121 165 7
121 165 7
121 165 7
121 165 7
121 165 7
121 165 7
121 165 7
121 165 7
121 165 7
121 165 7
121 165 7
121 165 7
121 165 7
121 165 7
121 165 7
121 165 7
121 165 7
121 165 7
121 165 7
121 165 7
121 165 7
121 165 7
121 165 7
121 165 7
121 165 7
121 165 7
121 165 7
122 165 266
122 165 7
122 165 7
122 165 7
122 165 7
122 165 7
122 165 7
122 165 7
122 165 7
122 165 7
122 165 7
122 165 7
122 165 7
122 165 7
122 165 7
122 165 7
122 165 7
122 165 7
122 165 7
122 165 7
122 165 7
122 165 7
122 165 7
122 165 7
122 165 7
122 165 7
122 165 7
122 165 7
122 165 7
122 165 7
122 165 7
122 165 7
122 165 7
122 165 7
122 165 7
122 165 7
122 165 7
122 165 7
122 165 7
122 165 7
122 165 7
122 165 7
122 165 7
122 165 7
122 165 7
122 165 7
122 165 7
122 165 7
122 165 7
122 165 7
122 165 7
122 165 7
122 165 7
122 165 7
122 165 7
122 165 7
122 165 7
122 165 7
122 165 7
122 165 7
122 165 7
122 165 7
122 165 7
122 165 7
122 165 7
122 165 7
122 165 7
123 165 269
123 165 7
123 165 7
123 165 7
123 165 7
123 165 7
123 165 7
123 165 7
123 165 7
123 165 7
123 165 7
123 165 7
123 165 7
123 165 7
123 165 7
123 165 7
123 165 7
123 165 7
123 165 7
123 165 7
123 165 7
123 165 7
123 165 7
123 165 7
123 165 7
123 165 7
123 165 7
123 165 7
123 165 7
123 165 7
123 165 7
123 165 7
123 165 7
123 165 7
123 165 7
123 165 7
123 165 7
123 165 7
123 165 7
123 165 7
123 165 7
123 165 7
123 165 7
123 165 7
123 165 7
123 165 7
123 165 7
123 165 7
123 165 7
123 165 7
123 165 7
123 165 7
123 165 7
123 165 7
123 165 7
123 165 7
123 165 7
123 165 7
123 165 7
123 165 7
123 165 7
123 165 7
123 165 7
123 165 7
123 165 7
123 165 7
123 165 7
123 165 7
123 165 7
124 165 269
124 165 7
124 165 7
124 165 7
124 165 7
124 165 7
124 165 7
124 165 7
124 165 7
124 165 7
124 165 7
124 165 7
124 165 7
124 165 7
124 165 7
124 165 7
124 165 7
124 165 7
124 165 7
124 165 7
124 165 7
124 165 7
124 165 7
124 165 7
124 165 7
124 165 7
124 165 7
124 165 7
124 165 7
124 165 7
124 165 7
124 165 7
124 165 7
124 165 7
124 165 7
124 165 7
124 165 7
124 165 7
124 165 7
124 165 7
124 165 7
124 165 7
124 165 7
124 165 7
124 165 7
124 165 7
124 165 7
124 165 7
124 165 7
124 165 7
124 165 7
124 165 7
124 165 7
124 165 7
124 165 7
124 165 7
124 165 7
124 165 7
124 165 7
124 165 7
124 165 7
124 165 7
124 165 7
125 165 265
125 165 7
125 165 7
125 165 7
125 165 7
125 165 7
125 165 7
125 165 7
125 165 7
125 165 7
125 165 7
125 165 7
125 165 7
125 165 7
125 165 7
125 165 7
125 165 7
125 165 7
125 165 7
125 165 7
125 165 7
125 165 7
125 165 7
125 165 7
125 165 7
125 165 7
125 165 7
125 165 7
125 165 7
125 165 7
125 165 7
125 165 7
125 165 7
125 165 7
125 165 7
125 165 7
125 165 7
125 165 7
125 165 7
125 165 7
125 165 7
125 165 7
125 165 7
125 165 7
125 165 7
125 165 7
125 165 7
125 165 7
125 165 7
125 165 7
125 165 7
126 165 259
126 165 7
126 165 7
126 165 7
126 165 7
126 165 7
126 165 7
126 165 7
126 165 7
126 165 7
126 165 7
126 165 7
126 165 7
126 165 7
126 165 7
126 165 7
126 165 7
126 165 7
126 165 7
126 165 7
126 165 7
126 165 7
126 165 7
126 165 7
126 165 7
126 165 7
126 165 7
126 165 7
126 165 7
126 165 7
126 165 7
126 165 7
126 165 7
126 165 7
126 165 7
127 165 249
127 165 7
127 165 7
127 165 7
127 165 7
127 165 7
127 165 7
127 165 7
127 165 7
127 165 7
127 165 7
127 165 7
127 165 7
127 165 7
127 165 7
127 165 7
127 165 7
127 165 7
127 165 7
128 165 236
128 165 7
128 165 7
128 165 7
128 165 7
129 165 221
130 165 203
131 165 183
132 165 161
133 165 138
134 165 114
135 165 89
136 165 65
137 165 41
138 165 18
139 165 15
140 165 15
141 165 15
141 164 15
142 164 15
143 164 15
143 163 15
144 163 15
145 163 15
146 163 15
147 163 15
148 163 15
149 163 15
151 163 35
152 163 54
153 163 74
153 163 7
153 163 7
153 163 7
153 162 92
153 162 7
154 162 109
154 162 7
154 162 7
154 162 7
154 162 7
154 162 7
154 162 7
154 162 7
154 162 7
154 162 7
154 162 7
154 162 7
155 162 128
155 162 7
155 162 7
155 162 7
155 162 7
155 162 7
155 162 7
155 162 7
155 162 7
155 162 7
155 162 7
155 162 7
155 162 7
155 162 7
155 162 7
155 162 7
155 162 7
155 162 7
155 162 7
155 162 7
155 162 7
155 162 7
155 162 7
155 162 7
155 162 7
155 162 7
155 162 7
155 161 142
155 161 7
155 161 7
155 161 7
155 161 7
155 161 7
155 161 7
155 161 7
155 161 7
155 161 7
155 161 7
155 161 7
155 161 7
155 161 7
155 161 7
155 161 7
155 161 7
155 161 7
155 161 7
155 161 7
155 161 7
155 161 7
155 161 7
155 161 7
156 161 157
156 161 7
156 161 7
156 161 7
156 161 7
156 161 7
156 161 7
156 161 7
156 161 7
156 161 7
156 161 7
156 161 7
156 161 7
156 161 7
156 161 7
156 161 7
156 161 7
156 161 7
156 161 7
156 161 7
156 161 7
156 161 7
156 161 7
156 161 7
156 161 7
156 161 7
156 161 7
156 161 7
156 161 7
156 161 7
156 161 7
156 161 7
156 161 7
156 161 7
156 161 7
156 161 7
156 161 7
156 161 7
156 161 7
156 161 7
157 161 171
157 161 7
157 161 7
157 161 7
157 161 7
157 161 7
157 161 7
157 161 7
157 161 7
157 161 7
157 161 7
157 161 7
157 161 7
157 161 7
157 161 7
157 161 7
157 161 7
157 161 7
157 161 7
157 161 7
157 161 7
157 161 7
157 161 7
157 161 7
157 161 7
157 161 7
157 161 7
157 161 7
157 161 7
157 161 7
157 161 7
157 161 7
157 161 7
157 161 7
157 161 7
157 161 7
157 161 7
157 161 7
157 161 7
157 161 7
157 161 7
157 161 7
157 161 7
157 161 7
157 161 7
157 161 7
157 161 7
157 161 7
157 161 7
157 161 7
157 161 7
157 161 7
157 161 7
157 161 7
157 161 7
157 160 182
157 160 7
157 160 7
157 160 7
157 160 7
157 160 7
157 160 7
157 160 7
157 160 7
157 160 7
157 160 7
157 160 7
157 160 7
157 160 7
157 160 7
157 160 7
157 160 7
157 160 7
157 160 7
157 160 7
157 160 7
157 160 7
157 160 7
157 160 7
157 160 7
157 160 7
157 160 7
157 160 7
157 160 7
157 160 7
157 160 7
157 160 7
157 160 7
157 160 7
157 160 7
157 160 7
157 160 7
157 160 7
157 160 7
157 160 7
157 160 7
157 160 7
157 160 7
157 160 7
157 160 7
157 160 7
158 160 191
158 160 7
158 160 7
158 160 7
158 160 7
158 160 7
158 160 7
158 160 7
158 160 7
158 160 7
158 160 7
158 160 7
158 160 7
158 160 7
158 160 7
158 160 7
158 160 7
158 160 7
158 160 7
158 160 7
158 160 7
158 160 7
158 160 7
158 160 7
158 160 7
158 160 7
158 160 7
158 160 7
158 160 7
158 160 7
158 160 7
158 160 7
158 160 7
158 160 7
158 160 7
158 160 7
158 160 7
158 160 7
158 160 7
158 160 7
158 160 7
158 160 7
158 160 7
158 160 7
158 160 7
158 160 7
158 160 7
158 160 7
158 160 7
158 160 7
158 160 7
158 160 7
158 160 7
158 160 7
158 160 7
158 160 7
159 160 199
159 160 7
159 160 7
159 160 7
159 160 7
159 160 7
159 160 7
159 160 7
159 160 7
159 160 7
159 160 7
159 160 7
159 160 7
159 160 7
159 160 7
159 160 7
159 160 7
159 160 7
159 160 7
159 160 7
159 160 7
159 160 7
159 160 7
159 160 7
159 160 7
159 160 7
159 160 7
159 160 7
159 160 7
159 160 7
159 160 7
159 160 7
159 160 7
159 160 7
159 160 7
159 160 7
159 160 7
159 160 7
159 160 7
159 160 7
159 160 7
159 160 7
159 160 7
159 160 7
159 160 7
159 160 7
159 160 7
159 160 7
159 160 7
159 160 7
159 160 7
159 160 7
159 160 7
159 160 7
159 160 7
159 160 7
159 160 7
159 160 7
159 160 7
159 160 7
159 160 7
159 160 7
159 160 7
159 159 205
159 159 7
159 159 7
159 159 7
159 159 7
159 159 7
159 159 7
159 159 7
159 159 7
159 159 7
159 159 7
159 159 7
159 159 7
159 159 7
159 159 7
159 159 7
159 159 7
159 159 7
159 159 7
159 159 7
159 159 7
159 159 7
159 159 7
159 159 7
159 159 7
159 159 7
159 159 7
159 159 7
159 159 7
159 159 7
159 159 7
159 159 7
159 159 7
159 159 7
159 159 7
159 159 7
159 159 7
159 159 7
159 159 7
159 159 7
159 159 7
159 159 7
159 159 7
159 159 7
159 159 7
159 159 7
159 159 7
160 159 207
160 159 7
160 159 7
160 159 7
160 159 7
160 159 7
160 159 7
160 159 7
160 159 7
160 159 7
160 159 7
160 159 7
160 159 7
160 159 7
160 159 7
160 159 7
160 159 7
160 159 7
160 159 7
160 159 7
160 159 7
160 159 7
160 159 7
160 159 7
160 159 7
160 159 7
160 159 7
160 159 7
160 159 7
160 159 7
160 159 7
160 159 7
160 159 7
160 159 7
160 159 7
160 159 7
160 159 7
160 159 7
160 159 7
160 159 7
160 159 7
160 159 7
160 159 7
160 159 7
160 159 7
160 159 7
160 159 7
160 159 7
160 159 7
160 159 7
160 159 7
161 159 208
161 159 7
161 159 7
161 159 7
161 159 7
161 159 7
161 159 7
161 159 7
161 159 7
161 159 7
161 159 7
161 159 7
161 159 7
161 159 7
161 159 7
161 159 7
161 159 7
161 159 7
161 159 7
161 159 7
161 159 7
161 159 7
161 159 7
161 159 7
161 159 7
161 159 7
161 159 7
161 159 7
161 159 7
161 159 7
161 159 7
161 159 7
161 159 7
161 159 7
161 159 7
161 159 7
161 159 7
161 159 7
161 159 7
161 159 7
161 159 7
161 159 7
161 159 7
161 159 7
161 159 7
161 159 7
161 159 7
161 159 7
161 159 7
161 159 7
161 159 7
161 159 7
162 159 208
162 159 7
162 159 7
162 159 7
162 159 7
162 159 7
162 159 7
162 159 7
162 159 7
162 159 7
162 159 7
162 159 7
162 159 7
162 159 7
162 159 7
162 159 7
162 159 7
162 159 7
162 159 7
162 159 7
162 159 7
162 159 7
162 159 7
162 159 7
162 159 7
162 159 7
162 159 7
162 159 7
162 159 7
162 159 7
162 159 7
162 159 7
162 159 7
162 159 7
162 159 7
162 159 7
162 159 7
162 159 7
162 159 7
162 159 7
162 159 7
162 159 7
162 159 7
162 159 7
162 159 7
162 159 7
162 159 7
162 159 7
162 159 7
162 159 7
162 158 206
162 158 7
162 158 7
162 158 7
162 158 7
162 158 7
162 158 7
162 158 7
162 158 7
162 158 7
162 158 7
162 158 7
162 158 7
162 158 7
162 158 7
162 158 7
162 158 7
162 158 7
162 158 7
162 158 7
162 158 7
162 158 7
162 158 7
162 158 7
162 158 7
162 158 7
162 158 7
162 158 7
162 158 7
162 158 7
162 158 7
162 157 209
162 157 7
162 157 7
162 157 7
162 157 7
162 157 7
162 157 7
162 157 7
162 157 7
162 157 7
162 157 7
162 157 7
162 157 7
162 157 7
163 156 203
164 156 189
165 156 174
166 156 160
167 156 146
168 156 134
169 156 124
169 155 111
170 155 100
170 154 89
171 154 78
171 153 69
172 153 59
172 152 51
173 152 43
173 151 36
174 151 30
174 150 23
175 150 19
175 148 15
176 148 15
177 148 15
177 147 15
178 147 15
179 147 15
179 146 15
180 146 15
180 145 15
180 144 15
180 143 15
180 142 15
180 142 7
180 141 15
180 141 7
181 141 15
181 141 7
182 141 15
182 141 7
182 141 7
183 141 15
183 141 7
183 141 7
183 141 7
183 140 15
183 140 7
183 140 7
183 140 7
183 140 7
183 139 15
183 139 7
183 139 7
183 139 7
183 139 7
183 139 7
183 139 7
184 139 15
184 139 7
184 139 7
184 139 7
184 139 7
184 139 7
184 139 7
184 139 7
185 139 15
185 139 7
185 139 7
185 139 7
185 139 7
185 139 7
185 139 7
185 139 7
185 139 7
186 139 15
186 139 7
186 139 7
186 139 7
186 139 7
186 139 7
186 139 7
186 139 7
186 139 7
186 139 7
186 138 15
186 138 7
186 138 7
186 138 7
186 138 7
186 138 7
186 138 7
186 138 7
186 138 7
186 138 7
186 138 7
186 138 7
186 137 15
186 137 7
186 137 7
186 137 7
186 137 7
186 137 7
186 137 7
186 137 7
186 137 7
186 137 7
186 137 7
186 137 7
186 137 7
186 136 15
186 136 7
186 136 7
186 136 7
186 136 7
186 136 7
186 136 7
186 136 7
186 136 7
186 136 7
186 136 7
186 136 7
186 136 7
186 135 15
186 135 7
186 135 7
186 135 7
186 135 7
186 135 7
186 135 7
186 135 7
186 135 7
186 135 7
186 135 7
186 135 7
186 135 7
186 134 15
186 134 7
186 134 7
186 134 7
186 134 7
186 134 7
186 134 7
186 134 7
186 134 7
186 134 7
186 134 7
186 133 15
186 133 7
186 133 7
186 133 7
186 133 7
186 133 7
186 133 7
186 133 7
186 133 7
187 133 15
187 133 7
187 133 7
187 133 7
187 133 7
187 133 7
187 133 7
187 133 7
187 133 7
188 133 15
188 133 7
188 133 7
188 133 7
188 133 7
188 133 7
188 133 7
188 133 7
189 133 15
189 133 7
189 133 7
189 133 7
189 133 7
189 133 7
189 133 7
189 133 7
190 133 15
190 133 7
190 133 7
190 133 7
190 133 7
190 133 7
190 133 7
190 133 7
190 132 15
190 132 7
190 132 7
190 132 7
190 132 7
190 132 7
190 131 15
190 131 7
190 131 7
190 131 7
190 130 15
190 130 7
190 130 7
190 130 7
190 129 15
190 129 7
190 129 7
191 129 15
191 129 7
191 129 7
192 129 15
192 129 7
192 129 7
193 129 15
193 129 7
193 129 7
193 129 7
193 128 15
193 128 7
193 128 7
193 128 7
193 127 15
193 127 7
193 127 7
193 126 22
193 126 7
193 125 32
193 124 41
193 123 49
193 122 55
193 121 59
193 120 60
193 119 59
193 118 55
193 117 49
193 116 40
193 115 29
193 114 17
193 113 15
193 112 15
193 111 15
193 110 15
194 110 15
194 109 15
194 108 15
195 108 15
196 108 15
197 108 15
197 108 7
198 108 15
198 108 7
199 107 15
199 107 7
199 106 15
199 106 7
199 105 15
199 104 15
199 103 15
199 102 15
199 101 15
199 100 15
199 99 15
199 98 15
199 97 15
199 96 15
199 95 15
199 93 22
199 92 32
199 91 43
199 90 53
199 89 64
199 88 74
199 87 84
199 86 93
199 85 101
199 84 108
199 83 114
199 82 119
199 80 123
199 80 7
199 80 7
199 80 7
199 80 7
199 80 7
199 79 122
199 79 7
199 79 7
199 79 7
199 79 7
199 79 7
199 79 7
199 79 7
199 79 7
199 79 7
199 78 120
199 78 7
199 78 7
199 78 7
199 78 7
199 78 7
199 78 7
199 78 7
199 78 7
199 78 7
199 78 7
199 78 7
199 78 7
199 78 7
199 77 116
199 77 7
199 77 7
199 77 7
199 77 7
199 77 7
199 77 7
199 77 7
199 77 7
199 77 7
199 77 7
199 77 7
199 77 7
199 77 7
199 77 7
199 77 7
199 76 110
199 76 7
199 76 7
199 76 7
199 76 7
199 76 7
199 76 7
199 76 7
199 76 7
199 76 7
199 76 7
199 76 7
199 76 7
199 76 7
199 76 7
199 75 103
199 75 7
199 75 7
199 75 7
199 75 7
199 75 7
199 75 7
199 75 7
199 75 7
199 75 7
199 75 7
199 75 7
199 74 94
199 74 7
199 74 7
199 74 7
199 74 7
199 74 7
199 74 7
199 74 7
199 73 83
199 73 7
199 73 7
199 73 7
199 72 72
199 71 60
199 70 48
199 69 36
199 68 24
199 66 15
199 65 15
199 64 15
199 63 15
199 62 15
199 61 15
199 60 15
199 60 7
199 59 15
199 59 7
199 58 15
199 58 7
199 57 15
199 57 7
199 56 15
199 56 7
199 56 7
199 55 16
199 55 7
199 55 7
198 54 15
198 54 7
198 54 7
197 54 15
197 54 7
197 54 7
197 53 15
197 53 7
197 53 7
196 53 15
196 53 7
196 53 7
196 52 15
196 52 7
196 52 7
195 52 15
195 52 7
195 52 7
194 52 15
194 52 7
193 52 15
193 52 7
192 52 15
192 52 7
191 52 15
190 52 15
189 52 15
188 52 15
187 52 15
187 51 15
186 51 15
186 50 15
186 49 15
186 48 15
98 163 15
98 164 15
98 165 15
98 166 15
98 167 15
98 168 15
99 168 15
99 169 15
99 170 15
99 171 15
99 172 15
99 173 15
99 174 15
99 175 15
99 175 7
31 189 15
32 189 15
33 189 15
34 189 15
35 189 15
36 189 15
37 189 15
38 189 15
39 189 15
40 189 15
41 189 15
42 189 15
43 189 15
44 189 15
45 189 15
46 189 15
47 189 15
48 189 15
49 189 15
50 189 15
51 189 15
52 189 15
53 189 15
54 190 15
54 190 7
54 191 15
54 191 7
55 191 15
55 191 7
56 191 22
56 191 7
57 191 36
58 191 48
59 191 58
60 191 66
61 191 71
62 191 74
62 191 7
63 191 74
63 191 7
63 191 7
63 191 7
64 191 73
64 191 7
64 191 7
64 191 7
64 191 7
64 191 7
64 191 7
65 191 71
65 191 7
65 191 7
65 191 7
65 191 7
65 191 7
65 191 7
65 191 7
65 191 7
65 191 7
66 191 67
66 191 7
66 191 7
66 191 7
66 191 7
66 191 7
66 191 7
66 191 7
66 191 7
66 191 7
66 191 7
66 191 7
66 191 7
67 191 62
67 191 7
67 191 7
67 191 7
67 191 7
67 191 7
67 191 7
67 191 7
67 191 7
67 191 7
67 191 7
67 191 7
67 191 7
67 191 7
68 191 57
68 191 7
68 191 7
68 191 7
68 191 7
68 191 7
68 191 7
68 191 7
68 191 7
68 191 7
68 191 7
68 191 7
68 191 7
68 191 7
69 191 52
69 191 7
69 191 7
69 191 7
69 191 7
69 191 7
69 191 7
69 191 7
69 191 7
69 191 7
69 191 7
69 191 7
69 191 7
69 191 7
69 190 45
69 190 7
69 190 7
69 190 7
69 190 7
69 190 7
69 190 7
69 190 7
69 190 7
69 190 7
70 190 37
70 190 7
70 190 7
70 190 7
70 190 7
70 190 7
70 190 7
70 190 7
70 189 30
70 189 7
70 189 7
70 189 7
70 189 7
70 189 7
71 189 20
71 189 7
71 189 7
71 189 7
71 189 7
71 189 7
72 189 15
72 189 7
72 189 7
72 189 7
72 189 7
73 189 15
73 189 7
73 189 7
73 189 7
74 189 15
74 189 7
74 189 7
75 189 15
75 189 7
75 189 7
76 189 15
76 189 7
76 189 7
76 188 15
76 188 7
77 188 15
77 188 7
77 187 15
77 186 15
78 186 15
79 186 15
79 185 15
79 184 15
79 183 15
80 183 15
81 183 15
82 183 15
83 183 15
84 183 15
85 183 15
86 183 15
87 183 15
88 182 15
88 181 15
88 180 15
89 180 15
90 180 15
91 180 15
92 180 15
92 179 15
92 178 15
93 178 15
94 178 15
95 178 15
95 177 15
96 177 15
96 176 15
97 176 15
98 176 15
31 16 15
31 17 15
32 17 15
33 17 15
34 17 15
35 17 15
36 17 15
37 17 15
38 17 15
39 17 15
40 17 15
41 17 15
42 17 15
43 17 15
44 17 15
45 17 15
46 17 15
47 17 15
48 17 15
49 17 15
50 17 15
51 17 15
52 17 15
53 17 15
54 18 15
55 18 15
55 19 15
55 20 15
56 20 15
57 20 15
58 20 18
59 20 29
60 20 41
61 20 53
62 20 66
63 20 80
64 20 95
65 20 110
66 20 125
67 20 141
68 20 156
69 20 170
70 20 183
71 20 195
72 20 205
73 20 212
74 20 217
75 20 218
76 20 217
78 20 203
79 20 192
80 20 177
81 20 160
82 20 142
83 20 121
84 20 101
85 20 80
86 20 60
87 20 42
88 20 27
88 20 7
88 20 7
89 20 15
89 20 7
89 20 7
89 20 7
90 20 15
90 20 7
90 20 7
90 20 7
90 21 15
90 21 7
90 21 7
90 21 7
90 21 7
90 22 15
90 22 7
90 22 7
90 22 7
90 22 7
90 23 15
90 23 7
90 23 7
90 23 7
90 23 7
91 23 15
91 23 7
91 23 7
91 23 7
91 23 7
92 23 15
92 23 7
92 23 7
92 23 7
92 23 7
93 23 15
93 23 7
93 23 7
93 23 7
93 23 7
94 23 15
94 23 7
94 23 7
94 23 7
94 23 7
95 23 15
95 23 7
95 23 7
95 23 7
95 23 7
96 23 15
96 23 7
96 23 7
96 23 7
97 23 15
97 23 7
97 23 7
97 23 7
98 24 15
98 24 7
98 24 7
98 25 15
98 25 7
98 26 15
98 26 7
98 27 15
98 28 15
99 28 15
99 29 15
100 29 15
100 30 15
100 31 15
101 31 15
102 31 15
103 31 15
104 31 15
105 31 28
106 31 42
107 31 54
108 31 64
109 31 70
111 31 73
111 31 7
111 31 7
111 31 7
111 31 7
112 31 69
112 31 7
112 31 7
112 31 7
112 31 7
112 31 7
112 31 7
112 31 7
113 31 61
113 31 7
113 31 7
113 31 7
113 31 7
113 31 7
113 31 7
113 31 7
113 31 7
113 31 7
114 31 50
114 31 7
114 31 7
114 31 7
114 31 7
114 31 7
114 31 7
114 31 7
114 31 7
114 31 7
115 31 36
115 31 7
115 31 7
115 31 7
115 31 7
115 31 7
115 31 7
115 31 7
115 31 7
115 31 7
116 31 19
116 31 7
116 31 7
116 31 7
116 31 7
116 31 7
116 31 7
116 31 7
116 31 7
116 31 7
117 31 15
117 31 7
117 31 7
117 31 7
117 31 7
117 31 7
117 31 7
117 31 7
118 31 15
118 31 7
118 31 7
118 31 7
118 31 7
118 31 7
118 30 15
118 30 7
118 30 7
118 30 7
118 30 7
118 30 7
119 30 15
119 30 7
119 30 7
119 30 7
120 30 15
120 30 7
120 30 7
120 29 15
120 29 7
120 29 7
120 28 15
120 28 7
120 27 15
120 27 7
120 26 15
120 26 7
121 25 15
121 25 7
122 25 15
122 24 15
123 24 15
123 23 15
124 23 15
125 23 15
126 23 15
126 22 15
127 22 15
128 22 15
129 22 15
130 22 15
130 22 7
130 21 15
130 21 7
130 20 15
130 20 7
130 20 7
130 19 15
130 19 7
130 19 7
130 19 7
130 18 18
130 18 7
130 18 7
130 18 7
130 18 7
130 17 25
130 17 7
130 17 7
130 17 7
130 17 7
130 17 7
130 16 29
130 16 7
130 16 7
130 16 7
130 16 7
130 16 7
130 16 7
130 16 7
131 16 32
131 16 7
131 16 7
131 16 7
131 16 7
131 16 7
131 16 7
131 16 7
131 15 31
131 15 7
131 15 7
131 15 7
131 15 7
131 15 7
131 15 7
131 15 7
131 15 7
131 15 7
131 14 28
131 14 7
131 14 7
131 14 7
131 14 7
131 14 7
131 14 7
131 14 7
131 14 7
131 14 7
131 14 7
131 14 7
131 13 24
131 13 7
131 13 7
131 13 7
131 13 7
131 13 7
131 13 7
131 13 7
131 13 7
131 13 7
131 13 7
131 13 7
131 13 7
131 12 20
131 12 7
131 12 7
131 12 7
131 12 7
131 12 7
131 12 7
131 12 7
131 12 7
131 12 7
131 12 7
131 12 7
131 12 7
131 11 15
131 11 7
131 11 7
131 11 7
131 11 7
131 11 7
131 11 7
131 11 7
131 11 7
131 11 7
131 11 7
131 11 7
131 10 15
131 10 7
131 10 7
131 10 7
131 10 7
131 10 7
131 10 7
131 10 7
131 10 7
131 10 7
131 9 15
131 9 7
131 9 7
131 9 7
131 9 7
131 9 7
131 9 7
131 9 7
131 8 15
131 8 7
131 8 7
131 8 7
131 8 7
131 8 7
131 7 15
131 7 7
131 7 7
131 7 7
131 6 15
131 6 7
131 6 7
131 5 15
131 5 7
