33 35 16
33 35 6
156 158 16
144 151 16
144 165 16
144 165 6
144 165 6
144 165 6
144 165 6
144 165 6
144 165 6
144 165 6
144 165 6
144 165 6
144 165 6
144 165 6
144 165 6
144 165 6
144 165 6
144 165 6
144 165 6
144 165 6
144 165 6
144 165 6
144 165 6
144 165 6
144 165 6
144 165 6
144 165 6
144 165 6
144 165 6
144 165 6
144 165 6
144 165 6
144 165 6
144 165 6
144 165 6
144 165 6
144 165 6
157 144 16
21 42 16
21 42 6
21 42 6
21 42 6
21 42 6
21 42 6
21 42 6
21 42 6
21 42 6
21 42 6
21 42 6
21 42 6
21 42 6
21 42 6
21 42 6
21 42 6
21 42 6
21 42 6
21 42 6
21 42 6
21 42 6
21 42 6
21 42 6
21 42 6
21 42 6
21 42 6
21 42 6
21 42 6
21 42 6
21 42 6
21 42 6
21 42 6
21 42 6
21 42 6
21 42 6
21 42 6
21 42 6
21 42 6
21 42 6
21 42 6
21 42 6
21 42 6
21 42 6
21 42 6
21 42 6
21 42 6
21 42 6
21 42 6
21 42 6
21 42 6
21 42 6
21 42 6
21 42 6
21 42 6
21 42 6
21 42 6
21 42 6
21 42 6
21 42 6
21 42 6
21 42 6
21 42 6
46 41 16
46 27 16
46 27 6
46 27 6
46 27 6
46 27 6
46 27 6
46 27 6
46 27 6
46 27 6
46 27 6
46 27 6
46 27 6
46 27 6
46 27 6
46 27 6
46 27 6
46 27 6
46 27 6
46 27 6
46 27 6
46 27 6
46 27 6
46 27 6
46 27 6
46 27 6
46 27 6
46 27 6
145 136 16
34 20 16
34 20 6
34 20 6
34 20 6
34 20 6
34 20 6
34 20 6
34 20 6
34 20 6
34 20 6
34 20 6
34 20 6
34 20 6
34 20 6
34 20 6
34 20 6
34 20 6
34 20 6
34 20 6
34 20 6
34 20 6
34 20 6
34 20 6
34 20 6
34 20 6
34 20 6
34 20 6
34 20 6
34 20 6
34 20 6
34 20 6
34 20 6
34 20 6
34 20 6
34 20 6
34 20 6
34 20 6
34 20 6
34 20 6
34 20 6
34 20 6
34 20 6
34 20 6
34 20 6
34 20 6
34 20 6
34 20 6
34 20 6
34 20 6
34 20 6
34 20 6
34 20 6
34 20 6
34 20 6
34 20 6
34 20 6
34 20 6
34 20 6
34 20 6
34 20 6
34 20 6
34 20 6
34 20 6
34 20 6
34 20 6
34 20 6
33 49 16
33 49 6
33 49 6
33 49 6
33 49 6
33 49 6
33 49 6
33 49 6
33 49 6
33 49 6
33 49 6
33 49 6
33 49 6
33 49 6
33 49 6
33 49 6
33 49 6
33 49 6
33 49 6
33 49 6
33 49 6
33 49 6
33 49 6
33 49 6
33 49 6
33 49 6
33 49 6
33 49 6
33 49 6
33 49 6
33 49 6
33 49 6
33 49 6
33 49 6
33 49 6
33 49 6
33 49 6
33 49 6
33 49 6
33 49 6
33 49 6
33 49 6
33 49 6
33 49 6
33 49 6
33 49 6
33 49 6
33 49 6
33 49 6
33 49 6
33 49 6
33 49 6
33 49 6
33 49 6
33 49 6
33 49 6
33 49 6
33 49 6
33 49 6
33 49 6
59 33 16
59 47 16
59 47 6
59 47 6
59 47 6
59 47 6
59 47 6
59 47 6
59 47 6
59 47 6
132 143 16
132 143 6
132 143 6
132 143 6
132 143 6
132 143 6
132 143 6
132 143 6
132 143 6
132 143 6
132 143 6
132 143 6
132 143 6
132 143 6
132 143 6
132 143 6
132 143 6
132 143 6
132 143 6
132 143 6
132 143 6
132 143 6
132 143 6
132 143 6
132 143 6
132 143 6
132 143 6
132 143 6
132 143 6
132 143 6
132 143 6
132 143 6
132 143 6
132 143 6
132 143 6
132 143 6
132 143 6
132 143 6
132 143 6
132 143 6
132 143 6
132 143 6
132 143 6
132 143 6
132 143 6
132 143 6
132 143 6
132 143 6
132 143 6
132 143 6
132 143 6
132 143 6
132 143 6
132 143 6
132 143 6
132 143 6
132 143 6
132 143 6
132 143 6
132 143 6
132 143 6
132 143 6
132 143 6
158 129 16
158 129 6
158 129 6
158 129 6
158 129 6
158 129 6
158 129 6
158 129 6
158 129 6
158 129 6
158 129 6
158 129 6
158 129 6
158 129 6
158 129 6
158 129 6
158 129 6
158 129 6
158 129 6
158 129 6
158 129 6
158 129 6
158 129 6
158 129 6
158 129 6
158 129 6
158 129 6
158 129 6
158 129 6
158 129 6
158 129 6
158 129 6
158 129 6
158 129 6
158 129 6
158 129 6
158 129 6
158 129 6
158 129 6
158 129 6
158 129 6
158 129 6
158 129 6
158 129 6
158 129 6
158 129 6
158 129 6
158 129 6
158 129 6
158 129 6
158 129 6
158 129 6
158 129 6
158 129 6
158 129 6
158 129 6
158 129 6
158 129 6
158 129 6
158 129 6
158 129 6
158 129 6
158 129 6
158 129 6
158 129 6
158 129 6
158 129 6
158 129 6
158 129 6
158 129 6
169 151 16
169 165 16
72 39 16
72 39 6
72 39 6
72 39 6
72 39 6
72 39 6
72 39 6
72 39 6
72 39 6
72 39 6
72 39 6
72 39 6
72 39 6
72 39 6
72 39 6
72 39 6
72 39 6
72 39 6
72 39 6
72 39 6
72 39 6
72 39 6
72 39 6
72 39 6
72 39 6
72 39 6
72 39 6
72 39 6
72 39 6
72 39 6
72 39 6
72 39 6
72 39 6
72 39 6
72 39 6
72 39 6
72 39 6
72 39 6
72 39 6
72 39 6
72 39 6
72 39 6
72 39 6
72 39 6
72 39 6
72 39 6
72 39 6
72 39 6
72 39 6
72 39 6
72 39 6
72 39 6
72 39 6
182 158 16
182 158 6
182 158 6
182 158 6
59 61 16
60 74 16
73 67 16
73 67 6
73 67 6
73 67 6
73 67 6
73 67 6
73 67 6
73 67 6
73 67 6
73 67 6
73 67 6
73 67 6
73 67 6
73 67 6
73 67 6
73 67 6
73 67 6
73 67 6
73 67 6
73 67 6
73 67 6
73 67 6
73 67 6
73 67 6
73 67 6
73 67 6
73 67 6
73 67 6
73 67 6
73 67 6
73 67 6
73 67 6
73 67 6
73 67 6
73 67 6
73 67 6
73 67 6
73 67 6
73 67 6
73 67 6
73 67 6
73 67 6
73 67 6
73 67 6
73 67 6
73 67 6
73 67 6
73 67 6
73 67 6
73 67 6
73 67 6
73 67 6
73 67 6
73 67 6
73 67 6
47 69 16
47 69 6
47 69 6
47 69 6
47 69 6
47 69 6
47 69 6
47 69 6
47 69 6
47 69 6
47 69 6
47 69 6
47 69 6
47 69 6
47 69 6
47 69 6
47 69 6
47 69 6
47 69 6
47 69 6
47 69 6
47 69 6
47 69 6
47 69 6
47 69 6
47 69 6
47 69 6
47 69 6
47 69 6
47 69 6
47 69 6
47 69 6
47 69 6
47 69 6
47 69 6
47 69 6
47 69 6
47 69 6
183 172 16
183 172 6
196 164 16
196 164 6
196 164 6
196 164 6
196 164 6
196 164 6
196 164 6
196 164 6
196 164 6
196 164 6
196 164 6
196 164 6
196 164 6
196 164 6
196 164 6
196 164 6
196 164 6
196 164 6
196 164 6
196 164 6
196 164 6
196 164 6
196 164 6
196 164 6
196 164 6
196 164 6
196 164 6
196 164 6
196 164 6
196 164 6
196 164 6
196 164 6
196 164 6
196 164 6
196 164 6
196 164 6
196 164 6
196 164 6
196 164 6
196 164 6
196 164 6
196 164 6
196 164 6
196 164 6
196 164 6
196 164 6
196 164 6
196 164 6
196 164 6
196 164 6
196 164 6
196 164 6
196 164 6
196 164 6
196 164 6
196 164 6
196 164 6
196 164 6
196 164 6
196 164 6
196 164 6
196 164 6
196 164 6
196 164 6
196 164 6
196 164 6
196 164 6
196 164 6
196 164 6
196 164 6
196 164 6
48 81 16
48 81 6
48 81 6
48 81 6
48 81 6
48 81 6
48 81 6
48 81 6
48 81 6
48 81 6
61 88 16
61 88 6
61 88 6
61 88 6
61 88 6
61 88 6
61 88 6
61 88 6
61 88 6
61 88 6
61 88 6
61 88 6
61 88 6
61 88 6
61 88 6
61 88 6
61 88 6
61 88 6
61 88 6
61 88 6
61 88 6
61 88 6
61 88 6
61 88 6
61 88 6
61 88 6
61 88 6
61 88 6
61 88 6
61 88 6
61 88 6
61 88 6
61 88 6
61 88 6
61 88 6
61 88 6
61 88 6
61 88 6
61 88 6
61 88 6
61 88 6
61 88 6
61 88 6
61 88 6
61 88 6
61 88 6
61 88 6
61 88 6
61 88 6
61 88 6
61 88 6
61 88 6
61 88 6
61 88 6
61 88 6
61 88 6
61 88 6
170 179 16
170 179 6
183 186 16
183 186 6
183 186 6
183 186 6
183 186 6
183 186 6
183 186 6
183 186 6
183 186 6
183 186 6
183 186 6
183 186 6
183 186 6
183 186 6
183 186 6
183 186 6
183 186 6
183 186 6
183 186 6
183 186 6
183 186 6
183 186 6
183 186 6
183 186 6
183 186 6
183 186 6
183 186 6
183 186 6
183 186 6
183 186 6
183 186 6
183 186 6
183 186 6
183 186 6
183 186 6
183 186 6
183 186 6
183 186 6
183 186 6
183 186 6
183 186 6
183 186 6
183 186 6
183 186 6
183 186 6
183 186 6
183 186 6
183 186 6
183 186 6
183 186 6
59 19 16
59 19 6
59 19 6
59 19 6
59 19 6
59 19 6
59 19 6
59 19 6
59 19 6
59 19 6
59 19 6
59 19 6
59 19 6
59 19 6
59 19 6
59 19 6
59 19 6
59 19 6
59 19 6
59 19 6
59 19 6
59 19 6
59 19 6
59 19 6
59 19 6
59 19 6
59 19 6
59 19 6
59 19 6
59 19 6
59 19 6
59 19 6
59 19 6
59 19 6
59 19 6
59 19 6
59 19 6
59 19 6
59 19 6
59 19 6
59 19 6
59 19 6
59 19 6
59 19 6
59 19 6
59 19 6
59 19 6
59 19 6
59 19 6
59 19 6
59 19 6
59 19 6
59 19 6
59 19 6
59 19 6
59 19 6
59 19 6
59 19 6
59 19 6
59 19 6
59 19 6
59 19 6
59 19 6
59 19 6
59 19 6
59 19 6
59 19 6
59 19 6
59 19 6
59 19 6
59 19 6
59 19 6
59 19 6
59 19 6
59 19 6
59 19 6
59 19 6
59 19 6
59 19 6
59 19 6
35 88 16
35 88 6
35 88 6
35 88 6
35 88 6
35 88 6
35 88 6
35 88 6
35 88 6
35 88 6
35 88 6
35 88 6
35 88 6
35 88 6
36 101 16
36 101 6
36 101 6
36 101 6
36 101 6
36 101 6
36 101 6
36 101 6
183 143 16
183 143 6
183 143 6
23 95 16
23 95 6
23 95 6
23 95 6
23 95 6
23 95 6
23 95 6
23 95 6
23 95 6
23 95 6
23 95 6
23 95 6
23 95 6
23 95 6
23 95 6
23 95 6
23 95 6
23 95 6
23 95 6
23 95 6
23 95 6
23 95 6
23 95 6
23 95 6
23 95 6
23 95 6
23 95 6
23 95 6
23 95 6
23 95 6
23 95 6
23 95 6
23 95 6
23 95 6
23 95 6
23 95 6
23 95 6
23 95 6
23 95 6
23 95 6
23 95 6
23 95 6
23 95 6
23 95 6
23 95 6
23 95 6
23 95 6
23 95 6
23 95 6
23 95 6
23 95 6
23 95 6
23 95 6
23 95 6
23 95 6
23 95 6
23 95 6
23 95 6
23 95 6
23 95 6
23 95 6
23 95 6
48 95 16
48 95 6
48 95 6
48 95 6
196 150 16
196 150 6
196 150 6
196 150 6
196 150 6
196 150 6
196 150 6
196 150 6
196 150 6
196 136 16
49 108 16
37 115 16
49 121 16
183 129 16
183 129 6
183 129 6
183 129 6
183 129 6
183 129 6
183 129 6
183 129 6
183 129 6
183 129 6
183 129 6
183 129 6
183 129 6
183 129 6
183 129 6
183 129 6
183 129 6
183 129 6
183 129 6
183 129 6
183 129 6
183 129 6
183 129 6
183 129 6
183 129 6
183 129 6
183 129 6
183 129 6
183 129 6
183 129 6
183 129 6
183 129 6
183 129 6
183 129 6
183 129 6
183 129 6
183 129 6
183 129 6
183 129 6
183 129 6
183 129 6
183 129 6
183 129 6
183 129 6
183 129 6
183 129 6
183 129 6
183 129 6
183 129 6
183 129 6
183 129 6
183 129 6
183 129 6
183 129 6
183 129 6
183 129 6
183 129 6
183 129 6
183 129 6
183 129 6
183 129 6
183 129 6
183 129 6
183 129 6
183 129 6
183 129 6
183 129 6
183 129 6
183 129 6
183 129 6
183 129 6
183 129 6
183 129 6
183 129 6
183 129 6
156 172 16
156 172 6
156 172 6
156 172 6
156 172 6
156 172 6
156 172 6
156 172 6
156 172 6
156 172 6
156 172 6
156 172 6
156 172 6
156 172 6
156 172 6
156 172 6
156 172 6
156 172 6
156 172 6
156 172 6
156 172 6
156 172 6
156 172 6
156 172 6
156 172 6
156 172 6
156 172 6
156 172 6
156 172 6
156 172 6
156 172 6
156 172 6
156 172 6
156 172 6
156 172 6
156 172 6
156 172 6
156 172 6
156 172 6
156 172 6
156 172 6
156 172 6
156 172 6
156 172 6
156 172 6
156 172 6
156 172 6
156 172 6
156 172 6
156 172 6
156 172 6
156 172 6
156 172 6
156 172 6
156 172 6
156 172 6
146 122 16
146 122 6
146 122 6
146 122 6
146 122 6
146 122 6
146 122 6
146 122 6
146 122 6
146 122 6
146 122 6
146 122 6
146 122 6
146 122 6
146 122 6
146 122 6
146 122 6
146 122 6
146 122 6
146 122 6
146 122 6
146 122 6
146 122 6
146 122 6
146 122 6
146 122 6
146 122 6
146 122 6
146 122 6
146 122 6
146 122 6
146 122 6
146 122 6
146 122 6
146 122 6
146 122 6
146 122 6
146 122 6
146 122 6
146 122 6
146 122 6
146 122 6
146 122 6
146 122 6
146 122 6
146 122 6
146 122 6
146 122 6
146 122 6
146 122 6
146 122 6
146 122 6
146 122 6
146 122 6
146 122 6
146 122 6
146 122 6
146 122 6
146 122 6
146 122 6
146 122 6
146 122 6
146 122 6
146 122 6
146 122 6
146 122 6
146 122 6
146 122 6
146 122 6
146 122 6
146 122 6
146 122 6
146 122 6
146 122 6
146 122 6
146 122 6
146 122 6
146 122 6
146 122 6
146 122 6
146 122 6
146 122 6
146 122 6
146 122 6
146 122 6
146 122 6
146 122 6
146 122 6
146 122 6
146 122 6
146 122 6
146 122 6
37 128 16
171 193 16
171 193 6
171 193 6
171 193 6
171 193 6
171 193 6
171 193 6
171 193 6
171 193 6
171 193 6
171 193 6
171 193 6
171 193 6
171 193 6
171 193 6
171 193 6
171 193 6
171 193 6
171 193 6
171 193 6
171 193 6
171 193 6
171 193 6
171 193 6
171 193 6
171 193 6
171 193 6
171 193 6
171 193 6
171 193 6
171 193 6
171 193 6
171 193 6
171 193 6
171 193 6
171 193 6
171 193 6
171 193 6
171 193 6
171 193 6
171 193 6
171 193 6
171 193 6
171 193 6
171 193 6
171 193 6
171 193 6
171 193 6
171 193 6
171 193 6
171 193 6
171 193 6
171 193 6
171 193 6
171 193 6
171 193 6
171 193 6
171 193 6
171 193 6
171 193 6
171 193 6
171 193 6
171 193 6
171 193 6
171 193 6
171 193 6
171 193 6
171 193 6
171 193 6
171 193 6
171 193 6
171 193 6
171 193 6
171 193 6
171 193 6
171 193 6
171 193 6
171 193 6
171 193 6
171 193 6
171 193 6
171 193 6
171 193 6
171 193 6
171 193 6
171 193 6
171 193 6
171 193 6
171 193 6
171 193 6
171 193 6
171 193 6
171 193 6
171 193 6
171 193 6
171 193 6
171 193 6
171 193 6
171 193 6
197 121 16
197 121 6
197 121 6
197 121 6
197 121 6
197 121 6
197 121 6
197 121 6
197 121 6
197 121 6
197 121 6
197 121 6
197 121 6
197 121 6
197 121 6
197 121 6
197 121 6
197 121 6
197 121 6
197 121 6
197 121 6
197 121 6
197 121 6
197 121 6
197 121 6
197 121 6
197 121 6
197 121 6
197 121 6
197 121 6
197 121 6
197 121 6
197 121 6
197 121 6
197 121 6
197 121 6
197 121 6
197 121 6
197 121 6
197 121 6
197 121 6
197 121 6
197 121 6
197 121 6
197 121 6
197 121 6
197 121 6
197 121 6
197 121 6
197 121 6
197 121 6
197 121 6
197 121 6
197 121 6
197 121 6
197 121 6
197 121 6
197 121 6
197 121 6
197 121 6
197 121 6
197 121 6
197 121 6
197 121 6
197 121 6
197 121 6
197 121 6
197 121 6
197 121 6
197 121 6
197 121 6
197 121 6
197 121 6
197 121 6
197 121 6
197 121 6
197 121 6
197 121 6
197 121 6
197 121 6
197 121 6
197 121 6
197 121 6
197 121 6
197 121 6
197 121 6
197 121 6
197 121 6
197 121 6
197 121 6
197 121 6
197 121 6
197 121 6
197 121 6
197 121 6
197 121 6
197 121 6
197 121 6
197 121 6
197 121 6
197 121 6
197 121 6
197 121 6
197 121 6
197 121 6
197 121 6
197 121 6
197 121 6
197 121 6
197 121 6
197 121 6
197 121 6
197 121 6
196 178 16
196 178 6
196 178 6
196 178 6
196 178 6
196 178 6
196 178 6
196 178 6
196 178 6
196 178 6
49 135 16
49 135 6
49 135 6
49 135 6
49 135 6
49 135 6
49 135 6
49 135 6
49 135 6
49 135 6
49 135 6
49 135 6
49 135 6
49 135 6
49 135 6
49 135 6
49 135 6
49 135 6
49 135 6
49 135 6
49 135 6
49 135 6
49 135 6
49 135 6
49 135 6
49 135 6
49 135 6
49 135 6
49 135 6
49 135 6
49 135 6
49 135 6
49 135 6
49 135 6
49 135 6
49 135 6
49 135 6
49 135 6
49 135 6
49 135 6
49 135 6
49 135 6
49 135 6
49 135 6
49 135 6
49 135 6
49 135 6
49 135 6
49 135 6
49 135 6
49 135 6
49 135 6
49 135 6
49 135 6
49 135 6
49 135 6
197 193 16
197 193 6
197 193 6
197 193 6
197 193 6
197 193 6
197 193 6
197 193 6
197 193 6
197 193 6
197 193 6
197 193 6
197 193 6
197 193 6
197 193 6
197 193 6
197 193 6
197 193 6
197 193 6
197 193 6
197 193 6
24 121 16
25 135 16
12 128 16
157 186 16
157 186 6
157 186 6
157 186 6
157 186 6
145 193 16
158 199 16
158 199 6
158 199 6
158 199 6
158 199 6
158 199 6
158 199 6
158 199 6
158 199 6
158 199 6
158 199 6
158 199 6
158 199 6
158 199 6
158 199 6
158 199 6
158 199 6
158 199 6
158 199 6
158 199 6
158 199 6
158 199 6
158 199 6
158 199 6
158 199 6
158 199 6
158 199 6
158 199 6
158 199 6
158 199 6
158 199 6
158 199 6
158 199 6
158 199 6
158 199 6
158 199 6
158 199 6
158 199 6
158 199 6
158 199 6
158 199 6
158 199 6
158 199 6
158 199 6
158 199 6
158 199 6
158 199 6
158 199 6
158 199 6
158 199 6
158 199 6
158 199 6
158 199 6
158 199 6
158 199 6
158 199 6
158 199 6
133 186 16
133 186 6
133 186 6
133 186 6
133 186 6
133 186 6
134 199 16
122 193 16
122 193 6
122 193 6
122 193 6
122 193 6
122 193 6
122 193 6
122 193 6
122 193 6
122 193 6
122 193 6
122 193 6
122 193 6
122 193 6
122 193 6
122 193 6
122 193 6
122 193 6
122 193 6
122 193 6
122 193 6
122 193 6
122 193 6
122 193 6
122 193 6
122 193 6
122 193 6
122 193 6
122 193 6
122 193 6
122 193 6
122 193 6
122 193 6
122 193 6
122 193 6
122 193 6
122 193 6
122 193 6
122 193 6
122 193 6
122 193 6
12 142 16
12 142 6
12 142 6
12 142 6
12 142 6
12 142 6
12 142 6
12 142 6
12 142 6
12 142 6
0 135 16
0 135 6
0 135 6
0 135 6
0 135 6
0 135 6
0 135 6
0 135 6
0 135 6
0 135 6
0 135 6
0 135 6
0 135 6
0 135 6
0 135 6
0 135 6
0 135 6
0 135 6
0 135 6
0 135 6
0 135 6
0 135 6
144 179 16
0 149 16
0 149 6
0 149 6
0 149 6
0 149 6
0 149 6
0 149 6
0 149 6
0 149 6
0 149 6
0 149 6
0 149 6
0 149 6
0 149 6
0 149 6
0 149 6
0 149 6
0 149 6
0 149 6
0 149 6
0 149 6
0 149 6
0 149 6
0 149 6
0 149 6
0 149 6
0 149 6
0 149 6
0 149 6
0 149 6
0 149 6
0 149 6
0 149 6
0 149 6
0 149 6
0 149 6
0 149 6
0 149 6
0 149 6
0 149 6
0 149 6
0 149 6
0 149 6
0 149 6
0 149 6
0 149 6
0 149 6
0 149 6
0 149 6
0 149 6
0 149 6
0 149 6
0 149 6
0 149 6
0 149 6
0 149 6
0 149 6
0 149 6
0 149 6
0 149 6
0 149 6
0 149 6
0 149 6
0 149 6
0 149 6
0 149 6
0 149 6
62 114 16
132 172 16
120 165 16
120 165 6
120 165 6
120 165 6
120 165 6
120 165 6
120 165 6
120 165 6
120 165 6
120 165 6
120 165 6
120 165 6
120 165 6
120 165 6
120 165 6
120 165 6
120 165 6
120 165 6
120 165 6
120 165 6
120 165 6
120 165 6
120 165 6
120 165 6
120 165 6
120 165 6
120 165 6
120 165 6
120 165 6
120 165 6
120 165 6
120 165 6
120 165 6
120 165 6
120 165 6
120 165 6
120 165 6
120 165 6
120 165 6
120 165 6
120 165 6
120 165 6
120 165 6
120 165 6
120 165 6
120 165 6
120 165 6
120 165 6
120 165 6
120 165 6
120 165 6
120 165 6
120 165 6
120 165 6
120 165 6
120 165 6
120 165 6
120 165 6
120 165 6
120 165 6
120 165 6
120 165 6
120 165 6
120 165 6
120 165 6
120 165 6
120 165 6
120 165 6
120 165 6
120 165 6
120 165 6
120 165 6
120 165 6
120 165 6
120 165 6
120 165 6
120 165 6
120 165 6
120 165 6
74 121 16
62 128 16
62 128 6
121 179 16
121 179 6
121 179 6
121 179 6
121 179 6
121 179 6
121 179 6
121 179 6
74 135 16
74 135 6
74 135 6
74 135 6
74 135 6
74 135 6
74 135 6
74 135 6
74 135 6
74 135 6
74 135 6
74 135 6
110 185 16
110 185 6
110 185 6
110 185 6
110 185 6
110 185 6
110 185 6
110 185 6
110 185 6
110 185 6
110 185 6
110 185 6
110 185 6
110 185 6
110 185 6
110 185 6
110 185 6
110 185 6
110 185 6
110 185 6
110 185 6
110 185 6
110 185 6
110 185 6
110 185 6
110 185 6
110 185 6
110 185 6
110 185 6
110 185 6
110 185 6
110 185 6
110 185 6
110 185 6
110 185 6
110 185 6
110 185 6
110 185 6
110 185 6
110 185 6
110 185 6
110 185 6
110 185 6
110 185 6
110 185 6
110 185 6
110 185 6
110 185 6
110 185 6
110 185 6
110 185 6
110 185 6
110 185 6
110 185 6
110 185 6
110 185 6
110 185 6
110 185 6
110 185 6
110 185 6
110 185 6
110 185 6
110 185 6
110 185 6
110 185 6
110 185 6
110 185 6
110 185 6
110 185 6
110 185 6
110 185 6
110 185 6
110 185 6
110 185 6
110 185 6
110 185 6
110 185 6
110 185 6
110 185 6
110 185 6
110 185 6
110 185 6
110 185 6
110 185 6
110 185 6
110 185 6
110 185 6
110 185 6
110 185 6
110 185 6
110 185 6
86 128 16
86 128 6
86 128 6
86 128 6
86 128 6
86 128 6
86 128 6
86 128 6
86 128 6
86 128 6
86 128 6
133 129 16
133 129 6
133 129 6
133 129 6
133 129 6
133 129 6
133 129 6
133 129 6
133 129 6
133 129 6
133 129 6
133 129 6
133 129 6
133 129 6
133 129 6
133 129 6
133 129 6
133 129 6
133 129 6
133 129 6
133 129 6
133 129 6
133 129 6
133 129 6
133 129 6
133 129 6
133 129 6
122 122 16
122 122 6
110 129 16
98 121 16
98 121 6
98 121 6
98 121 6
98 121 6
156 157 15
156 156 15
156 155 15
156 154 15
156 153 15
155 153 15
154 153 15
153 153 15
153 152 15
153 151 15
152 151 15
151 151 15
150 151 15
149 151 15
148 151 15
147 151 15
146 151 15
145 151 15
144 150 15
144 149 15
144 148 15
144 147 15
143 147 15
143 147 7
143 146 15
143 146 7
143 145 15
143 145 7
143 144 15
143 144 7
143 143 15
143 143 7
143 143 7
142 143 15
142 143 7
142 143 7
142 143 7
142 143 7
142 142 15
142 142 7
142 142 7
142 142 7
142 142 7
142 142 7
142 141 15
142 141 7
142 141 7
142 141 7
142 141 7
142 141 7
142 140 15
142 140 7
142 140 7
142 140 7
142 140 7
142 139 15
142 139 7
142 139 7
142 139 7
142 139 7
142 138 15
142 138 7
142 138 7
142 138 7
142 138 7
142 137 15
142 137 7
142 137 7
142 137 7
142 137 7
142 136 26
142 136 7
142 136 7
141 136 43
141 136 7
141 136 7
141 135 60
140 135 76
140 135 7
140 134 91
139 134 105
139 134 7
139 133 119
138 133 130
138 133 7
138 133 7
138 132 143
137 132 150
137 132 7
137 132 7
137 132 7
136 132 159
136 132 7
136 132 7
136 132 7
136 132 7
136 132 7
136 132 7
136 132 7
136 131 165
136 131 7
136 131 7
136 131 7
135 131 169
135 131 7
135 131 7
135 131 7
135 131 7
135 131 7
134 131 173
134 131 7
134 131 7
134 131 7
134 131 7
134 131 7
134 131 7
134 131 7
134 130 172
134 130 7
134 130 7
134 130 7
133 130 171
133 130 7
133 130 7
133 130 7
132 129 163
131 129 156
130 129 149
130 128 139
129 128 127
128 128 116
128 127 104
127 127 88
126 127 74
125 127 59
124 127 46
124 126 30
123 126 15
123 126 7
122 126 15
121 126 15
120 126 15
119 126 15
118 126 15
117 126 15
116 126 15
115 126 15
114 126 15
113 126 15
112 126 15
111 126 15
110 126 15
109 126 15
108 126 15
107 126 15
106 126 15
105 126 15
104 126 15
103 126 15
102 126 15
101 126 15
100 126 15
99 126 15
98 126 15
98 126 7
97 126 15
97 126 7
96 126 25
95 126 36
94 126 47
93 126 57
92 126 65
92 126 7
91 126 71
91 126 7
91 126 7
90 126 76
90 126 7
90 126 7
89 126 78
89 126 7
88 126 78
87 126 76
86 126 72
85 126 65
84 126 56
83 126 45
82 126 32
81 126 18
80 126 15
79 126 15
78 126 15
78 125 15
77 125 15
77 124 15
76 124 15
75 124 15
75 123 15
74 123 15
74 122 15
73 121 15
72 121 15
71 121 15
71 120 15
70 120 15
70 119 15
69 119 15
69 118 15
68 118 15
67 118 15
66 118 15
65 118 15
65 117 15
64 117 15
63 117 15
63 116 15
63 115 15
62 115 15
61 114 15
60 114 15
59 114 15
59 113 15
58 113 15
57 113 15
56 113 15
55 113 15
54 113 15
54 112 15
53 112 15
53 111 15
52 111 15
51 111 15
51 110 15
50 110 15
49 110 15
49 109 15
48 108 15
47 108 15
47 107 15
47 106 15
46 106 15
46 105 15
46 104 15
46 103 15
46 102 15
46 101 15
46 100 15
46 99 15
46 98 15
46 98 7
46 97 15
46 97 7
46 96 15
46 96 7
46 96 7
46 95 15
46 95 7
46 95 7
46 95 7
46 94 15
46 94 7
46 94 7
46 94 7
46 94 7
46 93 15
46 93 7
46 93 7
46 93 7
46 93 7
46 93 7
46 92 15
46 92 7
46 92 7
46 92 7
46 92 7
46 92 7
46 92 7
46 91 15
46 91 7
46 91 7
46 91 7
46 91 7
46 91 7
46 91 7
46 90 15
46 90 7
46 90 7
46 90 7
46 90 7
46 90 7
46 90 7
46 89 15
46 89 7
46 89 7
46 89 7
46 89 7
46 89 7
46 89 7
46 88 15
46 88 7
46 88 7
46 88 7
46 88 7
46 88 7
46 87 15
46 87 7
46 87 7
46 87 7
46 87 7
46 87 7
46 86 17
46 86 7
46 86 7
46 86 7
46 86 7
46 86 7
46 85 27
46 85 7
46 85 7
46 85 7
46 84 39
46 84 7
46 84 7
47 84 47
47 84 7
47 83 54
48 83 62
48 82 65
49 81 68
49 80 66
50 80 65
50 79 58
50 78 52
50 78 7
50 78 7
51 78 43
51 78 7
51 77 33
51 77 7
51 77 7
52 77 23
52 77 7
52 77 7
52 76 15
52 76 7
52 76 7
52 76 7
53 76 15
53 76 7
53 76 7
53 75 15
53 75 7
53 75 7
53 74 15
53 74 7
54 74 15
54 74 7
55 74 15
55 73 15
55 72 15
55 71 15
55 70 15
55 69 15
55 68 15
55 67 15
55 66 15
55 65 15
55 64 15
56 64 15
57 64 15
57 63 15
57 62 15
57 61 15
57 60 33
57 59 51
57 58 68
57 57 82
57 56 94
57 55 102
57 54 107
57 53 109
57 52 106
57 51 100
57 50 91
57 49 78
57 48 63
57 47 46
57 46 27
57 45 15
57 45 7
56 45 15
56 44 15
55 44 15
54 44 15
54 43 15
54 42 15
53 42 15
53 41 15
52 41 15
51 41 15
50 41 15
49 41 15
48 41 15
47 41 15
46 40 15
46 39 15
46 38 15
46 37 15
46 36 15
45 36 15
44 36 15
43 36 15
43 35 15
42 35 15
41 35 15
40 35 15
39 35 15
38 35 15
37 35 15
36 35 15
35 35 15
35 35 7
34 35 15
34 35 7
