163 135 16
163 135 6
163 135 6
163 135 6
163 135 6
163 135 6
163 135 6
163 135 6
163 135 6
163 135 6
163 135 6
163 135 6
98 174 16
188 182 16
11 76 16
100 20 16
61 61 16
194 88 16
194 88 6
194 88 6
163 32 16
188 170 16
199 175 16
199 175 6
0 82 16
11 90 16
98 161 16
98 161 6
85 167 16
85 167 6
85 167 6
85 167 6
85 167 6
85 167 6
85 167 6
85 167 6
85 167 6
85 167 6
85 167 6
85 167 6
85 167 6
162 45 16
162 45 6
162 45 6
162 45 6
162 45 6
162 45 6
162 45 6
162 45 6
162 45 6
162 45 6
162 45 6
162 45 6
162 45 6
162 45 6
162 45 6
162 45 6
162 45 6
162 45 6
162 45 6
162 45 6
162 45 6
162 45 6
162 45 6
162 45 6
162 45 6
162 45 6
162 45 6
162 45 6
162 45 6
162 45 6
162 45 6
162 45 6
162 45 6
162 45 6
162 45 6
162 45 6
175 38 16
175 38 6
175 38 6
175 38 6
175 38 6
175 38 6
182 82 16
182 82 6
182 82 6
182 82 6
182 82 6
182 82 6
182 82 6
182 82 6
182 82 6
182 82 6
182 82 6
182 82 6
182 82 6
182 82 6
182 82 6
182 82 6
182 82 6
182 82 6
182 82 6
182 82 6
182 82 6
182 82 6
182 82 6
182 82 6
182 82 6
182 82 6
182 82 6
182 82 6
182 82 6
182 82 6
182 82 6
182 82 6
182 82 6
182 82 6
182 82 6
182 82 6
182 82 6
182 82 6
182 82 6
182 82 6
182 82 6
182 82 6
182 82 6
182 82 6
182 82 6
182 82 6
182 82 6
182 82 6
182 82 6
182 82 6
182 82 6
182 82 6
182 82 6
182 82 6
182 82 6
182 82 6
182 82 6
182 82 6
182 82 6
182 82 6
182 82 6
49 54 16
48 69 16
175 140 16
175 140 6
175 140 6
175 140 6
175 140 6
175 140 6
175 140 6
175 140 6
163 149 16
163 149 6
163 149 6
163 149 6
163 149 6
163 149 6
163 149 6
163 149 6
163 149 6
163 149 6
163 149 6
163 149 6
163 149 6
163 149 6
163 149 6
163 149 6
163 149 6
163 149 6
163 149 6
163 149 6
163 149 6
163 149 6
163 149 6
163 149 6
163 149 6
163 149 6
163 149 6
163 149 6
163 149 6
163 149 6
163 149 6
163 149 6
163 149 6
163 149 6
163 149 6
163 149 6
163 149 6
163 149 6
163 149 6
163 149 6
163 149 6
163 149 6
163 149 6
195 104 16
195 104 6
195 104 6
195 104 6
195 104 6
195 104 6
195 104 6
195 104 6
195 104 6
195 104 6
195 104 6
195 104 6
195 104 6
195 104 6
195 104 6
195 104 6
195 104 6
195 104 6
195 104 6
195 104 6
195 104 6
195 104 6
195 104 6
195 104 6
195 104 6
195 104 6
195 104 6
195 104 6
195 104 6
113 13 16
113 28 16
113 28 6
113 28 6
113 28 6
113 28 6
113 28 6
113 28 6
113 28 6
113 28 6
113 28 6
113 28 6
113 28 6
113 28 6
113 28 6
113 28 6
113 28 6
113 28 6
113 28 6
113 28 6
113 28 6
113 28 6
113 28 6
36 62 16
23 83 16
36 76 16
183 98 16
183 98 6
183 98 6
183 98 6
183 98 6
183 98 6
183 98 6
183 98 6
183 98 6
183 98 6
183 98 6
183 98 6
183 98 6
183 98 6
183 98 6
183 98 6
183 98 6
183 98 6
183 98 6
183 98 6
183 98 6
183 98 6
183 98 6
183 98 6
183 98 6
183 98 6
183 98 6
183 98 6
183 98 6
183 98 6
183 98 6
183 98 6
183 98 6
183 98 6
183 98 6
183 98 6
183 98 6
183 98 6
176 25 16
176 25 6
176 25 6
173 125 16
173 125 6
173 125 6
173 125 6
173 125 6
173 125 6
173 125 6
173 125 6
173 125 6
173 125 6
173 125 6
173 125 6
173 125 6
173 125 6
173 125 6
173 125 6
173 125 6
173 125 6
173 125 6
173 125 6
173 125 6
173 125 6
173 125 6
173 125 6
173 125 6
173 125 6
173 125 6
173 125 6
173 125 6
173 125 6
173 125 6
100 5 16
199 188 16
199 188 6
199 188 6
199 188 6
199 188 6
199 188 6
199 188 6
199 188 6
199 188 6
199 188 6
199 188 6
199 188 6
199 188 6
199 188 6
199 188 6
199 188 6
199 188 6
199 188 6
199 188 6
199 188 6
199 188 6
199 188 6
199 188 6
199 188 6
199 188 6
199 188 6
199 188 6
199 188 6
199 188 6
199 188 6
199 188 6
199 188 6
199 188 6
199 188 6
199 188 6
199 188 6
199 188 6
199 188 6
199 188 6
199 188 6
199 188 6
199 188 6
199 188 6
199 188 6
199 188 6
199 188 6
199 188 6
199 188 6
176 177 16
111 169 16
176 166 16
112 156 16
112 156 6
112 156 6
112 156 6
112 156 6
112 156 6
112 156 6
112 156 6
112 156 6
112 156 6
112 156 6
112 156 6
112 156 6
112 156 6
112 156 6
113 0 16
164 18 16
164 18 6
176 154 16
184 114 16
184 114 6
184 114 6
184 114 6
184 114 6
184 114 6
184 114 6
184 114 6
184 114 6
184 114 6
184 114 6
184 114 6
184 114 6
184 114 6
176 11 16
176 11 6
176 11 6
176 11 6
176 11 6
176 11 6
176 11 6
176 11 6
176 11 6
176 11 6
176 11 6
176 11 6
176 11 6
176 11 6
176 11 6
176 11 6
176 11 6
176 11 6
176 11 6
176 11 6
176 11 6
176 11 6
176 11 6
176 11 6
176 11 6
176 11 6
176 11 6
176 11 6
176 11 6
100 35 16
100 35 6
100 35 6
100 35 6
100 35 6
100 35 6
100 35 6
85 181 16
73 174 16
73 174 6
73 174 6
73 188 16
113 43 16
113 43 6
113 43 6
113 43 6
113 43 6
113 43 6
113 43 6
113 43 6
113 43 6
113 43 6
113 43 6
113 43 6
113 43 6
113 43 6
113 43 6
113 43 6
113 43 6
113 43 6
113 43 6
113 43 6
113 43 6
113 43 6
113 43 6
113 43 6
113 43 6
113 43 6
113 43 6
113 43 6
113 43 6
113 43 6
113 43 6
113 43 6
113 43 6
113 43 6
113 43 6
113 43 6
113 43 6
113 43 6
113 43 6
113 43 6
113 43 6
113 43 6
113 43 6
113 43 6
113 43 6
113 43 6
113 43 6
113 43 6
113 43 6
113 43 6
113 43 6
113 43 6
113 43 6
113 43 6
113 43 6
113 43 6
113 43 6
113 43 6
113 43 6
113 43 6
113 43 6
113 43 6
113 43 6
113 43 6
113 43 6
113 43 6
113 43 6
113 43 6
113 43 6
113 43 6
113 43 6
113 43 6
113 43 6
113 43 6
113 43 6
87 28 16
87 43 16
87 43 6
87 43 6
87 43 6
87 43 6
87 43 6
87 43 6
74 36 16
74 52 16
164 3 16
164 3 6
164 3 6
164 3 6
164 3 6
164 3 6
164 3 6
164 3 6
164 3 6
164 3 6
164 3 6
164 3 6
164 3 6
164 3 6
164 3 6
164 3 6
164 3 6
164 3 6
164 3 6
164 3 6
164 3 6
164 3 6
164 3 6
164 3 6
164 3 6
164 3 6
164 3 6
164 3 6
164 3 6
164 3 6
164 3 6
164 3 6
164 3 6
164 3 6
164 3 6
164 3 6
164 3 6
164 3 6
164 3 6
164 3 6
164 3 6
164 3 6
164 3 6
164 3 6
164 3 6
164 3 6
164 3 6
164 3 6
164 3 6
164 3 6
164 3 6
164 3 6
164 3 6
164 3 6
164 3 6
164 3 6
164 3 6
164 3 6
164 3 6
164 3 6
164 3 6
164 3 6
164 3 6
164 3 6
164 3 6
164 3 6
164 3 6
164 3 6
164 3 6
164 3 6
164 3 6
164 3 6
164 3 6
164 3 6
173 51 16
173 51 6
173 51 6
173 51 6
173 51 6
173 51 6
173 51 6
173 51 6
173 51 6
173 51 6
173 51 6
173 51 6
173 51 6
173 51 6
173 51 6
173 51 6
173 51 6
173 51 6
173 51 6
173 51 6
173 51 6
173 51 6
173 51 6
173 51 6
173 51 6
173 51 6
173 51 6
173 51 6
173 51 6
173 51 6
173 51 6
173 51 6
173 51 6
173 51 6
173 51 6
173 51 6
173 51 6
173 51 6
173 51 6
173 51 6
173 51 6
173 51 6
173 51 6
173 51 6
61 182 16
61 182 6
61 182 6
151 25 16
151 25 6
151 25 6
151 25 6
151 25 6
151 25 6
151 25 6
151 25 6
151 25 6
151 25 6
151 25 6
151 25 6
151 25 6
151 25 6
151 25 6
151 25 6
151 25 6
151 25 6
151 25 6
151 25 6
188 17 16
188 17 6
188 17 6
188 17 6
188 17 6
188 17 6
188 17 6
188 17 6
188 17 6
188 17 6
188 17 6
188 17 6
188 17 6
188 17 6
187 31 16
187 31 6
187 31 6
187 31 6
187 31 6
187 31 6
187 31 6
187 31 6
187 31 6
187 31 6
187 31 6
187 31 6
187 31 6
187 31 6
187 31 6
187 31 6
187 31 6
187 31 6
187 31 6
61 196 16
61 196 6
61 196 6
61 196 6
61 196 6
61 196 6
61 196 6
61 196 6
61 196 6
61 196 6
61 196 6
61 196 6
61 196 6
61 196 6
61 196 6
61 196 6
61 196 6
61 196 6
61 196 6
61 196 6
61 196 6
61 196 6
61 196 6
61 196 6
61 196 6
61 196 6
61 196 6
61 196 6
61 196 6
61 196 6
61 196 6
61 196 6
61 196 6
61 196 6
61 196 6
61 196 6
186 43 16
186 43 6
186 43 6
186 43 6
186 43 6
186 43 6
186 43 6
186 43 6
186 43 6
186 43 6
186 43 6
186 43 6
186 43 6
186 43 6
186 43 6
186 43 6
186 43 6
186 43 6
186 43 6
186 43 6
186 43 6
186 43 6
186 43 6
186 43 6
186 43 6
186 43 6
186 43 6
186 43 6
186 43 6
186 43 6
186 43 6
186 43 6
186 43 6
186 43 6
186 43 6
186 43 6
186 43 6
186 43 6
186 43 6
186 43 6
186 43 6
186 43 6
186 43 6
186 43 6
199 23 16
199 23 6
199 23 6
199 23 6
199 23 6
199 23 6
199 23 6
199 23 6
199 23 6
199 23 6
199 23 6
199 23 6
199 23 6
125 164 16
125 164 6
125 164 6
125 164 6
125 164 6
125 164 6
125 164 6
125 164 6
125 164 6
125 164 6
125 164 6
125 164 6
125 152 16
125 152 6
125 152 6
125 152 6
125 152 6
125 152 6
125 152 6
125 152 6
125 152 6
125 152 6
125 152 6
125 152 6
125 152 6
125 152 6
125 152 6
125 152 6
125 152 6
125 152 6
125 152 6
125 152 6
125 152 6
125 152 6
125 152 6
125 152 6
125 152 6
125 152 6
125 152 6
125 152 6
125 152 6
125 152 6
125 152 6
125 152 6
125 152 6
125 152 6
125 152 6
125 152 6
125 152 6
125 152 6
125 152 6
125 152 6
125 152 6
125 152 6
125 152 6
125 152 6
125 152 6
125 152 6
125 152 6
125 152 6
125 152 6
125 152 6
125 152 6
125 152 6
125 152 6
125 152 6
125 152 6
125 152 6
124 176 16
138 172 16
138 172 6
138 172 6
138 172 6
138 172 6
138 172 6
138 172 6
138 172 6
138 172 6
138 172 6
138 172 6
138 172 6
138 172 6
138 172 6
138 172 6
138 172 6
138 172 6
138 172 6
138 172 6
138 172 6
138 172 6
138 172 6
138 172 6
138 172 6
138 172 6
138 172 6
138 172 6
138 172 6
138 172 6
138 172 6
138 172 6
138 172 6
138 172 6
138 172 6
138 172 6
138 172 6
138 172 6
138 172 6
138 172 6
138 172 6
138 172 6
138 172 6
199 9 16
199 9 6
199 9 6
199 9 6
199 9 6
199 9 6
199 9 6
199 9 6
199 9 6
199 9 6
199 9 6
199 9 6
199 9 6
199 9 6
199 9 6
199 9 6
199 9 6
199 9 6
199 9 6
199 9 6
199 9 6
199 9 6
199 9 6
199 9 6
199 9 6
199 9 6
199 9 6
199 9 6
199 9 6
199 9 6
199 9 6
199 9 6
199 9 6
199 9 6
199 9 6
199 9 6
199 9 6
199 9 6
199 9 6
199 9 6
199 9 6
199 9 6
199 9 6
199 9 6
199 9 6
199 9 6
199 9 6
139 16 16
139 16 6
139 16 6
139 16 6
139 16 6
139 16 6
139 16 6
139 16 6
139 16 6
139 16 6
139 16 6
139 16 6
139 16 6
139 16 6
139 16 6
139 16 6
139 16 6
139 16 6
139 16 6
139 16 6
139 16 6
139 16 6
139 16 6
139 16 6
126 7 16
126 7 6
126 7 6
126 7 6
111 182 16
98 188 16
163 172 16
163 172 6
163 172 6
111 195 16
163 184 16
163 184 6
163 184 6
163 184 6
163 184 6
163 184 6
163 184 6
124 189 16
124 189 6
150 178 16
150 178 6
150 178 6
150 178 6
61 45 16
126 22 16
126 22 6
126 22 6
126 22 6
126 22 6
126 22 6
126 22 6
126 22 6
126 22 6
126 22 6
126 22 6
126 22 6
126 22 6
126 22 6
126 22 6
126 22 6
126 22 6
126 22 6
126 22 6
126 22 6
126 22 6
126 22 6
126 22 6
126 22 6
23 69 16
137 183 16
137 183 6
137 183 6
137 183 6
137 183 6
137 183 6
137 183 6
137 183 6
137 183 6
137 183 6
137 183 6
150 190 16
150 190 6
150 190 6
150 190 6
150 190 6
150 190 6
150 190 6
150 190 6
150 190 6
150 190 6
150 190 6
150 190 6
150 190 6
150 190 6
150 190 6
150 190 6
150 190 6
150 190 6
150 190 6
150 190 6
150 190 6
150 190 6
150 190 6
150 190 6
150 190 6
150 190 6
150 190 6
150 190 6
150 190 6
0 96 16
175 189 16
175 189 6
175 189 6
175 189 6
175 189 6
175 189 6
175 189 6
175 189 6
175 189 6
175 189 6
175 189 6
175 189 6
175 189 6
175 189 6
175 189 6
175 189 6
175 189 6
175 189 6
175 189 6
175 189 6
175 189 6
175 189 6
175 189 6
175 189 6
175 189 6
175 189 6
175 189 6
175 189 6
175 189 6
175 189 6
175 189 6
175 189 6
175 189 6
175 189 6
175 189 6
175 189 6
175 189 6
175 189 6
175 189 6
175 189 6
175 189 6
175 189 6
175 189 6
86 195 16
138 1 16
138 1 6
138 1 6
138 1 6
138 1 6
138 1 6
61 167 16
61 167 6
73 160 16
73 160 6
73 160 6
73 160 6
73 160 6
73 160 6
73 160 6
73 160 6
73 160 6
73 160 6
73 160 6
73 160 6
73 160 6
73 160 6
73 160 6
73 160 6
73 160 6
73 160 6
73 160 6
73 160 6
73 160 6
73 160 6
151 10 16
151 10 6
151 10 6
151 10 6
151 10 6
151 10 6
151 10 6
151 10 6
151 10 6
151 10 6
151 10 6
151 10 6
151 10 6
151 10 6
151 10 6
151 10 6
151 10 6
151 10 6
151 10 6
151 10 6
151 10 6
151 10 6
151 10 6
151 10 6
151 10 6
151 10 6
151 10 6
151 10 6
151 10 6
151 10 6
151 10 6
151 10 6
87 13 16
74 21 16
49 175 16
49 175 6
49 190 16
49 190 6
49 190 6
49 190 6
49 190 6
49 190 6
49 190 6
49 190 6
49 190 6
49 190 6
49 190 6
49 190 6
49 190 6
49 190 6
49 190 6
49 190 6
49 190 6
49 190 6
49 190 6
49 190 6
49 190 6
49 190 6
49 190 6
49 190 6
49 190 6
49 190 6
75 6 16
75 6 6
75 6 6
75 6 6
75 6 6
75 6 6
75 6 6
87 0 16
87 0 6
87 0 6
87 0 6
87 0 6
49 161 16
49 161 6
49 161 6
61 154 16
61 154 6
61 154 6
61 154 6
61 154 6
61 154 6
61 154 6
61 154 6
61 154 6
61 154 6
61 154 6
61 154 6
61 154 6
61 154 6
61 154 6
61 154 6
61 154 6
61 154 6
61 154 6
61 154 6
61 154 6
61 154 6
61 154 6
61 154 6
61 154 6
61 154 6
61 154 6
61 154 6
61 154 6
61 154 6
61 154 6
61 154 6
61 154 6
61 154 6
61 154 6
61 154 6
61 154 6
61 154 6
37 169 16
37 169 6
37 169 6
37 169 6
37 169 6
37 169 6
37 169 6
37 169 6
37 169 6
37 169 6
37 169 6
37 169 6
37 155 16
37 155 6
37 155 6
37 155 6
37 155 6
37 155 6
37 155 6
37 155 6
37 155 6
37 155 6
37 155 6
37 155 6
37 155 6
37 155 6
37 155 6
37 155 6
37 155 6
37 155 6
37 155 6
37 155 6
37 155 6
37 155 6
37 155 6
37 155 6
37 155 6
37 155 6
37 155 6
37 155 6
37 155 6
37 155 6
37 155 6
37 155 6
37 155 6
37 155 6
37 155 6
37 155 6
62 29 16
62 14 16
62 14 6
62 14 6
62 14 6
62 14 6
62 14 6
62 14 6
62 14 6
62 14 6
62 14 6
62 14 6
62 14 6
62 14 6
62 14 6
62 14 6
62 14 6
62 14 6
62 14 6
62 14 6
62 14 6
62 14 6
62 14 6
62 14 6
62 14 6
62 14 6
62 14 6
62 14 6
62 14 6
62 14 6
62 14 6
62 14 6
62 14 6
62 14 6
62 14 6
62 14 6
62 14 6
62 14 6
62 14 6
62 14 6
62 14 6
62 14 6
62 14 6
49 38 16
49 38 6
49 38 6
49 38 6
49 38 6
49 38 6
49 38 6
86 154 16
86 154 6
86 154 6
86 154 6
86 154 6
86 154 6
86 154 6
86 154 6
86 154 6
86 154 6
86 154 6
86 154 6
86 154 6
86 154 6
86 154 6
86 154 6
86 154 6
86 154 6
86 154 6
86 154 6
86 154 6
86 154 6
86 154 6
86 154 6
86 154 6
86 154 6
86 154 6
86 154 6
86 154 6
86 154 6
86 154 6
86 154 6
86 154 6
86 154 6
86 154 6
86 154 6
86 154 6
86 154 6
86 154 6
86 154 6
86 154 6
86 154 6
86 154 6
86 154 6
86 154 6
86 154 6
86 154 6
86 154 6
86 154 6
86 154 6
86 154 6
86 154 6
86 154 6
186 131 16
186 131 6
186 131 6
186 131 6
186 131 6
186 131 6
186 131 6
186 131 6
186 131 6
186 131 6
186 131 6
186 131 6
186 131 6
186 131 6
186 131 6
186 131 6
186 131 6
186 131 6
186 131 6
186 131 6
186 131 6
186 131 6
186 131 6
186 131 6
186 131 6
186 131 6
187 145 16
74 67 16
87 59 16
87 59 6
87 59 6
87 59 6
87 59 6
87 59 6
87 59 6
87 59 6
87 59 6
87 59 6
87 59 6
87 59 6
87 59 6
188 158 16
199 162 16
199 150 16
199 150 6
199 150 6
199 150 6
199 150 6
199 150 6
61 75 16
36 47 16
36 47 6
36 47 6
36 47 6
36 47 6
36 47 6
48 83 16
48 83 6
24 54 16
24 54 6
24 54 6
24 54 6
24 54 6
24 54 6
24 54 6
24 54 6
24 54 6
24 54 6
198 136 16
198 136 6
198 136 6
198 136 6
198 136 6
198 136 6
198 136 6
198 136 6
198 136 6
198 136 6
198 136 6
198 136 6
198 136 6
198 136 6
198 136 6
198 136 6
198 136 6
198 136 6
198 136 6
198 136 6
198 136 6
198 136 6
198 136 6
198 136 6
198 136 6
198 136 6
198 136 6
198 136 6
198 136 6
198 136 6
198 136 6
198 136 6
198 136 6
198 136 6
198 136 6
198 136 6
198 136 6
198 136 6
198 136 6
198 136 6
198 136 6
198 136 6
198 136 6
36 90 16
36 90 6
36 90 6
36 90 6
36 90 6
36 90 6
36 90 6
197 120 16
197 120 6
197 120 6
197 120 6
197 120 6
197 120 6
197 120 6
197 120 6
197 120 6
197 120 6
197 120 6
197 120 6
197 120 6
197 120 6
197 120 6
197 120 6
197 120 6
197 120 6
197 120 6
197 120 6
197 120 6
197 120 6
197 120 6
197 120 6
197 120 6
197 120 6
197 120 6
197 120 6
197 120 6
197 120 6
197 120 6
197 120 6
197 120 6
197 120 6
197 120 6
197 120 6
197 120 6
197 120 6
197 120 6
197 120 6
197 120 6
197 120 6
197 120 6
197 120 6
197 120 6
197 120 6
197 120 6
197 120 6
197 120 6
197 120 6
197 120 6
197 120 6
197 120 6
197 120 6
197 120 6
197 120 6
197 120 6
197 120 6
197 120 6
197 120 6
197 120 6
197 120 6
197 120 6
37 183 16
37 183 6
37 183 6
37 183 6
37 183 6
37 183 6
37 183 6
37 183 6
37 183 6
37 183 6
37 183 6
37 183 6
37 183 6
37 183 6
37 183 6
37 183 6
37 183 6
37 183 6
37 183 6
37 183 6
37 183 6
37 183 6
37 183 6
37 183 6
37 183 6
37 183 6
11 61 16
0 68 16
24 97 16
11 103 16
172 109 16
172 109 6
172 109 6
172 109 6
172 109 6
172 109 6
172 109 6
172 109 6
172 109 6
161 119 16
161 119 6
161 119 6
161 119 6
161 119 6
161 119 6
161 119 6
161 119 6
161 119 6
161 119 6
161 119 6
161 119 6
161 119 6
161 119 6
161 119 6
161 119 6
161 119 6
161 119 6
161 119 6
161 119 6
161 119 6
161 119 6
161 119 6
161 119 6
161 119 6
161 119 6
161 119 6
161 119 6
161 119 6
161 119 6
161 119 6
161 119 6
161 119 6
161 119 6
161 119 6
161 119 6
161 119 6
161 119 6
161 119 6
150 128 16
150 128 6
150 128 6
150 128 6
150 128 6
150 128 6
150 128 6
150 128 6
150 128 6
150 128 6
150 128 6
150 128 6
150 128 6
150 128 6
150 128 6
150 128 6
150 128 6
150 128 6
150 128 6
150 128 6
150 128 6
150 128 6
150 128 6
150 128 6
150 128 6
150 128 6
150 128 6
150 128 6
150 128 6
150 128 6
150 128 6
150 128 6
150 128 6
150 128 6
150 128 6
150 128 6
150 128 6
151 142 16
151 142 6
151 142 6
151 142 6
151 142 6
151 142 6
151 142 6
151 142 6
151 142 6
151 142 6
151 142 6
151 142 6
151 142 6
151 142 6
151 142 6
151 142 6
151 142 6
151 142 6
151 142 6
151 142 6
151 142 6
151 142 6
151 142 6
151 142 6
151 142 6
151 142 6
151 142 6
151 142 6
151 142 6
151 142 6
151 142 6
151 142 6
151 142 6
151 142 6
151 142 6
151 142 6
151 142 6
151 142 6
151 142 6
151 142 6
151 142 6
151 142 6
151 142 6
151 142 6
151 142 6
151 142 6
151 142 6
151 142 6
151 142 6
151 142 6
151 142 6
151 142 6
151 142 6
151 142 6
151 142 6
151 142 6
151 142 6
151 142 6
151 142 6
151 142 6
151 142 6
151 142 6
151 142 6
151 142 6
151 142 6
151 142 6
164 161 16
0 110 16
12 116 16
12 116 6
24 110 16
24 110 6
24 110 6
24 110 6
24 110 6
24 110 6
24 110 6
24 110 6
24 110 6
24 110 6
24 110 6
151 167 16
151 167 6
151 167 6
151 167 6
151 167 6
151 167 6
151 167 6
151 167 6
151 167 6
151 167 6
151 167 6
151 167 6
194 73 16
194 73 6
194 73 6
194 73 6
194 73 6
194 73 6
194 73 6
194 73 6
194 73 6
194 73 6
194 73 6
194 73 6
194 73 6
194 73 6
194 73 6
194 73 6
194 73 6
194 73 6
194 73 6
194 73 6
194 73 6
194 73 6
194 73 6
194 73 6
194 73 6
194 73 6
194 73 6
194 73 6
194 73 6
194 73 6
194 73 6
194 73 6
194 73 6
194 73 6
194 73 6
194 73 6
194 73 6
194 73 6
194 73 6
194 73 6
194 73 6
36 104 16
36 104 6
36 104 6
36 104 6
36 104 6
36 104 6
36 104 6
36 104 6
36 104 6
36 104 6
36 104 6
36 104 6
36 104 6
36 104 6
36 104 6
36 104 6
36 104 6
36 104 6
36 104 6
36 104 6
36 104 6
36 104 6
36 104 6
36 104 6
36 104 6
36 104 6
36 104 6
36 104 6
36 104 6
36 104 6
36 104 6
36 104 6
36 104 6
36 104 6
36 104 6
36 104 6
36 104 6
36 104 6
36 104 6
36 104 6
36 104 6
36 104 6
36 104 6
36 104 6
36 104 6
36 104 6
36 104 6
36 104 6
36 104 6
36 104 6
36 104 6
36 104 6
36 104 6
24 123 16
24 123 6
24 123 6
24 123 6
24 123 6
24 123 6
24 123 6
24 123 6
24 123 6
24 123 6
24 123 6
24 123 6
24 123 6
24 123 6
24 123 6
24 123 6
24 123 6
24 123 6
24 123 6
24 123 6
24 123 6
24 123 6
24 123 6
24 123 6
24 123 6
24 123 6
24 123 6
24 123 6
24 123 6
24 123 6
24 123 6
24 123 6
24 123 6
24 123 6
24 123 6
24 123 6
24 123 6
24 123 6
24 123 6
24 123 6
24 123 6
24 123 6
24 123 6
24 123 6
24 123 6
24 123 6
24 123 6
24 123 6
24 123 6
24 123 6
24 123 6
24 123 6
24 123 6
24 123 6
24 123 6
24 123 6
24 123 6
24 123 6
24 123 6
24 123 6
24 123 6
24 123 6
24 123 6
24 123 6
24 123 6
0 123 16
160 102 16
160 102 6
160 102 6
160 102 6
160 102 6
160 102 6
160 102 6
160 102 6
160 102 6
160 102 6
160 102 6
160 102 6
160 102 6
160 102 6
160 102 6
160 102 6
160 102 6
160 102 6
160 102 6
160 102 6
160 102 6
160 102 6
160 102 6
160 102 6
160 102 6
160 102 6
160 102 6
160 102 6
160 102 6
160 102 6
160 102 6
160 102 6
160 102 6
160 102 6
160 102 6
160 102 6
160 102 6
160 102 6
160 102 6
160 102 6
160 102 6
160 102 6
160 102 6
160 102 6
160 102 6
160 102 6
160 102 6
160 102 6
160 102 6
160 102 6
160 102 6
160 102 6
160 102 6
160 102 6
160 102 6
160 102 6
160 102 6
160 102 6
160 102 6
160 102 6
160 102 6
160 102 6
160 102 6
160 102 6
160 102 6
160 102 6
160 102 6
0 53 16
11 46 16
11 46 6
11 46 6
11 46 6
11 46 6
11 46 6
11 46 6
11 46 6
11 46 6
11 46 6
11 46 6
11 46 6
11 46 6
11 46 6
11 46 6
11 46 6
149 112 16
137 120 16
137 120 6
137 120 6
137 120 6
137 120 6
137 120 6
137 120 6
137 120 6
137 104 16
137 104 6
137 104 6
125 111 16
125 111 6
125 111 6
125 111 6
125 111 6
125 111 6
125 111 6
125 111 6
125 111 6
125 111 6
125 111 6
125 111 6
125 111 6
125 111 6
125 111 6
125 111 6
24 39 16
24 39 6
24 39 6
24 39 6
24 39 6
24 39 6
24 39 6
24 39 6
24 39 6
24 39 6
24 39 6
24 39 6
24 39 6
24 39 6
24 39 6
24 39 6
24 39 6
24 39 6
24 39 6
24 39 6
24 39 6
24 39 6
24 39 6
24 39 6
24 39 6
24 39 6
24 39 6
24 39 6
24 39 6
24 39 6
24 39 6
24 39 6
24 39 6
24 39 6
24 39 6
24 39 6
24 39 6
24 39 6
24 39 6
24 39 6
24 39 6
24 39 6
24 39 6
24 39 6
24 39 6
24 39 6
24 39 6
24 39 6
24 39 6
24 39 6
24 39 6
24 39 6
24 39 6
24 39 6
24 39 6
24 39 6
24 39 6
0 38 16
0 38 6
0 38 6
0 38 6
0 38 6
0 38 6
0 38 6
124 96 16
124 96 6
124 96 6
124 96 6
124 96 6
124 96 6
124 96 6
124 96 6
112 103 16
112 103 6
112 103 6
112 103 6
112 103 6
112 103 6
112 103 6
112 103 6
112 103 6
112 103 6
112 103 6
112 103 6
112 103 6
112 103 6
112 103 6
112 103 6
112 103 6
112 103 6
112 103 6
112 103 6
112 103 6
112 103 6
112 103 6
112 103 6
112 103 6
112 103 6
112 103 6
112 103 6
112 103 6
112 103 6
112 103 6
112 103 6
112 103 6
112 103 6
112 103 6
112 103 6
112 103 6
112 103 6
112 103 6
112 103 6
112 103 6
112 103 6
112 103 6
112 103 6
112 103 6
112 103 6
112 103 6
112 103 6
112 103 6
112 103 6
112 103 6
112 103 6
112 103 6
112 103 6
112 103 6
112 103 6
112 103 6
112 103 6
112 103 6
112 103 6
112 103 6
112 103 6
112 103 6
112 103 6
112 103 6
112 103 6
112 103 6
112 103 6
112 103 6
112 103 6
112 103 6
112 103 6
112 103 6
112 103 6
112 103 6
112 103 6
112 103 6
112 103 6
112 103 6
112 103 6
12 31 16
12 31 6
12 31 6
12 31 6
12 31 6
12 31 6
12 31 6
12 31 6
12 31 6
12 31 6
12 31 6
12 31 6
12 31 6
12 31 6
12 31 6
12 31 6
12 31 6
12 31 6
12 31 6
12 31 6
12 31 6
12 31 6
12 31 6
12 31 6
12 31 6
12 31 6
12 31 6
12 31 6
12 31 6
12 31 6
12 31 6
12 31 6
12 31 6
12 31 6
12 31 6
12 31 6
12 31 6
12 31 6
12 31 6
12 31 6
12 31 6
12 31 6
12 31 6
12 31 6
12 31 6
12 31 6
12 31 6
12 31 6
12 31 6
12 31 6
12 31 6
12 31 6
12 31 6
12 31 6
12 31 6
12 31 6
12 31 6
12 31 6
12 31 6
12 31 6
12 31 6
12 31 6
12 31 6
12 31 6
12 31 6
12 31 6
12 31 6
12 31 6
12 31 6
137 88 16
137 88 6
137 88 6
137 88 6
137 88 6
137 88 6
137 88 6
137 88 6
137 88 6
137 88 6
137 88 6
137 88 6
137 88 6
137 88 6
137 88 6
137 88 6
137 88 6
137 88 6
137 88 6
137 88 6
137 88 6
137 88 6
137 88 6
137 88 6
137 88 6
137 88 6
137 88 6
137 88 6
137 88 6
137 88 6
137 88 6
137 88 6
137 88 6
137 88 6
137 88 6
137 88 6
137 88 6
137 88 6
137 88 6
137 88 6
137 88 6
137 88 6
137 88 6
137 88 6
137 88 6
137 88 6
137 88 6
137 88 6
137 88 6
137 88 6
137 88 6
137 88 6
137 88 6
137 88 6
137 88 6
137 88 6
137 88 6
137 88 6
137 88 6
137 88 6
137 88 6
124 81 16
124 81 6
124 81 6
124 81 6
124 81 6
124 81 6
124 81 6
124 81 6
124 81 6
124 81 6
124 81 6
124 81 6
124 81 6
124 81 6
124 81 6
124 81 6
124 81 6
124 81 6
124 81 6
124 81 6
124 81 6
124 81 6
124 81 6
124 81 6
124 81 6
124 81 6
124 81 6
124 81 6
124 81 6
124 81 6
124 81 6
124 81 6
124 81 6
124 81 6
124 81 6
124 81 6
124 81 6
124 81 6
124 81 6
124 81 6
124 81 6
124 81 6
124 81 6
124 81 6
124 81 6
124 81 6
124 81 6
124 81 6
124 81 6
124 81 6
124 81 6
124 81 6
124 81 6
124 81 6
124 81 6
124 81 6
124 81 6
124 81 6
124 81 6
124 81 6
124 81 6
124 81 6
124 81 6
124 81 6
124 81 6
124 81 6
124 81 6
124 81 6
124 81 6
124 81 6
61 89 16
61 89 6
61 89 6
74 82 16
74 82 6
87 74 16
87 74 6
87 74 6
74 96 16
74 96 6
74 96 6
74 96 6
74 96 6
74 96 6
74 96 6
74 96 6
74 96 6
74 96 6
87 88 16
87 88 6
99 81 16
99 81 6
99 81 6
99 81 6
99 81 6
112 88 16
112 88 6
112 88 6
112 88 6
112 88 6
112 88 6
112 88 6
112 88 6
112 88 6
112 88 6
112 88 6
112 88 6
112 88 6
112 88 6
112 88 6
112 88 6
112 88 6
112 88 6
112 88 6
112 88 6
112 88 6
112 88 6
112 88 6
112 88 6
112 88 6
112 88 6
112 88 6
112 88 6
112 88 6
112 88 6
112 88 6
112 88 6
112 88 6
112 88 6
112 88 6
112 88 6
112 88 6
112 88 6
112 88 6
112 88 6
112 88 6
112 88 6
112 88 6
112 88 6
112 88 6
112 88 6
112 88 6
112 88 6
112 88 6
112 88 6
112 73 16
112 73 6
112 73 6
112 73 6
112 73 6
112 73 6
112 73 6
112 73 6
112 73 6
112 73 6
112 73 6
112 73 6
112 73 6
112 73 6
112 73 6
112 73 6
112 73 6
112 73 6
112 73 6
112 73 6
112 73 6
112 73 6
112 73 6
112 73 6
112 73 6
112 73 6
112 73 6
112 73 6
112 73 6
112 73 6
112 73 6
112 73 6
112 73 6
112 73 6
112 73 6
112 73 6
112 73 6
112 73 6
112 73 6
112 73 6
112 73 6
112 73 6
112 73 6
112 73 6
112 73 6
112 73 6
112 73 6
112 73 6
112 73 6
112 73 6
112 73 6
112 73 6
112 73 6
112 73 6
112 73 6
112 73 6
112 73 6
112 73 6
112 73 6
112 73 6
112 73 6
112 73 6
112 73 6
112 73 6
112 73 6
112 73 6
112 73 6
112 73 6
112 73 6
112 73 6
112 73 6
112 73 6
112 73 6
112 73 6
112 73 6
112 73 6
112 73 6
112 73 6
112 73 6
112 73 6
112 73 6
112 73 6
112 73 6
112 73 6
112 73 6
112 73 6
112 73 6
112 73 6
112 73 6
112 73 6
112 73 6
112 73 6
112 73 6
37 198 16
37 198 6
37 198 6
37 198 6
37 198 6
37 198 6
37 198 6
37 198 6
37 198 6
37 198 6
37 198 6
37 198 6
37 198 6
37 198 6
37 198 6
37 198 6
37 198 6
37 198 6
37 198 6
37 198 6
37 198 6
37 198 6
37 198 6
37 198 6
37 198 6
37 198 6
37 198 6
37 198 6
37 198 6
37 198 6
37 198 6
37 198 6
37 198 6
37 198 6
37 198 6
37 198 6
37 198 6
37 198 6
37 198 6
37 198 6
37 198 6
37 198 6
37 198 6
37 198 6
37 198 6
37 198 6
37 198 6
37 198 6
37 198 6
37 198 6
37 198 6
37 198 6
37 198 6
37 198 6
37 198 6
37 198 6
37 198 6
37 198 6
37 198 6
37 198 6
37 198 6
37 198 6
37 198 6
37 198 6
37 198 6
37 198 6
37 198 6
37 198 6
37 198 6
37 198 6
37 198 6
37 198 6
37 198 6
37 198 6
37 198 6
37 198 6
37 198 6
37 198 6
37 198 6
37 198 6
37 198 6
37 198 6
37 198 6
37 198 6
37 198 6
37 198 6
37 198 6
37 198 6
37 198 6
37 198 6
37 198 6
37 198 6
37 198 6
37 198 6
37 198 6
37 198 6
37 198 6
37 198 6
37 198 6
37 198 6
37 198 6
37 198 6
37 198 6
37 198 6
37 198 6
37 198 6
37 198 6
37 198 6
37 198 6
24 177 16
24 177 6
24 177 6
24 177 6
24 177 6
24 177 6
24 177 6
24 177 6
24 177 6
24 177 6
24 177 6
24 177 6
24 177 6
24 177 6
24 177 6
24 177 6
24 177 6
24 177 6
24 177 6
24 177 6
24 177 6
24 177 6
24 177 6
24 177 6
24 177 6
24 177 6
24 177 6
24 177 6
24 177 6
24 177 6
24 177 6
24 177 6
24 177 6
24 177 6
24 177 6
24 177 6
24 177 6
24 177 6
24 177 6
24 177 6
24 177 6
24 177 6
24 177 6
24 177 6
24 177 6
24 177 6
24 177 6
24 163 16
24 163 6
24 163 6
24 163 6
24 163 6
24 163 6
24 163 6
24 163 6
24 163 6
24 163 6
24 163 6
24 163 6
24 163 6
24 163 6
24 163 6
24 163 6
24 163 6
24 163 6
24 163 6
24 163 6
24 163 6
24 163 6
24 163 6
24 163 6
24 163 6
24 163 6
24 163 6
24 163 6
24 163 6
24 163 6
24 163 6
24 163 6
24 163 6
24 163 6
24 163 6
24 163 6
24 163 6
24 163 6
24 163 6
24 163 6
24 163 6
24 163 6
24 163 6
24 163 6
24 163 6
24 163 6
24 163 6
24 163 6
24 163 6
24 163 6
24 163 6
24 163 6
24 163 6
24 163 6
24 163 6
24 163 6
24 163 6
24 163 6
24 163 6
24 163 6
24 163 6
24 163 6
24 163 6
24 163 6
24 163 6
24 163 6
24 163 6
24 163 6
24 163 6
24 163 6
24 163 6
24 163 6
24 163 6
24 163 6
24 163 6
24 163 6
24 163 6
24 163 6
24 163 6
24 163 6
49 148 16
49 148 6
49 148 6
49 148 6
49 148 6
49 148 6
49 148 6
49 148 6
49 148 6
49 148 6
49 148 6
49 148 6
49 148 6
49 148 6
49 148 6
49 148 6
49 148 6
49 148 6
49 148 6
49 148 6
49 148 6
49 148 6
49 148 6
49 148 6
49 148 6
37 142 16
37 142 6
37 142 6
37 142 6
37 142 6
37 142 6
37 142 6
37 142 6
37 142 6
37 142 6
37 142 6
37 142 6
37 142 6
37 142 6
37 142 6
37 142 6
37 142 6
37 142 6
37 142 6
37 142 6
37 142 6
37 142 6
37 142 6
37 142 6
37 142 6
37 142 6
37 142 6
37 142 6
37 142 6
37 142 6
37 142 6
37 142 6
37 142 6
37 142 6
37 142 6
37 142 6
37 142 6
37 142 6
37 142 6
37 142 6
37 142 6
37 142 6
37 142 6
37 142 6
37 142 6
37 142 6
37 142 6
37 142 6
37 142 6
37 142 6
37 142 6
37 142 6
37 142 6
37 142 6
37 142 6
37 142 6
37 142 6
37 142 6
37 142 6
37 142 6
37 142 6
37 142 6
37 142 6
37 142 6
37 142 6
37 142 6
37 142 6
37 142 6
37 142 6
37 142 6
37 142 6
37 142 6
37 142 6
37 142 6
37 142 6
37 142 6
37 142 6
37 142 6
37 142 6
37 142 6
37 142 6
125 126 16
125 126 6
125 126 6
125 126 6
125 126 6
125 126 6
125 126 6
125 126 6
125 126 6
125 126 6
125 126 6
125 126 6
125 126 6
125 126 6
125 126 6
125 126 6
125 126 6
125 126 6
125 126 6
125 126 6
125 126 6
125 126 6
125 126 6
125 126 6
125 126 6
125 126 6
125 126 6
125 126 6
125 126 6
125 126 6
125 126 6
125 126 6
125 126 6
125 126 6
125 126 6
125 126 6
125 126 6
125 126 6
125 126 6
125 126 6
125 126 6
125 126 6
125 126 6
125 126 6
125 126 6
125 126 6
125 126 6
125 126 6
125 126 6
125 126 6
125 126 6
125 126 6
125 126 6
125 126 6
125 126 6
125 126 6
125 126 6
125 126 6
125 126 6
125 126 6
125 126 6
125 126 6
125 126 6
125 126 6
125 126 6
125 126 6
125 126 6
125 126 6
125 126 6
188 3 16
188 3 6
188 3 6
188 3 6
188 3 6
188 3 6
188 3 6
188 3 6
188 3 6
188 3 6
188 3 6
188 3 6
188 3 6
188 3 6
188 3 6
188 3 6
188 3 6
188 3 6
188 3 6
188 3 6
188 3 6
188 3 6
188 3 6
188 3 6
188 3 6
188 3 6
188 3 6
188 3 6
188 3 6
188 3 6
188 3 6
188 3 6
188 3 6
188 3 6
188 3 6
188 3 6
188 3 6
99 148 16
99 148 6
99 148 6
99 148 6
99 148 6
99 148 6
99 148 6
99 148 6
99 148 6
99 148 6
99 148 6
99 148 6
99 148 6
99 148 6
99 148 6
99 148 6
99 148 6
99 148 6
99 148 6
99 148 6
99 148 6
99 148 6
99 148 6
99 148 6
99 148 6
99 148 6
99 148 6
99 148 6
99 148 6
99 148 6
99 148 6
99 148 6
99 148 6
99 148 6
99 148 6
99 148 6
99 148 6
99 148 6
99 148 6
99 148 6
99 148 6
99 148 6
99 148 6
99 148 6
99 148 6
99 148 6
99 148 6
99 148 6
99 148 6
99 148 6
99 148 6
99 148 6
99 148 6
99 148 6
99 148 6
99 148 6
99 148 6
99 148 6
99 148 6
99 148 6
99 148 6
99 148 6
99 148 6
99 148 6
99 148 6
99 148 6
99 148 6
99 148 6
99 148 6
99 148 6
99 148 6
99 148 6
198 36 16
198 36 6
198 36 6
198 36 6
198 36 6
198 36 6
198 36 6
198 36 6
198 36 6
198 36 6
198 36 6
198 36 6
198 36 6
198 36 6
198 36 6
198 36 6
198 36 6
198 36 6
198 36 6
198 36 6
198 36 6
198 36 6
198 36 6
198 36 6
198 36 6
198 36 6
198 36 6
198 36 6
198 36 6
198 36 6
198 36 6
198 36 6
198 36 6
198 36 6
198 36 6
198 36 6
198 36 6
198 36 6
198 36 6
198 36 6
198 36 6
198 36 6
198 36 6
198 36 6
198 36 6
198 36 6
198 36 6
198 36 6
198 36 6
198 36 6
151 155 16
151 155 6
151 155 6
151 155 6
151 155 6
151 155 6
151 155 6
151 155 6
151 155 6
151 155 6
151 155 6
151 155 6
151 155 6
151 155 6
151 155 6
151 155 6
151 155 6
151 155 6
151 155 6
151 155 6
151 155 6
151 155 6
151 155 6
151 155 6
151 155 6
151 155 6
151 155 6
151 155 6
151 155 6
151 155 6
151 155 6
151 155 6
151 155 6
151 155 6
151 155 6
151 155 6
151 155 6
151 155 6
151 155 6
151 155 6
151 155 6
151 155 6
151 155 6
151 155 6
151 155 6
151 155 6
151 155 6
151 155 6
151 155 6
151 155 6
151 155 6
151 155 6
151 155 6
151 155 6
151 155 6
151 155 6
151 155 6
151 155 6
151 155 6
151 155 6
151 155 6
151 155 6
151 155 6
36 31 16
36 31 6
36 31 6
36 31 6
36 31 6
36 31 6
36 31 6
36 31 6
36 31 6
36 31 6
36 31 6
36 31 6
36 31 6
36 31 6
36 31 6
36 31 6
36 31 6
36 31 6
36 31 6
36 31 6
36 31 6
36 31 6
36 31 6
36 31 6
36 31 6
36 31 6
36 31 6
36 31 6
36 31 6
36 31 6
36 31 6
36 31 6
36 31 6
36 31 6
36 31 6
36 31 6
36 31 6
36 31 6
36 31 6
36 31 6
36 31 6
36 31 6
36 31 6
36 31 6
36 31 6
36 31 6
36 31 6
36 31 6
36 31 6
36 31 6
36 31 6
36 31 6
36 31 6
36 31 6
36 31 6
36 31 6
36 31 6
36 31 6
36 31 6
36 31 6
36 31 6
36 31 6
36 31 6
36 31 6
36 31 6
36 31 6
36 31 6
36 31 6
36 31 6
36 31 6
36 31 6
36 31 6
36 31 6
36 31 6
36 31 6
36 31 6
36 31 6
36 31 6
36 31 6
36 31 6
36 31 6
36 31 6
61 103 16
61 103 6
61 103 6
61 103 6
61 103 6
61 103 6
61 103 6
61 103 6
61 103 6
61 103 6
61 103 6
61 103 6
61 103 6
61 103 6
61 103 6
61 103 6
61 103 6
61 103 6
61 103 6
61 103 6
61 103 6
61 103 6
61 103 6
61 103 6
61 103 6
61 103 6
61 103 6
61 103 6
61 103 6
61 103 6
61 103 6
61 103 6
61 103 6
61 103 6
61 103 6
61 103 6
61 103 6
61 103 6
61 103 6
61 103 6
61 103 6
61 103 6
61 103 6
61 103 6
61 103 6
61 103 6
61 103 6
61 103 6
61 103 6
61 103 6
61 103 6
61 103 6
61 103 6
61 103 6
61 103 6
61 103 6
61 103 6
61 103 6
61 103 6
61 103 6
61 103 6
61 103 6
61 103 6
61 103 6
61 103 6
61 103 6
61 103 6
61 103 6
61 103 6
61 103 6
61 103 6
61 103 6
61 103 6
61 103 6
61 103 6
61 103 6
61 103 6
61 103 6
61 103 6
61 103 6
61 103 6
61 103 6
61 103 6
61 103 6
61 103 6
61 103 6
61 103 6
61 103 6
61 103 6
61 103 6
61 103 6
99 66 16
99 66 6
99 66 6
99 66 6
99 66 6
99 66 6
99 66 6
99 66 6
99 66 6
99 66 6
99 66 6
99 66 6
99 66 6
99 66 6
99 66 6
99 66 6
99 66 6
99 66 6
99 66 6
99 66 6
99 66 6
99 66 6
99 66 6
99 66 6
99 66 6
99 66 6
99 66 6
99 66 6
99 66 6
100 51 16
100 51 6
100 51 6
100 51 6
100 51 6
100 51 6
100 51 6
100 51 6
100 51 6
100 51 6
100 51 6
100 51 6
100 51 6
100 51 6
100 51 6
100 51 6
100 51 6
100 51 6
100 51 6
100 51 6
100 51 6
100 51 6
100 51 6
100 51 6
100 51 6
100 51 6
100 51 6
100 51 6
100 51 6
100 51 6
100 51 6
100 51 6
100 51 6
100 51 6
100 51 6
100 51 6
100 51 6
100 51 6
100 51 6
100 51 6
100 51 6
100 51 6
100 51 6
100 51 6
100 51 6
100 51 6
100 51 6
100 51 6
100 51 6
100 51 6
100 51 6
100 51 6
100 51 6
100 51 6
100 51 6
100 51 6
100 51 6
100 51 6
100 51 6
100 51 6
100 51 6
137 196 16
137 196 6
137 196 6
137 196 6
137 196 6
137 196 6
137 196 6
137 196 6
137 196 6
87 102 16
87 102 6
87 102 6
87 102 6
87 102 6
87 102 6
87 102 6
87 102 6
87 102 6
87 102 6
87 102 6
87 102 6
87 102 6
87 102 6
87 102 6
112 144 16
112 144 6
112 144 6
112 144 6
112 144 6
112 144 6
112 144 6
112 144 6
112 144 6
112 144 6
112 144 6
112 144 6
112 144 6
112 144 6
112 144 6
112 144 6
112 144 6
112 144 6
112 144 6
112 144 6
112 144 6
112 144 6
112 144 6
112 144 6
112 144 6
112 144 6
112 144 6
112 144 6
112 144 6
112 144 6
112 144 6
112 144 6
112 144 6
112 144 6
112 144 6
112 144 6
112 144 6
112 144 6
112 144 6
112 144 6
112 144 6
112 144 6
112 144 6
112 144 6
112 144 6
112 144 6
112 144 6
112 144 6
112 144 6
112 144 6
112 144 6
112 144 6
112 144 6
112 144 6
112 144 6
112 144 6
112 144 6
112 144 6
112 144 6
112 144 6
112 144 6
112 144 6
112 144 6
112 144 6
112 144 6
112 144 6
112 144 6
112 144 6
112 144 6
112 144 6
112 144 6
112 144 6
112 144 6
112 144 6
112 144 6
112 144 6
112 144 6
112 144 6
112 144 6
112 144 6
112 144 6
112 144 6
112 144 6
112 144 6
112 144 6
112 144 6
112 144 6
112 144 6
99 95 16
99 95 6
99 95 6
99 95 6
99 95 6
99 95 6
99 95 6
99 95 6
99 95 6
138 160 16
138 160 6
138 160 6
138 160 6
138 160 6
138 160 6
138 160 6
138 160 6
138 160 6
138 160 6
138 160 6
138 160 6
138 160 6
138 160 6
138 160 6
138 160 6
138 160 6
138 160 6
183 68 16
183 68 6
183 68 6
183 68 6
183 68 6
183 68 6
183 68 6
183 68 6
183 68 6
183 68 6
183 68 6
183 68 6
183 68 6
183 68 6
183 68 6
183 68 6
183 68 6
183 68 6
183 68 6
183 68 6
183 68 6
183 68 6
183 68 6
183 68 6
183 68 6
183 68 6
183 68 6
183 68 6
183 68 6
183 68 6
183 68 6
183 68 6
183 68 6
183 68 6
183 68 6
183 68 6
183 68 6
183 68 6
183 68 6
183 68 6
183 68 6
183 68 6
183 68 6
183 68 6
183 68 6
183 68 6
183 68 6
183 68 6
183 68 6
183 68 6
183 68 6
183 68 6
183 68 6
183 68 6
183 68 6
183 68 6
183 68 6
183 68 6
183 68 6
183 68 6
183 68 6
183 68 6
183 68 6
183 68 6
183 68 6
183 68 6
183 68 6
183 68 6
183 68 6
183 68 6
183 68 6
183 68 6
183 68 6
183 68 6
183 68 6
183 68 6
183 68 6
183 68 6
183 68 6
183 68 6
183 68 6
183 68 6
183 68 6
183 68 6
183 68 6
183 68 6
183 68 6
183 68 6
183 68 6
183 68 6
183 68 6
183 68 6
183 68 6
183 68 6
183 68 6
183 68 6
183 68 6
183 68 6
183 68 6
183 68 6
183 68 6
183 68 6
183 68 6
183 68 6
183 68 6
0 136 16
0 136 6
0 136 6
0 136 6
0 136 6
0 136 6
0 136 6
0 136 6
0 136 6
0 136 6
12 130 16
12 130 6
12 130 6
12 130 6
12 130 6
12 130 6
12 130 6
12 130 6
12 130 6
12 130 6
12 130 6
12 130 6
12 130 6
12 130 6
12 130 6
12 130 6
12 130 6
12 130 6
12 130 6
12 130 6
12 130 6
12 130 6
12 130 6
12 130 6
12 130 6
12 130 6
12 130 6
12 130 6
12 130 6
12 130 6
12 130 6
12 130 6
12 130 6
12 130 6
12 130 6
12 130 6
12 130 6
12 130 6
12 130 6
12 130 6
12 130 6
12 130 6
12 130 6
12 130 6
12 130 6
12 130 6
12 130 6
12 130 6
12 130 6
12 130 6
12 130 6
12 130 6
12 130 6
12 130 6
12 130 6
12 184 16
12 184 6
12 184 6
12 184 6
12 184 6
12 184 6
12 184 6
12 184 6
12 184 6
12 184 6
12 184 6
12 184 6
12 184 6
12 184 6
12 184 6
12 184 6
12 184 6
12 184 6
12 184 6
12 184 6
12 184 6
12 184 6
12 184 6
12 184 6
12 184 6
12 184 6
12 184 6
12 184 6
12 184 6
12 184 6
12 184 6
12 184 6
12 184 6
12 184 6
12 184 6
12 184 6
12 184 6
12 184 6
12 184 6
12 184 6
12 184 6
12 184 6
12 184 6
12 184 6
12 184 6
12 184 6
12 184 6
12 184 6
12 184 6
12 184 6
12 184 6
12 184 6
12 184 6
12 184 6
12 184 6
12 184 6
12 184 6
12 184 6
12 184 6
12 184 6
12 184 6
12 184 6
12 184 6
12 184 6
12 184 6
12 184 6
12 184 6
12 184 6
12 184 6
12 184 6
12 184 6
12 184 6
12 184 6
12 184 6
12 184 6
12 184 6
12 184 6
12 184 6
12 184 6
12 184 6
12 184 6
12 184 6
12 184 6
12 184 6
12 184 6
12 184 6
12 184 6
12 184 6
12 184 6
12 184 6
12 184 6
12 184 6
12 184 6
12 184 6
12 184 6
12 184 6
12 184 6
12 184 6
12 184 6
12 184 6
12 184 6
12 184 6
12 184 6
12 184 6
12 184 6
12 184 6
12 184 6
12 184 6
12 184 6
12 184 6
12 184 6
12 184 6
12 184 6
12 184 6
12 184 6
12 184 6
12 184 6
12 184 6
12 184 6
12 184 6
12 184 6
12 184 6
12 184 6
12 184 6
12 184 6
12 184 6
12 184 6
12 184 6
12 184 6
12 184 6
12 184 6
12 184 6
12 184 6
12 184 6
12 184 6
12 184 6
12 184 6
148 96 16
148 96 6
148 96 6
148 96 6
148 96 6
148 96 6
148 96 6
148 96 6
148 96 6
148 96 6
148 96 6
148 96 6
148 96 6
148 96 6
148 96 6
148 96 6
148 96 6
148 96 6
148 96 6
0 150 16
0 150 6
0 150 6
0 150 6
0 150 6
0 150 6
0 150 6
0 150 6
0 150 6
0 150 6
0 150 6
0 150 6
0 150 6
0 150 6
0 150 6
0 150 6
0 150 6
0 150 6
0 150 6
0 150 6
0 150 6
0 150 6
0 150 6
0 150 6
0 150 6
0 150 6
0 150 6
0 150 6
0 150 6
0 150 6
0 150 6
0 150 6
0 150 6
0 150 6
0 150 6
0 150 6
0 150 6
0 150 6
0 150 6
0 150 6
0 150 6
0 150 6
0 150 6
0 150 6
0 150 6
0 150 6
0 150 6
0 150 6
0 150 6
0 150 6
0 150 6
0 150 6
0 150 6
0 150 6
0 150 6
0 150 6
0 150 6
0 150 6
0 150 6
0 150 6
0 150 6
0 150 6
0 150 6
0 150 6
0 150 6
0 150 6
0 150 6
0 150 6
0 150 6
0 150 6
0 150 6
0 150 6
0 150 6
0 150 6
0 150 6
0 150 6
0 150 6
0 150 6
0 150 6
0 150 6
0 150 6
0 150 6
0 150 6
0 150 6
0 150 6
0 150 6
0 150 6
0 150 6
0 150 6
0 150 6
0 150 6
0 150 6
0 150 6
0 150 6
0 150 6
0 150 6
0 150 6
0 150 6
0 150 6
0 150 6
0 150 6
0 150 6
0 150 6
0 150 6
0 150 6
0 150 6
0 150 6
0 150 6
0 150 6
138 134 16
138 134 6
138 134 6
138 134 6
138 134 6
138 134 6
138 134 6
138 134 6
138 134 6
138 134 6
138 134 6
138 134 6
138 134 6
138 134 6
138 134 6
138 134 6
138 134 6
138 134 6
138 134 6
138 134 6
138 134 6
138 134 6
138 134 6
138 134 6
138 134 6
138 134 6
138 134 6
138 134 6
138 134 6
138 134 6
138 134 6
138 134 6
138 134 6
138 134 6
138 134 6
138 134 6
138 134 6
138 134 6
138 134 6
138 134 6
138 134 6
138 134 6
138 134 6
138 134 6
138 134 6
138 134 6
138 134 6
138 134 6
138 134 6
138 134 6
138 134 6
138 134 6
138 134 6
138 134 6
138 134 6
138 134 6
138 134 6
138 134 6
138 134 6
138 134 6
138 134 6
138 134 6
138 134 6
138 134 6
138 134 6
138 134 6
138 134 6
138 134 6
138 134 6
138 134 6
138 134 6
138 134 6
138 134 6
138 134 6
138 134 6
138 134 6
138 134 6
138 134 6
138 134 6
138 134 6
138 134 6
138 134 6
138 134 6
138 134 6
138 134 6
138 134 6
138 134 6
138 134 6
138 134 6
138 134 6
138 134 6
138 134 6
138 134 6
138 134 6
138 134 6
151 39 16
151 39 6
151 39 6
151 39 6
151 39 6
151 39 6
151 39 6
151 39 6
151 39 6
151 39 6
151 39 6
151 39 6
151 39 6
151 39 6
138 31 16
138 31 6
138 31 6
138 31 6
138 31 6
138 31 6
138 31 6
138 31 6
138 31 6
138 31 6
138 31 6
138 31 6
138 31 6
138 31 6
138 31 6
138 31 6
138 31 6
138 31 6
138 31 6
138 31 6
138 31 6
138 31 6
138 31 6
138 31 6
138 31 6
138 31 6
138 31 6
138 31 6
138 31 6
138 31 6
138 31 6
138 31 6
138 31 6
138 31 6
138 31 6
138 31 6
138 31 6
138 31 6
138 31 6
138 31 6
138 31 6
138 31 6
138 31 6
138 31 6
138 31 6
138 31 6
138 31 6
138 31 6
138 31 6
138 31 6
138 31 6
138 31 6
138 31 6
138 31 6
138 31 6
138 31 6
138 31 6
138 31 6
150 52 16
150 52 6
150 52 6
150 52 6
150 52 6
150 52 6
150 52 6
150 52 6
150 52 6
150 52 6
150 52 6
150 52 6
150 52 6
150 52 6
150 52 6
150 52 6
150 52 6
150 52 6
150 52 6
150 52 6
150 52 6
150 52 6
150 52 6
150 52 6
150 52 6
150 52 6
150 52 6
150 52 6
150 52 6
150 52 6
150 52 6
150 52 6
150 52 6
150 52 6
150 52 6
150 52 6
150 52 6
150 52 6
150 52 6
150 52 6
150 52 6
150 52 6
150 52 6
150 52 6
150 52 6
150 52 6
150 52 6
150 52 6
150 52 6
150 52 6
150 52 6
150 52 6
150 52 6
150 52 6
150 52 6
150 52 6
150 52 6
150 52 6
150 52 6
150 52 6
150 52 6
150 52 6
150 52 6
150 52 6
150 52 6
150 52 6
150 52 6
150 52 6
150 52 6
150 52 6
150 52 6
150 52 6
150 52 6
150 52 6
150 52 6
150 52 6
150 52 6
150 52 6
150 52 6
150 52 6
150 52 6
150 52 6
150 52 6
150 52 6
150 52 6
150 52 6
150 52 6
150 52 6
150 52 6
150 52 6
150 52 6
150 52 6
150 52 6
150 52 6
150 52 6
150 52 6
150 52 6
150 52 6
150 52 6
49 135 16
49 135 6
49 135 6
49 135 6
49 135 6
49 135 6
49 135 6
49 135 6
49 135 6
49 135 6
49 135 6
49 135 6
49 135 6
49 135 6
49 135 6
49 135 6
49 135 6
49 135 6
49 135 6
49 135 6
49 135 6
49 135 6
49 135 6
49 135 6
49 135 6
49 135 6
49 135 6
49 135 6
49 135 6
49 135 6
49 135 6
49 135 6
49 135 6
49 135 6
49 135 6
49 135 6
49 135 6
49 135 6
49 135 6
49 135 6
49 135 6
49 135 6
49 135 6
49 135 6
49 135 6
49 135 6
49 135 6
49 135 6
49 135 6
49 135 6
49 135 6
49 135 6
49 135 6
49 135 6
49 135 6
49 135 6
49 135 6
49 135 6
49 135 6
49 135 6
49 135 6
49 135 6
49 135 6
49 135 6
49 135 6
49 135 6
49 135 6
49 135 6
49 135 6
49 135 6
49 135 6
49 135 6
49 135 6
49 135 6
49 135 6
49 135 6
49 135 6
49 135 6
49 135 6
49 135 6
49 135 6
49 135 6
49 135 6
49 135 6
49 135 6
49 135 6
49 135 6
49 135 6
49 135 6
49 135 6
49 135 6
49 135 6
49 135 6
49 135 6
49 135 6
49 135 6
49 135 6
49 135 6
49 135 6
49 135 6
49 135 6
49 135 6
49 135 6
49 135 6
49 135 6
49 135 6
49 135 6
49 135 6
49 135 6
49 135 6
49 135 6
49 135 6
49 135 6
49 135 6
49 135 6
49 135 6
49 135 6
49 135 6
49 135 6
49 135 6
49 135 6
49 135 6
49 135 6
49 135 6
49 135 6
49 135 6
49 135 6
138 148 16
138 148 6
138 148 6
138 148 6
138 148 6
138 148 6
138 148 6
138 148 6
138 148 6
138 148 6
138 148 6
138 148 6
138 148 6
138 148 6
138 148 6
138 148 6
138 148 6
138 148 6
138 148 6
138 148 6
138 148 6
138 148 6
138 148 6
138 148 6
138 148 6
138 148 6
138 148 6
138 148 6
138 148 6
138 148 6
138 148 6
138 148 6
138 148 6
138 148 6
138 148 6
138 148 6
138 148 6
138 148 6
138 148 6
138 148 6
138 148 6
138 148 6
138 148 6
138 148 6
138 148 6
138 148 6
138 148 6
138 148 6
138 148 6
138 148 6
138 148 6
138 148 6
138 148 6
138 148 6
138 148 6
138 148 6
138 148 6
138 148 6
138 148 6
138 148 6
138 148 6
138 148 6
138 148 6
138 148 6
138 148 6
138 148 6
138 148 6
138 148 6
138 148 6
138 148 6
138 148 6
138 148 6
138 148 6
138 148 6
138 148 6
138 148 6
138 148 6
138 148 6
138 148 6
138 148 6
138 148 6
138 148 6
138 148 6
138 148 6
138 148 6
138 148 6
138 148 6
138 148 6
138 148 6
138 148 6
138 148 6
138 148 6
138 148 6
195 60 16
195 60 6
195 60 6
195 60 6
195 60 6
195 60 6
195 60 6
195 60 6
195 60 6
195 60 6
195 60 6
195 60 6
195 60 6
195 60 6
195 60 6
195 60 6
195 60 6
195 60 6
195 60 6
195 60 6
195 60 6
195 60 6
195 60 6
195 60 6
195 60 6
195 60 6
195 60 6
195 60 6
195 60 6
195 60 6
195 60 6
195 60 6
195 60 6
195 60 6
195 60 6
195 60 6
195 60 6
195 60 6
195 60 6
195 60 6
195 60 6
195 60 6
195 60 6
195 60 6
195 60 6
195 60 6
195 60 6
195 60 6
195 60 6
195 60 6
195 60 6
195 60 6
195 60 6
195 60 6
195 60 6
195 60 6
195 60 6
195 60 6
195 60 6
195 60 6
195 60 6
195 60 6
195 60 6
195 60 6
195 60 6
195 60 6
195 60 6
195 60 6
195 60 6
195 60 6
195 60 6
195 60 6
195 60 6
195 60 6
195 60 6
195 60 6
195 60 6
195 60 6
195 60 6
195 60 6
195 60 6
195 60 6
195 60 6
195 60 6
195 60 6
195 60 6
195 60 6
195 60 6
195 60 6
195 60 6
195 60 6
195 60 6
195 60 6
195 60 6
195 60 6
195 60 6
195 60 6
195 60 6
195 60 6
195 60 6
195 60 6
195 60 6
195 60 6
195 60 6
195 60 6
195 60 6
195 60 6
195 60 6
195 60 6
195 60 6
195 60 6
195 60 6
195 60 6
195 60 6
195 60 6
195 60 6
195 60 6
195 60 6
195 60 6
195 60 6
195 60 6
195 60 6
195 60 6
195 60 6
195 60 6
195 60 6
195 60 6
195 60 6
195 60 6
195 60 6
195 60 6
195 60 6
195 60 6
195 60 6
195 60 6
195 60 6
160 86 16
160 86 6
160 86 6
160 86 6
160 86 6
160 86 6
160 86 6
160 86 6
160 86 6
160 86 6
160 86 6
160 86 6
160 86 6
160 86 6
160 86 6
160 86 6
160 86 6
160 86 6
160 86 6
160 86 6
160 86 6
160 86 6
160 86 6
160 86 6
160 86 6
160 86 6
160 86 6
160 86 6
160 86 6
160 86 6
160 86 6
160 86 6
160 86 6
160 86 6
160 86 6
160 86 6
160 86 6
160 86 6
160 86 6
160 86 6
160 86 6
160 86 6
160 86 6
160 86 6
160 86 6
160 86 6
160 86 6
160 86 6
160 86 6
160 86 6
160 86 6
160 86 6
160 86 6
160 86 6
160 86 6
160 86 6
160 86 6
160 86 6
160 86 6
160 86 6
160 86 6
160 86 6
160 86 6
160 86 6
160 86 6
160 86 6
160 86 6
160 86 6
160 86 6
160 86 6
160 86 6
160 86 6
160 86 6
160 86 6
160 86 6
160 86 6
160 86 6
160 86 6
160 86 6
160 86 6
160 86 6
160 86 6
160 86 6
160 86 6
160 86 6
160 86 6
160 86 6
160 86 6
160 86 6
160 86 6
160 86 6
160 86 6
160 86 6
160 86 6
160 86 6
160 86 6
160 86 6
160 86 6
160 86 6
160 86 6
160 86 6
160 86 6
160 86 6
160 86 6
160 86 6
160 86 6
160 86 6
160 86 6
160 86 6
160 86 6
160 86 6
160 86 6
160 86 6
160 86 6
160 86 6
160 86 6
160 86 6
160 86 6
160 86 6
160 86 6
160 86 6
160 86 6
160 86 6
160 86 6
160 86 6
160 86 6
160 86 6
160 86 6
160 86 6
160 86 6
160 86 6
160 86 6
160 86 6
160 86 6
160 86 6
160 86 6
160 86 6
160 86 6
160 86 6
160 86 6
160 86 6
160 86 6
160 86 6
160 86 6
160 86 6
160 86 6
160 86 6
160 86 6
160 86 6
160 86 6
160 86 6
160 86 6
160 86 6
160 86 6
160 86 6
160 86 6
150 190 6
150 190 6
150 190 6
150 190 6
150 190 6
74 109 16
74 109 6
74 109 6
74 109 6
74 109 6
74 109 6
74 109 6
74 109 6
74 109 6
74 109 6
74 109 6
74 109 6
74 109 6
74 109 6
74 109 6
74 109 6
74 109 6
74 109 6
74 109 6
74 109 6
74 109 6
74 109 6
74 109 6
74 109 6
74 109 6
74 109 6
74 109 6
74 109 6
74 109 6
74 109 6
74 109 6
74 109 6
74 109 6
74 109 6
74 109 6
74 109 6
74 109 6
74 109 6
74 109 6
74 109 6
74 109 6
74 109 6
74 109 6
74 109 6
74 109 6
74 109 6
74 109 6
74 109 6
74 109 6
74 109 6
74 109 6
74 109 6
74 109 6
74 109 6
74 109 6
74 109 6
74 109 6
74 109 6
74 109 6
74 109 6
74 109 6
74 109 6
74 109 6
74 109 6
74 109 6
87 115 16
87 115 6
87 115 6
87 115 6
87 115 6
87 115 6
87 115 6
87 115 6
87 115 6
87 115 6
87 115 6
87 115 6
87 115 6
87 115 6
87 115 6
87 115 6
87 115 6
87 115 6
87 115 6
87 115 6
87 115 6
87 115 6
87 115 6
87 115 6
87 115 6
87 115 6
87 115 6
87 115 6
87 115 6
87 115 6
87 115 6
87 115 6
87 115 6
87 115 6
87 115 6
87 115 6
87 115 6
87 115 6
87 115 6
87 115 6
87 115 6
87 115 6
87 115 6
87 115 6
87 115 6
87 115 6
87 115 6
87 115 6
87 115 6
87 115 6
87 115 6
87 115 6
87 115 6
87 115 6
87 115 6
87 115 6
87 115 6
87 115 6
87 115 6
87 115 6
87 115 6
87 115 6
87 115 6
87 115 6
87 115 6
87 115 6
87 115 6
87 115 6
87 115 6
87 115 6
87 115 6
87 115 6
87 115 6
87 115 6
87 115 6
87 115 6
87 115 6
87 115 6
87 115 6
87 115 6
87 115 6
87 115 6
87 115 6
87 115 6
87 115 6
87 115 6
87 115 6
87 115 6
87 115 6
87 115 6
87 115 6
87 115 6
87 115 6
87 115 6
87 115 6
87 115 6
87 115 6
87 115 6
87 115 6
87 115 6
87 115 6
87 115 6
87 115 6
87 115 6
87 115 6
87 115 6
87 115 6
25 191 16
25 191 6
25 191 6
25 191 6
25 191 6
25 191 6
25 191 6
25 191 6
25 191 6
25 191 6
25 191 6
25 191 6
25 191 6
25 191 6
25 191 6
25 191 6
25 191 6
25 191 6
25 191 6
25 191 6
25 191 6
25 191 6
25 191 6
25 191 6
25 191 6
25 191 6
25 191 6
25 191 6
25 191 6
25 191 6
25 191 6
25 191 6
25 191 6
25 191 6
25 191 6
25 191 6
25 191 6
25 191 6
25 191 6
25 191 6
25 191 6
25 191 6
25 191 6
25 191 6
25 191 6
25 191 6
25 191 6
25 191 6
25 191 6
25 191 6
25 191 6
25 191 6
25 191 6
25 191 6
25 191 6
25 191 6
25 191 6
25 191 6
25 191 6
25 191 6
49 23 16
49 23 6
49 23 6
49 23 6
49 23 6
49 23 6
49 23 6
49 23 6
49 23 6
49 23 6
49 23 6
49 23 6
49 23 6
49 23 6
49 23 6
49 23 6
49 23 6
49 23 6
49 23 6
49 23 6
49 23 6
49 23 6
49 23 6
49 23 6
49 23 6
49 23 6
49 23 6
49 23 6
49 23 6
49 23 6
49 23 6
49 23 6
49 23 6
49 23 6
49 23 6
49 23 6
49 23 6
49 23 6
49 23 6
49 23 6
49 23 6
49 23 6
49 23 6
49 23 6
49 23 6
49 23 6
49 23 6
49 23 6
49 23 6
49 23 6
49 23 6
49 23 6
49 23 6
49 23 6
49 23 6
49 23 6
49 23 6
49 23 6
49 23 6
49 23 6
49 23 6
49 23 6
49 23 6
49 23 6
49 23 6
49 23 6
49 23 6
49 23 6
49 23 6
49 23 6
49 23 6
49 23 6
49 23 6
49 23 6
49 23 6
49 23 6
49 23 6
49 23 6
49 23 6
49 23 6
49 23 6
49 23 6
49 23 6
49 23 6
49 23 6
49 23 6
49 23 6
49 23 6
49 23 6
49 23 6
49 23 6
49 23 6
49 23 6
49 23 6
49 23 6
49 23 6
49 23 6
49 23 6
49 23 6
49 23 6
49 23 6
49 23 6
49 23 6
49 23 6
49 23 6
49 23 6
49 23 6
49 23 6
49 23 6
49 23 6
49 23 6
49 23 6
49 23 6
0 23 16
0 23 6
0 23 6
0 23 6
0 23 6
0 23 6
0 23 6
0 23 6
0 23 6
0 23 6
0 23 6
0 23 6
0 23 6
0 23 6
0 23 6
0 23 6
0 23 6
0 23 6
0 23 6
0 23 6
0 23 6
0 23 6
0 23 6
0 23 6
0 23 6
0 23 6
0 23 6
0 23 6
0 23 6
0 23 6
0 23 6
0 23 6
0 23 6
0 23 6
0 23 6
0 23 6
0 23 6
0 23 6
0 23 6
0 23 6
0 23 6
0 8 16
0 8 6
0 8 6
0 8 6
0 8 6
12 1 16
12 1 6
12 1 6
12 1 6
12 1 6
12 1 6
12 16 16
12 16 6
12 16 6
12 16 6
12 16 6
12 16 6
12 16 6
12 16 6
12 16 6
12 16 6
12 16 6
12 16 6
12 16 6
12 16 6
12 16 6
12 16 6
12 16 6
12 16 6
12 16 6
12 16 6
12 16 6
12 16 6
12 16 6
12 16 6
12 16 6
12 16 6
12 16 6
12 16 6
12 16 6
12 16 6
12 16 6
12 16 6
12 16 6
12 16 6
12 16 6
12 16 6
12 16 6
12 16 6
12 16 6
12 16 6
12 16 6
12 16 6
12 16 6
12 16 6
12 16 6
12 16 6
12 16 6
12 16 6
12 16 6
12 16 6
12 16 6
12 16 6
12 16 6
12 16 6
12 16 6
12 16 6
12 16 6
12 16 6
12 16 6
12 16 6
12 16 6
12 16 6
12 16 6
12 16 6
12 16 6
12 16 6
12 16 6
12 16 6
12 16 6
12 16 6
12 16 6
12 16 6
12 16 6
12 16 6
162 196 16
162 196 6
162 196 6
162 196 6
162 196 6
162 196 6
162 196 6
162 196 6
162 196 6
162 196 6
162 196 6
162 196 6
162 196 6
162 196 6
162 196 6
162 196 6
162 196 6
162 196 6
162 196 6
162 196 6
162 196 6
162 196 6
162 196 6
162 196 6
162 196 6
162 196 6
162 196 6
162 196 6
162 196 6
162 196 6
162 196 6
162 196 6
162 196 6
162 196 6
162 196 6
162 196 6
162 196 6
162 196 6
162 196 6
162 196 6
162 196 6
162 196 6
162 196 6
162 196 6
162 196 6
162 196 6
162 196 6
162 196 6
162 196 6
162 196 6
162 196 6
162 196 6
162 196 6
162 196 6
162 196 6
162 196 6
162 196 6
162 196 6
162 196 6
162 196 6
162 196 6
162 196 6
162 196 6
162 196 6
162 196 6
162 196 6
162 196 6
162 196 6
162 196 6
162 196 6
162 196 6
162 196 6
162 196 6
162 196 6
162 196 6
162 196 6
162 196 6
162 196 6
162 196 6
162 196 6
162 196 6
162 196 6
162 196 6
162 196 6
162 196 6
162 196 6
162 196 6
162 196 6
162 196 6
162 196 6
162 196 6
162 196 6
162 196 6
162 196 6
162 196 6
162 196 6
162 196 6
162 196 6
162 196 6
162 196 6
162 196 6
162 196 6
162 196 6
162 196 6
162 196 6
162 196 6
162 196 6
162 196 6
162 196 6
162 196 6
162 196 6
162 196 6
162 196 6
162 196 6
162 196 6
162 196 6
162 196 6
162 196 6
162 196 6
162 196 6
162 196 6
162 196 6
162 196 6
162 196 6
162 196 6
162 196 6
162 196 6
162 196 6
162 196 6
162 196 6
162 196 6
162 196 6
61 154 6
61 154 6
61 154 6
73 147 16
73 147 6
73 147 6
73 147 6
73 147 6
73 147 6
73 147 6
73 147 6
73 147 6
73 147 6
73 147 6
73 147 6
73 147 6
73 147 6
73 147 6
73 147 6
73 147 6
73 147 6
73 147 6
73 147 6
73 147 6
73 147 6
73 147 6
73 147 6
73 147 6
73 147 6
73 147 6
73 147 6
73 147 6
73 147 6
73 147 6
73 147 6
73 147 6
73 147 6
73 147 6
73 147 6
73 147 6
73 147 6
73 147 6
73 147 6
73 147 6
73 147 6
73 147 6
73 147 6
73 147 6
73 147 6
73 147 6
73 147 6
73 147 6
73 147 6
73 147 6
73 147 6
73 147 6
73 147 6
73 147 6
73 147 6
73 147 6
73 147 6
73 147 6
73 147 6
73 147 6
73 147 6
73 147 6
73 147 6
73 147 6
73 147 6
73 147 6
73 147 6
73 147 6
73 147 6
73 147 6
73 147 6
73 147 6
73 147 6
73 147 6
73 147 6
73 147 6
73 147 6
73 147 6
73 147 6
73 147 6
73 147 6
73 147 6
73 147 6
73 147 6
73 147 6
73 147 6
73 147 6
73 147 6
73 147 6
73 147 6
73 147 6
73 147 6
73 147 6
73 147 6
73 147 6
73 147 6
73 147 6
73 147 6
73 147 6
73 147 6
73 147 6
73 147 6
73 147 6
73 147 6
73 147 6
73 147 6
73 147 6
73 147 6
73 147 6
73 147 6
73 147 6
73 147 6
73 147 6
73 147 6
73 147 6
73 147 6
73 147 6
73 147 6
73 147 6
73 147 6
73 147 6
73 147 6
73 147 6
73 147 6
73 147 6
73 147 6
73 147 6
73 147 6
73 147 6
73 147 6
73 147 6
73 147 6
73 147 6
175 189 6
175 189 6
175 189 6
175 189 6
175 189 6
175 189 6
175 189 6
175 189 6
175 189 6
175 189 6
175 189 6
175 189 6
188 195 16
188 195 6
188 195 6
188 195 6
188 195 6
188 195 6
188 195 6
188 195 6
188 195 6
188 195 6
188 195 6
188 195 6
188 195 6
188 195 6
188 195 6
188 195 6
188 195 6
188 195 6
188 195 6
188 195 6
188 195 6
188 195 6
188 195 6
188 195 6
188 195 6
188 195 6
188 195 6
188 195 6
188 195 6
188 195 6
188 195 6
188 195 6
188 195 6
188 195 6
188 195 6
188 195 6
188 195 6
188 195 6
188 195 6
188 195 6
188 195 6
188 195 6
188 195 6
188 195 6
188 195 6
188 195 6
188 195 6
188 195 6
188 195 6
188 195 6
188 195 6
188 195 6
188 195 6
188 195 6
188 195 6
188 195 6
188 195 6
188 195 6
188 195 6
188 195 6
188 195 6
188 195 6
188 195 6
188 195 6
188 195 6
188 195 6
188 195 6
188 195 6
188 195 6
188 195 6
188 195 6
188 195 6
188 195 6
188 195 6
188 195 6
188 195 6
188 195 6
188 195 6
188 195 6
188 195 6
188 195 6
188 195 6
188 195 6
188 195 6
188 195 6
188 195 6
188 195 6
188 195 6
188 195 6
188 195 6
188 195 6
188 195 6
188 195 6
188 195 6
188 195 6
188 195 6
188 195 6
188 195 6
188 195 6
188 195 6
188 195 6
188 195 6
188 195 6
188 195 6
188 195 6
188 195 6
188 195 6
188 195 6
188 195 6
188 195 6
188 195 6
188 195 6
188 195 6
188 195 6
188 195 6
188 195 6
188 195 6
188 195 6
188 195 6
188 195 6
188 195 6
188 195 6
188 195 6
62 0 16
62 0 6
62 0 6
62 0 6
62 0 6
62 0 6
62 0 6
62 0 6
62 0 6
62 0 6
62 0 6
62 0 6
62 0 6
62 0 6
62 0 6
62 0 6
62 0 6
62 0 6
62 0 6
62 0 6
62 0 6
62 0 6
62 0 6
62 0 6
62 0 6
62 0 6
62 0 6
62 0 6
62 0 6
62 0 6
62 0 6
62 0 6
62 0 6
62 0 6
62 0 6
62 0 6
62 0 6
62 0 6
62 0 6
62 0 6
62 0 6
62 0 6
62 0 6
62 0 6
62 0 6
62 0 6
62 0 6
62 0 6
62 0 6
62 0 6
62 0 6
62 0 6
62 0 6
62 0 6
62 0 6
62 0 6
62 0 6
62 0 6
62 0 6
62 0 6
62 0 6
62 0 6
62 0 6
62 0 6
62 0 6
62 0 6
62 0 6
62 0 6
62 0 6
62 0 6
62 0 6
62 0 6
62 0 6
62 0 6
62 0 6
62 0 6
62 0 6
62 0 6
62 0 6
62 0 6
62 0 6
62 0 6
62 0 6
62 0 6
62 0 6
62 0 6
62 0 6
62 0 6
62 0 6
62 0 6
62 0 6
62 0 6
62 0 6
62 0 6
62 0 6
62 0 6
62 0 6
62 0 6
62 0 6
62 0 6
62 0 6
62 0 6
62 0 6
62 0 6
62 0 6
62 0 6
62 0 6
62 0 6
62 0 6
62 0 6
62 0 6
62 0 6
62 0 6
62 0 6
62 0 6
62 0 6
62 0 6
62 0 6
62 0 6
62 0 6
62 0 6
62 0 6
62 0 6
62 0 6
62 0 6
62 0 6
62 0 6
62 0 6
62 0 6
62 0 6
62 0 6
62 0 6
62 0 6
62 0 6
62 0 6
62 0 6
62 0 6
48 97 16
48 97 6
48 97 6
48 97 6
48 97 6
48 97 6
48 97 6
48 97 6
48 97 6
48 97 6
48 97 6
48 97 6
48 97 6
48 97 6
48 97 6
48 97 6
48 97 6
48 97 6
48 97 6
48 97 6
48 97 6
48 97 6
48 97 6
48 97 6
48 97 6
48 97 6
48 97 6
48 97 6
48 97 6
112 88 6
112 88 6
112 88 6
112 88 6
112 88 6
112 88 6
112 88 6
112 88 6
112 88 6
112 88 6
112 88 6
112 88 6
112 88 6
112 88 6
112 88 6
112 88 6
112 88 6
112 88 6
112 88 6
112 88 6
112 88 6
112 88 6
112 88 6
112 88 6
112 88 6
112 88 6
112 88 6
112 88 6
112 88 6
112 88 6
112 88 6
112 88 6
112 88 6
112 88 6
112 88 6
112 88 6
112 88 6
112 88 6
112 88 6
112 88 6
112 88 6
112 88 6
112 88 6
112 88 6
112 88 6
112 88 6
112 88 6
112 88 6
112 88 6
112 88 6
112 88 6
112 88 6
112 88 6
112 88 6
112 88 6
112 88 6
112 88 6
112 88 6
112 88 6
112 88 6
112 88 6
112 88 6
112 88 6
112 88 6
112 88 6
112 88 6
112 88 6
112 88 6
112 88 6
112 88 6
112 88 6
112 88 6
112 88 6
112 88 6
112 88 6
112 88 6
112 88 6
112 88 6
112 88 6
112 88 6
112 88 6
163 31 15
163 30 15
163 30 7
163 29 15
163 29 7
163 28 15
163 28 7
163 27 15
163 27 7
163 27 7
162 27 15
162 27 7
162 27 7
162 26 15
162 26 7
162 26 7
162 25 15
162 25 7
162 25 7
162 25 7
162 24 15
162 24 7
162 24 7
162 24 7
162 23 15
162 23 7
162 23 7
162 23 7
162 22 15
162 22 7
162 22 7
162 22 7
162 21 15
162 21 7
162 21 7
162 20 15
162 20 7
162 20 7
161 20 18
161 20 7
161 20 7
160 20 29
160 19 40
159 19 50
158 19 61
157 19 72
156 19 83
156 18 93
155 18 103
154 18 111
153 18 119
153 17 125
152 17 130
151 17 134
151 16 135
151 16 7
150 16 135
150 16 7
150 16 7
150 16 7
150 16 7
150 15 135
150 15 7
150 15 7
150 15 7
150 15 7
150 15 7
150 15 7
150 15 7
150 15 7
149 15 131
149 15 7
149 15 7
149 15 7
149 15 7
149 15 7
149 15 7
149 15 7
149 15 7
149 15 7
149 15 7
148 15 126
148 15 7
148 15 7
148 15 7
148 15 7
148 15 7
148 15 7
148 15 7
148 15 7
148 15 7
148 15 7
148 14 120
148 14 7
148 14 7
148 14 7
148 14 7
148 14 7
148 14 7
148 14 7
148 14 7
148 14 7
148 14 7
148 14 7
148 14 7
147 14 112
147 14 7
147 14 7
147 14 7
147 14 7
147 14 7
147 14 7
147 14 7
147 14 7
147 14 7
147 14 7
146 14 104
146 14 7
146 14 7
146 14 7
146 14 7
146 14 7
146 14 7
146 14 7
146 14 7
146 14 7
146 13 93
146 13 7
146 13 7
146 13 7
146 13 7
146 13 7
146 13 7
146 13 7
146 13 7
146 13 7
145 13 82
145 13 7
145 13 7
145 13 7
145 13 7
145 13 7
145 13 7
145 13 7
145 13 7
145 13 7
145 12 70
145 12 7
145 12 7
145 12 7
145 12 7
145 12 7
145 12 7
145 12 7
145 12 7
145 12 7
144 12 57
144 12 7
144 12 7
144 12 7
144 12 7
144 12 7
144 12 7
144 12 7
144 12 7
144 12 7
144 11 46
144 11 7
144 11 7
144 11 7
144 11 7
144 11 7
144 11 7
144 11 7
144 11 7
144 11 7
143 11 32
143 11 7
143 11 7
143 11 7
143 11 7
143 11 7
143 11 7
143 11 7
143 11 7
143 11 7
143 11 7
143 11 7
142 11 20
142 11 7
142 11 7
142 11 7
142 11 7
142 11 7
142 11 7
142 11 7
142 11 7
142 11 7
142 11 7
142 11 7
142 11 7
142 11 7
142 10 15
142 10 7
142 10 7
142 10 7
142 10 7
142 10 7
142 10 7
142 10 7
142 10 7
142 10 7
142 10 7
142 10 7
142 9 15
142 9 7
142 9 7
142 9 7
142 9 7
142 9 7
142 9 7
142 9 7
142 9 7
142 9 7
142 8 15
142 8 7
142 8 7
142 8 7
142 8 7
142 8 7
142 8 7
142 8 7
142 7 15
142 7 7
142 7 7
142 7 7
142 7 7
142 7 7
141 7 15
141 7 7
141 7 7
141 7 7
141 7 7
141 7 7
140 7 15
140 7 7
140 7 7
140 7 7
140 7 7
140 7 7
140 7 7
139 7 15
139 7 7
139 7 7
139 7 7
139 7 7
139 7 7
138 7 15
138 7 7
138 7 7
138 7 7
138 7 7
138 7 7
137 7 15
137 7 7
137 7 7
137 7 7
137 7 7
137 7 7
136 7 15
136 7 7
136 7 7
136 7 7
136 7 7
136 7 7
135 7 15
135 7 7
135 7 7
135 7 7
135 7 7
134 7 15
134 7 7
134 7 7
134 7 7
134 7 7
133 7 15
133 7 7
133 7 7
133 7 7
132 7 15
132 7 7
132 7 7
132 7 7
131 7 15
131 7 7
131 7 7
131 7 7
130 7 15
130 7 7
130 7 7
130 7 7
129 7 15
129 7 7
129 7 7
129 7 7
128 7 18
128 7 7
128 7 7
127 7 26
127 7 7
125 7 35
124 7 37
123 7 36
122 7 33
121 7 28
120 7 21
119 7 15
118 7 15
117 7 15
116 7 15
115 7 15
115 8 15
115 9 15
114 9 15
113 9 15
113 10 15
113 11 15
113 12 15
112 13 15
111 13 15
111 14 15
110 14 15
109 14 15
109 15 15
109 16 15
109 17 15
108 17 15
107 17 15
107 18 15
107 19 15
107 19 7
106 19 15
105 19 15
104 19 15
104 20 15
103 20 15
102 20 15
101 20 15
75 52 15
76 52 15
76 52 7
77 52 15
77 52 7
77 51 15
77 51 7
77 50 15
77 49 15
78 49 15
78 48 15
78 47 15
78 46 15
78 45 15
79 45 15
79 44 15
79 43 15
79 42 15
79 41 15
79 40 15
80 40 15
80 39 15
81 39 15
82 39 15
82 38 15
82 37 15
82 36 15
82 35 15
82 34 15
82 33 15
83 33 15
84 33 15
84 32 15
85 32 15
85 31 15
85 30 15
86 30 15
87 30 15
87 29 15
88 28 15
89 28 15
89 27 15
90 27 15
91 27 15
92 27 15
92 26 15
93 26 15
94 26 15
95 26 15
95 25 15
95 24 15
96 24 15
96 23 15
97 23 15
98 23 15
99 23 15
99 22 15
99 21 15
100 21 15
74 66 15
74 65 15
74 64 15
74 63 15
74 62 15
74 61 15
74 60 15
74 59 15
74 58 15
74 57 15
74 57 7
74 56 15
74 56 7
74 55 15
74 55 7
74 54 15
74 53 15
75 66 16
76 66 22
77 66 28
78 66 32
79 66 36
80 66 39
81 66 40
82 66 40
83 66 38
84 66 35
85 66 31
85 66 7
86 66 25
86 66 7
86 66 7
86 66 7
87 66 20
87 66 7
87 66 7
87 66 7
87 66 7
88 66 15
88 66 7
88 66 7
88 66 7
88 66 7
88 66 7
88 66 7
88 67 15
88 67 7
88 67 7
88 67 7
88 67 7
88 67 7
88 67 7
88 68 15
88 68 7
88 68 7
88 68 7
88 68 7
88 68 7
88 68 7
88 69 15
88 69 7
88 69 7
88 69 7
88 69 7
88 69 7
88 70 15
88 70 7
88 70 7
88 70 7
88 70 7
88 70 7
89 70 15
89 70 7
89 70 7
89 70 7
89 70 7
89 70 7
89 70 7
89 70 7
89 71 15
89 71 7
89 71 7
89 71 7
89 71 7
89 71 7
89 71 7
89 72 15
89 72 7
89 72 7
89 72 7
89 72 7
89 72 7
89 72 7
89 73 15
89 73 7
89 73 7
89 73 7
89 73 7
89 73 7
89 73 7
90 73 15
90 73 7
90 73 7
90 73 7
90 73 7
90 73 7
90 73 7
90 73 7
90 73 7
90 73 7
90 73 7
91 73 15
91 73 7
91 73 7
91 73 7
91 73 7
91 73 7
91 73 7
91 73 7
91 73 7
91 73 7
91 73 7
91 73 7
91 73 7
91 73 7
92 73 15
92 73 7
92 73 7
92 73 7
92 73 7
92 73 7
92 73 7
92 73 7
92 73 7
92 73 7
92 73 7
92 73 7
92 73 7
92 73 7
92 73 7
92 73 7
92 73 7
93 73 15
93 73 7
93 73 7
93 73 7
93 73 7
93 73 7
93 73 7
93 73 7
93 73 7
93 73 7
93 73 7
93 73 7
93 73 7
93 73 7
93 73 7
93 73 7
93 73 7
93 73 7
93 73 7
94 73 15
94 73 7
94 73 7
94 73 7
94 73 7
94 73 7
94 73 7
94 73 7
94 73 7
94 73 7
94 73 7
94 73 7
94 73 7
94 73 7
94 73 7
94 73 7
94 73 7
94 73 7
94 73 7
95 73 15
95 73 7
95 73 7
95 73 7
95 73 7
95 73 7
95 73 7
95 73 7
95 73 7
95 73 7
95 73 7
95 73 7
95 73 7
95 73 7
95 73 7
95 73 7
95 73 7
95 73 7
95 73 7
96 73 15
96 73 7
96 73 7
96 73 7
96 73 7
96 73 7
96 73 7
96 73 7
96 73 7
96 73 7
96 73 7
96 73 7
96 73 7
96 73 7
96 73 7
96 73 7
96 73 7
97 73 15
97 73 7
97 73 7
97 73 7
97 73 7
97 73 7
97 73 7
97 73 7
97 73 7
97 73 7
97 73 7
97 73 7
97 73 7
97 73 7
97 73 7
97 74 15
97 74 7
97 74 7
97 74 7
97 74 7
97 74 7
97 74 7
97 74 7
97 74 7
97 74 7
97 74 7
97 74 7
97 74 7
97 74 7
97 74 7
98 74 15
98 74 7
98 74 7
98 74 7
98 74 7
98 74 7
98 74 7
98 74 7
98 74 7
98 74 7
98 74 7
98 74 7
98 75 15
98 75 7
98 75 7
98 75 7
98 75 7
98 75 7
98 75 7
98 75 7
98 75 7
98 75 7
98 75 7
98 75 7
98 76 15
98 76 7
98 76 7
98 76 7
98 76 7
98 76 7
98 76 7
98 76 7
98 76 7
98 76 7
98 77 15
98 77 7
98 77 7
98 77 7
98 77 7
98 77 7
98 77 7
98 77 7
98 77 7
98 78 15
98 78 7
98 78 7
98 78 7
98 78 7
98 78 7
98 78 7
98 79 15
98 79 7
98 79 7
98 79 7
98 79 7
98 79 7
98 80 15
98 80 7
98 80 7
98 80 7
98 80 7
98 81 15
98 81 7
98 81 7
98 81 7
98 82 15
98 82 7
98 82 7
98 82 7
98 83 15
98 83 7
98 83 7
98 84 15
98 84 7
98 84 7
98 85 15
98 85 7
98 85 7
98 86 15
98 86 7
98 87 15
98 87 7
98 88 15
98 88 7
98 89 15
98 89 7
98 89 7
98 90 15
98 90 7
98 90 7
98 91 15
98 91 7
98 91 7
98 91 7
98 92 15
98 92 7
98 92 7
98 92 7
98 93 15
98 93 7
98 93 7
98 93 7
98 93 7
98 93 7
98 94 15
98 94 7
98 94 7
98 94 7
98 94 7
98 94 7
98 94 7
98 95 15
98 95 7
98 95 7
98 95 7
98 95 7
98 95 7
98 95 7
98 95 7
98 95 7
100 95 122
101 95 189
102 95 261
103 95 335
104 95 410
105 95 483
106 95 551
107 95 611
108 95 662
109 95 700
110 95 726
111 95 737
112 95 733
113 95 715
114 95 684
115 95 639
116 95 585
117 95 522
118 95 453
119 95 381
120 95 308
121 95 238
122 95 173
123 95 114
124 95 64
125 96 15
125 96 7
125 96 7
125 96 7
125 96 7
125 96 7
125 96 7
126 96 15
126 96 7
126 96 7
126 96 7
126 96 7
126 96 7
126 96 7
126 97 15
126 97 7
126 97 7
126 97 7
126 97 7
126 97 7
126 97 7
127 97 15
127 97 7
127 97 7
127 97 7
127 97 7
127 97 7
127 97 7
127 97 7
127 98 15
127 98 7
127 98 7
127 98 7
127 98 7
127 98 7
127 98 7
127 98 7
128 98 15
128 98 7
128 98 7
128 98 7
128 98 7
128 98 7
128 98 7
128 98 7
128 98 7
128 99 15
128 99 7
128 99 7
128 99 7
128 99 7
128 99 7
128 99 7
128 99 7
128 99 7
128 99 7
129 99 15
129 99 7
129 99 7
129 99 7
129 99 7
129 99 7
129 99 7
129 99 7
129 99 7
129 99 7
130 99 15
130 99 7
130 99 7
130 99 7
130 99 7
130 99 7
130 99 7
130 99 7
130 99 7
130 99 7
130 99 7
131 99 15
131 99 7
131 99 7
131 99 7
131 99 7
131 99 7
131 99 7
131 99 7
131 99 7
131 99 7
131 99 7
132 99 15
132 99 7
132 99 7
132 99 7
132 99 7
132 99 7
132 99 7
132 99 7
132 99 7
132 99 7
133 99 15
133 99 7
133 99 7
133 99 7
133 99 7
133 99 7
133 99 7
133 99 7
133 99 7
133 100 15
133 100 7
133 100 7
133 100 7
133 100 7
133 100 7
133 100 7
133 100 7
133 100 7
133 100 7
133 101 15
133 101 7
133 101 7
133 101 7
133 101 7
133 101 7
133 101 7
133 101 7
133 101 7
133 101 7
134 101 15
134 101 7
134 101 7
134 101 7
134 101 7
134 101 7
134 101 7
134 101 7
134 102 15
134 102 7
134 102 7
134 102 7
134 102 7
134 102 7
134 102 7
134 102 7
134 103 15
134 103 7
134 103 7
134 103 7
134 103 7
134 103 7
134 103 7
134 103 7
134 104 15
134 104 7
134 104 7
134 104 7
134 104 7
134 104 7
134 104 7
135 104 18
135 104 7
135 104 7
135 104 7
135 104 7
136 104 23
136 104 7
136 104 7
138 104 24
138 104 7
139 104 19
139 104 7
140 104 15
140 104 7
140 104 7
141 104 15
141 104 7
141 104 7
141 105 15
141 105 7
141 105 7
141 106 15
141 106 7
141 107 15
141 107 7
142 107 15
142 107 7
142 108 15
142 108 7
142 109 15
142 110 15
142 111 15
143 111 15
144 111 15
145 111 15
145 111 7
146 111 15
146 111 7
147 111 15
147 111 7
148 111 15
148 111 7
149 111 15
149 111 7
150 111 16
150 111 7
151 111 33
152 111 53
153 111 76
154 111 100
155 111 126
156 111 151
157 111 174
158 111 195
159 111 213
160 111 226
161 111 235
162 111 238
163 111 235
164 111 228
165 111 215
166 111 197
167 111 176
168 111 151
169 111 125
170 111 98
171 111 71
172 111 45
172 111 7
172 111 7
172 110 49
172 110 7
172 110 7
173 109 35
173 109 7
173 109 7
173 109 7
173 109 7
174 109 15
174 109 7
174 109 7
174 109 7
174 109 7
174 109 7
174 109 7
174 109 7
174 109 7
174 110 15
174 110 7
174 110 7
174 110 7
174 110 7
174 110 7
174 110 7
174 110 7
174 111 15
174 111 7
174 111 7
174 111 7
174 111 7
174 111 7
174 111 7
174 112 15
174 112 7
174 112 7
174 112 7
174 112 7
174 112 7
174 112 7
174 113 17
174 113 7
174 113 7
174 113 7
174 113 7
174 113 7
174 113 7
174 114 33
174 114 7
174 114 7
174 114 7
174 114 7
173 114 49
173 115 67
173 116 88
173 117 109
173 118 131
173 119 150
173 120 167
173 121 181
173 122 191
173 123 196
173 123 7
173 123 7
173 124 197
173 124 7
173 124 7
173 124 7
173 126 186
173 127 175
173 128 161
173 129 145
173 130 128
173 131 111
173 132 94
173 133 79
173 134 67
173 135 57
173 135 7
173 136 50
173 136 7
173 136 7
173 136 7
173 136 7
173 137 46
173 137 7
173 137 7
173 137 7
173 137 7
173 137 7
173 138 45
173 138 7
173 138 7
173 138 7
173 138 7
173 138 7
173 139 47
173 139 7
173 139 7
173 139 7
173 139 7
173 139 7
174 139 50
174 139 7
174 139 7
174 139 7
174 139 7
174 140 53
174 140 7
174 140 7
176 140 58
177 140 60
178 140 61
179 140 61
180 140 60
181 140 57
182 140 53
183 140 49
184 140 43
185 140 37
186 140 32
187 140 27
187 140 7
187 140 7
187 141 22
187 141 7
187 141 7
187 142 18
187 142 7
187 143 16
187 143 7
187 144 15
188 145 15
188 146 15
188 147 15
188 148 15
188 149 15
188 150 15
188 151 15
188 152 15
188 153 15
188 154 15
188 155 15
188 156 15
188 157 15
189 158 15
189 159 15
190 159 15
191 159 15
191 160 15
191 161 15
191 162 15
191 163 15
191 164 15
191 165 15
191 166 15
191 167 15
191 168 15
190 168 15
190 169 15
190 170 15
189 170 15
188 171 15
188 172 15
188 173 15
188 174 15
188 175 15
188 176 15
188 177 15
188 178 15
188 179 15
188 180 15
188 181 15
163 183 21
163 183 7
163 183 7
163 182 15
163 182 7
163 182 7
164 182 15
164 182 7
164 182 7
164 181 15
164 181 7
164 180 15
164 180 7
165 180 15
165 180 7
166 180 15
166 180 7
167 180 15
167 180 7
168 180 15
168 180 7
168 180 7
169 180 15
169 180 7
169 180 7
170 180 15
170 180 7
170 180 7
171 180 15
171 180 7
171 180 7
171 180 7
172 180 15
172 180 7
172 180 7
172 180 7
173 180 15
173 180 7
173 180 7
174 180 15
174 180 7
174 180 7
175 180 15
175 180 7
175 180 7
176 180 15
176 180 7
177 180 15
177 180 7
178 180 15
178 180 7
179 180 15
179 180 7
179 181 15
179 181 7
180 181 15
180 181 7
181 181 15
181 181 7
182 181 15
182 181 7
183 181 15
183 181 7
184 181 15
185 181 15
186 181 15
187 181 15
162 183 17
162 183 7
162 183 7
162 183 7
161 183 15
161 183 7
161 183 7
161 183 7
161 183 7
161 183 7
160 183 15
160 183 7
160 183 7
160 183 7
160 183 7
160 183 7
160 183 7
159 183 15
159 183 7
159 183 7
159 183 7
159 183 7
159 183 7
159 183 7
159 183 7
158 183 15
158 183 7
158 183 7
158 183 7
158 183 7
158 183 7
158 183 7
158 183 7
157 183 15
157 183 7
157 183 7
157 183 7
157 183 7
157 183 7
157 183 7
157 183 7
156 183 15
156 183 7
156 183 7
156 183 7
156 183 7
156 183 7
156 183 7
156 183 7
155 183 15
155 183 7
155 183 7
155 183 7
155 183 7
155 183 7
155 183 7
154 183 15
154 183 7
154 183 7
154 183 7
154 183 7
154 183 7
153 183 15
153 183 7
153 183 7
153 183 7
153 183 7
152 183 15
152 183 7
152 183 7
152 183 7
152 183 7
151 183 15
151 183 7
151 183 7
151 183 7
150 183 15
150 183 7
150 183 7
150 183 7
149 183 15
149 183 7
149 183 7
149 183 7
149 183 7
149 184 15
149 184 7
149 184 7
149 184 7
149 184 7
149 184 7
148 184 17
148 184 7
148 184 7
148 184 7
148 184 7
148 184 7
148 184 7
147 184 20
147 184 7
147 184 7
147 184 7
147 184 7
147 184 7
147 184 7
147 184 7
147 184 7
147 185 22
147 185 7
147 185 7
147 185 7
147 185 7
147 185 7
147 185 7
147 185 7
147 185 7
147 185 7
147 185 7
147 185 7
147 185 7
146 185 20
146 185 7
146 185 7
146 185 7
146 185 7
146 185 7
146 185 7
146 185 7
146 185 7
146 185 7
146 185 7
146 185 7
146 185 7
146 185 7
146 185 7
146 185 7
146 185 7
145 185 19
145 185 7
145 185 7
145 185 7
145 185 7
145 185 7
145 185 7
145 185 7
145 185 7
145 185 7
145 185 7
145 185 7
145 185 7
145 185 7
145 185 7
145 185 7
145 185 7
145 185 7
145 185 7
145 185 7
145 185 7
145 186 17
145 186 7
145 186 7
145 186 7
145 186 7
145 186 7
145 186 7
145 186 7
145 186 7
145 186 7
145 186 7
145 186 7
145 186 7
145 186 7
145 186 7
145 186 7
145 186 7
145 186 7
145 186 7
145 186 7
145 186 7
145 186 7
145 186 7
145 186 7
145 186 7
144 186 15
144 186 7
144 186 7
144 186 7
144 186 7
144 186 7
144 186 7
144 186 7
144 186 7
144 186 7
144 186 7
144 186 7
144 186 7
144 186 7
144 186 7
144 186 7
144 186 7
144 186 7
144 186 7
144 186 7
144 186 7
144 186 7
144 186 7
144 186 7
144 186 7
144 186 7
144 186 7
143 186 15
143 186 7
143 186 7
143 186 7
143 186 7
143 186 7
143 186 7
143 186 7
143 186 7
143 186 7
143 186 7
143 186 7
143 186 7
143 186 7
143 186 7
143 186 7
143 186 7
143 186 7
143 186 7
143 186 7
143 186 7
143 186 7
143 186 7
143 186 7
143 186 7
143 186 7
142 186 15
142 186 7
142 186 7
142 186 7
142 186 7
142 186 7
142 186 7
142 186 7
142 186 7
142 186 7
142 186 7
142 186 7
142 186 7
142 186 7
142 186 7
142 186 7
142 186 7
142 186 7
142 186 7
142 186 7
142 186 7
142 186 7
142 186 7
141 186 15
141 186 7
141 186 7
141 186 7
141 186 7
141 186 7
141 186 7
141 186 7
141 186 7
141 186 7
141 186 7
141 186 7
141 186 7
141 186 7
141 186 7
141 186 7
141 186 7
141 186 7
141 186 7
140 186 15
140 186 7
140 186 7
140 186 7
140 186 7
140 186 7
140 186 7
140 186 7
140 186 7
140 186 7
140 186 7
140 186 7
140 186 7
140 186 7
140 186 7
139 186 15
139 186 7
139 186 7
139 186 7
139 186 7
139 186 7
139 186 7
139 186 7
139 186 7
139 186 7
139 186 7
139 186 7
139 186 7
138 186 15
138 186 7
138 186 7
138 186 7
138 186 7
138 186 7
138 186 7
138 186 7
138 186 7
138 186 7
138 186 7
137 186 15
137 186 7
137 186 7
137 186 7
137 186 7
137 186 7
137 186 7
137 186 7
137 186 7
137 186 7
136 186 15
136 186 7
136 186 7
136 186 7
136 186 7
136 186 7
136 186 7
136 186 7
136 186 7
135 186 15
135 186 7
135 186 7
135 186 7
135 186 7
135 186 7
135 186 7
135 186 7
134 186 15
134 186 7
134 186 7
134 186 7
134 186 7
134 186 7
134 186 7
133 186 15
133 186 7
133 186 7
133 186 7
133 186 7
133 186 7
132 186 15
132 186 7
132 186 7
132 186 7
132 186 7
131 186 15
131 186 7
131 186 7
131 186 7
130 186 15
130 186 7
130 186 7
129 186 15
129 186 7
128 186 15
128 186 7
127 186 15
127 186 7
126 186 15
125 186 15
124 186 15
124 185 15
124 184 15
124 183 15
124 182 15
124 181 15
124 180 15
124 179 15
124 178 15
124 177 15
123 176 15
123 175 15
122 175 15
122 174 15
121 174 15
120 174 15
120 173 15
119 173 15
118 173 15
118 172 15
117 172 15
117 171 15
116 171 15
115 171 15
115 170 15
115 169 15
114 169 15
113 169 15
112 169 15
110 169 15
109 169 15
108 169 15
107 169 15
106 169 15
105 169 15
104 169 15
103 169 15
103 170 15
102 170 15
101 170 15
101 171 15
100 171 15
99 171 15
99 172 15
98 172 15
98 173 15
172 139 44
172 139 7
172 139 7
172 139 7
172 139 7
172 138 42
172 138 7
172 138 7
172 138 7
172 138 7
172 138 7
171 138 39
171 138 7
171 138 7
171 138 7
171 138 7
171 137 38
171 137 7
171 137 7
171 137 7
171 137 7
170 137 36
170 137 7
170 137 7
170 137 7
169 137 35
169 137 7
169 137 7
169 137 7
169 136 35
169 136 7
169 136 7
169 136 7
168 136 36
168 136 7
168 136 7
168 135 38
168 135 7
168 135 7
167 135 40
167 135 7
167 135 7
166 135 45
166 135 7
166 135 7
165 135 53
165 135 7
164 135 65
164 135 7
175 109 15
175 109 7
175 109 7
175 109 7
175 109 7
175 109 7
175 109 7
175 109 7
175 109 7
175 109 7
175 109 7
175 109 7
175 108 15
175 108 7
175 108 7
175 108 7
175 108 7
175 108 7
175 108 7
175 108 7
175 108 7
175 108 7
175 108 7
175 108 7
175 108 7
175 108 7
175 108 7
176 108 15
176 108 7
176 108 7
176 108 7
176 108 7
176 108 7
176 108 7
176 108 7
176 108 7
176 108 7
176 108 7
176 108 7
176 108 7
176 108 7
176 108 7
176 108 7
176 108 7
176 108 7
177 108 15
177 108 7
177 108 7
177 108 7
177 108 7
177 108 7
177 108 7
177 108 7
177 108 7
177 108 7
177 108 7
177 108 7
177 108 7
177 108 7
177 108 7
177 108 7
177 108 7
177 108 7
177 108 7
177 108 7
178 108 15
178 108 7
178 108 7
178 108 7
178 108 7
178 108 7
178 108 7
178 108 7
178 108 7
178 108 7
178 108 7
178 108 7
178 108 7
178 108 7
178 108 7
178 108 7
178 108 7
178 108 7
178 108 7
178 108 7
178 108 7
178 108 7
179 108 15
179 108 7
179 108 7
179 108 7
179 108 7
179 108 7
179 108 7
179 108 7
179 108 7
179 108 7
179 108 7
179 108 7
179 108 7
179 108 7
179 108 7
179 108 7
179 108 7
179 108 7
179 108 7
179 108 7
179 108 7
179 108 7
179 108 7
180 108 15
180 108 7
180 108 7
180 108 7
180 108 7
180 108 7
180 108 7
180 108 7
180 108 7
180 108 7
180 108 7
180 108 7
180 108 7
180 108 7
180 108 7
180 108 7
180 108 7
180 108 7
180 108 7
180 108 7
180 108 7
180 108 7
181 108 15
181 108 7
181 108 7
181 108 7
181 108 7
181 108 7
181 108 7
181 108 7
181 108 7
181 108 7
181 108 7
181 108 7
181 108 7
181 108 7
181 108 7
181 108 7
181 108 7
181 108 7
181 108 7
181 108 7
182 108 15
182 108 7
182 108 7
182 108 7
182 108 7
182 108 7
182 108 7
182 108 7
182 108 7
182 108 7
182 108 7
182 108 7
182 108 7
182 108 7
182 108 7
182 108 7
182 108 7
183 108 15
183 108 7
183 108 7
183 108 7
183 108 7
183 108 7
183 108 7
183 108 7
183 108 7
183 108 7
183 108 7
183 108 7
183 108 7
183 108 7
183 107 15
183 107 7
183 107 7
183 107 7
183 107 7
183 107 7
183 107 7
183 107 7
183 107 7
183 107 7
183 107 7
183 107 7
183 107 7
183 107 7
183 107 7
183 107 7
183 107 7
183 106 15
183 106 7
183 106 7
183 106 7
183 106 7
183 106 7
183 106 7
183 106 7
183 106 7
183 106 7
183 106 7
183 106 7
183 106 7
183 106 7
183 106 7
183 106 7
183 106 7
183 106 7
183 106 7
183 106 7
183 105 15
183 105 7
183 105 7
183 105 7
183 105 7
183 105 7
183 105 7
183 105 7
183 105 7
183 105 7
183 105 7
183 105 7
183 105 7
183 105 7
183 105 7
183 105 7
183 105 7
183 105 7
183 105 7
183 105 7
183 105 7
183 105 7
183 105 7
184 105 15
184 105 7
184 105 7
184 105 7
184 105 7
184 105 7
184 105 7
184 105 7
184 105 7
184 105 7
184 105 7
184 105 7
184 105 7
184 105 7
184 105 7
184 105 7
184 105 7
184 105 7
184 105 7
185 105 15
185 105 7
185 105 7
185 105 7
185 105 7
185 105 7
185 105 7
185 105 7
185 105 7
185 105 7
185 105 7
185 105 7
185 105 7
185 105 7
185 105 7
185 105 7
186 105 17
186 105 7
186 105 7
186 105 7
186 105 7
186 105 7
186 105 7
186 105 7
186 105 7
186 105 7
186 105 7
186 105 7
186 105 7
186 105 7
186 105 7
186 104 25
186 104 7
186 104 7
186 104 7
186 104 7
186 104 7
186 104 7
186 104 7
186 104 7
186 104 7
186 104 7
186 104 7
186 104 7
186 104 7
186 104 7
186 104 7
187 104 32
187 104 7
187 104 7
187 104 7
187 104 7
187 104 7
187 104 7
187 104 7
187 104 7
187 104 7
187 104 7
187 104 7
187 104 7
187 104 7
187 103 41
187 103 7
187 103 7
187 103 7
187 103 7
187 103 7
187 103 7
187 103 7
187 103 7
187 103 7
187 103 7
187 103 7
187 103 7
187 103 7
187 103 7
187 103 7
188 103 46
188 103 7
188 103 7
188 103 7
188 103 7
188 103 7
188 103 7
188 103 7
188 103 7
188 103 7
188 103 7
188 103 7
188 103 7
188 103 7
188 103 7
188 103 7
189 103 54
189 103 7
189 103 7
189 103 7
189 103 7
189 103 7
189 103 7
189 103 7
189 103 7
189 103 7
189 103 7
189 103 7
189 103 7
189 103 7
189 103 7
189 103 7
189 102 57
189 102 7
189 102 7
189 102 7
189 102 7
189 102 7
189 102 7
189 102 7
189 102 7
189 102 7
189 102 7
189 102 7
189 102 7
189 102 7
189 102 7
189 102 7
189 102 7
189 102 7
189 102 7
190 102 64
190 102 7
190 102 7
190 102 7
190 102 7
190 102 7
190 102 7
190 102 7
190 102 7
190 102 7
190 102 7
190 102 7
190 102 7
190 102 7
190 102 7
190 102 7
190 102 7
190 102 7
190 101 66
190 101 7
190 101 7
190 101 7
190 101 7
190 101 7
190 101 7
190 101 7
190 101 7
190 101 7
190 101 7
190 101 7
190 101 7
190 101 7
190 101 7
190 101 7
190 101 7
190 101 7
190 101 7
190 100 71
190 100 7
190 100 7
190 100 7
190 100 7
190 100 7
190 100 7
190 100 7
190 100 7
190 100 7
190 100 7
190 100 7
190 100 7
190 100 7
190 100 7
190 100 7
191 100 72
191 100 7
191 100 7
191 100 7
191 100 7
191 100 7
191 100 7
191 100 7
191 100 7
191 100 7
191 100 7
191 100 7
191 100 7
191 99 75
191 99 7
191 99 7
191 99 7
191 99 7
191 99 7
191 99 7
191 99 7
192 99 77
192 99 7
192 99 7
192 98 77
192 97 78
193 97 78
193 96 76
193 95 74
193 94 72
193 93 69
194 93 64
194 92 58
194 91 50
194 90 43
194 89 34
73 67 15
72 67 15
71 67 15
71 66 15
71 65 15
71 64 15
70 64 15
70 63 15
70 62 15
69 62 15
68 62 15
67 62 15
66 62 15
65 62 15
64 62 15
63 62 15
62 62 15
61 62 15
61 63 15
60 63 15
59 63 15
58 63 15
57 63 15
56 63 15
56 64 15
56 65 15
56 66 15
55 66 15
54 66 15
53 66 15
52 66 15
51 66 15
50 66 15
49 66 15
48 66 15
48 67 15
48 68 15
47 69 15
46 69 15
45 69 15
44 69 15
44 70 15
43 70 15
42 70 15
41 70 15
40 70 15
39 70 15
39 71 15
38 71 15
37 71 15
37 72 15
36 72 15
36 73 15
36 74 15
36 75 15
35 76 15
34 76 15
33 76 15
32 76 15
31 76 15
30 76 15
29 76 15
28 76 15
27 76 15
26 76 15
25 76 15
24 76 15
23 76 15
22 76 15
21 76 19
20 76 23
19 76 27
18 76 30
17 76 31
16 76 32
15 76 31
14 76 28
13 76 24
12 76 19
