48 103 23
185 41 23
185 41 13
63 186 23
128 136 23
85 158 23
85 158 13
85 158 13
85 158 13
85 158 13
85 158 13
85 158 13
85 158 13
175 135 23
147 68 23
41 69 23
164 100 23
180 188 23
44 5 23
50 89 23
39 82 23
39 82 13
149 81 23
162 87 23
74 179 23
73 165 23
73 165 13
73 165 13
73 165 13
73 165 13
73 165 13
73 165 13
52 76 23
176 121 23
176 121 13
176 121 13
176 121 13
176 121 13
176 121 13
176 121 13
176 121 13
176 121 13
176 121 13
164 128 23
164 128 13
164 128 13
164 128 13
164 128 13
164 128 13
164 128 13
164 128 13
164 128 13
164 128 13
164 128 13
164 128 13
164 128 13
164 128 13
164 128 13
187 128 23
127 150 23
127 150 13
127 150 13
127 150 13
127 150 13
127 150 13
127 150 13
127 150 13
113 143 23
113 143 13
113 143 13
113 143 13
113 143 13
113 143 13
113 143 13
113 143 13
113 143 13
113 143 13
113 143 13
113 143 13
113 143 13
113 143 13
113 143 13
113 143 13
113 143 13
113 143 13
113 143 13
113 143 13
113 143 13
113 143 13
113 143 13
113 143 13
113 143 13
113 143 13
113 143 13
141 143 23
141 143 13
141 143 13
141 143 13
141 143 13
141 143 13
141 143 13
141 143 13
141 143 13
141 143 13
141 143 13
141 143 13
141 143 13
141 143 13
141 143 13
141 143 13
141 143 13
141 143 13
141 143 13
141 143 13
172 50 23
186 55 23
186 55 13
159 59 23
187 142 23
61 97 23
61 97 13
86 172 23
86 172 13
86 172 13
86 172 13
86 172 13
86 172 13
86 172 13
86 172 13
86 172 13
86 172 13
86 172 13
86 172 13
86 172 13
86 172 13
86 172 13
61 172 23
61 172 13
61 172 13
61 172 13
61 172 13
61 172 13
61 172 13
61 172 13
161 73 23
127 122 23
140 115 23
140 115 13
140 115 13
140 115 13
152 108 23
152 108 13
152 108 13
152 108 13
152 108 13
152 108 13
152 108 13
152 108 13
152 108 13
127 108 23
139 102 23
139 102 13
139 102 13
139 102 13
139 102 13
139 102 13
139 102 13
139 102 13
139 102 13
139 102 13
139 102 13
176 107 23
53 62 23
59 111 23
59 111 13
59 111 13
59 111 13
59 111 13
59 111 13
59 111 13
59 111 13
59 111 13
59 111 13
59 111 13
59 111 13
59 111 13
59 111 13
59 111 13
59 111 13
59 111 13
59 111 13
59 111 13
59 111 13
76 193 23
141 129 23
141 129 13
141 129 13
141 129 13
141 129 13
141 129 13
141 129 13
64 199 23
64 199 13
64 199 13
64 199 13
64 199 13
64 199 13
64 199 13
64 199 13
64 199 13
64 199 13
64 199 13
64 199 13
64 199 13
64 199 13
64 199 13
64 199 13
41 55 23
41 55 13
41 55 13
41 55 13
41 55 13
41 55 13
113 101 23
113 101 13
113 101 13
113 101 13
113 101 13
113 101 13
113 101 13
113 101 13
113 101 13
113 101 13
113 101 13
113 101 13
113 101 13
125 95 23
125 95 13
125 95 13
125 95 13
125 95 13
125 95 13
125 95 13
125 95 13
125 95 13
125 95 13
125 95 13
125 95 13
125 95 13
125 95 13
125 95 13
125 95 13
125 95 13
125 95 13
125 95 13
125 95 13
125 95 13
125 95 13
113 115 23
113 115 13
113 115 13
113 115 13
113 115 13
113 115 13
113 115 13
113 115 13
113 115 13
71 150 23
85 143 23
85 143 13
85 143 13
85 143 13
63 83 23
63 83 13
63 83 13
63 83 13
63 83 13
63 83 13
63 83 13
63 83 13
63 83 13
63 83 13
63 83 13
63 83 13
63 83 13
63 83 13
63 83 13
63 83 13
63 83 13
63 83 13
63 83 13
63 83 13
63 83 13
52 48 23
52 48 13
52 48 13
52 48 13
52 48 13
52 48 13
52 48 13
52 48 13
52 48 13
52 48 13
52 48 13
52 48 13
52 48 13
99 107 23
99 107 13
99 107 13
99 107 13
99 107 13
99 107 13
99 107 13
99 107 13
99 107 13
99 107 13
99 107 13
99 107 13
99 107 13
99 107 13
99 107 13
99 107 13
99 107 13
99 107 13
99 107 13
99 107 13
99 107 13
99 107 13
99 107 13
99 107 13
99 107 13
71 135 23
71 135 13
71 135 13
71 135 13
85 128 23
85 128 13
85 128 13
85 128 13
85 128 13
85 128 13
85 128 13
72 105 23
72 105 13
72 105 13
72 105 13
72 105 13
72 105 13
72 105 13
72 105 13
72 105 13
72 105 13
72 105 13
72 105 13
72 105 13
72 105 13
72 105 13
72 105 13
72 105 13
72 105 13
72 105 13
72 105 13
72 105 13
72 105 13
72 105 13
72 105 13
72 105 13
72 105 13
72 105 13
72 105 13
72 105 13
72 105 13
99 121 23
39 41 23
39 41 13
39 41 13
39 41 13
39 41 13
39 41 13
39 41 13
39 41 13
39 41 13
39 41 13
39 41 13
39 41 13
39 41 13
39 41 13
39 41 13
39 41 13
39 41 13
39 41 13
39 41 13
39 41 13
39 41 13
39 41 13
49 34 23
47 20 23
58 142 23
58 142 13
58 142 13
58 142 13
58 142 13
58 142 13
58 142 13
58 142 13
58 142 13
58 142 13
58 142 13
58 142 13
58 142 13
58 142 13
58 142 13
58 142 13
58 142 13
58 142 13
58 142 13
58 142 13
58 142 13
58 142 13
58 142 13
58 142 13
58 142 13
58 142 13
58 142 13
58 142 13
58 142 13
58 142 13
58 142 13
58 142 13
58 142 13
58 142 13
58 142 13
127 164 23
127 164 13
127 164 13
127 164 13
127 164 13
127 164 13
127 164 13
127 164 13
127 164 13
127 164 13
127 164 13
127 164 13
127 164 13
127 164 13
127 164 13
127 164 13
127 164 13
127 164 13
127 164 13
127 164 13
127 164 13
127 164 13
127 164 13
127 164 13
127 164 13
127 164 13
127 164 13
127 164 13
127 164 13
127 164 13
127 164 13
127 164 13
127 164 13
127 164 13
50 178 23
50 178 13
50 178 13
50 178 13
50 178 13
50 178 13
50 178 13
50 178 13
50 178 13
50 178 13
50 178 13
50 178 13
50 178 13
50 178 13
50 178 13
50 178 13
50 178 13
50 178 13
50 178 13
50 178 13
50 178 13
50 178 13
50 178 13
50 178 13
50 178 13
50 178 13
50 178 13
50 178 13
50 178 13
50 178 13
50 178 13
50 178 13
50 178 13
50 178 13
50 178 13
50 178 13
50 178 13
88 199 23
88 199 13
88 199 13
88 199 13
88 199 13
88 199 13
88 199 13
88 199 13
88 199 13
88 199 13
88 199 13
88 199 13
88 199 13
88 199 13
88 199 13
88 199 13
87 186 23
101 193 23
101 193 13
101 193 13
101 193 13
101 193 13
101 193 13
101 193 13
101 193 13
101 193 13
101 193 13
101 193 13
101 193 13
101 193 13
101 193 13
101 193 13
101 193 13
101 193 13
101 193 13
101 193 13
101 193 13
101 193 13
101 193 13
101 193 13
101 193 13
101 193 13
101 193 13
101 193 13
101 193 13
101 193 13
101 193 13
101 193 13
175 92 23
175 92 13
175 92 13
175 92 13
175 92 13
175 92 13
175 92 13
175 92 13
175 92 13
175 92 13
175 92 13
175 92 13
175 92 13
71 120 23
71 120 13
71 120 13
71 120 13
71 120 13
71 120 13
71 120 13
71 120 13
71 120 13
71 120 13
71 120 13
71 120 13
71 120 13
71 120 13
71 120 13
71 120 13
71 120 13
71 120 13
71 120 13
71 120 13
71 120 13
71 120 13
71 120 13
71 120 13
71 120 13
71 120 13
71 120 13
71 120 13
71 120 13
71 120 13
71 120 13
71 120 13
71 120 13
114 129 23
114 129 13
114 129 13
114 129 13
114 129 13
114 129 13
114 129 13
114 129 13
114 129 13
114 129 13
114 129 13
114 129 13
114 129 13
114 129 13
114 129 13
114 129 13
114 129 13
114 129 13
114 129 13
114 129 13
114 129 13
114 129 13
114 129 13
114 129 13
114 129 13
114 129 13
99 136 23
99 136 13
99 136 13
99 136 13
99 136 13
99 136 13
99 136 13
99 136 13
99 136 13
99 136 13
99 136 13
99 136 13
99 136 13
99 136 13
99 136 13
99 136 13
99 136 13
99 136 13
99 136 13
99 136 13
99 136 13
99 136 13
99 136 13
99 136 13
99 136 13
99 136 13
99 136 13
99 136 13
99 136 13
99 136 13
99 136 13
99 136 13
99 136 13
99 136 13
99 136 13
173 64 23
173 64 13
173 64 13
173 64 13
173 64 13
173 64 13
173 64 13
173 64 13
173 64 13
173 64 13
173 64 13
173 64 13
33 12 23
33 12 13
33 12 13
59 157 23
59 157 13
59 157 13
59 157 13
59 157 13
59 157 13
59 157 13
59 157 13
59 157 13
59 157 13
59 157 13
59 157 13
59 157 13
59 157 13
59 157 13
59 157 13
59 157 13
51 193 23
51 193 13
51 193 13
51 193 13
39 199 23
39 199 13
39 199 13
39 199 13
39 199 13
39 199 13
39 199 13
39 199 13
39 199 13
39 199 13
39 199 13
39 199 13
39 199 13
39 199 13
39 199 13
39 199 13
39 199 13
39 199 13
39 199 13
39 199 13
39 199 13
39 199 13
39 199 13
39 199 13
39 199 13
39 199 13
39 199 13
39 199 13
39 199 13
39 199 13
39 199 13
39 199 13
39 199 13
39 199 13
179 175 23
179 175 13
179 175 13
179 175 13
179 175 13
179 175 13
179 175 13
179 175 13
179 175 13
179 175 13
179 175 13
179 175 13
179 175 13
179 175 13
179 175 13
179 175 13
179 175 13
179 175 13
179 175 13
179 175 13
179 175 13
179 175 13
179 175 13
179 175 13
179 175 13
179 175 13
179 175 13
179 175 13
179 175 13
168 195 23
168 195 13
168 195 13
168 195 13
168 195 13
31 0 23
31 0 13
31 0 13
31 0 13
31 0 13
31 0 13
31 0 13
31 0 13
31 0 13
31 0 13
31 0 13
31 0 13
31 0 13
31 0 13
31 0 13
31 0 13
31 0 13
31 0 13
31 0 13
31 0 13
31 0 13
31 0 13
31 0 13
36 27 23
153 122 23
153 122 13
153 122 13
153 122 13
153 122 13
153 122 13
153 122 13
153 122 13
153 122 13
153 122 13
153 122 13
153 122 13
153 122 13
153 122 13
153 122 13
153 122 13
153 122 13
153 122 13
153 122 13
153 122 13
153 122 13
153 122 13
153 122 13
153 122 13
153 122 13
153 122 13
153 122 13
153 122 13
153 122 13
153 122 13
113 158 23
113 158 13
113 158 13
113 158 13
113 158 13
113 158 13
113 158 13
113 158 13
113 158 13
113 158 13
113 158 13
113 158 13
113 158 13
113 158 13
113 158 13
113 158 13
113 158 13
113 158 13
113 158 13
113 158 13
113 158 13
113 158 13
113 158 13
113 158 13
113 158 13
113 158 13
113 158 13
113 158 13
113 158 13
113 158 13
113 158 13
113 158 13
113 158 13
113 158 13
113 158 13
113 158 13
113 158 13
113 158 13
113 158 13
113 158 13
113 158 13
113 158 13
113 158 13
113 158 13
113 158 13
113 158 13
113 158 13
113 158 13
113 158 13
99 94 23
99 94 13
99 94 13
99 94 13
99 94 13
99 94 13
99 94 13
99 94 13
99 94 13
99 94 13
99 80 23
99 80 13
99 80 13
99 80 13
99 80 13
99 80 13
99 80 13
99 80 13
99 80 13
99 80 13
99 80 13
99 80 13
99 80 13
99 80 13
99 80 13
99 80 13
99 80 13
99 80 13
99 80 13
99 80 13
99 80 13
99 80 13
99 80 13
99 80 13
99 80 13
99 80 13
99 80 13
99 80 13
99 80 13
99 80 13
99 80 13
99 80 13
99 80 13
112 88 23
199 47 23
199 47 13
199 47 13
199 47 13
199 47 13
199 47 13
199 47 13
199 47 13
199 47 13
199 47 13
199 47 13
199 47 13
199 47 13
199 47 13
199 47 13
199 47 13
199 47 13
199 47 13
199 47 13
199 47 13
199 47 13
199 47 13
199 47 13
199 47 13
199 47 13
199 47 13
199 47 13
199 47 13
123 82 23
123 82 13
123 82 13
123 82 13
123 82 13
123 82 13
123 82 13
123 82 13
123 82 13
123 82 13
123 82 13
123 82 13
135 75 23
135 75 13
164 99 15
164 98 15
164 97 15
164 96 15
164 95 15
163 95 15
163 94 15
163 93 15
163 92 15
163 91 15
163 90 15
162 90 15
162 89 15
162 88 15
161 87 15
161 86 15
160 86 15
160 85 15
160 84 15
160 83 15
160 82 15
160 81 15
160 80 15
160 79 15
160 78 15
160 77 15
160 76 15
160 75 15
160 74 15
160 73 15
159 73 15
158 73 15
158 72 15
157 72 15
157 71 15
157 70 15
157 69 15
156 69 15
156 68 15
155 68 15
154 68 15
153 68 15
152 68 15
151 68 15
150 68 15
149 68 15
148 68 15
113 114 122
113 113 125
113 112 130
113 111 136
113 110 143
113 109 150
113 108 157
113 107 163
113 106 169
113 105 173
113 104 176
113 103 177
113 102 176
112 101 160
111 101 148
111 101 15
111 100 135
111 100 15
111 99 120
111 99 15
111 99 15
111 98 104
111 98 15
111 98 15
110 98 86
110 98 15
110 98 15
110 98 15
110 97 66
110 97 15
110 97 15
110 97 15
110 96 47
110 96 15
110 96 15
110 96 15
110 95 29
110 95 15
110 95 15
110 95 15
110 94 15
110 94 15
110 94 15
110 94 15
110 93 15
110 93 15
110 93 15
110 92 15
110 92 15
110 92 15
110 91 15
110 91 15
111 91 15
111 91 15
111 90 15
111 90 15
111 89 15
111 89 15
111 88 15
111 88 15
112 87 22
112 86 32
113 86 43
113 85 53
114 85 63
114 84 73
115 84 80
115 83 89
116 83 94
116 82 103
117 82 105
118 82 110
119 82 117
120 82 126
121 82 137
122 82 148
123 81 135
123 81 15
123 81 15
123 80 116
123 80 15
123 80 15
123 79 104
123 79 15
123 79 15
123 79 15
123 78 100
123 78 15
123 78 15
123 78 15
123 78 15
124 78 95
124 78 15
124 78 15
124 78 15
124 78 15
124 78 15
124 78 15
125 78 91
125 78 15
125 78 15
125 78 15
125 78 15
125 78 15
125 78 15
125 78 15
125 78 15
125 78 15
125 77 87
125 77 15
125 77 15
125 77 15
125 77 15
125 77 15
125 77 15
125 77 15
125 77 15
126 77 81
126 77 15
126 77 15
126 77 15
126 77 15
126 77 15
126 77 15
126 77 15
126 77 15
126 77 15
126 77 15
127 77 75
127 77 15
127 77 15
127 77 15
127 77 15
127 77 15
127 77 15
127 77 15
127 77 15
127 77 15
127 77 15
127 77 15
128 77 71
128 77 15
128 77 15
128 77 15
128 77 15
128 77 15
128 77 15
128 77 15
128 77 15
128 77 15
128 77 15
128 77 15
128 77 15
128 76 67
128 76 15
128 76 15
128 76 15
128 76 15
128 76 15
128 76 15
128 76 15
128 76 15
128 76 15
129 76 61
129 76 15
129 76 15
129 76 15
129 76 15
129 76 15
129 76 15
129 76 15
129 76 15
129 76 15
130 76 56
130 76 15
130 76 15
130 76 15
130 76 15
130 76 15
130 76 15
130 76 15
130 76 15
131 76 51
131 76 15
131 76 15
131 76 15
131 76 15
131 76 15
131 76 15
132 76 47
132 76 15
132 76 15
132 76 15
132 76 15
133 76 43
133 76 15
133 76 15
133 76 15
134 76 39
134 76 15
134 75 35
134 75 15
136 75 25
137 75 20
138 75 15
139 75 15
140 75 15
141 75 15
142 75 15
142 74 15
142 73 15
143 73 15
144 73 15
144 72 15
144 71 15
145 71 15
145 70 15
146 70 15
147 70 15
147 69 15
84 143 15
84 143 15
84 143 15
83 143 15
83 143 15
83 142 15
83 142 15
83 142 15
83 141 15
83 141 15
83 141 15
83 140 15
83 140 15
83 140 15
83 139 15
83 139 15
83 139 15
83 139 15
83 138 15
83 138 15
83 138 15
83 138 15
83 137 15
83 137 15
83 137 15
83 137 15
83 136 15
83 136 15
83 136 15
83 136 15
83 136 15
83 135 15
83 135 15
83 135 15
83 135 15
83 135 15
83 134 15
83 134 15
83 134 15
83 134 15
83 134 15
83 133 15
83 133 15
83 133 15
83 133 15
83 133 15
83 132 18
83 132 15
83 132 15
83 132 15
83 132 15
83 132 15
83 131 32
83 131 15
83 131 15
83 131 15
83 131 15
84 131 46
84 131 15
84 131 15
84 131 15
84 130 59
84 130 15
84 130 15
84 130 15
85 130 70
85 130 15
85 130 15
85 129 80
85 129 15
86 128 96
87 128 98
88 128 101
88 127 103
89 127 101
90 127 101
90 126 95
91 126 90
91 125 86
92 125 77
93 125 71
93 124 63
94 124 54
95 124 48
95 123 40
96 123 33
97 123 29
97 122 23
98 122 19
98 122 15
99 122 19
99 122 15
100 121 17
100 121 15
101 121 21
101 121 15
101 120 23
101 120 15
102 120 28
102 120 15
102 120 15
102 119 35
102 119 15
102 119 15
103 119 40
103 119 15
103 119 15
104 119 48
104 119 15
104 119 15
104 119 15
104 118 58
104 118 15
104 118 15
104 118 15
105 118 65
105 118 15
105 118 15
105 118 15
105 118 15
106 118 75
106 118 15
106 118 15
106 118 15
106 118 15
106 118 15
106 117 84
106 117 15
106 117 15
106 117 15
106 117 15
107 117 92
107 117 15
107 117 15
107 117 15
107 117 15
107 117 15
108 117 100
108 117 15
108 117 15
108 117 15
108 117 15
108 117 15
108 117 15
109 117 108
109 117 15
109 117 15
109 117 15
109 117 15
109 117 15
109 117 15
109 117 15
109 117 15
109 116 114
109 116 15
109 116 15
109 116 15
109 116 15
110 116 118
110 116 15
110 116 15
110 116 15
110 116 15
110 116 15
111 116 121
111 116 15
111 116 15
111 116 15
111 116 15
111 116 15
112 116 122
112 116 15
112 116 15
112 116 15
112 116 15
112 116 15
113 116 122
113 116 15
113 116 15
113 116 15
113 116 15
83 144 15
83 144 15
83 145 15
83 145 15
83 146 15
83 146 15
83 147 15
83 147 15
83 148 15
82 148 15
81 148 15
81 149 15
80 149 15
79 149 15
79 150 15
78 150 15
77 150 15
76 150 15
76 151 15
76 152 15
75 152 15
75 153 15
75 154 15
75 155 15
75 156 15
75 157 15
74 157 15
73 157 16
72 157 23
72 158 29
71 158 32
70 158 36
70 159 36
69 159 36
69 160 34
68 160 32
68 161 27
68 161 15
68 162 24
68 162 15
68 162 15
67 162 19
67 162 15
67 162 15
67 162 15
67 163 15
67 163 15
67 163 15
67 163 15
67 164 15
67 164 15
67 164 15
67 164 15
67 165 15
67 165 15
67 165 15
67 165 15
67 166 15
67 166 15
67 166 15
67 166 15
67 167 15
67 167 15
67 167 15
67 167 15
67 168 15
67 168 15
67 168 15
67 169 15
67 169 15
67 169 15
67 170 15
67 170 15
67 171 15
67 171 15
67 172 15
67 172 15
67 173 16
67 174 15
67 175 15
67 176 15
67 177 15
67 178 15
67 179 15
67 180 15
67 181 15
66 181 15
66 182 15
66 183 15
66 184 15
66 185 15
65 185 15
65 186 15
64 186 15
84 144 15
84 144 15
84 144 15
84 145 15
84 145 15
84 146 15
84 146 15
84 147 15
84 147 15
84 148 15
84 148 15
84 149 15
84 149 15
84 150 15
84 150 15
84 151 15
84 151 15
84 152 15
84 152 15
84 153 15
84 153 15
84 154 15
84 154 15
84 155 15
84 155 15
84 155 15
84 156 31
84 156 15
84 157 54
84 157 15
84 158 81
84 158 15
84 158 15
114 115 116
115 115 109
116 115 99
117 115 88
118 115 74
119 115 58
120 115 41
121 115 23
122 115 15
122 115 15
123 115 15
123 116 15
124 116 15
125 116 15
126 116 15
127 116 15
127 117 15
127 118 15
127 119 15
127 120 15
127 121 15
128 122 15
129 122 15
129 123 15
129 124 15
129 125 15
129 126 15
129 127 15
129 128 15
129 129 15
129 130 15
129 131 15
129 132 15
129 133 15
129 133 15
129 134 15
129 134 15
129 135 15
129 135 15
129 136 15
129 136 15
161 72 15
161 71 15
161 70 15
161 69 15
161 68 15
161 67 15
161 66 15
161 65 15
161 64 15
161 63 15
161 62 15
161 61 15
161 60 15
161 59 15
162 59 20
162 58 27
163 58 32
163 57 39
164 57 43
164 56 49
165 56 51
166 56 55
166 55 56
167 55 57
168 55 58
168 54 55
169 54 52
170 54 48
170 53 42
171 53 33
172 53 25
172 52 16
172 51 15
173 50 15
174 50 15
175 50 15
175 50 15
176 50 15
176 50 15
177 50 15
177 50 15
178 50 15
178 50 15
179 50 15
179 50 15
180 50 15
180 50 15
181 50 15
181 50 15
181 49 15
181 49 15
181 48 15
181 48 15
181 47 15
181 47 15
182 47 15
182 47 15
183 47 15
183 47 15
184 47 15
184 47 15
185 47 15
185 47 15
185 46 15
185 46 15
185 45 15
185 45 15
185 44 15
185 44 15
185 43 15
185 43 15
185 42 15
185 42 15
165 100 15
166 100 15
166 101 15
166 102 15
167 102 15
167 103 15
168 103 15
168 104 15
169 104 15
169 105 15
170 105 15
171 105 15
172 105 15
173 105 15
174 105 15
174 106 15
174 107 15
175 107 15
176 108 29
176 109 42
176 110 57
176 111 72
176 112 88
176 113 102
176 114 115
176 115 126
176 116 135
176 117 141
176 118 145
176 119 144
176 120 141
177 121 120
177 122 107
177 122 15
177 123 92
177 123 15
177 123 15
177 123 15
177 124 75
177 124 15
177 124 15
177 124 15
177 124 15
177 125 56
177 125 15
177 125 15
177 125 15
177 125 15
177 125 15
177 126 37
177 126 15
177 126 15
177 126 15
177 126 15
177 126 15
177 127 16
177 127 15
177 127 15
177 127 15
177 127 15
177 127 15
177 128 15
177 128 15
177 128 15
177 128 15
177 128 15
177 129 15
177 129 15
177 129 15
177 129 15
177 130 15
177 130 15
177 130 15
177 131 15
177 131 15
176 131 15
176 131 15
176 131 15
176 132 15
176 132 15
176 133 15
176 133 15
176 134 15
176 134 15
176 135 15
44 6 15
44 7 15
45 7 15
45 8 15
45 9 15
45 10 15
46 10 15
46 11 15
46 12 15
46 13 15
46 14 15
46 15 15
46 16 15
46 17 15
46 18 15
46 19 15
46 20 15
47 21 15
47 22 15
47 23 15
47 24 15
47 25 15
47 26 15
47 27 15
47 28 15
47 29 15
47 30 15
47 31 15
47 32 15
47 33 15
47 34 15
47 35 15
47 36 15
47 37 19
47 38 33
47 39 46
47 40 60
47 41 71
47 42 81
47 43 89
47 44 93
47 45 95
47 46 94
47 47 89
47 47 15
47 48 82
47 49 71
47 50 58
47 51 42
47 52 25
47 52 15
47 53 15
47 53 15
46 53 15
46 53 15
46 54 15
46 54 15
45 54 15
45 54 15
45 55 15
45 55 15
44 55 15
44 55 15
44 56 15
44 56 15
44 57 15
43 57 15
43 57 15
43 58 15
43 59 15
43 60 15
43 61 15
43 62 15
43 63 15
43 64 15
43 65 15
43 66 15
43 67 15
43 68 15
43 69 15
42 69 15
44 69 15
45 69 15
46 69 15
47 69 15
47 70 15
47 71 15
47 72 15
47 73 15
48 73 15
49 73 15
49 74 15
50 74 15
50 75 15
50 76 15
50 77 15
50 78 15
50 79 15
50 80 21
50 81 30
50 82 36
50 83 41
50 84 43
50 85 43
50 86 40
50 87 34
50 88 26
50 90 15
50 91 15
50 92 15
50 93 15
50 94 15
50 95 15
50 96 15
50 97 15
49 97 15
49 98 15
48 98 15
48 99 15
48 100 15
48 101 15
48 102 15
