186 0 431
18 116 431
123 142 431
64 112 431
191 71 431
136 196 431
185 121 431
117 108 431
25 185 431
69 157 431
142 18 431
119 125 431
132 131 431
132 131 421
106 116 431
106 116 421
55 120 431
67 127 431
67 127 421
31 122 431
42 114 431
30 108 431
176 8 431
176 8 421
199 77 431
189 83 431
186 107 431
198 114 431
198 114 421
136 184 431
136 184 421
198 7 431
198 7 421
26 172 431
26 172 421
199 89 431
199 89 421
172 116 431
68 169 431
81 165 431
81 165 421
55 161 431
39 179 431
39 179 421
173 102 431
173 102 421
11 192 431
11 192 421
56 148 431
56 148 421
53 106 431
53 106 421
125 191 431
113 197 431
114 186 431
114 186 421
131 115 431
131 115 421
172 130 431
199 65 431
12 178 431
12 178 421
109 133 431
112 149 431
112 149 421
142 32 431
129 25 431
129 25 421
154 25 431
154 25 421
185 136 431
191 58 431
188 15 431
189 30 431
191 45 431
191 45 421
199 22 431
199 22 421
177 24 431
177 24 421
178 65 431
178 65 421
117 92 431
37 193 431
37 193 421
130 99 431
132 85 431
132 85 421
172 145 431
172 145 421
43 128 431
102 192 431
90 197 431
90 197 421
187 95 431
28 159 431
28 159 421
42 153 431
42 153 421
91 185 431
91 185 421
15 154 431
17 142 431
17 142 421
1 160 431
1 160 421
178 38 431
178 38 421
199 37 431
199 37 421
2 148 431
17 102 431
17 102 421
4 136 431
4 136 421
54 173 431
66 182 431
78 190 431
78 190 421
199 22 421
105 99 431
13 165 431
105 84 431
93 91 431
93 91 421
74 105 431
74 105 421
177 24 421
191 45 421
191 45 421
41 166 431
41 166 421
29 147 431
29 147 421
119 77 431
107 70 431
107 70 421
76 121 431
85 114 431
85 114 421
12 178 421
79 136 431
88 130 431
88 130 421
68 142 431
17 142 421
17 142 421
17 142 421
17 142 421
17 142 421
17 142 421
134 147 431
134 147 421
42 153 421
42 153 421
42 153 421
42 153 421
42 153 421
122 64 431
126 51 431
126 51 421
135 71 431
138 58 431
138 58 421
100 140 431
100 140 421
148 78 431
148 78 421
148 78 421
124 156 431
136 161 431
136 161 421
114 163 431
114 163 421
125 168 431
125 168 421
144 106 431
144 106 421
144 106 421
94 76 431
94 76 421
198 128 431
197 143 431
82 82 431
82 82 421
82 82 421
158 126 431
112 149 421
112 149 421
112 149 421
112 149 421
112 149 421
115 175 431
115 175 421
106 116 421
197 158 431
197 158 421
199 101 431
111 57 431
111 57 421
111 57 421
125 180 431
125 180 421
159 141 431
159 141 421
158 111 431
176 77 431
176 77 421
185 151 431
185 151 421
145 121 431
145 121 421
173 102 421
173 102 421
173 102 421
199 51 431
176 8 421
176 8 421
176 8 421
172 160 431
172 174 431
172 174 421
160 168 431
160 168 421
160 168 421
185 166 431
185 166 421
172 145 421
172 145 421
146 136 431
146 136 421
146 136 421
178 65 421
166 32 431
166 32 421
166 32 421
160 155 431
160 155 421
147 151 431
68 157 185
68 156 185
68 155 185
68 154 186
68 153 187
68 152 189
68 151 192
68 150 197
68 149 202
68 148 209
68 147 218
68 146 228
68 145 240
68 144 254
68 143 269
68 141 303
68 140 321
68 139 339
68 138 358
68 137 376
68 136 393
68 135 408
68 134 422
68 133 433
68 132 442
68 131 447
68 130 449
68 129 449
68 128 445
68 127 438
69 127 431
70 127 425
71 127 421
72 127 419
73 127 420
73 128 421
74 128 424
75 128 430
76 128 440
77 128 453
77 128 482
78 128 470
78 128 482
79 128 490
79 128 482
80 128 513
80 128 482
81 128 539
81 128 482
81 128 482
82 128 567
82 128 482
82 128 482
83 128 597
83 128 482
83 128 482
83 128 482
84 128 627
84 128 482
84 128 482
84 128 482
84 128 482
85 128 657
85 128 482
85 128 482
85 128 482
85 128 482
86 128 687
86 128 482
86 128 482
86 128 482
86 128 482
86 128 482
87 128 715
87 128 482
87 128 482
87 128 482
87 128 482
87 128 482
87 128 482
88 128 741
88 128 482
88 128 482
88 128 482
88 128 482
88 128 482
88 128 482
89 128 764
89 128 482
89 128 482
89 128 482
89 128 482
89 128 482
89 128 482
90 128 783
90 128 482
90 128 482
90 128 482
90 128 482
90 128 482
90 128 482
90 128 482
91 128 799
91 128 482
91 128 482
91 128 482
91 128 482
91 128 482
91 128 482
91 128 482
92 128 810
92 128 482
92 128 482
92 128 482
92 128 482
92 128 482
92 128 482
92 128 482
93 128 817
93 128 482
93 128 482
93 128 482
93 128 482
93 128 482
93 128 482
94 128 818
94 128 482
94 128 482
94 128 482
94 128 482
94 128 482
94 128 482
95 128 815
95 128 482
95 128 482
95 128 482
95 128 482
95 128 482
96 128 807
96 128 482
96 128 482
96 128 482
96 128 482
97 128 795
97 128 482
97 128 482
97 128 482
98 128 777
98 128 482
98 128 482
99 128 756
99 128 482
100 128 731
100 128 482
101 128 702
102 128 671
103 128 637
104 128 601
105 128 563
106 128 524
107 128 485
108 128 446
109 128 408
110 128 371
111 128 336
112 128 303
113 128 273
114 128 247
115 128 226
116 128 209
117 128 198
118 128 193
119 128 194
119 127 208
119 126 227
120 125 262
121 125 280
122 125 304
122 124 331
122 123 359
123 123 389
124 123 426
125 123 470
126 123 518
127 123 571
128 123 629
129 123 688
130 123 750
131 123 812
132 123 872
133 123 931
134 123 987
135 123 1037
135 123 482
136 123 1082
136 123 482
137 123 1119
137 123 482
138 123 1149
138 123 482
138 123 482
139 123 1169
139 123 482
139 123 482
140 123 1180
140 123 482
140 123 482
141 123 1181
141 123 482
141 123 482
142 123 1172
142 123 482
142 123 482
143 123 1153
143 123 482
144 123 1124
144 123 482
145 123 1085
145 123 482
146 123 1038
147 123 983
148 123 921
149 123 854
150 123 783
151 123 709
152 123 633
153 123 558
154 123 484
155 123 413
156 123 346
157 123 284
158 123 228
159 123 178
160 123 135
161 123 99
162 123 71
162 122 45
163 122 25
164 122 15
164 122 482
165 122 15
165 122 482
166 122 15
166 122 482
167 122 15
167 122 482
168 122 17
168 122 482
169 122 28
170 122 41
171 122 56
172 122 72
173 122 87
174 122 102
175 122 115
176 122 128
177 122 138
178 122 148
179 122 156
180 122 162
181 122 168
182 122 173
183 122 178
184 122 183
185 122 189
186 121 212
187 121 221
188 121 232
189 121 246
189 120 261
189 119 275
189 118 288
189 117 298
189 116 307
189 115 314
189 114 318
189 113 321
190 113 321
190 112 318
190 111 313
190 110 307
190 109 300
190 108 292
191 108 281
191 107 269
191 106 258
191 106 482
191 105 248
191 105 482
191 104 239
191 104 482
191 103 231
191 103 482
191 102 225
191 102 482
191 101 220
191 101 482
191 100 217
191 100 482
191 99 216
191 99 482
191 98 217
191 98 482
191 97 220
191 97 482
191 96 224
191 96 482
191 95 229
191 95 482
191 94 235
191 93 241
191 92 248
191 91 255
191 90 262
191 89 268
191 88 274
191 87 279
191 86 283
191 85 285
191 84 287
191 83 287
191 82 286
191 81 284
191 81 482
191 80 280
191 80 482
191 79 276
191 79 482
191 78 271
191 78 482
191 77 265
191 77 482
191 76 258
191 76 482
191 75 251
191 75 482
191 74 244
191 74 482
191 73 238
191 72 232
190 30 586
191 30 608
191 31 649
191 32 693
191 33 739
191 34 786
191 34 482
191 35 832
191 35 482
191 36 877
191 36 482
191 37 919
191 37 482
191 37 482
191 38 957
191 38 482
191 38 482
191 39 990
191 39 482
191 39 482
191 40 1017
191 40 482
191 40 482
191 40 482
191 41 1037
191 41 482
191 41 482
191 41 482
191 42 1049
191 42 482
191 42 482
191 43 1053
191 43 482
191 43 482
191 44 1049
191 44 482
191 44 482
191 46 1016
191 46 482
191 47 987
191 48 952
191 49 910
191 50 864
191 51 813
191 52 759
191 53 704
191 54 648
191 55 593
191 56 540
191 57 490
191 59 399
191 60 361
191 61 327
191 62 299
191 63 275
191 64 256
191 65 241
191 66 231
191 67 225
191 68 221
191 69 221
191 70 223
189 29 534
189 28 499
189 27 469
189 26 445
189 25 426
189 24 413
189 23 404
189 22 399
189 21 397
189 20 399
189 19 403
189 18 408
189 17 414
189 16 420
189 15 425
189 14 429
189 13 432
189 12 434
189 11 434
189 10 432
189 10 482
189 9 429
189 9 482
189 8 424
189 8 482
189 7 419
189 7 482
189 6 414
189 5 409
189 4 405
189 3 402
189 2 402
189 1 404
189 0 409
188 0 440
187 0 482
119 129 187
119 130 189
120 130 192
120 131 199
121 131 205
121 132 217
122 132 226
122 133 241
123 133 252
123 134 269
123 135 293
123 136 322
123 137 357
123 138 396
123 139 439
123 140 483
123 141 529
125 179 752
125 179 482
125 178 761
125 178 482
125 177 765
125 177 482
125 177 482
125 176 763
125 176 482
125 176 482
125 175 756
125 175 482
125 175 482
125 174 744
125 174 482
125 174 482
125 174 482
125 173 728
125 173 482
125 173 482
125 173 482
125 172 708
125 172 482
125 172 482
125 171 686
125 171 482
125 171 482
125 170 663
125 170 482
125 170 482
125 169 639
125 169 482
125 167 595
125 167 482
125 166 575
125 165 559
125 164 546
125 163 537
125 162 533
125 161 532
125 160 535
125 159 542
125 158 552
125 157 563
125 156 576
125 155 590
125 154 602
125 153 613
125 152 622
125 151 628
125 150 630
125 149 627
125 148 620
125 147 608
125 146 592
125 145 572
125 144 548
125 143 521
125 142 492
124 142 528
125 181 715
125 182 688
125 183 656
125 184 621
125 185 582
125 186 541
125 187 499
125 188 457
125 189 416
125 190 378
125 192 311
125 193 286
125 194 266
125 195 253
126 195 247
126 196 242
127 196 239
128 196 239
129 196 243
130 196 251
131 196 263
132 196 279
133 196 301
134 196 326
135 196 356
118 125 249
118 124 276
118 123 306
118 122 336
118 121 366
118 120 392
118 119 416
118 118 435
118 117 448
118 116 456
118 115 458
118 114 454
118 113 444
118 112 429
118 111 410
118 110 386
118 109 360
118 108 332
67 126 434
67 125 422
67 124 407
67 123 391
67 122 375
67 121 360
67 120 345
67 119 332
67 118 322
67 117 315
67 116 312
66 116 311
65 116 312
65 115 313
64 115 314
64 114 320
64 113 331
64 116 313
63 116 315
62 116 317
61 116 318
60 116 320
59 116 320
58 116 320
57 116 318
56 116 315
55 116 311
54 116 305
53 116 299
52 116 290
51 116 281
50 116 270
49 116 258
48 116 246
47 116 232
47 116 482
46 116 218
46 116 482
45 116 203
45 116 482
44 116 188
44 116 482
43 116 173
42 116 158
41 116 144
40 116 131
39 116 118
38 116 107
37 116 98
36 116 91
35 116 86
34 116 84
33 116 84
32 116 88
31 116 94
30 116 104
29 116 116
28 116 132
27 116 151
26 116 173
25 116 197
24 116 224
23 116 253
22 116 284
21 116 317
20 116 351
19 116 386
67 157 160
66 157 144
65 157 137
65 158 128
65 159 120
65 160 112
64 160 104
64 161 94
64 162 85
64 163 77
63 163 71
63 164 62
63 165 55
63 166 51
62 166 46
62 167 42
62 168 42
61 168 42
61 169 43
61 170 49
60 170 55
60 171 63
60 172 76
59 172 89
59 173 105
58 173 125
57 173 152
56 173 186
55 173 225
54 174 285
54 175 306
54 176 333
54 176 482
54 177 364
54 177 482
53 177 406
53 177 482
52 177 450
52 177 482
51 177 496
51 177 482
50 177 541
50 177 482
50 177 482
49 177 587
49 177 482
49 177 482
48 177 630
48 177 482
48 177 482
48 177 482
47 177 671
47 177 482
47 177 482
47 177 482
47 177 482
46 177 709
46 177 482
46 177 482
46 177 482
46 177 482
46 177 482
45 177 742
45 177 482
45 177 482
45 177 482
45 177 482
45 177 482
44 177 771
44 177 482
44 177 482
44 177 482
44 177 482
44 177 482
44 177 482
43 177 794
43 177 482
43 177 482
43 177 482
43 177 482
43 177 482
43 177 482
42 177 812
42 177 482
42 177 482
42 177 482
42 177 482
42 177 482
42 177 482
42 177 482
41 177 824
41 177 482
41 177 482
41 177 482
41 177 482
41 177 482
41 177 482
41 177 482
40 177 829
40 177 482
40 177 482
40 177 482
40 177 482
40 177 482
40 177 482
40 177 482
39 177 829
39 177 482
39 177 482
39 177 482
39 177 482
39 177 482
39 177 482
39 177 482
38 177 823
38 177 482
38 177 482
38 177 482
38 177 482
38 177 482
38 177 482
38 177 482
37 177 812
37 177 482
37 177 482
37 177 482
37 177 482
37 177 482
37 177 482
37 177 482
36 177 796
36 177 482
36 177 482
36 177 482
36 177 482
36 177 482
36 177 482
35 177 776
35 177 482
35 177 482
35 177 482
35 177 482
35 177 482
35 177 482
34 177 753
34 177 482
34 177 482
34 177 482
34 177 482
34 177 482
33 177 728
33 177 482
33 177 482
33 177 482
33 177 482
32 177 702
32 177 482
32 177 482
32 177 482
31 177 675
31 177 482
31 177 482
30 177 649
30 177 482
29 177 625
29 177 482
28 177 603
27 177 585
26 177 571
25 177 561
25 178 558
25 179 552
25 180 544
25 181 534
25 182 524
25 183 514
25 184 504
