191 100 115
196 42 115
86 135 115
44 153 115
44 153 105
44 153 105
44 153 105
44 153 105
44 153 105
44 153 105
44 153 105
44 153 105
44 153 105
44 153 105
44 153 105
44 153 105
44 153 105
44 153 105
44 153 105
44 153 105
44 153 105
54 197 115
48 62 115
72 31 115
13 132 115
60 39 115
60 39 105
60 39 105
199 94 115
189 87 115
3 125 115
2 139 115
2 139 105
72 17 115
85 24 115
64 190 115
67 199 115
197 56 115
184 49 115
36 55 115
36 71 115
36 71 105
36 71 105
86 149 115
100 142 115
185 62 115
185 62 105
185 62 105
199 81 115
183 34 115
100 156 115
14 118 115
85 10 115
85 10 105
171 41 115
171 41 105
171 41 105
199 69 115
24 63 115
24 48 115
12 56 115
24 125 115
24 125 105
87 163 115
76 183 115
88 177 115
85 39 115
72 46 115
72 46 105
72 46 105
12 41 115
73 3 115
73 3 105
73 3 105
25 110 115
25 110 105
25 110 105
25 110 105
25 110 105
0 49 115
0 35 115
0 35 105
0 35 105
4 110 115
78 197 115
90 190 115
90 190 105
90 190 105
101 170 115
12 146 115
12 146 105
12 146 105
12 146 105
12 146 105
3 95 115
3 95 105
3 95 105
3 95 105
3 95 105
3 95 105
85 55 115
73 62 115
61 70 115
61 70 105
61 70 105
86 71 115
199 107 115
191 113 115
199 120 115
199 120 105
199 120 105
99 63 115
99 63 105
99 63 105
99 63 105
60 54 115
60 54 105
60 54 105
101 127 115
87 119 115
87 119 105
87 119 105
179 107 115
179 121 115
179 121 105
166 114 115
166 114 105
166 114 105
166 114 105
166 114 105
178 94 115
23 33 115
23 33 105
23 33 105
23 33 105
23 33 105
23 33 105
98 47 115
98 33 115
98 33 105
110 41 115
110 41 105
110 41 105
110 41 105
41 199 115
41 199 105
38 189 115
49 182 115
46 168 115
46 168 105
46 168 105
46 168 105
46 168 105
46 168 105
46 168 105
46 168 105
1 153 115
1 153 105
1 153 105
1 153 105
1 153 105
34 132 115
46 125 115
36 117 115
36 117 105
36 117 105
36 117 105
59 118 115
59 118 105
59 118 105
59 118 105
59 118 105
59 118 105
1 64 115
13 72 115
13 72 105
58 133 115
58 133 105
58 133 105
58 133 105
58 133 105
58 133 105
15 103 115
15 103 105
25 79 115
25 79 105
25 79 105
25 79 105
25 79 105
98 18 115
98 18 105
98 18 105
98 18 105
98 18 105
85 0 115
85 0 105
85 0 105
85 0 105
23 139 115
23 139 105
23 139 105
23 139 105
23 139 105
49 78 115
49 78 105
49 78 105
49 78 105
49 78 105
176 81 115
164 87 115
73 78 115
73 78 105
73 78 105
73 78 105
73 78 105
163 74 115
99 79 115
100 95 115
101 111 115
101 111 105
101 111 105
87 87 115
87 103 115
87 103 105
87 103 105
87 103 105
72 127 115
72 127 105
2 80 115
2 80 105
2 80 105
2 80 105
2 80 105
2 80 105
2 80 105
35 40 115
35 40 105
35 40 105
48 47 115
47 32 115
47 32 105
60 24 115
151 80 115
151 80 105
151 80 105
151 80 105
151 80 105
161 60 115
161 60 105
161 60 105
161 60 105
187 75 115
187 75 105
196 27 115
196 27 105
196 27 105
183 19 115
183 19 105
183 19 105
183 19 105
183 19 105
183 19 105
172 55 115
172 55 105
172 55 105
172 55 105
165 101 115
165 101 105
165 101 105
178 135 115
190 142 115
190 142 105
190 142 105
177 149 115
177 149 105
177 149 105
177 149 105
177 149 105
191 127 115
191 127 105
174 68 115
174 68 105
174 68 105
199 149 115
199 149 105
199 149 105
199 163 115
199 163 105
199 163 105
199 163 105
199 163 105
199 163 105
199 163 105
166 129 115
166 129 105
166 129 105
166 129 105
165 143 115
165 143 105
165 143 105
165 143 105
165 143 105
165 143 105
160 47 115
147 38 115
148 52 115
136 44 115
114 134 115
114 134 105
114 134 105
114 134 105
114 134 105
47 17 115
60 10 115
136 58 115
60 176 115
60 176 105
60 176 105
60 176 105
124 65 115
123 50 115
123 50 105
123 50 105
123 50 105
112 72 115
112 72 105
112 72 105
112 72 105
114 162 115
114 162 105
114 162 105
114 162 105
114 162 105
48 4 115
48 4 105
48 4 105
48 4 105
35 174 115
35 174 105
35 174 105
125 80 115
125 80 105
125 80 105
125 80 105
125 80 105
113 87 115
114 119 115
114 119 105
114 119 105
114 119 105
114 103 115
13 131 48
13 130 31
13 129 18
14 129 28
15 129 39
16 129 50
17 129 60
18 129 70
19 129 78
19 129 120
20 129 85
20 129 120
21 129 90
21 129 120
22 129 93
22 129 120
23 129 94
23 129 120
24 129 93
24 129 120
25 129 89
25 129 120
26 129 83
26 129 120
27 129 76
27 129 120
28 129 66
28 129 120
29 129 55
29 129 120
30 129 43
30 129 120
31 129 31
31 129 120
32 129 18
32 129 120
33 129 15
33 129 120
34 129 15
34 129 120
35 129 15
35 129 120
36 129 15
36 129 120
36 128 15
36 128 120
36 127 15
36 127 120
36 126 15
36 126 120
37 126 15
37 126 120
38 126 15
38 126 120
38 125 15
38 125 120
39 125 15
39 125 120
40 125 15
40 125 120
41 125 15
41 125 120
42 125 15
42 125 120
43 125 18
43 125 120
44 125 35
44 125 120
45 125 59
47 125 119
48 125 156
49 125 195
50 125 236
51 125 278
52 125 319
53 125 359
53 125 120
54 125 396
54 125 120
55 125 428
55 125 120
56 125 456
56 125 120
57 125 478
57 125 120
58 125 494
58 125 120
59 125 503
59 125 120
59 125 120
60 125 505
60 125 120
60 125 120
61 125 500
61 125 120
61 125 120
62 125 489
62 125 120
62 125 120
63 125 471
63 125 120
64 125 448
64 125 120
65 125 419
66 125 387
67 125 352
68 125 316
69 125 278
70 125 241
71 125 206
72 125 173
73 125 142
74 125 116
75 125 93
76 125 75
77 125 61
78 125 52
79 125 46
79 126 40
80 126 37
80 127 35
81 127 34
81 128 34
82 128 34
83 128 35
83 129 36
84 129 37
85 129 38
85 130 38
86 130 38
86 131 39
86 132 41
86 133 45
86 134 50
113 88 42
113 89 15
113 90 15
113 91 15
112 91 15
111 91 15
110 91 15
110 92 15
110 93 15
110 94 15
110 95 15
110 96 15
110 97 15
110 98 15
110 99 15
110 99 120
110 100 20
110 101 49
110 102 80
110 103 112
110 104 144
110 105 175
110 106 204
110 107 232
110 108 257
110 109 279
110 109 120
110 110 297
110 110 120
110 111 313
110 111 120
110 111 120
110 112 324
110 112 120
110 112 120
110 112 120
110 113 332
110 113 120
110 113 120
110 113 120
110 114 336
110 114 120
110 114 120
110 114 120
110 115 337
110 115 120
110 115 120
110 115 120
110 116 334
110 116 120
110 116 120
110 116 120
110 117 329
110 117 120
110 117 120
110 117 120
110 118 322
110 118 120
110 118 120
110 119 313
110 119 120
110 119 120
110 120 303
110 120 120
110 120 120
109 120 292
109 120 120
109 120 120
109 121 277
109 121 120
109 122 263
109 122 120
108 122 248
108 122 120
108 123 231
108 123 120
108 124 216
108 124 120
107 124 198
107 124 120
107 125 181
107 125 120
106 125 164
106 126 148
105 126 131
105 127 116
104 127 101
103 127 89
102 127 81
101 128 56
101 129 41
101 129 120
101 130 30
101 130 120
101 131 23
101 131 120
100 131 15
100 131 120
100 132 15
100 132 120
99 132 15
99 132 120
98 132 15
98 132 120
98 133 15
98 133 120
98 134 15
98 134 120
98 135 15
98 135 120
97 135 15
97 135 120
96 135 15
96 135 120
95 135 15
95 135 120
94 135 15
94 135 120
93 135 15
93 135 120
92 135 15
91 135 15
90 135 22
89 135 30
88 135 38
87 135 46
114 87 97
115 87 121
116 87 148
117 87 178
117 86 208
117 85 238
118 85 265
118 84 291
118 83 316
119 83 338
119 82 356
119 81 371
119 80 383
119 79 391
120 79 395
120 79 120
120 78 394
120 78 120
120 77 390
120 77 120
120 76 383
120 76 120
120 75 372
120 75 120
121 75 358
121 75 120
121 74 340
121 74 120
121 73 320
121 73 120
121 72 299
121 72 120
122 72 275
122 71 251
122 70 228
122 70 120
123 70 202
123 69 177
124 69 154
124 68 130
124 67 111
124 67 120
124 66 97
124 66 120
125 65 62
125 65 120
126 65 43
126 65 120
127 65 30
127 65 120
127 64 21
127 64 120
128 64 15
128 64 120
128 63 15
128 63 120
129 63 15
129 63 120
129 62 15
129 62 120
130 62 15
130 62 120
130 61 15
130 61 120
131 61 15
131 61 120
131 60 15
131 60 120
131 59 15
131 59 120
132 59 15
132 59 120
132 58 19
133 58 22
133 57 23
134 57 27
134 56 25
134 55 26
135 55 23
135 54 21
136 54 16
136 53 15
137 53 15
138 53 15
138 52 15
138 51 15
139 51 15
140 51 15
140 50 15
141 50 15
141 49 15
141 48 15
142 48 15
142 47 15
142 46 15
142 46 120
143 46 15
143 45 15
143 45 120
144 45 15
144 45 120
145 45 15
145 45 120
146 45 15
146 45 120
147 45 15
147 45 120
148 45 15
148 45 120
149 45 15
149 45 120
150 45 15
150 45 120
151 45 15
151 45 120
152 45 15
152 45 120
153 45 15
153 45 120
154 45 15
154 45 120
155 45 15
155 45 120
156 45 15
156 45 120
157 45 15
157 45 120
158 45 37
159 45 59
160 45 81
161 45 102
162 45 123
163 45 143
164 45 161
165 45 177
166 45 190
167 45 201
168 45 209
169 45 213
170 45 214
171 45 210
172 45 203
173 45 193
174 45 179
175 45 161
176 45 141
177 45 119
178 45 95
179 45 69
179 45 120
180 45 43
180 45 120
181 45 18
181 45 120
182 45 15
182 45 120
183 45 15
183 45 120
184 45 15
184 45 120
185 45 15
186 45 15
187 45 15
188 45 15
189 45 15
190 45 15
190 44 15
190 43 15
191 43 15
192 43 15
193 43 15
194 43 15
195 43 15
195 42 15
195 44 15
195 45 15
195 46 15
195 47 15
195 48 17
195 49 23
195 50 31
195 51 40
195 52 50
196 52 56
196 53 63
197 53 70
197 54 72
197 55 76
198 56 80
198 57 81
198 58 83
198 58 120
198 59 84
198 59 120
198 60 86
198 60 120
198 60 120
198 61 88
198 61 120
198 61 120
198 62 89
198 62 120
198 62 120
198 63 89
198 63 120
198 63 120
198 64 88
198 64 120
198 64 120
198 65 87
198 65 120
198 65 120
198 66 85
198 66 120
198 67 82
198 67 120
198 68 78
198 68 120
198 69 73
198 69 120
198 70 68
198 70 120
198 71 63
198 71 120
198 72 58
198 73 53
198 74 48
197 74 43
197 74 120
197 75 37
197 76 31
197 77 27
196 77 22
196 77 120
196 78 17
196 78 120
196 79 15
196 79 120
195 79 15
195 79 120
195 80 15
195 81 15
195 82 15
195 83 15
195 84 15
195 85 20
195 86 26
195 87 32
195 88 38
195 89 44
195 90 48
195 91 52
195 92 55
195 93 55
195 94 55
195 95 52
195 96 49
195 97 44
195 98 38
195 99 31
195 100 24
194 100 26
193 100 30
192 100 36
112 88 23
111 88 15
110 88 15
109 88 15
109 87 15
108 87 15
107 87 15
106 87 15
106 86 15
105 86 15
104 86 15
103 86 15
103 85 15
103 84 15
102 84 15
101 84 15
101 83 15
100 83 15
100 82 15
99 82 15
98 82 15
98 81 15
98 80 15
97 80 15
96 80 15
95 80 15
94 80 15
93 80 15
92 80 15
92 79 15
92 78 15
92 77 15
91 77 15
91 76 15
90 76 15
89 76 15
89 75 23
88 75 33
88 74 41
88 73 49
88 72 55
87 72 60
87 71 62
86 70 64
86 69 61
86 68 58
86 67 54
85 67 48
85 66 42
84 66 36
84 65 28
84 64 22
83 64 15
83 63 15
83 62 15
83 61 15
82 61 15
82 60 15
82 59 15
82 58 15
82 57 15
82 56 15
82 55 20
82 54 31
82 53 42
82 52 53
82 51 64
82 50 74
82 49 82
82 48 88
82 47 93
82 46 96
82 45 96
82 44 94
82 43 90
82 42 84
82 41 76
82 40 67
82 39 56
82 38 45
82 37 34
82 36 23
82 35 15
82 35 120
82 34 15
82 33 15
82 32 15
82 31 15
81 31 15
80 31 15
79 31 15
78 31 15
77 31 15
76 31 15
76 31 120
75 31 17
74 31 36
73 31 59
74 30 24
74 29 15
74 28 15
74 27 15
74 26 15
74 25 15
74 24 15
74 23 15
74 22 15
73 22 16
72 22 21
72 21 24
71 21 28
70 21 30
69 21 32
68 21 33
67 21 32
66 21 30
65 21 26
64 21 20
63 21 15
62 21 15
61 21 15
61 21 120
60 21 15
60 21 120
59 21 15
59 21 120
59 22 15
59 22 120
58 22 15
58 22 120
57 22 15
57 22 120
56 22 15
56 22 120
55 22 15
55 22 120
54 22 15
54 22 120
54 23 15
54 23 120
53 23 15
53 23 120
52 23 15
52 23 120
51 23 15
51 23 120
50 23 15
50 23 120
49 23 15
49 23 120
49 24 23
49 24 120
49 24 120
48 24 43
48 24 120
48 25 60
48 25 120
48 26 78
48 26 120
47 26 97
47 26 120
47 27 113
47 27 120
47 28 128
47 28 120
47 29 143
47 29 120
47 30 156
47 31 166
46 32 176
46 33 177
46 34 175
46 35 170
46 36 163
46 37 153
46 38 141
46 39 128
45 39 111
45 40 94
45 41 77
45 42 60
45 43 44
45 44 30
45 45 17
45 46 15
45 47 15
45 48 15
45 49 15
45 50 15
45 51 15
45 52 15
45 53 15
45 54 15
45 55 15
45 56 15
45 57 15
45 58 15
45 59 19
45 60 24
45 61 30
45 62 37
46 62 45
47 62 58
92 136 15
92 137 15
92 138 15
92 139 15
92 140 15
92 140 120
92 141 15
92 141 120
92 142 15
92 142 120
92 143 15
92 143 120
92 144 15
92 144 120
91 144 15
91 145 15
91 146 15
91 147 15
91 148 15
90 148 15
90 149 15
90 150 15
90 151 15
90 152 15
90 152 120
90 153 15
90 153 120
90 154 15
90 154 120
90 155 15
90 155 120
90 156 15
90 156 120
90 157 15
90 157 120
90 158 15
90 158 120
90 159 15
90 159 120
90 160 15
90 160 120
90 161 15
90 161 120
90 162 15
90 163 15
90 164 15
90 165 15
90 166 15
90 167 15
90 168 15
90 169 15
90 170 15
90 171 15
90 172 15
89 172 20
89 173 27
89 174 36
88 174 42
88 175 49
88 176 58
87 177 67
86 177 69
86 178 73
85 178 74
85 179 75
84 179 75
84 180 73
83 180 72
83 181 67
83 182 65
82 182 58
82 183 52
81 183 45
81 184 36
80 184 29
80 185 19
80 186 15
79 186 15
78 186 15
77 186 15
77 187 15
76 187 15
75 187 15
74 187 15
74 188 15
74 189 15
74 190 15
74 191 15
73 191 15
72 191 15
71 191 15
70 191 15
70 192 15
70 193 15
69 193 15
68 193 15
67 193 15
67 194 15
66 194 15
65 194 15
64 194 19
63 194 30
62 194 39
61 194 45
60 194 49
59 194 50
58 194 48
57 194 44
56 194 38
55 194 30
54 194 20
54 195 30
54 196 45
53 194 15
53 193 15
52 193 15
51 193 15
51 193 120
50 193 15
50 193 120
49 193 15
49 193 120
49 192 15
49 192 120
49 191 15
49 191 120
48 191 15
48 191 120
48 190 15
48 190 120
47 190 15
47 190 120
47 189 15
47 189 120
46 189 15
46 189 120
45 189 15
45 189 120
45 188 15
45 188 120
44 188 15
44 188 120
44 187 15
44 187 120
44 186 15
44 186 120
44 185 15
44 185 120
44 184 15
44 184 120
44 183 15
44 183 120
44 182 15
44 182 120
44 181 15
44 181 120
44 180 15
44 180 120
44 179 44
44 178 79
44 177 120
44 176 166
44 175 219
44 174 278
44 173 342
44 172 413
44 171 489
44 170 570
44 169 656
44 168 746
44 167 838
44 166 933
44 166 120
44 165 1029
44 165 120
44 164 1125
44 164 120
44 163 1220
44 163 120
44 163 120
44 162 1312
44 162 120
44 162 120
44 161 1401
44 161 120
44 161 120
44 160 1484
44 160 120
44 160 120
44 160 120
44 159 1562
44 159 120
44 159 120
44 159 120
44 158 1631
44 158 120
44 158 120
44 158 120
44 157 1693
44 157 120
44 157 120
44 157 120
44 156 1745
44 156 120
44 156 120
44 156 120
44 155 1787
44 155 120
44 155 120
44 154 1818
44 154 120
44 154 120
