181 30 16
181 30 6
192 78 16
192 78 6
192 78 6
192 78 6
192 78 6
192 78 6
192 78 6
192 78 6
192 78 6
192 78 6
192 78 6
192 78 6
192 78 6
192 78 6
192 78 6
192 78 6
192 78 6
192 78 6
192 78 6
192 78 6
192 78 6
192 78 6
192 78 6
192 78 6
192 78 6
192 78 6
192 78 6
192 78 6
192 78 6
192 78 6
192 78 6
192 78 6
192 78 6
192 78 6
192 78 6
192 78 6
192 78 6
192 78 6
8 47 16
196 133 16
68 28 16
68 28 6
47 137 16
119 32 16
7 182 16
0 175 16
0 175 6
0 175 6
0 175 6
0 175 6
0 175 6
0 175 6
0 175 6
0 175 6
0 175 6
0 40 16
0 40 6
0 40 6
0 40 6
0 40 6
0 40 6
0 40 6
0 40 6
0 40 6
0 40 6
0 40 6
0 40 6
0 40 6
0 40 6
0 40 6
0 40 6
0 40 6
0 40 6
0 40 6
0 40 6
0 40 6
0 40 6
0 40 6
0 40 6
0 40 6
0 40 6
0 40 6
0 40 6
0 40 6
0 40 6
0 40 6
0 40 6
0 40 6
0 40 6
0 40 6
0 40 6
0 40 6
0 40 6
8 61 16
8 61 6
8 61 6
8 61 6
8 61 6
8 61 6
8 61 6
8 61 6
8 61 6
0 54 16
0 54 6
0 54 6
0 54 6
0 54 6
0 189 16
0 189 6
0 189 6
0 189 6
0 189 6
0 189 6
0 189 6
0 189 6
0 189 6
0 189 6
0 189 6
0 189 6
0 189 6
0 189 6
0 189 6
0 189 6
0 189 6
0 189 6
0 189 6
0 189 6
0 189 6
0 189 6
0 189 6
0 189 6
0 189 6
0 189 6
0 189 6
0 189 6
0 189 6
0 189 6
0 189 6
0 189 6
0 189 6
7 169 16
7 169 6
7 169 6
7 169 6
7 169 6
7 169 6
7 169 6
7 169 6
7 169 6
7 169 6
7 169 6
7 169 6
7 169 6
7 169 6
7 169 6
130 26 16
129 40 16
129 40 6
129 40 6
129 40 6
129 40 6
129 40 6
129 40 6
129 40 6
129 40 6
129 40 6
129 40 6
129 40 6
129 40 6
129 40 6
79 35 16
79 35 6
79 35 6
79 35 6
79 35 6
79 35 6
79 35 6
79 35 6
79 35 6
79 35 6
79 35 6
79 35 6
79 35 6
79 35 6
79 35 6
79 35 6
79 35 6
79 35 6
79 35 6
80 20 16
80 20 6
180 44 16
180 44 6
180 44 6
180 44 6
180 44 6
180 44 6
180 44 6
180 44 6
180 44 6
180 44 6
180 44 6
180 44 6
180 44 6
180 44 6
180 44 6
180 44 6
180 44 6
180 44 6
180 44 6
180 44 6
180 44 6
180 44 6
180 44 6
180 44 6
180 44 6
180 44 6
180 44 6
180 44 6
180 44 6
180 44 6
180 44 6
180 44 6
180 44 6
180 44 6
180 44 6
180 44 6
180 44 6
180 44 6
180 44 6
180 44 6
180 44 6
180 44 6
180 44 6
180 44 6
180 44 6
180 44 6
180 44 6
180 44 6
180 44 6
180 44 6
180 44 6
180 44 6
180 44 6
180 44 6
180 44 6
180 44 6
180 44 6
180 44 6
180 44 6
180 44 6
180 44 6
180 44 6
183 16 16
183 16 6
183 16 6
183 16 6
169 22 16
169 22 6
169 22 6
195 119 16
195 119 6
195 119 6
195 119 6
195 119 6
195 119 6
195 119 6
195 119 6
195 119 6
195 119 6
195 119 6
195 119 6
195 119 6
195 119 6
195 119 6
183 126 16
183 126 6
35 130 16
35 130 6
35 130 6
35 130 6
35 130 6
35 130 6
35 130 6
35 130 6
35 130 6
35 130 6
35 130 6
35 130 6
35 130 6
35 130 6
35 130 6
35 130 6
35 130 6
35 130 6
35 130 6
35 130 6
35 130 6
34 143 16
34 143 6
34 143 6
34 143 6
34 143 6
34 143 6
34 143 6
34 143 6
34 143 6
34 143 6
34 143 6
34 143 6
34 143 6
34 143 6
34 143 6
34 143 6
34 143 6
34 143 6
34 143 6
34 143 6
34 143 6
184 140 16
184 140 6
184 140 6
184 140 6
184 140 6
184 140 6
184 140 6
184 140 6
184 140 6
184 140 6
184 140 6
184 140 6
184 140 6
184 140 6
184 140 6
184 140 6
184 140 6
193 91 16
193 91 6
193 91 6
193 91 6
180 85 16
180 85 6
180 85 6
180 85 6
180 85 6
180 85 6
180 85 6
180 85 6
180 85 6
180 85 6
180 85 6
180 85 6
180 85 6
180 85 6
180 85 6
180 85 6
180 85 6
180 85 6
180 85 6
180 85 6
180 85 6
180 85 6
180 85 6
180 85 6
180 85 6
180 85 6
180 85 6
180 85 6
180 85 6
180 85 6
180 85 6
180 85 6
180 85 6
180 85 6
180 85 6
180 85 6
180 85 6
180 85 6
180 85 6
180 85 6
180 85 6
180 85 6
180 85 6
180 85 6
180 85 6
180 85 6
180 85 6
180 85 6
180 85 6
180 85 6
180 85 6
180 85 6
180 85 6
180 85 6
180 85 6
180 85 6
180 85 6
180 85 6
180 85 6
194 105 16
194 105 6
194 105 6
194 105 6
194 105 6
194 105 6
194 105 6
194 105 6
194 105 6
194 105 6
68 14 16
68 14 6
20 176 16
20 176 6
20 176 6
20 176 6
20 176 6
20 176 6
20 176 6
20 176 6
20 176 6
20 176 6
20 176 6
20 176 6
20 176 6
20 176 6
20 176 6
20 176 6
20 176 6
20 176 6
20 176 6
20 176 6
20 176 6
20 176 6
20 176 6
20 176 6
20 176 6
20 176 6
20 176 6
20 176 6
20 176 6
20 176 6
20 176 6
20 176 6
20 176 6
20 176 6
20 176 6
141 34 16
141 34 6
141 34 6
141 34 6
141 34 6
141 34 6
141 34 6
141 34 6
141 34 6
141 34 6
141 34 6
141 34 6
141 34 6
141 34 6
141 34 6
141 34 6
141 34 6
141 34 6
141 34 6
141 34 6
141 34 6
141 34 6
141 34 6
141 34 6
141 34 6
141 34 6
141 34 6
141 34 6
141 34 6
141 34 6
141 34 6
141 34 6
141 34 6
141 34 6
141 34 6
141 34 6
141 34 6
141 34 6
141 34 6
141 34 6
141 34 6
141 34 6
141 34 6
141 34 6
141 34 6
141 34 6
141 34 6
141 34 6
141 34 6
141 34 6
141 34 6
141 34 6
141 34 6
119 18 16
119 18 6
119 18 6
119 18 6
119 18 6
119 18 6
119 18 6
119 18 6
119 18 6
119 18 6
119 18 6
119 18 6
119 18 6
119 18 6
119 18 6
119 18 6
119 18 6
119 18 6
119 18 6
119 18 6
119 18 6
119 18 6
119 18 6
119 18 6
119 18 6
119 18 6
119 18 6
119 18 6
119 18 6
119 18 6
119 18 6
119 18 6
119 18 6
119 18 6
119 18 6
119 18 6
119 18 6
119 18 6
119 18 6
119 18 6
119 18 6
119 18 6
119 18 6
119 18 6
119 18 6
119 18 6
119 18 6
119 18 6
119 18 6
119 18 6
119 18 6
119 18 6
119 18 6
119 18 6
119 18 6
170 8 16
47 151 16
47 151 6
47 151 6
47 151 6
47 151 6
47 151 6
47 151 6
47 151 6
47 151 6
47 151 6
47 151 6
47 151 6
47 151 6
47 151 6
47 151 6
47 151 6
47 151 6
47 151 6
47 151 6
47 151 6
47 151 6
47 151 6
47 151 6
47 151 6
47 151 6
47 151 6
47 151 6
47 151 6
47 151 6
47 151 6
47 151 6
47 151 6
47 151 6
47 151 6
47 151 6
47 151 6
47 151 6
47 151 6
47 151 6
47 151 6
47 151 6
47 151 6
47 151 6
47 151 6
47 151 6
47 151 6
47 151 6
47 151 6
23 54 16
23 54 6
23 54 6
23 54 6
118 47 16
108 39 16
108 39 6
108 39 6
108 39 6
108 39 6
108 39 6
108 39 6
108 39 6
108 39 6
108 39 6
108 39 6
108 39 6
108 39 6
108 39 6
108 39 6
108 39 6
108 39 6
108 39 6
108 39 6
108 39 6
108 39 6
108 39 6
108 39 6
108 39 6
108 39 6
108 39 6
108 39 6
108 39 6
108 39 6
108 39 6
108 39 6
108 39 6
108 39 6
108 39 6
108 39 6
108 39 6
108 39 6
108 39 6
108 39 6
108 39 6
108 39 6
108 39 6
156 14 16
156 14 6
156 14 6
156 14 6
156 14 6
156 14 6
156 14 6
156 14 6
156 14 6
156 14 6
156 14 6
156 14 6
156 14 6
156 14 6
156 14 6
156 14 6
156 14 6
156 14 6
156 14 6
156 14 6
156 14 6
156 14 6
156 14 6
156 14 6
156 14 6
156 14 6
156 14 6
156 14 6
156 14 6
156 14 6
156 14 6
156 14 6
156 14 6
156 14 6
156 14 6
156 14 6
156 14 6
156 14 6
156 14 6
156 14 6
156 14 6
156 14 6
156 14 6
156 14 6
156 14 6
156 14 6
156 14 6
156 14 6
156 14 6
156 14 6
156 14 6
156 14 6
156 14 6
156 14 6
156 14 6
156 14 6
156 14 6
156 14 6
156 14 6
156 14 6
156 14 6
156 14 6
156 14 6
156 14 6
156 14 6
156 14 6
156 14 6
156 14 6
156 14 6
156 14 6
24 39 16
24 39 6
24 39 6
24 39 6
24 39 6
24 39 6
24 39 6
24 39 6
24 39 6
24 39 6
24 39 6
24 39 6
24 39 6
24 39 6
24 39 6
24 39 6
24 39 6
24 39 6
24 39 6
24 39 6
24 39 6
24 39 6
24 39 6
24 39 6
24 39 6
24 39 6
24 39 6
24 39 6
24 39 6
24 39 6
24 39 6
24 39 6
24 39 6
24 39 6
24 39 6
24 39 6
24 39 6
24 39 6
24 39 6
24 39 6
24 39 6
24 39 6
24 39 6
24 39 6
24 39 6
24 39 6
24 39 6
24 39 6
24 39 6
24 39 6
24 39 6
24 39 6
24 39 6
24 39 6
24 39 6
24 39 6
24 39 6
24 39 6
24 39 6
24 39 6
24 39 6
24 39 6
24 39 6
24 39 6
24 39 6
24 39 6
24 39 6
24 39 6
24 39 6
24 39 6
24 39 6
24 39 6
24 39 6
24 39 6
24 39 6
24 39 6
80 6 16
80 6 6
80 6 6
80 6 6
80 6 6
80 6 6
80 6 6
80 6 6
80 6 6
80 6 6
80 6 6
80 6 6
80 6 6
80 6 6
80 6 6
80 6 6
80 6 6
80 6 6
80 6 6
80 6 6
80 6 6
80 6 6
80 6 6
80 6 6
80 6 6
80 6 6
80 6 6
80 6 6
80 6 6
80 6 6
80 6 6
80 6 6
80 6 6
80 6 6
80 6 6
80 6 6
80 6 6
80 6 6
80 6 6
80 6 6
80 6 6
80 6 6
80 6 6
80 6 6
80 6 6
80 6 6
80 6 6
80 6 6
80 6 6
80 6 6
80 6 6
80 6 6
80 6 6
80 6 6
80 6 6
80 6 6
80 6 6
80 6 6
80 6 6
80 6 6
80 6 6
80 6 6
80 6 6
80 6 6
80 6 6
80 6 6
80 6 6
80 6 6
80 6 6
22 68 16
22 68 6
22 68 6
22 68 6
22 68 6
22 68 6
22 68 6
22 68 6
22 68 6
22 68 6
22 68 6
22 68 6
22 68 6
22 68 6
22 68 6
22 68 6
22 68 6
22 68 6
22 68 6
22 68 6
22 68 6
22 68 6
22 68 6
22 68 6
22 68 6
22 68 6
22 68 6
22 68 6
22 68 6
22 68 6
22 68 6
22 68 6
22 68 6
22 68 6
22 68 6
22 68 6
22 68 6
22 68 6
22 68 6
22 68 6
22 68 6
22 68 6
22 68 6
22 68 6
22 68 6
22 68 6
22 68 6
22 68 6
22 68 6
22 68 6
22 68 6
22 68 6
22 68 6
22 68 6
22 68 6
22 68 6
22 68 6
22 68 6
22 68 6
22 68 6
22 68 6
22 68 6
22 68 6
22 68 6
22 68 6
22 68 6
48 123 16
184 1 16
184 1 6
184 1 6
184 1 6
184 1 6
184 1 6
184 1 6
184 1 6
184 1 6
184 1 6
184 1 6
184 1 6
184 1 6
184 1 6
184 1 6
184 1 6
184 1 6
184 1 6
184 1 6
184 1 6
184 1 6
184 1 6
184 1 6
184 1 6
184 1 6
184 1 6
184 1 6
184 1 6
184 1 6
184 1 6
184 1 6
184 1 6
184 1 6
184 1 6
184 1 6
184 1 6
184 1 6
184 1 6
184 1 6
184 1 6
184 1 6
184 1 6
184 1 6
184 1 6
184 1 6
184 1 6
184 1 6
184 1 6
184 1 6
184 1 6
184 1 6
184 1 6
184 1 6
184 1 6
184 1 6
184 1 6
184 1 6
184 1 6
184 1 6
184 1 6
184 1 6
184 1 6
184 1 6
184 1 6
184 1 6
184 1 6
184 1 6
184 1 6
184 1 6
60 130 16
60 130 6
61 116 16
61 116 6
61 116 6
61 116 6
61 116 6
61 116 6
61 116 6
61 116 6
61 116 6
61 116 6
61 116 6
61 116 6
61 116 6
61 116 6
61 116 6
61 116 6
61 116 6
61 116 6
61 116 6
61 116 6
61 116 6
61 116 6
61 116 6
61 116 6
61 116 6
61 116 6
61 116 6
61 116 6
61 116 6
61 116 6
61 116 6
61 116 6
61 116 6
61 116 6
61 116 6
61 116 6
61 116 6
61 116 6
61 116 6
61 116 6
61 116 6
61 116 6
61 116 6
61 116 6
61 116 6
61 116 6
61 116 6
61 116 6
61 116 6
61 116 6
61 116 6
61 116 6
119 62 16
119 62 6
119 62 6
119 62 6
119 62 6
119 62 6
119 62 6
119 62 6
119 62 6
130 55 16
130 55 6
130 55 6
130 55 6
130 55 6
130 55 6
130 55 6
130 55 6
130 55 6
130 55 6
130 55 6
130 55 6
130 55 6
130 55 6
130 55 6
130 55 6
130 55 6
130 55 6
130 55 6
130 55 6
130 55 6
130 55 6
130 55 6
130 55 6
130 55 6
130 55 6
130 55 6
130 55 6
130 55 6
130 55 6
130 55 6
60 144 16
60 144 6
60 144 6
60 144 6
60 144 6
60 144 6
60 144 6
60 144 6
60 144 6
60 144 6
60 144 6
60 144 6
60 144 6
60 144 6
60 144 6
60 144 6
60 144 6
60 144 6
60 144 6
60 144 6
60 144 6
60 144 6
60 144 6
60 144 6
60 144 6
60 144 6
60 144 6
60 144 6
60 144 6
60 144 6
60 144 6
60 144 6
60 144 6
60 144 6
60 144 6
60 144 6
60 144 6
60 144 6
60 144 6
60 144 6
60 144 6
60 144 6
60 144 6
60 144 6
60 144 6
60 144 6
60 144 6
60 144 6
60 144 6
33 157 16
33 157 6
33 157 6
33 157 6
33 157 6
33 157 6
33 157 6
33 157 6
33 157 6
33 157 6
33 157 6
33 157 6
33 157 6
33 157 6
33 157 6
33 157 6
33 157 6
33 157 6
33 157 6
33 157 6
33 157 6
33 157 6
33 157 6
33 157 6
33 157 6
33 157 6
33 157 6
33 157 6
33 157 6
33 157 6
33 157 6
33 157 6
33 157 6
33 157 6
33 157 6
33 157 6
33 157 6
33 157 6
33 157 6
33 157 6
33 157 6
33 157 6
33 157 6
33 157 6
33 157 6
33 157 6
33 157 6
33 157 6
33 157 6
33 157 6
33 157 6
33 157 6
33 157 6
20 190 16
20 190 6
20 190 6
20 190 6
20 190 6
20 190 6
20 190 6
20 190 6
20 190 6
20 190 6
20 190 6
20 190 6
20 190 6
20 190 6
20 190 6
20 190 6
20 190 6
20 190 6
20 190 6
20 190 6
20 190 6
20 190 6
20 190 6
20 190 6
20 190 6
20 190 6
20 190 6
20 190 6
20 190 6
20 190 6
20 190 6
20 190 6
20 190 6
20 190 6
20 190 6
20 190 6
20 190 6
20 190 6
20 190 6
20 190 6
20 190 6
20 190 6
20 190 6
20 190 6
20 190 6
20 190 6
20 190 6
20 190 6
20 190 6
20 190 6
20 190 6
20 190 6
20 190 6
20 190 6
20 190 6
20 190 6
20 190 6
20 190 6
20 190 6
20 190 6
20 190 6
20 190 6
20 190 6
20 190 6
20 190 6
20 190 6
20 190 6
20 190 6
20 190 6
20 190 6
20 190 6
20 190 6
20 190 6
20 190 6
20 190 6
20 190 6
20 190 6
20 190 6
182 112 16
182 112 6
182 112 6
182 112 6
182 112 6
182 112 6
182 112 6
182 112 6
182 112 6
182 112 6
182 112 6
182 112 6
182 112 6
182 112 6
182 112 6
182 112 6
182 112 6
182 112 6
182 112 6
182 112 6
182 112 6
182 112 6
182 112 6
182 112 6
182 112 6
182 112 6
182 112 6
182 112 6
182 112 6
182 112 6
182 112 6
182 112 6
182 112 6
182 112 6
182 112 6
182 112 6
182 112 6
182 112 6
182 112 6
182 112 6
182 112 6
182 112 6
182 112 6
182 112 6
55 23 16
55 23 6
55 8 16
55 8 6
55 8 6
55 8 6
55 8 6
55 8 6
55 8 6
55 8 6
55 8 6
55 8 6
55 8 6
55 8 6
55 8 6
55 8 6
55 8 6
55 8 6
55 8 6
55 8 6
55 8 6
55 8 6
55 8 6
55 8 6
55 8 6
55 8 6
55 8 6
55 8 6
55 8 6
55 8 6
55 8 6
55 8 6
55 8 6
55 8 6
55 8 6
55 8 6
55 8 6
55 8 6
55 8 6
55 8 6
55 8 6
55 8 6
55 8 6
55 8 6
55 8 6
55 8 6
55 8 6
55 8 6
55 8 6
55 8 6
55 8 6
90 26 16
90 26 6
54 37 16
54 37 6
54 37 6
54 37 6
54 37 6
54 37 6
39 46 16
131 69 16
131 69 6
131 69 6
131 69 6
131 69 6
131 69 6
131 69 6
131 69 6
131 69 6
131 69 6
131 69 6
131 69 6
131 69 6
131 69 6
131 69 6
131 69 6
131 69 6
131 69 6
131 69 6
131 69 6
131 69 6
131 69 6
131 69 6
131 69 6
131 69 6
131 69 6
131 69 6
131 69 6
131 69 6
131 69 6
131 69 6
131 69 6
131 69 6
131 69 6
131 69 6
131 69 6
131 69 6
131 69 6
131 69 6
131 69 6
131 69 6
131 69 6
131 69 6
131 69 6
131 69 6
131 69 6
131 69 6
131 69 6
131 69 6
131 69 6
131 69 6
131 69 6
131 69 6
131 69 6
131 69 6
131 69 6
131 69 6
131 69 6
131 69 6
131 69 6
131 69 6
131 69 6
131 69 6
131 69 6
131 69 6
131 69 6
131 69 6
131 69 6
131 69 6
131 69 6
131 69 6
131 69 6
131 69 6
131 69 6
131 69 6
131 69 6
196 23 16
194 37 16
108 54 16
98 62 16
98 62 6
98 62 6
98 62 6
98 62 6
98 62 6
98 62 6
98 62 6
98 62 6
98 62 6
98 62 6
98 62 6
98 62 6
98 62 6
98 62 6
98 62 6
98 62 6
98 62 6
98 62 6
98 62 6
98 62 6
98 62 6
98 62 6
98 62 6
98 62 6
98 62 6
98 62 6
98 62 6
98 62 6
98 62 6
98 62 6
98 62 6
98 62 6
98 62 6
98 62 6
98 62 6
98 62 6
98 62 6
98 62 6
98 62 6
98 62 6
98 62 6
98 62 6
98 62 6
98 62 6
98 62 6
98 62 6
98 62 6
98 62 6
98 62 6
98 62 6
98 62 6
98 62 6
98 62 6
98 62 6
98 62 6
98 62 6
98 62 6
172 133 16
172 133 6
172 133 6
172 133 6
172 133 6
172 133 6
172 133 6
172 133 6
172 133 6
172 133 6
172 133 6
172 133 6
172 133 6
172 133 6
172 133 6
172 133 6
172 133 6
172 133 6
172 133 6
172 133 6
172 133 6
172 133 6
0 161 16
0 161 6
0 161 6
0 161 6
0 161 6
0 161 6
0 161 6
0 161 6
0 161 6
0 161 6
0 161 6
0 161 6
0 161 6
0 161 6
0 161 6
0 161 6
0 161 6
0 161 6
0 161 6
0 161 6
0 161 6
0 161 6
0 161 6
0 161 6
0 161 6
0 161 6
0 161 6
0 161 6
0 161 6
0 161 6
0 161 6
0 161 6
0 161 6
0 161 6
0 161 6
0 161 6
0 161 6
0 161 6
0 161 6
0 161 6
0 161 6
0 161 6
0 161 6
0 161 6
0 161 6
0 161 6
0 161 6
0 161 6
0 161 6
0 161 6
0 161 6
0 161 6
0 161 6
0 161 6
0 161 6
0 161 6
0 161 6
0 161 6
0 161 6
0 161 6
0 161 6
0 161 6
0 161 6
0 161 6
0 161 6
0 161 6
0 161 6
0 161 6
0 161 6
0 161 6
0 161 6
0 161 6
0 161 6
0 161 6
0 161 6
0 161 6
0 161 6
0 161 6
0 161 6
0 161 6
0 161 6
0 161 6
0 161 6
0 161 6
0 161 6
0 161 6
0 161 6
0 161 6
0 161 6
0 161 6
0 161 6
0 161 6
0 161 6
0 161 6
35 116 16
35 116 6
35 116 6
35 116 6
35 116 6
35 116 6
35 116 6
35 116 6
35 116 6
35 116 6
35 116 6
35 116 6
35 116 6
35 116 6
35 116 6
35 116 6
35 116 6
35 116 6
35 116 6
35 116 6
35 116 6
35 116 6
35 116 6
35 116 6
35 116 6
35 116 6
35 116 6
35 116 6
35 116 6
35 116 6
35 116 6
35 116 6
35 116 6
35 116 6
35 116 6
35 116 6
35 116 6
35 116 6
35 116 6
35 116 6
35 116 6
35 116 6
35 116 6
35 116 6
35 116 6
35 116 6
35 116 6
35 116 6
35 116 6
35 116 6
35 116 6
35 116 6
35 116 6
35 116 6
35 116 6
35 116 6
35 116 6
35 116 6
35 116 6
35 116 6
35 116 6
35 116 6
35 116 6
35 116 6
35 116 6
35 116 6
35 116 6
35 116 6
35 116 6
35 116 6
35 116 6
35 116 6
35 116 6
35 116 6
35 116 6
35 116 6
35 116 6
35 116 6
35 116 6
35 116 6
35 116 6
20 163 16
20 163 6
20 163 6
20 163 6
20 163 6
20 163 6
20 163 6
20 163 6
20 163 6
20 163 6
20 163 6
20 163 6
20 163 6
20 163 6
20 163 6
20 163 6
20 163 6
20 163 6
20 163 6
20 163 6
20 163 6
20 163 6
20 163 6
20 163 6
20 163 6
20 163 6
20 163 6
20 163 6
20 163 6
20 163 6
20 163 6
20 163 6
20 163 6
20 163 6
20 163 6
20 163 6
20 163 6
20 163 6
20 163 6
20 163 6
20 163 6
20 163 6
20 163 6
20 163 6
20 163 6
20 163 6
20 163 6
20 163 6
20 163 6
20 163 6
20 163 6
20 163 6
20 163 6
20 163 6
20 163 6
20 163 6
20 163 6
20 163 6
20 163 6
20 163 6
20 163 6
20 163 6
20 163 6
20 163 6
20 163 6
20 163 6
20 163 6
20 163 6
20 163 6
20 163 6
20 163 6
20 163 6
20 163 6
20 163 6
20 163 6
20 163 6
20 163 6
20 163 6
20 163 6
20 163 6
20 163 6
20 163 6
20 163 6
20 163 6
20 163 6
53 52 16
53 52 6
53 52 6
53 52 6
53 52 6
53 52 6
53 52 6
53 52 6
53 52 6
53 52 6
53 52 6
53 52 6
53 52 6
53 52 6
53 52 6
53 52 6
53 52 6
53 52 6
53 52 6
53 52 6
53 52 6
53 52 6
53 52 6
53 52 6
53 52 6
53 52 6
53 52 6
38 60 16
197 147 16
197 147 6
198 162 16
198 162 6
198 162 6
198 162 6
198 162 6
198 162 6
185 155 16
185 155 6
185 155 6
185 155 6
185 155 6
185 155 6
185 155 6
185 155 6
185 155 6
185 155 6
185 155 6
185 155 6
185 155 6
185 155 6
185 155 6
185 155 6
185 155 6
185 155 6
185 155 6
185 155 6
185 155 6
185 155 6
185 155 6
185 155 6
186 169 16
186 169 6
186 169 6
186 169 6
186 169 6
186 169 6
186 169 6
186 169 6
186 169 6
186 169 6
186 169 6
186 169 6
186 169 6
186 169 6
186 169 6
186 169 6
186 169 6
186 169 6
186 169 6
186 169 6
186 169 6
186 169 6
186 169 6
186 169 6
186 169 6
186 169 6
186 169 6
186 169 6
186 169 6
186 169 6
186 169 6
186 169 6
186 169 6
186 169 6
186 169 6
186 169 6
186 169 6
33 183 16
33 183 6
33 183 6
33 183 6
33 183 6
33 183 6
33 183 6
33 183 6
33 183 6
33 183 6
33 183 6
33 183 6
33 183 6
33 183 6
33 183 6
33 183 6
33 183 6
33 183 6
33 183 6
33 183 6
33 183 6
33 183 6
33 183 6
33 183 6
33 183 6
33 183 6
33 183 6
33 183 6
33 183 6
33 183 6
33 183 6
33 183 6
33 183 6
33 183 6
33 183 6
33 183 6
33 183 6
33 183 6
33 183 6
33 183 6
33 183 6
46 177 16
47 191 16
47 191 6
47 191 6
47 191 6
47 191 6
47 191 6
47 191 6
47 191 6
47 191 6
47 191 6
47 191 6
47 191 6
47 191 6
47 191 6
47 191 6
47 191 6
47 191 6
47 191 6
47 191 6
47 191 6
47 191 6
47 191 6
47 191 6
47 191 6
47 191 6
47 191 6
47 191 6
47 191 6
47 191 6
47 191 6
47 191 6
47 191 6
47 191 6
47 191 6
47 191 6
47 191 6
47 191 6
47 191 6
47 191 6
47 191 6
47 191 6
47 191 6
47 191 6
47 191 6
47 191 6
47 191 6
47 191 6
47 191 6
47 191 6
47 191 6
47 191 6
47 191 6
47 191 6
47 191 6
47 191 6
47 191 6
47 191 6
47 191 6
47 191 6
47 191 6
47 191 6
47 191 6
47 191 6
47 191 6
47 191 6
47 191 6
47 191 6
46 164 16
197 9 16
197 9 6
197 9 6
197 9 6
197 9 6
197 9 6
197 9 6
197 9 6
197 9 6
197 9 6
197 9 6
197 9 6
197 9 6
197 9 6
197 9 6
197 9 6
197 9 6
197 9 6
197 9 6
197 9 6
197 9 6
197 9 6
197 9 6
197 9 6
197 9 6
197 9 6
197 9 6
197 9 6
197 9 6
197 9 6
197 9 6
197 9 6
197 9 6
197 9 6
197 9 6
197 9 6
197 9 6
197 9 6
197 9 6
197 9 6
197 9 6
197 9 6
197 9 6
197 9 6
197 9 6
197 9 6
197 9 6
197 9 6
197 9 6
197 9 6
197 9 6
197 9 6
197 9 6
197 9 6
197 9 6
197 9 6
197 9 6
197 9 6
197 9 6
197 9 6
197 9 6
197 9 6
197 9 6
197 9 6
197 9 6
197 9 6
197 9 6
197 9 6
197 9 6
197 9 6
197 9 6
197 9 6
197 9 6
197 9 6
197 9 6
197 9 6
197 9 6
197 9 6
197 9 6
197 9 6
197 9 6
197 9 6
197 9 6
197 9 6
197 9 6
197 9 6
197 9 6
197 9 6
109 69 16
109 69 6
109 69 6
109 69 6
109 69 6
109 69 6
109 69 6
109 69 6
109 69 6
109 69 6
109 69 6
109 69 6
109 69 6
109 69 6
109 69 6
109 69 6
109 69 6
109 69 6
109 69 6
109 69 6
109 69 6
109 69 6
109 69 6
109 69 6
109 69 6
109 69 6
109 69 6
109 69 6
109 69 6
109 69 6
109 69 6
109 69 6
109 69 6
109 69 6
109 69 6
109 69 6
109 69 6
109 69 6
109 69 6
109 69 6
109 69 6
109 69 6
109 69 6
109 69 6
109 69 6
109 69 6
109 69 6
109 69 6
109 69 6
109 69 6
109 69 6
109 69 6
109 69 6
109 69 6
109 69 6
109 69 6
109 69 6
109 69 6
109 69 6
109 69 6
109 69 6
109 69 6
109 69 6
109 69 6
109 69 6
109 69 6
109 69 6
109 69 6
109 69 6
109 69 6
109 69 6
109 69 6
109 69 6
109 69 6
109 69 6
109 69 6
109 69 6
109 69 6
98 47 16
98 47 6
98 47 6
98 47 6
98 47 6
98 47 6
98 47 6
98 47 6
98 47 6
98 47 6
98 47 6
98 47 6
98 47 6
98 47 6
98 47 6
98 47 6
98 47 6
98 47 6
98 47 6
98 47 6
98 47 6
98 47 6
98 47 6
98 47 6
98 47 6
98 47 6
98 47 6
98 47 6
98 47 6
98 47 6
98 47 6
98 47 6
98 47 6
98 47 6
98 47 6
98 47 6
98 47 6
98 47 6
98 47 6
98 47 6
98 47 6
98 47 6
98 47 6
98 47 6
98 47 6
98 47 6
98 47 6
98 47 6
98 47 6
89 41 16
89 41 6
89 41 6
89 41 6
89 41 6
89 41 6
89 41 6
89 41 6
89 41 6
89 41 6
89 41 6
89 41 6
89 41 6
89 41 6
89 41 6
89 41 6
89 41 6
89 41 6
89 41 6
193 51 16
193 51 6
193 51 6
193 51 6
193 51 6
193 51 6
193 51 6
193 51 6
193 51 6
193 51 6
193 51 6
193 51 6
193 51 6
193 65 16
60 171 16
60 171 6
60 171 6
60 171 6
60 171 6
60 171 6
60 171 6
60 171 6
60 171 6
60 171 6
60 171 6
60 171 6
60 171 6
60 171 6
60 171 6
60 171 6
60 171 6
60 171 6
60 171 6
60 171 6
60 171 6
60 171 6
60 171 6
60 171 6
60 171 6
60 171 6
60 171 6
60 171 6
60 171 6
60 171 6
60 171 6
60 171 6
60 171 6
60 171 6
60 171 6
60 171 6
60 171 6
60 171 6
60 171 6
60 171 6
60 171 6
60 171 6
60 171 6
60 171 6
60 171 6
60 171 6
60 171 6
60 171 6
60 171 6
60 171 6
60 171 6
60 171 6
60 171 6
60 171 6
60 171 6
60 171 6
60 171 6
60 171 6
60 171 6
60 171 6
60 171 6
60 171 6
60 171 6
60 171 6
60 171 6
60 171 6
60 171 6
60 171 6
60 171 6
60 171 6
60 171 6
60 171 6
60 171 6
60 171 6
60 171 6
33 170 16
33 170 6
33 170 6
33 170 6
33 170 6
33 170 6
21 136 16
21 136 6
21 136 6
21 136 6
21 136 6
21 136 6
21 136 6
21 136 6
21 136 6
21 136 6
21 136 6
21 136 6
21 136 6
21 136 6
21 136 6
21 136 6
21 136 6
21 136 6
21 136 6
21 136 6
21 136 6
21 136 6
21 136 6
21 136 6
21 136 6
21 136 6
21 136 6
21 136 6
22 123 16
22 123 6
22 123 6
22 123 6
22 123 6
22 123 6
22 123 6
22 123 6
22 123 6
9 116 16
9 116 6
9 116 6
9 116 6
9 116 6
9 116 6
9 116 6
9 116 6
9 116 6
9 116 6
9 116 6
9 129 16
9 129 6
9 129 6
9 129 6
9 129 6
9 129 6
9 129 6
9 129 6
9 129 6
9 129 6
9 129 6
9 129 6
9 129 6
9 129 6
9 129 6
9 129 6
9 129 6
9 129 6
9 129 6
9 129 6
9 129 6
9 129 6
9 129 6
9 129 6
9 129 6
9 129 6
0 122 16
0 122 6
0 122 6
0 122 6
0 122 6
0 122 6
0 122 6
0 122 6
0 122 6
0 122 6
0 122 6
0 122 6
0 122 6
0 122 6
0 122 6
0 122 6
0 122 6
0 122 6
0 122 6
0 122 6
0 122 6
0 122 6
0 122 6
0 122 6
0 122 6
0 122 6
0 122 6
0 122 6
0 122 6
0 122 6
0 122 6
0 122 6
0 122 6
0 122 6
0 122 6
0 122 6
0 122 6
0 122 6
0 122 6
0 122 6
0 122 6
0 122 6
0 122 6
0 122 6
0 122 6
0 122 6
0 122 6
0 122 6
0 122 6
0 122 6
0 122 6
0 122 6
0 122 6
0 122 6
0 122 6
0 122 6
0 122 6
22 109 16
9 102 16
9 102 6
9 102 6
9 102 6
9 102 6
9 102 6
9 102 6
9 102 6
9 102 6
9 102 6
9 102 6
9 102 6
9 102 6
9 102 6
9 102 6
9 102 6
9 102 6
9 102 6
9 102 6
9 102 6
9 102 6
22 95 16
22 95 6
22 95 6
22 95 6
22 95 6
22 95 6
22 95 6
22 95 6
22 95 6
22 95 6
22 95 6
22 95 6
22 95 6
22 95 6
22 95 6
22 95 6
22 95 6
22 95 6
22 95 6
22 95 6
22 95 6
22 95 6
22 95 6
22 95 6
22 95 6
22 95 6
22 95 6
22 95 6
22 95 6
22 95 6
22 95 6
22 95 6
22 95 6
22 95 6
22 95 6
22 95 6
22 95 6
22 95 6
22 95 6
22 95 6
22 95 6
22 95 6
22 95 6
22 95 6
22 95 6
22 95 6
22 95 6
22 95 6
22 95 6
22 95 6
22 95 6
22 95 6
22 95 6
22 95 6
22 95 6
22 95 6
22 95 6
22 95 6
22 95 6
22 95 6
22 95 6
22 95 6
22 95 6
22 95 6
22 95 6
22 95 6
22 95 6
22 95 6
198 177 16
198 177 6
198 177 6
198 177 6
198 177 6
198 177 6
198 177 6
198 177 6
198 177 6
198 177 6
198 177 6
198 177 6
198 177 6
198 177 6
198 177 6
198 177 6
198 177 6
198 177 6
198 177 6
198 177 6
198 177 6
198 177 6
198 177 6
198 177 6
198 177 6
198 177 6
198 177 6
198 177 6
198 177 6
198 177 6
198 177 6
198 177 6
198 177 6
198 177 6
198 177 6
198 177 6
198 177 6
198 177 6
198 177 6
198 177 6
198 177 6
198 177 6
198 177 6
198 177 6
198 177 6
198 177 6
198 177 6
198 177 6
198 177 6
198 177 6
198 177 6
198 177 6
198 177 6
198 177 6
198 177 6
198 177 6
198 177 6
198 177 6
198 177 6
198 177 6
198 177 6
198 177 6
198 177 6
198 177 6
198 177 6
198 177 6
198 177 6
198 177 6
198 177 6
198 177 6
198 177 6
198 177 6
198 177 6
198 177 6
198 177 6
198 177 6
198 177 6
198 177 6
198 177 6
198 177 6
198 177 6
198 177 6
198 177 6
198 177 6
198 177 6
198 177 6
198 177 6
198 177 6
198 177 6
198 177 6
172 148 16
172 148 6
172 148 6
172 148 6
172 148 6
172 148 6
172 148 6
172 148 6
172 148 6
172 148 6
172 148 6
172 148 6
172 148 6
172 148 6
172 148 6
172 148 6
172 148 6
172 148 6
172 148 6
172 148 6
172 148 6
172 148 6
172 148 6
172 148 6
172 148 6
172 148 6
172 148 6
172 148 6
172 148 6
172 148 6
172 148 6
172 148 6
172 148 6
172 148 6
172 148 6
172 148 6
172 148 6
172 148 6
172 148 6
172 148 6
172 148 6
172 148 6
172 148 6
172 148 6
172 148 6
172 148 6
172 148 6
172 148 6
172 148 6
172 148 6
172 148 6
172 148 6
172 148 6
172 148 6
173 162 16
173 162 6
173 162 6
173 162 6
173 162 6
173 162 6
173 162 6
173 162 6
173 162 6
173 162 6
173 162 6
173 162 6
173 162 6
173 162 6
173 162 6
173 162 6
173 162 6
173 162 6
173 162 6
173 162 6
173 162 6
173 162 6
173 162 6
173 162 6
173 162 6
173 162 6
173 162 6
173 162 6
173 162 6
173 162 6
173 162 6
173 162 6
173 162 6
173 162 6
173 162 6
173 162 6
173 162 6
173 162 6
173 162 6
173 162 6
173 162 6
173 162 6
173 162 6
173 162 6
173 162 6
173 162 6
173 162 6
173 162 6
173 162 6
173 162 6
173 162 6
173 162 6
173 162 6
173 162 6
173 162 6
173 162 6
173 162 6
173 162 6
173 162 6
173 162 6
173 162 6
173 162 6
173 162 6
173 162 6
173 162 6
173 162 6
173 162 6
173 162 6
173 162 6
173 162 6
173 162 6
173 162 6
160 141 16
160 141 6
160 141 6
160 141 6
160 141 6
160 141 6
160 141 6
160 141 6
160 141 6
160 141 6
160 141 6
160 141 6
160 141 6
160 141 6
160 141 6
160 141 6
160 141 6
160 141 6
160 141 6
160 141 6
160 141 6
160 141 6
160 141 6
160 141 6
160 141 6
160 141 6
160 141 6
160 141 6
160 141 6
160 141 6
160 141 6
160 141 6
160 141 6
160 141 6
160 141 6
160 141 6
160 141 6
160 141 6
160 141 6
160 141 6
160 141 6
160 141 6
160 141 6
160 141 6
160 141 6
160 141 6
160 141 6
160 141 6
160 141 6
160 141 6
160 141 6
160 141 6
160 141 6
160 141 6
160 141 6
160 141 6
160 141 6
160 141 6
160 141 6
160 141 6
160 141 6
160 141 6
160 141 6
160 141 6
160 141 6
160 141 6
160 141 6
160 141 6
160 141 6
160 141 6
160 141 6
160 141 6
160 141 6
160 141 6
160 141 6
160 141 6
160 141 6
160 141 6
0 95 16
0 82 16
0 82 6
0 82 6
0 82 6
0 82 6
0 82 6
0 82 6
0 82 6
0 82 6
0 82 6
0 82 6
0 82 6
0 82 6
0 82 6
0 82 6
0 82 6
0 82 6
0 82 6
0 82 6
0 82 6
0 82 6
0 82 6
0 82 6
0 82 6
0 82 6
0 82 6
0 82 6
0 82 6
0 82 6
0 82 6
0 82 6
0 82 6
0 82 6
0 82 6
0 82 6
0 82 6
0 82 6
0 82 6
0 82 6
0 82 6
0 82 6
0 82 6
0 82 6
0 82 6
0 82 6
0 82 6
0 108 16
0 108 6
0 108 6
0 108 6
0 108 6
0 108 6
0 108 6
0 108 6
0 108 6
0 108 6
0 108 6
0 108 6
0 108 6
0 108 6
0 108 6
0 108 6
0 108 6
0 108 6
0 108 6
0 108 6
0 108 6
0 108 6
0 108 6
0 108 6
0 108 6
0 108 6
0 108 6
0 108 6
0 108 6
0 108 6
0 108 6
0 108 6
0 108 6
0 108 6
0 108 6
0 108 6
0 108 6
0 108 6
0 108 6
0 108 6
0 108 6
0 108 6
51 66 16
51 66 6
51 66 6
51 66 6
51 66 6
40 31 16
179 71 16
179 71 6
179 71 6
179 71 6
179 71 6
179 71 6
179 71 6
179 71 6
179 71 6
179 71 6
179 71 6
179 71 6
179 71 6
179 71 6
179 71 6
179 71 6
179 71 6
179 71 6
179 71 6
179 71 6
179 71 6
179 71 6
179 71 6
179 71 6
179 71 6
179 71 6
179 71 6
179 71 6
179 71 6
179 71 6
179 71 6
179 71 6
179 71 6
179 71 6
179 71 6
179 71 6
179 71 6
179 71 6
179 71 6
179 71 6
179 71 6
179 71 6
179 71 6
179 71 6
179 71 6
179 71 6
179 71 6
179 71 6
179 71 6
179 71 6
179 71 6
179 71 6
179 71 6
179 71 6
179 71 6
179 71 6
179 71 6
179 71 6
179 71 6
179 71 6
179 71 6
179 71 6
179 71 6
179 71 6
179 71 6
179 71 6
179 71 6
179 71 6
179 71 6
179 71 6
179 71 6
179 71 6
179 71 6
179 71 6
179 71 6
179 71 6
179 71 6
179 71 6
179 71 6
179 71 6
179 71 6
179 71 6
179 71 6
179 71 6
179 71 6
179 71 6
179 71 6
179 71 6
179 71 6
179 71 6
179 71 6
179 71 6
179 71 6
179 71 6
179 71 6
179 71 6
179 71 6
179 71 6
179 71 6
179 71 6
179 71 6
179 71 6
179 71 6
179 71 6
179 71 6
179 71 6
179 71 6
9 89 16
9 89 6
9 89 6
9 89 6
9 89 6
9 89 6
9 89 6
9 89 6
9 89 6
9 89 6
9 89 6
9 89 6
9 89 6
9 89 6
9 89 6
9 89 6
9 89 6
9 89 6
9 89 6
9 89 6
9 89 6
9 89 6
9 89 6
9 89 6
9 89 6
9 89 6
9 89 6
9 89 6
9 89 6
9 89 6
9 89 6
9 89 6
9 89 6
9 89 6
9 89 6
9 89 6
9 89 6
9 89 6
9 89 6
9 89 6
9 89 6
9 89 6
9 89 6
9 89 6
9 89 6
9 89 6
9 89 6
9 89 6
9 89 6
9 89 6
9 89 6
9 89 6
9 89 6
9 89 6
9 89 6
9 89 6
9 89 6
9 89 6
9 89 6
9 89 6
9 89 6
9 89 6
9 89 6
9 89 6
9 89 6
9 89 6
9 89 6
9 89 6
9 89 6
9 89 6
9 89 6
9 89 6
9 89 6
9 89 6
9 89 6
9 89 6
73 137 16
73 137 6
73 137 6
73 137 6
73 137 6
73 137 6
73 137 6
73 137 6
73 137 6
73 137 6
73 137 6
73 137 6
73 137 6
73 137 6
73 137 6
73 137 6
73 137 6
73 137 6
73 137 6
73 137 6
73 137 6
73 137 6
73 137 6
73 137 6
73 137 6
73 137 6
73 137 6
73 137 6
73 137 6
73 137 6
73 137 6
73 137 6
73 137 6
73 137 6
73 137 6
73 137 6
73 137 6
73 137 6
73 137 6
73 137 6
73 137 6
73 137 6
73 137 6
73 137 6
73 137 6
73 137 6
73 137 6
73 137 6
73 137 6
73 137 6
73 137 6
73 137 6
73 137 6
73 137 6
73 137 6
73 137 6
73 137 6
73 137 6
73 137 6
73 137 6
73 137 6
73 137 6
73 137 6
73 137 6
73 137 6
73 137 6
73 137 6
73 137 6
73 137 6
73 137 6
73 137 6
73 137 6
73 137 6
73 137 6
73 137 6
73 137 6
73 137 6
73 137 6
73 137 6
73 137 6
73 137 6
73 137 6
73 137 6
73 137 6
73 137 6
73 137 6
73 137 6
73 137 6
73 137 6
73 137 6
73 137 6
73 137 6
73 137 6
73 137 6
73 137 6
73 137 6
73 137 6
73 137 6
73 137 6
73 137 6
73 137 6
73 137 6
73 137 6
73 137 6
73 137 6
73 137 6
73 137 6
73 137 6
73 137 6
73 137 6
73 137 6
73 137 6
73 137 6
73 137 6
73 137 6
73 137 6
73 137 6
170 119 16
170 119 6
170 119 6
170 119 6
170 119 6
170 119 6
170 119 6
170 119 6
170 119 6
170 119 6
170 119 6
170 119 6
158 112 16
158 112 6
158 112 6
158 112 6
158 112 6
158 112 6
159 127 16
159 127 6
159 127 6
159 127 6
159 127 6
159 127 6
159 127 6
159 127 6
159 127 6
159 127 6
159 127 6
159 127 6
159 127 6
159 127 6
159 127 6
159 127 6
159 127 6
159 127 6
159 127 6
159 127 6
159 127 6
159 127 6
159 127 6
159 127 6
159 127 6
159 127 6
159 127 6
159 127 6
159 127 6
159 127 6
159 127 6
159 127 6
159 127 6
159 127 6
159 127 6
159 127 6
159 127 6
159 127 6
159 127 6
159 127 6
159 127 6
159 127 6
159 127 6
159 127 6
159 127 6
159 127 6
159 127 6
159 127 6
159 127 6
159 127 6
159 127 6
159 127 6
156 98 16
145 105 16
145 105 6
145 105 6
145 105 6
144 91 16
144 91 6
144 91 6
144 91 6
144 91 6
144 91 6
144 91 6
144 91 6
144 91 6
144 91 6
144 91 6
144 91 6
144 91 6
144 91 6
144 91 6
144 91 6
144 91 6
144 91 6
144 91 6
144 91 6
144 91 6
144 91 6
144 91 6
144 91 6
144 91 6
144 91 6
144 91 6
144 91 6
144 91 6
144 91 6
144 91 6
144 91 6
144 91 6
144 91 6
144 91 6
144 91 6
144 91 6
144 91 6
144 91 6
144 91 6
144 91 6
144 91 6
144 91 6
144 91 6
144 91 6
144 91 6
144 91 6
144 91 6
144 91 6
144 91 6
144 91 6
144 91 6
144 91 6
144 91 6
144 91 6
144 91 6
144 91 6
144 91 6
144 91 6
50 80 16
50 80 6
50 80 6
50 80 6
50 80 6
50 80 6
50 80 6
50 80 6
50 80 6
50 80 6
50 80 6
50 80 6
50 80 6
50 80 6
50 80 6
50 80 6
50 80 6
50 80 6
50 80 6
50 80 6
50 80 6
50 80 6
50 80 6
50 80 6
50 80 6
50 80 6
50 80 6
50 80 6
50 80 6
50 80 6
50 80 6
50 80 6
50 80 6
50 80 6
50 80 6
50 80 6
50 80 6
50 80 6
50 80 6
50 80 6
50 80 6
50 80 6
50 80 6
50 80 6
50 80 6
50 80 6
50 80 6
50 80 6
50 80 6
50 80 6
50 80 6
50 80 6
50 80 6
50 80 6
50 80 6
50 80 6
50 80 6
50 80 6
50 80 6
50 80 6
50 80 6
50 80 6
50 80 6
50 80 6
50 80 6
50 80 6
50 80 6
50 80 6
50 80 6
50 80 6
50 80 6
50 80 6
50 80 6
50 80 6
50 80 6
50 80 6
50 80 6
50 80 6
50 80 6
50 80 6
50 80 6
50 80 6
50 80 6
50 80 6
50 80 6
50 80 6
50 80 6
50 80 6
50 80 6
50 80 6
50 80 6
50 80 6
50 80 6
50 80 6
65 58 16
65 58 6
65 58 6
65 58 6
65 58 6
65 58 6
65 58 6
65 58 6
65 58 6
65 58 6
65 58 6
65 58 6
65 58 6
65 58 6
65 58 6
65 58 6
65 58 6
65 58 6
65 58 6
65 58 6
65 58 6
65 58 6
65 58 6
65 58 6
65 58 6
65 58 6
65 58 6
65 58 6
65 58 6
65 58 6
65 58 6
65 58 6
65 58 6
65 58 6
65 58 6
65 58 6
65 58 6
65 58 6
65 58 6
65 58 6
65 58 6
65 58 6
65 58 6
65 58 6
65 58 6
65 58 6
65 58 6
65 58 6
65 58 6
65 58 6
65 58 6
65 58 6
65 58 6
65 58 6
65 58 6
65 58 6
65 58 6
65 58 6
65 58 6
65 58 6
65 58 6
65 58 6
65 58 6
65 58 6
65 58 6
65 58 6
65 58 6
65 58 6
65 58 6
65 58 6
65 58 6
65 58 6
65 58 6
65 58 6
65 58 6
65 58 6
65 58 6
65 58 6
65 58 6
65 58 6
65 58 6
8 142 16
8 142 6
8 142 6
8 142 6
8 142 6
8 142 6
8 142 6
8 142 6
8 142 6
8 142 6
8 142 6
8 142 6
8 142 6
8 142 6
8 142 6
8 142 6
8 142 6
8 142 6
8 142 6
8 142 6
0 135 16
0 135 6
0 135 6
0 135 6
0 135 6
0 135 6
0 135 6
0 135 6
0 135 6
0 135 6
0 135 6
0 135 6
0 135 6
0 135 6
0 135 6
0 135 6
0 135 6
0 135 6
0 135 6
0 135 6
0 135 6
0 135 6
0 135 6
0 135 6
0 135 6
0 135 6
0 135 6
0 135 6
0 135 6
0 135 6
0 135 6
0 135 6
0 135 6
0 135 6
0 135 6
0 135 6
0 135 6
0 135 6
0 135 6
0 135 6
0 135 6
0 135 6
0 135 6
0 135 6
0 135 6
0 135 6
0 135 6
0 135 6
0 135 6
169 105 16
169 105 6
169 105 6
169 105 6
169 105 6
134 113 16
134 113 6
134 113 6
134 113 6
134 113 6
134 113 6
134 113 6
134 113 6
134 113 6
134 113 6
134 113 6
134 113 6
134 113 6
134 113 6
134 113 6
134 113 6
134 113 6
134 113 6
134 113 6
134 113 6
134 113 6
134 113 6
134 113 6
134 113 6
134 113 6
134 113 6
134 113 6
134 113 6
134 113 6
134 113 6
134 113 6
134 113 6
134 113 6
134 113 6
134 113 6
134 113 6
134 113 6
134 113 6
134 113 6
134 113 6
134 113 6
134 113 6
134 113 6
134 113 6
134 113 6
134 113 6
134 113 6
134 113 6
134 113 6
134 113 6
134 113 6
134 113 6
134 113 6
134 113 6
134 113 6
134 113 6
134 113 6
134 113 6
134 113 6
134 113 6
134 113 6
134 113 6
134 113 6
134 113 6
134 113 6
134 113 6
134 113 6
134 113 6
134 113 6
134 113 6
134 113 6
134 113 6
134 113 6
134 113 6
134 113 6
134 113 6
134 113 6
134 113 6
134 113 6
134 113 6
134 113 6
134 113 6
134 113 6
21 149 16
21 149 6
21 149 6
21 149 6
21 149 6
21 149 6
21 149 6
21 149 6
21 149 6
21 149 6
21 149 6
21 149 6
21 149 6
21 149 6
21 149 6
21 149 6
21 149 6
21 149 6
21 149 6
21 149 6
21 149 6
21 149 6
21 149 6
21 149 6
21 149 6
21 149 6
21 149 6
21 149 6
21 149 6
21 149 6
21 149 6
21 149 6
21 149 6
21 149 6
21 149 6
21 149 6
21 149 6
21 149 6
21 149 6
21 149 6
21 149 6
21 149 6
21 149 6
21 149 6
21 149 6
21 149 6
21 149 6
21 149 6
21 149 6
21 149 6
21 149 6
21 149 6
21 149 6
21 149 6
21 149 6
21 149 6
21 149 6
21 149 6
21 149 6
21 149 6
21 149 6
21 149 6
21 149 6
21 149 6
21 149 6
21 149 6
21 149 6
21 149 6
21 149 6
21 149 6
21 149 6
21 149 6
21 149 6
21 149 6
21 149 6
21 149 6
21 149 6
21 149 6
21 149 6
21 149 6
21 149 6
21 149 6
21 149 6
21 149 6
41 16 16
41 16 6
41 16 6
41 16 6
41 16 6
41 16 6
41 16 6
41 16 6
41 16 6
41 16 6
41 16 6
41 16 6
41 16 6
41 16 6
41 16 6
26 9 16
26 9 6
26 9 6
26 9 6
26 9 6
26 9 6
26 9 6
26 9 6
26 9 6
26 9 6
26 9 6
26 9 6
26 9 6
26 9 6
26 9 6
26 9 6
26 9 6
26 9 6
26 9 6
26 9 6
26 9 6
26 9 6
26 9 6
26 9 6
26 9 6
26 9 6
26 9 6
26 9 6
26 9 6
26 9 6
26 9 6
26 9 6
26 9 6
26 9 6
26 9 6
26 9 6
26 9 6
26 9 6
26 9 6
26 9 6
26 9 6
26 9 6
26 9 6
26 9 6
26 9 6
26 9 6
26 9 6
26 9 6
26 9 6
26 9 6
26 9 6
26 9 6
26 9 6
26 9 6
26 9 6
26 9 6
26 9 6
26 9 6
26 9 6
26 9 6
26 9 6
26 9 6
26 9 6
26 9 6
26 9 6
26 9 6
26 9 6
26 9 6
26 9 6
26 9 6
26 9 6
26 9 6
26 9 6
26 9 6
26 9 6
26 9 6
26 9 6
26 9 6
26 9 6
26 9 6
26 9 6
26 9 6
26 9 6
26 9 6
26 9 6
26 9 6
26 9 6
26 9 6
26 9 6
26 9 6
26 9 6
26 9 6
26 9 6
26 9 6
26 9 6
26 9 6
26 9 6
26 9 6
26 9 6
26 9 6
26 9 6
26 9 6
26 9 6
26 9 6
26 9 6
26 9 6
26 9 6
26 9 6
26 9 6
26 9 6
26 9 6
26 9 6
26 9 6
26 9 6
64 72 16
64 72 6
64 72 6
64 72 6
64 72 6
64 72 6
64 72 6
64 72 6
64 72 6
64 72 6
64 72 6
64 72 6
64 72 6
64 72 6
64 72 6
64 72 6
64 72 6
64 72 6
64 72 6
64 72 6
64 72 6
64 72 6
64 72 6
64 72 6
64 72 6
64 72 6
64 72 6
64 72 6
64 72 6
64 72 6
64 72 6
64 72 6
64 72 6
64 72 6
64 72 6
64 72 6
64 72 6
64 72 6
64 72 6
64 72 6
64 72 6
64 72 6
64 72 6
64 72 6
64 72 6
64 72 6
64 72 6
64 72 6
64 72 6
64 72 6
64 72 6
64 72 6
64 72 6
64 72 6
64 72 6
64 72 6
64 72 6
64 72 6
64 72 6
64 72 6
64 72 6
64 72 6
64 72 6
64 72 6
64 72 6
64 72 6
64 72 6
64 72 6
64 72 6
64 72 6
64 72 6
64 72 6
64 72 6
64 72 6
64 72 6
64 72 6
64 72 6
64 72 6
64 72 6
64 72 6
64 72 6
64 72 6
64 72 6
64 72 6
64 72 6
64 72 6
64 72 6
64 72 6
64 72 6
64 72 6
78 49 16
78 49 6
78 49 6
78 49 6
78 49 6
78 49 6
78 49 6
78 49 6
78 49 6
78 49 6
78 49 6
78 49 6
78 49 6
78 49 6
78 49 6
78 49 6
78 49 6
78 49 6
78 49 6
78 49 6
78 49 6
78 49 6
78 49 6
78 49 6
78 49 6
78 49 6
78 49 6
78 49 6
78 49 6
78 49 6
78 49 6
78 49 6
78 49 6
78 49 6
78 49 6
78 49 6
78 49 6
78 49 6
78 49 6
78 49 6
78 49 6
78 49 6
78 49 6
78 49 6
78 49 6
78 49 6
78 49 6
78 49 6
78 49 6
78 49 6
78 49 6
78 49 6
78 49 6
78 49 6
78 49 6
78 49 6
78 49 6
78 49 6
78 49 6
78 49 6
78 49 6
78 49 6
78 49 6
78 49 6
78 49 6
78 49 6
78 49 6
78 49 6
78 49 6
78 49 6
78 49 6
78 49 6
78 49 6
78 49 6
78 49 6
8 155 16
8 155 6
8 155 6
8 155 6
8 155 6
8 155 6
8 155 6
8 155 6
8 155 6
8 155 6
8 155 6
8 155 6
8 155 6
8 155 6
8 155 6
8 155 6
8 155 6
8 155 6
8 155 6
8 155 6
8 155 6
8 155 6
8 155 6
8 155 6
8 155 6
8 155 6
8 155 6
8 155 6
8 155 6
8 155 6
8 155 6
8 155 6
8 155 6
8 155 6
8 155 6
8 155 6
8 155 6
8 155 6
8 155 6
8 155 6
8 155 6
8 155 6
0 148 16
0 148 6
0 148 6
0 148 6
0 148 6
0 148 6
0 148 6
0 148 6
0 148 6
0 148 6
0 148 6
0 148 6
0 148 6
0 148 6
0 148 6
0 148 6
0 148 6
0 148 6
0 148 6
0 148 6
0 148 6
0 148 6
181 98 16
181 98 6
181 98 6
181 98 6
181 98 6
181 98 6
181 98 6
181 98 6
181 98 6
181 98 6
181 98 6
181 98 6
181 98 6
181 98 6
181 98 6
181 98 6
181 98 6
181 98 6
181 98 6
181 98 6
181 98 6
181 98 6
181 98 6
181 98 6
181 98 6
181 98 6
181 98 6
181 98 6
181 98 6
181 98 6
181 98 6
181 98 6
181 98 6
181 98 6
181 98 6
181 98 6
181 98 6
181 98 6
181 98 6
181 98 6
181 98 6
99 32 16
99 32 6
99 32 6
99 32 6
99 32 6
99 32 6
99 32 6
99 32 6
99 32 6
99 32 6
99 32 6
99 32 6
99 32 6
99 32 6
99 32 6
99 32 6
99 32 6
99 32 6
99 32 6
99 32 6
99 32 6
99 32 6
99 32 6
99 32 6
99 32 6
99 32 6
99 32 6
99 32 6
99 32 6
99 32 6
99 32 6
99 32 6
99 32 6
99 32 6
99 32 6
99 32 6
99 32 6
99 32 6
99 32 6
99 32 6
99 32 6
99 32 6
99 32 6
99 32 6
99 32 6
99 32 6
99 32 6
99 32 6
99 32 6
99 32 6
99 32 6
99 32 6
99 32 6
99 32 6
99 32 6
35 102 16
48 109 16
48 109 6
48 109 6
48 109 6
48 109 6
48 109 6
48 109 6
48 109 6
48 109 6
48 109 6
48 109 6
48 109 6
48 109 6
48 109 6
48 109 6
48 109 6
48 109 6
48 109 6
48 109 6
49 95 16
49 95 6
49 95 6
49 95 6
49 95 6
49 95 6
49 95 6
49 95 6
49 95 6
49 95 6
49 95 6
49 95 6
49 95 6
49 95 6
49 95 6
49 95 6
49 95 6
49 95 6
49 95 6
49 95 6
49 95 6
49 95 6
49 95 6
49 95 6
49 95 6
49 95 6
49 95 6
49 95 6
49 95 6
49 95 6
49 95 6
49 95 6
49 95 6
49 95 6
49 95 6
49 95 6
49 95 6
49 95 6
49 95 6
49 95 6
49 95 6
49 95 6
49 95 6
49 95 6
49 95 6
49 95 6
49 95 6
49 95 6
49 95 6
49 95 6
49 95 6
49 95 6
49 95 6
49 95 6
49 95 6
49 95 6
49 95 6
49 95 6
49 95 6
49 95 6
49 95 6
49 95 6
49 95 6
49 95 6
49 95 6
49 95 6
49 95 6
49 95 6
49 95 6
49 95 6
168 91 16
168 91 6
168 91 6
168 91 6
168 91 6
168 91 6
168 91 6
168 91 6
168 91 6
168 91 6
168 91 6
168 91 6
168 91 6
168 91 6
168 91 6
168 91 6
168 91 6
168 91 6
168 91 6
168 91 6
168 91 6
168 91 6
168 91 6
168 91 6
168 91 6
168 91 6
168 91 6
168 91 6
168 91 6
168 91 6
168 91 6
168 91 6
168 91 6
168 91 6
168 91 6
168 91 6
168 91 6
168 91 6
168 91 6
168 91 6
168 91 6
168 91 6
168 91 6
168 91 6
168 91 6
168 91 6
168 91 6
168 91 6
168 91 6
168 91 6
168 91 6
168 91 6
168 91 6
168 91 6
168 91 6
168 91 6
168 91 6
168 91 6
168 91 6
168 91 6
168 91 6
168 91 6
168 91 6
168 91 6
168 91 6
168 91 6
168 91 6
168 91 6
168 91 6
168 91 6
168 91 6
168 91 6
168 91 6
168 91 6
99 18 16
99 18 6
99 18 6
99 18 6
99 18 6
99 18 6
99 18 6
99 18 6
99 18 6
99 18 6
99 18 6
99 18 6
99 18 6
99 18 6
99 18 6
99 18 6
99 18 6
99 18 6
99 18 6
99 18 6
99 18 6
99 18 6
99 18 6
99 18 6
99 18 6
99 18 6
99 18 6
99 18 6
90 12 16
90 12 6
90 12 6
90 12 6
90 12 6
90 12 6
90 12 6
90 12 6
90 12 6
90 12 6
90 12 6
90 12 6
90 12 6
90 12 6
90 12 6
90 12 6
90 12 6
90 12 6
90 12 6
90 12 6
90 12 6
90 12 6
90 12 6
90 12 6
90 12 6
90 12 6
90 12 6
90 12 6
90 12 6
90 12 6
90 12 6
90 12 6
90 12 6
90 12 6
90 12 6
90 12 6
90 12 6
90 12 6
90 12 6
90 12 6
90 12 6
90 12 6
90 12 6
90 12 6
90 12 6
90 12 6
90 12 6
90 12 6
90 12 6
90 12 6
133 98 16
133 98 6
133 98 6
133 98 6
133 98 6
133 98 6
133 98 6
133 98 6
133 98 6
133 98 6
133 98 6
133 98 6
133 98 6
133 98 6
133 98 6
133 98 6
133 98 6
133 98 6
121 91 16
110 99 16
110 99 6
110 99 6
110 99 6
110 99 6
110 99 6
110 99 6
110 99 6
110 99 6
110 99 6
110 99 6
110 99 6
110 99 6
110 99 6
110 99 6
110 99 6
110 99 6
110 99 6
110 99 6
110 99 6
110 99 6
110 99 6
110 99 6
110 99 6
110 99 6
110 99 6
110 99 6
110 99 6
110 99 6
110 99 6
110 99 6
110 99 6
110 99 6
110 99 6
110 99 6
122 106 16
122 106 6
122 106 6
122 106 6
122 106 6
122 106 6
122 106 6
122 106 6
122 106 6
108 25 16
108 25 6
108 25 6
108 25 6
108 25 6
108 25 6
108 25 6
108 25 6
108 25 6
108 25 6
108 25 6
108 25 6
108 25 6
108 25 6
108 25 6
108 25 6
108 25 6
108 25 6
108 25 6
108 25 6
108 25 6
108 25 6
108 25 6
108 25 6
108 25 6
108 25 6
108 25 6
108 25 6
108 25 6
108 25 6
108 25 6
108 25 6
108 25 6
108 25 6
108 25 6
108 25 6
108 25 6
108 25 6
108 25 6
108 25 6
108 25 6
108 25 6
108 25 6
108 25 6
108 25 6
108 25 6
108 25 6
108 25 6
108 25 6
108 25 6
108 25 6
108 25 6
108 25 6
108 25 6
108 25 6
108 25 6
108 25 6
108 25 6
108 25 6
108 25 6
108 25 6
108 25 6
108 25 6
108 25 6
108 25 6
108 25 6
100 4 16
100 4 6
100 4 6
100 4 6
110 0 16
109 11 16
109 11 6
109 11 6
109 11 6
109 11 6
109 11 6
109 11 6
109 11 6
109 11 6
109 11 6
109 11 6
109 11 6
109 11 6
109 11 6
109 11 6
111 114 16
111 114 6
111 114 6
111 128 16
111 128 6
111 128 6
111 128 6
111 128 6
111 128 6
111 128 6
111 128 6
111 128 6
111 128 6
111 128 6
111 128 6
111 128 6
111 128 6
111 128 6
111 128 6
111 128 6
111 128 6
111 128 6
111 128 6
111 128 6
111 128 6
111 128 6
111 128 6
111 128 6
111 128 6
111 128 6
111 128 6
111 128 6
111 128 6
111 128 6
111 128 6
111 128 6
111 128 6
111 128 6
111 128 6
111 128 6
111 128 6
111 128 6
111 128 6
111 128 6
111 128 6
111 128 6
111 128 6
111 128 6
111 128 6
111 128 6
111 128 6
111 128 6
111 128 6
111 128 6
111 128 6
111 128 6
111 128 6
111 128 6
111 128 6
111 128 6
111 128 6
111 128 6
111 128 6
111 128 6
111 128 6
111 128 6
111 128 6
111 128 6
111 128 6
111 128 6
111 128 6
111 128 6
111 128 6
111 128 6
111 128 6
111 128 6
111 128 6
111 128 6
111 128 6
111 128 6
111 128 6
111 128 6
111 128 6
111 128 6
111 128 6
111 128 6
111 128 6
111 128 6
111 128 6
111 128 6
111 128 6
111 128 6
111 128 6
111 128 6
111 128 6
111 128 6
111 128 6
111 128 6
36 88 16
36 88 6
36 88 6
36 88 6
36 88 6
36 88 6
36 88 6
36 88 6
36 88 6
36 88 6
36 88 6
36 88 6
36 88 6
36 88 6
36 88 6
36 88 6
36 88 6
36 88 6
36 88 6
36 88 6
36 88 6
36 88 6
36 88 6
36 88 6
36 88 6
36 88 6
36 88 6
36 88 6
36 88 6
36 88 6
36 88 6
36 88 6
36 88 6
36 88 6
36 88 6
36 88 6
36 88 6
36 88 6
36 88 6
36 88 6
36 88 6
36 88 6
36 88 6
36 88 6
36 88 6
36 88 6
36 88 6
36 88 6
36 88 6
36 88 6
36 88 6
36 88 6
36 88 6
36 74 16
36 74 6
36 74 6
36 74 6
36 74 6
36 74 6
36 74 6
36 74 6
36 74 6
36 74 6
36 74 6
36 74 6
36 74 6
36 74 6
36 74 6
36 74 6
36 74 6
36 74 6
36 74 6
36 74 6
36 74 6
36 74 6
36 74 6
36 74 6
36 74 6
36 74 6
36 74 6
36 74 6
36 74 6
36 74 6
36 74 6
36 74 6
36 74 6
36 74 6
36 74 6
36 74 6
36 74 6
36 74 6
36 74 6
36 74 6
36 74 6
36 74 6
36 74 6
36 74 6
36 74 6
36 74 6
36 74 6
36 74 6
36 74 6
36 74 6
36 74 6
36 74 6
36 74 6
36 74 6
36 74 6
36 74 6
36 74 6
36 74 6
36 74 6
36 74 6
36 74 6
36 74 6
36 74 6
36 74 6
36 74 6
36 74 6
36 74 6
36 74 6
36 74 6
36 74 6
36 74 6
36 74 6
36 74 6
36 74 6
36 74 6
36 74 6
36 74 6
98 107 16
98 107 6
98 107 6
98 107 6
98 107 6
98 107 6
98 107 6
98 107 6
98 107 6
98 107 6
98 107 6
98 107 6
98 107 6
98 107 6
98 107 6
98 107 6
98 107 6
98 107 6
98 107 6
98 107 6
98 107 6
98 107 6
98 107 6
98 107 6
98 107 6
98 107 6
98 107 6
98 107 6
98 107 6
98 107 6
98 107 6
98 107 6
98 107 6
98 107 6
98 107 6
98 107 6
98 107 6
98 107 6
98 107 6
98 107 6
98 107 6
98 107 6
98 107 6
98 107 6
98 107 6
98 107 6
98 107 6
98 107 6
98 107 6
98 107 6
98 107 6
98 107 6
98 107 6
98 107 6
98 107 6
98 107 6
98 107 6
98 107 6
98 107 6
98 107 6
98 107 6
98 107 6
98 107 6
98 107 6
98 107 6
98 107 6
98 107 6
98 107 6
98 107 6
98 107 6
98 107 6
99 122 16
99 122 6
99 122 6
99 122 6
99 122 6
99 122 6
99 122 6
99 122 6
99 122 6
99 122 6
99 122 6
99 122 6
99 122 6
99 122 6
99 122 6
99 122 6
99 122 6
99 122 6
99 122 6
99 122 6
99 122 6
99 122 6
99 122 6
99 122 6
99 122 6
99 122 6
99 122 6
99 122 6
99 122 6
99 122 6
99 122 6
99 122 6
99 122 6
99 122 6
99 122 6
99 122 6
99 122 6
99 122 6
99 122 6
99 122 6
99 122 6
99 122 6
99 122 6
99 122 6
99 122 6
99 122 6
99 122 6
99 122 6
99 122 6
99 122 6
99 122 6
99 122 6
99 122 6
99 122 6
99 122 6
99 122 6
99 122 6
99 122 6
99 122 6
99 122 6
99 122 6
99 122 6
99 122 6
99 122 6
99 122 6
99 122 6
99 122 6
99 122 6
99 122 6
99 122 6
99 122 6
99 122 6
99 122 6
99 122 6
99 122 6
99 122 6
99 122 6
99 122 6
99 122 6
99 122 6
99 122 6
99 122 6
99 122 6
99 122 6
99 122 6
99 122 6
99 122 6
99 122 6
99 122 6
99 122 6
99 122 6
99 122 6
99 122 6
99 122 6
60 185 16
60 185 6
60 185 6
60 185 6
60 185 6
60 185 6
60 185 6
60 185 6
60 185 6
60 185 6
60 185 6
60 185 6
60 185 6
60 185 6
60 185 6
60 185 6
60 185 6
60 185 6
60 185 6
60 185 6
60 185 6
60 185 6
60 185 6
60 185 6
60 185 6
60 185 6
60 185 6
60 185 6
60 185 6
60 185 6
60 185 6
60 185 6
60 185 6
60 185 6
60 185 6
60 185 6
60 185 6
60 185 6
60 185 6
60 185 6
60 185 6
60 185 6
60 185 6
60 185 6
60 185 6
60 185 6
60 185 6
60 185 6
60 185 6
60 185 6
60 185 6
60 185 6
60 185 6
60 185 6
60 185 6
60 185 6
60 185 6
60 185 6
60 185 6
60 185 6
60 185 6
60 185 6
60 185 6
60 185 6
60 185 6
60 185 6
60 185 6
60 185 6
60 185 6
60 185 6
60 185 6
60 185 6
60 185 6
60 185 6
60 185 6
60 185 6
60 185 6
60 185 6
60 185 6
60 185 6
60 185 6
60 185 6
60 185 6
60 185 6
60 185 6
60 185 6
60 185 6
60 185 6
60 185 6
60 185 6
60 185 6
60 185 6
60 185 6
60 185 6
60 185 6
60 185 6
60 185 6
60 185 6
60 185 6
60 185 6
60 185 6
60 185 6
60 185 6
60 185 6
60 185 6
60 185 6
60 185 6
60 185 6
60 185 6
60 185 6
60 185 6
60 185 6
60 185 6
60 185 6
60 185 6
60 185 6
60 185 6
60 185 6
60 185 6
60 185 6
60 185 6
60 185 6
60 185 6
60 185 6
60 185 6
60 185 6
60 185 6
60 185 6
60 185 6
60 185 6
60 185 6
60 185 6
60 185 6
60 185 6
60 185 6
60 185 6
60 185 6
60 185 6
60 185 6
60 185 6
60 185 6
60 185 6
60 185 6
60 185 6
60 185 6
60 185 6
60 185 6
60 158 16
60 158 6
60 158 6
60 158 6
60 158 6
60 158 6
60 158 6
60 158 6
60 158 6
60 158 6
60 158 6
60 158 6
60 158 6
60 158 6
60 158 6
60 158 6
60 158 6
60 158 6
60 158 6
60 158 6
60 158 6
60 158 6
60 158 6
60 158 6
60 158 6
60 158 6
60 158 6
60 158 6
60 158 6
60 158 6
60 158 6
60 158 6
60 158 6
60 158 6
60 158 6
60 158 6
60 158 6
60 158 6
60 158 6
60 158 6
60 158 6
60 158 6
60 158 6
60 158 6
60 158 6
60 158 6
60 158 6
60 158 6
60 158 6
60 158 6
60 158 6
60 158 6
60 158 6
60 158 6
60 158 6
60 158 6
60 158 6
60 158 6
60 158 6
60 158 6
60 158 6
60 158 6
60 158 6
60 158 6
60 158 6
60 158 6
60 158 6
60 158 6
60 158 6
60 158 6
60 158 6
60 158 6
60 158 6
60 158 6
60 158 6
60 158 6
60 158 6
60 158 6
60 158 6
60 158 6
60 158 6
60 158 6
60 158 6
60 158 6
60 158 6
60 158 6
60 158 6
60 158 6
60 158 6
60 158 6
60 158 6
60 158 6
60 158 6
60 158 6
60 158 6
60 158 6
60 158 6
60 158 6
60 158 6
60 158 6
60 158 6
60 158 6
60 158 6
60 158 6
60 158 6
60 158 6
60 158 6
60 158 6
60 158 6
60 158 6
60 158 6
60 158 6
60 158 6
60 158 6
60 158 6
60 158 6
60 158 6
60 158 6
60 158 6
60 158 6
60 158 6
0 68 16
0 68 6
0 68 6
0 68 6
0 68 6
0 68 6
0 68 6
0 68 6
0 68 6
0 68 6
0 68 6
0 68 6
0 68 6
0 68 6
0 68 6
0 68 6
0 68 6
0 68 6
0 68 6
0 68 6
0 68 6
0 68 6
0 68 6
0 68 6
0 68 6
0 68 6
0 68 6
0 68 6
0 68 6
0 68 6
0 68 6
0 68 6
0 68 6
0 68 6
0 68 6
0 68 6
0 68 6
0 68 6
0 68 6
0 68 6
0 68 6
0 68 6
0 68 6
0 68 6
0 68 6
0 68 6
0 68 6
0 68 6
0 68 6
0 68 6
0 68 6
0 68 6
0 68 6
0 68 6
0 68 6
0 68 6
0 68 6
0 68 6
0 68 6
0 68 6
0 68 6
0 68 6
0 68 6
0 68 6
0 68 6
0 68 6
0 68 6
0 68 6
0 68 6
0 68 6
0 68 6
0 68 6
0 68 6
0 68 6
0 68 6
0 68 6
0 68 6
0 68 6
0 68 6
0 68 6
0 68 6
0 68 6
0 68 6
0 68 6
0 68 6
0 68 6
0 68 6
0 68 6
0 68 6
0 68 6
0 68 6
0 68 6
0 68 6
0 68 6
0 68 6
0 68 6
67 43 16
67 43 6
67 43 6
67 43 6
67 43 6
67 43 6
67 43 6
67 43 6
67 43 6
67 43 6
67 43 6
67 43 6
67 43 6
67 43 6
67 43 6
67 43 6
67 43 6
67 43 6
67 43 6
67 43 6
67 43 6
67 43 6
67 43 6
67 43 6
67 43 6
67 43 6
67 43 6
67 43 6
67 43 6
67 43 6
67 43 6
67 43 6
67 43 6
67 43 6
67 43 6
67 43 6
67 43 6
67 43 6
67 43 6
67 43 6
67 43 6
67 43 6
67 43 6
67 43 6
67 43 6
67 43 6
67 43 6
67 43 6
67 43 6
67 43 6
67 43 6
67 43 6
67 43 6
67 43 6
67 43 6
67 43 6
67 43 6
67 43 6
67 43 6
67 43 6
67 43 6
67 43 6
67 43 6
67 43 6
67 43 6
67 43 6
67 43 6
67 43 6
67 43 6
67 43 6
67 43 6
67 43 6
67 43 6
67 43 6
67 43 6
67 43 6
67 43 6
67 43 6
67 43 6
67 43 6
67 43 6
67 43 6
67 43 6
67 43 6
67 43 6
67 43 6
67 43 6
67 43 6
67 43 6
67 43 6
67 43 6
67 43 6
67 43 6
67 43 6
67 43 6
0 108 6
0 108 6
0 108 6
0 108 6
0 108 6
0 108 6
0 108 6
0 108 6
0 108 6
0 108 6
0 108 6
0 108 6
0 108 6
0 108 6
0 108 6
0 108 6
0 108 6
0 108 6
0 108 6
0 108 6
0 108 6
0 108 6
0 108 6
0 108 6
0 108 6
0 108 6
0 108 6
0 108 6
0 108 6
0 108 6
0 108 6
0 108 6
0 108 6
0 108 6
0 108 6
0 108 6
0 108 6
0 108 6
0 108 6
0 108 6
0 108 6
0 108 6
0 108 6
0 108 6
0 108 6
0 108 6
0 108 6
0 108 6
0 108 6
0 108 6
0 108 6
0 108 6
0 108 6
0 108 6
0 108 6
0 108 6
0 108 6
0 108 6
0 108 6
0 108 6
0 108 6
0 108 6
0 108 6
0 108 6
0 108 6
0 108 6
0 108 6
0 108 6
0 108 6
0 108 6
0 108 6
0 108 6
0 108 6
0 108 6
0 108 6
0 108 6
0 108 6
0 108 6
0 108 6
0 108 6
0 108 6
0 108 6
0 108 6
0 108 6
0 108 6
0 108 6
0 108 6
0 108 6
0 108 6
0 108 6
0 108 6
0 108 6
0 108 6
0 108 6
0 108 6
0 108 6
0 108 6
0 108 6
0 108 6
0 108 6
0 108 6
41 1 16
41 1 6
41 1 6
41 1 6
41 1 6
41 1 6
41 1 6
41 1 6
41 1 6
41 1 6
41 1 6
41 1 6
41 1 6
41 1 6
41 1 6
41 1 6
41 1 6
41 1 6
41 1 6
41 1 6
41 1 6
41 1 6
41 1 6
41 1 6
41 1 6
41 1 6
41 1 6
41 1 6
41 1 6
41 1 6
41 1 6
41 1 6
41 1 6
41 1 6
41 1 6
41 1 6
41 1 6
41 1 6
41 1 6
41 1 6
41 1 6
41 1 6
41 1 6
41 1 6
41 1 6
41 1 6
41 1 6
41 1 6
41 1 6
41 1 6
41 1 6
41 1 6
41 1 6
41 1 6
41 1 6
41 1 6
41 1 6
41 1 6
41 1 6
41 1 6
41 1 6
41 1 6
41 1 6
41 1 6
41 1 6
41 1 6
41 1 6
41 1 6
41 1 6
41 1 6
41 1 6
41 1 6
41 1 6
41 1 6
41 1 6
41 1 6
41 1 6
41 1 6
41 1 6
41 1 6
41 1 6
41 1 6
41 1 6
41 1 6
41 1 6
41 1 6
41 1 6
41 1 6
41 1 6
41 1 6
41 1 6
41 1 6
41 1 6
41 1 6
41 1 6
41 1 6
41 1 6
41 1 6
41 1 6
41 1 6
41 1 6
41 1 6
41 1 6
41 1 6
41 1 6
41 1 6
41 1 6
41 1 6
41 1 6
41 1 6
41 1 6
41 1 6
41 1 6
41 1 6
41 1 6
41 1 6
41 1 6
41 1 6
41 1 6
41 1 6
41 1 6
41 1 6
41 1 6
41 1 6
41 1 6
41 1 6
41 1 6
41 1 6
41 1 6
41 1 6
41 1 6
41 1 6
41 1 6
41 1 6
41 1 6
41 1 6
41 1 6
142 20 16
142 20 6
142 20 6
142 20 6
142 20 6
142 20 6
142 20 6
142 20 6
142 20 6
142 20 6
142 20 6
142 20 6
142 20 6
142 20 6
142 20 6
142 20 6
142 20 6
142 20 6
142 20 6
142 20 6
142 20 6
142 20 6
142 20 6
142 20 6
142 20 6
142 20 6
142 20 6
142 20 6
142 20 6
142 20 6
142 20 6
142 20 6
142 20 6
142 20 6
142 20 6
142 20 6
142 20 6
142 20 6
142 20 6
142 20 6
142 20 6
142 20 6
142 20 6
142 20 6
142 20 6
142 20 6
142 20 6
142 20 6
142 20 6
142 20 6
142 20 6
142 20 6
142 20 6
142 20 6
142 20 6
142 20 6
142 20 6
142 20 6
142 20 6
142 20 6
142 20 6
142 20 6
142 20 6
142 20 6
142 20 6
142 20 6
142 20 6
142 20 6
142 20 6
142 20 6
142 20 6
142 20 6
142 20 6
142 20 6
142 20 6
142 20 6
142 20 6
142 20 6
142 20 6
142 20 6
142 20 6
142 20 6
142 20 6
142 20 6
142 20 6
142 20 6
142 20 6
142 20 6
142 20 6
142 20 6
142 20 6
142 20 6
142 20 6
142 20 6
142 20 6
142 20 6
142 20 6
142 20 6
142 20 6
142 20 6
142 20 6
142 20 6
142 20 6
142 20 6
142 20 6
142 20 6
142 20 6
142 20 6
142 20 6
142 20 6
142 20 6
142 20 6
142 20 6
67 0 16
67 0 6
67 0 6
67 0 6
67 0 6
67 0 6
67 0 6
67 0 6
67 0 6
67 0 6
67 0 6
67 0 6
67 0 6
67 0 6
67 0 6
67 0 6
67 0 6
67 0 6
67 0 6
67 0 6
67 0 6
67 0 6
67 0 6
67 0 6
67 0 6
67 0 6
67 0 6
67 0 6
67 0 6
67 0 6
67 0 6
67 0 6
67 0 6
67 0 6
67 0 6
67 0 6
67 0 6
67 0 6
67 0 6
67 0 6
67 0 6
67 0 6
67 0 6
34 197 16
34 197 6
158 0 16
158 0 6
158 0 6
158 0 6
158 0 6
158 0 6
158 0 6
158 0 6
158 0 6
158 0 6
158 0 6
158 0 6
158 0 6
158 0 6
158 0 6
158 0 6
158 0 6
158 0 6
158 0 6
158 0 6
158 0 6
158 0 6
158 0 6
158 0 6
158 0 6
158 0 6
158 0 6
158 0 6
158 0 6
158 0 6
158 0 6
158 0 6
158 0 6
158 0 6
158 0 6
158 0 6
158 0 6
158 0 6
158 0 6
158 0 6
158 0 6
158 0 6
158 0 6
158 0 6
158 0 6
158 0 6
158 0 6
158 0 6
158 0 6
158 0 6
158 0 6
158 0 6
158 0 6
88 55 16
88 55 6
88 55 6
88 55 6
88 55 6
88 55 6
88 55 6
88 55 6
88 55 6
88 55 6
88 55 6
88 55 6
88 55 6
88 55 6
88 55 6
88 55 6
88 55 6
88 55 6
88 55 6
88 55 6
88 55 6
88 55 6
88 55 6
88 55 6
88 55 6
88 55 6
88 55 6
88 55 6
88 55 6
88 55 6
88 55 6
88 55 6
88 55 6
88 55 6
88 55 6
88 55 6
88 55 6
88 55 6
88 55 6
88 55 6
88 55 6
88 55 6
88 55 6
88 55 6
88 55 6
88 55 6
88 55 6
88 55 6
88 55 6
88 55 6
88 55 6
88 55 6
88 55 6
88 55 6
88 55 6
88 55 6
88 55 6
88 55 6
88 55 6
88 55 6
88 55 6
88 55 6
88 55 6
88 55 6
88 55 6
88 55 6
88 55 6
88 55 6
88 55 6
88 55 6
88 55 6
88 55 6
88 55 6
88 55 6
88 55 6
88 55 6
88 55 6
88 55 6
88 55 6
88 55 6
88 55 6
88 55 6
88 55 6
88 55 6
88 55 6
88 55 6
88 55 6
88 55 6
88 55 6
88 55 6
88 55 6
88 55 6
88 55 6
88 55 6
120 4 16
120 4 6
120 4 6
120 4 6
120 4 6
120 4 6
120 4 6
120 4 6
120 4 6
120 4 6
120 4 6
120 4 6
120 4 6
120 4 6
120 4 6
120 4 6
120 4 6
120 4 6
120 4 6
120 4 6
120 4 6
120 4 6
120 4 6
120 4 6
120 4 6
120 4 6
120 4 6
120 4 6
120 4 6
120 4 6
120 4 6
120 4 6
120 4 6
120 4 6
120 4 6
120 4 6
120 4 6
120 4 6
132 0 16
132 0 6
132 0 6
132 0 6
132 0 6
132 0 6
132 0 6
132 0 6
132 0 6
132 0 6
132 0 6
132 0 6
132 0 6
132 0 6
132 0 6
132 0 6
132 0 6
132 0 6
132 0 6
132 0 6
132 0 6
132 0 6
132 0 6
132 0 6
132 0 6
132 0 6
132 0 6
132 0 6
132 0 6
132 0 6
132 0 6
132 0 6
132 0 6
132 0 6
132 0 6
132 0 6
132 0 6
132 0 6
132 0 6
132 0 6
132 0 6
132 0 6
132 0 6
132 0 6
132 0 6
132 0 6
132 0 6
132 0 6
132 0 6
132 0 6
132 0 6
132 0 6
132 0 6
132 0 6
132 0 6
132 0 6
132 0 6
132 0 6
132 0 6
132 0 6
132 0 6
132 0 6
132 0 6
132 0 6
132 0 6
132 0 6
132 0 6
132 0 6
132 0 6
132 0 6
132 0 6
132 0 6
132 0 6
132 0 6
0 135 6
0 135 6
0 135 6
0 135 6
0 135 6
0 135 6
0 135 6
0 135 6
0 135 6
0 135 6
0 135 6
0 135 6
0 135 6
0 135 6
0 135 6
0 135 6
0 135 6
0 135 6
0 135 6
0 135 6
0 135 6
0 135 6
0 135 6
0 135 6
0 135 6
0 135 6
0 135 6
0 135 6
0 135 6
0 135 6
0 135 6
0 135 6
0 135 6
0 135 6
0 135 6
0 135 6
0 135 6
0 135 6
0 135 6
0 135 6
0 135 6
0 135 6
0 135 6
0 135 6
0 135 6
0 135 6
0 135 6
0 135 6
0 135 6
0 135 6
0 135 6
0 135 6
0 135 6
0 135 6
0 135 6
0 135 6
0 135 6
0 135 6
0 135 6
0 135 6
0 135 6
0 135 6
0 135 6
0 135 6
0 135 6
0 135 6
0 135 6
0 135 6
0 135 6
0 135 6
0 135 6
0 135 6
0 135 6
0 135 6
0 135 6
0 135 6
0 135 6
0 135 6
0 135 6
0 135 6
0 135 6
0 135 6
0 135 6
0 135 6
0 135 6
0 135 6
0 135 6
0 135 6
0 135 6
0 135 6
0 135 6
0 135 6
0 135 6
0 135 6
0 135 6
0 135 6
0 135 6
0 135 6
0 135 6
0 135 6
0 135 6
0 135 6
0 135 6
0 135 6
0 135 6
0 135 6
0 135 6
0 135 6
0 135 6
0 135 6
0 135 6
0 135 6
0 135 6
0 135 6
0 135 6
0 135 6
0 135 6
0 135 6
0 135 6
0 135 6
0 135 6
0 135 6
0 135 6
0 135 6
0 135 6
0 135 6
0 135 6
0 135 6
0 135 6
0 135 6
0 135 6
0 135 6
0 135 6
0 135 6
0 135 6
0 135 6
0 135 6
0 135 6
0 135 6
0 135 6
0 135 6
0 135 6
0 135 6
0 135 6
0 135 6
0 135 6
0 135 6
0 135 6
0 135 6
0 135 6
0 135 6
0 135 6
168 37 16
168 37 6
168 37 6
168 37 6
168 37 6
168 37 6
168 37 6
168 37 6
168 37 6
168 37 6
168 37 6
168 37 6
168 37 6
154 43 16
154 43 6
154 43 6
154 43 6
154 43 6
154 43 6
154 43 6
154 43 6
154 43 6
154 43 6
154 43 6
154 43 6
154 43 6
154 43 6
154 43 6
154 43 6
154 43 6
154 43 6
154 43 6
154 43 6
154 43 6
154 43 6
154 43 6
154 43 6
154 43 6
154 43 6
154 43 6
154 43 6
154 43 6
154 43 6
154 43 6
154 43 6
154 43 6
154 43 6
154 43 6
154 43 6
154 43 6
154 43 6
154 43 6
154 43 6
154 43 6
154 43 6
154 43 6
154 43 6
154 43 6
154 43 6
154 43 6
154 43 6
154 43 6
154 43 6
154 43 6
154 43 6
154 43 6
154 43 6
154 43 6
154 43 6
154 43 6
154 43 6
154 43 6
154 43 6
154 43 6
154 43 6
154 43 6
154 43 6
154 43 6
154 43 6
154 43 6
154 43 6
154 43 6
0 189 6
0 189 6
0 189 6
0 189 6
0 189 6
0 189 6
0 189 6
0 189 6
0 189 6
0 189 6
0 189 6
0 189 6
0 189 6
0 189 6
0 189 6
0 189 6
0 189 6
142 63 16
154 56 16
8 196 16
8 196 6
8 196 6
8 196 6
8 196 6
8 196 6
8 196 6
8 196 6
8 196 6
8 196 6
8 196 6
8 196 6
8 196 6
8 196 6
8 196 6
8 196 6
8 196 6
8 196 6
8 196 6
8 196 6
8 196 6
8 196 6
8 196 6
60 144 6
60 144 6
60 144 6
60 144 6
60 144 6
60 144 6
60 144 6
60 144 6
60 144 6
60 144 6
60 144 6
60 144 6
60 144 6
60 144 6
60 144 6
60 144 6
60 144 6
60 144 6
60 144 6
60 144 6
60 144 6
60 144 6
60 144 6
60 144 6
60 144 6
60 144 6
60 144 6
60 144 6
60 144 6
60 144 6
60 144 6
60 144 6
60 144 6
60 144 6
60 144 6
60 144 6
60 144 6
60 144 6
60 144 6
60 144 6
60 144 6
60 144 6
60 144 6
60 144 6
60 144 6
60 144 6
60 144 6
60 144 6
60 144 6
60 144 6
60 144 6
60 144 6
60 144 6
60 144 6
60 144 6
60 144 6
60 144 6
60 144 6
60 144 6
60 144 6
60 144 6
60 144 6
60 144 6
60 144 6
60 144 6
60 144 6
60 144 6
60 144 6
60 144 6
60 144 6
60 144 6
60 144 6
60 144 6
60 144 6
60 144 6
60 144 6
60 144 6
60 144 6
60 144 6
60 144 6
60 144 6
60 144 6
60 144 6
60 144 6
60 144 6
60 144 6
60 144 6
60 144 6
60 144 6
60 144 6
60 144 6
60 144 6
60 144 6
60 144 6
60 144 6
60 144 6
60 144 6
60 144 6
60 144 6
60 144 6
60 144 6
60 144 6
60 144 6
60 144 6
60 144 6
60 144 6
60 144 6
60 144 6
60 144 6
60 144 6
60 144 6
60 144 6
60 144 6
60 144 6
60 144 6
60 144 6
60 144 6
60 144 6
60 144 6
60 144 6
60 144 6
60 144 6
60 144 6
60 144 6
60 144 6
60 144 6
60 144 6
60 144 6
60 144 6
60 144 6
60 144 6
60 144 6
60 144 6
60 144 6
60 144 6
60 144 6
60 144 6
60 144 6
60 144 6
60 144 6
60 144 6
60 144 6
60 144 6
60 144 6
60 144 6
60 144 6
60 144 6
60 144 6
60 144 6
60 144 6
60 144 6
60 144 6
60 144 6
74 123 16
74 123 6
74 123 6
74 123 6
74 123 6
74 123 6
74 123 6
74 123 6
74 123 6
74 123 6
74 123 6
74 123 6
74 123 6
74 123 6
74 123 6
74 123 6
74 123 6
74 123 6
74 123 6
74 123 6
74 123 6
74 123 6
74 123 6
74 123 6
74 123 6
74 123 6
74 123 6
74 123 6
74 123 6
74 123 6
74 123 6
74 123 6
74 123 6
74 123 6
74 123 6
74 123 6
74 123 6
74 123 6
74 123 6
74 123 6
74 123 6
74 123 6
74 123 6
74 123 6
74 123 6
74 123 6
74 123 6
74 123 6
74 123 6
74 123 6
74 123 6
74 123 6
74 123 6
74 123 6
74 123 6
74 123 6
74 123 6
74 123 6
74 123 6
74 123 6
74 123 6
74 123 6
74 123 6
74 123 6
74 123 6
74 123 6
74 123 6
74 123 6
74 123 6
74 123 6
74 123 6
74 123 6
74 123 6
74 123 6
74 123 6
74 123 6
74 123 6
74 123 6
74 123 6
74 123 6
74 123 6
74 123 6
74 123 6
74 123 6
74 123 6
74 123 6
74 123 6
74 123 6
74 123 6
74 123 6
74 123 6
74 123 6
74 123 6
74 123 6
74 123 6
74 123 6
74 123 6
74 123 6
74 123 6
74 123 6
74 123 6
74 123 6
74 123 6
74 123 6
74 123 6
86 115 16
86 115 6
86 115 6
86 115 6
86 115 6
86 115 6
86 115 6
86 115 6
86 115 6
86 115 6
7 181 15
7 180 15
7 179 15
8 179 15
9 179 15
9 178 15
10 178 15
10 177 15
11 177 15
12 177 15
13 177 15
13 176 15
13 176 7
14 176 15
14 176 7
14 175 15
14 175 7
15 175 15
15 175 7
15 175 7
15 174 15
15 174 7
15 174 7
15 174 7
16 174 31
16 174 7
16 174 7
16 174 7
17 174 72
17 174 7
18 174 110
18 174 7
18 174 7
18 174 7
19 174 144
19 174 7
19 174 7
19 174 7
19 174 7
19 174 7
19 174 7
19 174 7
20 174 172
20 174 7
20 174 7
20 174 7
20 174 7
20 174 7
20 174 7
20 174 7
20 174 7
20 174 7
20 174 7
20 174 7
20 174 7
20 174 7
20 174 7
21 174 195
21 174 7
21 174 7
21 174 7
21 174 7
21 174 7
21 174 7
21 174 7
21 174 7
21 174 7
21 174 7
21 174 7
21 174 7
21 174 7
21 174 7
21 174 7
21 174 7
21 174 7
21 174 7
21 174 7
21 174 7
21 174 7
21 174 7
21 174 7
22 174 211
22 174 7
22 174 7
22 174 7
22 174 7
22 174 7
22 174 7
22 174 7
22 174 7
22 174 7
22 174 7
22 174 7
22 174 7
22 174 7
22 174 7
22 174 7
22 174 7
22 174 7
22 174 7
22 174 7
22 174 7
22 174 7
22 174 7
22 174 7
22 174 7
22 174 7
22 174 7
22 174 7
22 174 7
22 174 7
22 174 7
23 174 220
23 174 7
23 174 7
23 174 7
23 174 7
23 174 7
23 174 7
23 174 7
23 174 7
23 174 7
23 174 7
23 174 7
23 174 7
23 174 7
23 174 7
23 174 7
23 174 7
23 174 7
23 174 7
23 174 7
23 174 7
23 174 7
23 174 7
23 174 7
23 174 7
23 174 7
23 174 7
23 174 7
23 174 7
23 174 7
23 174 7
24 174 221
24 174 7
24 174 7
24 174 7
24 174 7
24 174 7
24 174 7
24 174 7
24 174 7
24 174 7
24 174 7
24 174 7
24 174 7
24 174 7
24 174 7
24 174 7
24 174 7
24 174 7
24 174 7
24 174 7
24 174 7
24 174 7
24 174 7
24 174 7
24 174 7
24 174 7
24 174 7
24 174 7
24 174 7
24 174 7
25 174 214
25 174 7
25 174 7
25 174 7
25 174 7
25 174 7
25 174 7
25 174 7
25 174 7
25 174 7
25 174 7
25 174 7
25 174 7
25 174 7
25 174 7
25 174 7
25 174 7
25 174 7
25 174 7
25 174 7
25 174 7
25 174 7
25 174 7
25 174 7
25 174 7
25 174 7
26 174 200
26 174 7
26 174 7
26 174 7
26 174 7
26 174 7
26 174 7
26 174 7
26 174 7
26 174 7
26 174 7
26 174 7
26 174 7
26 174 7
26 174 7
26 174 7
26 174 7
26 174 7
26 174 7
26 174 7
27 174 179
27 174 7
27 174 7
27 174 7
27 174 7
27 174 7
27 174 7
27 174 7
27 174 7
27 174 7
27 174 7
27 174 7
28 174 153
28 174 7
28 174 7
28 174 7
28 174 7
28 174 7
29 174 122
29 174 7
29 174 7
30 174 86
30 174 7
30 174 7
30 174 7
31 174 49
31 174 7
31 174 7
31 174 7
31 174 7
31 174 7
32 174 15
32 174 7
32 174 7
32 174 7
32 174 7
32 174 7
32 174 7
32 174 7
32 174 7
33 174 15
33 174 7
33 174 7
33 174 7
33 174 7
33 174 7
33 174 7
33 174 7
33 173 15
33 173 7
33 173 7
33 173 7
33 173 7
33 173 7
33 172 15
33 172 7
33 172 7
33 172 7
33 172 7
33 171 15
33 171 7
33 171 7
33 171 7
33 171 7
34 170 15
34 170 7
34 170 7
34 170 7
34 170 7
35 170 15
35 170 7
35 170 7
35 170 7
35 169 15
35 169 7
35 169 7
35 169 7
36 169 15
36 169 7
36 169 7
36 168 15
36 168 7
36 168 7
36 168 7
37 168 15
37 168 7
37 168 7
38 168 15
38 168 7
38 167 15
38 167 7
38 167 7
39 167 15
39 167 7
39 166 15
39 166 7
39 166 7
40 166 15
40 166 7
41 166 15
41 166 7
42 166 15
42 165 15
42 165 7
42 164 15
42 164 7
42 164 7
42 163 29
42 163 7
42 163 7
42 162 59
42 162 7
42 162 7
42 161 87
42 161 7
42 161 7
42 161 7
42 161 7
42 161 7
42 161 7
42 161 7
42 160 112
42 160 7
42 160 7
42 160 7
42 160 7
42 160 7
42 160 7
42 160 7
42 160 7
42 160 7
42 160 7
42 160 7
42 160 7
42 160 7
42 160 7
42 160 7
42 160 7
42 160 7
42 159 134
42 159 7
42 159 7
42 159 7
42 159 7
42 159 7
42 159 7
42 159 7
42 159 7
42 159 7
42 159 7
42 159 7
42 159 7
42 159 7
42 159 7
42 159 7
42 159 7
42 159 7
42 159 7
42 159 7
42 159 7
42 159 7
42 159 7
42 159 7
42 159 7
42 159 7
42 159 7
42 159 7
42 159 7
42 159 7
42 159 7
42 159 7
42 159 7
42 159 7
42 158 152
42 158 7
42 158 7
42 158 7
42 158 7
42 158 7
42 158 7
42 158 7
42 158 7
42 158 7
42 158 7
42 158 7
42 158 7
42 158 7
42 158 7
42 158 7
42 158 7
42 158 7
42 158 7
42 158 7
42 158 7
42 158 7
42 158 7
42 158 7
42 158 7
42 158 7
42 158 7
42 158 7
42 158 7
42 158 7
42 158 7
42 158 7
42 158 7
42 158 7
42 158 7
42 158 7
42 158 7
42 158 7
42 158 7
42 158 7
42 158 7
42 158 7
42 158 7
42 158 7
42 158 7
42 158 7
42 158 7
42 158 7
42 158 7
42 158 7
42 158 7
42 158 7
42 157 166
42 157 7
42 157 7
42 157 7
42 157 7
42 157 7
42 157 7
42 157 7
42 157 7
42 157 7
42 157 7
42 157 7
42 157 7
42 157 7
42 157 7
42 157 7
42 157 7
42 157 7
42 157 7
42 157 7
42 157 7
42 157 7
42 157 7
42 157 7
42 157 7
42 157 7
42 157 7
42 157 7
42 157 7
42 157 7
42 157 7
42 157 7
42 157 7
42 157 7
42 157 7
42 157 7
42 157 7
42 157 7
42 157 7
42 157 7
42 157 7
42 157 7
42 157 7
42 157 7
42 157 7
42 157 7
42 157 7
42 157 7
42 157 7
42 157 7
42 157 7
42 157 7
42 157 7
42 157 7
42 157 7
42 157 7
42 157 7
42 157 7
42 157 7
42 157 7
42 157 7
42 157 7
42 157 7
42 157 7
42 156 175
42 156 7
42 156 7
42 156 7
42 156 7
42 156 7
42 156 7
42 156 7
42 156 7
42 156 7
42 156 7
42 156 7
42 156 7
42 156 7
42 156 7
42 156 7
42 156 7
42 156 7
42 156 7
42 156 7
42 156 7
42 156 7
42 156 7
42 156 7
42 156 7
42 156 7
42 156 7
42 156 7
42 156 7
42 156 7
42 156 7
42 156 7
42 156 7
42 156 7
42 156 7
42 156 7
42 156 7
42 156 7
42 156 7
42 156 7
42 156 7
42 156 7
42 156 7
42 156 7
42 156 7
42 156 7
42 156 7
42 156 7
42 156 7
42 156 7
42 156 7
42 156 7
42 156 7
42 156 7
42 156 7
42 156 7
42 156 7
42 156 7
42 156 7
42 156 7
42 156 7
42 156 7
42 156 7
42 155 181
42 155 7
42 155 7
42 155 7
42 155 7
42 155 7
42 155 7
42 155 7
42 155 7
42 155 7
42 155 7
42 155 7
42 155 7
42 155 7
42 155 7
42 155 7
42 155 7
42 155 7
42 155 7
42 155 7
42 155 7
42 155 7
42 155 7
42 155 7
42 155 7
42 155 7
42 155 7
42 155 7
42 155 7
42 155 7
42 155 7
42 155 7
42 155 7
42 155 7
42 155 7
42 155 7
42 155 7
42 155 7
42 155 7
42 155 7
42 155 7
42 155 7
42 155 7
42 155 7
42 155 7
42 155 7
42 155 7
42 155 7
42 155 7
42 154 183
42 154 7
42 154 7
42 154 7
42 154 7
42 154 7
42 154 7
42 154 7
42 154 7
42 154 7
42 154 7
42 154 7
42 154 7
42 154 7
42 154 7
42 154 7
42 154 7
42 154 7
42 154 7
42 154 7
42 154 7
42 154 7
42 154 7
42 154 7
42 154 7
42 154 7
42 154 7
42 154 7
42 153 182
42 153 7
42 153 7
42 153 7
42 153 7
42 153 7
42 153 7
42 153 7
42 153 7
42 152 176
42 151 168
42 150 157
42 149 143
42 148 126
42 147 107
42 146 87
42 145 65
42 144 43
42 143 20
42 142 15
42 141 15
42 140 15
42 139 15
43 139 15
43 138 15
44 138 15
44 137 15
45 137 15
46 137 15
48 110 136
48 110 7
48 111 150
48 111 7
48 111 7
48 112 163
48 112 7
48 112 7
48 113 172
48 113 7
48 113 7
48 113 7
48 114 178
48 114 7
48 114 7
48 115 179
48 116 175
48 117 165
48 118 150
48 119 129
48 120 104
48 121 76
48 122 45
48 124 15
48 125 15
48 126 15
48 127 15
48 128 15
47 128 15
47 129 15
47 130 15
47 131 15
47 132 15
47 133 15
47 134 15
47 135 15
47 136 15
47 109 102
47 108 83
47 108 7
47 107 66
47 107 7
47 107 7
46 107 45
46 107 7
46 107 7
46 107 7
46 107 7
46 106 26
46 106 7
46 106 7
46 106 7
46 106 7
46 106 7
46 106 7
45 106 15
45 106 7
45 106 7
45 106 7
45 106 7
45 106 7
45 106 7
45 106 7
45 105 15
45 105 7
45 105 7
45 105 7
45 105 7
45 105 7
45 105 7
45 104 15
45 104 7
45 104 7
45 104 7
45 104 7
45 104 7
45 104 7
44 104 15
44 104 7
44 104 7
44 104 7
44 104 7
44 104 7
44 103 15
44 103 7
44 103 7
44 103 7
44 103 7
44 103 7
44 102 15
44 102 7
44 102 7
44 102 7
44 102 7
44 102 7
43 102 15
43 102 7
43 102 7
43 102 7
43 102 7
42 102 15
42 102 7
42 102 7
42 102 7
41 102 15
41 102 7
41 102 7
41 102 7
41 101 15
41 101 7
41 101 7
41 100 15
41 100 7
41 100 7
41 99 15
41 99 7
41 99 7
41 98 15
41 98 7
41 98 7
41 97 15
41 97 7
41 97 7
41 96 15
41 96 7
41 96 7
41 96 7
41 95 15
41 95 7
41 95 7
41 95 7
41 95 7
41 94 15
41 94 7
41 94 7
41 94 7
41 94 7
41 94 7
41 93 54
41 93 7
41 93 7
41 92 98
41 91 145
41 90 194
41 89 244
41 88 294
41 87 344
41 86 391
41 85 436
41 85 7
41 85 7
41 85 7
41 85 7
41 85 7
41 85 7
41 85 7
41 85 7
41 84 477
41 84 7
41 84 7
41 84 7
41 84 7
41 84 7
41 84 7
41 84 7
41 84 7
41 84 7
41 84 7
41 84 7
41 84 7
41 84 7
41 84 7
41 84 7
41 84 7
41 84 7
41 84 7
41 84 7
41 84 7
41 84 7
41 84 7
41 84 7
41 84 7
41 83 513
41 83 7
41 83 7
41 83 7
41 83 7
41 83 7
41 83 7
41 83 7
41 83 7
41 83 7
41 83 7
41 83 7
41 83 7
41 83 7
41 83 7
41 83 7
41 83 7
41 83 7
41 83 7
41 83 7
41 83 7
41 83 7
41 83 7
41 83 7
41 83 7
41 83 7
41 83 7
41 83 7
41 83 7
41 83 7
41 83 7
41 83 7
41 83 7
41 83 7
41 83 7
41 83 7
41 83 7
41 83 7
41 83 7
41 83 7
41 83 7
41 83 7
41 83 7
41 83 7
41 83 7
41 83 7
41 83 7
41 83 7
41 83 7
41 83 7
41 82 543
41 82 7
41 82 7
41 82 7
41 82 7
41 82 7
41 82 7
41 82 7
41 82 7
41 82 7
41 82 7
41 82 7
41 82 7
41 82 7
41 82 7
41 82 7
41 82 7
41 82 7
41 82 7
41 82 7
41 82 7
41 82 7
41 82 7
41 82 7
41 82 7
41 82 7
41 82 7
41 82 7
41 82 7
41 82 7
41 82 7
41 82 7
41 82 7
41 82 7
41 82 7
41 82 7
41 82 7
41 82 7
41 82 7
41 82 7
41 82 7
41 82 7
41 82 7
41 82 7
41 82 7
41 82 7
41 82 7
41 82 7
41 82 7
41 82 7
41 82 7
41 82 7
41 82 7
41 82 7
41 82 7
41 82 7
41 82 7
41 82 7
41 82 7
41 82 7
41 82 7
41 82 7
41 82 7
41 82 7
41 82 7
41 82 7
41 82 7
41 82 7
41 82 7
41 82 7
41 82 7
41 82 7
41 82 7
41 82 7
41 82 7
41 82 7
41 82 7
41 82 7
41 81 567
41 81 7
41 81 7
41 81 7
41 81 7
41 81 7
41 81 7
41 81 7
41 81 7
41 81 7
41 81 7
41 81 7
41 81 7
41 81 7
41 81 7
41 81 7
41 81 7
41 81 7
41 81 7
41 81 7
41 81 7
41 81 7
41 81 7
41 81 7
41 81 7
41 81 7
41 81 7
41 81 7
41 81 7
41 81 7
41 81 7
41 81 7
41 81 7
41 81 7
41 81 7
41 81 7
41 81 7
41 81 7
41 81 7
41 81 7
41 81 7
41 81 7
41 81 7
41 81 7
41 81 7
41 81 7
41 81 7
41 81 7
41 81 7
41 81 7
41 81 7
41 81 7
41 81 7
41 81 7
41 81 7
41 81 7
41 81 7
41 81 7
41 81 7
41 81 7
41 81 7
41 81 7
41 81 7
41 81 7
41 81 7
41 81 7
41 81 7
41 81 7
41 81 7
41 81 7
41 81 7
41 81 7
41 81 7
41 81 7
41 81 7
41 81 7
41 81 7
41 81 7
41 81 7
41 81 7
41 81 7
41 81 7
41 81 7
41 81 7
41 81 7
41 81 7
41 81 7
41 81 7
41 81 7
41 81 7
41 81 7
41 81 7
41 81 7
41 81 7
41 81 7
41 81 7
41 81 7
41 81 7
41 81 7
41 81 7
41 81 7
41 81 7
41 81 7
41 81 7
41 80 584
41 80 7
41 80 7
41 80 7
41 80 7
41 80 7
41 80 7
41 80 7
41 80 7
41 80 7
41 80 7
41 80 7
41 80 7
41 80 7
41 80 7
41 80 7
41 80 7
41 80 7
41 80 7
41 80 7
41 80 7
41 80 7
41 80 7
41 80 7
41 80 7
41 80 7
41 80 7
41 80 7
41 80 7
41 80 7
41 80 7
41 80 7
41 80 7
41 80 7
41 80 7
41 80 7
41 80 7
41 80 7
41 80 7
41 80 7
41 80 7
41 80 7
41 80 7
41 80 7
41 80 7
41 80 7
41 80 7
41 80 7
41 80 7
41 80 7
41 80 7
41 80 7
41 80 7
41 80 7
41 80 7
41 80 7
41 80 7
41 80 7
41 80 7
41 80 7
41 80 7
41 80 7
41 80 7
41 80 7
41 80 7
41 80 7
41 80 7
41 80 7
41 80 7
41 80 7
41 80 7
41 80 7
41 80 7
41 80 7
41 80 7
41 80 7
41 80 7
41 80 7
41 80 7
41 80 7
41 80 7
41 80 7
41 80 7
41 80 7
41 80 7
41 80 7
41 80 7
41 80 7
41 80 7
41 80 7
41 80 7
41 80 7
41 80 7
41 80 7
41 80 7
41 80 7
41 80 7
41 80 7
41 80 7
41 80 7
41 80 7
41 80 7
41 80 7
41 80 7
41 80 7
41 80 7
41 80 7
41 80 7
41 80 7
41 80 7
41 80 7
41 80 7
41 80 7
41 80 7
41 80 7
41 80 7
41 80 7
41 80 7
41 80 7
41 80 7
41 80 7
41 79 594
41 79 7
41 79 7
41 79 7
41 79 7
41 79 7
41 79 7
41 79 7
41 79 7
41 79 7
41 79 7
41 79 7
41 79 7
41 79 7
41 79 7
41 79 7
41 79 7
41 79 7
41 79 7
41 79 7
41 79 7
41 79 7
41 79 7
41 79 7
41 79 7
41 79 7
41 79 7
41 79 7
41 79 7
41 79 7
41 79 7
41 79 7
41 79 7
41 79 7
41 79 7
41 79 7
41 79 7
41 79 7
41 79 7
41 79 7
41 79 7
41 79 7
41 79 7
41 79 7
41 79 7
41 79 7
41 79 7
41 79 7
41 79 7
41 79 7
41 79 7
41 79 7
41 79 7
41 79 7
41 79 7
41 79 7
41 79 7
41 79 7
41 79 7
41 79 7
41 79 7
41 79 7
41 79 7
41 79 7
41 79 7
41 79 7
41 79 7
41 79 7
41 79 7
41 79 7
41 79 7
41 79 7
41 79 7
41 79 7
41 79 7
41 79 7
41 79 7
41 79 7
41 79 7
41 79 7
41 79 7
41 79 7
41 79 7
41 79 7
41 79 7
41 79 7
41 79 7
41 79 7
41 79 7
41 79 7
41 79 7
41 79 7
41 79 7
41 79 7
41 79 7
41 79 7
41 79 7
41 79 7
41 79 7
41 79 7
41 79 7
41 79 7
41 79 7
41 79 7
41 79 7
41 79 7
41 79 7
41 79 7
41 79 7
41 79 7
41 79 7
41 79 7
41 79 7
41 79 7
41 79 7
41 79 7
41 79 7
41 79 7
41 79 7
41 79 7
41 79 7
41 79 7
41 79 7
41 79 7
41 79 7
41 79 7
41 79 7
41 79 7
41 79 7
41 78 596
41 78 7
41 78 7
41 78 7
41 78 7
41 78 7
41 78 7
41 78 7
41 78 7
41 78 7
41 78 7
41 78 7
41 78 7
41 78 7
41 78 7
41 78 7
41 78 7
41 78 7
41 78 7
41 78 7
41 78 7
41 78 7
41 78 7
41 78 7
41 78 7
41 78 7
41 78 7
41 78 7
41 78 7
41 78 7
41 78 7
41 78 7
41 78 7
41 78 7
41 78 7
41 78 7
41 78 7
41 78 7
41 78 7
41 78 7
41 78 7
41 78 7
41 78 7
41 78 7
41 78 7
41 78 7
41 78 7
41 78 7
41 78 7
41 78 7
41 78 7
41 78 7
41 78 7
41 78 7
41 78 7
41 78 7
41 78 7
41 78 7
41 78 7
41 78 7
41 78 7
41 78 7
41 78 7
41 78 7
41 78 7
41 78 7
41 78 7
41 78 7
41 78 7
41 78 7
41 78 7
41 78 7
41 78 7
41 78 7
41 78 7
41 78 7
41 78 7
41 78 7
41 78 7
41 78 7
41 78 7
41 78 7
41 78 7
41 78 7
41 78 7
41 78 7
41 78 7
41 78 7
41 78 7
41 78 7
41 78 7
41 78 7
41 78 7
41 78 7
41 78 7
41 78 7
41 78 7
41 78 7
41 78 7
41 78 7
41 78 7
41 78 7
41 78 7
41 78 7
41 78 7
41 78 7
41 78 7
41 78 7
41 78 7
41 78 7
41 78 7
41 78 7
41 78 7
41 78 7
41 78 7
41 78 7
41 78 7
41 78 7
41 78 7
41 78 7
41 78 7
41 78 7
41 78 7
41 78 7
41 78 7
41 78 7
41 77 591
41 77 7
41 77 7
41 77 7
41 77 7
41 77 7
41 77 7
41 77 7
41 77 7
41 77 7
41 77 7
41 77 7
41 77 7
41 77 7
41 77 7
41 77 7
41 77 7
41 77 7
41 77 7
41 77 7
41 77 7
41 77 7
41 77 7
41 77 7
41 77 7
41 77 7
41 77 7
41 77 7
41 77 7
41 77 7
41 77 7
41 77 7
41 77 7
41 77 7
41 77 7
41 77 7
41 77 7
41 77 7
41 77 7
41 77 7
41 77 7
41 77 7
41 77 7
41 77 7
41 77 7
41 77 7
41 77 7
41 77 7
41 77 7
41 77 7
41 77 7
41 77 7
41 77 7
41 77 7
41 77 7
41 77 7
41 77 7
41 77 7
41 77 7
41 77 7
41 77 7
41 77 7
41 77 7
41 77 7
41 77 7
41 77 7
41 77 7
41 77 7
41 77 7
41 77 7
41 77 7
41 77 7
41 77 7
41 77 7
41 77 7
41 77 7
41 77 7
41 77 7
41 77 7
41 77 7
41 77 7
41 77 7
41 77 7
41 77 7
41 77 7
41 77 7
41 77 7
41 77 7
41 77 7
41 77 7
41 77 7
41 77 7
41 77 7
41 77 7
41 77 7
41 77 7
41 77 7
41 77 7
41 77 7
41 77 7
41 77 7
41 77 7
41 77 7
41 77 7
41 77 7
41 77 7
41 77 7
41 77 7
41 77 7
41 76 577
41 76 7
41 76 7
41 76 7
41 76 7
41 76 7
41 76 7
41 76 7
41 76 7
41 76 7
41 76 7
41 76 7
41 76 7
41 76 7
41 76 7
41 76 7
41 76 7
41 76 7
41 76 7
41 76 7
41 76 7
41 76 7
41 76 7
41 76 7
41 76 7
41 76 7
41 76 7
41 76 7
41 76 7
41 76 7
41 76 7
41 76 7
41 76 7
41 76 7
41 76 7
41 76 7
41 76 7
41 76 7
41 76 7
41 76 7
41 76 7
41 76 7
41 76 7
41 76 7
41 76 7
41 76 7
41 76 7
41 76 7
41 76 7
41 76 7
41 76 7
41 76 7
41 76 7
41 76 7
41 76 7
41 76 7
41 76 7
41 76 7
41 76 7
41 76 7
41 76 7
41 76 7
41 76 7
41 76 7
41 76 7
41 76 7
41 76 7
41 76 7
41 76 7
41 76 7
41 76 7
41 76 7
41 76 7
41 76 7
41 76 7
41 76 7
41 76 7
41 75 557
41 75 7
41 75 7
41 75 7
41 75 7
41 75 7
41 75 7
41 75 7
41 75 7
41 75 7
41 75 7
41 75 7
41 75 7
41 75 7
41 75 7
41 75 7
41 75 7
41 75 7
41 75 7
41 75 7
41 75 7
41 75 7
41 75 7
41 75 7
41 75 7
41 75 7
41 75 7
41 75 7
41 75 7
41 75 7
41 75 7
41 75 7
41 75 7
41 74 529
41 73 496
41 72 457
41 71 413
41 70 366
41 69 317
41 68 267
41 67 217
41 66 169
41 65 122
41 64 79
41 63 40
41 62 15
41 61 15
40 61 15
40 60 15
39 60 15
39 59 15
39 58 15
39 57 15
39 56 15
39 55 15
39 54 15
39 53 15
39 52 15
39 51 15
39 50 15
39 49 15
39 48 15
39 47 15
40 46 15
40 45 15
41 45 15
42 45 15
43 45 15
44 45 15
45 45 15
45 44 15
45 43 15
45 42 15
45 41 15
45 40 15
46 40 15
46 39 15
47 39 15
48 39 15
48 39 7
49 39 15
49 39 7
49 39 7
49 38 15
49 38 7
49 38 7
50 38 15
50 38 7
50 38 7
50 38 7
51 38 15
51 38 7
51 38 7
51 38 7
51 38 7
51 37 15
51 37 7
51 37 7
52 37 15
52 37 7
52 37 7
52 37 7
53 37 15
53 37 7
53 37 7
53 37 7
53 37 7
54 36 15
54 36 7
54 36 7
54 36 7
54 35 15
54 35 7
54 35 7
54 34 15
54 34 7
54 33 15
54 33 7
54 32 15
54 32 7
54 31 15
54 30 15
54 29 15
54 28 15
55 28 15
56 28 15
57 28 15
58 28 15
59 28 15
60 28 15
60 27 15
61 27 15
62 27 15
63 27 15
64 27 15
65 27 15
66 27 15
67 27 15
68 27 15
89 40 101
89 39 81
89 38 63
89 37 47
88 37 30
88 36 15
88 36 7
88 35 15
87 35 15
86 35 15
86 34 15
86 33 15
86 32 15
86 31 15
86 30 15
85 30 15
85 29 15
85 28 15
84 28 15
83 28 15
82 28 15
81 28 15
81 28 7
80 28 15
80 28 7
79 28 15
78 28 15
77 28 15
76 28 15
75 28 15
74 28 15
73 28 15
72 28 15
71 28 15
70 28 15
69 28 15
69 28 7
90 41 132
90 41 7
90 41 7
91 41 150
91 41 7
91 41 7
91 41 7
91 42 165
91 42 7
91 42 7
91 42 7
91 42 7
91 42 7
91 42 7
91 42 7
91 42 7
91 42 7
91 42 7
91 43 182
91 43 7
91 43 7
91 43 7
91 43 7
91 43 7
91 43 7
91 43 7
91 43 7
91 43 7
91 43 7
91 43 7
91 43 7
91 43 7
91 43 7
91 43 7
91 43 7
91 43 7
91 43 7
92 43 197
92 43 7
92 43 7
92 43 7
92 43 7
92 43 7
92 43 7
92 43 7
92 43 7
92 43 7
92 43 7
92 43 7
92 43 7
92 43 7
92 43 7
92 43 7
92 43 7
92 44 211
92 44 7
92 44 7
92 44 7
92 44 7
92 44 7
92 44 7
92 44 7
92 44 7
92 44 7
92 44 7
92 44 7
92 44 7
92 44 7
92 44 7
92 44 7
92 44 7
92 44 7
92 44 7
92 44 7
92 44 7
93 44 227
93 44 7
93 44 7
93 44 7
93 44 7
93 44 7
93 44 7
93 44 7
93 44 7
93 44 7
93 44 7
93 44 7
93 44 7
93 44 7
93 44 7
93 45 238
93 45 7
93 45 7
93 45 7
93 45 7
93 45 7
93 45 7
93 45 7
93 45 7
93 45 7
93 45 7
93 45 7
93 45 7
93 45 7
93 45 7
93 45 7
93 46 252
93 46 7
93 46 7
93 46 7
93 46 7
93 46 7
93 46 7
93 46 7
93 46 7
93 46 7
93 46 7
93 46 7
93 46 7
93 46 7
93 46 7
93 46 7
93 46 7
93 46 7
94 46 261
94 46 7
94 46 7
94 46 7
94 46 7
94 46 7
94 46 7
94 46 7
94 46 7
94 46 7
94 47 272
94 47 7
94 47 7
94 47 7
94 47 7
94 47 7
94 47 7
94 47 7
94 47 7
94 47 7
94 47 7
94 47 7
94 47 7
94 47 7
94 47 7
94 47 7
95 47 277
95 47 7
95 47 7
95 47 7
95 47 7
95 47 7
95 47 7
95 47 7
95 47 7
95 47 7
95 47 7
96 47 285
96 47 7
96 47 7
96 47 7
96 47 7
96 47 7
96 47 7
96 47 7
97 47 293
97 47 7
97 47 7
97 47 7
97 47 7
98 48 292
98 48 7
98 48 7
98 48 7
98 48 7
98 48 7
98 48 7
98 48 7
98 49 286
98 49 7
98 49 7
98 49 7
98 49 7
98 49 7
98 49 7
98 49 7
98 49 7
98 49 7
98 49 7
98 49 7
98 49 7
98 49 7
98 49 7
98 49 7
98 49 7
98 49 7
99 49 282
99 49 7
99 49 7
99 49 7
99 49 7
99 49 7
99 49 7
99 49 7
99 49 7
99 49 7
99 50 274
99 50 7
99 50 7
99 50 7
99 50 7
99 50 7
99 50 7
99 50 7
99 50 7
99 50 7
99 50 7
99 50 7
99 50 7
99 50 7
99 50 7
99 50 7
99 50 7
99 50 7
99 50 7
99 50 7
100 50 264
100 50 7
100 50 7
100 50 7
100 50 7
100 50 7
100 50 7
101 50 253
101 51 239
102 51 222
103 51 203
104 51 182
105 51 160
106 51 136
107 51 110
108 51 84
109 51 56
110 51 30
111 51 15
112 51 15
113 51 15
113 50 15
114 50 15
115 50 15
116 50 15
116 49 15
117 49 15
118 49 15
118 48 15
119 47 15
119 48 15
119 49 15
119 50 15
119 51 15
119 52 15
120 52 15
121 52 15
121 52 7
122 52 15
122 52 7
122 52 7
122 53 15
122 53 7
122 53 7
123 53 15
123 53 7
123 53 7
123 53 7
123 53 7
123 54 15
123 54 7
123 54 7
123 54 7
123 54 7
123 54 7
123 55 15
123 55 7
123 55 7
123 55 7
123 55 7
123 55 7
123 55 7
123 56 15
123 56 7
123 56 7
123 56 7
123 56 7
123 56 7
123 56 7
123 56 7
123 57 15
123 57 7
123 57 7
123 57 7
123 57 7
123 57 7
123 57 7
123 57 7
124 57 17
124 57 7
124 57 7
124 57 7
124 57 7
124 57 7
124 57 7
124 57 7
124 57 7
124 57 7
124 57 7
124 57 7
124 57 7
125 57 52
125 57 7
125 57 7
125 57 7
125 57 7
125 57 7
125 57 7
125 57 7
125 57 7
125 57 7
125 57 7
125 57 7
126 57 86
126 57 7
126 57 7
126 57 7
126 57 7
126 57 7
126 57 7
126 57 7
126 57 7
126 57 7
127 57 118
127 57 7
127 57 7
127 57 7
127 57 7
127 57 7
127 57 7
127 57 7
128 57 147
128 57 7
128 57 7
128 57 7
128 57 7
129 57 171
129 57 7
129 57 7
130 57 190
131 57 202
132 57 208
133 57 206
134 57 198
135 57 183
136 57 162
137 57 136
138 57 106
139 57 73
140 57 38
141 57 15
141 57 7
142 57 15
142 57 7
143 57 15
143 56 15
143 56 7
144 56 15
145 56 15
146 56 15
147 56 15
148 56 15
149 56 15
150 56 15
151 56 15
152 56 15
153 56 15
154 55 32
154 54 57
154 53 86
155 53 115
155 52 141
155 51 169
156 51 191
156 50 213
157 50 233
157 49 249
157 48 264
158 48 274
158 47 281
158 46 287
159 46 288
159 45 286
159 44 284
160 44 276
160 43 266
161 43 257
161 42 241
161 41 226
162 41 211
162 40 192
162 40 7
162 40 7
162 40 7
162 40 7
162 40 7
162 40 7
162 40 7
162 40 7
162 39 175
162 39 7
162 39 7
162 39 7
162 39 7
162 39 7
162 39 7
162 39 7
162 39 7
162 39 7
162 39 7
162 39 7
162 39 7
162 39 7
162 39 7
162 39 7
162 39 7
162 39 7
162 39 7
162 39 7
162 39 7
163 39 155
163 39 7
163 39 7
163 39 7
163 39 7
163 39 7
163 39 7
163 39 7
163 39 7
163 39 7
163 39 7
163 38 136
163 38 7
163 38 7
163 38 7
163 38 7
163 38 7
163 38 7
163 38 7
163 38 7
163 38 7
163 38 7
163 38 7
163 38 7
163 38 7
163 38 7
163 38 7
163 38 7
163 38 7
163 38 7
163 38 7
163 38 7
164 38 118
164 38 7
164 38 7
164 38 7
164 38 7
164 38 7
164 38 7
164 38 7
164 38 7
164 38 7
164 38 7
164 37 97
164 37 7
164 37 7
164 37 7
164 37 7
164 37 7
164 37 7
164 37 7
164 37 7
164 37 7
164 37 7
164 37 7
164 37 7
164 37 7
164 37 7
164 37 7
164 37 7
164 37 7
164 36 81
164 36 7
164 36 7
164 36 7
164 36 7
164 36 7
164 36 7
164 36 7
164 36 7
164 36 7
164 36 7
164 36 7
164 36 7
164 36 7
164 36 7
164 36 7
164 36 7
164 36 7
164 36 7
164 36 7
164 36 7
164 36 7
164 36 7
164 36 7
164 36 7
164 36 7
165 36 61
165 36 7
165 36 7
165 36 7
165 36 7
165 36 7
165 36 7
165 36 7
165 36 7
165 36 7
165 36 7
165 36 7
165 36 7
165 36 7
165 36 7
165 36 7
165 35 45
165 35 7
165 35 7
165 35 7
165 35 7
165 35 7
165 35 7
165 35 7
165 35 7
165 35 7
165 35 7
165 35 7
165 35 7
165 35 7
165 35 7
165 35 7
165 35 7
165 35 7
165 35 7
165 35 7
165 35 7
165 35 7
165 35 7
166 35 29
166 35 7
166 35 7
166 35 7
166 35 7
166 35 7
166 35 7
166 35 7
166 35 7
166 35 7
166 35 7
166 35 7
166 35 7
166 35 7
166 35 7
166 35 7
166 35 7
166 34 15
166 34 7
166 34 7
166 34 7
166 34 7
166 34 7
166 34 7
166 34 7
166 34 7
166 34 7
166 34 7
166 34 7
166 34 7
166 34 7
166 34 7
166 34 7
166 34 7
166 34 7
166 34 7
166 34 7
166 34 7
166 34 7
166 34 7
166 34 7
166 34 7
167 34 15
167 34 7
167 34 7
167 34 7
167 34 7
167 34 7
167 34 7
167 34 7
167 34 7
167 34 7
167 34 7
167 34 7
167 34 7
167 34 7
167 34 7
167 34 7
167 34 7
167 34 7
167 33 15
167 33 7
167 33 7
167 33 7
167 33 7
167 33 7
167 33 7
167 33 7
167 33 7
167 33 7
167 33 7
167 33 7
167 33 7
167 33 7
167 33 7
167 33 7
167 33 7
167 33 7
167 33 7
167 33 7
167 33 7
167 33 7
167 33 7
167 33 7
167 32 15
167 32 7
167 32 7
167 32 7
167 32 7
167 32 7
167 32 7
167 32 7
167 32 7
167 32 7
167 32 7
167 32 7
167 32 7
167 32 7
167 32 7
167 32 7
167 32 7
167 32 7
167 32 7
167 32 7
167 32 7
167 32 7
167 32 7
167 32 7
167 32 7
167 32 7
167 32 7
167 32 7
167 32 7
167 32 7
167 32 7
167 32 7
167 32 7
167 32 7
168 32 15
168 32 7
168 32 7
168 32 7
168 32 7
168 32 7
168 32 7
168 32 7
168 32 7
168 32 7
168 32 7
168 32 7
168 32 7
168 32 7
168 32 7
168 32 7
168 32 7
168 32 7
168 32 7
168 32 7
168 32 7
168 32 7
168 31 15
168 31 7
168 31 7
168 31 7
168 31 7
168 31 7
168 31 7
168 31 7
168 31 7
168 31 7
168 31 7
168 31 7
168 31 7
168 31 7
168 31 7
168 31 7
168 31 7
168 31 7
168 31 7
168 31 7
168 31 7
168 31 7
168 31 7
168 31 7
168 31 7
168 31 7
168 31 7
168 31 7
168 31 7
169 31 15
169 31 7
169 31 7
169 31 7
169 31 7
169 31 7
169 31 7
169 31 7
169 31 7
169 31 7
169 31 7
169 31 7
169 31 7
169 31 7
169 31 7
169 31 7
169 31 7
169 31 7
170 31 15
170 31 7
170 31 7
170 31 7
170 31 7
170 31 7
170 31 7
170 31 7
170 31 7
170 31 7
170 31 7
170 31 7
171 31 15
171 31 7
171 31 7
171 31 7
171 31 7
171 31 7
171 31 7
171 31 7
171 30 15
171 30 7
171 30 7
171 30 7
171 30 7
171 30 7
171 30 7
172 30 15
172 30 7
172 30 7
172 30 7
172 30 7
173 30 15
173 30 7
173 30 7
173 30 7
174 30 15
174 30 7
174 30 7
174 30 7
175 30 15
175 30 7
175 30 7
175 30 7
176 30 15
176 30 7
176 30 7
176 30 7
177 30 15
177 30 7
177 30 7
177 30 7
178 30 15
178 30 7
178 30 7
179 30 15
179 30 7
179 30 7
180 30 17
180 30 7
193 78 221
193 77 214
193 76 203
193 75 190
193 74 174
193 73 157
193 72 138
193 71 118
193 70 98
193 69 79
193 68 60
193 67 43
193 66 27
194 65 15
194 64 15
194 63 15
195 63 15
195 62 15
195 61 15
195 60 15
196 60 15
197 60 15
197 59 15
197 58 15
197 58 7
197 57 15
197 57 7
197 56 15
197 56 7
197 56 7
197 56 7
197 55 15
197 55 7
197 55 7
197 55 7
197 55 7
197 54 15
197 54 7
197 54 7
197 54 7
197 54 7
197 54 7
197 53 15
197 53 7
197 53 7
197 53 7
197 53 7
197 53 7
197 52 15
197 52 7
197 52 7
197 52 7
197 52 7
197 52 7
197 51 15
197 51 7
197 51 7
197 51 7
197 51 7
197 50 15
197 50 7
197 50 7
197 50 7
197 50 7
197 49 23
197 49 7
197 49 7
197 48 33
197 47 41
197 46 48
197 45 52
197 44 54
197 43 54
197 42 50
197 41 45
197 40 37
197 39 26
197 38 15
197 37 15
196 37 15
195 37 15
194 36 15
194 35 15
193 35 15
193 34 15
192 34 15
191 34 15
191 33 15
190 33 15
190 32 15
190 31 15
190 30 15
189 30 15
188 30 15
187 30 15
186 30 15
185 30 15
184 30 15
183 30 15
182 30 18
195 133 15
195 132 15
195 131 15
195 130 15
195 129 15
195 128 15
195 127 15
195 126 15
195 125 15
195 124 15
195 123 27
195 122 44
195 121 62
195 120 80
196 119 93
196 119 7
196 119 7
197 119 95
197 119 7
197 119 7
197 119 7
197 118 105
197 118 7
197 118 7
197 118 7
197 118 7
197 118 7
197 118 7
197 118 7
197 118 7
197 118 7
197 118 7
197 118 7
197 118 7
197 118 7
197 118 7
197 118 7
197 117 113
197 117 7
197 117 7
197 117 7
197 117 7
197 117 7
197 117 7
197 117 7
197 117 7
197 117 7
197 117 7
197 117 7
197 117 7
197 117 7
197 117 7
197 117 7
197 117 7
197 117 7
197 117 7
197 117 7
197 117 7
197 117 7
197 117 7
197 117 7
197 117 7
197 117 7
197 117 7
197 117 7
197 117 7
197 117 7
197 117 7
197 117 7
197 117 7
197 117 7
197 117 7
197 116 119
197 116 7
197 116 7
197 116 7
197 116 7
197 116 7
197 116 7
197 116 7
197 116 7
197 116 7
197 116 7
197 116 7
197 116 7
197 116 7
197 116 7
197 116 7
197 116 7
197 116 7
197 116 7
197 116 7
197 116 7
197 116 7
197 116 7
197 116 7
197 116 7
197 116 7
197 116 7
197 116 7
197 116 7
197 116 7
197 116 7
197 116 7
197 116 7
197 116 7
197 116 7
197 116 7
197 116 7
197 116 7
197 116 7
197 116 7
197 116 7
197 116 7
197 116 7
197 116 7
197 116 7
197 116 7
197 116 7
197 116 7
197 116 7
197 116 7
197 116 7
197 116 7
197 116 7
197 116 7
197 116 7
197 116 7
197 116 7
197 116 7
197 115 123
197 115 7
197 115 7
197 115 7
197 115 7
197 115 7
197 115 7
197 115 7
197 115 7
197 115 7
197 115 7
197 115 7
197 115 7
197 115 7
197 115 7
197 115 7
197 115 7
197 115 7
197 115 7
197 115 7
197 115 7
197 115 7
197 115 7
197 115 7
197 115 7
197 115 7
197 115 7
197 115 7
197 115 7
197 115 7
197 115 7
197 115 7
197 115 7
197 115 7
197 115 7
197 115 7
197 115 7
197 115 7
197 115 7
197 115 7
197 115 7
197 115 7
197 115 7
197 115 7
197 115 7
197 115 7
197 115 7
197 115 7
197 115 7
197 115 7
197 115 7
197 115 7
197 115 7
197 115 7
197 115 7
197 115 7
197 115 7
197 115 7
197 115 7
197 115 7
197 115 7
197 115 7
197 115 7
197 115 7
197 115 7
197 115 7
197 115 7
197 115 7
197 115 7
197 115 7
197 115 7
197 115 7
197 115 7
197 115 7
197 115 7
197 115 7
197 115 7
197 115 7
197 115 7
197 114 125
197 114 7
197 114 7
197 114 7
197 114 7
197 114 7
197 114 7
197 114 7
197 114 7
197 114 7
197 114 7
197 114 7
197 114 7
197 114 7
197 114 7
197 114 7
197 114 7
197 114 7
197 114 7
197 114 7
197 114 7
197 114 7
197 114 7
197 114 7
197 114 7
197 114 7
197 114 7
197 114 7
197 114 7
197 114 7
197 114 7
197 114 7
197 114 7
197 114 7
197 114 7
197 114 7
197 114 7
197 114 7
197 114 7
197 114 7
197 114 7
197 114 7
197 114 7
197 114 7
197 114 7
197 114 7
197 114 7
197 114 7
197 114 7
197 114 7
197 114 7
197 114 7
197 114 7
197 114 7
197 114 7
197 114 7
197 114 7
197 114 7
197 114 7
197 114 7
197 114 7
197 114 7
197 114 7
197 114 7
197 114 7
197 114 7
197 114 7
197 114 7
197 114 7
197 114 7
197 114 7
197 114 7
197 114 7
197 114 7
197 114 7
197 114 7
197 114 7
197 114 7
197 114 7
197 114 7
197 114 7
197 114 7
197 114 7
197 114 7
197 114 7
197 114 7
197 114 7
197 114 7
197 114 7
197 114 7
197 114 7
197 113 123
197 113 7
197 113 7
197 113 7
197 113 7
197 113 7
197 113 7
197 113 7
197 113 7
197 113 7
197 113 7
197 113 7
197 113 7
197 113 7
197 113 7
197 113 7
197 113 7
197 113 7
197 113 7
197 113 7
197 113 7
197 113 7
197 113 7
197 113 7
197 113 7
197 113 7
197 113 7
197 113 7
197 113 7
197 113 7
197 113 7
197 113 7
197 113 7
197 113 7
197 113 7
197 113 7
197 113 7
197 113 7
197 113 7
197 113 7
197 113 7
197 113 7
197 113 7
197 113 7
197 113 7
197 113 7
197 113 7
197 113 7
197 113 7
197 113 7
197 113 7
197 113 7
197 113 7
197 113 7
197 113 7
197 113 7
197 113 7
197 113 7
197 113 7
197 113 7
197 113 7
197 113 7
197 113 7
197 113 7
197 113 7
197 113 7
197 113 7
197 113 7
197 113 7
197 113 7
197 113 7
197 113 7
197 113 7
197 113 7
197 113 7
197 113 7
197 113 7
197 113 7
197 113 7
197 113 7
197 113 7
197 113 7
197 113 7
197 113 7
197 113 7
197 113 7
197 113 7
197 113 7
197 113 7
197 113 7
197 112 119
197 112 7
197 112 7
197 112 7
197 112 7
197 112 7
197 112 7
197 112 7
197 112 7
197 112 7
197 112 7
197 112 7
197 112 7
197 112 7
197 112 7
197 112 7
197 112 7
197 112 7
197 112 7
197 112 7
197 112 7
197 112 7
197 112 7
197 112 7
197 112 7
197 112 7
197 112 7
197 112 7
197 112 7
197 112 7
197 112 7
197 112 7
197 112 7
197 112 7
197 112 7
197 112 7
197 112 7
197 112 7
197 112 7
197 112 7
197 112 7
197 112 7
197 112 7
197 112 7
197 112 7
197 112 7
197 112 7
197 112 7
197 112 7
197 112 7
197 112 7
197 112 7
197 112 7
197 112 7
197 112 7
197 112 7
197 112 7
197 112 7
197 112 7
197 112 7
197 112 7
197 112 7
197 112 7
197 112 7
197 112 7
197 112 7
197 112 7
197 112 7
197 112 7
197 112 7
197 112 7
197 112 7
197 112 7
197 112 7
197 112 7
197 112 7
197 112 7
197 112 7
197 112 7
197 112 7
197 111 112
197 111 7
197 111 7
197 111 7
197 111 7
197 111 7
197 111 7
197 111 7
197 111 7
197 111 7
197 111 7
197 111 7
197 111 7
197 111 7
197 111 7
197 111 7
197 111 7
197 111 7
197 111 7
197 111 7
197 111 7
197 111 7
197 111 7
197 111 7
197 111 7
197 111 7
197 111 7
197 111 7
197 111 7
197 111 7
197 111 7
197 111 7
197 111 7
197 111 7
197 111 7
197 111 7
197 111 7
197 111 7
197 111 7
197 111 7
197 111 7
197 111 7
197 111 7
197 111 7
197 111 7
197 111 7
197 111 7
197 111 7
197 111 7
197 111 7
197 111 7
197 111 7
197 111 7
197 111 7
197 111 7
197 111 7
197 111 7
197 111 7
197 111 7
197 111 7
197 111 7
197 111 7
197 111 7
197 111 7
197 110 102
197 110 7
197 110 7
197 110 7
197 110 7
197 110 7
197 110 7
197 110 7
197 110 7
197 110 7
197 110 7
197 110 7
197 110 7
197 110 7
197 110 7
197 110 7
197 110 7
197 110 7
197 110 7
197 110 7
197 110 7
197 110 7
197 110 7
197 110 7
197 110 7
197 110 7
197 110 7
197 110 7
197 110 7
197 110 7
197 110 7
197 110 7
197 110 7
197 110 7
197 110 7
197 110 7
197 110 7
197 110 7
197 110 7
197 110 7
197 110 7
197 110 7
197 110 7
197 110 7
197 110 7
197 110 7
197 110 7
197 109 90
197 109 7
197 109 7
197 109 7
197 109 7
197 109 7
197 109 7
197 109 7
197 109 7
197 109 7
197 109 7
197 109 7
197 109 7
197 109 7
197 109 7
197 109 7
197 109 7
197 109 7
197 109 7
197 109 7
197 109 7
197 109 7
197 109 7
197 109 7
197 109 7
197 109 7
197 109 7
197 109 7
197 109 7
197 109 7
197 109 7
197 108 77
197 108 7
197 108 7
197 108 7
197 108 7
197 108 7
197 108 7
197 108 7
197 108 7
197 108 7
197 108 7
197 108 7
197 108 7
197 108 7
197 108 7
197 108 7
197 108 7
197 108 7
197 108 7
197 108 7
197 107 62
197 107 7
197 107 7
197 107 7
197 107 7
197 107 7
197 107 7
197 107 7
197 107 7
197 107 7
197 107 7
197 107 7
197 106 47
197 106 7
197 106 7
197 106 7
197 106 7
197 106 7
197 106 7
197 106 7
197 105 32
197 105 7
197 105 7
197 105 7
197 105 7
197 105 7
197 104 18
197 104 7
197 104 7
197 104 7
197 104 7
197 103 15
197 103 7
197 103 7
197 102 15
197 102 7
197 101 15
196 101 15
195 101 15
195 101 7
195 100 15
195 99 15
194 99 15
194 98 15
193 98 15
193 97 15
193 96 15
193 95 15
193 94 15
193 94 7
193 93 15
193 93 7
193 92 15
193 92 7
193 92 7
192 91 34
192 91 7
192 91 7
192 90 57
192 89 82
192 88 107
192 87 131
192 86 155
192 85 177
192 84 196
192 83 212
192 82 224
192 81 233
192 80 237
192 80 7
192 79 238
192 79 7
192 79 7
120 47 15
120 46 23
120 45 31
120 44 34
120 43 32
120 42 26
120 41 16
120 40 15
120 39 15
120 38 15
120 37 15
119 37 15
119 36 15
119 35 15
119 34 15
119 33 15
38 59 15
37 59 15
37 58 15
37 57 15
37 56 15
37 55 15
36 55 15
35 55 15
34 55 15
33 55 15
32 55 22
31 55 34
30 55 43
29 55 50
28 55 54
27 55 55
26 55 53
25 55 47
24 55 38
24 55 7
23 55 25
23 55 7
23 55 7
22 54 17
22 54 7
22 54 7
21 54 15
21 54 7
20 54 15
20 54 7
19 54 15
18 54 15
17 54 15
17 53 15
17 52 15
16 52 15
15 52 15
14 52 15
14 51 15
14 50 15
13 50 15
12 50 15
11 50 15
10 50 15
10 49 15
9 49 15
9 48 15
8 48 15
