20 192 23
19 59 23
113 17 23
160 80 23
118 71 23
66 53 23
66 53 13
66 53 13
66 53 13
66 53 13
66 53 13
66 53 13
87 157 23
198 14 23
156 199 23
150 74 23
129 77 23
129 64 23
149 88 23
149 88 13
149 88 13
31 65 23
31 51 23
31 51 13
55 62 23
55 62 13
55 62 13
55 62 13
55 62 13
55 62 13
55 62 13
55 62 13
55 62 13
55 62 13
55 62 13
55 62 13
55 62 13
55 62 13
55 62 13
55 62 13
55 62 13
55 62 13
55 62 13
55 62 13
54 47 23
54 47 13
54 47 13
54 47 13
54 47 13
54 47 13
54 47 13
54 47 13
54 47 13
54 47 13
54 47 13
54 47 13
54 47 13
54 47 13
54 47 13
54 47 13
54 47 13
54 47 13
54 47 13
54 47 13
101 22 23
100 9 23
198 27 23
198 27 13
198 27 13
198 27 13
198 27 13
198 27 13
198 27 13
198 27 13
198 27 13
198 27 13
198 27 13
198 27 13
198 27 13
198 27 13
198 27 13
198 27 13
198 27 13
198 27 13
198 27 13
198 27 13
198 27 13
198 27 13
198 27 13
198 27 13
198 27 13
198 27 13
198 27 13
144 192 23
156 185 23
156 185 13
156 185 13
156 185 13
99 164 23
99 164 13
99 164 13
99 164 13
99 164 13
99 164 13
99 164 13
99 164 13
99 164 13
99 164 13
99 164 13
99 164 13
99 164 13
99 164 13
99 164 13
99 164 13
99 164 13
99 164 13
99 164 13
99 164 13
99 164 13
99 164 13
99 164 13
99 164 13
99 164 13
99 164 13
99 164 13
99 164 13
99 164 13
99 164 13
75 150 23
88 143 23
88 143 13
88 143 13
88 143 13
88 143 13
88 143 13
88 143 13
88 143 13
88 143 13
88 143 13
88 143 13
88 143 13
88 143 13
88 143 13
8 199 23
8 185 23
186 21 23
186 21 13
186 21 13
186 21 13
186 21 13
186 21 13
186 21 13
186 21 13
186 7 23
0 192 23
74 164 23
67 68 23
67 68 13
67 68 13
67 68 13
67 68 13
67 68 13
67 68 13
67 68 13
67 68 13
67 68 13
67 68 13
67 68 13
67 68 13
67 68 13
67 68 13
67 68 13
67 68 13
67 68 13
67 68 13
67 68 13
67 68 13
67 68 13
67 68 13
67 68 13
67 68 13
67 68 13
67 68 13
112 3 23
140 69 23
78 46 23
78 46 13
77 33 23
89 27 23
18 45 23
145 177 23
145 177 13
145 177 13
145 177 13
145 177 13
145 177 13
145 177 13
145 177 13
145 177 13
145 177 13
145 177 13
145 177 13
145 177 13
145 177 13
145 177 13
145 177 13
6 53 23
5 38 23
61 157 23
60 171 23
60 171 13
60 171 13
60 171 13
60 171 13
60 171 13
21 178 23
33 185 23
34 171 23
34 171 13
34 171 13
34 171 13
34 171 13
34 171 13
34 171 13
34 171 13
34 171 13
34 171 13
34 171 13
34 171 13
34 171 13
34 171 13
34 171 13
34 171 13
47 178 23
47 178 13
47 178 13
47 178 13
47 178 13
47 178 13
47 178 13
47 178 13
47 178 13
47 178 13
47 178 13
47 178 13
47 178 13
47 178 13
47 178 13
47 178 13
173 13 23
173 13 13
173 13 13
173 13 13
173 13 13
173 13 13
173 13 13
173 13 13
173 13 13
173 13 13
173 13 13
173 13 13
173 13 13
173 13 13
173 13 13
173 13 13
173 13 13
173 13 13
173 13 13
173 13 13
173 13 13
173 13 13
169 192 23
132 185 23
132 185 13
139 83 23
48 164 23
48 164 13
48 164 13
48 164 13
48 164 13
48 164 13
48 164 13
48 164 13
48 164 13
48 164 13
48 164 13
48 164 13
48 164 13
48 164 13
48 164 13
48 164 13
48 164 13
48 164 13
48 164 13
48 164 13
132 199 23
132 199 13
121 192 23
121 192 13
121 192 13
121 192 13
121 192 13
91 41 23
91 41 13
117 57 23
117 57 13
117 57 13
117 57 13
117 57 13
117 57 13
117 57 13
117 57 13
117 57 13
117 57 13
117 57 13
117 57 13
117 57 13
117 57 13
117 57 13
117 57 13
117 57 13
117 57 13
117 57 13
117 57 13
117 57 13
117 57 13
117 57 13
117 57 13
17 30 23
4 23 23
16 15 23
73 178 23
62 143 23
86 171 23
76 135 23
3 8 23
3 8 13
3 8 13
3 8 13
3 8 13
3 8 13
3 8 13
3 8 13
3 8 13
3 8 13
3 8 13
3 8 13
3 8 13
3 8 13
3 8 13
3 8 13
3 8 13
3 8 13
3 8 13
3 8 13
3 8 13
3 8 13
3 8 13
3 8 13
3 8 13
3 8 13
43 56 23
43 56 13
173 27 23
173 27 13
173 27 13
173 27 13
173 27 13
173 27 13
173 27 13
173 27 13
173 27 13
173 27 13
173 27 13
173 27 13
173 27 13
173 27 13
173 27 13
173 27 13
173 27 13
173 27 13
173 27 13
173 27 13
173 27 13
173 27 13
173 27 13
173 27 13
173 27 13
173 27 13
173 27 13
173 27 13
173 27 13
173 27 13
173 27 13
173 27 13
173 27 13
173 27 13
173 27 13
173 27 13
173 27 13
173 27 13
173 27 13
173 27 13
173 27 13
173 27 13
173 27 13
173 27 13
173 27 13
173 27 13
173 27 13
173 27 13
33 199 23
22 164 23
22 164 13
22 164 13
22 164 13
22 164 13
22 164 13
22 164 13
22 164 13
22 164 13
22 164 13
22 164 13
22 164 13
22 164 13
22 164 13
22 164 13
22 164 13
22 164 13
22 164 13
22 164 13
22 164 13
22 164 13
22 164 13
22 164 13
22 164 13
22 164 13
22 164 13
22 164 13
22 164 13
22 164 13
22 164 13
161 6 23
161 6 13
161 6 13
161 6 13
161 6 13
161 6 13
161 6 13
161 6 13
161 6 13
161 6 13
161 6 13
161 6 13
161 6 13
161 6 13
161 6 13
161 6 13
161 6 13
161 6 13
161 6 13
161 6 13
161 6 13
161 6 13
161 6 13
161 6 13
161 6 13
161 6 13
161 6 13
161 6 13
161 6 13
161 6 13
161 6 13
161 6 13
161 6 13
161 6 13
161 6 13
161 6 13
161 6 13
161 6 13
161 6 13
161 6 13
161 6 13
161 6 13
161 6 13
161 6 13
161 6 13
161 6 13
161 6 13
161 6 13
161 6 13
161 6 13
161 6 13
161 6 13
161 6 13
161 6 13
161 6 13
64 128 23
46 192 23
60 185 23
60 185 13
60 185 13
60 185 13
60 185 13
60 185 13
60 185 13
170 177 23
170 177 13
170 177 13
170 177 13
170 177 13
170 177 13
170 177 13
170 177 13
170 177 13
170 177 13
170 177 13
170 177 13
170 177 13
170 177 13
170 177 13
170 177 13
170 177 13
170 177 13
170 177 13
170 177 13
170 177 13
170 177 13
170 177 13
170 177 13
170 177 13
170 177 13
171 86 23
159 94 23
171 101 23
171 101 13
171 101 13
171 101 13
171 101 13
171 101 13
171 101 13
171 101 13
197 40 23
197 40 13
197 40 13
197 40 13
197 40 13
197 40 13
197 40 13
197 40 13
197 40 13
197 40 13
197 40 13
197 40 13
197 40 13
197 40 13
197 40 13
197 40 13
197 40 13
197 40 13
197 40 13
197 40 13
197 40 13
197 40 13
197 40 13
197 40 13
197 40 13
197 40 13
197 40 13
197 40 13
197 40 13
197 40 13
197 40 13
197 40 13
197 40 13
197 40 13
197 40 13
197 40 13
197 40 13
197 40 13
197 40 13
197 40 13
197 40 13
197 40 13
197 40 13
197 40 13
197 40 13
197 40 13
197 40 13
197 40 13
197 40 13
197 40 13
197 40 13
197 40 13
197 40 13
197 40 13
197 40 13
197 40 13
197 40 13
197 40 13
197 40 13
197 40 13
197 40 13
197 40 13
197 40 13
197 40 13
197 40 13
197 40 13
197 40 13
182 185 23
182 199 23
196 192 23
183 94 23
183 94 13
183 94 13
183 94 13
183 94 13
183 94 13
183 94 13
183 94 13
183 94 13
183 94 13
183 94 13
183 94 13
183 94 13
183 94 13
183 94 13
183 94 13
183 94 13
183 94 13
183 94 13
183 94 13
183 94 13
183 94 13
183 94 13
183 94 13
183 94 13
183 94 13
183 94 13
183 94 13
183 94 13
183 94 13
183 94 13
183 94 13
183 94 13
161 20 23
161 20 13
161 20 13
161 20 13
161 20 13
161 20 13
161 20 13
161 20 13
161 20 13
161 20 13
161 20 13
161 20 13
161 20 13
161 20 13
161 20 13
161 20 13
161 20 13
161 20 13
161 20 13
161 20 13
161 20 13
161 20 13
161 20 13
161 20 13
161 20 13
161 20 13
161 20 13
161 20 13
161 20 13
161 20 13
161 20 13
161 20 13
161 20 13
161 20 13
161 20 13
161 20 13
161 20 13
161 20 13
161 20 13
161 20 13
161 20 13
161 20 13
161 20 13
161 20 13
161 20 13
161 20 13
161 20 13
161 20 13
161 20 13
161 20 13
161 20 13
161 20 13
161 20 13
161 20 13
161 20 13
161 20 13
161 20 13
161 20 13
161 20 13
161 20 13
161 20 13
161 20 13
161 20 13
161 20 13
161 20 13
161 20 13
161 20 13
161 20 13
161 20 13
161 20 13
161 20 13
161 20 13
161 20 13
161 20 13
161 20 13
185 33 23
185 33 13
185 33 13
185 33 13
185 33 13
185 33 13
185 33 13
185 33 13
185 33 13
185 33 13
185 33 13
185 33 13
185 33 13
185 33 13
185 33 13
185 33 13
185 33 13
185 33 13
185 33 13
185 33 13
185 33 13
185 33 13
185 33 13
185 33 13
185 33 13
185 33 13
185 33 13
185 33 13
185 33 13
185 33 13
185 33 13
185 33 13
185 33 13
185 33 13
185 33 13
185 33 13
185 33 13
185 33 13
185 33 13
185 33 13
185 33 13
185 33 13
185 33 13
185 33 13
185 33 13
185 33 13
185 33 13
185 33 13
185 33 13
185 33 13
185 33 13
185 33 13
185 33 13
185 33 13
185 33 13
185 33 13
185 33 13
185 33 13
185 33 13
185 33 13
185 33 13
185 33 13
185 33 13
185 33 13
185 33 13
185 33 13
196 177 23
171 73 23
160 67 23
171 61 23
183 170 23
183 170 13
183 170 13
183 170 13
183 170 13
196 163 23
196 163 13
196 163 13
196 163 13
161 55 23
161 55 13
161 55 13
161 55 13
161 55 13
161 55 13
161 55 13
161 55 13
161 55 13
161 55 13
183 155 23
183 155 13
183 155 13
183 155 13
183 155 13
183 155 13
183 155 13
183 155 13
183 155 13
183 155 13
183 155 13
183 155 13
183 155 13
183 155 13
183 155 13
183 155 13
183 155 13
183 155 13
183 155 13
183 155 13
183 155 13
183 155 13
183 155 13
183 155 13
183 155 13
183 155 13
183 155 13
183 155 13
183 155 13
183 155 13
183 155 13
183 155 13
183 155 13
183 155 13
183 155 13
150 62 23
140 57 23
118 85 23
129 91 23
129 91 13
129 91 13
59 199 23
59 199 13
59 199 13
59 199 13
59 199 13
59 199 13
59 199 13
59 199 13
59 199 13
139 96 23
139 96 13
139 96 13
139 96 13
139 96 13
139 96 13
139 96 13
139 96 13
139 96 13
139 96 13
139 96 13
139 96 13
139 96 13
139 96 13
139 96 13
139 96 13
121 178 23
121 178 13
121 178 13
121 178 13
121 178 13
121 178 13
121 178 13
121 178 13
121 178 13
121 178 13
121 178 13
121 178 13
121 178 13
121 178 13
121 178 13
121 178 13
121 178 13
121 178 13
121 178 13
121 178 13
121 178 13
121 178 13
121 178 13
121 178 13
121 178 13
121 178 13
121 178 13
121 178 13
121 178 13
121 178 13
121 178 13
121 178 13
121 178 13
121 178 13
121 178 13
121 178 13
121 178 13
121 178 13
121 178 13
121 178 13
121 178 13
109 199 23
109 199 13
109 199 13
109 199 13
109 199 13
109 199 13
109 199 13
109 199 13
109 199 13
109 199 13
109 199 13
109 199 13
109 199 13
109 199 13
109 199 13
109 199 13
109 199 13
109 199 13
109 199 13
109 199 13
109 199 13
109 199 13
109 199 13
109 199 13
109 199 13
109 199 13
109 199 13
109 199 13
109 199 13
109 199 13
109 199 13
109 199 13
109 199 13
109 199 13
109 199 13
109 199 13
109 199 13
109 199 13
109 199 13
109 199 13
109 199 13
109 199 13
109 199 13
109 199 13
109 199 13
109 199 13
109 199 13
157 170 23
157 170 13
157 170 13
157 170 13
157 170 13
157 170 13
157 170 13
157 170 13
157 170 13
157 170 13
157 170 13
157 170 13
157 170 13
157 170 13
157 170 13
157 170 13
157 170 13
157 170 13
157 170 13
157 170 13
157 170 13
157 170 13
157 170 13
157 170 13
157 170 13
157 170 13
157 170 13
157 170 13
157 170 13
157 170 13
157 170 13
157 170 13
157 170 13
157 170 13
157 170 13
157 170 13
157 170 13
157 170 13
157 170 13
173 27 13
173 27 13
173 27 13
173 27 13
173 27 13
173 27 13
173 27 13
173 27 13
173 27 13
173 27 13
173 27 13
173 27 13
173 27 13
173 27 13
173 27 13
173 27 13
173 27 13
173 27 13
173 27 13
173 27 13
173 27 13
173 27 13
173 27 13
173 27 13
173 27 13
173 27 13
173 27 13
173 27 13
173 27 13
173 27 13
173 27 13
173 27 13
173 27 13
173 27 13
173 27 13
173 27 13
173 27 13
173 27 13
173 27 13
173 27 13
173 27 13
173 27 13
173 27 13
173 27 13
173 27 13
173 27 13
173 27 13
173 27 13
173 27 13
173 27 13
173 27 13
173 27 13
173 27 13
173 27 13
173 27 13
173 27 13
173 27 13
173 27 13
173 27 13
173 27 13
173 27 13
173 27 13
173 27 13
173 27 13
173 27 13
173 27 13
173 27 13
173 27 13
173 27 13
173 27 13
173 27 13
173 27 13
173 27 13
173 27 13
173 27 13
173 27 13
173 27 13
173 27 13
173 27 13
173 27 13
173 27 13
173 27 13
173 27 13
173 27 13
173 27 13
117 99 23
117 99 13
117 99 13
117 99 13
117 99 13
117 99 13
117 99 13
150 50 23
150 50 13
150 50 13
150 50 13
150 50 13
150 50 13
150 50 13
150 50 13
150 50 13
150 50 13
150 50 13
103 36 23
103 36 13
103 36 13
103 36 13
103 36 13
103 36 13
103 36 13
103 36 13
103 36 13
103 36 13
103 36 13
103 36 13
103 36 13
103 36 13
103 36 13
103 36 13
103 36 13
103 36 13
103 36 13
103 36 13
103 36 13
103 36 13
103 36 13
103 36 13
103 36 13
73 192 23
85 185 23
85 185 13
85 185 13
85 185 13
85 185 13
85 185 13
85 185 13
43 71 23
43 71 13
43 71 13
43 71 13
43 71 13
43 71 13
43 71 13
43 71 13
43 71 13
43 71 13
183 67 23
161 6 13
161 6 13
161 6 13
161 6 13
161 6 13
161 6 13
161 6 13
161 6 13
161 6 13
161 6 13
161 6 13
161 6 13
161 6 13
161 6 13
161 6 13
161 6 13
161 6 13
161 6 13
161 6 13
161 6 13
161 6 13
161 6 13
161 6 13
161 6 13
161 6 13
161 6 13
161 6 13
161 6 13
161 6 13
161 6 13
161 6 13
161 6 13
161 6 13
161 6 13
161 6 13
161 6 13
161 6 13
161 6 13
161 6 13
161 6 13
161 6 13
161 6 13
161 6 13
161 6 13
161 6 13
161 6 13
161 6 13
161 6 13
161 6 13
161 6 13
161 6 13
161 6 13
161 6 13
161 6 13
161 6 13
161 6 13
161 6 13
161 6 13
161 6 13
161 6 13
161 6 13
161 6 13
161 6 13
161 6 13
161 6 13
161 6 13
161 6 13
161 6 13
161 6 13
161 6 13
161 6 13
161 6 13
161 6 13
161 6 13
161 6 13
161 6 13
161 6 13
161 6 13
161 6 13
161 6 13
161 6 13
161 6 13
161 6 13
161 6 13
197 148 23
197 148 13
197 148 13
197 148 13
197 148 13
197 148 13
197 148 13
197 148 13
197 148 13
197 148 13
197 148 13
197 148 13
197 148 13
197 148 13
197 148 13
197 148 13
197 148 13
197 148 13
197 148 13
197 148 13
197 148 13
197 148 13
197 148 13
197 148 13
197 148 13
197 148 13
197 148 13
197 148 13
197 148 13
197 148 13
197 148 13
197 148 13
197 148 13
197 148 13
197 148 13
197 148 13
197 148 13
197 148 13
197 148 13
197 148 13
197 148 13
197 148 13
197 148 13
197 148 13
197 148 13
197 148 13
197 148 13
197 148 13
197 148 13
197 148 13
197 148 13
197 148 13
197 148 13
197 148 13
197 148 13
197 148 13
197 148 13
197 148 13
197 148 13
197 148 13
106 77 23
106 77 13
106 77 13
106 77 13
106 77 13
106 77 13
106 77 13
106 77 13
106 77 13
106 77 13
106 77 13
106 77 13
106 77 13
106 77 13
106 77 13
106 77 13
106 77 13
106 77 13
106 77 13
106 77 13
106 77 13
106 77 13
106 77 13
106 77 13
106 77 13
106 77 13
106 77 13
106 77 13
106 77 13
106 77 13
106 77 13
106 77 13
28 22 23
30 36 23
133 170 23
133 170 13
133 170 13
133 170 13
133 170 13
133 170 13
133 170 13
133 170 13
133 170 13
133 170 13
133 170 13
133 170 13
133 170 13
133 170 13
133 170 13
133 170 13
133 170 13
133 170 13
133 170 13
133 170 13
133 170 13
133 170 13
133 170 13
133 170 13
133 170 13
133 170 13
133 170 13
133 170 13
133 170 13
133 170 13
133 170 13
133 170 13
134 156 23
134 156 13
134 156 13
134 156 13
134 156 13
134 156 13
134 156 13
134 156 13
134 156 13
134 156 13
134 156 13
134 156 13
134 156 13
134 156 13
134 156 13
134 156 13
134 156 13
134 156 13
134 156 13
134 156 13
134 156 13
134 156 13
134 156 13
134 156 13
134 156 13
134 156 13
134 156 13
134 156 13
134 156 13
134 156 13
134 156 13
134 156 13
134 156 13
134 156 13
134 156 13
134 156 13
134 156 13
134 156 13
134 156 13
134 156 13
134 156 13
134 156 13
134 156 13
134 156 13
134 156 13
134 156 13
134 156 13
134 156 13
134 156 13
134 156 13
134 156 13
134 156 13
134 156 13
134 156 13
134 156 13
134 156 13
134 156 13
134 156 13
134 156 13
139 45 23
139 45 13
139 45 13
139 45 13
139 45 13
139 45 13
139 45 13
139 45 13
41 27 23
41 27 13
41 27 13
41 27 13
77 121 23
77 121 13
77 121 13
77 121 13
77 121 13
65 113 23
185 33 13
185 33 13
185 33 13
185 33 13
185 33 13
185 33 13
185 33 13
185 33 13
185 33 13
185 33 13
185 33 13
185 33 13
185 33 13
184 45 23
184 45 13
184 45 13
184 45 13
184 56 23
145 163 23
145 163 13
145 163 13
145 163 13
145 163 13
145 163 13
145 163 13
145 163 13
145 163 13
145 163 13
145 163 13
145 163 13
145 163 13
145 163 13
145 163 13
145 163 13
145 163 13
145 163 13
145 163 13
145 163 13
145 163 13
145 163 13
145 163 13
145 163 13
145 163 13
145 163 13
145 163 13
145 163 13
145 163 13
145 163 13
145 163 13
145 163 13
145 163 13
145 163 13
145 163 13
145 163 13
145 163 13
145 163 13
145 163 13
145 163 13
145 163 13
145 163 13
145 163 13
145 163 13
145 163 13
145 163 13
145 163 13
145 163 13
145 163 13
145 163 13
145 163 13
145 163 13
145 163 13
145 163 13
145 163 13
145 163 13
145 163 13
145 163 13
145 163 13
170 163 23
170 163 13
170 163 13
170 163 13
170 163 13
170 163 13
170 163 13
170 163 13
170 163 13
170 163 13
170 163 13
170 163 13
170 163 13
170 163 13
170 163 13
170 163 13
170 163 13
170 163 13
170 163 13
170 163 13
170 163 13
170 163 13
170 163 13
170 163 13
170 163 13
170 163 13
170 163 13
170 163 13
170 163 13
170 163 13
170 163 13
170 163 13
170 163 13
170 163 13
170 163 13
170 163 13
170 163 13
170 163 13
170 163 13
170 163 13
170 163 13
170 163 13
170 163 13
170 163 13
170 163 13
170 163 13
170 163 13
170 163 13
170 163 13
170 163 13
170 163 13
170 163 13
170 163 13
170 163 13
170 163 13
170 163 13
170 163 13
170 163 13
170 163 13
170 163 13
109 185 23
109 185 13
109 185 13
109 185 13
109 185 13
109 185 13
109 185 13
109 185 13
109 185 13
109 185 13
109 185 13
109 185 13
109 185 13
109 185 13
109 185 13
109 185 13
109 185 13
109 185 13
109 185 13
109 185 13
109 185 13
109 185 13
109 185 13
109 185 13
109 185 13
109 185 13
109 185 13
109 185 13
109 185 13
109 185 13
109 185 13
109 185 13
109 185 13
109 185 13
109 185 13
109 185 13
109 185 13
109 185 13
109 185 13
109 185 13
109 185 13
109 185 13
109 185 13
109 185 13
109 185 13
109 185 13
109 185 13
109 185 13
109 185 13
109 185 13
109 185 13
109 185 13
109 185 13
109 185 13
109 185 13
109 185 13
109 185 13
109 185 13
109 185 13
109 185 13
109 185 13
109 185 13
109 185 13
109 185 13
109 185 13
109 185 13
109 185 13
109 185 13
109 185 13
109 185 13
40 13 23
40 13 13
40 13 13
40 13 13
40 13 13
40 13 13
27 7 23
78 106 23
66 99 23
122 164 23
122 164 13
122 164 13
122 164 13
122 164 13
122 164 13
122 164 13
122 164 13
122 164 13
122 164 13
122 164 13
122 164 13
122 164 13
122 164 13
122 164 13
122 164 13
122 164 13
122 164 13
122 164 13
122 164 13
122 164 13
122 164 13
122 164 13
122 164 13
122 164 13
122 164 13
122 164 13
122 164 13
122 164 13
122 164 13
122 164 13
122 164 13
122 164 13
122 164 13
122 164 13
122 164 13
122 164 13
122 164 13
122 164 13
122 164 13
122 164 13
122 164 13
122 164 13
122 164 13
122 164 13
122 164 13
122 164 13
122 164 13
122 164 13
122 164 13
122 164 13
122 164 13
122 164 13
122 164 13
122 164 13
122 164 13
122 164 13
122 164 13
122 164 13
122 164 13
122 164 13
122 164 13
122 164 13
122 164 13
122 164 13
122 164 13
122 164 13
122 164 13
122 164 13
122 164 13
122 164 13
122 164 13
122 164 13
122 164 13
122 164 13
122 164 13
14 1 23
14 1 13
14 1 13
14 1 13
14 1 13
14 1 13
14 1 13
14 1 13
14 1 13
14 1 13
14 1 13
14 1 13
14 1 13
14 1 13
14 1 13
14 1 13
14 1 13
14 1 13
14 1 13
14 1 13
14 1 13
14 1 13
14 1 13
14 1 13
14 1 13
39 0 23
39 0 13
39 0 13
39 0 13
39 0 13
39 0 13
39 0 13
39 0 13
39 0 13
39 0 13
39 0 13
39 0 13
39 0 13
39 0 13
39 0 13
39 0 13
39 0 13
39 0 13
39 0 13
39 0 13
39 0 13
39 0 13
39 0 13
39 0 13
39 0 13
39 0 13
39 0 13
39 0 13
39 0 13
6 68 23
6 68 13
6 68 13
6 68 13
19 74 23
172 50 23
172 50 13
157 170 13
157 170 13
157 170 13
157 170 13
157 170 13
157 170 13
157 170 13
157 170 13
157 170 13
157 170 13
157 170 13
157 170 13
157 170 13
157 170 13
157 170 13
157 170 13
157 170 13
157 170 13
157 170 13
157 170 13
157 170 13
157 170 13
157 170 13
157 170 13
157 170 13
157 170 13
157 170 13
157 170 13
157 170 13
157 170 13
157 170 13
157 170 13
157 170 13
157 170 13
157 170 13
157 170 13
157 170 13
157 170 13
157 170 13
157 170 13
157 170 13
157 170 13
157 170 13
157 170 13
157 170 13
157 170 13
157 170 13
157 170 13
157 170 13
157 170 13
157 170 13
157 170 13
157 170 13
157 170 13
157 170 13
157 170 13
157 170 13
157 170 13
157 170 13
157 170 13
157 170 13
157 170 13
157 170 13
157 170 13
157 170 13
157 170 13
157 170 13
157 170 13
157 170 13
157 170 13
157 170 13
157 170 13
157 170 13
157 170 13
157 170 13
157 170 13
157 170 13
157 170 13
157 170 13
157 170 13
157 170 13
157 170 13
157 170 13
157 170 13
157 170 13
157 170 13
157 170 13
157 170 13
157 170 13
157 170 13
157 170 13
157 170 13
157 170 13
157 170 13
157 170 13
157 170 13
157 170 13
157 170 13
157 170 13
157 170 13
157 170 13
157 170 13
157 170 13
157 170 13
157 170 13
157 170 13
157 170 13
157 170 13
157 170 13
157 170 13
157 170 13
157 170 13
157 170 13
157 170 13
157 170 13
157 170 13
157 170 13
157 170 13
157 170 13
31 80 23
31 80 13
54 92 23
54 92 13
54 92 13
54 92 13
54 92 13
54 92 13
54 92 13
54 92 13
54 92 13
54 92 13
54 92 13
54 92 13
54 92 13
54 92 13
54 92 13
54 92 13
54 92 13
54 92 13
54 92 13
54 92 13
54 92 13
54 92 13
54 92 13
54 92 13
54 92 13
54 92 13
54 92 13
54 92 13
54 92 13
54 92 13
54 92 13
54 92 13
54 92 13
54 92 13
54 92 13
54 92 13
54 92 13
54 92 13
54 92 13
79 91 23
79 91 13
92 99 23
92 99 13
92 99 13
92 99 13
92 99 13
92 99 13
92 99 13
92 99 13
92 99 13
92 99 13
92 99 13
92 99 13
92 99 13
92 99 13
92 99 13
92 99 13
92 99 13
92 99 13
92 99 13
92 99 13
92 99 13
92 99 13
92 99 13
92 99 13
92 99 13
92 99 13
92 99 13
92 99 13
183 155 13
183 155 13
183 155 13
183 155 13
183 155 13
183 155 13
183 155 13
183 155 13
183 155 13
183 155 13
183 155 13
183 155 13
183 155 13
183 155 13
183 155 13
183 155 13
183 155 13
183 155 13
183 155 13
183 155 13
183 155 13
183 155 13
183 155 13
183 155 13
183 155 13
183 155 13
183 155 13
183 155 13
183 155 13
183 155 13
183 155 13
183 155 13
183 155 13
183 155 13
183 155 13
183 155 13
183 155 13
183 155 13
183 155 13
183 155 13
183 155 13
183 155 13
183 155 13
183 155 13
183 155 13
183 155 13
183 155 13
183 155 13
183 155 13
183 155 13
183 155 13
183 155 13
183 155 13
183 155 13
183 155 13
183 155 13
183 155 13
183 155 13
183 155 13
183 155 13
183 155 13
183 155 13
183 155 13
183 155 13
183 155 13
183 155 13
183 155 13
183 155 13
183 155 13
183 155 13
183 155 13
183 155 13
183 155 13
183 155 13
183 155 13
183 155 13
183 155 13
183 155 13
183 155 13
183 155 13
183 155 13
183 155 13
183 155 13
183 155 13
183 155 13
183 155 13
183 155 13
183 155 13
183 155 13
183 155 13
183 155 13
183 155 13
183 155 13
183 155 13
183 155 13
183 155 13
183 155 13
183 155 13
183 155 13
183 155 13
183 155 13
183 155 13
183 155 13
183 155 13
183 155 13
183 155 13
183 155 13
183 155 13
183 155 13
183 155 13
183 155 13
183 155 13
183 155 13
183 155 13
183 155 13
183 155 13
183 155 13
183 155 13
183 155 13
183 155 13
183 155 13
183 155 13
183 155 13
183 155 13
183 155 13
183 155 13
183 155 13
183 155 13
183 155 13
183 155 13
183 155 13
183 155 13
183 155 13
183 155 13
183 155 13
183 155 13
183 155 13
183 155 13
183 155 13
183 155 13
183 155 13
183 155 13
183 155 13
183 155 13
183 155 13
183 155 13
183 155 13
183 155 13
183 155 13
183 155 13
183 155 13
183 155 13
183 155 13
183 155 13
183 155 13
183 155 13
183 80 23
18 88 23
18 88 13
18 88 13
18 88 13
18 88 13
18 88 13
18 88 13
18 88 13
18 88 13
18 88 13
18 88 13
18 88 13
18 88 13
18 88 13
18 88 13
18 88 13
18 88 13
18 88 13
18 88 13
18 88 13
18 88 13
18 88 13
89 128 23
89 128 13
89 128 13
89 128 13
89 128 13
89 128 13
89 128 13
89 128 13
89 128 13
89 128 13
89 128 13
89 128 13
89 128 13
89 128 13
89 128 13
89 128 13
89 128 13
89 128 13
89 128 13
89 128 13
89 128 13
89 128 13
89 128 13
89 128 13
89 128 13
89 128 13
89 128 13
89 128 13
89 128 13
89 128 13
89 128 13
89 128 13
89 128 13
89 128 13
89 128 13
121 178 13
121 178 13
121 178 13
121 178 13
121 178 13
121 178 13
121 178 13
121 178 13
121 178 13
121 178 13
121 178 13
121 178 13
121 178 13
121 178 13
121 178 13
121 178 13
121 178 13
121 178 13
121 178 13
121 178 13
121 178 13
121 178 13
121 178 13
121 178 13
121 178 13
121 178 13
121 178 13
121 178 13
121 178 13
121 178 13
121 178 13
121 178 13
121 178 13
121 178 13
121 178 13
121 178 13
121 178 13
121 178 13
121 178 13
121 178 13
121 178 13
121 178 13
121 178 13
121 178 13
121 178 13
121 178 13
105 92 23
105 92 13
105 92 13
105 92 13
105 92 13
105 92 13
105 92 13
105 92 13
109 199 13
109 199 13
109 199 13
109 199 13
109 199 13
109 199 13
109 199 13
109 199 13
109 199 13
109 199 13
109 199 13
109 199 13
109 199 13
109 199 13
109 199 13
109 199 13
109 199 13
109 199 13
109 199 13
109 199 13
109 199 13
109 199 13
109 199 13
109 199 13
109 199 13
109 199 13
109 199 13
109 199 13
109 199 13
109 199 13
97 192 23
97 192 13
97 192 13
97 192 13
97 192 13
97 192 13
97 192 13
97 192 13
97 192 13
97 192 13
97 192 13
97 192 13
97 192 13
97 192 13
97 192 13
97 192 13
97 192 13
97 192 13
97 192 13
97 192 13
97 192 13
97 192 13
97 192 13
97 192 13
97 192 13
97 192 13
97 192 13
97 192 13
97 192 13
97 192 13
97 192 13
97 192 13
97 192 13
97 192 13
97 192 13
97 192 13
97 192 13
97 192 13
97 192 13
97 192 13
97 192 13
97 192 13
97 192 13
97 192 13
97 192 13
97 192 13
97 192 13
97 192 13
97 192 13
97 192 13
97 192 13
97 192 13
97 192 13
97 192 13
97 192 13
97 192 13
97 192 13
97 192 13
97 192 13
97 192 13
97 192 13
97 192 13
97 192 13
97 192 13
97 192 13
97 192 13
97 192 13
97 192 13
97 192 13
97 192 13
97 192 13
145 163 13
145 163 13
145 163 13
145 163 13
145 163 13
145 163 13
145 163 13
145 163 13
145 163 13
145 163 13
145 163 13
145 163 13
145 163 13
145 163 13
145 163 13
145 163 13
145 163 13
145 163 13
145 163 13
145 163 13
145 163 13
145 163 13
145 163 13
145 163 13
145 163 13
145 163 13
145 163 13
145 163 13
145 163 13
145 163 13
145 163 13
145 163 13
145 163 13
145 163 13
145 163 13
145 163 13
145 163 13
145 163 13
145 163 13
145 163 13
145 163 13
145 163 13
145 163 13
145 163 13
145 163 13
145 163 13
145 163 13
145 163 13
147 148 23
147 133 23
159 140 23
159 124 23
159 109 23
159 109 13
159 109 13
159 109 13
159 109 13
159 109 13
159 109 13
159 109 13
159 109 13
159 109 13
171 116 23
171 116 13
171 116 13
171 116 13
171 116 13
171 116 13
171 116 13
6 82 23
6 82 13
6 82 13
6 82 13
6 82 13
6 82 13
6 82 13
6 82 13
6 82 13
6 82 13
6 82 13
6 82 13
42 42 23
42 42 13
42 42 13
42 42 13
42 42 13
42 42 13
42 42 13
42 42 13
42 42 13
42 42 13
125 11 23
125 11 13
125 11 13
125 11 13
125 11 13
126 25 23
126 25 13
126 25 13
126 25 13
126 25 13
126 25 13
126 25 13
126 25 13
126 25 13
126 25 13
126 25 13
126 25 13
126 25 13
126 25 13
126 25 13
126 25 13
126 25 13
126 25 13
126 25 13
126 25 13
126 25 13
126 25 13
126 25 13
126 25 13
126 25 13
126 25 13
126 25 13
126 25 13
126 25 13
126 25 13
126 25 13
126 25 13
126 25 13
126 25 13
126 25 13
126 25 13
126 25 13
126 25 13
88 14 23
76 19 23
76 19 13
76 19 13
76 19 13
64 25 23
64 25 13
64 25 13
64 25 13
64 25 13
64 25 13
52 19 23
52 19 13
52 19 13
52 19 13
52 19 13
52 19 13
52 19 13
52 19 13
52 19 13
52 19 13
52 19 13
52 19 13
52 19 13
52 19 13
52 19 13
65 39 23
75 6 23
75 6 13
75 6 13
75 6 13
75 6 13
75 6 13
75 6 13
75 6 13
75 6 13
75 6 13
75 6 13
75 6 13
75 6 13
75 6 13
75 6 13
75 6 13
75 6 13
75 6 13
75 6 13
75 6 13
75 6 13
75 6 13
75 6 13
75 6 13
75 6 13
75 6 13
75 6 13
75 6 13
75 6 13
75 6 13
75 6 13
75 6 13
75 6 13
75 6 13
75 6 13
75 6 13
75 6 13
75 6 13
92 55 23
92 55 13
92 55 13
92 55 13
92 55 13
92 55 13
92 55 13
92 55 13
92 55 13
92 55 13
92 55 13
92 55 13
92 55 13
92 55 13
92 55 13
92 55 13
92 55 13
92 55 13
92 55 13
92 55 13
92 55 13
92 55 13
92 55 13
92 55 13
92 55 13
92 55 13
92 55 13
92 55 13
92 55 13
92 55 13
92 55 13
92 55 13
92 55 13
92 55 13
92 55 13
92 55 13
92 55 13
92 55 13
92 55 13
92 55 13
92 55 13
92 55 13
92 55 13
53 33 23
53 33 13
53 33 13
53 33 13
53 33 13
53 33 13
53 33 13
53 33 13
53 33 13
53 33 13
53 33 13
53 33 13
53 33 13
53 33 13
53 33 13
53 33 13
53 33 13
53 33 13
53 33 13
53 33 13
53 33 13
53 33 13
29 94 23
29 94 13
41 100 23
40 114 23
28 108 23
53 106 23
156 198 15
156 197 15
155 197 15
155 196 15
155 195 15
154 195 15
154 194 15
154 193 15
154 192 15
153 192 15
152 192 15
151 192 15
150 192 15
149 192 15
148 192 15
147 192 15
146 192 15
145 192 15
144 191 15
144 190 15
144 189 15
144 188 15
144 187 15
144 187 15
144 186 15
144 186 15
144 185 15
144 185 15
144 185 15
144 184 15
144 184 15
144 184 15
144 184 15
144 183 15
144 183 15
144 183 15
144 183 15
144 183 15
144 182 15
144 182 15
144 182 15
144 182 15
144 182 15
144 182 15
144 182 15
144 181 15
144 181 15
144 181 15
144 181 15
144 181 15
144 181 15
144 181 15
144 181 15
144 181 15
144 181 15
143 181 15
143 181 15
143 181 15
143 181 15
143 181 15
143 181 15
143 181 15
143 181 15
143 180 15
143 180 15
143 180 15
143 180 15
143 180 15
143 180 15
143 180 15
143 180 15
143 180 15
143 180 15
143 179 15
143 179 15
143 179 15
143 179 15
143 179 15
143 179 15
143 179 15
143 179 15
143 179 15
143 179 15
143 179 15
143 179 15
143 179 15
143 178 15
143 178 15
143 178 15
143 178 15
143 178 15
143 178 15
143 178 15
143 178 15
143 178 15
143 178 15
143 178 15
143 178 15
143 178 15
143 178 15
142 178 15
142 178 15
142 178 15
142 178 15
142 178 15
142 178 15
142 178 15
142 178 15
142 178 15
142 178 15
142 178 15
142 178 15
142 177 15
142 177 15
142 177 15
142 177 15
142 177 15
142 177 15
142 177 15
142 177 15
142 177 15
142 177 15
142 177 15
142 177 15
142 177 15
141 177 15
141 177 15
141 177 15
141 177 15
141 177 15
141 177 15
141 177 15
141 177 15
141 177 15
141 177 15
141 177 15
140 177 15
140 177 15
140 177 15
140 177 15
140 177 15
140 177 15
140 177 15
140 177 15
140 177 15
140 176 15
140 176 15
140 176 15
140 176 15
140 176 15
140 176 15
140 176 15
140 176 15
140 176 15
140 175 48
140 175 15
140 175 15
140 175 15
140 175 15
140 175 15
140 175 15
140 175 15
140 174 129
140 174 15
140 174 15
140 173 216
140 172 307
140 171 401
140 170 496
140 169 589
140 168 678
140 167 761
140 166 837
140 165 903
140 165 15
140 164 959
140 163 1002
140 162 1032
140 161 1050
140 160 1054
140 159 1045
140 158 1023
140 157 991
140 156 948
140 155 897
140 154 839
140 153 776
140 152 711
140 151 645
140 150 580
141 150 509
141 149 439
142 149 366
142 148 296
143 148 223
143 147 156
144 147 86
145 147 25
146 147 15
146 146 15
147 146 15
148 146 15
149 146 15
149 145 15
150 145 15
151 145 15
152 145 15
153 145 15
153 144 15
154 144 15
155 144 15
156 144 15
156 143 15
156 142 15
157 142 15
157 141 15
158 141 15
158 140 15
159 139 15
159 138 15
159 137 15
159 136 15
159 135 15
159 134 15
159 133 15
159 132 15
159 131 15
159 130 15
159 129 15
159 128 15
159 127 15
159 126 15
159 125 15
160 124 15
161 124 15
162 124 15
163 124 15
163 123 15
164 123 15
164 122 15
164 121 15
165 121 15
165 120 15
165 119 15
166 119 15
166 118 15
166 117 15
166 117 15
167 117 16
167 117 15
167 116 19
167 116 15
167 115 25
167 115 15
167 114 32
167 114 15
167 113 40
167 113 15
167 112 49
167 112 15
167 112 15
167 111 57
167 111 15
167 111 15
167 111 15
167 110 63
167 110 15
167 110 15
167 110 15
167 110 15
167 109 69
167 109 15
167 109 15
167 109 15
167 109 15
167 109 15
167 108 72
167 108 15
167 108 15
167 108 15
167 108 15
167 108 15
167 107 74
167 107 15
167 107 15
167 107 15
167 107 15
167 106 73
167 106 15
167 106 15
167 106 15
167 105 69
167 105 15
167 105 15
167 104 64
167 104 15
167 103 57
167 103 15
167 102 47
167 102 15
167 101 37
167 101 15
167 100 25
167 100 15
167 99 15
167 99 15
167 98 15
167 98 15
167 97 15
167 97 15
167 96 15
167 96 15
167 95 15
168 95 15
168 95 15
168 94 15
168 93 15
168 92 15
168 91 15
169 91 15
169 90 15
169 89 15
170 89 15
170 88 15
170 87 15
170 86 15
170 85 15
170 84 15
170 83 15
169 83 15
168 83 15
167 83 15
166 83 15
166 82 15
165 82 15
164 82 15
163 82 15
162 82 15
161 82 15
161 81 15
160 81 15
119 71 15
120 71 15
121 71 15
122 71 15
123 71 15
124 71 15
125 71 15
126 71 15
127 71 15
128 71 15
129 71 15
130 71 15
131 71 15
132 71 15
133 71 15
134 71 15
135 71 15
136 71 15
137 71 15
138 71 16
139 71 16
140 71 16
140 72 16
140 73 15
141 73 15
141 74 15
141 75 15
141 76 15
141 77 15
142 77 15
142 78 15
143 78 15
143 79 15
144 79 15
145 79 15
145 80 15
146 80 15
147 80 15
148 80 15
149 80 15
150 80 15
151 80 15
152 80 15
153 80 15
154 80 15
155 80 15
156 80 15
157 80 15
158 80 15
159 80 15
78 105 15
78 104 15
78 103 15
79 103 15
79 102 15
79 101 15
80 101 15
80 101 15
80 100 15
80 100 15
80 99 15
80 99 15
80 98 15
80 98 15
80 98 15
81 98 15
81 98 15
81 98 15
81 97 15
81 97 15
81 97 15
81 97 15
81 96 15
81 96 15
81 96 15
81 96 15
81 96 15
81 95 15
81 95 15
81 95 15
81 95 15
81 95 15
81 94 15
81 94 15
81 94 15
81 94 15
81 94 15
82 94 24
82 94 15
82 94 15
82 94 15
82 94 15
82 94 15
83 94 56
83 94 15
83 94 15
83 94 15
83 94 15
83 94 15
83 94 15
84 94 90
84 94 15
84 94 15
84 94 15
84 94 15
84 94 15
84 94 15
84 94 15
84 94 15
84 94 15
85 94 125
85 94 15
85 94 15
85 94 15
85 94 15
85 94 15
85 94 15
85 94 15
85 94 15
85 94 15
85 94 15
85 94 15
85 94 15
85 94 15
85 94 15
86 94 158
86 94 15
86 94 15
86 94 15
86 94 15
86 94 15
86 94 15
86 94 15
86 94 15
86 94 15
86 94 15
86 94 15
86 94 15
86 94 15
86 94 15
86 94 15
86 94 15
86 94 15
86 94 15
86 94 15
86 94 15
86 94 15
87 94 190
87 94 15
87 94 15
87 94 15
87 94 15
87 94 15
87 94 15
87 94 15
87 94 15
87 94 15
87 94 15
87 94 15
87 94 15
87 94 15
87 94 15
87 94 15
87 94 15
87 94 15
87 94 15
87 94 15
87 94 15
87 94 15
87 94 15
87 94 15
87 94 15
87 94 15
88 94 220
88 94 15
88 94 15
88 94 15
88 94 15
88 94 15
88 94 15
88 94 15
88 94 15
88 94 15
88 94 15
88 94 15
88 94 15
88 94 15
88 94 15
88 94 15
88 94 15
88 94 15
88 94 15
88 94 15
88 94 15
88 94 15
88 94 15
88 94 15
88 94 15
88 94 15
88 94 15
88 94 15
88 94 15
88 94 15
89 94 246
89 94 15
89 94 15
89 94 15
89 94 15
89 94 15
89 94 15
89 94 15
89 94 15
89 94 15
89 94 15
89 94 15
89 94 15
89 94 15
89 94 15
89 94 15
89 94 15
89 94 15
89 94 15
89 94 15
89 94 15
89 94 15
89 94 15
89 94 15
89 94 15
89 94 15
89 94 15
89 94 15
89 94 15
89 94 15
89 94 15
89 94 15
89 94 15
89 94 15
90 94 268
90 94 15
90 94 15
90 94 15
90 94 15
90 94 15
90 94 15
90 94 15
90 94 15
90 94 15
90 94 15
90 94 15
90 94 15
90 94 15
90 94 15
90 94 15
90 94 15
90 94 15
90 94 15
90 94 15
90 94 15
90 94 15
90 94 15
90 94 15
90 94 15
90 94 15
90 94 15
90 94 15
90 94 15
90 94 15
90 94 15
90 94 15
91 94 286
91 94 15
91 94 15
91 94 15
91 94 15
91 94 15
91 94 15
91 94 15
91 94 15
91 94 15
91 94 15
91 94 15
91 94 15
91 94 15
91 94 15
91 94 15
91 94 15
91 94 15
91 94 15
91 94 15
91 94 15
91 94 15
91 94 15
91 94 15
91 94 15
91 94 15
91 94 15
92 94 298
92 94 15
92 94 15
92 94 15
92 94 15
92 94 15
92 94 15
92 94 15
92 94 15
92 94 15
92 94 15
92 94 15
92 94 15
92 94 15
92 94 15
92 94 15
92 94 15
92 94 15
92 94 15
92 94 15
92 94 15
92 94 15
92 94 15
93 94 305
93 94 15
93 94 15
93 94 15
93 94 15
93 94 15
93 94 15
93 94 15
93 94 15
93 94 15
93 94 15
93 94 15
93 94 15
93 94 15
93 94 15
93 94 15
93 94 15
93 94 15
93 94 15
94 94 307
94 94 15
94 94 15
94 94 15
94 94 15
94 94 15
94 94 15
94 94 15
94 94 15
94 94 15
94 94 15
94 94 15
94 94 15
94 94 15
94 94 15
95 94 304
95 94 15
95 94 15
95 94 15
95 94 15
95 94 15
95 94 15
95 94 15
95 94 15
95 94 15
95 94 15
95 94 15
96 94 296
96 94 15
96 94 15
96 94 15
96 94 15
96 94 15
96 94 15
96 94 15
96 94 15
97 94 283
97 94 15
97 94 15
97 94 15
97 94 15
97 94 15
97 94 15
98 94 266
98 94 15
98 94 15
98 94 15
98 94 15
98 94 15
99 94 246
99 94 15
99 94 15
99 94 15
99 94 15
100 94 223
100 94 15
100 94 15
100 94 15
100 94 15
101 94 197
101 94 15
101 94 15
101 94 15
102 94 171
102 94 15
102 94 15
102 94 15
103 94 144
103 94 15
103 94 15
104 94 117
104 94 15
105 94 90
106 94 65
107 94 42
107 94 15
108 94 20
108 94 15
108 94 15
109 94 15
109 94 15
109 94 15
110 94 15
110 94 15
110 94 15
110 93 15
110 93 15
110 93 15
110 92 15
110 92 15
110 92 15
111 92 15
111 92 15
112 92 15
112 92 15
112 91 15
112 91 15
112 90 15
112 90 15
113 90 15
113 90 15
114 90 15
114 90 15
114 89 15
115 89 15
116 89 15
116 88 15
116 87 15
117 87 15
118 87 15
118 86 15
119 85 15
120 85 15
121 85 15
121 84 15
121 83 16
121 82 20
121 81 21
121 80 19
121 79 15
121 78 15
121 77 15
121 76 15
120 76 15
120 75 15
119 75 15
119 74 15
119 73 15
119 72 15
53 107 15
54 107 15
55 107 15
56 107 15
57 107 16
58 107 15
58 107 15
59 107 15
59 107 15
60 107 15
60 107 15
61 107 15
61 107 15
62 107 15
63 107 15
63 106 15
64 106 15
65 106 15
66 106 15
67 106 15
68 106 15
69 106 15
70 106 15
71 106 15
72 106 15
73 106 15
74 106 15
75 106 15
76 106 15
77 106 15
52 106 15
51 106 15
50 106 15
49 106 15
48 106 15
48 105 15
48 105 15
47 105 15
47 105 15
46 105 15
46 105 15
46 104 15
46 104 15
45 104 15
45 104 15
45 103 15
45 103 15
44 103 15
44 103 15
43 103 15
43 103 15
43 102 15
43 102 15
42 102 15
42 102 15
42 101 15
42 101 15
41 101 15
41 101 15
40 100 15
40 100 15
39 100 15
39 99 15
38 99 15
37 99 15
37 98 15
36 98 15
36 97 15
36 97 15
35 97 15
35 97 15
34 97 15
34 97 15
33 97 15
33 97 15
33 96 15
33 96 15
33 95 15
33 95 15
33 95 15
32 95 15
32 95 15
32 95 15
32 94 15
32 94 15
32 94 15
31 94 15
31 94 15
31 94 15
30 94 16
30 94 15
30 93 29
30 93 15
30 92 40
30 91 49
30 90 55
30 89 59
30 88 61
30 87 60
30 86 58
30 85 55
30 84 49
30 83 44
30 82 37
30 81 31
30 81 15
30 80 24
30 80 15
30 79 18
30 79 15
30 78 15
30 78 15
30 77 15
30 77 15
30 76 15
30 76 15
30 75 15
30 75 15
30 74 15
30 73 15
31 73 15
31 72 15
31 71 15
31 70 15
31 69 15
31 68 15
31 67 15
31 66 15
32 65 15
33 65 15
34 65 15
35 65 15
35 64 15
35 63 15
35 62 15
36 62 15
36 61 15
36 60 15
37 60 15
37 59 15
38 59 15
39 59 15
40 59 15
41 59 15
42 59 15
43 59 15
43 59 15
44 59 15
44 59 15
45 59 32
46 59 61
47 59 92
48 59 123
49 59 154
50 59 183
51 59 210
51 59 15
51 59 15
52 59 233
52 59 15
52 59 15
52 59 15
52 59 15
52 59 15
53 59 252
53 59 15
53 59 15
53 59 15
53 59 15
53 59 15
53 59 15
54 59 267
54 59 15
54 59 15
54 59 15
54 59 15
54 59 15
54 59 15
55 59 278
55 59 15
55 59 15
55 59 15
55 59 15
56 59 284
56 59 15
57 59 286
58 59 284
59 59 279
60 59 273
61 59 265
61 58 256
62 58 243
63 58 232
63 57 216
64 57 203
64 56 185
65 56 170
65 55 151
65 54 134
66 54 114
67 53 78
67 53 15
67 52 57
67 52 15
67 52 15
67 52 15
67 51 39
67 51 15
67 51 15
67 51 15
68 51 21
68 51 15
68 51 15
68 51 15
68 51 15
68 51 15
68 50 15
68 50 15
68 50 15
68 50 15
68 50 15
69 50 15
69 50 15
69 50 15
69 50 15
69 50 15
70 50 15
70 50 15
70 50 15
70 50 15
71 50 15
71 50 15
71 50 15
71 50 15
71 49 15
71 49 15
71 49 15
71 48 15
71 48 15
71 48 15
71 47 15
71 47 15
71 46 15
71 46 15
72 46 15
72 46 15
73 46 15
73 46 15
74 46 15
74 46 15
75 46 15
75 46 15
76 46 15
76 46 15
77 46 15
77 46 15
78 45 15
78 45 15
78 44 15
78 43 15
79 43 15
79 42 15
80 42 15
80 41 15
81 41 15
81 40 15
82 40 15
83 40 15
84 40 15
85 40 15
85 39 15
86 39 15
86 38 15
87 38 15
88 38 15
88 37 15
89 37 15
90 37 15
91 37 15
91 36 15
91 35 15
91 34 15
91 33 18
91 32 21
91 31 23
91 30 23
91 29 20
91 28 15
91 27 15
92 27 15
93 27 15
93 26 15
94 26 15
94 25 15
95 25 15
95 24 15
96 24 15
97 24 15
97 23 15
97 22 15
98 22 15
99 22 15
100 22 15
101 21 15
102 21 15
102 20 15
102 19 15
103 19 15
103 18 15
103 17 15
104 17 15
105 17 15
106 17 15
107 17 15
108 17 15
109 17 15
110 17 15
111 17 15
111 17 15
112 17 15
112 17 15
30 71 15
30 72 15
29 72 15
28 72 15
27 72 16
26 72 20
25 72 23
24 72 24
23 72 24
22 72 22
21 72 19
20 72 15
19 72 15
18 72 15
18 71 15
18 70 15
18 69 15
18 68 15
18 67 15
18 66 15
18 65 15
18 64 15
18 63 15
18 62 15
18 61 15
18 60 15
18 59 15
76 107 15
75 107 15
74 107 15
74 108 15
74 109 15
74 110 15
74 111 15
74 112 15
74 113 15
74 114 15
74 114 15
74 115 15
74 115 15
74 116 15
74 116 15
74 117 15
74 117 15
74 118 15
74 119 15
74 120 15
74 121 15
74 122 15
74 123 15
74 124 15
74 125 15
74 126 15
74 126 15
74 127 15
74 127 15
74 128 15
74 128 15
74 129 15
74 129 15
74 130 15
74 130 15
74 131 15
74 132 15
74 133 15
74 134 15
74 135 15
74 136 15
74 137 15
74 138 15
74 139 15
74 140 15
74 141 15
74 142 15
74 143 15
74 144 15
74 145 15
74 146 15
74 147 15
74 148 15
75 148 15
75 149 16
76 150 15
77 150 15
77 151 15
77 152 15
77 153 15
77 154 15
77 155 15
77 156 15
77 157 15
77 158 15
77 159 15
77 160 15
77 161 15
77 162 15
77 163 15
77 164 15
77 165 15
77 166 15
77 167 15
77 168 15
77 169 15
77 170 15
77 171 15
77 172 15
77 173 15
77 174 15
77 175 15
77 175 15
76 175 15
76 176 15
76 176 15
76 177 15
76 177 15
75 177 15
75 177 15
75 178 15
75 178 15
74 178 15
74 178 15
73 179 15
73 179 15
73 180 15
73 180 15
73 181 15
73 181 15
73 182 15
73 182 15
73 183 15
73 183 15
73 184 15
73 184 15
73 185 15
73 185 15
73 186 15
73 186 15
73 187 15
73 187 15
73 188 15
73 188 15
73 189 15
73 189 15
73 190 15
73 190 15
73 191 15
73 191 15
72 192 15
72 192 15
71 192 15
71 192 15
70 192 15
70 192 15
69 192 15
69 192 15
69 192 15
68 192 15
68 192 15
68 192 15
68 193 15
68 193 15
68 193 15
68 193 15
67 193 15
67 193 15
67 193 15
67 193 15
66 193 15
66 193 15
66 193 15
66 193 15
66 193 15
65 193 15
65 193 15
65 193 15
65 193 15
65 193 15
64 193 15
64 193 15
64 193 15
64 193 15
64 193 15
63 193 15
63 193 15
63 193 15
63 193 15
63 193 15
62 193 15
62 193 15
62 193 15
62 193 15
62 193 15
61 193 15
61 193 15
61 193 15
61 193 15
60 193 15
60 193 15
60 193 15
60 193 15
59 193 15
59 193 15
59 193 15
58 193 15
58 193 15
58 193 15
58 194 15
58 194 15
58 194 15
58 194 15
57 194 15
57 194 15
57 194 15
56 194 15
56 194 15
56 194 15
55 194 15
55 194 15
55 194 15
54 194 15
54 194 15
54 194 15
53 194 15
53 194 15
53 194 15
53 194 15
52 194 15
52 194 15
52 194 15
52 194 15
51 194 15
51 194 15
51 194 15
51 194 15
50 194 15
50 194 15
50 194 15
50 194 15
49 194 15
49 194 15
49 194 15
49 194 15
49 193 15
49 193 15
49 193 15
48 193 15
48 193 15
48 193 15
47 193 15
47 193 15
46 193 15
46 193 15
45 192 15
45 192 15
44 192 15
43 192 15
42 192 15
41 192 15
40 192 15
39 192 15
38 192 15
37 192 15
36 192 15
35 192 15
34 192 15
33 192 15
32 192 15
31 192 15
31 191 15
30 191 15
29 191 15
28 191 15
27 191 15
26 191 15
25 191 15
24 191 15
23 191 15
22 191 15
21 191 15
20 191 15
78 150 15
78 151 15
79 151 15
80 151 15
80 152 15
80 153 15
81 153 15
82 153 15
82 154 15
83 154 15
84 154 15
85 154 15
85 155 15
86 155 15
86 156 15
86 157 15
184 46 15
184 46 15
184 46 15
184 47 15
184 47 15
184 48 15
184 48 15
184 49 15
184 49 15
184 50 15
184 51 15
184 52 15
184 53 15
184 54 15
184 55 15
183 56 15
183 57 15
182 57 15
181 57 15
181 58 15
181 59 15
180 59 15
179 59 15
178 59 15
177 59 15
177 60 15
177 61 15
177 62 15
177 63 15
176 63 15
175 63 15
175 64 15
175 65 15
175 66 15
174 66 15
174 67 15
174 68 15
174 69 15
174 70 15
174 71 15
173 71 15
172 71 15
172 72 15
172 73 15
172 74 15
172 75 15
172 76 15
172 77 15
172 78 15
172 79 15
172 80 15
172 81 15
171 81 15
171 82 15
171 83 15
171 84 15
171 85 15
185 45 85
186 45 126
187 45 183
187 44 238
188 44 302
188 43 359
188 42 424
189 42 484
189 41 543
189 40 604
189 39 663
189 38 718
189 37 767
189 36 806
189 35 834
189 34 849
189 33 849
189 32 834
189 31 803
189 30 757
189 29 697
189 28 624
189 27 540
189 26 447
189 25 349
189 24 248
189 23 147
189 23 15
189 22 50
189 22 15
189 22 15
189 22 15
189 22 15
189 22 15
189 22 15
189 21 15
189 21 15
189 21 15
189 21 15
189 21 15
189 21 15
189 21 15
189 20 15
189 20 15
189 20 15
189 20 15
189 20 15
189 20 15
190 20 15
190 20 15
190 20 15
190 20 15
190 20 15
190 20 15
191 20 15
191 20 15
191 20 15
191 20 15
191 20 15
192 20 15
192 20 15
192 20 15
192 20 15
192 20 15
193 20 15
193 20 15
193 20 15
193 20 15
193 19 15
193 19 15
193 19 15
193 18 15
193 18 15
194 18 15
194 18 15
195 18 15
195 18 15
196 18 15
196 18 15
197 18 15
197 18 15
197 18 15
197 17 15
197 17 15
198 17 15
198 17 15
198 17 15
198 16 15
198 16 15
198 15 15
198 15 15
