182 147 431
60 39 431
2 7 431
122 87 431
8 173 431
148 53 431
142 152 431
56 4 431
109 148 431
30 125 431
174 71 431
161 62 431
126 149 431
62 25 431
52 18 431
52 18 421
73 32 431
66 11 431
148 66 431
136 82 431
135 69 431
172 151 431
172 138 431
153 146 431
0 166 431
11 159 431
11 159 421
163 141 431
41 133 431
29 139 431
1 21 431
15 13 431
0 180 431
13 28 431
13 28 421
16 0 431
17 131 431
17 131 421
69 0 431
39 148 431
39 148 421
42 117 431
7 187 431
29 6 431
76 18 431
43 0 431
52 126 431
20 181 431
161 76 431
20 194 431
52 110 431
122 74 431
62 119 431
140 139 431
7 199 431
0 193 431
125 134 431
135 57 431
62 101 431
72 109 431
164 154 431
149 79 431
149 79 421
33 189 431
33 199 431
33 199 421
34 176 431
34 176 421
71 92 431
83 99 431
154 159 431
154 159 421
109 130 431
109 130 421
174 85 431
181 135 431
0 152 431
0 152 421
122 61 431
122 61 421
186 79 431
79 4 431
83 82 431
83 82 421
83 117 431
72 127 431
72 127 421
185 93 431
152 132 431
71 45 431
95 106 431
14 145 431
14 145 421
139 124 431
139 124 421
162 127 431
173 98 431
173 98 421
198 86 431
198 86 421
45 184 431
57 192 431
57 179 431
69 187 431
172 125 431
69 174 431
109 96 431
58 53 431
109 112 431
70 60 431
70 60 421
82 180 431
81 167 431
89 11 431
95 158 431
95 158 421
86 25 431
84 38 431
97 32 431
99 19 431
91 0 431
91 0 421
47 47 431
47 62 431
47 62 421
110 27 431
109 40 431
96 45 431
82 52 431
82 52 421
122 35 431
135 44 431
173 71 263
172 71 248
171 71 236
170 71 226
169 71 218
168 71 213
167 71 210
166 71 209
165 71 210
164 71 214
164 70 215
163 70 218
163 69 220
162 69 222
161 69 225
161 68 226
160 68 228
160 67 230
159 67 231
158 67 234
158 66 234
157 66 235
156 66 236
155 66 238
154 66 240
153 66 242
152 66 244
151 66 245
150 66 246
149 66 246
147 66 245
146 66 244
145 66 242
144 66 241
143 66 240
142 66 239
141 66 239
141 66 482
140 66 241
140 66 482
139 66 243
139 66 482
139 67 246
139 67 482
138 67 249
138 67 482
138 68 249
138 68 482
138 69 250
137 69 248
136 69 249
135 70 244
135 71 237
135 72 231
134 72 227
134 73 220
134 74 215
133 74 207
133 75 202
132 75 195
132 76 190
131 76 184
131 77 180
130 77 175
130 78 172
129 78 169
129 79 169
128 79 167
128 80 169
127 80 170
127 81 174
126 81 177
125 81 184
125 82 188
124 82 197
124 83 203
123 83 213
123 84 221
122 84 231
122 85 240
122 86 252
109 111 335
109 110 317
109 109 301
109 108 288
109 107 277
109 106 269
109 105 264
109 104 261
109 103 261
109 102 264
109 101 269
109 100 277
109 99 287
109 98 298
109 97 312
110 96 324
111 96 323
112 96 324
113 96 329
113 95 333
114 95 337
114 94 339
115 94 342
115 93 341
115 92 341
116 92 339
116 91 336
117 91 332
117 90 327
118 90 322
118 89 314
118 88 308
119 88 298
119 87 291
120 87 280
121 87 272
108 109 287
107 109 275
106 109 266
105 109 259
104 109 255
103 109 253
102 109 252
101 109 252
100 109 253
99 109 254
98 109 256
97 109 257
96 109 257
95 109 257
94 109 257
93 109 255
92 109 253
91 109 250
90 109 246
89 109 241
88 109 237
87 109 231
86 109 226
85 109 221
84 109 216
83 109 211
82 109 207
81 109 203
80 109 200
79 109 198
78 109 196
77 109 194
76 109 194
75 109 193
74 109 193
73 109 193
71 109 194
70 109 195
69 109 195
68 109 196
67 109 198
66 109 199
65 109 201
64 109 203
64 110 205
63 110 206
62 110 208
62 111 208
61 111 208
61 112 207
60 112 206
59 112 206
59 113 204
58 113 202
58 114 200
57 114 198
57 115 196
56 115 193
55 115 192
55 116 188
54 116 187
54 117 185
53 117 182
53 118 181
52 118 179
51 118 178
51 119 176
50 119 175
50 120 174
49 120 172
48 120 172
48 121 171
47 121 170
47 122 170
46 122 168
45 122 167
45 123 166
44 123 164
44 124 164
43 124 161
42 124 160
42 125 158
41 125 156
40 125 156
39 125 158
38 125 162
37 125 168
36 125 177
35 125 189
34 125 202
33 125 219
32 125 238
31 125 260
30 126 259
30 127 237
30 128 219
30 129 206
30 130 198
30 131 196
30 132 198
30 133 206
30 134 219
29 134 237
29 135 254
29 136 276
29 137 303
29 138 335
28 139 387
28 139 482
27 139 407
27 139 482
26 139 430
26 139 482
25 139 458
25 139 482
24 139 488
24 139 482
24 140 520
24 140 482
23 140 551
23 140 482
23 141 583
23 141 482
23 141 482
22 141 614
22 141 482
22 141 482
22 142 646
22 142 482
22 142 482
21 142 676
21 142 482
21 142 482
21 143 706
21 143 482
21 143 482
20 143 734
20 143 482
20 143 482
19 143 762
19 143 482
19 143 482
19 144 786
19 144 482
19 144 482
19 144 482
18 144 810
18 144 482
18 144 482
18 144 482
18 145 830
18 145 482
18 145 482
18 145 482
18 145 482
17 145 849
17 145 482
17 145 482
17 145 482
17 145 482
17 146 864
17 146 482
17 146 482
17 146 482
17 146 482
16 146 878
16 146 482
16 146 482
16 146 482
16 146 482
16 146 482
16 147 888
16 147 482
16 147 482
16 147 482
16 147 482
16 147 482
15 147 896
15 147 482
15 147 482
15 147 482
15 147 482
15 147 482
15 148 900
15 148 482
15 148 482
15 148 482
15 148 482
15 148 482
15 149 902
15 149 482
15 149 482
15 149 482
15 149 482
15 149 482
14 149 900
14 149 482
14 149 482
14 149 482
14 149 482
14 149 482
14 150 896
14 150 482
14 150 482
14 150 482
14 150 482
14 150 482
13 150 889
13 150 482
13 150 482
13 150 482
13 150 482
13 151 878
13 151 482
13 151 482
13 151 482
13 151 482
13 152 866
13 152 482
13 152 482
13 152 482
12 152 850
12 152 482
12 152 482
12 152 482
12 153 833
12 153 482
12 153 482
11 153 813
11 153 482
11 153 482
11 154 790
11 154 482
11 155 767
11 155 482
11 156 742
11 157 716
11 158 690
10 159 630
9 159 599
9 160 570
8 160 541
8 161 512
8 162 484
8 163 457
8 164 431
8 165 407
8 166 384
8 167 363
8 168 343
8 169 324
8 170 307
8 171 291
8 172 276
109 113 377
109 113 482
109 114 400
109 114 482
109 115 424
109 115 482
109 116 448
109 116 482
109 117 473
109 117 482
109 118 498
109 118 482
109 119 522
109 119 482
109 119 482
109 120 545
109 120 482
109 120 482
109 121 566
109 121 482
109 121 482
109 122 585
109 122 482
109 122 482
109 123 602
109 123 482
109 123 482
109 124 616
109 124 482
109 124 482
109 125 626
109 125 482
109 125 482
109 126 634
109 126 482
109 126 482
109 127 638
109 127 482
109 127 482
109 128 638
109 128 482
109 129 635
109 129 482
109 131 619
109 132 606
109 133 591
109 134 573
109 135 553
109 136 532
109 137 510
109 138 488
109 139 466
109 140 446
109 141 427
109 142 410
109 143 396
109 144 385
109 145 377
109 146 374
109 147 375
110 148 360
111 148 342
112 148 326
113 148 311
114 148 299
114 147 285
115 147 273
116 147 262
117 147 253
118 147 246
119 147 240
120 147 234
121 147 230
122 147 226
123 147 223
124 147 221
125 147 219
126 147 217
127 147 215
128 147 213
129 147 212
130 147 210
131 147 209
132 147 208
133 147 207
134 147 207
135 147 207
136 147 207
137 147 208
138 147 210
139 147 212
140 147 215
141 147 218
142 147 222
142 148 242
142 149 268
142 150 298
142 151 333
152 146 248
151 146 245
150 146 242
149 146 238
148 146 233
147 146 229
146 146 224
145 146 219
144 146 215
143 146 210
142 146 207
154 146 251
155 146 252
156 146 251
157 146 249
158 146 246
159 146 242
160 146 237
161 146 231
162 146 225
163 146 218
164 146 211
165 146 203
166 146 196
167 146 189
168 146 182
169 146 177
170 146 173
171 146 170
172 146 170
173 146 171
174 146 176
175 146 183
176 146 193
176 147 205
177 147 219
178 147 236
179 147 257
180 147 282
181 147 310
148 65 234
148 64 224
148 63 217
148 62 212
148 61 210
148 60 211
148 59 214
148 58 220
148 57 230
148 56 242
148 55 257
148 54 275
135 45 312
135 46 301
135 47 293
135 48 287
136 48 280
136 49 274
137 49 267
137 50 261
138 50 255
138 51 248
138 52 242
139 52 236
139 53 230
140 53 225
141 53 223
142 53 225
143 53 230
144 53 238
145 53 249
146 53 262
147 53 278
134 44 322
133 44 322
132 44 324
131 44 329
131 43 332
130 43 334
130 42 337
129 42 338
128 42 340
128 41 340
127 41 339
127 40 339
126 40 337
125 40 335
125 39 333
124 39 328
123 39 324
122 39 321
122 38 315
122 37 314
122 36 318
121 35 313
120 35 301
119 35 289
118 35 278
117 35 267
116 35 256
115 35 246
114 35 236
113 35 227
112 35 218
111 35 210
110 35 202
109 35 195
108 35 189
107 35 183
106 35 178
105 35 174
104 35 171
104 34 169
103 34 167
102 34 166
101 34 166
101 33 167
100 33 168
100 32 170
99 32 172
98 32 175
96 32 184
95 32 190
94 32 196
93 32 203
92 32 210
91 32 218
90 32 225
89 32 232
88 32 239
87 32 245
86 32 250
85 32 255
84 32 259
83 32 261
82 32 263
81 32 263
80 32 262
79 32 260
78 32 257
77 32 253
76 32 249
75 32 245
74 32 240
73 31 237
73 30 239
73 29 240
73 28 241
73 27 243
73 26 243
73 25 243
73 24 242
73 23 240
73 22 238
73 21 234
73 20 229
73 19 223
73 18 217
73 17 210
73 16 202
73 15 195
73 14 188
73 13 182
73 12 176
73 11 173
73 10 171
73 9 172
72 9 172
71 9 174
71 8 176
70 8 178
70 7 181
69 7 185
69 6 190
68 6 194
67 6 200
67 5 206
66 5 212
65 5 219
65 4 226
64 4 234
63 4 242
62 4 252
61 4 262
60 4 273
59 4 284
58 4 295
57 4 306
55 4 327
54 4 337
53 4 346
52 4 354
51 4 360
50 4 366
49 4 371
48 4 374
47 4 377
46 4 378
45 4 378
44 4 377
43 4 376
43 4 482
42 4 373
42 4 482
41 4 370
41 4 482
40 4 366
40 4 482
39 4 361
39 4 482
38 4 356
38 4 482
37 4 351
37 4 482
36 4 345
36 4 482
35 4 338
35 4 482
34 4 332
34 4 482
33 4 325
33 4 482
32 4 318
31 4 310
30 4 303
29 4 295
29 5 303
28 6 307
27 6 296
26 6 285
25 6 274
24 6 262
23 6 251
22 6 240
21 6 230
20 6 219
19 6 210
18 6 201
17 6 193
16 6 186
15 6 180
15 7 175
14 7 169
13 7 164
12 7 162
11 7 163
10 7 166
9 7 171
8 7 181
7 7 193
6 7 209
5 7 228
4 7 251
3 7 278
72 32 233
71 32 230
71 33 228
70 33 226
70 34 223
69 34 221
69 35 218
69 36 216
68 36 212
68 37 209
67 37 206
67 38 202
66 38 199
66 39 195
65 39 191
64 39 189
63 39 190
62 39 192
61 39 198
