174 186 13
174 186 3
22 35 13
22 35 3
22 35 3
181 94 13
181 94 3
181 94 3
181 94 3
181 94 3
181 94 3
130 194 13
109 152 13
109 152 3
109 152 3
109 152 3
109 152 3
109 152 3
109 152 3
109 152 3
109 152 3
109 152 3
109 152 3
109 152 3
109 152 3
109 152 3
109 152 3
109 152 3
109 152 3
109 152 3
109 152 3
53 73 13
53 73 3
148 115 13
148 115 3
101 56 13
101 56 3
101 56 3
101 56 3
165 98 13
165 98 3
165 98 3
165 98 3
165 98 3
165 98 3
165 98 3
165 98 3
165 98 3
165 98 3
165 98 3
165 98 3
165 98 3
165 98 3
165 98 3
165 98 3
165 98 3
165 98 3
165 98 3
165 98 3
165 98 3
165 98 3
165 98 3
165 98 3
165 98 3
165 98 3
165 98 3
165 98 3
165 98 3
165 98 3
165 98 3
165 98 3
165 98 3
165 98 3
165 98 3
165 98 3
165 98 3
165 98 3
165 98 3
165 98 3
165 98 3
165 98 3
165 98 3
165 98 3
165 98 3
165 98 3
165 98 3
165 98 3
163 110 13
179 105 13
163 180 13
163 180 3
163 180 3
163 180 3
163 180 3
163 180 3
163 180 3
163 180 3
163 180 3
163 180 3
163 180 3
163 180 3
163 180 3
163 180 3
163 180 3
163 180 3
163 180 3
163 180 3
163 180 3
163 180 3
163 180 3
163 180 3
163 180 3
163 180 3
163 180 3
163 180 3
163 180 3
163 180 3
163 180 3
163 180 3
163 180 3
163 180 3
163 180 3
163 180 3
163 180 3
163 180 3
163 180 3
163 180 3
163 180 3
163 180 3
163 180 3
163 180 3
163 180 3
163 180 3
163 180 3
163 180 3
163 180 3
163 180 3
163 180 3
163 180 3
163 180 3
163 180 3
163 180 3
163 180 3
163 180 3
163 180 3
163 180 3
163 180 3
163 180 3
163 180 3
163 180 3
163 180 3
163 180 3
163 180 3
163 180 3
163 180 3
163 180 3
163 180 3
163 180 3
163 180 3
163 180 3
163 180 3
163 180 3
163 180 3
163 180 3
163 180 3
163 180 3
163 180 3
163 180 3
163 180 3
163 180 3
163 180 3
163 180 3
163 180 3
163 180 3
163 180 3
163 180 3
163 180 3
163 180 3
163 180 3
163 180 3
163 180 3
163 180 3
163 180 3
163 180 3
163 180 3
163 180 3
185 178 13
186 194 13
186 194 3
24 47 13
24 47 3
24 47 3
24 47 3
24 47 3
24 47 3
24 47 3
24 47 3
36 41 13
142 199 13
141 184 13
141 184 3
141 184 3
141 184 3
141 184 3
141 184 3
141 184 3
141 184 3
141 184 3
141 184 3
141 184 3
141 184 3
141 184 3
141 184 3
141 184 3
141 184 3
141 184 3
141 184 3
141 184 3
141 184 3
141 184 3
141 184 3
141 184 3
141 184 3
141 184 3
141 184 3
141 184 3
141 184 3
141 184 3
141 184 3
141 184 3
38 53 13
52 60 13
52 60 3
52 60 3
52 60 3
52 60 3
52 60 3
52 60 3
52 60 3
52 60 3
52 60 3
52 60 3
52 60 3
52 60 3
52 60 3
52 60 3
52 60 3
52 60 3
52 60 3
52 60 3
52 60 3
52 60 3
52 60 3
52 60 3
52 60 3
52 60 3
52 60 3
52 60 3
52 60 3
39 66 13
99 162 13
99 162 3
99 162 3
99 162 3
99 162 3
99 162 3
99 162 3
99 162 3
99 162 3
99 162 3
99 162 3
99 162 3
99 162 3
99 162 3
99 162 3
99 162 3
99 162 3
99 162 3
99 162 3
99 162 3
99 162 3
99 162 3
99 162 3
99 162 3
99 162 3
99 162 3
99 162 3
99 162 3
99 162 3
99 162 3
99 162 3
99 162 3
99 162 3
99 162 3
99 162 3
99 162 3
99 162 3
99 162 3
99 162 3
99 162 3
99 162 3
99 162 3
99 162 3
99 162 3
99 162 3
99 162 3
99 162 3
99 162 3
99 162 3
99 162 3
99 162 3
99 162 3
99 162 3
99 162 3
99 162 3
99 162 3
99 162 3
99 162 3
99 162 3
99 162 3
99 162 3
99 162 3
99 162 3
99 162 3
99 162 3
99 162 3
99 162 3
99 162 3
99 162 3
99 162 3
99 162 3
99 162 3
99 162 3
99 162 3
99 162 3
99 162 3
99 162 3
99 162 3
99 162 3
99 162 3
99 162 3
99 162 3
99 162 3
99 162 3
99 162 3
99 162 3
99 162 3
99 162 3
99 162 3
99 162 3
99 162 3
99 162 3
99 162 3
99 162 3
99 162 3
99 162 3
99 162 3
99 162 3
99 162 3
99 162 3
99 162 3
99 162 3
99 162 3
99 162 3
99 162 3
99 162 3
99 162 3
99 162 3
99 162 3
99 162 3
99 162 3
99 162 3
99 162 3
99 162 3
99 162 3
99 162 3
99 162 3
99 162 3
99 162 3
99 162 3
99 162 3
99 162 3
99 162 3
99 162 3
99 162 3
99 162 3
99 162 3
99 162 3
99 162 3
99 162 3
99 162 3
99 162 3
99 162 3
99 162 3
99 162 3
99 162 3
99 162 3
99 162 3
99 162 3
99 162 3
99 162 3
121 143 13
108 136 13
108 136 3
108 136 3
108 136 3
108 136 3
108 136 3
108 136 3
108 136 3
108 136 3
108 136 3
108 136 3
108 136 3
108 136 3
108 136 3
108 136 3
108 136 3
108 136 3
108 136 3
108 136 3
108 136 3
108 136 3
108 136 3
108 136 3
108 136 3
108 136 3
108 136 3
108 136 3
108 136 3
108 136 3
108 136 3
108 136 3
108 136 3
108 136 3
108 136 3
108 136 3
108 136 3
108 136 3
108 136 3
108 136 3
108 136 3
108 136 3
108 136 3
108 136 3
108 136 3
108 136 3
108 136 3
108 136 3
108 136 3
108 136 3
108 136 3
108 136 3
108 136 3
108 136 3
108 136 3
108 136 3
108 136 3
108 136 3
108 136 3
108 136 3
108 136 3
108 136 3
108 136 3
108 136 3
108 136 3
108 136 3
108 136 3
108 136 3
108 136 3
108 136 3
108 136 3
108 136 3
108 136 3
108 136 3
108 136 3
108 136 3
108 136 3
108 136 3
108 136 3
108 136 3
108 136 3
108 136 3
108 136 3
108 136 3
108 136 3
108 136 3
108 136 3
108 136 3
108 136 3
108 136 3
108 136 3
108 136 3
108 136 3
108 136 3
108 136 3
108 136 3
108 136 3
108 136 3
124 160 13
127 177 13
127 177 3
127 177 3
127 177 3
127 177 3
127 177 3
127 177 3
127 177 3
127 177 3
127 177 3
127 177 3
127 177 3
127 177 3
127 177 3
127 177 3
127 177 3
127 177 3
127 177 3
127 177 3
127 177 3
127 177 3
127 177 3
127 177 3
127 177 3
127 177 3
127 177 3
127 177 3
127 177 3
127 177 3
127 177 3
127 177 3
127 177 3
127 177 3
127 177 3
127 177 3
127 177 3
127 177 3
127 177 3
127 177 3
127 177 3
127 177 3
127 177 3
127 177 3
127 177 3
127 177 3
127 177 3
127 177 3
127 177 3
127 177 3
127 177 3
127 177 3
127 177 3
127 177 3
127 177 3
127 177 3
127 177 3
127 177 3
127 177 3
127 177 3
127 177 3
127 177 3
127 177 3
127 177 3
127 177 3
127 177 3
127 177 3
127 177 3
127 177 3
127 177 3
127 177 3
127 177 3
127 177 3
127 177 3
127 177 3
127 177 3
127 177 3
127 177 3
127 177 3
127 177 3
127 177 3
127 177 3
127 177 3
127 177 3
127 177 3
127 177 3
127 177 3
135 151 13
135 151 3
135 151 3
135 151 3
135 151 3
135 151 3
135 151 3
197 186 13
197 186 3
197 186 3
197 186 3
197 186 3
197 186 3
197 186 3
197 186 3
197 186 3
197 186 3
197 186 3
197 186 3
197 186 3
197 186 3
197 186 3
197 186 3
197 186 3
197 186 3
197 186 3
197 186 3
197 186 3
197 186 3
197 186 3
197 186 3
197 186 3
197 186 3
197 186 3
197 186 3
197 186 3
197 186 3
197 186 3
197 186 3
197 186 3
197 186 3
197 186 3
197 186 3
197 186 3
197 186 3
197 186 3
197 186 3
197 186 3
197 186 3
197 186 3
197 186 3
197 186 3
197 186 3
197 186 3
197 186 3
197 186 3
197 186 3
197 186 3
197 186 3
197 186 3
197 186 3
197 186 3
197 186 3
197 186 3
197 186 3
197 186 3
197 186 3
197 186 3
197 186 3
197 186 3
197 186 3
197 186 3
197 186 3
197 186 3
197 186 3
197 186 3
197 186 3
197 186 3
197 186 3
197 186 3
197 186 3
197 186 3
197 186 3
197 186 3
197 186 3
153 191 13
164 196 13
164 196 3
164 196 3
164 196 3
164 196 3
164 196 3
164 196 3
164 196 3
164 196 3
164 196 3
164 196 3
164 196 3
164 196 3
164 196 3
164 196 3
164 196 3
164 196 3
164 196 3
164 196 3
164 196 3
164 196 3
164 196 3
164 196 3
164 196 3
164 196 3
164 196 3
164 196 3
164 196 3
164 196 3
164 196 3
164 196 3
164 196 3
164 196 3
164 196 3
164 196 3
164 196 3
164 196 3
164 196 3
133 135 13
133 135 3
133 135 3
133 135 3
133 135 3
133 135 3
133 135 3
133 135 3
133 135 3
133 135 3
133 135 3
133 135 3
133 135 3
133 135 3
133 135 3
133 135 3
133 135 3
133 135 3
133 135 3
133 135 3
133 135 3
133 135 3
133 135 3
133 135 3
133 135 3
133 135 3
133 135 3
133 135 3
133 135 3
133 135 3
133 135 3
133 135 3
133 135 3
133 135 3
133 135 3
133 135 3
133 135 3
133 135 3
133 135 3
133 135 3
133 135 3
133 135 3
133 135 3
133 135 3
133 135 3
133 135 3
133 135 3
133 135 3
133 135 3
133 135 3
133 135 3
133 135 3
133 135 3
133 135 3
133 135 3
133 135 3
133 135 3
133 135 3
133 135 3
133 135 3
133 135 3
133 135 3
133 135 3
133 135 3
133 135 3
133 135 3
133 135 3
133 135 3
133 135 3
133 135 3
133 135 3
133 135 3
133 135 3
133 135 3
133 135 3
133 135 3
133 135 3
133 135 3
133 135 3
133 135 3
133 135 3
133 135 3
133 135 3
133 135 3
133 135 3
133 135 3
133 135 3
133 135 3
133 135 3
133 135 3
133 135 3
133 135 3
133 135 3
133 135 3
133 135 3
133 135 3
133 135 3
133 135 3
133 135 3
133 135 3
133 135 3
133 135 3
133 135 3
133 135 3
133 135 3
133 135 3
133 135 3
133 135 3
133 135 3
118 199 13
116 187 13
116 187 3
116 187 3
103 195 13
197 172 13
198 158 13
198 158 3
198 158 3
185 164 13
185 164 3
185 164 3
185 164 3
185 164 3
186 150 13
186 150 3
186 150 3
186 150 3
186 150 3
186 150 3
186 150 3
186 150 3
186 150 3
186 150 3
186 150 3
186 150 3
186 150 3
186 150 3
186 150 3
186 150 3
186 150 3
186 150 3
186 150 3
186 150 3
186 150 3
186 150 3
186 150 3
186 150 3
186 150 3
186 150 3
186 150 3
186 150 3
186 150 3
186 150 3
186 150 3
186 150 3
186 150 3
186 150 3
186 150 3
186 150 3
186 150 3
186 150 3
186 150 3
186 150 3
186 150 3
186 150 3
186 150 3
186 150 3
186 150 3
186 150 3
186 150 3
186 150 3
186 150 3
186 150 3
186 150 3
186 150 3
186 150 3
186 150 3
186 150 3
186 150 3
186 150 3
186 150 3
186 150 3
186 150 3
186 150 3
186 150 3
186 150 3
186 150 3
186 150 3
186 150 3
186 150 3
186 150 3
186 150 3
186 150 3
186 150 3
186 150 3
186 150 3
186 150 3
186 150 3
186 150 3
186 150 3
186 150 3
186 150 3
186 150 3
186 150 3
186 150 3
186 150 3
186 150 3
186 150 3
186 150 3
186 150 3
186 150 3
186 150 3
186 150 3
186 150 3
186 150 3
186 150 3
186 150 3
186 150 3
186 150 3
186 150 3
186 150 3
186 150 3
186 150 3
186 150 3
149 158 13
149 158 3
149 158 3
149 158 3
149 158 3
149 158 3
149 158 3
149 158 3
149 158 3
149 158 3
149 158 3
149 158 3
149 158 3
149 158 3
149 158 3
149 158 3
149 158 3
149 158 3
149 158 3
149 158 3
149 158 3
149 158 3
149 158 3
149 158 3
149 158 3
149 158 3
149 158 3
149 158 3
149 158 3
149 158 3
149 158 3
149 158 3
149 158 3
149 158 3
149 158 3
149 158 3
149 158 3
149 158 3
149 158 3
149 158 3
149 158 3
149 158 3
149 158 3
149 158 3
149 158 3
149 158 3
149 158 3
149 158 3
149 158 3
149 158 3
149 158 3
149 158 3
149 158 3
149 158 3
149 158 3
149 158 3
149 158 3
149 158 3
149 158 3
149 158 3
149 158 3
149 158 3
149 158 3
149 158 3
149 158 3
149 158 3
149 158 3
149 158 3
149 158 3
149 158 3
149 158 3
149 158 3
149 158 3
149 158 3
149 158 3
149 158 3
149 158 3
149 158 3
149 158 3
149 158 3
149 158 3
149 158 3
149 158 3
149 158 3
149 158 3
149 158 3
149 158 3
149 158 3
149 158 3
149 158 3
149 158 3
149 158 3
149 158 3
149 158 3
149 158 3
149 158 3
149 158 3
149 158 3
149 158 3
149 158 3
149 158 3
149 158 3
149 158 3
149 158 3
149 158 3
149 158 3
149 158 3
149 158 3
149 158 3
149 158 3
149 158 3
149 158 3
149 158 3
149 158 3
149 158 3
149 158 3
149 158 3
149 158 3
149 158 3
149 158 3
149 158 3
149 158 3
149 158 3
149 158 3
149 158 3
149 158 3
149 158 3
149 158 3
149 158 3
149 158 3
149 158 3
149 158 3
149 158 3
149 158 3
149 158 3
149 158 3
149 158 3
149 158 3
149 158 3
149 158 3
149 158 3
149 158 3
149 158 3
149 158 3
149 158 3
149 158 3
149 158 3
149 158 3
149 158 3
149 158 3
149 158 3
149 158 3
149 158 3
149 158 3
149 158 3
149 158 3
149 158 3
149 158 3
149 158 3
149 158 3
149 158 3
149 158 3
149 158 3
149 158 3
149 158 3
149 158 3
149 158 3
149 158 3
149 158 3
149 158 3
149 158 3
149 158 3
149 158 3
149 158 3
149 158 3
149 158 3
149 158 3
149 158 3
149 158 3
149 158 3
149 158 3
149 158 3
149 158 3
149 158 3
149 158 3
149 158 3
149 158 3
149 158 3
149 158 3
149 158 3
149 158 3
149 158 3
149 158 3
149 158 3
149 158 3
149 158 3
149 158 3
149 158 3
149 158 3
149 158 3
149 158 3
149 158 3
149 158 3
149 158 3
149 158 3
149 158 3
149 158 3
149 158 3
149 158 3
149 158 3
149 158 3
149 158 3
149 158 3
149 158 3
149 158 3
149 158 3
149 158 3
149 158 3
149 158 3
96 145 13
84 138 13
73 146 13
73 146 3
73 146 3
73 146 3
73 146 3
73 146 3
73 146 3
85 154 13
85 154 3
85 154 3
85 154 3
85 154 3
85 154 3
85 154 3
85 154 3
85 154 3
85 154 3
85 154 3
85 154 3
85 154 3
85 154 3
90 199 13
90 199 3
90 199 3
90 199 3
90 199 3
90 199 3
90 199 3
90 199 3
90 199 3
90 199 3
90 199 3
90 199 3
90 199 3
90 199 3
90 199 3
90 199 3
90 199 3
90 199 3
90 199 3
90 199 3
90 199 3
90 199 3
90 199 3
90 199 3
90 199 3
90 199 3
90 199 3
90 199 3
90 199 3
90 199 3
90 199 3
90 199 3
90 199 3
90 199 3
90 199 3
90 199 3
90 199 3
90 199 3
90 199 3
90 199 3
90 199 3
90 199 3
90 199 3
90 199 3
90 199 3
90 199 3
90 199 3
90 199 3
90 199 3
90 199 3
90 199 3
90 199 3
90 199 3
90 199 3
90 199 3
90 199 3
90 199 3
90 199 3
90 199 3
90 199 3
90 199 3
90 199 3
90 199 3
90 199 3
90 199 3
90 199 3
90 199 3
90 199 3
90 199 3
90 199 3
90 199 3
90 199 3
90 199 3
90 199 3
90 199 3
90 199 3
90 199 3
90 199 3
90 199 3
90 199 3
90 199 3
90 199 3
90 199 3
90 199 3
90 199 3
90 199 3
90 199 3
90 199 3
90 199 3
90 199 3
90 199 3
90 199 3
90 199 3
90 199 3
90 199 3
90 199 3
90 199 3
90 199 3
90 199 3
90 199 3
90 199 3
90 199 3
90 199 3
90 199 3
90 199 3
90 199 3
90 199 3
90 199 3
90 199 3
90 199 3
90 199 3
90 199 3
90 199 3
149 103 13
149 103 3
149 103 3
149 103 3
149 103 3
149 103 3
149 103 3
149 103 3
149 103 3
149 103 3
149 103 3
149 103 3
149 103 3
149 103 3
149 103 3
149 103 3
149 103 3
149 103 3
149 103 3
149 103 3
149 103 3
149 103 3
149 103 3
149 103 3
149 103 3
149 103 3
149 103 3
149 103 3
149 103 3
149 103 3
149 103 3
149 103 3
149 103 3
149 103 3
149 103 3
149 103 3
149 103 3
149 103 3
149 103 3
149 103 3
149 103 3
149 103 3
149 103 3
149 103 3
149 103 3
149 103 3
149 103 3
149 103 3
149 103 3
149 103 3
149 103 3
149 103 3
149 103 3
149 103 3
149 103 3
149 103 3
149 103 3
149 103 3
149 103 3
74 162 13
74 162 3
74 162 3
74 162 3
74 162 3
74 162 3
74 162 3
74 162 3
74 162 3
74 162 3
74 162 3
74 162 3
74 162 3
74 162 3
74 162 3
74 162 3
74 162 3
74 162 3
74 162 3
74 162 3
74 162 3
74 162 3
74 162 3
74 162 3
74 162 3
74 162 3
74 162 3
74 162 3
74 162 3
74 162 3
74 162 3
74 162 3
74 162 3
74 162 3
74 162 3
74 162 3
74 162 3
74 162 3
74 162 3
74 162 3
74 162 3
74 162 3
74 162 3
74 162 3
74 162 3
74 162 3
74 162 3
74 162 3
74 162 3
74 162 3
74 162 3
74 162 3
74 162 3
74 162 3
74 162 3
74 162 3
74 162 3
74 162 3
74 162 3
74 162 3
74 162 3
74 162 3
74 162 3
74 162 3
74 162 3
74 162 3
74 162 3
74 162 3
74 162 3
74 162 3
74 162 3
74 162 3
74 162 3
74 162 3
74 162 3
74 162 3
74 162 3
74 162 3
74 162 3
74 162 3
74 162 3
74 162 3
74 162 3
74 162 3
74 162 3
74 162 3
74 162 3
74 162 3
74 162 3
74 162 3
74 162 3
74 162 3
74 162 3
74 162 3
74 162 3
74 162 3
74 162 3
74 162 3
74 162 3
74 162 3
74 162 3
74 162 3
74 162 3
74 162 3
74 162 3
74 162 3
74 162 3
74 162 3
74 162 3
74 162 3
74 162 3
74 162 3
74 162 3
74 162 3
74 162 3
74 162 3
74 162 3
74 162 3
74 162 3
74 162 3
74 162 3
74 162 3
74 162 3
74 162 3
74 162 3
74 162 3
74 162 3
74 162 3
74 162 3
74 162 3
74 162 3
74 162 3
74 162 3
74 162 3
74 162 3
74 162 3
74 162 3
74 162 3
74 162 3
74 162 3
74 162 3
74 162 3
74 162 3
74 162 3
74 162 3
74 162 3
74 162 3
74 162 3
74 162 3
74 162 3
74 162 3
74 162 3
74 162 3
74 162 3
74 162 3
74 162 3
74 162 3
74 162 3
74 162 3
73 131 13
73 131 3
73 131 3
73 131 3
73 131 3
73 131 3
73 131 3
73 131 3
73 131 3
61 139 13
61 139 3
61 139 3
61 139 3
62 123 13
62 123 3
62 123 3
62 123 3
62 123 3
62 123 3
62 123 3
62 123 3
62 123 3
62 123 3
62 123 3
62 123 3
62 123 3
62 123 3
62 123 3
62 123 3
62 123 3
62 123 3
62 123 3
62 123 3
62 123 3
62 123 3
62 123 3
62 123 3
62 123 3
62 123 3
62 123 3
62 123 3
62 123 3
62 123 3
62 123 3
62 123 3
62 123 3
62 123 3
62 123 3
62 123 3
62 123 3
62 123 3
62 123 3
62 123 3
62 123 3
62 123 3
62 123 3
62 123 3
62 123 3
62 123 3
62 123 3
62 123 3
62 123 3
62 123 3
62 123 3
62 123 3
62 123 3
62 123 3
62 123 3
62 123 3
62 123 3
62 123 3
62 123 3
62 123 3
62 123 3
62 123 3
62 123 3
62 123 3
62 123 3
62 123 3
62 123 3
62 123 3
62 123 3
62 123 3
62 123 3
62 123 3
62 123 3
62 123 3
62 123 3
62 123 3
62 123 3
62 123 3
62 123 3
62 123 3
62 123 3
62 123 3
62 123 3
62 123 3
62 123 3
62 123 3
62 123 3
62 123 3
62 123 3
62 123 3
62 123 3
62 123 3
62 123 3
62 123 3
62 123 3
62 123 3
62 123 3
62 123 3
62 123 3
62 123 3
62 123 3
62 123 3
62 123 3
62 123 3
62 123 3
62 123 3
62 123 3
62 123 3
62 123 3
62 123 3
62 123 3
62 123 3
62 123 3
40 79 13
89 186 13
89 186 3
89 186 3
89 186 3
89 186 3
89 186 3
89 186 3
89 186 3
89 186 3
89 186 3
89 186 3
89 186 3
89 186 3
89 186 3
89 186 3
76 193 13
76 193 3
76 193 3
76 193 3
76 193 3
76 193 3
76 193 3
76 193 3
76 193 3
76 193 3
76 193 3
76 193 3
76 193 3
76 193 3
76 193 3
76 193 3
76 193 3
76 193 3
76 193 3
76 193 3
76 193 3
76 193 3
76 193 3
76 193 3
76 193 3
76 193 3
76 193 3
76 193 3
76 193 3
76 193 3
76 193 3
76 193 3
76 193 3
76 193 3
76 193 3
76 193 3
76 193 3
76 193 3
76 193 3
76 193 3
76 193 3
76 193 3
76 193 3
76 193 3
76 193 3
76 193 3
76 193 3
76 193 3
76 193 3
76 193 3
76 193 3
76 193 3
76 193 3
76 193 3
76 193 3
76 193 3
76 193 3
76 193 3
76 193 3
76 193 3
76 193 3
76 193 3
76 193 3
76 193 3
76 193 3
76 193 3
76 193 3
76 193 3
76 193 3
76 193 3
76 193 3
76 193 3
76 193 3
76 193 3
76 193 3
76 193 3
76 193 3
76 193 3
76 193 3
76 193 3
76 193 3
76 193 3
76 193 3
76 193 3
76 193 3
76 193 3
76 193 3
76 193 3
76 193 3
76 193 3
76 193 3
76 193 3
76 193 3
76 193 3
76 193 3
76 193 3
76 193 3
76 193 3
76 193 3
76 193 3
76 193 3
76 193 3
76 193 3
76 193 3
76 193 3
76 193 3
76 193 3
76 193 3
76 193 3
76 193 3
76 193 3
76 193 3
76 193 3
76 193 3
76 193 3
76 193 3
76 193 3
76 193 3
76 193 3
76 193 3
76 193 3
76 193 3
76 193 3
76 193 3
76 193 3
76 193 3
76 193 3
76 193 3
76 193 3
76 193 3
76 193 3
76 193 3
76 193 3
76 193 3
76 193 3
76 193 3
76 193 3
76 193 3
76 193 3
76 193 3
76 193 3
76 193 3
76 193 3
76 193 3
76 193 3
76 193 3
76 193 3
76 193 3
76 193 3
76 193 3
76 193 3
76 193 3
76 193 3
76 193 3
76 193 3
76 193 3
76 193 3
76 193 3
76 193 3
76 193 3
76 193 3
76 193 3
76 193 3
76 193 3
76 193 3
76 193 3
76 193 3
76 193 3
199 145 13
199 145 3
199 145 3
199 145 3
199 145 3
199 145 3
199 145 3
199 145 3
199 145 3
199 145 3
199 145 3
199 145 3
199 145 3
199 145 3
199 145 3
199 145 3
199 145 3
199 145 3
199 145 3
199 145 3
199 145 3
199 145 3
199 145 3
199 145 3
199 145 3
199 145 3
199 145 3
199 145 3
199 145 3
199 145 3
199 145 3
199 145 3
199 145 3
199 145 3
199 145 3
199 145 3
199 145 3
199 145 3
199 145 3
199 145 3
199 145 3
199 145 3
199 145 3
199 145 3
199 145 3
199 145 3
199 145 3
199 145 3
199 145 3
199 145 3
199 145 3
199 145 3
199 145 3
199 145 3
199 145 3
199 145 3
199 145 3
199 145 3
199 145 3
199 145 3
199 145 3
199 145 3
199 145 3
199 145 3
199 145 3
199 145 3
199 145 3
199 145 3
199 145 3
199 145 3
199 145 3
199 145 3
199 145 3
199 145 3
199 145 3
199 145 3
199 145 3
199 145 3
199 145 3
199 145 3
199 145 3
199 145 3
199 145 3
199 145 3
199 145 3
199 145 3
199 145 3
199 145 3
199 145 3
199 145 3
199 145 3
199 145 3
199 145 3
199 145 3
199 145 3
199 145 3
199 145 3
199 145 3
199 145 3
199 145 3
199 145 3
199 145 3
199 145 3
199 145 3
199 145 3
199 145 3
199 145 3
199 145 3
199 145 3
199 145 3
199 145 3
199 145 3
199 145 3
199 145 3
199 145 3
199 145 3
199 145 3
199 145 3
199 145 3
199 145 3
199 145 3
199 145 3
199 145 3
199 145 3
199 145 3
199 145 3
199 145 3
199 145 3
199 145 3
199 145 3
199 145 3
199 145 3
199 145 3
199 145 3
199 145 3
199 145 3
199 145 3
199 145 3
199 145 3
199 145 3
199 145 3
199 145 3
199 145 3
199 145 3
199 145 3
199 145 3
199 145 3
199 145 3
199 145 3
199 145 3
199 145 3
199 145 3
199 145 3
199 145 3
199 145 3
199 145 3
199 145 3
199 145 3
199 145 3
199 145 3
199 145 3
199 145 3
199 145 3
199 145 3
199 145 3
199 145 3
199 145 3
199 145 3
199 145 3
199 145 3
161 122 13
161 122 3
161 122 3
161 122 3
161 122 3
161 122 3
161 122 3
161 122 3
161 122 3
161 122 3
161 122 3
161 122 3
161 122 3
161 122 3
161 122 3
161 122 3
161 122 3
161 122 3
161 122 3
161 122 3
161 122 3
161 122 3
161 122 3
161 122 3
161 122 3
161 122 3
161 122 3
161 122 3
161 122 3
161 122 3
161 122 3
161 122 3
161 122 3
161 122 3
161 122 3
161 122 3
161 122 3
161 122 3
161 122 3
161 122 3
161 122 3
161 122 3
161 122 3
161 122 3
161 122 3
161 122 3
161 122 3
161 122 3
161 122 3
161 122 3
161 122 3
161 122 3
161 122 3
161 122 3
161 122 3
161 122 3
161 122 3
161 122 3
161 122 3
161 122 3
161 122 3
161 122 3
161 122 3
161 122 3
161 122 3
161 122 3
161 122 3
161 122 3
161 122 3
53 86 13
101 178 13
101 178 3
101 178 3
101 178 3
101 178 3
101 178 3
101 178 3
101 178 3
101 178 3
101 178 3
101 178 3
101 178 3
101 178 3
101 178 3
101 178 3
101 178 3
101 178 3
101 178 3
101 178 3
101 178 3
101 178 3
101 178 3
101 178 3
101 178 3
101 178 3
101 178 3
101 178 3
101 178 3
101 178 3
101 178 3
101 178 3
101 178 3
101 178 3
101 178 3
101 178 3
101 178 3
101 178 3
101 178 3
101 178 3
101 178 3
101 178 3
101 178 3
101 178 3
101 178 3
101 178 3
101 178 3
101 178 3
101 178 3
101 178 3
101 178 3
101 178 3
101 178 3
101 178 3
101 178 3
101 178 3
101 178 3
101 178 3
101 178 3
101 178 3
101 178 3
101 178 3
101 178 3
101 178 3
101 178 3
101 178 3
101 178 3
101 178 3
101 178 3
101 178 3
101 178 3
101 178 3
101 178 3
101 178 3
101 178 3
101 178 3
101 178 3
101 178 3
101 178 3
101 178 3
101 178 3
101 178 3
101 178 3
101 178 3
101 178 3
101 178 3
101 178 3
101 178 3
101 178 3
101 178 3
101 178 3
101 178 3
101 178 3
101 178 3
101 178 3
101 178 3
101 178 3
101 178 3
101 178 3
101 178 3
101 178 3
101 178 3
101 178 3
101 178 3
101 178 3
101 178 3
101 178 3
101 178 3
101 178 3
101 178 3
101 178 3
101 178 3
101 178 3
101 178 3
101 178 3
101 178 3
101 178 3
101 178 3
101 178 3
101 178 3
101 178 3
101 178 3
101 178 3
101 178 3
101 178 3
101 178 3
101 178 3
101 178 3
101 178 3
101 178 3
101 178 3
101 178 3
101 178 3
101 178 3
101 178 3
101 178 3
101 178 3
101 178 3
101 178 3
101 178 3
101 178 3
101 178 3
101 178 3
173 156 13
173 156 3
173 156 3
173 156 3
173 156 3
173 156 3
173 156 3
173 156 3
173 156 3
173 156 3
173 156 3
173 156 3
174 171 13
174 171 3
174 171 3
174 171 3
174 171 3
174 171 3
174 171 3
174 171 3
174 171 3
174 171 3
174 171 3
174 171 3
174 171 3
174 171 3
174 171 3
174 171 3
174 171 3
174 171 3
174 171 3
174 171 3
174 171 3
174 171 3
174 171 3
174 171 3
174 171 3
174 171 3
174 171 3
174 171 3
174 171 3
174 171 3
174 171 3
174 171 3
174 171 3
174 171 3
174 171 3
174 171 3
174 171 3
174 171 3
174 171 3
174 171 3
174 171 3
174 171 3
174 171 3
174 171 3
174 171 3
174 171 3
174 171 3
174 171 3
174 171 3
174 171 3
174 171 3
174 171 3
174 171 3
174 171 3
174 171 3
174 171 3
174 171 3
174 171 3
174 171 3
174 171 3
174 171 3
174 171 3
174 171 3
174 171 3
174 171 3
174 171 3
174 171 3
174 171 3
174 171 3
174 171 3
174 171 3
174 171 3
174 171 3
174 171 3
174 171 3
174 171 3
174 171 3
174 171 3
174 171 3
174 171 3
174 171 3
174 171 3
174 171 3
174 171 3
174 171 3
174 171 3
174 171 3
174 171 3
174 171 3
174 171 3
174 171 3
174 171 3
174 171 3
174 171 3
174 171 3
174 171 3
174 171 3
174 171 3
174 171 3
174 171 3
173 142 13
173 142 3
173 142 3
173 142 3
160 149 13
160 149 3
160 149 3
160 149 3
160 149 3
160 149 3
160 149 3
160 149 3
160 149 3
160 149 3
160 149 3
160 149 3
160 149 3
160 149 3
160 149 3
160 149 3
160 149 3
160 149 3
160 149 3
160 149 3
160 149 3
160 149 3
160 149 3
160 149 3
160 149 3
160 149 3
160 149 3
160 149 3
160 149 3
160 149 3
160 149 3
160 149 3
160 149 3
160 149 3
160 149 3
160 149 3
160 149 3
160 149 3
160 149 3
160 149 3
160 149 3
160 149 3
160 149 3
160 149 3
160 149 3
160 149 3
160 149 3
160 149 3
160 149 3
160 149 3
160 149 3
160 149 3
160 149 3
160 149 3
160 149 3
160 149 3
160 149 3
160 149 3
160 149 3
160 149 3
160 149 3
160 149 3
160 149 3
160 149 3
160 149 3
160 149 3
160 149 3
160 149 3
160 149 3
160 149 3
160 149 3
160 149 3
160 149 3
160 149 3
160 149 3
160 149 3
160 149 3
160 149 3
160 149 3
160 149 3
160 149 3
160 149 3
160 149 3
160 149 3
160 149 3
160 149 3
160 149 3
160 149 3
160 149 3
160 149 3
160 149 3
160 149 3
160 149 3
160 149 3
160 149 3
160 149 3
160 149 3
160 149 3
160 149 3
160 149 3
160 149 3
160 149 3
160 149 3
160 149 3
160 149 3
160 149 3
160 149 3
160 149 3
160 149 3
160 149 3
160 149 3
160 149 3
160 149 3
160 149 3
160 149 3
160 149 3
160 149 3
160 149 3
160 149 3
160 149 3
160 149 3
160 149 3
160 149 3
160 149 3
160 149 3
160 149 3
160 149 3
160 149 3
160 149 3
160 149 3
160 149 3
160 149 3
160 149 3
160 149 3
160 149 3
160 149 3
49 147 13
49 147 3
49 147 3
37 140 13
37 155 13
37 155 3
37 155 3
37 155 3
37 155 3
37 155 3
37 155 3
37 155 3
37 155 3
37 155 3
37 155 3
37 155 3
37 155 3
37 155 3
37 155 3
37 155 3
37 155 3
37 155 3
37 155 3
37 155 3
25 148 13
25 148 3
25 148 3
25 148 3
25 148 3
25 148 3
25 148 3
25 148 3
25 148 3
25 148 3
25 148 3
25 148 3
25 148 3
25 148 3
25 148 3
25 148 3
25 148 3
25 148 3
25 148 3
25 148 3
25 148 3
25 148 3
25 148 3
25 148 3
25 148 3
25 148 3
25 148 3
25 148 3
25 148 3
25 148 3
25 148 3
25 148 3
25 148 3
25 148 3
25 148 3
25 148 3
25 148 3
25 148 3
25 148 3
25 148 3
25 148 3
25 148 3
25 148 3
25 148 3
25 148 3
25 148 3
25 148 3
25 148 3
25 148 3
25 148 3
25 148 3
25 148 3
25 148 3
25 148 3
25 148 3
25 148 3
25 148 3
25 148 3
25 148 3
25 148 3
25 148 3
25 148 3
25 148 3
25 148 3
25 148 3
25 148 3
25 148 3
25 148 3
25 148 3
25 148 3
25 148 3
25 148 3
25 148 3
25 148 3
25 148 3
25 148 3
25 148 3
25 148 3
25 148 3
25 148 3
25 148 3
25 148 3
25 148 3
25 148 3
25 148 3
25 148 3
25 148 3
25 148 3
25 148 3
25 148 3
25 148 3
25 148 3
25 148 3
25 148 3
25 148 3
25 148 3
25 148 3
25 148 3
25 148 3
25 148 3
25 148 3
25 148 3
25 148 3
25 148 3
25 148 3
25 148 3
25 148 3
89 61 13
89 61 3
89 61 3
89 61 3
89 61 3
89 61 3
89 61 3
89 61 3
89 61 3
89 61 3
89 61 3
89 61 3
89 61 3
89 61 3
89 61 3
89 61 3
89 61 3
89 61 3
89 61 3
89 61 3
89 61 3
89 61 3
89 61 3
89 61 3
89 61 3
89 61 3
89 61 3
89 61 3
89 61 3
89 61 3
89 61 3
89 61 3
89 61 3
89 61 3
89 61 3
89 61 3
89 61 3
89 61 3
89 61 3
89 61 3
89 61 3
89 61 3
89 61 3
89 61 3
89 61 3
89 61 3
89 61 3
89 61 3
89 61 3
89 61 3
89 61 3
89 61 3
89 61 3
89 61 3
89 61 3
89 61 3
89 61 3
89 61 3
89 61 3
89 61 3
89 61 3
89 61 3
89 61 3
89 61 3
89 61 3
89 61 3
89 61 3
89 61 3
89 61 3
89 61 3
89 61 3
89 61 3
89 61 3
89 61 3
89 61 3
89 61 3
89 61 3
89 61 3
89 61 3
89 61 3
89 61 3
89 61 3
89 61 3
89 61 3
89 61 3
89 61 3
175 129 13
175 129 3
175 129 3
175 129 3
175 129 3
175 129 3
175 129 3
175 129 3
175 129 3
175 129 3
175 129 3
175 129 3
175 129 3
175 129 3
175 129 3
175 129 3
175 129 3
175 129 3
175 129 3
175 129 3
175 129 3
175 129 3
175 129 3
177 117 13
138 168 13
138 168 3
138 168 3
138 168 3
138 168 3
138 168 3
138 168 3
138 168 3
138 168 3
138 168 3
138 168 3
138 168 3
138 168 3
138 168 3
138 168 3
138 168 3
138 168 3
138 168 3
138 168 3
138 168 3
138 168 3
138 168 3
138 168 3
138 168 3
138 168 3
138 168 3
138 168 3
138 168 3
138 168 3
138 168 3
138 168 3
138 168 3
138 168 3
138 168 3
138 168 3
138 168 3
138 168 3
138 168 3
138 168 3
138 168 3
138 168 3
138 168 3
138 168 3
138 168 3
138 168 3
138 168 3
138 168 3
138 168 3
138 168 3
138 168 3
138 168 3
138 168 3
138 168 3
138 168 3
138 168 3
138 168 3
138 168 3
138 168 3
138 168 3
138 168 3
138 168 3
138 168 3
138 168 3
138 168 3
138 168 3
138 168 3
138 168 3
138 168 3
138 168 3
138 168 3
138 168 3
138 168 3
138 168 3
138 168 3
138 168 3
138 168 3
138 168 3
138 168 3
138 168 3
138 168 3
138 168 3
138 168 3
138 168 3
138 168 3
138 168 3
138 168 3
138 168 3
138 168 3
138 168 3
138 168 3
138 168 3
138 168 3
138 168 3
138 168 3
138 168 3
138 168 3
138 168 3
138 168 3
138 168 3
138 168 3
138 168 3
138 168 3
138 168 3
138 168 3
138 168 3
138 168 3
138 168 3
138 168 3
138 168 3
138 168 3
138 168 3
138 168 3
138 168 3
138 168 3
138 168 3
138 168 3
138 168 3
138 168 3
138 168 3
138 168 3
138 168 3
138 168 3
138 168 3
138 168 3
138 168 3
138 168 3
138 168 3
138 168 3
138 168 3
138 168 3
138 168 3
138 168 3
138 168 3
138 168 3
138 168 3
138 168 3
138 168 3
138 168 3
138 168 3
138 168 3
138 168 3
138 168 3
138 168 3
138 168 3
138 168 3
138 168 3
138 168 3
138 168 3
138 168 3
138 168 3
138 168 3
138 168 3
138 168 3
138 168 3
138 168 3
138 168 3
138 168 3
138 168 3
138 168 3
138 168 3
138 168 3
138 168 3
138 168 3
138 168 3
138 168 3
138 168 3
138 168 3
138 168 3
138 168 3
138 168 3
138 168 3
138 168 3
138 168 3
138 168 3
138 168 3
138 168 3
138 168 3
138 168 3
138 168 3
138 168 3
138 168 3
138 168 3
138 168 3
138 168 3
138 168 3
138 168 3
138 168 3
138 168 3
138 168 3
138 168 3
138 168 3
138 168 3
138 168 3
138 168 3
138 168 3
138 168 3
138 168 3
138 168 3
138 168 3
138 168 3
138 168 3
138 168 3
138 168 3
138 168 3
138 168 3
87 170 13
87 170 3
87 170 3
87 170 3
87 170 3
87 170 3
87 170 3
87 170 3
87 170 3
87 170 3
87 170 3
50 131 13
38 124 13
39 108 13
39 108 3
39 108 3
39 108 3
39 108 3
39 108 3
39 108 3
39 108 3
39 108 3
39 108 3
39 108 3
39 108 3
39 108 3
39 108 3
39 108 3
39 108 3
39 108 3
39 108 3
39 108 3
39 108 3
39 108 3
39 108 3
39 108 3
39 108 3
39 108 3
39 108 3
39 108 3
39 108 3
39 108 3
39 108 3
39 108 3
39 108 3
39 108 3
39 108 3
39 108 3
39 108 3
39 108 3
39 108 3
39 108 3
39 108 3
39 108 3
39 108 3
39 108 3
39 108 3
39 108 3
39 108 3
39 108 3
39 108 3
39 108 3
39 108 3
39 108 3
39 108 3
39 108 3
39 108 3
39 108 3
39 108 3
39 108 3
39 108 3
39 108 3
39 108 3
39 108 3
39 108 3
39 108 3
39 108 3
39 108 3
39 108 3
39 108 3
39 108 3
39 108 3
39 108 3
39 108 3
39 108 3
39 108 3
39 108 3
39 108 3
39 108 3
39 108 3
39 108 3
39 108 3
39 108 3
39 108 3
39 108 3
39 108 3
39 108 3
39 108 3
39 108 3
39 108 3
39 108 3
39 108 3
39 108 3
39 108 3
39 108 3
39 108 3
39 108 3
39 108 3
39 108 3
39 108 3
39 108 3
39 108 3
39 108 3
39 108 3
39 108 3
39 108 3
39 108 3
39 108 3
39 108 3
39 108 3
39 108 3
39 108 3
39 108 3
39 108 3
39 108 3
39 108 3
39 108 3
39 108 3
39 108 3
39 108 3
39 108 3
39 108 3
39 108 3
39 108 3
39 108 3
39 108 3
39 108 3
39 108 3
39 108 3
39 108 3
39 108 3
39 108 3
39 108 3
39 108 3
39 108 3
39 108 3
39 108 3
39 108 3
39 108 3
39 108 3
39 108 3
39 108 3
39 108 3
39 108 3
39 108 3
39 108 3
39 108 3
39 108 3
39 108 3
39 108 3
39 108 3
39 108 3
39 108 3
39 108 3
39 108 3
39 108 3
39 108 3
39 108 3
39 108 3
39 108 3
39 108 3
39 108 3
39 108 3
39 108 3
39 108 3
39 108 3
39 108 3
39 108 3
39 108 3
39 108 3
39 108 3
39 108 3
39 108 3
39 108 3
39 108 3
39 108 3
39 108 3
39 108 3
39 108 3
101 69 13
101 69 3
101 69 3
101 69 3
101 69 3
101 69 3
101 69 3
101 69 3
101 69 3
101 69 3
101 69 3
101 69 3
101 69 3
101 69 3
101 69 3
101 69 3
101 69 3
101 69 3
101 69 3
101 69 3
101 69 3
101 69 3
101 69 3
101 69 3
101 69 3
101 69 3
101 69 3
49 162 13
49 162 3
49 162 3
49 162 3
49 162 3
49 162 3
49 162 3
49 162 3
49 162 3
49 162 3
49 162 3
49 162 3
49 162 3
49 162 3
49 162 3
49 162 3
49 162 3
49 162 3
49 162 3
49 162 3
49 162 3
49 162 3
49 162 3
49 162 3
49 162 3
49 162 3
49 162 3
49 162 3
49 162 3
49 162 3
49 162 3
49 162 3
49 162 3
49 162 3
49 162 3
49 162 3
49 162 3
49 162 3
49 162 3
49 162 3
49 162 3
49 162 3
49 162 3
49 162 3
49 162 3
49 162 3
49 162 3
49 162 3
49 162 3
49 162 3
49 162 3
49 162 3
49 162 3
49 162 3
49 162 3
49 162 3
49 162 3
49 162 3
49 162 3
49 162 3
49 162 3
49 162 3
49 162 3
49 162 3
49 162 3
49 162 3
49 162 3
49 162 3
49 162 3
49 162 3
49 162 3
49 162 3
49 162 3
49 162 3
49 162 3
49 162 3
49 162 3
49 162 3
49 162 3
49 162 3
49 162 3
49 162 3
49 162 3
49 162 3
49 162 3
49 162 3
49 162 3
49 162 3
49 162 3
49 162 3
49 162 3
49 162 3
49 162 3
49 162 3
49 162 3
49 162 3
49 162 3
49 162 3
49 162 3
49 162 3
49 162 3
49 162 3
49 162 3
49 162 3
49 162 3
49 162 3
49 162 3
49 162 3
49 162 3
49 162 3
49 162 3
49 162 3
49 162 3
49 162 3
49 162 3
49 162 3
49 162 3
49 162 3
49 162 3
49 162 3
49 162 3
49 162 3
49 162 3
49 162 3
49 162 3
49 162 3
49 162 3
49 162 3
49 162 3
49 162 3
49 162 3
49 162 3
49 162 3
49 162 3
49 162 3
49 162 3
49 162 3
49 162 3
49 162 3
49 162 3
49 162 3
49 162 3
49 162 3
49 162 3
49 162 3
49 162 3
49 162 3
49 162 3
49 162 3
49 162 3
49 162 3
49 162 3
49 162 3
49 162 3
49 162 3
49 162 3
49 162 3
49 162 3
49 162 3
49 162 3
49 162 3
49 162 3
49 162 3
49 162 3
26 132 13
26 117 13
26 117 3
26 117 3
26 117 3
26 117 3
26 117 3
26 117 3
26 117 3
26 117 3
26 117 3
26 117 3
26 117 3
26 117 3
26 117 3
26 117 3
26 117 3
26 117 3
26 117 3
26 117 3
26 117 3
26 117 3
26 117 3
26 117 3
26 117 3
26 117 3
26 117 3
26 117 3
26 117 3
26 117 3
26 117 3
26 117 3
26 117 3
26 117 3
13 126 13
13 126 3
13 126 3
13 126 3
13 126 3
13 126 3
13 126 3
13 126 3
13 126 3
13 126 3
13 126 3
13 126 3
13 126 3
13 126 3
13 126 3
13 126 3
13 126 3
13 126 3
13 126 3
13 126 3
13 126 3
13 126 3
13 126 3
13 126 3
13 126 3
13 126 3
13 126 3
13 126 3
13 126 3
13 126 3
13 126 3
13 126 3
13 126 3
13 126 3
13 126 3
13 126 3
13 126 3
13 126 3
13 126 3
13 126 3
13 126 3
13 126 3
13 126 3
13 126 3
13 126 3
13 126 3
13 126 3
13 126 3
13 126 3
13 126 3
13 126 3
13 126 3
13 126 3
13 126 3
13 126 3
13 126 3
13 126 3
13 126 3
13 126 3
13 126 3
13 126 3
13 126 3
13 126 3
13 126 3
13 126 3
13 126 3
13 126 3
13 126 3
13 126 3
13 126 3
13 126 3
13 126 3
13 126 3
13 126 3
13 126 3
13 126 3
13 126 3
13 126 3
13 126 3
13 126 3
13 126 3
13 126 3
13 126 3
13 126 3
13 126 3
13 126 3
13 126 3
113 64 13
113 64 3
113 64 3
113 64 3
113 64 3
113 64 3
113 64 3
113 64 3
113 64 3
113 64 3
113 64 3
113 64 3
113 64 3
113 64 3
113 64 3
113 64 3
113 64 3
113 64 3
113 64 3
113 64 3
113 64 3
113 64 3
113 64 3
113 64 3
113 64 3
113 64 3
113 64 3
113 64 3
113 64 3
113 64 3
113 64 3
113 64 3
113 64 3
113 64 3
113 64 3
113 64 3
113 64 3
113 64 3
113 64 3
113 64 3
113 64 3
113 64 3
65 80 13
65 80 3
65 80 3
65 80 3
65 80 3
65 80 3
14 110 13
14 110 3
14 110 3
14 110 3
14 110 3
14 110 3
14 110 3
14 110 3
14 110 3
14 110 3
14 110 3
14 110 3
14 110 3
14 110 3
14 110 3
14 110 3
14 110 3
14 110 3
14 110 3
14 110 3
14 110 3
14 110 3
14 110 3
14 110 3
14 110 3
14 110 3
14 110 3
14 110 3
14 110 3
14 110 3
14 110 3
14 110 3
14 110 3
14 110 3
14 110 3
14 110 3
14 110 3
14 110 3
14 110 3
14 110 3
14 110 3
14 110 3
14 110 3
14 110 3
14 110 3
14 110 3
14 110 3
14 110 3
14 110 3
14 110 3
14 110 3
14 110 3
14 110 3
14 110 3
14 110 3
14 110 3
14 110 3
14 110 3
14 110 3
14 110 3
14 110 3
14 110 3
14 110 3
14 110 3
14 110 3
14 110 3
14 110 3
14 110 3
14 110 3
14 110 3
14 110 3
14 110 3
14 110 3
14 110 3
14 110 3
14 110 3
14 110 3
14 110 3
14 110 3
14 110 3
14 110 3
14 110 3
14 110 3
14 110 3
14 110 3
14 110 3
14 110 3
14 110 3
14 110 3
14 110 3
14 110 3
14 110 3
14 110 3
14 110 3
14 110 3
14 110 3
14 110 3
14 110 3
14 110 3
14 110 3
14 110 3
14 110 3
14 110 3
14 110 3
14 110 3
14 110 3
14 110 3
14 110 3
14 110 3
14 110 3
14 110 3
14 110 3
14 110 3
14 110 3
14 110 3
14 110 3
14 110 3
14 110 3
14 110 3
14 110 3
14 110 3
14 110 3
14 110 3
14 110 3
14 110 3
14 110 3
14 110 3
14 110 3
14 110 3
14 110 3
14 110 3
14 110 3
14 110 3
14 110 3
14 110 3
14 110 3
14 110 3
14 110 3
14 110 3
14 110 3
14 110 3
14 110 3
14 110 3
14 110 3
14 110 3
14 110 3
14 110 3
14 110 3
14 110 3
14 110 3
14 110 3
14 110 3
14 110 3
14 110 3
14 110 3
14 110 3
14 110 3
14 110 3
14 110 3
14 110 3
14 110 3
14 110 3
14 110 3
14 110 3
14 110 3
14 110 3
14 110 3
14 110 3
14 110 3
14 110 3
14 110 3
14 110 3
14 110 3
14 110 3
14 110 3
14 110 3
14 110 3
14 110 3
14 110 3
14 110 3
14 110 3
14 110 3
14 110 3
14 110 3
14 110 3
14 110 3
14 110 3
14 110 3
14 110 3
14 110 3
25 60 13
25 60 3
25 60 3
25 60 3
25 60 3
25 60 3
25 60 3
25 60 3
25 60 3
25 60 3
26 73 13
84 123 13
84 123 3
84 123 3
84 123 3
84 123 3
84 123 3
84 123 3
84 123 3
84 123 3
84 123 3
84 123 3
84 123 3
84 123 3
84 123 3
84 123 3
84 123 3
84 123 3
84 123 3
84 123 3
84 123 3
85 109 13
85 109 3
85 109 3
85 109 3
75 102 13
75 102 3
75 102 3
75 102 3
75 102 3
75 102 3
75 102 3
75 102 3
75 102 3
75 102 3
75 102 3
75 102 3
77 88 13
77 88 3
77 88 3
77 88 3
77 88 3
77 88 3
77 88 3
77 88 3
77 88 3
77 88 3
77 88 3
77 88 3
77 88 3
77 88 3
77 88 3
77 88 3
77 88 3
77 88 3
77 88 3
77 88 3
77 88 3
77 88 3
77 88 3
77 88 3
77 88 3
77 88 3
77 88 3
77 88 3
77 88 3
77 88 3
77 88 3
77 88 3
77 88 3
77 88 3
77 88 3
77 88 3
77 88 3
77 88 3
77 88 3
77 88 3
77 88 3
77 88 3
77 88 3
77 88 3
77 88 3
77 88 3
77 88 3
77 88 3
77 88 3
77 88 3
77 88 3
77 88 3
77 88 3
77 88 3
77 88 3
77 88 3
77 88 3
77 88 3
77 88 3
77 88 3
77 88 3
77 88 3
77 88 3
77 88 3
77 88 3
77 88 3
65 94 13
65 94 3
65 94 3
65 94 3
65 94 3
65 94 3
65 94 3
65 94 3
65 94 3
65 94 3
65 94 3
65 94 3
65 94 3
65 94 3
65 94 3
65 94 3
65 94 3
65 94 3
65 94 3
65 94 3
65 94 3
65 94 3
65 94 3
65 94 3
65 94 3
65 94 3
65 94 3
65 94 3
65 94 3
65 94 3
65 94 3
65 94 3
65 94 3
74 116 13
74 116 3
74 116 3
74 116 3
74 116 3
74 116 3
74 116 3
74 116 3
74 116 3
74 116 3
74 116 3
74 116 3
74 116 3
74 116 3
74 116 3
74 116 3
74 116 3
74 116 3
74 116 3
74 116 3
65 68 13
65 68 3
65 68 3
65 68 3
65 68 3
65 68 3
65 68 3
65 68 3
35 28 13
35 28 3
35 28 3
35 28 3
35 28 3
35 28 3
35 28 3
35 28 3
35 28 3
35 28 3
35 28 3
35 28 3
35 28 3
35 28 3
35 28 3
35 28 3
35 28 3
87 96 13
87 96 3
87 96 3
87 96 3
87 96 3
87 96 3
87 96 3
87 96 3
87 96 3
87 96 3
99 91 13
99 91 3
99 91 3
99 91 3
99 91 3
99 91 3
99 91 3
99 91 3
99 91 3
99 91 3
99 91 3
99 91 3
99 91 3
99 91 3
99 91 3
99 91 3
99 91 3
99 91 3
99 91 3
99 91 3
99 91 3
99 91 3
99 91 3
99 91 3
99 91 3
99 91 3
99 91 3
99 91 3
99 91 3
99 91 3
99 91 3
99 91 3
99 91 3
99 91 3
99 91 3
99 91 3
99 91 3
99 91 3
99 91 3
99 91 3
99 91 3
99 91 3
99 91 3
99 91 3
99 91 3
99 91 3
99 91 3
99 91 3
99 91 3
99 91 3
99 91 3
99 91 3
99 91 3
99 91 3
99 91 3
99 91 3
99 91 3
99 91 3
99 91 3
99 91 3
99 91 3
99 91 3
99 91 3
99 91 3
99 91 3
99 91 3
99 91 3
99 91 3
99 91 3
99 91 3
99 91 3
99 91 3
99 91 3
99 91 3
99 91 3
99 91 3
99 91 3
99 91 3
99 91 3
99 91 3
99 91 3
99 91 3
99 91 3
99 91 3
99 91 3
99 91 3
99 91 3
99 91 3
99 91 3
99 91 3
99 91 3
99 91 3
99 91 3
99 91 3
99 91 3
99 91 3
99 91 3
99 91 3
99 91 3
99 91 3
99 91 3
99 91 3
99 91 3
99 91 3
99 91 3
99 91 3
99 91 3
99 91 3
99 91 3
99 91 3
99 91 3
99 91 3
99 91 3
99 91 3
99 91 3
99 91 3
99 91 3
99 91 3
99 91 3
99 91 3
22 22 13
22 22 3
22 22 3
22 22 3
22 22 3
22 22 3
22 22 3
22 22 3
22 22 3
22 22 3
22 22 3
22 22 3
22 22 3
22 22 3
22 22 3
22 22 3
22 22 3
22 22 3
22 22 3
22 22 3
22 22 3
22 22 3
22 22 3
22 22 3
22 22 3
22 22 3
22 22 3
22 22 3
22 22 3
22 22 3
22 22 3
22 22 3
22 22 3
22 22 3
22 22 3
22 22 3
22 22 3
22 22 3
22 22 3
22 22 3
22 22 3
22 22 3
22 22 3
22 22 3
22 22 3
22 22 3
22 22 3
22 22 3
22 22 3
22 22 3
22 22 3
22 22 3
22 22 3
22 22 3
22 22 3
22 22 3
22 22 3
22 22 3
22 22 3
22 22 3
22 22 3
22 22 3
22 22 3
22 22 3
22 22 3
22 22 3
22 22 3
22 22 3
22 22 3
22 22 3
22 22 3
22 22 3
22 22 3
22 22 3
22 22 3
22 22 3
22 22 3
22 22 3
22 22 3
22 22 3
22 22 3
22 22 3
22 22 3
22 22 3
22 22 3
22 22 3
22 22 3
22 22 3
22 22 3
22 22 3
22 22 3
22 22 3
22 22 3
22 22 3
22 22 3
22 22 3
22 22 3
22 22 3
22 22 3
22 22 3
22 22 3
22 22 3
22 22 3
189 125 13
189 125 3
189 125 3
189 125 3
189 125 3
189 125 3
189 125 3
189 125 3
189 125 3
189 125 3
189 125 3
189 125 3
189 125 3
189 125 3
189 125 3
189 125 3
189 125 3
189 125 3
189 125 3
189 125 3
189 125 3
189 125 3
189 125 3
189 125 3
189 125 3
189 125 3
189 125 3
189 125 3
189 125 3
189 125 3
189 125 3
189 125 3
189 125 3
189 125 3
189 125 3
189 125 3
189 125 3
189 125 3
189 125 3
189 125 3
189 125 3
189 125 3
189 125 3
189 125 3
189 125 3
189 125 3
189 125 3
189 125 3
189 125 3
189 125 3
189 125 3
189 125 3
189 125 3
189 125 3
189 125 3
189 125 3
189 125 3
189 125 3
189 125 3
189 125 3
189 125 3
189 125 3
189 125 3
189 125 3
189 125 3
189 125 3
189 125 3
189 125 3
189 125 3
189 125 3
189 125 3
189 125 3
189 125 3
189 125 3
189 125 3
189 125 3
189 125 3
189 125 3
189 125 3
189 125 3
189 125 3
189 125 3
189 125 3
189 125 3
189 125 3
189 125 3
189 125 3
189 125 3
189 125 3
189 125 3
189 125 3
189 125 3
189 125 3
189 125 3
189 125 3
189 125 3
189 125 3
189 125 3
189 125 3
189 125 3
189 125 3
189 125 3
189 125 3
189 125 3
189 125 3
189 125 3
189 125 3
189 125 3
189 125 3
189 125 3
189 125 3
189 125 3
189 125 3
189 125 3
189 125 3
189 125 3
189 125 3
189 125 3
189 125 3
189 125 3
189 125 3
189 125 3
189 125 3
189 125 3
189 125 3
189 125 3
189 125 3
189 125 3
189 125 3
189 125 3
189 125 3
189 125 3
189 125 3
189 125 3
189 125 3
189 125 3
189 125 3
189 125 3
189 125 3
189 125 3
113 50 13
113 50 3
113 50 3
113 50 3
113 50 3
113 50 3
113 50 3
113 50 3
113 50 3
113 50 3
113 50 3
113 50 3
113 50 3
113 50 3
113 50 3
113 50 3
113 50 3
113 50 3
113 50 3
113 50 3
113 50 3
113 50 3
113 50 3
113 50 3
113 50 3
113 50 3
113 50 3
113 50 3
113 50 3
113 50 3
113 50 3
113 50 3
113 50 3
113 50 3
113 50 3
113 50 3
113 50 3
113 50 3
113 50 3
113 50 3
113 50 3
113 50 3
113 50 3
113 50 3
113 50 3
113 50 3
113 50 3
113 50 3
113 50 3
113 50 3
113 50 3
113 50 3
113 50 3
113 50 3
113 50 3
113 50 3
113 50 3
113 50 3
113 50 3
113 50 3
113 50 3
113 50 3
113 50 3
113 50 3
113 50 3
113 50 3
113 50 3
113 50 3
113 50 3
113 50 3
113 50 3
113 50 3
113 50 3
113 50 3
113 50 3
113 50 3
113 50 3
113 50 3
113 50 3
113 50 3
113 50 3
113 50 3
113 50 3
113 50 3
113 50 3
113 50 3
113 50 3
113 50 3
113 50 3
113 50 3
113 50 3
113 50 3
113 50 3
113 50 3
113 50 3
113 50 3
113 50 3
113 50 3
113 50 3
113 50 3
113 50 3
113 50 3
113 50 3
113 50 3
113 50 3
113 50 3
113 50 3
113 50 3
113 50 3
113 50 3
25 163 13
25 177 13
37 170 13
37 170 3
37 170 3
37 170 3
37 170 3
37 170 3
37 170 3
37 170 3
37 170 3
37 170 3
37 170 3
37 170 3
37 170 3
37 170 3
37 170 3
37 170 3
37 170 3
37 170 3
37 170 3
37 170 3
37 170 3
37 170 3
37 170 3
37 170 3
37 170 3
37 170 3
37 170 3
37 170 3
37 170 3
37 170 3
37 170 3
37 170 3
37 170 3
37 170 3
37 170 3
37 170 3
37 170 3
37 170 3
37 170 3
37 170 3
37 170 3
37 170 3
37 170 3
37 170 3
37 170 3
37 170 3
12 170 13
12 170 3
12 170 3
12 170 3
12 170 3
12 170 3
12 170 3
12 170 3
12 170 3
12 185 13
12 185 3
12 185 3
12 185 3
12 185 3
12 185 3
12 185 3
12 185 3
12 185 3
12 185 3
12 185 3
12 185 3
12 185 3
12 185 3
12 185 3
12 185 3
12 185 3
12 185 3
12 185 3
12 185 3
12 185 3
12 185 3
12 185 3
12 185 3
12 185 3
12 185 3
12 185 3
12 185 3
12 185 3
12 185 3
12 185 3
12 185 3
12 185 3
12 185 3
12 185 3
12 185 3
12 185 3
12 185 3
12 185 3
12 185 3
12 185 3
12 185 3
12 185 3
12 185 3
12 185 3
12 185 3
12 185 3
12 185 3
12 185 3
12 185 3
12 185 3
12 185 3
12 185 3
12 185 3
12 185 3
12 185 3
12 185 3
12 185 3
12 185 3
12 185 3
12 185 3
12 185 3
12 185 3
12 185 3
12 185 3
12 185 3
12 185 3
12 185 3
12 185 3
12 185 3
12 185 3
12 185 3
12 185 3
12 185 3
12 185 3
12 185 3
12 185 3
12 185 3
12 185 3
12 185 3
12 185 3
12 185 3
12 185 3
12 185 3
12 185 3
12 185 3
12 185 3
12 185 3
12 185 3
12 185 3
12 185 3
12 185 3
12 185 3
12 185 3
12 185 3
12 185 3
12 185 3
12 185 3
12 185 3
12 185 3
12 185 3
12 185 3
12 185 3
12 185 3
12 185 3
12 185 3
12 185 3
12 185 3
12 185 3
12 185 3
12 185 3
12 185 3
12 185 3
12 185 3
12 185 3
12 185 3
12 185 3
12 185 3
12 185 3
12 185 3
12 185 3
12 185 3
12 185 3
12 185 3
12 185 3
12 185 3
12 185 3
12 185 3
12 185 3
12 185 3
12 185 3
12 185 3
12 185 3
181 81 13
181 81 3
181 81 3
181 81 3
181 81 3
194 88 13
194 88 3
194 88 3
194 88 3
194 88 3
194 88 3
194 88 3
194 88 3
194 88 3
194 88 3
194 88 3
194 88 3
194 88 3
194 88 3
194 88 3
194 88 3
194 75 13
199 82 13
0 163 13
0 163 3
0 163 3
0 163 3
0 163 3
0 163 3
0 163 3
0 163 3
0 163 3
0 163 3
0 163 3
0 163 3
0 148 13
0 148 3
0 148 3
0 148 3
0 148 3
0 148 3
13 156 13
13 156 3
13 156 3
13 156 3
13 156 3
13 156 3
13 156 3
13 156 3
13 156 3
13 156 3
13 156 3
13 156 3
13 156 3
13 156 3
13 156 3
13 156 3
13 156 3
13 156 3
13 156 3
13 156 3
13 156 3
13 156 3
13 156 3
13 156 3
13 156 3
13 156 3
13 156 3
13 156 3
13 156 3
13 156 3
13 156 3
13 156 3
13 156 3
13 156 3
13 156 3
13 156 3
13 156 3
13 156 3
13 156 3
13 156 3
13 156 3
13 156 3
13 156 3
13 156 3
13 156 3
13 156 3
13 156 3
13 156 3
13 156 3
13 156 3
13 156 3
13 156 3
13 156 3
13 156 3
13 156 3
13 156 3
13 156 3
13 156 3
13 156 3
13 156 3
13 156 3
13 156 3
13 156 3
13 156 3
13 156 3
13 156 3
13 156 3
13 156 3
13 156 3
0 134 13
0 134 3
0 134 3
0 134 3
0 134 3
0 134 3
0 134 3
0 134 3
0 134 3
0 134 3
0 134 3
0 134 3
0 134 3
0 134 3
0 134 3
0 134 3
0 134 3
0 134 3
27 87 13
13 141 13
13 141 3
13 141 3
13 141 3
13 141 3
13 141 3
13 141 3
13 141 3
13 141 3
13 141 3
13 141 3
13 141 3
13 141 3
13 141 3
13 141 3
13 141 3
13 141 3
13 141 3
13 141 3
13 141 3
13 141 3
13 141 3
13 141 3
13 141 3
13 141 3
13 141 3
13 141 3
13 141 3
13 141 3
13 141 3
13 141 3
13 141 3
13 141 3
13 141 3
13 141 3
13 141 3
13 141 3
13 141 3
13 141 3
13 141 3
13 141 3
13 141 3
13 141 3
13 141 3
13 141 3
13 141 3
13 141 3
13 141 3
13 141 3
13 141 3
13 141 3
13 141 3
13 141 3
13 141 3
13 141 3
13 141 3
13 141 3
13 141 3
13 141 3
13 141 3
13 141 3
13 141 3
13 141 3
13 141 3
13 141 3
13 141 3
13 141 3
13 141 3
13 141 3
13 141 3
13 141 3
13 141 3
13 141 3
13 141 3
13 141 3
13 141 3
13 141 3
13 141 3
13 141 3
13 141 3
13 141 3
13 141 3
13 141 3
13 141 3
13 141 3
13 141 3
13 141 3
13 141 3
13 141 3
13 141 3
13 141 3
13 141 3
13 141 3
13 141 3
13 141 3
13 141 3
13 141 3
13 141 3
13 141 3
13 141 3
13 141 3
13 141 3
13 141 3
13 141 3
13 141 3
13 141 3
13 141 3
13 141 3
13 141 3
13 141 3
13 141 3
13 141 3
13 141 3
13 141 3
13 141 3
13 141 3
13 141 3
13 141 3
13 141 3
13 141 3
13 141 3
13 141 3
13 141 3
13 141 3
13 141 3
13 141 3
13 141 3
13 141 3
13 141 3
13 141 3
13 141 3
13 141 3
13 141 3
13 141 3
13 141 3
97 103 13
96 115 13
96 115 3
96 115 3
96 115 3
96 115 3
96 115 3
96 115 3
96 115 3
96 115 3
96 115 3
108 108 13
134 108 13
134 108 3
134 108 3
134 108 3
134 108 3
134 108 3
134 108 3
120 114 13
148 114 15
148 114 3
148 113 15
148 113 3
148 113 3
148 112 15
148 112 3
148 112 3
148 112 3
148 112 3
148 112 3
149 112 25
149 112 3
149 112 3
150 112 41
150 111 56
151 111 68
152 111 80
153 111 89
154 111 96
155 111 100
156 111 102
157 111 100
158 111 95
159 111 87
160 111 76
161 111 62
162 111 45
163 111 27
164 111 15
165 111 15
165 112 15
166 112 15
167 112 15
168 112 15
169 112 15
169 113 15
170 113 15
170 114 15
170 115 15
171 115 15
172 115 15
173 115 15
174 115 15
174 116 15
174 117 15
175 117 15
176 117 15
176 118 15
175 118 15
175 119 15
175 120 23
175 121 34
175 122 44
175 123 52
175 124 60
175 125 66
175 126 71
175 127 74
175 128 77
175 130 78
175 130 3
175 130 3
175 130 3
175 130 3
175 131 78
175 131 3
175 131 3
175 131 3
175 131 3
175 131 3
175 131 3
175 131 3
175 131 3
175 132 77
175 132 3
175 132 3
175 132 3
175 132 3
175 132 3
175 132 3
175 132 3
175 132 3
175 132 3
175 132 3
175 132 3
175 132 3
175 132 3
175 133 75
175 133 3
175 133 3
175 133 3
175 133 3
175 133 3
175 133 3
175 133 3
175 133 3
175 133 3
175 133 3
175 133 3
175 133 3
175 133 3
175 133 3
175 133 3
175 133 3
175 133 3
175 134 72
175 134 3
175 134 3
175 134 3
175 134 3
175 134 3
175 134 3
175 134 3
175 134 3
175 134 3
175 134 3
175 134 3
175 134 3
175 134 3
175 134 3
175 134 3
175 134 3
175 134 3
175 134 3
175 134 3
175 134 3
175 135 68
175 135 3
175 135 3
175 135 3
175 135 3
175 135 3
175 135 3
175 135 3
175 135 3
175 135 3
175 135 3
175 135 3
175 135 3
175 135 3
175 135 3
175 135 3
175 135 3
175 135 3
175 135 3
175 135 3
175 135 3
175 136 64
175 136 3
175 136 3
175 136 3
175 136 3
175 136 3
175 136 3
175 136 3
175 136 3
175 136 3
175 136 3
175 136 3
175 136 3
175 136 3
175 136 3
175 136 3
175 136 3
175 136 3
175 137 59
175 137 3
175 137 3
175 137 3
175 137 3
175 137 3
175 137 3
175 137 3
175 137 3
175 137 3
175 137 3
175 138 54
175 138 3
175 138 3
175 138 3
175 138 3
175 139 47
175 140 40
175 141 33
175 142 24
175 143 15
175 143 3
175 144 15
175 144 3
175 145 15
175 145 3
175 146 15
175 146 3
176 146 15
176 146 3
176 146 3
176 147 15
176 147 3
176 147 3
176 148 15
176 148 3
176 148 3
176 149 15
176 149 3
176 149 3
176 150 15
176 150 3
176 150 3
176 151 15
176 151 3
176 151 3
177 151 15
177 151 3
177 151 3
177 151 3
177 151 3
177 152 15
177 152 3
177 152 3
177 152 3
177 152 3
177 153 15
177 153 3
177 153 3
177 153 3
177 153 3
177 153 3
177 154 15
177 154 3
177 154 3
177 154 3
177 154 3
177 154 3
177 154 3
177 154 3
177 155 15
177 155 3
177 155 3
177 155 3
177 155 3
177 155 3
177 155 3
177 155 3
177 155 3
177 155 3
177 155 3
178 155 15
178 155 3
178 155 3
178 155 3
178 155 3
178 155 3
178 155 3
178 155 3
178 155 3
178 155 3
178 155 3
178 155 3
178 155 3
178 156 15
178 156 3
178 156 3
178 156 3
178 156 3
178 156 3
178 156 3
178 156 3
178 156 3
178 156 3
178 156 3
178 156 3
178 156 3
178 156 3
178 156 3
178 156 3
178 156 3
178 156 3
178 156 3
179 156 17
179 156 3
179 156 3
179 156 3
179 156 3
179 156 3
179 156 3
179 156 3
179 156 3
179 156 3
179 156 3
179 156 3
179 156 3
179 156 3
179 156 3
179 156 3
179 156 3
179 156 3
179 156 3
179 156 3
179 156 3
179 156 3
179 157 23
179 157 3
179 157 3
179 157 3
179 157 3
179 157 3
179 157 3
179 157 3
179 157 3
179 157 3
179 157 3
179 157 3
179 157 3
179 157 3
179 157 3
179 157 3
179 157 3
179 157 3
179 157 3
179 157 3
179 157 3
179 157 3
179 157 3
179 157 3
179 157 3
179 157 3
179 157 3
179 157 3
179 157 3
180 157 28
180 157 3
180 157 3
180 157 3
180 157 3
180 157 3
180 157 3
180 157 3
180 157 3
180 157 3
180 157 3
180 157 3
180 157 3
180 157 3
180 157 3
180 157 3
180 157 3
180 157 3
180 157 3
180 157 3
180 157 3
180 157 3
180 157 3
180 157 3
180 157 3
180 157 3
180 157 3
180 157 3
180 157 3
180 157 3
180 157 3
180 158 34
180 158 3
180 158 3
180 158 3
180 158 3
180 158 3
180 158 3
180 158 3
180 158 3
180 158 3
180 158 3
180 158 3
180 158 3
180 158 3
180 158 3
180 158 3
180 158 3
180 158 3
180 158 3
180 158 3
180 158 3
180 158 3
180 158 3
180 158 3
180 158 3
180 158 3
180 158 3
180 158 3
180 158 3
180 158 3
180 158 3
180 158 3
180 158 3
180 158 3
180 158 3
180 158 3
180 158 3
181 158 36
181 158 3
181 158 3
181 158 3
181 158 3
181 158 3
181 158 3
181 158 3
181 158 3
181 158 3
181 158 3
181 158 3
181 158 3
181 158 3
181 158 3
181 158 3
181 158 3
181 158 3
181 158 3
181 158 3
181 158 3
181 158 3
181 158 3
181 158 3
181 158 3
181 158 3
181 158 3
181 158 3
181 158 3
181 158 3
181 158 3
181 158 3
181 158 3
181 158 3
181 158 3
181 158 3
181 158 3
181 158 3
182 158 38
182 158 3
182 158 3
182 158 3
182 158 3
182 158 3
182 158 3
182 158 3
182 158 3
182 158 3
182 158 3
182 158 3
182 158 3
182 158 3
182 158 3
182 158 3
182 158 3
182 158 3
182 158 3
182 158 3
182 158 3
182 158 3
182 158 3
182 158 3
182 158 3
182 158 3
182 158 3
182 158 3
182 158 3
182 158 3
182 158 3
182 158 3
182 158 3
182 158 3
182 158 3
182 158 3
182 158 3
182 158 3
182 158 3
182 158 3
182 158 3
182 159 38
182 159 3
182 159 3
182 159 3
182 159 3
182 159 3
182 159 3
182 159 3
182 159 3
182 159 3
182 159 3
182 159 3
182 159 3
182 159 3
182 159 3
182 159 3
182 159 3
182 159 3
182 159 3
182 159 3
182 159 3
182 159 3
182 159 3
182 159 3
182 159 3
182 159 3
182 159 3
182 159 3
182 159 3
182 159 3
182 159 3
182 159 3
182 159 3
182 159 3
182 159 3
182 159 3
182 159 3
182 159 3
183 159 36
183 159 3
183 159 3
183 159 3
183 159 3
183 159 3
183 159 3
183 159 3
183 159 3
183 159 3
183 159 3
183 159 3
183 159 3
183 159 3
183 159 3
183 159 3
183 159 3
183 159 3
183 159 3
183 159 3
183 159 3
183 159 3
183 159 3
183 159 3
183 159 3
183 159 3
183 159 3
183 159 3
183 159 3
183 159 3
183 159 3
183 159 3
183 159 3
183 159 3
183 159 3
183 159 3
183 159 3
183 159 3
183 159 3
183 159 3
184 159 34
184 159 3
184 159 3
184 159 3
184 159 3
184 159 3
184 159 3
184 159 3
184 159 3
184 159 3
184 159 3
184 159 3
184 159 3
184 159 3
184 159 3
184 159 3
184 159 3
184 159 3
184 159 3
184 159 3
184 159 3
184 159 3
184 159 3
184 159 3
184 159 3
184 159 3
184 159 3
184 159 3
184 159 3
184 159 3
184 159 3
184 159 3
184 159 3
184 159 3
184 159 3
184 159 3
184 159 3
184 159 3
184 159 3
184 159 3
184 159 3
184 159 3
184 159 3
184 159 3
184 160 29
184 160 3
184 160 3
184 160 3
184 160 3
184 160 3
184 160 3
184 160 3
184 160 3
184 160 3
184 160 3
184 160 3
184 160 3
184 160 3
184 160 3
184 160 3
184 160 3
184 160 3
184 160 3
184 160 3
184 160 3
184 160 3
184 160 3
184 160 3
184 160 3
184 160 3
184 160 3
184 160 3
184 160 3
184 160 3
184 160 3
185 160 21
185 160 3
185 160 3
185 160 3
185 160 3
185 160 3
185 160 3
185 160 3
185 160 3
185 160 3
185 160 3
185 160 3
185 160 3
185 160 3
185 160 3
185 160 3
185 160 3
185 160 3
185 160 3
185 160 3
185 160 3
185 160 3
185 160 3
185 160 3
185 160 3
185 160 3
185 160 3
185 160 3
185 160 3
185 160 3
185 160 3
185 160 3
185 160 3
185 160 3
185 160 3
186 160 15
186 160 3
186 160 3
186 160 3
186 160 3
186 160 3
186 160 3
186 160 3
186 160 3
186 160 3
186 160 3
186 160 3
186 160 3
186 160 3
186 160 3
186 160 3
186 160 3
186 160 3
186 160 3
186 160 3
186 160 3
186 160 3
186 160 3
186 160 3
186 160 3
186 160 3
186 160 3
186 160 3
186 160 3
186 160 3
186 160 3
186 160 3
186 160 3
186 160 3
186 160 3
186 160 3
186 160 3
186 160 3
186 160 3
186 160 3
186 160 3
186 160 3
186 161 15
186 161 3
186 161 3
186 161 3
186 161 3
186 161 3
186 161 3
186 161 3
186 161 3
186 161 3
186 161 3
186 161 3
186 161 3
186 161 3
186 161 3
186 161 3
186 161 3
186 161 3
186 161 3
186 161 3
186 161 3
186 161 3
186 161 3
186 161 3
186 162 15
186 162 3
186 162 3
186 162 3
186 162 3
186 162 3
186 162 3
186 162 3
186 162 3
186 162 3
186 162 3
186 162 3
186 162 3
187 162 15
187 162 3
187 162 3
187 162 3
187 162 3
187 162 3
187 162 3
187 162 3
187 162 3
187 162 3
187 162 3
187 162 3
187 162 3
188 162 15
188 162 3
188 162 3
188 162 3
188 162 3
188 162 3
188 162 3
188 162 3
188 162 3
188 162 3
188 162 3
188 162 3
188 162 3
188 162 3
189 162 15
189 162 3
189 162 3
189 162 3
189 162 3
189 162 3
189 162 3
189 162 3
189 162 3
189 162 3
189 162 3
189 162 3
189 162 3
189 162 3
189 162 3
189 163 15
189 163 3
189 163 3
189 163 3
189 163 3
189 163 3
189 163 3
189 164 15
189 164 3
189 164 3
189 165 15
189 166 15
189 167 15
189 168 15
189 169 15
189 170 15
189 171 15
189 172 15
189 173 15
189 174 15
189 175 15
189 176 15
189 177 15
188 177 15
187 177 15
187 178 15
186 178 15
185 179 15
184 179 15
184 180 15
184 181 15
183 181 15
182 181 15
181 181 15
181 182 15
180 182 15
180 183 15
179 183 15
179 184 15
179 185 15
178 185 15
178 186 15
177 186 15
176 186 15
175 186 15
130 193 15
130 192 15
130 192 3
130 191 15
130 191 3
130 191 3
131 191 15
131 191 3
131 191 3
132 191 15
132 191 3
133 191 15
133 191 3
134 191 15
135 191 15
136 191 15
137 191 15
138 191 15
139 191 15
140 191 15
141 191 15
142 191 15
143 191 15
144 191 15
145 191 15
146 191 15
147 191 15
148 191 15
149 191 15
150 191 15
151 191 15
152 191 15
154 191 48
155 191 84
156 191 118
157 191 150
158 191 178
159 191 202
160 191 221
161 191 235
162 191 243
163 191 245
164 191 241
165 191 231
166 191 216
167 191 196
168 191 172
169 191 145
170 191 115
171 191 83
172 191 51
173 191 18
173 191 3
174 191 15
174 190 15
174 189 15
174 188 15
174 187 15
177 116 15
177 115 15
177 114 15
177 113 15
178 113 15
178 112 15
178 111 15
178 110 15
178 109 15
178 108 15
178 107 15
178 106 15
178 105 15
179 104 15
179 103 15
179 102 15
179 101 15
179 100 15
179 99 15
179 98 15
179 97 15
179 96 15
179 95 15
179 95 3
179 94 15
179 94 3
180 94 15
180 94 3
180 94 3
147 114 15
147 114 3
146 114 15
146 114 3
146 114 3
145 114 15
145 114 3
145 114 3
144 114 15
144 114 3
144 114 3
144 114 3
144 114 3
143 114 15
143 114 3
143 114 3
143 114 3
143 114 3
143 114 3
142 114 15
142 114 3
142 114 3
142 114 3
142 114 3
142 114 3
142 114 3
142 114 3
141 114 15
141 114 3
141 114 3
141 114 3
141 114 3
141 114 3
141 114 3
141 114 3
141 114 3
141 114 3
140 114 15
140 114 3
140 114 3
140 114 3
140 114 3
140 114 3
140 114 3
140 114 3
140 114 3
140 114 3
140 114 3
139 114 15
139 114 3
139 114 3
139 114 3
139 114 3
139 114 3
139 114 3
139 114 3
139 114 3
139 114 3
139 114 3
138 114 15
138 114 3
138 114 3
138 114 3
138 114 3
138 114 3
138 114 3
138 114 3
138 114 3
138 114 3
138 114 3
137 114 15
137 114 3
137 114 3
137 114 3
137 114 3
137 114 3
137 114 3
137 114 3
137 114 3
137 114 3
137 114 3
136 114 15
136 114 3
136 114 3
136 114 3
136 114 3
136 114 3
136 114 3
136 114 3
136 114 3
136 114 3
135 114 15
135 114 3
135 114 3
135 114 3
135 114 3
135 114 3
135 114 3
135 114 3
134 114 15
134 114 3
134 114 3
134 114 3
134 114 3
134 114 3
133 114 15
133 114 3
133 114 3
133 114 3
133 114 3
132 114 15
132 114 3
132 114 3
132 114 3
131 114 15
131 114 3
131 114 3
130 114 15
130 114 3
130 114 3
129 114 15
129 114 3
128 114 15
128 114 3
127 114 15
126 114 15
125 114 15
124 114 15
123 114 15
122 114 15
121 114 15
120 113 15
120 112 15
119 112 15
118 112 15
117 112 15
116 112 15
115 112 15
114 112 15
113 112 15
112 112 15
111 112 15
110 112 15
109 112 15
108 112 15
108 111 15
108 110 15
107 110 15
106 110 15
105 110 15
104 110 15
104 109 15
103 109 15
102 109 15
101 109 15
100 109 15
99 109 15
98 109 15
97 109 15
96 109 15
95 109 15
94 109 15
93 109 15
92 109 15
91 109 15
90 109 15
89 109 15
88 109 15
87 109 15
86 109 17
84 109 25
84 109 3
84 109 3
84 110 42
84 111 57
84 112 69
84 113 79
84 114 86
84 115 90
84 116 91
84 117 90
84 118 88
84 119 84
84 120 80
84 121 76
84 121 3
84 121 3
84 122 72
84 122 3
84 122 3
84 122 3
83 123 61
83 123 3
83 123 3
83 123 3
83 123 3
83 123 3
83 123 3
83 123 3
83 123 3
82 123 57
82 123 3
82 123 3
82 123 3
82 123 3
82 123 3
82 123 3
82 123 3
82 123 3
82 123 3
82 123 3
82 123 3
82 123 3
82 123 3
82 123 3
82 123 3
82 123 3
82 123 3
82 123 3
82 124 51
82 124 3
82 124 3
82 124 3
82 124 3
82 124 3
82 124 3
82 124 3
82 124 3
82 124 3
82 124 3
82 124 3
82 124 3
82 124 3
82 125 46
82 125 3
82 125 3
82 125 3
82 125 3
82 125 3
82 125 3
82 125 3
81 125 41
81 125 3
81 125 3
81 125 3
81 125 3
81 125 3
81 125 3
81 125 3
81 125 3
81 125 3
81 125 3
81 125 3
81 125 3
81 125 3
81 125 3
81 125 3
81 126 35
81 126 3
81 126 3
81 126 3
81 126 3
81 126 3
81 126 3
81 126 3
81 126 3
81 127 30
81 127 3
81 127 3
81 128 26
81 129 22
81 130 18
81 131 15
81 132 15
81 133 15
81 134 15
81 135 15
82 135 15
82 136 15
82 137 15
82 138 15
83 138 15
84 139 15
84 140 15
84 141 15
84 142 15
84 143 15
84 144 15
85 144 15
86 144 15
87 144 15
87 145 15
88 145 15
89 145 15
90 145 15
91 145 15
92 145 15
93 145 15
94 145 15
95 145 15
96 146 15
96 147 15
96 148 15
97 148 15
97 148 3
98 148 25
99 148 35
100 148 44
101 148 50
102 148 55
102 148 3
102 148 3
103 148 57
103 148 3
103 148 3
103 148 3
103 148 3
104 148 55
104 148 3
104 148 3
104 148 3
104 148 3
104 148 3
104 148 3
105 148 51
105 148 3
105 148 3
105 148 3
105 148 3
105 148 3
105 148 3
106 148 43
106 148 3
106 148 3
106 148 3
106 148 3
106 148 3
107 148 31
107 148 3
107 148 3
107 148 3
107 148 3
107 148 3
108 148 16
108 148 3
108 148 3
108 148 3
108 148 3
108 148 3
108 148 3
109 148 15
109 148 3
109 148 3
109 148 3
109 149 15
109 149 3
109 149 3
109 149 3
109 149 3
109 150 15
109 150 3
109 150 3
109 150 3
109 150 3
109 150 3
109 150 3
109 151 29
109 151 3
109 151 3
109 151 3
109 151 3
109 151 3
109 151 3
53 74 15
53 75 15
52 75 15
52 76 15
52 77 15
52 78 15
51 78 15
51 79 15
51 80 15
50 80 15
49 80 15
48 80 15
47 80 15
46 80 24
45 80 30
44 80 32
43 80 31
42 80 27
41 80 19
40 80 15
39 79 15
38 79 15
38 78 15
38 77 15
38 76 15
38 75 15
38 74 15
38 73 15
38 72 15
38 71 15
38 70 15
38 69 15
38 68 15
38 67 15
38 66 15
38 65 15
38 64 15
38 63 15
38 62 15
38 61 15
38 60 15
38 59 15
38 58 15
38 57 15
38 56 15
38 55 15
38 54 15
37 53 15
36 53 15
35 53 15
35 52 15
35 51 15
35 50 15
35 49 15
34 49 15
34 48 15
33 48 15
32 48 15
32 47 15
31 47 15
31 46 15
31 45 15
31 44 15
31 43 15
31 42 15
31 41 15
30 41 15
29 41 15
29 40 15
28 40 15
27 40 15
26 40 15
25 40 15
25 39 15
25 38 15
24 38 15
24 37 15
24 36 15
24 35 15
23 35 15
