123 147 62
25 69 62
10 33 62
60 199 62
159 85 62
25 177 62
25 177 52
25 177 52
25 177 52
73 150 62
52 10 62
53 166 62
12 199 62
12 199 52
123 9 62
143 176 62
63 158 62
62 186 62
62 186 52
62 186 52
25 192 62
134 154 62
132 169 62
24 55 62
24 55 52
24 55 52
24 55 52
24 55 52
24 55 52
50 192 62
38 185 62
25 83 62
25 83 52
12 76 62
12 76 52
0 40 62
0 25 62
62 144 62
52 151 62
147 92 62
147 78 62
39 3 62
38 18 62
25 10 62
11 18 62
11 62 62
11 62 52
11 62 52
11 62 52
11 62 52
11 62 52
135 85 62
40 158 62
39 172 62
38 76 62
38 76 52
38 76 52
38 76 52
38 76 52
38 76 52
134 71 62
122 78 62
122 64 62
122 64 52
13 89 62
13 89 52
13 89 52
24 25 62
0 54 62
0 54 52
160 99 62
172 92 62
172 106 62
184 99 62
184 99 52
184 99 52
184 99 52
184 99 52
184 99 52
184 99 52
110 71 62
110 71 52
110 71 52
161 113 62
161 113 52
173 120 62
173 120 52
161 127 62
161 127 52
161 127 52
161 127 52
161 127 52
161 127 52
161 127 52
171 78 62
171 78 52
171 78 52
171 78 52
171 78 52
171 78 52
171 78 52
110 58 62
110 58 52
110 58 52
110 58 52
110 58 52
110 58 52
110 58 52
110 58 52
110 85 62
98 78 62
98 78 52
98 78 52
98 78 52
98 78 52
98 78 52
98 78 52
123 92 62
110 98 62
124 105 62
124 105 52
124 105 52
124 105 52
124 105 52
121 161 62
121 161 52
121 161 52
0 68 62
0 68 52
0 68 52
0 68 52
0 68 52
0 68 52
136 99 62
145 162 62
0 82 62
0 82 52
0 82 52
0 82 52
0 82 52
0 82 52
0 82 52
0 82 52
52 25 62
52 25 52
65 17 62
65 17 52
65 17 52
65 17 52
65 17 52
149 106 62
149 106 52
149 106 52
12 184 62
12 184 52
12 184 52
12 184 52
12 184 52
37 199 62
64 32 62
134 57 62
146 64 62
51 40 62
64 46 62
51 54 62
146 50 62
135 16 62
123 23 62
134 44 62
135 30 62
38 62 62
38 62 52
38 62 52
38 62 52
63 60 62
50 68 62
62 74 62
62 74 52
62 74 52
38 33 62
38 33 52
38 33 52
38 33 52
38 33 52
38 33 52
38 33 52
50 82 62
50 82 52
50 82 52
61 87 62
61 87 52
61 87 52
61 87 52
61 87 52
61 87 52
61 87 52
61 87 52
25 96 62
25 96 52
25 96 52
25 96 52
25 96 52
25 96 52
25 96 52
25 96 52
0 10 62
11 3 62
11 48 62
11 48 52
11 48 52
11 48 52
11 48 52
11 48 52
11 48 52
13 102 62
13 102 52
13 102 52
13 102 52
13 102 52
13 102 52
13 102 52
13 102 52
13 102 52
13 102 52
38 89 62
38 89 52
49 95 62
49 95 52
49 95 52
37 102 62
37 102 52
49 109 62
49 123 62
37 116 62
38 130 62
50 137 62
12 198 71
12 198 60
12 197 55
12 197 60
13 197 42
13 197 60
13 196 31
13 196 60
14 196 23
14 196 60
14 195 16
14 195 60
15 195 15
15 195 60
15 194 15
15 194 60
16 194 15
16 194 60
16 193 15
16 193 60
17 193 15
17 193 60
18 193 15
18 193 60
18 192 15
18 192 60
19 192 15
19 192 60
20 192 18
20 192 60
21 192 22
21 192 60
22 192 26
22 192 60
23 192 30
23 192 60
24 192 33
38 186 28
38 187 18
38 188 15
38 189 15
37 189 15
36 189 15
35 189 15
34 189 15
34 190 15
34 191 15
34 192 15
33 192 15
33 192 60
32 192 15
32 192 60
31 192 15
31 192 60
30 192 20
30 192 60
29 192 25
28 192 30
27 192 33
26 192 34
38 184 47
38 183 54
38 182 61
38 181 65
38 180 68
38 179 69
38 178 69
38 177 67
38 176 64
38 175 60
38 174 55
38 173 49
38 172 43
39 171 27
39 170 20
39 170 60
40 170 15
40 170 60
40 169 15
40 169 60
40 168 15
40 168 60
41 168 15
42 168 15
43 168 15
44 168 15
45 168 15
46 168 15
46 167 15
47 167 15
47 166 15
48 166 15
49 166 15
50 166 15
51 166 15
52 166 20
52 152 26
52 153 17
52 154 15
52 155 15
52 156 15
52 157 15
52 158 15
52 159 15
52 160 15
52 161 15
52 162 15
52 163 15
52 164 15
52 165 15
38 90 81
38 90 60
39 90 68
39 90 60
39 91 56
39 91 60
40 91 45
40 91 60
40 92 34
40 92 60
40 93 25
40 93 60
41 93 16
41 93 60
41 94 15
41 94 60
41 94 60
41 95 15
41 95 60
41 95 60
41 96 15
41 96 60
41 96 60
42 96 15
42 96 60
43 96 15
43 96 60
44 96 15
44 96 60
44 97 15
44 97 60
45 97 15
45 97 60
45 98 15
45 98 60
45 99 15
45 99 60
45 100 15
45 100 60
46 100 15
46 100 60
46 101 15
46 101 60
46 102 15
46 102 60
46 103 15
47 103 15
47 103 60
47 104 15
47 105 15
47 106 15
47 107 15
47 108 15
47 109 15
47 110 15
47 111 15
47 112 15
47 113 15
47 114 15
47 115 15
47 116 15
47 117 15
47 118 15
47 119 15
47 120 15
47 121 15
47 122 15
47 123 15
47 124 15
47 125 15
47 126 15
47 127 15
47 128 15
47 129 15
47 130 15
47 131 15
47 132 15
47 133 15
47 134 15
47 135 15
47 136 15
47 137 15
48 137 17
49 137 27
50 138 41
50 139 44
50 140 48
50 141 51
50 142 55
50 143 59
50 144 61
50 145 63
50 146 63
50 147 62
50 148 59
50 149 54
50 150 48
50 151 40
51 151 37
39 89 81
40 89 71
41 89 64
42 89 60
43 89 60
44 89 64
45 89 73
45 88 83
46 88 94
46 87 103
46 86 112
46 85 121
47 85 127
47 84 132
47 83 136
48 83 138
48 82 138
49 82 138
50 81 133
50 81 60
50 80 124
50 80 60
50 79 114
50 79 60
50 78 105
50 78 60
51 78 95
51 78 60
51 77 82
51 77 60
51 76 69
51 76 60
52 76 55
52 76 60
52 76 60
52 75 40
52 75 60
52 75 60
52 74 26
52 74 60
52 74 60
53 74 15
53 74 60
53 74 60
53 73 15
53 73 60
53 72 15
53 72 60
54 72 15
54 72 60
55 72 15
55 72 60
56 72 15
56 72 60
56 71 15
56 71 60
56 70 15
56 70 60
56 69 15
56 69 60
56 68 15
56 68 60
56 67 15
56 67 60
56 66 15
56 66 60
56 65 15
56 64 15
56 63 15
56 62 15
56 61 15
56 60 15
56 59 15
56 58 15
56 57 15
56 56 15
56 55 15
56 54 15
56 53 15
56 52 15
56 51 15
56 50 15
56 49 15
56 48 15
56 47 15
56 46 15
56 45 15
56 44 15
56 43 15
56 42 15
56 41 15
56 40 15
56 39 15
56 38 15
56 37 15
56 36 15
56 36 60
56 35 15
56 35 60
56 34 15
56 34 60
56 33 15
56 33 60
56 32 15
56 32 60
56 31 15
56 31 60
56 30 15
56 30 60
56 29 15
56 29 60
56 29 60
56 28 15
56 28 60
56 28 60
56 27 15
56 27 60
56 27 60
56 26 15
56 26 60
56 26 60
56 25 15
56 25 60
56 25 60
56 24 19
56 24 60
56 24 60
56 23 21
56 23 60
56 23 60
56 22 23
56 22 60
56 22 60
56 21 25
56 21 60
56 21 60
56 20 26
56 20 60
56 20 60
55 20 28
55 20 60
55 19 27
55 19 60
55 18 27
55 18 60
54 18 25
54 18 60
54 17 23
54 17 60
53 17 20
53 17 60
53 16 17
53 16 60
52 16 15
52 16 60
52 15 15
52 15 60
52 14 15
52 14 60
52 13 15
52 13 60
52 12 15
52 12 60
52 11 23
51 10 17
50 10 15
49 10 15
48 10 15
48 11 15
48 12 15
48 13 15
48 13 60
47 13 15
47 13 60
46 13 15
46 13 60
46 14 15
46 14 60
46 15 15
46 15 60
46 16 15
46 16 60
45 16 15
45 16 60
44 16 15
44 16 60
43 16 15
43 16 60
42 16 15
42 16 60
41 16 15
41 16 60
40 16 15
40 16 60
39 16 15
39 16 60
38 16 15
38 16 60
37 16 15
37 16 60
37 17 15
37 17 60
36 17 15
36 17 60
35 17 15
35 17 60
34 17 15
33 17 15
32 17 15
31 17 15
31 18 15
30 18 15
29 18 15
29 19 15
29 19 60
29 20 15
29 20 60
28 20 15
28 20 60
27 20 15
27 20 60
26 20 15
26 20 60
25 20 15
25 20 60
24 20 15
24 20 60
23 20 15
23 20 60
23 21 15
23 21 60
22 21 15
22 21 60
21 21 15
21 21 60
20 21 15
20 21 60
19 21 15
18 21 15
18 22 15
17 22 15
16 22 15
15 22 15
15 23 15
15 24 15
15 25 15
15 26 15
15 27 15
14 27 15
14 28 15
14 28 60
13 28 15
12 28 15
12 29 15
12 29 60
11 29 15
11 30 15
11 30 60
10 30 15
10 31 15
10 31 60
10 32 19
37 89 107
37 88 120
36 88 132
36 87 144
35 87 154
34 87 163
33 87 170
32 87 175
32 86 178
31 86 178
30 86 175
29 86 170
28 86 162
27 86 152
26 86 141
26 85 127
25 85 113
25 84 99
24 83 69
23 83 52
23 83 60
23 82 40
23 82 60
23 81 29
23 81 60
23 80 19
23 80 60
23 79 15
23 79 60
23 78 15
23 78 60
23 77 15
23 77 60
23 76 15
23 76 60
24 76 15
24 76 60
24 75 15
24 75 60
24 74 15
24 74 60
24 73 15
24 73 60
24 72 15
24 72 60
24 71 15
24 71 60
24 70 16
24 70 60
25 70 29
25 70 60
53 151 30
54 151 26
55 151 20
56 151 15
57 151 15
58 151 15
58 150 15
59 150 15
60 150 15
61 150 15
62 150 15
63 150 15
64 150 15
65 150 15
66 150 15
67 150 15
68 150 15
69 150 15
70 150 15
70 150 60
71 150 15
71 150 60
72 150 15
72 150 60
38 190 15
39 190 15
39 191 15
39 192 15
40 192 15
41 192 15
42 192 15
42 193 15
42 194 15
42 195 15
43 195 15
43 196 15
43 197 15
43 198 15
44 198 15
45 198 15
46 198 15
47 198 15
48 198 15
49 198 15
50 198 15
51 198 15
52 198 15
52 199 15
53 199 15
54 199 15
55 199 15
56 199 15
57 199 15
58 199 15
59 199 17
25 191 33
25 190 34
25 189 37
25 188 43
25 187 49
25 186 58
25 185 68
25 184 79
25 183 92
25 182 105
25 181 121
25 180 137
25 179 155
25 178 174
159 86 22
159 87 15
159 88 15
158 88 15
157 88 15
156 88 16
155 88 20
154 88 24
153 88 27
152 88 29
151 88 30
150 88 30
149 88 29
148 88 27
147 88 24
146 88 21
145 88 18
144 88 15
143 88 15
142 88 15
141 88 15
141 89 15
141 90 15
141 91 15
141 92 15
140 92 15
139 92 15
138 92 15
137 92 15
136 92 15
136 93 15
136 94 15
136 95 15
135 95 15
134 95 18
133 95 23
132 95 28
131 95 33
130 95 38
129 95 41
128 95 44
127 95 45
126 95 44
125 95 41
124 95 36
124 96 40
124 97 46
124 98 56
124 99 70
124 100 89
124 101 111
124 102 138
124 103 170
124 104 206
124 106 289
124 106 60
124 106 60
124 107 335
124 107 60
124 107 60
124 107 60
124 107 60
124 107 60
124 108 385
124 108 60
124 108 60
124 108 60
124 108 60
124 108 60
124 108 60
124 108 60
124 108 60
124 109 436
124 109 60
124 109 60
124 109 60
124 109 60
124 109 60
124 109 60
124 109 60
124 109 60
124 109 60
124 109 60
124 109 60
124 110 489
124 110 60
124 110 60
124 110 60
124 110 60
124 110 60
124 110 60
124 110 60
124 110 60
124 110 60
124 110 60
124 110 60
124 110 60
124 110 60
124 110 60
124 111 543
124 111 60
124 111 60
124 111 60
124 111 60
124 111 60
124 111 60
124 111 60
124 111 60
124 111 60
124 111 60
124 111 60
124 111 60
124 111 60
124 111 60
124 111 60
124 111 60
124 111 60
124 112 597
124 112 60
124 112 60
124 112 60
124 112 60
124 112 60
124 112 60
124 112 60
124 112 60
124 112 60
124 112 60
124 112 60
124 112 60
124 112 60
124 112 60
124 112 60
124 112 60
124 112 60
124 112 60
124 113 650
124 113 60
124 113 60
124 113 60
124 113 60
124 113 60
124 113 60
124 113 60
124 113 60
124 113 60
124 113 60
124 113 60
124 113 60
124 113 60
124 113 60
124 113 60
124 113 60
124 113 60
124 113 60
124 113 60
124 113 60
124 114 702
124 114 60
124 114 60
124 114 60
124 114 60
124 114 60
124 114 60
124 114 60
124 114 60
124 114 60
124 114 60
124 114 60
124 114 60
124 114 60
124 114 60
124 114 60
124 114 60
124 114 60
124 114 60
124 114 60
124 114 60
124 115 752
124 115 60
124 115 60
124 115 60
124 115 60
124 115 60
124 115 60
124 115 60
124 115 60
124 115 60
124 115 60
124 115 60
124 115 60
124 115 60
124 115 60
124 115 60
124 115 60
124 115 60
124 115 60
124 115 60
124 115 60
124 116 799
124 116 60
124 116 60
124 116 60
124 116 60
124 116 60
124 116 60
124 116 60
124 116 60
124 116 60
124 116 60
124 116 60
124 116 60
124 116 60
124 116 60
124 116 60
124 116 60
124 116 60
124 116 60
124 116 60
124 117 843
124 117 60
124 117 60
124 117 60
124 117 60
124 117 60
124 117 60
124 117 60
124 117 60
124 117 60
124 117 60
124 117 60
124 117 60
124 117 60
124 117 60
124 117 60
124 117 60
124 117 60
124 117 60
124 118 883
124 118 60
124 118 60
124 118 60
124 118 60
124 118 60
124 118 60
124 118 60
124 118 60
124 118 60
124 118 60
124 118 60
124 118 60
124 118 60
124 118 60
124 118 60
124 118 60
124 118 60
124 118 60
124 119 918
124 119 60
124 119 60
124 119 60
124 119 60
124 119 60
124 119 60
124 119 60
124 119 60
124 119 60
124 119 60
124 119 60
124 119 60
124 119 60
124 119 60
124 119 60
124 119 60
124 119 60
124 120 948
124 120 60
124 120 60
124 120 60
124 120 60
124 120 60
124 120 60
124 120 60
124 120 60
124 120 60
124 120 60
124 120 60
124 120 60
124 120 60
124 120 60
124 120 60
124 120 60
124 120 60
124 121 972
124 121 60
124 121 60
124 121 60
124 121 60
124 121 60
124 121 60
124 121 60
124 121 60
124 121 60
124 121 60
124 121 60
124 121 60
124 121 60
124 121 60
124 121 60
124 121 60
124 122 990
124 122 60
124 122 60
124 122 60
124 122 60
124 122 60
124 122 60
124 122 60
124 122 60
124 122 60
124 122 60
124 122 60
124 122 60
124 122 60
124 122 60
124 122 60
124 122 60
124 123 1003
124 123 60
124 123 60
124 123 60
124 123 60
124 123 60
124 123 60
124 123 60
124 123 60
124 123 60
124 123 60
124 123 60
124 123 60
124 123 60
124 123 60
124 123 60
124 124 1009
124 124 60
124 124 60
124 124 60
124 124 60
124 124 60
124 124 60
124 124 60
124 124 60
124 124 60
124 124 60
124 124 60
124 124 60
124 124 60
124 124 60
124 125 1008
124 125 60
124 125 60
124 125 60
124 125 60
124 125 60
124 125 60
124 125 60
124 125 60
124 125 60
124 125 60
124 125 60
124 125 60
124 125 60
124 126 1001
124 126 60
124 126 60
124 126 60
124 126 60
124 126 60
124 126 60
124 126 60
124 126 60
124 126 60
124 126 60
124 126 60
124 127 987
124 127 60
124 127 60
124 127 60
124 127 60
124 127 60
124 127 60
124 127 60
124 127 60
124 127 60
124 128 967
124 128 60
124 128 60
124 128 60
124 128 60
124 128 60
124 128 60
124 128 60
124 129 941
124 129 60
124 129 60
124 129 60
124 129 60
124 130 909
124 130 60
124 130 60
124 131 872
124 132 829
124 133 782
124 134 732
124 135 677
124 136 621
124 137 562
124 138 503
124 139 443
124 140 384
124 141 325
124 142 269
124 143 215
124 144 164
124 145 117
124 146 74
124 147 36
124 148 15
124 149 15
125 149 15
126 149 15
127 149 15
127 150 15
128 150 15
128 151 15
128 152 15
129 152 15
129 153 15
129 154 15
129 155 15
129 156 15
130 156 15
131 156 15
132 156 15
132 157 15
132 158 15
132 159 15
132 160 15
132 161 15
132 162 15
132 163 15
132 164 15
132 165 15
132 166 15
132 167 15
132 168 15
133 169 15
134 169 15
134 170 15
135 170 15
135 171 15
136 171 15
136 172 15
137 172 15
137 173 15
138 173 15
139 173 15
139 174 15
140 174 15
141 174 15
142 174 15
142 175 15
143 175 15
