198 95 220
64 22 220
119 1 220
157 199 220
20 83 220
15 148 220
92 82 220
113 171 220
124 178 220
145 192 220
145 192 210
125 164 220
170 192 220
170 192 210
170 192 210
119 14 220
119 14 210
26 141 220
26 141 210
26 141 210
106 5 220
78 15 220
78 15 210
78 15 210
186 88 220
186 88 210
186 88 210
198 109 220
8 91 220
21 98 220
104 90 220
105 75 220
64 8 220
50 16 220
50 16 210
15 162 220
28 155 220
28 155 210
186 102 220
186 102 210
117 83 220
117 83 210
117 83 210
2 155 220
9 106 220
114 157 220
0 98 220
92 67 220
106 18 220
106 18 210
106 18 210
3 168 220
3 168 210
1 141 220
0 113 220
0 113 210
34 88 220
34 88 210
198 123 220
198 123 210
198 123 210
131 8 220
112 185 220
126 149 220
126 149 210
126 149 210
123 192 220
123 192 210
92 0 220
92 0 210
105 60 220
105 60 210
105 60 210
50 2 220
64 0 220
78 75 220
77 60 220
77 60 210
77 60 210
158 185 220
158 185 210
158 185 210
158 185 210
143 2 220
143 16 220
143 16 210
143 16 210
198 81 220
199 66 220
187 59 220
187 59 210
187 59 210
111 199 220
111 199 210
111 199 210
13 134 220
23 113 220
23 113 210
23 113 210
28 168 220
28 168 210
102 164 220
102 164 210
102 164 210
34 72 220
34 72 210
34 72 210
78 2 220
78 2 210
78 91 220
91 98 220
78 106 220
91 113 220
104 105 220
104 105 210
78 121 220
91 128 220
102 150 220
102 150 210
102 150 210
63 37 220
49 30 220
49 30 210
49 30 210
78 30 220
63 85 220
63 100 220
63 100 210
78 44 220
78 44 210
0 83 220
7 75 220
0 67 220
8 59 220
0 52 220
9 43 220
0 36 220
10 27 220
0 21 220
101 178 220
89 186 220
100 192 220
88 199 220
76 193 220
199 51 220
199 37 220
188 30 220
188 30 210
188 30 210
92 10 220
78 136 220
78 136 210
145 192 210
145 192 210
145 192 210
145 192 210
145 192 210
134 185 220
134 185 210
199 22 220
199 8 220
188 1 220
188 15 220
188 15 210
11 120 220
11 120 210
11 120 210
40 161 220
53 167 220
53 167 210
53 153 220
53 153 210
53 153 210
40 174 220
52 180 220
52 180 210
64 186 220
64 186 210
64 186 210
177 9 220
177 9 210
177 9 210
177 9 210
186 116 220
186 116 210
186 116 210
186 116 210
136 171 220
40 188 220
40 188 210
40 188 210
186 73 220
186 73 210
186 73 210
186 73 210
11 12 220
0 6 220
0 6 210
0 6 210
23 18 220
23 18 210
23 18 210
187 44 220
187 44 210
187 44 210
63 69 220
63 69 210
63 69 210
0 127 220
0 127 210
0 127 210
15 175 220
15 175 210
15 175 210
15 175 210
49 94 220
188 15 210
188 15 210
188 15 210
65 173 220
65 173 210
65 173 210
65 173 210
40 147 220
40 147 210
40 147 210
40 147 210
25 127 220
25 127 210
25 127 210
25 127 210
52 194 220
64 199 220
186 102 210
186 102 210
186 102 210
175 51 220
175 51 210
164 44 220
164 44 210
164 44 210
164 58 220
164 58 210
164 58 210
176 37 220
165 30 220
92 23 220
92 38 220
92 52 220
92 52 210
92 52 210
165 16 220
154 9 220
147 164 220
147 164 210
147 164 210
147 164 210
48 79 220
89 172 220
89 172 210
89 172 210
89 172 210
21 50 220
20 66 220
20 66 210
20 66 210
22 34 220
22 34 210
22 34 210
115 142 220
103 135 220
154 23 220
154 23 210
166 2 220
37 0 220
37 0 210
24 4 220
24 4 210
24 4 210
37 9 220
37 9 210
37 9 210
49 46 220
49 46 210
49 46 210
34 56 220
114 171 111
114 170 108
114 169 105
114 168 103
114 167 102
114 166 102
114 165 103
114 164 106
114 163 110
114 162 116
114 161 123
114 160 132
114 159 141
114 158 151
114 156 172
114 155 181
114 154 189
114 154 241
114 153 195
114 153 241
114 152 199
114 152 241
114 152 241
114 151 202
114 151 241
114 151 241
114 150 202
114 150 241
114 150 241
114 149 200
114 149 241
114 148 196
114 148 241
114 147 190
114 147 241
114 146 183
114 146 241
114 145 175
114 145 241
114 144 167
113 144 157
113 144 241
113 143 146
113 143 241
113 142 137
113 142 241
113 141 130
113 141 241
112 141 120
112 141 241
112 140 112
112 140 241
111 140 107
111 140 241
111 139 100
111 139 241
111 138 97
111 138 241
110 138 94
110 138 241
110 137 92
110 137 241
109 137 92
109 137 241
109 136 93
109 136 241
108 136 96
108 136 241
108 135 99
108 135 241
107 135 103
107 135 241
106 135 113
106 135 241
105 135 126
105 135 241
104 135 142
104 135 241
103 134 150
103 133 146
103 132 148
102 132 156
102 131 160
101 131 165
100 131 170
100 130 173
99 130 174
98 130 175
97 130 174
97 129 172
96 129 167
95 129 162
94 129 156
93 129 149
93 128 140
92 128 130
90 128 110
90 127 99
89 127 88
88 127 78
88 126 68
87 126 60
87 125 51
86 125 44
86 124 37
86 123 32
85 123 28
85 122 24
85 121 20
85 120 18
85 119 16
85 118 15
85 117 15
85 116 15
85 115 15
85 114 15
85 113 15
85 112 15
85 111 15
85 110 15
85 109 15
85 108 15
85 108 241
85 107 15
85 107 241
85 106 17
85 106 241
85 105 22
85 105 241
85 104 27
85 104 241
85 103 33
85 103 241
85 102 40
85 102 241
85 101 48
85 101 241
85 100 56
85 100 241
85 99 65
85 99 241
85 98 74
85 98 241
85 97 83
85 97 241
85 96 91
85 96 241
85 95 99
85 94 106
85 93 112
85 92 116
85 91 119
85 90 120
85 89 119
85 88 116
85 87 111
85 86 104
85 85 96
85 84 87
85 83 77
85 82 67
86 82 69
87 82 72
88 82 74
89 82 76
90 82 77
91 82 77
78 31 90
79 31 80
80 31 68
81 31 55
82 31 42
83 31 28
84 31 16
84 32 15
84 32 241
84 33 15
84 33 241
84 34 15
84 34 241
85 34 15
85 34 241
85 35 15
85 35 241
86 35 15
86 35 241
87 35 15
87 35 241
88 35 16
88 35 241
88 36 34
88 36 241
88 37 57
88 37 241
88 38 85
88 38 241
88 39 118
88 39 241
88 40 156
88 40 241
88 41 198
88 41 241
88 42 242
88 42 241
88 43 288
88 43 241
88 44 336
88 44 241
88 45 383
88 45 241
88 46 428
88 46 241
88 47 472
88 47 241
88 48 511
88 48 241
88 48 241
88 49 546
88 49 241
88 49 241
88 49 241
88 50 576
88 50 241
88 50 241
88 50 241
88 50 241
88 51 599
88 51 241
88 51 241
88 51 241
88 51 241
88 51 241
88 52 615
88 52 241
88 52 241
88 52 241
88 52 241
88 52 241
88 52 241
88 53 624
88 53 241
88 53 241
88 53 241
88 53 241
88 53 241
88 53 241
88 53 241
88 54 625
88 54 241
88 54 241
88 54 241
88 54 241
88 54 241
88 54 241
88 54 241
88 55 619
88 55 241
88 55 241
88 55 241
88 55 241
88 55 241
88 55 241
88 56 605
88 56 241
88 56 241
88 56 241
88 56 241
88 56 241
88 56 241
88 57 585
88 57 241
88 57 241
88 57 241
88 57 241
88 57 241
88 57 241
88 58 558
88 58 241
88 58 241
88 58 241
88 58 241
88 58 241
88 58 241
88 59 525
88 59 241
88 59 241
88 59 241
88 59 241
88 59 241
88 60 487
88 60 241
88 60 241
88 60 241
88 60 241
88 60 241
88 61 446
88 61 241
88 61 241
88 61 241
88 61 241
88 62 402
88 62 241
88 62 241
88 62 241
88 63 357
88 63 241
88 63 241
88 64 311
88 64 241
88 65 265
88 66 222
88 67 181
88 68 144
88 69 111
88 70 82
88 71 59
88 72 40
88 73 27
88 74 19
89 74 15
89 75 15
90 75 15
91 75 15
92 75 15
92 76 15
92 77 18
92 78 26
92 79 37
92 80 49
92 81 62
92 11 164
92 11 241
92 12 168
92 12 241
92 13 172
92 13 241
92 14 176
92 14 241
92 15 180
92 15 241
92 15 241
92 16 184
92 16 241
92 16 241
92 17 186
92 17 241
92 17 241
92 18 186
92 18 241
92 18 241
92 19 185
92 19 241
92 20 181
92 20 241
92 21 175
92 21 241
92 22 167
91 23 139
91 24 126
91 25 112
90 25 98
90 26 81
90 27 66
90 28 52
90 29 40
89 29 26
89 30 16
89 30 241
88 30 15
88 30 241
88 31 15
88 31 241
87 31 15
87 31 241
86 31 15
86 31 241
85 31 15
85 31 241
93 10 148
94 10 139
94 9 134
95 9 127
95 8 123
96 8 118
96 7 116
97 7 113
97 6 112
98 6 111
99 6 113
99 5 114
100 5 116
101 5 121
102 5 127
103 5 133
104 5 140
105 5 146
107 5 155
108 5 156
109 5 155
110 5 152
111 5 147
112 5 139
113 5 130
114 5 119
115 5 107
116 5 93
117 5 80
118 5 67
119 5 55
119 4 60
119 3 73
119 2 95
142 2 172
141 2 169
140 2 163
139 2 155
138 2 146
137 2 136
136 2 126
135 2 115
134 2 104
133 2 94
132 2 84
131 2 76
131 3 66
130 3 56
129 3 48
128 3 42
128 4 34
127 4 28
126 4 24
125 4 22
124 4 23
123 4 27
122 4 32
121 4 40
120 4 49
144 2 173
145 2 170
146 2 164
147 2 155
148 2 144
149 2 132
150 2 117
151 2 102
152 2 86
153 2 70
154 2 55
155 2 42
156 2 32
156 3 21
157 3 15
157 4 15
157 5 15
157 6 15
157 7 15
157 7 241
158 7 15
158 7 241
158 8 15
158 8 241
158 9 15
158 9 241
159 9 15
159 9 241
159 10 15
159 10 241
160 10 15
160 10 241
160 11 16
160 11 241
160 12 20
160 12 241
160 13 24
160 13 241
160 14 28
160 14 241
160 15 33
160 15 241
160 16 37
160 16 241
160 17 41
160 17 241
161 17 43
161 17 241
161 18 45
161 18 241
161 19 48
161 19 241
161 20 52
161 20 241
161 21 57
161 21 241
161 21 241
162 21 59
162 21 241
162 22 62
162 22 241
162 23 68
162 23 241
163 23 73
163 23 241
163 24 76
163 24 241
163 25 82
163 25 241
164 25 89
164 25 241
164 26 91
164 26 241
164 27 97
164 27 241
165 27 103
165 27 241
165 28 105
165 28 241
165 29 109
165 29 241
166 30 114
166 30 241
166 31 117
167 31 117
167 31 241
167 32 116
168 32 118
168 33 113
168 34 112
169 34 109
169 35 104
169 36 103
170 36 97
170 37 93
171 37 91
171 38 86
171 39 85
172 39 83
172 40 83
173 40 87
173 41 88
173 42 95
174 42 102
174 43 112
175 43 126
175 44 140
176 44 160
177 44 188
178 44 221
179 44 258
180 44 297
181 44 337
181 44 241
182 44 375
182 44 241
183 44 411
183 44 241
184 44 442
184 44 241
185 44 467
185 44 241
186 44 485
186 44 241
188 44 498
189 44 491
190 44 476
191 44 454
192 44 424
193 44 389
194 44 350
195 44 308
196 44 265
197 44 223
198 44 183
199 44 148
199 45 148
199 46 149
199 47 151
199 48 153
199 49 156
199 50 160
199 50 241
199 52 169
199 52 241
199 53 173
199 53 241
199 54 177
199 55 181
199 56 185
199 57 188
199 58 190
199 59 191
199 60 191
199 61 191
199 62 189
199 63 187
199 64 183
199 65 179
199 67 170
199 68 164
199 69 159
199 70 154
199 71 149
199 72 144
199 73 140
199 74 136
199 75 133
199 76 131
199 77 129
199 77 241
199 78 128
199 78 241
199 79 128
199 79 241
199 80 129
199 80 241
199 81 130
199 82 132
199 83 134
199 84 136
199 85 138
199 86 139
199 87 141
199 88 141
199 89 141
199 90 140
199 91 138
199 92 135
199 93 130
199 94 125
199 95 119
77 30 116
76 30 121
75 30 123
74 30 122
73 30 119
72 30 114
71 30 108
70 30 101
69 30 94
68 30 88
67 30 84
66 30 82
65 30 85
65 29 91
64 29 95
64 28 101
64 27 108
64 26 116
64 25 124
64 24 132
64 23 139
64 85 151
65 85 162
66 85 169
66 85 241
67 85 172
67 85 241
68 85 172
68 85 241
69 85 169
69 85 241
69 85 241
70 85 164
70 85 241
70 85 241
71 85 156
71 85 241
71 85 241
72 85 147
72 85 241
72 85 241
73 85 137
73 85 241
74 85 126
74 85 241
75 85 116
75 85 241
76 85 107
77 85 99
78 85 93
78 84 88
79 84 83
79 83 79
80 83 74
80 82 70
81 82 66
82 82 64
83 82 64
84 82 65
62 85 119
61 85 98
60 85 76
59 85 52
58 85 28
57 85 15
57 86 15
56 86 15
56 87 15
56 88 15
55 88 15
54 88 15
54 89 15
53 89 15
52 89 15
51 89 15
50 89 15
50 90 15
49 90 15
48 90 15
47 90 15
46 90 23
45 90 44
44 90 69
43 90 96
42 90 124
41 90 154
40 90 182
39 90 209
38 90 233
37 90 253
36 90 269
35 90 281
34 90 287
33 90 289
32 90 285
32 90 241
31 90 276
31 90 241
30 90 263
30 90 241
29 90 246
29 90 241
28 90 226
27 90 203
26 90 179
25 90 154
24 90 130
23 90 106
22 90 84
21 90 64
20 90 46
19 90 32
18 90 21
17 90 15
17 91 15
16 91 15
15 91 15
14 91 15
13 91 15
12 91 15
11 91 15
10 91 22
9 91 31
10 92 19
10 93 16
10 94 15
10 95 15
10 96 15
10 97 15
10 98 17
10 98 241
10 99 23
10 99 241
10 100 32
10 100 241
10 101 45
10 101 241
10 102 61
10 102 241
10 103 82
10 103 241
10 104 107
10 105 136
10 106 169
10 107 206
10 108 246
10 108 241
10 109 289
10 109 241
10 110 333
10 110 241
10 111 378
10 111 241
10 111 241
10 112 423
10 112 241
10 112 241
10 112 241
10 113 467
10 113 241
10 113 241
10 113 241
10 113 241
10 114 508
10 114 241
10 114 241
10 114 241
10 114 241
10 115 546
10 115 241
10 115 241
10 115 241
10 115 241
10 115 241
10 116 579
10 116 241
10 116 241
10 116 241
10 116 241
10 116 241
10 117 607
10 117 241
10 117 241
10 117 241
10 117 241
10 117 241
10 118 629
10 118 241
10 118 241
10 118 241
10 118 241
10 119 643
10 119 241
10 119 241
10 119 241
10 120 650
10 120 241
10 120 241
10 120 241
10 121 649
10 121 241
10 121 241
10 122 641
10 122 241
10 122 241
10 123 625
10 123 241
10 124 602
10 124 241
10 125 572
10 125 241
10 126 536
10 126 241
10 127 496
10 127 241
10 128 452
10 129 405
10 130 357
10 131 308
10 132 260
10 133 214
10 134 170
10 135 130
10 136 93
10 137 61
10 138 33
10 139 15
10 140 15
11 140 15
11 141 15
12 141 15
12 141 241
12 142 15
12 143 15
12 144 15
12 145 15
12 146 15
12 147 15
12 148 15
13 148 15
14 148 38
15 90 15
16 90 15
17 89 19
18 89 28
18 88 40
19 88 53
20 88 69
20 87 87
20 86 110
20 85 137
20 84 168
115 171 108
116 171 104
117 171 101
118 171 96
119 171 91
120 171 84
121 171 76
122 171 68
123 171 59
124 171 49
125 171 40
126 171 33
126 172 26
127 172 18
127 173 15
127 173 241
127 174 15
127 174 241
127 175 15
127 175 241
128 175 15
128 175 241
128 176 15
128 176 241
129 176 15
129 176 241
130 176 15
130 176 241
130 177 19
130 177 241
130 178 32
130 178 241
131 178 47
131 179 66
131 180 90
131 181 117
131 182 148
131 183 184
131 184 222
131 185 264
132 185 310
133 185 363
134 186 475
134 187 530
134 188 587
134 189 645
134 190 702
134 191 760
134 192 816
135 192 882
136 192 947
137 192 1009
138 192 1067
139 192 1120
140 192 1165
141 192 1202
142 192 1229
143 192 1245
143 192 241
144 192 1250
144 192 241
146 192 1225
147 192 1197
148 192 1158
149 192 1111
150 192 1057
151 192 997
152 192 934
153 192 869
154 192 804
155 192 743
155 193 684
156 193 623
156 194 562
156 195 503
157 195 445
157 196 387
157 197 335
157 198 287
