84 189 220
57 76 220
126 149 220
54 116 220
4 21 220
47 21 220
42 157 220
16 59 220
98 67 220
9 192 220
16 44 220
5 36 220
5 36 210
26 53 220
26 53 210
16 29 220
36 29 220
36 29 210
59 88 220
52 104 220
46 82 220
65 110 220
15 13 220
36 13 220
26 21 220
83 199 220
72 196 220
72 196 210
84 75 220
84 75 210
84 75 210
98 53 220
112 59 220
0 184 220
10 179 220
27 162 220
39 171 220
39 171 210
114 141 220
127 134 220
49 93 220
24 175 220
24 175 210
113 72 220
113 72 210
96 195 220
139 142 220
139 142 210
139 142 210
115 126 220
115 126 210
115 126 210
113 157 220
112 44 220
98 181 220
98 181 210
102 149 220
126 50 220
125 36 220
100 165 220
138 43 220
138 43 210
62 98 220
30 147 220
44 140 220
56 132 220
112 29 220
112 29 210
112 29 210
138 28 220
6 51 220
6 51 210
138 14 220
150 21 220
3 6 220
150 7 220
150 7 210
47 5 220
59 13 220
89 157 220
89 157 210
151 35 220
151 35 210
151 35 210
111 172 220
125 21 220
125 21 210
60 0 220
60 0 210
26 37 220
26 37 210
110 187 220
14 0 220
26 5 220
109 199 220
125 7 220
112 0 220
36 0 220
122 194 220
123 179 220
98 6 220
112 14 220
112 14 210
58 30 220
71 22 220
71 22 210
125 164 220
44 124 220
16 72 220
16 72 210
85 0 220
26 67 220
35 75 220
85 14 220
137 171 220
137 171 210
72 6 220
136 186 220
135 199 220
149 193 220
149 193 210
149 193 210
74 182 220
64 174 220
64 174 210
64 174 210
87 174 220
138 157 220
138 157 210
138 157 210
139 127 220
139 113 220
139 113 210
139 113 210
151 120 220
163 128 220
163 128 210
163 113 220
175 121 220
175 121 210
175 121 210
163 99 220
175 92 220
175 92 210
175 92 210
175 106 220
151 135 220
163 142 220
163 156 220
175 149 220
175 164 220
187 156 220
187 171 220
199 163 220
199 178 220
187 185 220
187 185 210
187 185 210
162 171 220
149 178 220
150 164 220
151 106 220
151 92 220
187 99 220
187 99 210
187 99 210
139 85 220
139 85 210
139 85 210
151 78 220
163 85 220
163 71 220
151 64 220
139 57 220
9 191 111
9 190 78
9 189 50
9 188 29
9 187 15
9 186 15
9 185 15
9 184 15
9 183 21
10 183 34
10 182 50
10 181 71
10 180 98
11 179 138
12 179 150
13 179 165
14 179 182
15 179 202
15 178 221
16 178 238
16 177 256
17 177 269
18 177 284
18 176 295
19 176 305
19 175 313
20 175 318
21 175 323
22 175 328
23 175 333
24 174 324
24 173 311
24 172 300
24 171 290
25 171 278
25 170 265
26 170 250
26 169 235
27 169 218
27 168 201
28 168 184
28 167 165
29 167 148
29 166 128
29 165 111
30 165 93
30 164 76
31 164 61
31 163 44
31 162 30
31 162 241
32 162 17
32 162 241
33 162 15
33 162 241
34 162 15
34 162 241
34 161 15
34 161 241
34 160 15
34 160 241
35 160 15
36 160 15
37 160 15
37 159 15
37 158 15
37 157 15
38 157 15
39 157 32
40 157 63
41 157 99
38 156 15
38 155 15
38 154 15
38 153 15
38 152 15
38 151 17
38 150 25
38 149 34
38 148 43
38 147 54
39 147 64
39 146 73
39 145 81
40 145 90
40 144 95
40 143 101
40 142 106
41 142 108
41 141 110
41 140 111
42 140 110
43 140 111
44 139 106
44 138 97
44 137 89
44 136 81
44 136 241
44 135 75
44 135 241
45 135 67
45 135 241
45 134 59
45 134 241
46 134 52
46 134 241
46 133 44
46 133 241
47 133 38
47 133 241
47 132 30
47 132 241
47 131 26
47 131 241
48 131 20
48 131 241
48 130 16
48 130 241
49 130 15
49 130 241
49 129 15
49 129 241
50 129 15
50 129 241
50 128 15
50 128 241
51 128 15
51 128 241
51 127 15
51 127 241
51 126 18
51 126 241
52 126 21
52 126 241
52 125 26
53 125 32
53 124 37
53 123 44
54 123 50
54 122 56
54 121 62
54 120 69
54 119 77
54 118 83
54 117 89
55 116 87
56 116 84
56 115 84
56 114 82
56 113 80
56 112 78
56 111 74
56 110 70
56 109 66
56 108 62
56 107 57
56 106 54
56 105 50
56 104 47
56 103 45
56 102 43
56 101 43
56 100 42
56 99 43
56 98 44
56 97 45
56 96 47
56 95 49
55 95 50
55 94 50
55 93 50
55 92 50
55 91 49
55 90 48
55 89 47
55 88 46
55 87 45
55 86 44
55 85 44
55 84 45
55 83 47
55 82 51
55 81 57
55 80 66
55 79 77
55 78 92
56 78 108
56 77 127
57 77 147
17 59 136
18 59 132
18 60 129
18 61 126
19 61 124
19 62 120
19 63 119
20 63 116
20 64 114
21 64 114
21 65 111
21 66 111
22 66 109
22 67 110
23 67 109
24 67 112
24 67 241
25 67 119
25 67 241
26 68 120
26 68 241
26 69 116
26 69 241
26 70 116
26 70 241
27 70 119
27 70 241
27 71 122
27 71 241
28 71 124
28 71 241
29 71 129
29 71 241
29 72 131
29 72 241
30 72 134
30 72 241
30 73 139
30 73 241
31 73 141
31 73 241
32 73 144
33 73 148
33 74 150
33 74 241
34 74 152
34 74 241
35 74 155
36 75 157
36 75 241
37 75 157
37 75 241
38 75 157
39 75 156
39 76 153
40 76 150
41 76 146
42 76 141
43 76 136
44 76 130
45 76 124
46 76 119
47 76 113
48 76 109
49 76 105
50 76 104
51 76 104
52 76 106
53 76 112
54 76 121
55 76 133
56 76 149
15 14 80
15 15 82
15 16 83
15 17 85
15 18 86
15 19 87
15 20 89
15 21 91
15 22 93
15 23 96
15 24 99
16 24 102
16 25 105
16 26 109
16 27 114
16 28 120
16 30 132
16 31 139
16 32 146
16 33 152
16 34 159
16 35 164
16 36 170
16 37 174
16 38 178
16 39 181
16 40 183
16 41 184
16 42 184
16 43 184
16 45 181
16 46 179
16 47 176
16 48 173
16 49 170
16 50 167
16 51 164
16 52 160
16 53 157
16 54 154
16 55 151
16 56 149
16 57 147
16 58 147
16 13 89
17 13 99
18 13 109
19 13 117
20 13 124
21 13 130
22 13 134
23 13 137
24 13 138
25 13 139
26 13 138
27 13 136
28 13 134
29 13 131
30 13 127
31 13 123
32 13 119
33 13 115
34 13 110
35 13 106
37 13 97
38 13 93
39 13 88
40 13 84
41 13 80
42 13 76
43 13 72
44 13 69
45 13 66
46 13 64
47 13 63
47 14 63
47 15 65
47 16 67
47 17 71
47 18 75
47 19 79
47 20 84
48 21 76
49 21 63
50 21 52
51 21 44
52 21 39
53 21 39
53 20 39
53 19 41
53 18 44
53 17 48
54 17 54
54 16 60
54 15 68
55 15 77
55 14 88
56 14 100
56 13 113
57 13 127
58 13 141
59 12 170
59 12 241
60 12 184
60 12 241
61 12 197
61 12 241
62 12 209
62 12 241
62 12 241
63 12 220
63 12 241
63 12 241
63 11 229
63 11 241
63 11 241
64 11 234
64 11 241
64 11 241
65 11 237
65 11 241
65 11 241
66 11 238
66 11 241
66 11 241
67 11 236
67 11 241
67 11 241
68 11 231
68 11 241
68 11 241
69 11 223
69 11 241
70 11 213
70 11 241
70 10 200
70 10 241
71 10 183
72 10 165
73 10 145
74 10 124
75 10 103
76 10 82
76 9 59
77 9 37
78 9 17
78 9 241
78 8 15
78 8 241
78 7 15
78 7 241
78 6 15
78 6 241
79 6 15
80 6 15
81 6 15
82 6 15
83 6 15
83 6 241
84 6 15
84 6 241
85 6 15
85 6 241
86 6 15
86 6 241
87 6 15
87 6 241
88 6 15
88 6 241
89 6 15
89 6 241
90 6 15
90 6 241
91 6 15
91 6 241
92 6 28
92 6 241
93 6 46
94 6 64
95 6 81
96 6 96
97 6 110
99 6 129
100 6 135
101 6 138
102 6 139
103 6 137
104 6 132
105 6 126
106 6 118
107 6 109
108 6 99
108 6 241
109 6 89
109 6 241
110 6 79
110 6 241
111 6 70
111 6 241
112 6 62
112 6 241
113 6 55
113 6 241
114 6 50
114 6 241
115 6 48
115 6 241
116 6 47
117 6 50
118 6 55
118 7 60
119 7 65
120 7 73
121 7 83
122 7 96
123 7 110
124 7 126
125 8 136
125 9 134
125 10 136
125 11 143
126 11 148
127 11 153
127 12 156
128 12 158
128 13 159
129 13 158
130 13 156
130 14 153
131 14 148
131 15 143
131 16 141
131 17 141
131 18 142
131 19 145
131 20 148
131 21 152
131 22 157
131 23 161
131 24 165
131 25 168
131 26 170
131 27 172
131 28 172
131 29 172
131 30 171
131 31 169
131 32 166
131 33 163
131 34 159
131 35 155
131 36 151
130 36 144
130 37 137
130 38 130
129 38 122
129 39 113
129 40 106
128 40 97
128 41 90
127 41 82
127 41 241
127 42 75
127 42 241
126 42 69
126 42 241
126 43 63
126 43 241
126 44 60
126 44 241
126 45 61
126 45 241
126 46 64
126 46 241
126 47 70
126 47 241
126 48 80
126 48 241
126 49 92
126 49 241
150 64 126
149 64 122
148 64 121
147 64 121
146 64 125
146 63 128
145 63 130
145 62 133
144 62 135
144 61 139
143 61 141
142 61 145
142 60 147
141 60 151
141 59 153
140 59 157
140 58 159
139 58 163
138 57 168
138 56 171
137 56 173
137 56 241
137 55 175
137 55 241
136 55 176
136 55 241
136 54 177
136 54 241
135 54 176
135 54 241
135 53 176
135 53 241
134 53 173
134 53 241
134 52 172
134 52 241
133 52 167
133 52 241
132 52 163
132 52 241
132 51 157
132 51 241
131 51 151
131 51 241
131 50 143
131 50 241
130 50 135
130 50 241
129 50 128
129 50 241
128 50 121
128 50 241
127 50 114
127 50 241
151 65 116
151 66 103
151 67 93
151 68 86
152 68 82
152 69 75
153 69 70
153 70 63
153 71 58
154 71 51
154 72 46
155 72 40
155 73 35
155 73 241
156 73 31
156 74 27
156 74 241
156 75 26
156 75 241
157 75 23
157 75 241
157 76 23
157 77 24
157 78 27
157 79 31
157 80 37
157 81 43
157 82 50
157 83 57
157 84 64
157 85 70
157 86 76
157 87 81
157 88 85
157 89 88
157 90 89
157 91 89
157 92 88
157 93 85
157 94 81
157 95 76
157 96 70
157 97 64
157 98 57
157 99 51
157 100 44
157 101 39
157 102 35
157 103 31
157 104 30
157 105 30
157 106 32
157 107 36
157 108 42
157 109 49
157 110 57
157 111 67
156 111 77
156 112 85
156 113 93
156 114 100
156 115 107
155 115 112
155 116 114
155 117 115
155 118 114
155 119 111
155 120 107
154 120 101
153 120 100
152 120 104
151 121 96
151 122 79
151 123 63
151 124 48
151 125 36
151 126 27
151 127 22
151 128 21
150 128 23
150 129 28
149 129 35
148 129 43
147 129 55
146 129 67
145 129 81
145 130 96
144 130 110
143 130 123
142 130 137
141 130 149
140 130 160
139 130 169
138 130 177
138 130 241
137 130 184
137 130 241
136 130 190
136 130 241
136 131 193
136 131 241
135 131 194
135 131 241
134 131 194
134 131 241
133 131 194
133 131 241
133 132 193
133 132 241
132 132 188
132 132 241
131 132 184
131 132 241
130 132 181
130 132 241
130 133 174
130 133 241
129 133 168
129 133 241
129 134 162
129 134 241
128 134 154
127 135 139
126 135 133
126 136 122
125 136 116
125 137 105
125 138 98
124 138 87
124 139 80
123 139 70
123 140 61
122 140 53
122 141 44
122 142 37
121 142 29
121 143 22
120 143 16
120 144 15
119 144 15
118 144 15
118 145 15
118 146 15
118 147 15
117 147 15
116 147 15
115 147 15
115 148 15
115 149 15
115 150 15
115 151 15
114 151 15
114 152 19
113 152 25
113 153 31
113 154 37
113 155 44
113 156 52
101 165 148
101 165 241
102 165 140
102 165 241
103 165 134
104 165 130
105 165 126
105 164 122
105 163 118
106 163 114
106 162 110
106 161 107
107 161 103
107 160 99
107 159 94
107 158 90
108 158 85
108 157 80
109 157 76
110 157 72
111 157 67
112 157 63
100 166 157
100 166 241
100 167 160
100 167 241
100 168 164
100 168 241
100 169 169
100 169 241
100 169 241
99 169 174
99 169 241
99 169 241
98 169 179
98 169 241
98 170 184
98 170 241
98 170 241
97 170 187
97 170 241
96 170 191
96 170 241
96 171 194
96 171 241
95 171 196
95 171 241
94 171 198
94 172 199
93 172 198
92 172 198
92 173 195
91 173 192
91 174 189
90 174 183
89 174 178
88 174 173
87 175 158
87 176 148
86 176 140
86 177 131
85 177 123
85 178 114
84 178 105
84 179 97
84 180 91
84 181 87
84 182 85
84 183 83
84 184 83
84 185 82
84 186 82
84 187 82
84 188 81
116 150 15
117 150 15
118 150 15
119 150 15
119 149 15
120 149 15
121 149 25
122 149 45
123 149 72
124 149 105
125 149 145
125 49 85
125 49 241
124 49 78
123 49 71
122 49 64
121 49 57
120 49 51
119 49 44
118 49 38
117 49 33
116 49 28
115 49 24
114 49 21
114 50 17
113 50 15
112 50 15
112 51 15
112 52 15
112 53 15
111 53 15
111 54 15
110 54 15
110 55 15
110 56 15
109 56 15
108 56 15
107 56 15
107 57 15
107 58 15
106 58 15
105 58 15
104 58 15
103 58 15
103 59 15
103 60 15
102 60 15
102 61 15
102 61 241
102 62 15
102 62 241
101 62 15
101 62 241
100 62 15
100 62 241
99 62 17
99 62 241
99 63 33
98 63 52
98 64 72
98 65 97
98 66 127
14 13 67
13 13 57
12 13 48
11 13 40
10 13 34
9 13 31
8 13 31
8 14 34
7 14 38
7 15 44
7 16 51
7 17 59
7 18 69
6 18 80
6 19 92
6 20 107
6 21 122
5 21 142
