102 123 431
42 89 431
158 28 431
137 118 431
153 187 431
118 198 431
59 115 431
5 95 431
199 15 431
86 67 431
49 109 431
52 95 431
114 116 431
126 125 431
130 190 431
142 196 431
19 89 431
30 96 431
172 19 431
185 24 431
142 182 431
115 131 431
186 9 431
125 110 431
118 185 431
171 34 431
17 103 431
130 177 431
102 137 431
40 103 431
75 76 431
75 61 431
135 103 431
135 103 421
105 192 431
62 101 431
65 71 431
105 178 431
87 129 431
73 122 431
118 171 431
64 86 431
104 165 431
117 158 431
103 151 431
85 67 323
84 67 287
83 67 254
82 67 226
81 67 202
80 67 182
79 67 166
78 67 155
77 67 148
77 68 142
76 68 139
76 69 137
75 69 136
75 70 137
74 70 139
74 71 143
73 71 147
73 72 154
72 72 159
72 73 167
71 73 174
71 74 183
70 74 191
70 75 201
69 75 209
69 76 218
68 76 227
68 77 236
67 77 245
67 78 253
66 78 262
66 79 269
66 80 277
65 80 282
65 81 289
64 81 294
64 82 298
64 83 303
64 84 309
64 85 315
63 86 315
62 86 310
61 86 308
61 87 307
60 87 304
60 88 301
60 89 297
59 89 292
59 90 286
58 90 280
58 91 273
58 92 266
57 92 258
57 93 250
57 94 242
56 94 234
56 95 225
55 95 217
54 95 211
53 95 206
52 96 193
52 97 185
52 98 178
52 99 174
52 100 171
52 101 170
52 102 171
53 102 172
53 103 174
54 103 176
54 104 179
55 104 181
55 105 185
56 105 188
56 106 192
57 106 197
57 107 201
58 107 206
58 108 211
59 108 216
59 109 221
59 110 228
59 111 237
59 112 250
59 113 265
59 114 282
60 115 295
61 115 289
62 115 286
63 115 284
64 115 285
65 115 289
66 115 294
66 116 299
67 116 303
67 117 308
68 117 311
68 118 317
69 118 319
70 118 323
70 119 325
71 119 328
71 120 331
72 120 333
73 120 335
73 121 337
74 122 341
75 122 340
76 122 341
77 122 342
77 123 342
78 123 342
79 123 342
80 123 344
81 123 345
82 123 348
83 123 350
84 123 352
85 123 355
86 123 357
87 123 358
88 123 359
89 123 360
90 123 360
91 123 359
92 123 357
93 123 354
94 123 350
95 123 346
96 123 340
97 123 334
98 123 327
99 123 319
100 123 310
101 123 301
117 185 186
116 185 182
115 185 178
114 185 177
113 185 177
112 185 179
112 184 182
112 183 185
112 182 188
112 181 191
112 180 194
112 179 197
112 178 199
112 177 200
112 176 200
112 175 200
112 174 199
112 173 198
112 172 196
112 171 193
112 170 191
112 169 188
112 168 186
112 167 184
112 166 183
111 166 181
111 165 180
111 164 180
111 163 180
110 163 180
110 162 181
110 161 184
109 161 187
109 160 189
109 159 193
109 158 199
108 158 204
108 157 209
108 156 215
108 155 223
107 155 229
107 154 236
107 153 244
107 152 251
107 151 259
106 151 266
106 150 272
106 149 278
106 148 283
106 147 288
106 146 291
106 145 293
106 144 294
106 143 293
106 142 291
106 141 287
106 140 282
106 139 276
106 138 269
106 137 261
105 137 258
104 137 258
103 137 261
102 136 255
102 135 246
102 134 237
102 133 229
102 132 223
102 131 219
102 130 217
102 129 218
102 128 222
102 127 229
102 126 239
102 125 253
102 124 271
118 186 190
118 187 189
119 187 194
120 187 200
121 187 206
122 187 211
123 187 216
124 187 219
125 187 222
126 187 223
127 187 223
128 187 222
129 187 219
130 187 215
131 187 210
132 187 205
133 187 198
134 187 191
135 187 184
136 187 177
137 187 171
138 187 165
139 187 161
140 187 157
141 187 156
142 187 156
143 187 160
144 187 165
145 187 174
146 187 186
147 187 201
148 187 220
149 187 242
150 187 268
151 187 298
152 187 331
118 188 189
118 189 192
118 190 196
118 191 204
118 192 214
118 193 228
118 194 245
118 195 265
118 196 289
118 197 317
136 118 319
135 118 284
134 118 253
133 118 226
132 118 202
131 118 181
130 118 164
129 118 150
128 118 140
127 118 133
126 118 129
125 118 127
124 118 128
124 119 130
123 119 131
122 119 135
122 120 138
121 120 142
121 121 147
120 121 150
119 121 155
119 122 160
118 122 164
117 122 169
117 123 174
116 123 177
115 123 182
114 123 187
113 123 193
112 123 200
111 123 207
110 123 216
109 123 224
108 123 233
107 123 243
106 123 253
105 123 262
104 123 272
103 123 282
51 95 200
50 95 199
49 95 198
48 95 199
47 95 200
46 95 202
45 95 205
44 95 208
43 95 212
42 95 216
42 94 227
42 93 243
42 92 261
42 91 284
42 90 309
6 95 327
7 95 293
8 95 262
9 95 235
10 95 212
11 95 193
12 95 178
13 95 166
14 95 158
15 95 154
16 95 152
17 95 153
18 95 157
19 95 162
20 95 170
21 95 178
22 95 187
23 95 196
24 95 205
25 95 214
26 95 223
27 95 230
28 95 237
29 95 242
30 95 246
31 95 248
32 95 249
33 95 249
34 95 248
35 95 246
36 95 243
37 95 239
38 95 234
39 95 230
40 95 225
41 95 220
198 15 334
197 15 300
196 15 270
195 15 244
194 15 221
193 15 203
192 15 188
191 15 177
190 15 169
189 15 165
189 16 162
188 16 160
187 16 161
187 17 160
186 17 162
186 18 165
185 18 167
184 18 170
184 19 174
183 19 176
182 19 180
182 20 183
181 20 185
180 20 188
180 21 188
179 21 189
179 22 191
178 22 189
177 22 188
177 23 188
176 23 185
175 23 183
175 24 180
174 24 176
173 24 174
173 25 170
172 25 167
171 25 165
171 26 162
170 26 160
170 27 161
169 27 160
168 27 162
168 28 165
167 28 169
166 28 177
165 28 188
164 28 203
163 28 221
162 28 244
161 28 270
160 28 300
159 28 334
