116 73 62
122 155 62
0 103 62
96 170 62
2 37 62
184 56 62
197 164 62
197 164 52
197 164 52
197 164 52
130 28 62
57 43 62
57 43 52
57 43 52
57 43 52
99 2 62
99 2 52
99 2 52
99 2 52
99 2 52
99 2 52
149 53 62
109 163 62
144 37 62
133 45 62
127 66 62
171 50 62
174 65 62
174 65 52
161 59 62
161 59 52
138 60 62
13 44 62
13 44 52
13 44 52
13 44 52
13 44 52
13 44 52
111 147 62
97 155 62
13 30 62
13 30 52
13 30 52
12 96 62
0 89 62
46 36 62
46 36 52
46 36 52
45 51 62
45 51 52
45 51 52
45 51 52
45 51 52
45 51 52
45 51 52
45 51 52
58 28 62
58 28 52
158 44 62
185 157 62
185 157 52
185 157 52
185 157 52
185 157 52
185 157 52
185 157 52
185 157 52
185 157 52
185 157 52
197 178 62
2 23 62
2 23 52
2 23 52
2 23 52
185 171 62
185 186 62
12 83 62
47 21 62
172 179 62
84 162 62
1 76 62
12 70 62
12 70 52
2 50 62
2 50 52
1 63 62
1 63 52
35 30 62
36 15 62
24 23 62
172 193 62
160 187 62
84 177 62
160 199 62
72 168 62
72 183 62
147 195 62
147 195 52
60 174 62
60 188 62
147 181 62
147 181 52
147 181 52
147 181 52
147 181 52
134 189 62
134 189 52
134 189 52
134 189 52
134 189 52
134 189 52
134 189 52
134 189 52
134 189 52
134 189 52
48 180 62
112 58 62
123 51 62
48 194 62
48 194 52
120 36 62
159 173 62
159 173 52
159 173 52
147 167 62
147 167 52
147 167 52
147 167 52
147 167 52
36 186 62
36 186 52
36 186 52
36 186 52
118 20 62
135 161 62
135 161 52
135 161 52
107 11 62
107 11 52
107 11 52
107 11 52
186 70 62
186 70 52
186 70 52
186 70 52
129 13 62
119 4 62
109 0 62
109 0 52
109 0 52
131 0 62
131 0 52
131 0 52
131 0 52
12 110 62
0 117 62
109 42 62
12 125 62
12 125 52
169 36 62
182 42 62
0 132 62
155 29 62
155 29 52
14 16 62
14 16 52
25 8 62
142 21 62
107 26 62
14 1 62
14 1 52
14 1 52
14 1 52
14 1 52
14 1 52
14 1 52
14 1 52
95 34 62
95 34 52
95 34 52
95 34 52
70 34 62
70 34 52
70 34 52
70 49 62
70 49 52
83 41 62
122 169 62
122 169 52
122 169 52
122 169 52
122 169 52
122 169 52
136 146 62
136 146 52
125 139 62
148 153 62
160 159 62
160 159 52
160 159 52
160 159 52
160 159 52
113 132 62
127 124 62
127 124 52
127 124 52
115 117 62
115 117 52
36 199 62
36 199 52
36 199 52
36 199 52
36 199 52
36 199 52
36 199 52
36 199 52
36 199 52
185 199 62
197 192 62
101 124 62
99 140 62
87 131 62
85 147 62
72 154 62
73 138 62
73 138 52
73 138 52
73 138 52
73 138 52
73 138 52
60 160 62
48 166 62
48 166 52
36 172 62
36 172 52
36 172 52
36 172 52
36 172 52
36 172 52
60 199 62
60 199 52
72 196 62
72 196 52
84 190 62
84 190 52
84 190 52
84 190 52
84 190 52
102 109 62
102 109 52
88 116 62
88 116 52
88 116 52
88 116 52
88 116 52
88 116 52
88 116 52
117 102 62
117 102 52
117 102 52
117 102 52
117 102 52
117 102 52
117 102 52
117 102 52
117 102 52
117 102 52
138 131 62
138 131 52
138 131 52
138 131 52
138 131 52
138 131 52
138 131 52
138 131 52
138 131 52
61 145 62
61 145 52
61 145 52
61 145 52
61 145 52
61 145 52
61 145 52
61 145 52
61 145 52
103 94 62
103 94 52
103 94 52
102 79 62
148 53 24
148 53 60
147 53 15
147 53 60
146 53 15
146 53 60
145 53 15
145 53 60
145 54 15
145 54 60
144 54 15
144 54 60
144 55 15
144 55 60
143 55 15
143 55 60
143 56 15
143 56 60
142 56 15
142 56 60
141 56 15
141 56 60
140 56 15
140 56 60
139 56 15
139 56 60
138 56 15
138 56 60
137 56 15
137 56 60
136 56 15
135 56 15
135 57 15
134 57 15
134 58 15
134 59 15
133 59 15
133 60 15
133 61 15
132 61 15
131 61 15
131 62 15
130 62 15
129 62 15
128 62 15
127 62 15
126 62 15
125 62 15
125 63 15
125 64 15
125 65 15
124 65 15
123 65 15
123 66 15
122 66 15
121 66 15
121 67 15
120 67 15
120 68 15
119 68 15
118 68 15
118 69 15
117 69 15
117 70 15
117 71 15
116 71 15
116 72 15
113 131 26
113 130 17
113 129 15
113 128 15
113 128 60
113 127 15
113 127 60
112 127 15
112 127 60
112 126 15
112 126 60
112 125 15
112 125 60
111 125 15
111 125 60
111 124 15
111 124 60
111 123 15
111 123 60
111 122 15
111 122 60
110 122 15
110 122 60
109 122 15
109 122 60
109 121 15
109 121 60
108 121 15
108 121 60
107 121 15
107 121 60
106 121 15
106 121 60
105 121 15
105 121 60
105 120 15
105 120 60
105 119 15
105 119 60
105 118 15
105 118 60
105 117 15
105 117 60
105 116 19
105 116 60
104 116 24
104 116 60
104 115 29
104 115 60
104 114 36
104 114 60
103 114 43
103 114 60
103 113 50
103 113 60
103 112 58
103 112 60
103 111 66
103 111 60
103 110 75
103 109 85
103 108 94
103 107 104
103 106 114
103 106 60
103 105 124
103 105 60
103 104 132
103 104 60
103 103 140
103 103 60
103 102 147
103 102 60
103 102 60
103 101 152
103 101 60
103 101 60
103 100 156
103 100 60
103 100 60
103 99 159
103 99 60
103 99 60
103 98 159
103 98 60
103 98 60
103 97 158
103 97 60
103 97 60
103 96 154
103 96 60
103 95 149
103 95 60
103 93 134
103 92 124
103 91 113
103 90 102
103 89 90
103 88 78
103 87 66
103 86 54
103 85 44
103 84 35
103 83 27
103 82 22
104 82 15
104 81 15
105 81 15
105 80 15
105 79 15
105 78 15
105 77 15
105 76 15
105 75 15
106 75 15
106 74 15
106 73 15
107 73 15
108 73 15
109 73 15
110 73 15
111 73 15
112 73 15
113 73 15
114 73 15
115 73 18
114 132 23
115 132 15
116 132 15
117 132 15
117 133 15
117 134 15
118 134 15
119 134 15
119 135 15
120 135 15
120 136 15
120 137 15
121 137 15
121 138 15
121 139 15
121 140 15
121 141 15
121 142 15
121 143 15
121 144 15
122 144 15
122 145 15
122 146 15
122 147 15
122 148 15
122 149 15
122 150 15
122 151 15
122 152 15
122 153 15
122 154 23
123 153 15
124 153 15
125 153 15
126 153 15
127 153 15
128 153 15
129 153 15
130 153 15
130 154 15
131 154 15
131 154 60
132 154 15
132 154 60
132 155 15
132 155 60
133 155 15
133 155 60
134 155 15
134 155 60
135 155 15
135 155 60
135 156 15
135 156 60
136 156 15
136 156 60
136 157 15
136 157 60
137 157 15
137 157 60
138 157 15
138 157 60
138 158 15
138 158 60
138 158 60
139 158 15
139 158 60
139 158 60
140 158 15
140 158 60
140 158 60
141 158 15
141 158 60
141 158 60
142 158 15
142 158 60
143 158 15
143 158 60
144 158 15
144 158 60
145 158 15
145 158 60
146 158 15
146 158 60
147 158 22
147 158 60
147 159 39
147 159 60
148 159 57
148 159 60
148 160 75
149 160 93
149 161 112
150 161 130
150 162 146
150 163 163
151 163 176
151 164 190
152 164 201
152 165 210
152 166 218
153 166 223
153 167 226
153 168 228
154 168 226
154 169 223
155 169 219
155 169 60
155 170 212
155 171 205
156 171 196
156 172 187
157 172 176
157 173 165
158 173 154
159 174 131
159 175 119
160 175 108
160 176 98
161 176 88
162 176 79
162 177 70
163 177 62
164 177 55
165 177 50
166 177 46
167 177 44
168 177 43
169 177 42
170 177 43
171 177 44
172 177 45
173 177 46
174 177 48
175 177 48
176 177 48
177 177 47
178 177 46
179 177 42
180 177 38
181 177 32
182 177 25
183 177 17
184 177 15
185 177 15
186 177 15
187 177 15
188 177 15
188 176 15
188 175 15
188 175 60
189 175 15
189 175 60
190 175 15
190 175 60
191 175 15
191 175 60
192 175 15
192 175 60
193 175 15
193 175 60
193 174 15
193 174 60
194 174 15
194 174 60
195 174 15
195 174 60
195 173 15
195 173 60
196 173 15
196 173 60
196 172 15
196 172 60
196 171 15
196 171 60
196 170 15
196 170 60
196 169 22
196 169 60
196 168 42
196 168 60
197 168 62
197 168 60
197 167 87
197 167 60
197 166 118
197 165 154
96 169 16
96 168 15
97 168 15
97 167 15
98 167 15
98 166 15
98 165 15
98 164 15
99 164 15
100 164 15
100 163 15
100 162 15
100 161 15
101 161 15
102 161 15
103 161 15
103 160 15
103 159 15
103 158 15
103 157 15
104 157 15
105 157 15
106 157 15
106 156 15
106 155 15
107 155 15
107 154 15
108 154 15
109 154 15
110 154 15
111 154 15
112 154 15
113 154 15
114 154 15
115 154 15
116 154 15
117 154 15
118 154 15
119 154 15
120 154 15
121 154 19
147 52 15
147 52 60
147 51 15
147 51 60
147 50 15
147 50 60
147 49 15
147 48 15
147 47 15
147 46 15
147 45 15
147 44 15
147 43 15
147 42 18
147 41 23
147 40 26
147 39 28
147 38 29
147 37 29
147 36 27
147 35 24
147 34 20
147 33 16
147 32 15
147 32 60
147 31 15
147 31 60
146 31 15
146 31 60
145 31 15
144 31 15
144 30 15
143 30 15
143 29 15
143 28 15
142 28 15
141 28 15
140 28 15
139 28 15
138 28 15
137 28 15
136 28 15
135 28 20
134 28 25
133 28 30
132 28 33
131 28 36
83 40 53
83 40 60
84 40 68
84 40 60
85 40 82
86 40 96
87 40 110
88 40 122
89 40 133
90 40 142
91 40 148
92 40 153
93 40 154
94 40 153
95 40 149
96 40 143
97 40 134
98 40 123
99 40 111
100 40 97
101 40 83
102 40 68
103 40 54
103 39 38
104 39 24
104 38 15
104 37 15
104 37 60
104 36 15
104 36 60
105 36 15
105 36 60
105 35 15
105 35 60
105 34 15
105 34 60
105 33 15
105 33 60
105 32 15
105 32 60
105 31 15
105 31 60
105 30 15
105 30 60
106 30 15
106 30 60
106 29 15
106 29 60
106 28 15
106 28 60
107 28 15
107 28 60
108 28 15
108 28 60
109 28 15
109 28 60
110 28 15
110 28 60
111 28 15
112 28 15
113 28 15
114 28 15
115 28 15
116 28 15
117 28 15
118 28 15
119 28 15
120 28 15
121 28 15
122 28 15
123 28 15
124 28 15
125 28 19
126 28 26
127 28 31
128 28 35
129 28 37
82 41 24
82 41 60
81 41 15
81 41 60
80 41 15
80 41 60
79 41 15
79 41 60
79 40 15
79 40 60
78 40 15
78 40 60
77 40 15
77 40 60
77 39 15
77 39 60
76 39 15
76 39 60
75 39 15
75 39 60
74 39 15
74 39 60
73 39 15
73 39 60
72 39 15
72 39 60
71 39 15
71 39 60
70 39 15
70 39 60
69 39 15
69 39 60
68 39 15
68 39 60
67 39 15
67 39 60
66 39 15
66 39 60
66 39 60
65 39 17
65 39 60
65 39 60
65 38 25
65 38 60
65 38 60
64 38 30
64 38 60
64 38 60
63 38 36
63 38 60
63 38 60
63 37 41
63 37 60
63 37 60
62 37 45
62 37 60
62 37 60
61 37 49
61 37 60
61 37 60
61 36 50
61 36 60
61 36 60
60 36 52
60 36 60
60 36 60
60 35 52
60 35 60
60 35 60
59 35 51
59 35 60
59 35 60
59 34 51
59 34 60
59 34 60
58 34 47
58 34 60
58 34 60
57 34 44
57 34 60
57 33 40
57 33 60
56 33 35
56 33 60
56 32 30
56 32 60
55 32 23
55 32 60
54 32 17
54 32 60
54 31 15
54 31 60
54 30 15
54 30 60
53 30 15
53 30 60
53 29 15
53 29 60
52 29 15
52 29 60
52 28 15
52 27 15
52 26 15
51 26 15
51 25 15
50 25 15
49 25 15
48 25 15
48 24 15
48 23 15
47 23 15
47 22 15
46 22 15
45 22 15
44 22 15
44 21 15
43 21 15
43 20 15
42 20 15
41 20 15
40 20 15
39 20 15
38 20 15
37 20 15
36 20 15
35 20 15
34 20 15
33 20 15
32 20 15
31 20 15
30 20 15
29 20 15
28 20 15
27 20 15
26 20 15
25 20 15
25 20 60
24 20 15
24 20 60
23 20 15
23 20 60
22 20 15
22 20 60
21 20 15
21 20 60
20 20 15
20 20 60
19 20 22
19 20 60
18 20 31
18 20 60
17 20 41
17 20 60
16 20 50
16 20 60
16 21 59
16 21 60
15 21 65
15 21 60
14 21 71
14 21 60
14 22 75
14 22 60
13 22 78
13 22 60
12 22 81
12 22 60
12 22 60
12 23 81
12 23 60
12 23 60
11 23 81
11 23 60
11 23 60
11 24 80
11 24 60
11 24 60
11 24 60
10 24 78
10 24 60
10 24 60
10 24 60
10 25 75
10 25 60
10 25 60
10 25 60
9 25 72
9 25 60
9 25 60
9 25 60
9 26 68
9 26 60
9 26 60
9 26 60
8 26 64
8 26 60
8 26 60
8 26 60
8 27 59
8 27 60
8 27 60
8 27 60
8 28 55
8 28 60
8 28 60
8 28 60
7 28 49
7 28 60
7 28 60
7 28 60
7 29 45
7 29 60
7 29 60
6 29 41
6 29 60
6 29 60
6 30 36
6 30 60
6 30 60
6 31 33
6 31 60
6 31 60
5 31 30
5 31 60
5 31 60
5 32 27
5 32 60
5 32 60
5 33 24
5 33 60
5 33 60
5 34 23
5 34 60
5 34 60
4 34 23
4 34 60
4 35 22
4 35 60
4 36 23
4 36 60
4 37 24
4 37 60
3 37 28
3 37 60
4 38 26
4 38 60
4 39 30
4 39 60
4 40 34
4 40 60
4 41 38
4 41 60
4 42 43
4 42 60
4 43 48
4 43 60
4 44 53
4 44 60
4 45 59
4 45 60
4 46 64
4 46 60
4 47 68
4 47 60
4 48 72
4 48 60
4 49 76
4 49 60
4 50 79
4 50 60
4 51 81
4 51 60
4 52 82
4 53 82
4 54 81
4 55 78
4 55 60
4 56 75
4 56 60
4 57 71
4 57 60
4 58 66
4 58 60
4 58 60
4 59 61
4 59 60
4 59 60
4 60 54
4 60 60
4 60 60
4 61 47
4 61 60
4 61 60
4 61 60
4 62 39
4 62 60
4 62 60
4 62 60
4 63 31
4 63 60
4 63 60
4 63 60
4 64 23
4 64 60
4 64 60
4 64 60
4 65 15
4 65 60
4 65 60
4 66 15
4 66 60
4 66 60
4 67 15
4 67 60
4 67 60
4 68 15
4 68 60
3 68 15
3 68 60
3 69 15
3 69 60
3 70 15
3 70 60
3 71 15
3 71 60
3 72 15
3 72 60
3 73 15
3 73 60
3 74 15
3 74 60
3 75 15
3 75 60
3 76 15
3 76 60
2 76 15
2 76 60
2 77 15
2 77 60
2 78 15
2 78 60
2 79 15
2 79 60
2 80 15
2 80 60
2 81 15
2 82 15
2 83 15
2 84 15
2 85 15
2 86 15
1 86 15
1 87 15
1 88 15
1 89 15
1 90 15
1 91 15
1 92 15
1 93 15
1 94 15
1 95 15
1 96 15
1 97 15
1 98 15
1 99 15
1 100 15
1 101 15
1 102 15
1 103 15
79 42 15
79 42 60
79 43 15
79 43 60
78 43 15
78 43 60
77 43 15
77 43 60
76 43 15
76 43 60
75 43 15
75 43 60
74 43 15
74 43 60
73 43 15
73 43 60
72 43 15
72 43 60
71 43 15
71 43 60
70 43 15
70 43 60
69 43 15
69 43 60
68 43 15
68 43 60
67 43 15
67 43 60
66 43 15
66 43 60
65 43 26
65 43 60
64 43 44
64 43 60
63 43 63
63 43 60
62 43 83
62 43 60
61 43 104
61 43 60
60 43 126
60 43 60
59 43 148
59 43 60
58 43 171
149 52 25
149 52 60
149 51 15
149 51 60
149 50 15
149 50 60
149 49 15
149 49 60
149 48 15
149 47 15
149 46 15
149 45 15
149 44 15
150 44 15
150 43 17
151 43 19
151 42 21
152 42 22
152 41 22
153 41 23
154 41 23
155 41 23
156 41 23
157 41 23
158 41 23
159 41 22
160 41 21
161 41 19
162 41 16
163 41 15
164 41 15
165 41 15
166 41 15
167 41 15
168 41 15
169 41 15
170 41 15
170 41 60
171 41 15
171 41 60
172 41 15
172 41 60
173 41 15
173 41 60
173 42 15
173 42 60
173 43 15
173 43 60
174 43 15
174 43 60
175 43 15
175 43 60
176 43 15
176 43 60
177 43 15
177 43 60
178 43 15
178 43 60
179 43 15
179 43 60
180 43 15
180 43 60
180 44 15
180 44 60
180 45 15
180 45 60
180 46 15
180 46 60
180 47 15
180 47 60
181 47 15
181 47 60
181 48 15
181 48 60
181 49 15
181 49 60
181 50 15
181 50 60
181 51 15
181 51 60
181 52 15
181 52 60
181 53 15
181 53 60
181 54 15
181 54 60
181 55 15
181 55 60
182 55 15
182 55 60
182 56 15
182 56 60
183 56 15
183 56 60
