50 31 431
136 48 431
179 99 431
75 80 431
75 80 421
159 148 431
128 107 431
187 138 431
0 37 431
95 157 431
20 84 431
79 6 431
173 135 431
173 135 421
64 25 431
64 25 421
173 151 431
173 151 421
182 110 431
182 110 421
178 85 431
178 85 421
11 43 431
0 53 431
9 76 431
9 76 421
138 115 431
139 101 431
139 101 421
127 121 431
127 121 421
147 140 431
146 55 431
136 62 431
96 144 431
83 149 431
83 149 421
108 154 431
108 154 421
146 155 431
36 40 431
36 40 421
125 54 431
125 54 421
168 106 431
168 106 421
146 68 431
10 60 431
10 60 421
66 0 431
65 10 431
65 10 421
62 40 431
48 48 431
61 57 431
61 57 421
191 90 431
191 90 421
13 27 431
13 27 421
20 98 431
20 98 421
147 41 431
33 74 431
60 73 431
46 81 431
194 102 431
194 102 421
99 130 431
110 140 431
135 146 431
135 146 421
137 75 431
128 93 431
128 93 421
116 112 431
113 126 431
167 93 431
156 88 431
146 81 431
1 21 431
1 6 431
148 124 431
13 12 431
14 0 431
26 4 431
39 10 431
39 0 431
39 0 421
37 24 431
37 24 421
156 75 431
156 75 421
136 34 431
148 26 431
148 26 421
147 95 431
47 65 431
60 88 431
60 88 421
33 90 431
92 0 431
92 0 421
34 57 431
25 18 431
102 117 431
102 117 421
22 50 431
22 50 421
148 109 431
91 14 431
78 19 431
78 19 421
103 23 431
103 9 431
126 26 431
115 18 431
80 6 359
81 6 355
82 6 353
83 6 352
84 6 352
84 7 351
85 7 347
86 7 345
86 8 342
87 8 336
88 8 331
89 8 326
89 9 318
90 9 310
90 9 482
91 9 303
91 9 482
91 10 294
91 10 482
91 11 290
91 11 482
91 12 291
91 12 482
91 13 298
92 14 289
93 14 270
94 14 251
95 14 235
96 14 220
97 14 207
98 14 197
99 14 189
99 14 482
100 14 183
100 14 482
100 15 180
100 15 482
101 15 174
101 15 482
102 15 172
102 15 482
102 16 170
102 16 482
103 16 169
103 16 482
104 16 169
104 17 170
104 17 482
105 17 172
106 17 176
106 18 179
107 18 183
108 18 189
109 18 198
110 18 208
111 18 220
112 18 234
113 18 249
114 18 265
115 19 271
115 20 264
115 21 263
115 22 267
116 22 275
116 23 281
117 23 287
118 23 294
118 24 299
119 24 303
120 24 309
120 25 313
121 25 316
122 25 320
122 26 322
123 26 325
124 26 328
125 26 333
126 27 333
126 28 330
126 29 331
127 29 329
128 29 329
128 30 326
129 30 324
129 31 322
130 31 319
130 32 315
131 32 311
131 33 307
132 33 302
132 34 297
133 34 291
134 34 288
135 34 288
136 35 275
136 36 262
136 37 251
136 38 243
136 39 238
136 40 234
136 41 233
136 42 234
136 43 236
136 44 240
136 45 244
136 46 249
136 47 255
145 81 284
145 80 281
145 79 278
144 79 273
144 78 267
144 77 263
143 77 257
143 76 250
143 75 244
143 74 239
142 74 232
142 73 226
142 72 220
142 71 216
141 71 212
141 70 207
141 69 203
141 68 201
141 67 199
141 66 198
141 65 197
141 64 197
141 63 197
141 62 197
141 61 197
141 60 198
141 59 197
141 58 197
141 57 196
141 56 194
141 55 192
141 54 190
141 53 188
141 52 185
141 51 183
141 50 180
141 49 178
141 48 177
140 48 182
139 48 193
138 48 209
137 48 232
147 94 326
147 93 319
147 92 312
147 91 306
147 90 300
147 89 295
147 88 291
147 87 289
147 86 287
147 85 286
147 84 287
147 83 289
146 83 289
146 82 287
148 108 343
148 108 482
148 107 347
148 107 482
148 106 350
148 106 482
148 105 352
148 105 482
148 104 353
148 103 353
148 102 351
148 101 349
148 100 345
148 99 340
148 98 334
148 97 327
148 96 320
148 95 313
148 110 334
148 110 482
148 111 330
148 111 482
148 112 325
148 113 321
148 114 318
148 115 316
148 116 314
148 117 314
148 118 315
148 119 317
148 120 320
148 121 323
148 122 327
148 123 332
148 125 341
148 126 345
148 127 348
148 128 350
148 129 350
148 130 350
148 131 347
148 132 343
148 133 337
148 134 329
148 135 319
148 136 308
148 137 295
148 138 282
148 139 268
148 140 254
148 141 240
148 142 226
148 143 214
149 143 203
149 144 193
149 145 185
150 145 179
150 146 174
150 147 173
151 147 173
151 148 176
152 148 181
153 148 192
154 148 207
155 148 227
156 148 251
157 148 279
158 148 309
186 138 432
185 138 431
184 138 435
184 139 439
183 139 447
183 140 456
182 140 466
181 140 479
180 140 494
179 140 511
178 140 528
177 140 544
176 140 560
175 140 575
174 140 587
173 140 597
172 140 603
171 140 606
170 140 605
169 140 600
168 140 592
167 140 579
166 140 563
165 140 543
164 140 520
163 140 495
162 140 468
161 140 440
160 140 412
159 140 383
159 141 367
159 142 354
159 143 343
159 144 336
159 145 332
159 146 331
159 147 335
147 109 324
146 109 314
145 109 307
144 109 304
143 109 304
142 109 307
141 109 312
140 109 318
139 109 324
138 109 332
137 109 339
136 109 345
135 109 350
134 109 354
133 109 357
132 109 358
131 109 358
130 109 356
129 109 354
128 109 351
128 108 367
95 156 386
95 155 363
95 154 343
95 153 327
95 152 313
96 152 299
96 151 286
96 150 275
96 149 267
96 148 260
96 147 256
96 146 253
96 145 252
97 144 228
98 144 210
99 144 197
100 144 189
100 143 183
100 142 177
101 142 171
101 141 166
101 140 163
102 140 158
102 139 154
103 139 153
103 138 150
103 137 151
104 137 150
104 136 151
105 136 155
105 135 157
105 134 163
106 134 167
106 133 174
107 133 181
107 132 189
108 132 199
108 131 208
108 130 219
109 130 229
109 129 240
110 129 252
110 128 262
110 127 274
110 127 482
111 127 285
111 126 295
111 126 482
112 126 307
113 125 327
113 124 331
113 124 482
113 123 336
113 123 482
113 122 342
113 122 482
114 122 346
114 122 482
114 121 348
114 121 482
114 120 351
114 120 482
115 120 351
115 120 482
115 119 350
116 119 350
116 118 347
116 117 345
116 116 346
116 115 348
116 114 354
116 113 362
117 112 355
118 112 340
119 112 329
120 112 321
121 112 317
122 112 315
123 112 316
124 112 318
124 111 320
125 111 323
126 111 326
127 111 330
128 111 334
128 110 340
149 95 296
150 95 283
151 95 273
152 95 267
153 95 264
154 95 264
155 95 267
156 95 272
157 95 279
158 95 289
159 95 299
160 95 310
161 95 321
162 95 333
163 95 343
164 95 353
165 95 362
166 95 369
167 95 375
168 95 380
169 95 383
170 95 385
171 95 386
172 95 387
173 95 386
174 95 386
175 95 386
176 95 387
176 96 387
177 96 388
178 96 390
179 96 395
179 97 400
179 98 412
21 84 322
22 84 298
23 84 275
24 84 255
25 84 237
26 84 221
27 84 208
28 84 198
28 83 190
29 83 181
30 83 175
30 82 172
31 82 168
32 82 166
32 81 165
33 81 164
34 81 165
35 81 169
35 81 482
36 81 174
36 81 482
37 81 181
37 81 482
38 81 190
38 81 482
39 81 201
39 81 482
40 81 213
40 81 482
41 81 226
41 81 482
42 81 240
42 81 482
43 81 255
43 81 482
44 81 271
44 81 482
45 81 288
46 80 282
46 79 263
46 78 248
46 77 235
46 76 225
46 75 217
46 74 212
46 73 209
46 72 209
46 72 482
46 71 209
46 71 482
46 70 212
46 70 482
46 69 215
46 68 220
46 67 225
46 66 230
46 65 236
47 64 251
47 63 257
47 62 263
47 61 268
47 60 273
47 59 277
47 58 280
47 57 282
47 56 284
47 55 285
47 54 285
47 53 284
47 52 283
47 51 282
47 50 280
47 49 278
47 48 277
46 48 284
45 48 293
44 48 305
43 48 321
42 48 338
41 48 359
40 48 381
39 48 407
38 48 433
37 48 462
37 48 482
36 48 492
36 48 482
36 48 482
35 48 523
35 48 482
35 48 482
34 48 555
34 48 482
34 48 482
33 48 586
33 48 482
33 48 482
33 48 482
32 48 617
32 48 482
32 48 482
32 48 482
31 48 647
31 48 482
31 48 482
31 48 482
31 48 482
30 48 675
30 48 482
30 48 482
30 48 482
30 48 482
29 48 701
29 48 482
29 48 482
29 48 482
29 48 482
28 48 724
28 48 482
28 48 482
28 48 482
28 48 482
28 48 482
27 48 743
27 48 482
27 48 482
27 48 482
27 48 482
27 48 482
26 48 759
26 48 482
26 48 482
26 48 482
26 48 482
26 48 482
25 48 770
25 48 482
25 48 482
25 48 482
25 48 482
25 48 482
24 48 776
24 48 482
24 48 482
24 48 482
24 48 482
24 48 482
23 48 777
23 48 482
23 48 482
23 48 482
23 48 482
23 48 482
22 48 773
22 48 482
22 48 482
22 48 482
22 48 482
22 48 482
21 48 764
21 48 482
21 48 482
21 48 482
21 48 482
20 48 749
20 48 482
20 48 482
20 48 482
19 48 730
19 48 482
19 48 482
18 48 705
18 48 482
17 48 677
17 48 482
16 48 644
15 48 608
14 48 570
13 48 530
12 48 490
11 48 449
10 48 410
9 48 373
8 48 339
7 48 308
6 48 282
5 48 262
5 47 241
5 46 226
4 46 212
4 45 201
3 45 194
3 44 189
3 43 187
2 43 188
2 42 192
2 41 199
1 41 207
1 40 217
1 39 230
1 38 245
0 38 260
48 47 269
49 47 266
49 46 259
49 45 254
50 45 248
50 44 241
50 43 235
50 42 231
50 41 229
50 40 229
50 39 232
50 38 237
50 37 244
50 36 254
50 35 267
50 34 281
50 33 299
50 32 318
47 80 298
48 80 313
49 80 329
50 80 344
51 80 359
52 80 374
53 80 388
54 80 403
55 80 416
56 80 430
57 80 443
58 80 456
59 80 468
60 80 481
61 80 493
62 80 506
63 80 519
64 80 533
65 80 547
65 80 482
66 80 561
66 80 482
67 80 577
67 80 482
68 80 594
68 80 482
69 80 612
69 80 482
70 80 631
70 80 482
71 80 652
71 80 482
72 80 674
72 80 482
73 80 697
73 80 482
74 80 723
74 80 482
