41 67 62
20 144 62
107 62 62
178 47 62
120 12 62
68 180 62
77 100 62
96 68 62
96 68 52
96 68 52
41 79 62
53 73 62
108 75 62
8 137 62
8 137 52
8 137 52
8 137 52
8 137 52
8 137 52
8 137 52
8 137 52
31 153 62
31 153 52
31 153 52
31 153 52
31 153 52
31 153 52
31 153 52
65 92 62
65 92 52
65 92 52
65 92 52
65 92 52
88 95 62
33 137 62
21 129 62
97 79 62
97 79 52
88 108 62
120 69 62
53 61 62
53 61 52
53 61 52
53 61 52
53 61 52
53 61 52
35 121 62
28 73 62
28 61 62
121 81 62
23 114 62
23 114 52
23 114 52
23 114 52
23 114 52
23 114 52
23 114 52
23 114 52
47 129 62
47 129 52
47 129 52
47 129 52
15 68 62
15 68 52
15 68 52
15 68 52
15 68 52
15 68 52
15 68 52
15 68 52
134 74 62
135 87 62
135 87 52
135 87 52
135 87 52
135 87 52
135 87 52
50 113 62
50 113 52
50 113 52
50 113 52
50 113 52
76 114 62
62 121 62
62 121 52
62 121 52
62 121 52
62 121 52
94 55 62
94 55 52
94 55 52
53 85 62
53 85 52
56 187 62
56 187 52
56 187 52
56 187 52
56 187 52
56 187 52
56 187 52
56 187 52
177 33 62
191 39 62
191 39 52
191 39 52
191 39 52
191 39 52
40 92 62
38 106 62
38 106 52
38 106 52
52 98 62
52 98 52
52 98 52
134 61 62
134 61 52
134 61 52
134 61 52
134 61 52
134 61 52
134 61 52
134 61 52
106 49 62
106 35 62
106 35 52
106 35 52
106 35 52
106 35 52
106 35 52
120 27 62
120 27 52
120 27 52
120 27 52
27 86 62
27 86 52
27 86 52
27 86 52
28 48 62
28 48 52
28 48 52
28 48 52
28 48 52
28 48 52
28 48 52
28 48 52
28 48 52
65 68 62
65 68 52
65 68 52
65 68 52
65 68 52
65 68 52
65 68 52
76 75 62
76 75 52
76 75 52
76 75 52
76 75 52
107 20 62
86 72 62
86 72 52
86 72 52
86 72 52
77 101 15
77 102 15
77 103 15
76 103 15
76 104 15
76 105 15
75 105 15
75 106 15
75 107 15
75 108 15
75 109 15
75 110 15
75 111 15
75 112 15
74 112 25
73 112 55
72 112 88
71 112 122
70 112 156
69 112 190
68 112 222
67 112 253
66 112 280
65 112 303
64 112 323
63 112 338
62 112 349
61 112 355
60 112 357
59 112 355
58 112 349
57 112 340
56 112 329
55 112 316
54 112 301
53 112 286
53 112 60
52 112 271
52 112 60
51 112 258
51 112 60
50 112 245
50 112 60
50 111 243
50 111 60
50 110 240
50 110 60
50 110 60
50 109 234
50 109 60
50 109 60
50 109 60
50 108 226
50 108 60
50 108 60
50 108 60
50 108 60
50 107 216
50 107 60
50 107 60
50 107 60
50 107 60
50 106 204
50 106 60
50 106 60
50 106 60
50 106 60
50 105 191
50 105 60
50 105 60
50 105 60
50 105 60
50 104 178
50 104 60
50 104 60
50 104 60
50 103 163
50 103 60
50 103 60
50 102 148
50 102 60
50 101 133
50 101 60
50 100 119
49 100 104
49 99 89
49 98 75
49 97 62
48 97 49
48 96 37
48 95 26
47 95 16
47 95 60
47 94 15
47 94 60
46 94 15
46 94 60
45 94 15
45 94 60
45 93 15
45 93 60
45 92 15
45 92 60
45 91 15
45 91 60
45 90 15
45 89 15
45 88 15
45 87 15
45 86 15
45 85 15
45 84 15
45 83 15
45 82 15
45 81 15
45 80 15
45 79 15
45 78 15
45 77 15
45 76 15
45 75 15
45 74 15
44 74 15
43 74 16
43 73 16
42 73 16
41 73 15
41 72 15
41 71 15
41 70 15
41 69 19
41 68 27
49 113 233
48 113 223
47 113 216
47 114 208
47 115 198
47 116 187
47 117 175
46 117 161
46 118 147
46 118 60
46 119 132
46 119 60
45 119 116
45 119 60
45 120 101
45 120 60
45 120 60
44 120 85
44 120 60
44 120 60
44 121 69
44 121 60
44 121 60
44 121 60
43 121 54
43 121 60
43 121 60
43 121 60
43 122 39
43 122 60
43 122 60
43 122 60
42 122 25
42 122 60
42 122 60
42 122 60
42 123 15
42 123 60
42 123 60
42 123 60
42 124 15
42 124 60
42 124 60
42 124 60
42 125 15
42 125 60
42 125 60
42 125 60
41 125 15
41 125 60
41 125 60
40 125 15
40 125 60
40 125 60
39 125 15
39 125 60
38 125 15
38 125 60
37 125 15
37 125 60
36 125 15
36 125 60
35 125 15
35 125 60
35 126 15
35 126 60
35 127 15
35 127 60
35 128 15
35 128 60
34 128 15
34 128 60
34 129 15
34 129 60
33 129 15
33 130 15
33 131 15
33 132 15
33 133 15
33 134 15
33 135 15
33 136 15
32 137 15
31 137 15
31 138 15
30 138 15
29 138 15
29 139 15
28 139 15
28 140 15
28 141 15
28 141 60
27 141 15
27 142 15
27 142 60
26 142 15
25 142 15
24 142 15
23 142 15
22 142 15
21 142 15
21 143 15
20 143 15
119 12 15
119 12 60
118 12 15
117 12 15
117 13 15
116 13 15
115 13 15
114 13 15
113 13 15
113 14 15
113 15 15
112 15 15
112 16 15
111 16 15
110 16 15
110 17 15
110 18 15
110 19 15
110 20 15
110 21 15
110 22 15
110 22 60
110 23 15
110 23 60
110 24 15
110 24 60
110 25 20
110 25 60
109 25 47
109 26 74
109 27 103
109 28 131
109 29 158
109 30 184
109 31 206
109 32 226
109 33 242
109 34 254
109 35 262
109 36 265
109 36 60
109 37 265
109 37 60
109 37 60
109 38 261
109 38 60
109 38 60
109 38 60
109 38 60
109 39 253
109 39 60
109 39 60
109 39 60
109 39 60
109 39 60
109 39 60
109 40 242
109 40 60
109 40 60
109 40 60
109 40 60
109 40 60
109 40 60
109 41 229
109 41 60
109 41 60
109 41 60
109 41 60
109 41 60
109 42 214
109 42 60
109 42 60
109 42 60
109 42 60
109 43 199
109 43 60
109 43 60
109 43 60
108 43 181
108 43 60
108 43 60
108 43 60
108 44 162
108 44 60
108 45 143
108 46 125
107 46 106
107 47 88
107 48 72
106 48 55
106 50 28
105 50 15
105 51 15
105 52 15
105 53 15
105 54 15
105 55 15
105 56 15
105 57 15
105 58 15
105 59 15
105 60 15
105 61 15
105 62 17
106 62 24
