198 66 23
9 79 23
9 79 13
9 79 13
9 79 13
9 79 13
9 79 13
9 79 13
53 197 23
160 186 23
160 186 13
160 186 13
171 117 23
171 117 13
171 117 13
123 30 23
123 30 13
123 30 13
161 53 23
104 137 23
104 137 13
105 81 23
105 81 13
105 81 13
105 81 13
105 81 13
105 81 13
105 81 13
105 81 13
105 81 13
105 81 13
105 81 13
105 81 13
105 81 13
105 81 13
105 81 13
105 81 13
105 81 13
105 81 13
105 81 13
105 81 13
105 81 13
105 81 13
105 81 13
105 81 13
105 81 13
105 81 13
105 81 13
105 81 13
105 81 13
105 81 13
186 57 23
173 62 23
173 48 23
185 71 23
185 71 13
185 71 13
185 71 13
185 71 13
185 71 13
185 71 13
185 71 13
185 71 13
185 71 13
185 71 13
185 71 13
65 199 23
66 189 23
66 189 13
66 189 13
66 189 13
66 189 13
115 143 23
115 143 13
115 143 13
115 143 13
115 143 13
115 143 13
115 143 13
115 143 13
115 143 13
115 143 13
115 143 13
115 143 13
115 143 13
115 143 13
115 143 13
136 37 23
136 37 13
136 37 13
136 37 13
136 37 13
136 37 13
136 37 13
136 37 13
136 37 13
136 37 13
136 37 13
136 37 13
136 37 13
136 37 13
136 37 13
136 37 13
136 37 13
136 37 13
136 37 13
136 37 13
136 37 13
136 37 13
136 37 13
136 37 13
136 37 13
136 37 13
136 37 13
136 37 13
136 37 13
136 37 13
111 24 23
111 24 13
111 24 13
111 24 13
111 24 13
111 24 13
111 24 13
111 24 13
111 24 13
111 24 13
111 24 13
111 24 13
111 24 13
111 24 13
111 24 13
111 24 13
111 24 13
111 24 13
111 24 13
111 24 13
111 24 13
111 24 13
111 24 13
116 130 23
105 124 23
160 199 23
160 199 13
160 199 13
148 193 23
160 110 23
160 110 13
160 110 13
160 110 13
160 110 13
160 110 13
159 124 23
159 124 13
159 124 13
159 124 13
159 124 13
159 124 13
159 124 13
159 124 13
159 124 13
159 124 13
159 124 13
159 124 13
159 124 13
159 124 13
159 124 13
159 124 13
159 124 13
159 124 13
159 124 13
159 124 13
159 124 13
159 124 13
171 103 23
0 72 23
0 72 13
0 72 13
0 72 13
0 72 13
0 72 13
0 72 13
0 72 13
0 72 13
0 72 13
0 72 13
0 72 13
0 72 13
0 72 13
0 72 13
0 72 13
0 72 13
0 72 13
0 72 13
0 72 13
0 72 13
0 72 13
0 72 13
0 72 13
0 72 13
22 73 23
22 73 13
22 73 13
22 73 13
22 73 13
22 73 13
22 73 13
22 73 13
22 73 13
22 73 13
22 73 13
22 73 13
22 73 13
22 73 13
22 73 13
22 73 13
22 73 13
22 73 13
22 73 13
22 73 13
22 73 13
22 73 13
22 73 13
22 73 13
22 73 13
22 73 13
22 73 13
22 73 13
22 73 13
22 73 13
22 73 13
10 94 23
10 94 13
0 87 23
0 87 13
0 87 13
0 87 13
0 87 13
0 87 13
0 87 13
0 87 13
0 87 13
0 87 13
0 87 13
198 52 23
198 52 13
198 52 13
198 52 13
23 88 23
23 88 13
23 88 13
23 88 13
23 88 13
23 88 13
23 88 13
23 88 13
23 88 13
23 88 13
23 88 13
23 88 13
23 88 13
23 88 13
112 39 23
112 39 13
112 39 13
112 39 13
112 39 13
112 39 13
112 39 13
112 39 13
112 39 13
112 39 13
112 39 13
112 39 13
112 39 13
112 39 13
112 39 13
112 39 13
112 39 13
112 39 13
112 39 13
112 39 13
112 39 13
112 39 13
112 39 13
112 39 13
112 39 13
112 39 13
112 39 13
112 39 13
112 39 13
112 39 13
112 39 13
112 39 13
112 39 13
112 39 13
112 39 13
122 16 23
122 16 13
122 16 13
122 16 13
122 16 13
122 16 13
122 16 13
122 16 13
122 16 13
122 16 13
122 16 13
122 16 13
122 16 13
122 16 13
122 16 13
122 16 13
122 16 13
122 16 13
122 16 13
122 16 13
122 16 13
122 16 13
122 16 13
122 16 13
122 16 13
122 16 13
122 16 13
122 16 13
122 16 13
183 111 23
183 111 13
183 111 13
183 111 13
183 111 13
183 111 13
183 111 13
183 111 13
183 111 13
183 111 13
183 111 13
183 111 13
183 111 13
183 111 13
183 111 13
183 111 13
183 111 13
183 111 13
183 111 13
183 111 13
183 111 13
183 111 13
183 111 13
183 111 13
53 182 23
53 182 13
53 182 13
53 182 13
53 182 13
53 182 13
53 182 13
53 182 13
53 182 13
53 182 13
160 96 23
160 96 13
160 96 13
160 96 13
160 96 13
161 68 23
161 68 13
161 68 13
161 68 13
161 68 13
148 179 23
148 179 13
148 179 13
148 179 13
148 179 13
148 179 13
148 179 13
148 179 13
148 179 13
148 179 13
148 179 13
148 179 13
148 179 13
148 179 13
148 179 13
148 179 13
148 179 13
148 179 13
148 179 13
148 179 13
148 179 13
148 179 13
148 179 13
148 179 13
148 179 13
148 179 13
148 179 13
161 83 23
161 83 13
161 83 13
161 83 13
161 83 13
161 83 13
161 83 13
161 83 13
161 83 13
161 83 13
161 83 13
161 83 13
161 83 13
161 83 13
161 83 13
161 83 13
161 83 13
172 193 23
172 193 13
172 193 13
172 193 13
172 193 13
172 193 13
172 193 13
172 193 13
172 193 13
172 193 13
172 193 13
172 193 13
172 193 13
172 193 13
172 193 13
172 193 13
172 193 13
172 193 13
172 193 13
172 193 13
172 193 13
172 193 13
172 193 13
106 96 23
106 96 13
106 96 13
106 96 13
106 96 13
106 96 13
106 96 13
106 96 13
106 96 13
106 96 13
106 110 23
106 110 13
117 116 23
117 116 13
117 116 13
117 116 13
117 102 23
117 102 13
117 102 13
117 102 13
117 102 13
117 102 13
117 102 13
117 102 13
117 102 13
117 102 13
117 102 13
117 102 13
117 102 13
117 102 13
23 103 23
23 103 13
23 103 13
23 103 13
23 103 13
23 103 13
23 103 13
135 22 23
135 22 13
135 22 13
135 22 13
135 22 13
135 22 13
135 22 13
135 22 13
135 22 13
135 22 13
135 22 13
135 22 13
135 22 13
135 22 13
135 22 13
135 22 13
135 22 13
135 22 13
135 22 13
135 22 13
135 22 13
135 22 13
135 22 13
135 22 13
135 22 13
135 22 13
135 22 13
135 22 13
135 22 13
11 110 23
11 110 13
11 110 13
11 110 13
11 110 13
11 110 13
11 110 13
11 110 13
11 110 13
11 110 13
11 110 13
11 110 13
11 110 13
11 110 13
11 110 13
11 110 13
11 110 13
11 110 13
11 110 13
11 110 13
11 110 13
11 110 13
11 110 13
11 110 13
11 110 13
11 110 13
11 110 13
11 110 13
11 110 13
11 110 13
11 110 13
11 110 13
11 110 13
11 110 13
40 189 23
40 189 13
40 189 13
40 189 13
40 189 13
40 189 13
40 189 13
40 189 13
40 189 13
40 189 13
40 189 13
40 189 13
40 189 13
40 189 13
40 189 13
40 189 13
40 189 13
40 189 13
40 189 13
40 189 13
40 189 13
40 189 13
40 189 13
40 189 13
40 189 13
40 189 13
40 189 13
40 189 13
40 189 13
40 189 13
40 189 13
40 189 13
186 42 23
186 42 13
186 42 13
186 42 13
186 42 13
186 42 13
186 42 13
186 42 13
186 42 13
186 42 13
186 42 13
37 97 23
37 97 13
37 97 13
37 97 13
37 97 13
37 97 13
37 97 13
37 97 13
37 97 13
37 97 13
37 97 13
37 97 13
37 97 13
37 97 13
37 97 13
37 97 13
37 97 13
37 97 13
37 97 13
37 97 13
37 97 13
37 97 13
37 97 13
37 97 13
37 97 13
37 97 13
37 97 13
37 97 13
37 97 13
37 97 13
37 97 13
37 97 13
37 97 13
37 97 13
37 97 13
37 97 13
37 97 13
37 97 13
37 97 13
37 97 13
37 97 13
37 97 13
136 199 23
125 194 23
136 186 23
136 186 13
136 186 13
136 186 13
136 186 13
136 186 13
136 186 13
136 186 13
136 186 13
136 186 13
136 186 13
136 186 13
136 186 13
136 186 13
136 186 13
136 186 13
136 186 13
136 186 13
136 186 13
113 199 23
113 199 13
113 199 13
113 187 23
113 187 13
113 187 13
113 187 13
113 187 13
113 187 13
113 187 13
113 187 13
113 187 13
113 187 13
113 187 13
113 187 13
113 187 13
113 187 13
113 187 13
113 187 13
78 196 23
78 196 13
78 196 13
78 196 13
78 196 13
78 196 13
78 196 13
78 196 13
78 196 13
78 196 13
78 196 13
78 196 13
78 196 13
78 196 13
78 196 13
78 196 13
78 196 13
78 196 13
78 196 13
78 196 13
78 196 13
78 196 13
78 196 13
78 196 13
78 196 13
78 196 13
78 196 13
149 104 23
149 104 13
149 104 13
149 104 13
149 104 13
149 104 13
149 104 13
149 104 13
149 104 13
149 104 13
149 104 13
149 104 13
149 104 13
149 104 13
149 104 13
149 104 13
149 104 13
149 104 13
149 104 13
149 104 13
149 104 13
149 104 13
149 104 13
149 104 13
149 104 13
149 104 13
149 104 13
149 104 13
149 104 13
149 104 13
149 104 13
149 104 13
149 104 13
149 104 13
149 104 13
102 195 23
102 195 13
102 195 13
102 195 13
102 195 13
102 195 13
102 195 13
102 195 13
102 195 13
102 195 13
102 195 13
102 195 13
102 195 13
102 195 13
102 195 13
93 103 23
92 89 23
172 90 23
172 90 13
172 90 13
172 90 13
172 90 13
172 90 13
172 90 13
172 90 13
172 90 13
172 90 13
172 90 13
172 90 13
149 60 23
149 60 13
149 60 13
147 16 23
147 16 13
147 16 13
147 16 13
147 16 13
147 16 13
147 16 13
147 16 13
147 16 13
147 16 13
147 16 13
147 16 13
147 16 13
147 16 13
147 16 13
147 16 13
147 16 13
147 16 13
147 16 13
147 16 13
147 16 13
147 16 13
147 16 13
147 16 13
147 16 13
147 16 13
147 16 13
147 16 13
147 16 13
147 16 13
147 16 13
147 16 13
147 16 13
147 16 13
147 16 13
147 16 13
147 16 13
147 16 13
147 16 13
147 16 13
147 16 13
147 16 13
147 16 13
147 16 13
147 16 13
147 16 13
147 16 13
147 16 13
147 16 13
147 16 13
147 16 13
147 16 13
147 16 13
147 16 13
147 16 13
147 16 13
147 16 13
147 16 13
147 16 13
147 16 13
147 16 13
183 125 23
183 125 13
183 125 13
183 125 13
183 125 13
183 125 13
183 125 13
183 125 13
183 125 13
183 125 13
183 125 13
183 125 13
183 125 13
183 125 13
183 125 13
183 125 13
183 125 13
183 125 13
183 125 13
183 125 13
183 125 13
183 125 13
183 125 13
183 125 13
183 125 13
183 125 13
183 125 13
183 125 13
183 125 13
183 125 13
183 125 13
183 125 13
183 125 13
183 125 13
183 125 13
183 125 13
183 125 13
183 125 13
183 125 13
183 125 13
183 125 13
183 125 13
183 125 13
79 95 23
79 95 13
79 109 23
79 109 13
79 109 13
79 109 13
79 109 13
79 109 13
79 109 13
79 109 13
79 109 13
79 109 13
79 109 13
79 109 13
79 109 13
79 109 13
79 109 13
79 109 13
79 109 13
79 109 13
79 109 13
79 109 13
79 109 13
79 109 13
79 109 13
79 109 13
79 109 13
79 109 13
79 109 13
79 109 13
79 109 13
79 109 13
78 80 23
78 80 13
78 80 13
78 80 13
78 80 13
78 80 13
78 80 13
78 80 13
78 80 13
78 80 13
78 80 13
78 80 13
78 80 13
78 80 13
78 80 13
78 80 13
78 80 13
78 80 13
78 80 13
78 80 13
78 80 13
78 80 13
78 80 13
78 80 13
78 80 13
78 80 13
78 80 13
78 80 13
78 80 13
78 80 13
78 80 13
78 80 13
78 80 13
78 80 13
78 80 13
66 175 23
66 175 13
66 175 13
66 175 13
66 175 13
66 175 13
66 175 13
66 175 13
66 175 13
66 175 13
66 175 13
66 175 13
66 175 13
66 175 13
66 175 13
66 175 13
66 175 13
66 175 13
66 175 13
66 175 13
66 175 13
66 175 13
66 175 13
66 175 13
66 175 13
66 175 13
66 175 13
66 175 13
66 175 13
66 175 13
66 175 13
66 175 13
66 175 13
66 175 13
66 175 13
66 175 13
66 175 13
66 175 13
66 175 13
66 175 13
66 175 13
66 175 13
66 175 13
24 119 23
24 119 13
24 119 13
24 119 13
24 119 13
24 119 13
24 119 13
24 119 13
24 119 13
24 119 13
24 119 13
24 119 13
24 119 13
24 119 13
24 119 13
24 119 13
24 119 13
24 119 13
24 119 13
24 119 13
24 119 13
24 119 13
24 119 13
24 119 13
24 119 13
24 119 13
24 119 13
24 119 13
24 119 13
24 119 13
24 119 13
24 119 13
24 119 13
24 119 13
24 119 13
24 119 13
24 119 13
24 119 13
24 119 13
24 119 13
24 119 13
24 119 13
24 119 13
24 119 13
24 119 13
24 119 13
24 119 13
24 119 13
24 119 13
24 119 13
24 119 13
24 119 13
24 119 13
24 119 13
24 119 13
24 119 13
24 119 13
173 76 23
173 76 13
173 76 13
173 76 13
173 76 13
173 76 13
173 76 13
173 76 13
173 76 13
173 76 13
173 76 13
173 76 13
173 76 13
173 76 13
173 76 13
173 76 13
173 76 13
173 76 13
173 76 13
173 76 13
173 76 13
173 76 13
173 76 13
173 76 13
173 76 13
173 76 13
173 76 13
173 76 13
173 76 13
139 69 23
139 69 13
139 69 13
139 69 13
139 69 13
139 69 13
139 69 13
139 69 13
139 69 13
139 69 13
139 69 13
139 69 13
139 69 13
139 69 13
139 69 13
139 69 13
139 69 13
139 69 13
139 69 13
139 69 13
139 69 13
139 69 13
139 69 13
139 69 13
139 69 13
139 69 13
139 69 13
139 69 13
139 69 13
139 69 13
139 69 13
139 69 13
139 69 13
139 69 13
139 69 13
139 69 13
139 69 13
139 69 13
197 80 23
197 80 13
197 80 13
197 80 13
197 80 13
197 80 13
197 80 13
197 80 13
197 80 13
197 80 13
197 80 13
197 80 13
197 80 13
197 80 13
197 80 13
197 80 13
197 80 13
197 80 13
197 80 13
197 80 13
197 80 13
197 80 13
197 80 13
197 80 13
185 85 23
185 85 13
185 85 13
185 85 13
185 85 13
185 85 13
185 85 13
185 85 13
185 85 13
185 85 13
185 85 13
185 85 13
185 85 13
185 85 13
185 85 13
185 85 13
185 85 13
185 85 13
185 85 13
185 85 13
185 85 13
185 85 13
185 85 13
185 85 13
185 85 13
185 85 13
185 85 13
185 85 13
185 85 13
185 85 13
185 85 13
185 85 13
185 85 13
185 85 13
103 151 23
103 151 13
103 151 13
103 151 13
103 151 13
92 145 23
92 145 13
91 159 23
91 159 13
91 159 13
91 159 13
102 180 23
102 180 13
102 180 13
102 180 13
102 180 13
102 180 13
102 180 13
102 180 13
102 180 13
102 180 13
102 180 13
102 180 13
102 180 13
102 180 13
102 180 13
102 180 13
102 180 13
102 180 13
102 180 13
102 180 13
102 180 13
102 180 13
102 180 13
102 180 13
102 180 13
102 180 13
102 180 13
102 180 13
102 180 13
102 180 13
102 180 13
102 180 13
102 180 13
102 180 13
40 174 23
40 174 13
40 174 13
40 174 13
40 174 13
40 174 13
40 174 13
40 174 13
40 174 13
40 174 13
40 174 13
40 174 13
40 174 13
40 174 13
40 174 13
40 174 13
40 174 13
40 174 13
40 174 13
40 174 13
40 174 13
40 174 13
40 174 13
40 174 13
40 174 13
40 174 13
40 174 13
40 174 13
40 174 13
40 174 13
40 174 13
40 174 13
40 174 13
40 174 13
40 174 13
40 174 13
40 174 13
40 174 13
40 174 13
40 174 13
40 174 13
40 174 13
40 174 13
40 174 13
40 174 13
40 174 13
40 174 13
40 174 13
40 174 13
125 46 23
125 46 13
125 46 13
125 46 13
125 46 13
125 46 13
125 46 13
125 46 13
125 46 13
125 46 13
125 46 13
125 46 13
125 46 13
125 46 13
125 46 13
125 46 13
125 46 13
125 46 13
125 46 13
125 46 13
125 46 13
125 46 13
125 46 13
125 46 13
125 46 13
125 46 13
125 46 13
125 46 13
125 46 13
125 46 13
125 46 13
125 46 13
125 46 13
125 46 13
125 46 13
125 46 13
125 46 13
125 46 13
125 46 13
125 46 13
125 46 13
125 46 13
125 46 13
125 46 13
125 46 13
125 46 13
125 46 13
125 46 13
138 53 23
138 53 13
138 53 13
138 53 13
138 53 13
138 53 13
138 53 13
138 53 13
138 53 13
138 53 13
138 53 13
138 53 13
138 53 13
138 53 13
138 53 13
138 53 13
138 53 13
138 53 13
138 53 13
138 53 13
138 53 13
138 53 13
9 65 23
9 65 13
9 65 13
9 65 13
9 65 13
9 65 13
9 65 13
9 65 13
9 65 13
9 65 13
9 65 13
9 65 13
9 65 13
9 65 13
9 65 13
9 65 13
9 65 13
9 65 13
9 65 13
9 65 13
9 65 13
9 65 13
9 65 13
9 65 13
9 65 13
9 65 13
9 65 13
9 65 13
9 65 13
9 65 13
9 65 13
9 65 13
9 65 13
9 65 13
9 65 13
9 65 13
9 65 13
9 65 13
9 65 13
9 65 13
9 65 13
9 65 13
9 65 13
9 65 13
9 65 13
9 65 13
9 65 13
9 65 13
9 65 13
9 65 13
9 65 13
9 65 13
9 65 13
9 65 13
9 65 13
9 65 13
40 199 23
40 199 13
40 199 13
40 199 13
40 199 13
40 199 13
40 199 13
40 199 13
27 196 23
27 196 13
27 196 13
27 196 13
27 196 13
27 196 13
27 196 13
27 196 13
27 196 13
27 196 13
27 196 13
27 196 13
27 196 13
27 196 13
27 196 13
27 196 13
27 196 13
27 196 13
27 196 13
27 196 13
27 196 13
27 196 13
27 196 13
27 196 13
27 196 13
27 196 13
27 196 13
27 196 13
27 196 13
27 196 13
27 196 13
27 196 13
27 196 13
27 196 13
27 196 13
27 196 13
27 196 13
27 196 13
27 196 13
27 196 13
27 196 13
27 196 13
27 196 13
172 178 23
172 178 13
172 178 13
172 178 13
172 178 13
172 178 13
172 178 13
172 178 13
172 178 13
172 178 13
172 178 13
172 178 13
172 178 13
172 178 13
172 178 13
172 178 13
172 178 13
172 178 13
172 178 13
172 178 13
172 178 13
172 178 13
172 178 13
172 178 13
172 178 13
172 178 13
172 178 13
172 178 13
172 178 13
172 178 13
172 178 13
172 178 13
172 178 13
172 178 13
172 178 13
172 178 13
172 178 13
172 178 13
172 178 13
172 178 13
172 178 13
172 178 13
0 102 23
0 102 13
0 102 13
0 102 13
0 102 13
0 102 13
0 102 13
0 102 13
0 102 13
0 102 13
0 102 13
0 102 13
0 102 13
0 102 13
0 102 13
0 102 13
0 102 13
0 102 13
0 102 13
0 102 13
0 102 13
0 102 13
0 102 13
0 102 13
0 102 13
0 102 13
0 102 13
0 102 13
0 102 13
0 102 13
0 102 13
0 102 13
171 132 23
171 132 13
171 132 13
171 132 13
171 132 13
171 132 13
171 132 13
171 132 13
171 132 13
171 132 13
171 132 13
171 132 13
171 132 13
171 132 13
171 132 13
171 132 13
171 132 13
171 132 13
171 132 13
171 132 13
171 132 13
171 132 13
171 132 13
171 132 13
171 132 13
171 132 13
171 132 13
171 132 13
171 132 13
171 132 13
171 132 13
171 132 13
171 132 13
171 132 13
171 132 13
171 132 13
171 132 13
171 132 13
171 132 13
171 132 13
171 132 13
171 132 13
171 132 13
171 132 13
171 132 13
171 132 13
171 132 13
171 132 13
171 132 13
171 132 13
171 132 13
171 132 13
171 132 13
171 132 13
171 132 13
171 132 13
171 132 13
171 132 13
37 112 23
37 112 13
37 112 13
37 112 13
37 112 13
37 112 13
37 112 13
37 112 13
37 112 13
37 112 13
37 112 13
37 112 13
37 112 13
37 112 13
37 112 13
37 112 13
37 112 13
37 112 13
37 112 13
37 112 13
37 112 13
37 112 13
37 112 13
37 112 13
37 112 13
37 112 13
37 112 13
37 112 13
37 112 13
37 112 13
37 112 13
37 112 13
37 112 13
37 112 13
37 112 13
37 112 13
37 112 13
37 112 13
37 112 13
37 112 13
37 112 13
37 112 13
37 112 13
37 112 13
37 112 13
37 112 13
37 112 13
37 112 13
37 112 13
37 112 13
37 112 13
37 112 13
37 112 13
37 112 13
37 112 13
37 112 13
37 112 13
37 112 13
37 112 13
37 112 13
37 112 13
37 112 13
37 112 13
37 112 13
184 98 23
184 98 13
184 98 13
184 98 13
184 98 13
184 98 13
184 98 13
184 98 13
184 98 13
184 98 13
184 98 13
184 98 13
184 98 13
184 98 13
184 98 13
184 98 13
184 98 13
184 98 13
184 98 13
184 98 13
184 98 13
197 93 23
197 93 13
197 93 13
197 93 13
197 93 13
197 93 13
197 93 13
197 93 13
197 93 13
197 93 13
197 93 13
197 93 13
197 93 13
197 93 13
197 93 13
197 93 13
197 93 13
197 93 13
197 93 13
197 93 13
197 93 13
197 93 13
197 93 13
197 93 13
197 93 13
197 93 13
197 93 13
197 93 13
197 93 13
79 152 23
79 152 13
79 152 13
79 152 13
79 152 13
79 152 13
79 152 13
79 152 13
79 152 13
79 152 13
79 152 13
79 152 13
79 152 13
79 152 13
79 152 13
79 152 13
79 152 13
79 152 13
79 152 13
79 152 13
79 152 13
79 152 13
79 152 13
79 152 13
79 152 13
79 152 13
79 152 13
79 152 13
79 152 13
79 152 13
79 152 13
79 152 13
0 87 13
0 87 13
0 87 13
150 90 23
150 90 13
150 90 13
150 90 13
150 90 13
150 90 13
150 90 13
150 90 13
150 90 13
150 90 13
150 90 13
150 90 13
150 90 13
150 90 13
150 90 13
150 90 13
150 90 13
150 90 13
150 90 13
150 90 13
150 90 13
150 90 13
150 90 13
150 90 13
150 90 13
150 90 13
150 90 13
150 90 13
150 90 13
150 90 13
150 90 13
150 90 13
150 90 13
150 90 13
150 90 13
150 90 13
150 90 13
150 90 13
150 90 13
150 90 13
150 90 13
150 90 13
150 90 13
150 90 13
150 90 13
150 90 13
150 90 13
150 90 13
150 90 13
150 90 13
150 90 13
150 90 13
150 90 13
150 90 13
150 90 13
150 90 13
90 199 23
90 199 13
90 199 13
90 199 13
90 199 13
90 199 13
90 199 13
90 199 13
90 199 13
90 199 13
90 199 13
90 199 13
90 199 13
90 199 13
90 199 13
90 199 13
90 199 13
90 199 13
90 199 13
90 199 13
90 199 13
90 199 13
90 199 13
90 199 13
90 199 13
90 199 13
90 199 13
90 199 13
90 199 13
90 199 13
90 199 13
161 83 13
161 83 13
161 83 13
161 83 13
161 83 13
161 83 13
161 83 13
161 83 13
161 83 13
161 83 13
161 83 13
161 83 13
161 83 13
161 83 13
36 82 23
36 82 13
36 82 13
36 82 13
36 82 13
36 82 13
36 82 13
36 82 13
36 82 13
36 82 13
36 82 13
36 82 13
36 82 13
36 82 13
36 82 13
36 82 13
36 82 13
36 82 13
36 82 13
36 82 13
36 82 13
36 82 13
36 82 13
36 82 13
36 82 13
36 82 13
36 82 13
36 82 13
36 82 13
36 82 13
36 82 13
36 82 13
36 82 13
36 82 13
36 82 13
36 82 13
36 82 13
36 82 13
36 82 13
36 82 13
36 82 13
36 82 13
36 82 13
36 82 13
36 82 13
36 82 13
36 82 13
36 82 13
36 82 13
36 82 13
36 82 13
36 82 13
36 82 13
36 82 13
36 82 13
36 82 13
36 82 13
36 82 13
36 82 13
36 82 13
36 82 13
36 82 13
36 82 13
36 82 13
36 82 13
36 82 13
36 82 13
36 82 13
36 82 13
36 82 13
36 82 13
36 82 13
36 82 13
36 82 13
36 82 13
36 82 13
0 118 23
0 118 13
0 118 13
0 118 13
0 118 13
0 118 13
0 118 13
0 118 13
0 118 13
0 118 13
0 118 13
0 118 13
0 118 13
0 118 13
0 118 13
0 118 13
0 118 13
0 118 13
0 118 13
0 118 13
0 118 13
0 118 13
0 118 13
0 118 13
0 118 13
0 118 13
0 118 13
0 118 13
0 118 13
0 118 13
0 118 13
0 118 13
0 118 13
0 118 13
0 118 13
0 118 13
0 118 13
0 118 13
0 118 13
0 118 13
0 118 13
0 118 13
0 118 13
0 118 13
0 118 13
0 118 13
0 118 13
0 118 13
0 118 13
0 118 13
0 118 13
0 118 13
0 118 13
0 118 13
0 118 13
0 118 13
0 118 13
0 118 13
0 118 13
0 118 13
0 118 13
0 118 13
0 118 13
0 118 13
0 118 13
0 118 13
0 118 13
0 118 13
0 118 13
0 118 13
0 118 13
0 118 13
0 118 13
0 118 13
0 118 13
0 118 13
0 118 13
0 118 13
0 118 13
0 118 13
0 72 13
0 72 13
0 58 23
0 58 13
0 58 13
0 58 13
0 58 13
0 58 13
0 58 13
0 58 13
0 58 13
0 58 13
0 58 13
0 58 13
0 58 13
0 58 13
0 58 13
0 58 13
0 58 13
0 58 13
0 58 13
0 58 13
0 58 13
0 58 13
0 58 13
0 58 13
0 58 13
0 58 13
0 58 13
0 58 13
0 58 13
0 58 13
0 58 13
0 58 13
0 58 13
0 58 13
0 58 13
0 58 13
0 58 13
0 58 13
0 58 13
0 58 13
0 58 13
0 58 13
0 58 13
0 58 13
0 45 23
0 45 13
0 45 13
0 45 13
0 45 13
0 45 13
0 45 13
0 45 13
0 45 13
0 45 13
0 45 13
0 45 13
0 45 13
0 45 13
0 45 13
0 45 13
0 45 13
0 45 13
0 45 13
0 45 13
0 45 13
0 45 13
0 45 13
0 45 13
0 45 13
0 45 13
0 45 13
0 45 13
0 45 13
0 45 13
0 45 13
0 45 13
0 45 13
0 45 13
0 45 13
0 45 13
0 45 13
0 45 13
0 45 13
0 45 13
0 45 13
0 45 13
0 45 13
0 45 13
0 45 13
0 45 13
0 45 13
0 45 13
0 45 13
0 45 13
11 110 13
11 110 13
11 110 13
11 110 13
11 110 13
11 110 13
11 110 13
11 110 13
11 110 13
11 110 13
11 110 13
11 110 13
11 110 13
11 110 13
11 110 13
11 110 13
11 110 13
11 110 13
11 110 13
11 110 13
11 110 13
11 110 13
11 110 13
11 110 13
11 110 13
11 110 13
11 110 13
11 110 13
11 110 13
11 110 13
11 110 13
11 110 13
11 110 13
11 110 13
11 110 13
11 110 13
11 110 13
11 110 13
11 110 13
11 110 13
11 110 13
92 131 23
92 131 13
92 131 13
92 131 13
92 131 13
92 131 13
92 131 13
92 131 13
92 131 13
92 131 13
92 131 13
92 131 13
92 131 13
92 131 13
92 131 13
92 131 13
92 131 13
92 131 13
92 131 13
92 131 13
92 131 13
92 131 13
92 131 13
92 131 13
92 131 13
92 131 13
92 131 13
92 131 13
92 131 13
92 131 13
92 131 13
92 131 13
92 131 13
92 131 13
128 121 23
128 121 13
128 121 13
128 121 13
128 121 13
128 121 13
128 121 13
128 121 13
128 121 13
128 121 13
128 121 13
128 121 13
128 121 13
128 121 13
128 121 13
128 121 13
128 121 13
128 121 13
128 121 13
128 121 13
128 121 13
128 121 13
128 121 13
128 121 13
128 121 13
128 121 13
128 121 13
128 121 13
128 121 13
128 121 13
128 121 13
128 121 13
128 121 13
128 121 13
128 121 13
128 121 13
22 73 13
22 73 13
22 73 13
22 73 13
22 73 13
22 73 13
22 73 13
22 73 13
22 73 13
22 73 13
22 73 13
22 73 13
22 73 13
22 73 13
22 73 13
22 73 13
22 73 13
22 73 13
22 73 13
22 73 13
22 73 13
22 73 13
22 73 13
22 73 13
22 73 13
22 73 13
22 73 13
22 73 13
22 73 13
22 73 13
22 73 13
22 73 13
22 73 13
22 73 13
22 73 13
22 73 13
22 73 13
22 73 13
22 73 13
22 73 13
22 73 13
22 73 13
22 73 13
22 73 13
22 73 13
22 73 13
22 73 13
22 73 13
22 73 13
22 73 13
22 73 13
22 73 13
22 73 13
22 73 13
22 73 13
22 73 13
22 73 13
22 73 13
22 73 13
22 73 13
22 73 13
22 73 13
22 73 13
22 73 13
22 73 13
22 73 13
22 73 13
22 73 13
22 73 13
22 73 13
22 73 13
22 73 13
22 73 13
22 73 13
22 73 13
22 73 13
22 73 13
22 73 13
22 73 13
22 73 13
22 73 13
22 73 13
22 73 13
22 73 13
22 73 13
22 73 13
22 73 13
22 73 13
22 73 13
22 73 13
22 73 13
22 73 13
22 73 13
22 73 13
22 73 13
22 73 13
22 73 13
22 73 13
22 73 13
22 73 13
22 73 13
22 73 13
22 73 13
22 73 13
22 73 13
22 73 13
22 73 13
22 73 13
22 73 13
22 73 13
22 73 13
22 73 13
22 73 13
22 73 13
22 73 13
22 73 13
22 73 13
22 73 13
22 73 13
22 73 13
22 73 13
22 73 13
22 73 13
22 73 13
22 73 13
22 73 13
22 73 13
22 73 13
22 73 13
22 73 13
22 73 13
22 73 13
22 73 13
22 73 13
22 73 13
22 73 13
22 73 13
22 73 13
22 73 13
22 73 13
22 73 13
22 73 13
22 73 13
22 73 13
22 73 13
22 73 13
22 73 13
22 73 13
22 73 13
22 73 13
22 73 13
22 73 13
22 73 13
22 73 13
22 73 13
22 73 13
22 73 13
22 73 13
22 73 13
22 73 13
22 73 13
22 73 13
22 73 13
22 73 13
22 73 13
22 73 13
10 52 23
10 52 13
10 52 13
10 52 13
10 52 13
10 52 13
10 52 13
10 52 13
10 52 13
10 52 13
10 52 13
10 52 13
10 52 13
10 52 13
10 52 13
10 52 13
10 52 13
10 52 13
10 52 13
10 52 13
10 52 13
10 52 13
10 52 13
10 52 13
10 52 13
23 46 23
23 46 13
23 46 13
23 32 23
23 32 13
23 32 13
23 32 13
23 32 13
23 32 13
23 32 13
23 32 13
23 32 13
23 32 13
23 32 13
23 32 13
23 32 13
23 32 13
36 40 23
36 26 23
49 34 23
49 34 13
49 34 13
49 34 13
49 34 13
49 34 13
49 34 13
49 34 13
49 34 13
49 20 23
37 13 23
37 13 13
37 13 13
37 13 13
49 6 23
49 6 13
49 6 13
49 6 13
49 6 13
49 6 13
49 6 13
49 6 13
49 6 13
49 6 13
49 6 13
49 6 13
49 6 13
49 6 13
49 6 13
49 6 13
49 6 13
49 6 13
49 6 13
49 6 13
49 6 13
49 6 13
49 6 13
49 6 13
49 6 13
49 6 13
49 6 13
49 6 13
127 135 23
127 135 13
127 135 13
127 135 13
127 135 13
127 135 13
127 135 13
127 135 13
127 135 13
127 135 13
127 135 13
127 135 13
127 135 13
127 135 13
127 135 13
127 135 13
127 135 13
127 135 13
62 27 23
62 27 13
62 27 13
62 27 13
62 27 13
62 27 13
62 27 13
62 27 13
62 27 13
62 27 13
62 27 13
62 27 13
62 27 13
62 27 13
62 27 13
62 27 13
62 27 13
62 27 13
62 27 13
62 27 13
62 27 13
62 27 13
62 27 13
62 27 13
62 27 13
62 27 13
62 27 13
62 27 13
62 27 13
62 27 13
62 27 13
62 27 13
62 27 13
62 27 13
62 27 13
62 27 13
62 27 13
62 27 13
62 27 13
62 27 13
62 27 13
126 150 23
126 150 13
126 150 13
126 150 13
126 150 13
126 150 13
126 150 13
126 150 13
126 150 13
126 150 13
126 150 13
126 150 13
126 150 13
126 150 13
126 150 13
126 150 13
126 150 13
126 150 13
126 150 13
126 150 13
126 150 13
126 150 13
126 150 13
126 150 13
126 150 13
126 150 13
126 150 13
126 150 13
126 150 13
126 150 13
126 150 13
126 150 13
126 150 13
126 150 13
126 150 13
126 150 13
126 150 13
126 150 13
126 150 13
126 150 13
126 150 13
126 150 13
24 19 23
24 19 13
24 19 13
24 19 13
24 19 13
24 19 13
24 19 13
24 19 13
24 19 13
24 19 13
24 19 13
24 19 13
24 19 13
24 19 13
24 19 13
24 19 13
24 19 13
24 19 13
24 19 13
24 19 13
24 19 13
24 19 13
24 19 13
24 19 13
24 19 13
24 19 13
24 19 13
24 19 13
24 19 13
24 19 13
24 19 13
24 19 13
24 19 13
24 19 13
49 48 23
49 48 13
49 48 13
49 48 13
49 48 13
49 48 13
49 48 13
49 48 13
49 48 13
49 48 13
49 48 13
49 48 13
49 48 13
49 48 13
49 48 13
49 48 13
49 48 13
49 48 13
49 48 13
49 48 13
49 48 13
49 48 13
49 48 13
49 48 13
49 48 13
49 48 13
49 48 13
49 48 13
49 48 13
49 48 13
49 48 13
49 48 13
49 48 13
49 48 13
49 48 13
49 48 13
49 48 13
49 48 13
49 48 13
49 48 13
49 48 13
49 48 13
49 48 13
49 48 13
10 39 23
10 39 13
10 39 13
10 39 13
10 39 13
10 39 13
10 39 13
10 39 13
10 39 13
10 39 13
10 39 13
10 39 13
10 39 13
10 39 13
10 39 13
10 39 13
10 39 13
10 39 13
10 39 13
10 39 13
10 39 13
10 39 13
10 39 13
10 39 13
10 39 13
10 39 13
10 39 13
10 39 13
10 39 13
10 39 13
37 0 23
37 0 13
37 0 13
37 0 13
37 0 13
37 0 13
37 0 13
37 0 13
37 0 13
37 0 13
37 0 13
37 0 13
37 0 13
37 0 13
37 0 13
37 0 13
37 0 13
37 0 13
37 0 13
37 0 13
37 0 13
117 88 23
117 88 13
117 88 13
117 88 13
117 88 13
117 88 13
117 88 13
117 88 13
117 88 13
117 88 13
117 88 13
117 88 13
117 88 13
117 88 13
117 88 13
117 88 13
117 88 13
117 88 13
117 88 13
117 88 13
117 88 13
117 88 13
117 88 13
117 88 13
117 88 13
117 88 13
116 72 23
116 72 13
116 72 13
116 72 13
116 72 13
116 72 13
116 72 13
116 72 13
116 72 13
116 72 13
116 72 13
116 72 13
116 72 13
116 72 13
116 72 13
116 72 13
116 72 13
116 72 13
116 72 13
116 72 13
116 72 13
116 72 13
116 72 13
116 72 13
116 72 13
116 72 13
116 72 13
116 72 13
116 72 13
116 72 13
116 72 13
116 72 13
116 72 13
116 72 13
116 72 13
116 72 13
116 72 13
116 72 13
116 72 13
116 72 13
116 72 13
116 72 13
116 72 13
116 72 13
116 72 13
116 72 13
116 72 13
116 72 13
116 72 13
116 72 13
116 72 13
116 72 13
90 188 23
90 188 13
78 182 23
78 182 13
78 182 13
78 182 13
78 182 13
78 182 13
78 182 13
78 182 13
78 182 13
78 182 13
78 182 13
78 182 13
78 182 13
78 182 13
78 182 13
78 182 13
78 182 13
78 182 13
78 182 13
78 182 13
78 182 13
78 182 13
78 182 13
78 182 13
78 182 13
78 182 13
78 182 13
78 182 13
91 174 23
91 174 13
91 174 13
91 174 13
91 174 13
91 174 13
91 174 13
91 174 13
91 174 13
91 174 13
91 174 13
91 174 13
91 174 13
91 174 13
91 174 13
91 174 13
91 174 13
91 174 13
91 174 13
91 174 13
91 174 13
91 174 13
91 174 13
91 174 13
91 174 13
91 174 13
91 174 13
91 174 13
91 174 13
91 174 13
91 174 13
91 174 13
91 174 13
91 174 13
91 174 13
91 174 13
91 174 13
91 174 13
199 37 23
199 37 13
199 37 13
199 37 13
199 37 13
199 37 13
199 37 13
199 37 13
199 37 13
199 37 13
199 37 13
199 37 13
199 37 13
199 37 13
199 37 13
199 37 13
199 37 13
199 37 13
199 37 13
199 37 13
199 37 13
199 37 13
199 37 13
199 37 13
199 37 13
199 37 13
199 37 13
199 37 13
199 37 13
199 37 13
199 37 13
199 37 13
199 37 13
199 37 13
199 37 13
199 37 13
199 37 13
199 37 13
93 117 23
93 117 13
93 117 13
93 117 13
93 117 13
93 117 13
93 117 13
93 117 13
93 117 13
93 117 13
93 117 13
24 6 23
24 6 13
24 6 13
24 6 13
24 6 13
24 6 13
24 6 13
24 6 13
24 6 13
24 6 13
24 6 13
24 6 13
24 6 13
24 6 13
24 6 13
24 6 13
24 6 13
24 6 13
24 6 13
24 6 13
24 6 13
24 6 13
24 6 13
24 6 13
24 6 13
24 6 13
24 6 13
24 6 13
24 6 13
24 6 13
24 6 13
24 6 13
24 6 13
24 6 13
24 6 13
24 6 13
24 6 13
24 6 13
24 6 13
24 6 13
24 6 13
24 6 13
24 6 13
24 6 13
125 179 23
125 179 13
125 179 13
125 179 13
125 179 13
125 179 13
125 179 13
125 179 13
114 172 23
114 172 13
114 172 13
114 172 13
114 172 13
114 172 13
114 172 13
114 172 13
114 172 13
114 172 13
114 172 13
114 172 13
114 172 13
114 172 13
114 172 13
114 172 13
114 172 13
114 172 13
114 172 13
114 172 13
114 172 13
114 172 13
114 172 13
114 172 13
114 172 13
114 172 13
114 172 13
114 172 13
114 172 13
114 172 13
114 172 13
114 172 13
114 172 13
114 172 13
114 172 13
114 172 13
114 172 13
114 172 13
114 172 13
114 172 13
114 172 13
114 172 13
173 33 23
173 33 13
173 33 13
173 33 13
173 33 13
173 33 13
161 38 23
161 38 13
161 38 13
161 38 13
161 38 13
161 38 13
161 38 13
161 38 13
161 38 13
161 38 13
161 38 13
161 38 13
65 86 23
65 86 13
65 86 13
65 86 13
65 86 13
65 86 13
65 86 13
65 86 13
65 86 13
65 86 13
65 86 13
65 101 23
65 101 13
65 101 13
65 101 13
65 101 13
65 101 13
65 101 13
65 101 13
65 101 13
65 101 13
65 101 13
65 101 13
65 101 13
65 101 13
65 101 13
65 101 13
65 101 13
185 199 23
185 199 13
185 199 13
185 199 13
185 199 13
185 199 13
185 199 13
185 199 13
185 199 13
185 199 13
185 199 13
185 199 13
185 199 13
185 199 13
185 199 13
185 199 13
185 199 13
185 199 13
185 199 13
185 199 13
185 199 13
185 199 13
185 199 13
185 199 13
185 199 13
185 199 13
185 199 13
185 199 13
185 199 13
185 199 13
185 199 13
185 199 13
185 199 13
185 199 13
185 199 13
185 199 13
185 199 13
185 199 13
185 199 13
185 199 13
185 199 13
185 199 13
185 199 13
185 199 13
185 199 13
185 199 13
185 199 13
185 199 13
185 199 13
185 199 13
185 199 13
185 199 13
185 199 13
185 199 13
185 199 13
185 199 13
185 199 13
185 199 13
185 199 13
185 199 13
185 199 13
185 199 13
185 199 13
185 199 13
137 171 23
137 171 13
137 171 13
137 171 13
137 171 13
137 171 13
137 171 13
137 171 13
137 171 13
137 171 13
137 171 13
137 171 13
137 171 13
137 171 13
137 171 13
137 171 13
137 171 13
137 171 13
137 171 13
137 171 13
137 171 13
137 171 13
137 171 13
137 171 13
137 171 13
137 171 13
137 171 13
137 171 13
137 171 13
137 171 13
137 171 13
137 171 13
137 171 13
137 171 13
137 171 13
137 171 13
137 171 13
137 171 13
137 171 13
137 171 13
137 171 13
137 171 13
137 171 13
137 171 13
137 171 13
137 171 13
137 171 13
137 171 13
137 171 13
137 171 13
137 171 13
137 171 13
137 171 13
51 91 23
51 91 13
51 91 13
51 91 13
51 91 13
51 91 13
51 91 13
51 91 13
51 91 13
51 91 13
51 91 13
51 91 13
51 91 13
51 91 13
51 91 13
51 91 13
51 91 13
51 91 13
51 91 13
51 91 13
51 91 13
51 91 13
50 77 23
50 77 13
50 77 13
50 77 13
50 77 13
50 77 13
50 77 13
50 77 13
50 77 13
50 77 13
50 77 13
50 77 13
50 77 13
50 77 13
50 77 13
50 77 13
50 77 13
50 77 13
50 77 13
50 77 13
50 77 13
50 77 13
50 77 13
50 77 13
50 77 13
50 77 13
50 77 13
50 77 13
50 77 13
50 77 13
50 77 13
50 77 13
50 77 13
50 77 13
50 77 13
50 77 13
50 77 13
50 77 13
50 77 13
50 77 13
50 77 13
50 77 13
50 77 13
53 167 23
53 167 13
53 167 13
53 167 13
53 167 13
53 167 13
53 167 13
53 167 13
53 167 13
53 167 13
53 167 13
53 167 13
53 167 13
53 167 13
53 167 13
53 167 13
53 167 13
53 167 13
53 167 13
53 167 13
53 167 13
53 167 13
53 167 13
53 167 13
53 167 13
53 167 13
53 167 13
53 167 13
53 167 13
53 167 13
53 167 13
53 167 13
53 167 13
53 167 13
53 167 13
53 167 13
53 167 13
53 167 13
53 167 13
53 167 13
53 167 13
53 167 13
53 167 13
53 167 13
53 167 13
53 167 13
53 167 13
53 167 13
53 167 13
53 167 13
53 167 13
53 167 13
53 167 13
53 167 13
53 167 13
53 167 13
53 167 13
53 167 13
53 167 13
53 167 13
53 167 13
53 167 13
53 167 13
53 167 13
53 167 13
53 167 13
53 167 13
160 171 23
160 171 13
160 171 13
160 171 13
160 171 13
160 171 13
160 171 13
160 171 13
160 171 13
160 171 13
160 171 13
160 171 13
160 171 13
160 171 13
160 171 13
160 171 13
160 171 13
160 171 13
160 171 13
160 171 13
160 171 13
160 171 13
160 171 13
160 171 13
160 171 13
160 171 13
160 171 13
160 171 13
160 171 13
160 171 13
160 171 13
160 171 13
160 171 13
160 171 13
160 171 13
160 171 13
160 171 13
160 171 13
160 171 13
160 171 13
160 171 13
160 171 13
160 171 13
160 171 13
160 171 13
160 171 13
160 171 13
160 171 13
160 171 13
160 171 13
160 171 13
160 171 13
160 171 13
160 171 13
160 171 13
160 171 13
160 171 13
160 171 13
160 171 13
160 171 13
160 171 13
149 45 23
149 45 13
149 45 13
149 45 13
149 45 13
149 45 13
149 45 13
149 45 13
149 45 13
149 45 13
149 45 13
149 45 13
149 45 13
149 45 13
149 45 13
149 45 13
149 45 13
149 45 13
149 45 13
149 45 13
149 45 13
149 45 13
149 45 13
149 45 13
149 45 13
149 45 13
149 45 13
149 45 13
149 45 13
149 45 13
186 28 23
186 28 13
186 28 13
186 28 13
186 28 13
186 28 13
186 28 13
186 28 13
186 28 13
186 28 13
186 28 13
186 28 13
186 28 13
186 28 13
186 28 13
186 28 13
186 28 13
186 28 13
186 28 13
186 28 13
186 28 13
186 28 13
186 28 13
186 28 13
186 28 13
186 28 13
186 28 13
186 28 13
186 28 13
186 28 13
186 28 13
186 28 13
186 28 13
186 28 13
186 28 13
186 28 13
186 28 13
186 28 13
186 28 13
186 28 13
186 28 13
186 28 13
186 28 13
186 28 13
186 28 13
186 28 13
186 28 13
137 141 23
137 141 13
137 141 13
137 141 13
137 141 13
137 141 13
137 141 13
137 141 13
137 141 13
137 141 13
137 141 13
137 141 13
137 141 13
137 141 13
137 141 13
137 141 13
137 141 13
137 141 13
137 141 13
137 141 13
137 141 13
137 141 13
137 141 13
137 141 13
137 141 13
137 141 13
137 141 13
137 141 13
137 141 13
137 141 13
137 141 13
137 141 13
137 141 13
137 141 13
137 141 13
137 141 13
137 141 13
137 141 13
137 141 13
137 141 13
137 141 13
136 186 13
136 186 13
10 39 13
10 39 13
10 39 13
10 39 13
10 39 13
10 39 13
10 39 13
10 39 13
10 39 13
10 39 13
10 39 13
10 39 13
10 39 13
10 39 13
10 39 13
10 39 13
10 39 13
10 39 13
10 39 13
10 39 13
10 39 13
10 39 13
10 39 13
10 39 13
10 39 13
10 39 13
10 39 13
10 39 13
10 39 13
10 39 13
10 39 13
10 39 13
10 39 13
10 39 13
10 39 13
10 39 13
10 39 13
10 39 13
10 39 13
10 39 13
10 39 13
10 39 13
10 39 13
10 39 13
10 39 13
10 39 13
10 39 13
10 39 13
10 39 13
10 39 13
10 39 13
10 39 13
10 39 13
10 39 13
10 39 13
62 42 23
62 42 13
62 42 13
62 42 13
62 42 13
62 42 13
62 42 13
62 42 13
62 42 13
62 42 13
62 42 13
62 42 13
62 42 13
62 42 13
62 42 13
62 42 13
62 42 13
62 42 13
62 42 13
62 42 13
62 42 13
62 42 13
62 42 13
62 42 13
62 42 13
62 42 13
62 42 13
62 42 13
62 42 13
62 42 13
62 42 13
62 42 13
62 42 13
62 42 13
62 42 13
62 42 13
62 42 13
62 42 13
62 42 13
62 42 13
62 42 13
62 42 13
62 42 13
62 42 13
62 42 13
62 42 13
62 42 13
62 42 13
62 42 13
62 42 13
62 42 13
62 42 13
62 42 13
62 42 13
62 42 13
62 42 13
62 42 13
62 42 13
62 42 13
62 42 13
62 42 13
62 42 13
62 42 13
62 42 13
62 42 13
62 42 13
62 42 13
62 42 13
62 42 13
62 42 13
62 42 13
62 42 13
62 42 13
62 42 13
62 42 13
62 42 13
160 24 23
160 24 13
160 24 13
160 24 13
160 24 13
160 24 13
160 24 13
160 24 13
160 24 13
160 24 13
160 24 13
160 24 13
160 24 13
160 24 13
160 24 13
160 24 13
160 24 13
160 24 13
160 24 13
160 24 13
160 24 13
160 24 13
160 24 13
160 24 13
160 24 13
160 24 13
160 24 13
160 24 13
160 24 13
160 24 13
160 24 13
160 24 13
160 24 13
173 18 23
173 18 13
173 18 13
173 18 13
173 18 13
173 18 13
173 18 13
173 18 13
173 18 13
173 18 13
173 18 13
173 18 13
173 18 13
173 18 13
173 18 13
173 18 13
173 18 13
173 18 13
173 18 13
173 18 13
173 18 13
173 18 13
173 18 13
173 18 13
173 18 13
173 18 13
173 18 13
173 18 13
173 18 13
173 18 13
173 18 13
173 18 13
173 18 13
173 18 13
173 18 13
173 18 13
173 18 13
173 18 13
173 18 13
173 18 13
173 18 13
173 18 13
173 18 13
173 18 13
173 18 13
173 18 13
173 18 13
173 18 13
173 18 13
62 13 23
62 13 13
62 13 13
62 13 13
62 13 13
62 13 13
62 13 13
62 13 13
62 13 13
62 13 13
62 13 13
62 13 13
62 13 13
62 13 13
62 13 13
62 13 13
62 13 13
62 13 13
62 13 13
62 13 13
62 13 13
62 13 13
62 13 13
62 13 13
62 13 13
62 13 13
62 13 13
62 13 13
62 13 13
62 13 13
62 13 13
62 13 13
62 13 13
62 13 13
62 13 13
62 13 13
62 13 13
62 13 13
62 13 13
62 13 13
62 13 13
62 13 13
62 13 13
62 13 13
62 13 13
62 13 13
62 13 13
62 13 13
62 13 13
62 13 13
62 13 13
62 13 13
62 13 13
62 13 13
62 13 13
62 13 13
62 13 13
62 13 13
74 5 23
74 5 13
74 5 13
74 5 13
74 5 13
74 5 13
74 5 13
74 5 13
86 0 23
86 0 13
86 0 13
86 0 13
86 0 13
86 0 13
86 0 13
86 0 13
86 0 13
86 0 13
86 0 13
86 0 13
86 0 13
86 0 13
86 0 13
86 0 13
86 0 13
86 0 13
86 0 13
86 0 13
86 0 13
86 0 13
86 0 13
86 0 13
86 0 13
86 11 23
86 11 13
86 11 13
86 11 13
86 11 13
86 11 13
86 11 13
86 11 13
86 11 13
86 11 13
86 11 13
86 11 13
86 11 13
86 11 13
86 11 13
86 11 13
86 11 13
86 11 13
86 11 13
86 11 13
86 11 13
86 11 13
86 11 13
86 11 13
86 11 13
86 11 13
86 11 13
86 11 13
86 11 13
86 11 13
86 11 13
86 11 13
86 11 13
86 11 13
86 11 13
86 11 13
86 11 13
86 11 13
86 11 13
86 11 13
86 11 13
61 0 23
61 0 13
61 0 13
61 0 13
61 0 13
61 0 13
61 0 13
61 0 13
61 0 13
61 0 13
61 0 13
61 0 13
61 0 13
61 0 13
61 0 13
61 0 13
61 0 13
61 0 13
61 0 13
61 0 13
61 0 13
61 0 13
61 0 13
61 0 13
61 0 13
61 0 13
61 0 13
61 0 13
61 0 13
61 0 13
61 0 13
61 0 13
61 0 13
61 0 13
61 0 13
61 0 13
61 0 13
61 0 13
61 0 13
61 0 13
61 0 13
61 0 13
61 0 13
61 0 13
61 0 13
61 0 13
61 0 13
61 0 13
61 0 13
61 0 13
61 0 13
61 0 13
61 0 13
61 0 13
61 0 13
61 0 13
61 0 13
61 0 13
61 0 13
61 0 13
159 155 23
159 155 13
159 155 13
159 155 13
159 155 13
159 155 13
159 155 13
159 155 13
159 155 13
159 155 13
159 155 13
159 155 13
159 155 13
159 155 13
159 155 13
159 155 13
159 155 13
159 155 13
159 155 13
159 155 13
159 155 13
159 155 13
159 155 13
159 155 13
159 155 13
159 155 13
159 155 13
159 155 13
159 155 13
159 155 13
159 155 13
159 155 13
159 155 13
159 155 13
159 155 13
159 155 13
159 155 13
159 155 13
159 155 13
159 155 13
159 155 13
159 155 13
148 148 23
148 148 13
148 148 13
148 148 13
148 148 13
148 148 13
148 148 13
74 19 23
74 19 13
74 19 13
74 19 13
74 19 13
74 19 13
74 19 13
74 19 13
74 19 13
74 19 13
74 19 13
74 19 13
74 19 13
74 19 13
74 19 13
74 19 13
74 19 13
74 19 13
74 19 13
74 19 13
74 19 13
74 19 13
74 19 13
74 19 13
74 19 13
74 19 13
74 19 13
74 19 13
74 19 13
74 19 13
74 19 13
74 19 13
74 19 13
74 19 13
74 19 13
74 19 13
74 19 13
74 19 13
74 19 13
74 19 13
74 19 13
74 19 13
74 19 13
74 19 13
74 19 13
74 19 13
74 19 13
74 19 13
74 19 13
74 19 13
74 19 13
74 19 13
74 19 13
74 19 13
74 19 13
74 19 13
74 19 13
74 19 13
74 19 13
74 19 13
74 19 13
74 19 13
74 19 13
74 19 13
86 0 13
86 0 13
86 0 13
86 0 13
86 0 13
86 0 13
86 0 13
86 0 13
86 0 13
86 0 13
86 0 13
86 0 13
86 0 13
86 0 13
86 0 13
86 0 13
86 0 13
148 30 23
148 30 13
148 30 13
148 30 13
148 30 13
148 30 13
148 30 13
148 30 13
148 30 13
148 30 13
148 30 13
148 30 13
148 30 13
148 30 13
148 30 13
148 30 13
148 30 13
148 30 13
148 30 13
148 30 13
148 30 13
148 30 13
148 30 13
148 30 13
148 30 13
148 30 13
148 30 13
148 30 13
148 30 13
148 30 13
148 30 13
148 30 13
148 30 13
148 30 13
148 30 13
148 30 13
148 30 13
148 30 13
148 30 13
148 30 13
148 30 13
148 30 13
148 30 13
148 30 13
148 30 13
148 30 13
148 30 13
148 30 13
148 30 13
148 30 13
148 30 13
148 30 13
148 30 13
49 6 13
49 6 13
49 6 13
49 6 13
49 6 13
49 6 13
49 6 13
49 6 13
49 6 13
49 6 13
49 6 13
49 6 13
49 6 13
49 6 13
49 6 13
49 6 13
49 6 13
49 6 13
49 6 13
49 6 13
49 6 13
49 6 13
49 6 13
49 6 13
49 6 13
49 6 13
49 6 13
49 6 13
49 6 13
49 6 13
49 6 13
49 6 13
49 6 13
49 6 13
185 71 13
185 71 13
185 71 13
185 71 13
185 71 13
185 71 13
185 71 13
185 71 13
185 71 13
185 71 13
185 71 13
185 71 13
185 71 13
185 71 13
185 71 13
185 71 13
185 71 13
185 71 13
185 71 13
185 71 13
185 71 13
185 71 13
185 71 13
185 71 13
185 71 13
185 71 13
185 71 13
185 71 13
185 71 13
185 71 13
185 71 13
185 71 13
185 71 13
185 71 13
185 71 13
185 71 13
185 71 13
185 71 13
185 71 13
185 71 13
185 71 13
185 71 13
185 71 13
185 71 13
185 71 13
185 71 13
185 71 13
185 71 13
185 71 13
127 62 23
127 62 13
127 62 13
127 62 13
127 62 13
127 62 13
127 62 13
127 62 13
127 62 13
127 62 13
127 62 13
127 62 13
127 62 13
127 62 13
127 62 13
127 62 13
127 62 13
127 62 13
127 62 13
127 62 13
127 62 13
127 62 13
127 62 13
127 62 13
127 62 13
127 62 13
127 62 13
127 62 13
127 62 13
127 62 13
127 62 13
127 62 13
127 62 13
127 62 13
127 62 13
127 62 13
127 62 13
127 62 13
127 62 13
127 62 13
127 62 13
127 62 13
127 62 13
127 62 13
127 62 13
127 62 13
127 62 13
127 62 13
127 62 13
127 62 13
127 62 13
127 62 13
127 62 13
127 62 13
127 62 13
127 62 13
127 62 13
127 62 13
127 62 13
127 62 13
24 19 13
24 19 13
24 19 13
24 19 13
24 19 13
24 19 13
24 19 13
24 19 13
24 19 13
24 19 13
24 19 13
24 19 13
24 19 13
24 19 13
24 19 13
24 19 13
24 19 13
24 19 13
24 19 13
24 19 13
24 19 13
24 19 13
24 19 13
24 19 13
24 19 13
24 19 13
24 19 13
24 19 13
24 19 13
24 19 13
24 19 13
24 19 13
24 19 13
24 19 13
24 19 13
24 19 13
24 19 13
24 19 13
24 19 13
24 19 13
24 19 13
24 19 13
24 19 13
24 19 13
24 19 13
24 19 13
24 19 13
24 19 13
24 19 13
24 19 13
24 19 13
24 19 13
24 19 13
24 19 13
24 19 13
24 19 13
24 19 13
24 19 13
24 19 13
24 19 13
24 19 13
24 19 13
24 19 13
24 19 13
24 19 13
24 19 13
24 19 13
24 19 13
24 19 13
24 19 13
24 19 13
24 19 13
24 19 13
24 19 13
24 19 13
24 19 13
24 19 13
24 19 13
24 19 13
24 19 13
24 19 13
24 19 13
24 19 13
24 19 13
24 19 13
24 19 13
24 19 13
24 19 13
24 19 13
24 19 13
24 19 13
24 19 13
24 19 13
24 19 13
24 19 13
24 19 13
24 19 13
24 19 13
24 19 13
24 19 13
24 19 13
24 19 13
24 19 13
24 19 13
24 19 13
24 19 13
24 19 13
24 19 13
24 19 13
24 19 13
24 19 13
24 19 13
24 19 13
24 19 13
24 19 13
24 19 13
24 19 13
24 19 13
24 19 13
173 76 13
173 76 13
173 76 13
173 76 13
173 76 13
173 76 13
173 76 13
173 76 13
173 76 13
173 76 13
173 76 13
173 76 13
173 76 13
173 76 13
173 76 13
173 76 13
173 76 13
173 76 13
173 76 13
173 76 13
173 76 13
173 76 13
173 76 13
173 76 13
173 76 13
173 76 13
173 76 13
173 76 13
173 76 13
173 76 13
173 76 13
173 76 13
173 76 13
173 76 13
173 76 13
173 76 13
173 76 13
173 76 13
173 76 13
173 76 13
173 76 13
173 76 13
173 76 13
173 76 13
173 76 13
173 76 13
173 76 13
173 76 13
173 76 13
173 76 13
173 76 13
173 76 13
173 76 13
173 76 13
173 76 13
173 76 13
173 76 13
173 76 13
173 76 13
173 76 13
173 76 13
150 76 23
150 76 13
150 76 13
150 76 13
150 76 13
150 76 13
150 76 13
150 76 13
150 76 13
150 76 13
150 76 13
150 76 13
150 76 13
150 76 13
150 76 13
150 76 13
150 76 13
150 76 13
150 76 13
150 76 13
150 76 13
150 76 13
150 76 13
150 76 13
150 76 13
150 76 13
150 76 13
150 76 13
150 76 13
150 76 13
150 76 13
150 76 13
150 76 13
150 76 13
150 76 13
150 76 13
150 76 13
150 76 13
150 76 13
150 76 13
150 76 13
150 76 13
150 76 13
150 76 13
150 76 13
150 76 13
150 76 13
150 76 13
98 3 23
98 3 13
98 3 13
98 3 13
98 3 13
98 3 13
98 3 13
98 3 13
98 3 13
98 3 13
98 3 13
98 3 13
98 3 13
98 3 13
98 3 13
98 3 13
98 3 13
98 3 13
98 3 13
98 3 13
98 3 13
98 3 13
98 3 13
98 3 13
98 3 13
98 3 13
98 3 13
98 3 13
98 3 13
98 3 13
98 3 13
98 3 13
98 3 13
98 3 13
98 3 13
98 3 13
98 3 13
98 3 13
98 3 13
98 3 13
98 3 13
98 3 13
98 3 13
98 3 13
98 3 13
98 3 13
98 3 13
98 3 13
98 3 13
98 3 13
98 3 13
98 3 13
98 3 13
98 3 13
98 3 13
98 3 13
98 3 13
98 3 13
98 3 13
98 3 13
98 3 13
98 3 13
98 3 13
98 3 13
98 3 13
98 3 13
98 3 13
98 3 13
98 3 13
98 3 13
98 3 13
98 3 13
98 3 13
98 3 13
98 3 13
98 3 13
98 3 13
98 3 13
98 3 13
98 3 13
98 3 13
98 3 13
98 3 13
98 3 13
98 3 13
98 3 13
98 3 13
98 3 13
98 3 13
149 118 23
149 118 13
149 118 13
149 118 13
149 118 13
149 118 13
149 118 13
149 118 13
149 118 13
149 118 13
149 118 13
149 118 13
149 118 13
149 118 13
149 118 13
149 118 13
149 118 13
149 118 13
149 118 13
149 118 13
149 118 13
149 118 13
149 118 13
149 118 13
149 118 13
149 118 13
149 118 13
149 118 13
149 118 13
149 118 13
149 118 13
149 118 13
149 118 13
149 118 13
149 118 13
149 118 13
149 118 13
149 118 13
149 118 13
149 118 13
149 118 13
149 118 13
149 118 13
149 118 13
149 118 13
149 118 13
149 118 13
149 118 13
149 118 13
149 118 13
149 118 13
149 118 13
149 118 13
149 118 13
149 118 13
149 118 13
149 118 13
149 118 13
149 118 13
149 118 13
149 118 13
149 118 13
149 118 13
149 118 13
135 8 23
135 8 13
135 8 13
135 8 13
135 8 13
135 8 13
135 8 13
135 8 13
135 8 13
135 8 13
135 8 13
135 8 13
135 8 13
135 8 13
135 8 13
135 8 13
135 8 13
135 8 13
135 8 13
135 8 13
135 8 13
135 8 13
135 8 13
135 8 13
135 8 13
135 8 13
135 8 13
135 8 13
135 8 13
135 8 13
135 8 13
135 8 13
135 8 13
135 8 13
135 8 13
135 8 13
135 8 13
135 8 13
135 8 13
135 8 13
135 8 13
135 8 13
135 8 13
135 8 13
135 8 13
135 8 13
135 8 13
135 8 13
135 8 13
135 8 13
135 8 13
135 8 13
135 8 13
135 8 13
135 8 13
135 8 13
135 8 13
135 8 13
135 8 13
135 8 13
135 8 13
135 8 13
135 8 13
135 8 13
135 8 13
135 8 13
135 8 13
135 8 13
135 8 13
135 8 13
135 8 13
135 8 13
135 8 13
135 8 13
135 8 13
135 8 13
135 8 13
135 8 13
135 8 13
24 6 13
24 6 13
24 6 13
24 6 13
24 6 13
24 6 13
24 6 13
24 6 13
24 6 13
24 6 13
24 6 13
24 6 13
24 6 13
24 6 13
24 6 13
24 6 13
24 6 13
24 6 13
24 6 13
24 6 13
24 6 13
24 6 13
24 6 13
24 6 13
24 6 13
24 6 13
24 6 13
12 0 23
12 0 13
12 0 13
12 0 13
12 0 13
12 0 13
12 0 13
12 0 13
12 0 13
12 0 13
12 0 13
12 0 13
12 0 13
12 0 13
12 0 13
12 0 13
12 0 13
12 0 13
0 6 23
0 6 13
196 105 23
196 105 13
196 105 13
196 105 13
196 105 13
196 105 13
196 105 13
196 105 13
196 105 13
196 105 13
196 105 13
196 105 13
196 105 13
196 105 13
196 105 13
196 105 13
196 105 13
196 105 13
196 105 13
196 105 13
196 105 13
196 105 13
196 105 13
196 105 13
196 105 13
196 105 13
196 105 13
196 105 13
196 105 13
196 105 13
196 105 13
196 105 13
196 105 13
196 105 13
196 105 13
196 105 13
196 105 13
196 105 13
196 105 13
196 105 13
196 105 13
196 105 13
196 105 13
196 105 13
196 105 13
196 105 13
196 105 13
196 105 13
196 105 13
196 105 13
196 105 13
196 105 13
196 105 13
196 105 13
196 105 13
196 105 13
196 105 13
196 105 13
196 119 23
196 119 13
196 119 13
196 119 13
196 119 13
196 119 13
196 119 13
196 119 13
196 119 13
196 119 13
196 119 13
196 119 13
196 119 13
196 119 13
196 119 13
196 119 13
196 119 13
196 119 13
196 119 13
196 119 13
196 119 13
196 119 13
196 119 13
196 119 13
196 119 13
196 119 13
196 119 13
196 119 13
196 119 13
196 119 13
196 119 13
196 119 13
196 119 13
196 119 13
196 119 13
196 119 13
196 119 13
196 119 13
196 119 13
196 119 13
196 119 13
196 119 13
196 119 13
196 119 13
196 119 13
196 119 13
196 119 13
196 119 13
196 119 13
196 119 13
196 119 13
196 119 13
196 119 13
196 119 13
196 119 13
196 119 13
196 119 13
196 119 13
196 119 13
196 119 13
196 119 13
196 119 13
196 119 13
196 119 13
196 119 13
196 119 13
196 119 13
196 119 13
196 119 13
196 119 13
196 119 13
196 119 13
196 119 13
196 119 13
197 93 13
197 93 13
197 93 13
197 93 13
197 93 13
197 93 13
159 124 13
159 124 13
159 124 13
159 124 13
159 124 13
159 124 13
159 124 13
159 124 13
159 124 13
159 124 13
159 124 13
159 124 13
159 124 13
159 124 13
159 124 13
159 124 13
159 124 13
159 124 13
159 124 13
159 124 13
159 124 13
159 124 13
159 124 13
159 124 13
159 124 13
159 124 13
159 124 13
159 124 13
159 124 13
159 124 13
159 124 13
159 124 13
159 124 13
159 124 13
159 124 13
159 124 13
159 124 13
159 124 13
159 124 13
159 124 13
159 124 13
159 124 13
159 124 13
159 124 13
159 124 13
159 124 13
159 124 13
159 124 13
159 124 13
159 124 13
159 124 13
159 124 13
159 124 13
159 124 13
159 124 13
159 124 13
159 124 13
159 124 13
159 124 13
159 124 13
159 124 13
159 124 13
159 124 13
159 124 13
159 124 13
159 124 13
159 124 13
159 124 13
159 124 13
159 124 13
159 124 13
159 124 13
159 124 13
159 124 13
159 124 13
159 124 13
159 124 13
159 124 13
159 124 13
159 124 13
159 124 13
159 124 13
159 124 13
159 124 13
159 124 13
159 124 13
159 124 13
159 124 13
159 124 13
159 124 13
159 124 13
159 124 13
159 124 13
159 124 13
159 124 13
159 124 13
159 124 13
159 124 13
159 124 13
159 124 13
159 124 13
159 124 13
159 124 13
159 124 13
159 124 13
159 124 13
159 124 13
159 124 13
159 124 13
159 124 13
159 124 13
159 124 13
159 124 13
159 124 13
159 124 13
159 124 13
159 124 13
159 124 13
159 124 13
159 124 13
159 124 13
159 124 13
159 124 13
159 124 13
159 124 13
159 124 13
159 124 13
159 124 13
159 124 13
159 124 13
159 124 13
159 124 13
159 124 13
159 124 13
159 124 13
159 124 13
159 124 13
159 124 13
159 124 13
159 124 13
159 124 13
159 124 13
159 124 13
159 124 13
159 124 13
159 124 13
159 124 13
159 124 13
159 124 13
159 124 13
159 124 13
159 124 13
159 124 13
159 124 13
159 124 13
159 124 13
159 124 13
159 124 13
159 124 13
159 124 13
159 124 13
159 124 13
159 124 13
159 124 13
159 124 13
159 124 13
159 124 13
159 124 13
159 124 13
159 124 13
159 124 13
159 124 13
159 124 13
0 19 23
0 19 13
0 19 13
0 19 13
0 19 13
0 19 13
0 19 13
0 19 13
0 19 13
0 19 13
0 19 13
0 19 13
0 19 13
0 19 13
0 19 13
0 19 13
0 19 13
0 19 13
0 19 13
0 19 13
0 19 13
0 19 13
0 19 13
0 19 13
0 19 13
0 19 13
0 19 13
0 19 13
0 19 13
0 19 13
0 19 13
0 19 13
0 19 13
0 19 13
0 19 13
0 19 13
0 19 13
0 19 13
0 19 13
0 19 13
0 19 13
0 19 13
0 19 13
0 19 13
0 19 13
0 19 13
0 19 13
0 19 13
0 19 13
0 19 13
0 19 13
0 19 13
0 19 13
0 19 13
0 19 13
0 19 13
0 19 13
0 19 13
0 19 13
0 19 13
0 19 13
0 19 13
0 19 13
183 111 13
183 111 13
183 111 13
183 111 13
183 111 13
183 111 13
185 85 13
185 85 13
185 85 13
185 85 13
185 85 13
185 85 13
185 85 13
185 85 13
185 85 13
185 85 13
185 85 13
185 85 13
185 85 13
185 85 13
185 85 13
185 85 13
185 85 13
185 85 13
185 85 13
185 85 13
185 85 13
185 85 13
185 85 13
185 85 13
185 85 13
185 85 13
185 85 13
185 85 13
185 85 13
185 85 13
185 85 13
185 85 13
185 85 13
185 85 13
185 85 13
185 85 13
185 85 13
185 85 13
185 85 13
86 11 13
86 11 13
86 11 13
86 11 13
86 11 13
86 11 13
86 11 13
86 11 13
86 11 13
86 11 13
86 11 13
86 11 13
86 11 13
86 11 13
86 11 13
86 11 13
86 11 13
86 11 13
86 11 13
86 11 13
86 11 13
86 11 13
86 11 13
86 11 13
86 11 13
86 11 13
86 11 13
86 11 13
86 11 13
86 11 13
86 11 13
86 11 13
86 11 13
86 11 13
86 11 13
86 11 13
86 11 13
86 11 13
86 11 13
86 11 13
86 11 13
86 11 13
86 11 13
86 11 13
86 11 13
86 11 13
86 11 13
86 11 13
86 11 13
86 11 13
86 11 13
86 11 13
86 11 13
86 11 13
86 11 13
86 11 13
86 11 13
86 11 13
86 11 13
86 11 13
86 11 13
86 11 13
86 11 13
86 11 13
86 11 13
86 11 13
86 11 13
86 11 13
86 11 13
86 11 13
86 11 13
86 11 13
86 11 13
86 11 13
86 11 13
86 11 13
86 11 13
86 11 13
86 11 13
86 11 13
86 11 13
86 11 13
86 11 13
86 11 13
86 11 13
86 11 13
86 11 13
86 11 13
86 11 13
86 11 13
111 24 13
111 24 13
111 24 13
111 24 13
111 24 13
111 24 13
111 24 13
111 24 13
111 24 13
111 24 13
111 24 13
111 24 13
111 24 13
111 24 13
111 24 13
111 24 13
111 24 13
111 24 13
111 24 13
111 24 13
111 24 13
111 24 13
111 24 13
111 24 13
111 24 13
111 24 13
111 24 13
111 24 13
111 24 13
111 24 13
111 24 13
111 24 13
111 24 13
111 24 13
111 24 13
111 24 13
111 24 13
111 24 13
111 24 13
111 24 13
111 24 13
111 24 13
111 24 13
111 24 13
111 24 13
111 24 13
111 24 13
111 24 13
111 24 13
111 24 13
111 24 13
111 24 13
111 24 13
111 24 13
111 24 13
111 24 13
111 24 13
111 24 13
111 24 13
111 24 13
111 24 13
111 24 13
111 24 13
111 24 13
111 24 13
111 24 13
111 24 13
111 24 13
111 24 13
111 24 13
62 27 13
62 27 13
62 27 13
62 27 13
62 27 13
62 27 13
62 27 13
62 27 13
62 27 13
62 27 13
122 16 13
122 16 13
122 16 13
122 16 13
122 16 13
122 16 13
122 16 13
122 16 13
122 16 13
122 16 13
122 16 13
122 16 13
122 16 13
122 16 13
122 16 13
122 16 13
122 16 13
122 16 13
122 16 13
122 16 13
49 48 13
49 48 13
49 48 13
49 48 13
49 48 13
49 48 13
49 48 13
49 48 13
49 48 13
49 48 13
49 48 13
49 48 13
49 48 13
49 48 13
49 48 13
49 48 13
49 48 13
49 48 13
49 48 13
49 48 13
49 48 13
49 48 13
49 48 13
49 48 13
49 48 13
49 48 13
49 48 13
49 48 13
49 48 13
49 48 13
49 48 13
49 48 13
49 48 13
49 48 13
49 48 13
49 48 13
49 48 13
49 48 13
49 48 13
49 48 13
49 48 13
49 48 13
49 48 13
49 48 13
49 48 13
49 48 13
49 48 13
49 48 13
49 48 13
49 48 13
49 48 13
49 48 13
49 48 13
49 48 13
49 48 13
49 48 13
49 48 13
49 48 13
49 48 13
49 48 13
49 48 13
49 48 13
49 48 13
49 48 13
49 48 13
49 48 13
49 48 13
49 48 13
49 48 13
49 48 13
49 48 13
49 48 13
49 48 13
49 48 13
49 48 13
49 48 13
49 48 13
49 48 13
49 48 13
49 48 13
49 48 13
75 34 23
75 34 13
75 34 13
75 34 13
75 34 13
75 34 13
75 34 13
75 34 13
75 34 13
75 34 13
75 34 13
75 34 13
75 34 13
75 34 13
75 34 13
75 34 13
75 34 13
75 34 13
75 34 13
75 34 13
75 34 13
75 34 13
75 34 13
75 34 13
75 34 13
75 34 13
75 34 13
75 34 13
75 34 13
75 34 13
75 34 13
75 34 13
75 34 13
75 34 13
75 34 13
75 34 13
75 34 13
75 34 13
75 34 13
75 34 13
75 34 13
75 34 13
75 34 13
75 34 13
75 34 13
88 42 23
88 42 13
88 42 13
88 42 13
88 42 13
88 42 13
88 42 13
88 42 13
88 42 13
88 42 13
88 42 13
88 42 13
88 42 13
88 42 13
88 42 13
88 42 13
88 42 13
88 42 13
88 42 13
88 42 13
88 42 13
88 42 13
88 42 13
88 42 13
88 42 13
88 42 13
90 58 23
90 58 13
90 58 13
90 58 13
90 58 13
90 58 13
90 58 13
90 58 13
90 58 13
90 58 13
90 58 13
90 58 13
90 58 13
90 58 13
90 58 13
90 58 13
90 58 13
90 58 13
90 58 13
90 58 13
90 58 13
90 58 13
90 58 13
90 58 13
90 58 13
90 58 13
90 58 13
90 58 13
90 58 13
90 58 13
90 58 13
90 58 13
90 58 13
90 58 13
90 58 13
90 58 13
90 58 13
90 58 13
90 58 13
90 58 13
90 58 13
90 58 13
90 58 13
90 58 13
90 58 13
90 58 13
90 58 13
90 58 13
90 58 13
90 58 13
90 58 13
90 58 13
90 58 13
90 58 13
90 58 13
90 58 13
90 58 13
90 58 13
90 58 13
90 58 13
90 58 13
90 58 13
90 58 13
90 58 13
90 58 13
90 58 13
90 58 13
90 58 13
90 58 13
76 50 23
76 50 13
76 50 13
76 50 13
76 50 13
76 50 13
76 50 13
76 50 13
76 50 13
76 50 13
76 50 13
76 50 13
76 50 13
76 50 13
76 50 13
76 50 13
76 50 13
76 50 13
76 50 13
76 50 13
76 50 13
76 50 13
76 50 13
76 50 13
76 50 13
76 50 13
76 50 13
76 50 13
76 50 13
76 50 13
76 50 13
76 50 13
76 50 13
76 50 13
76 50 13
76 50 13
76 50 13
76 50 13
76 50 13
76 50 13
76 50 13
76 50 13
76 50 13
76 50 13
76 50 13
76 50 13
76 50 13
76 50 13
76 50 13
76 50 13
76 50 13
76 50 13
76 50 13
76 50 13
76 50 13
76 50 13
76 50 13
76 50 13
76 50 13
76 50 13
76 50 13
76 50 13
76 50 13
76 50 13
76 50 13
76 50 13
76 50 13
76 50 13
76 50 13
76 50 13
76 50 13
76 50 13
101 49 23
101 49 13
101 49 13
101 49 13
101 49 13
101 49 13
101 49 13
101 49 13
101 49 13
101 49 13
101 49 13
101 49 13
101 49 13
101 49 13
101 49 13
101 49 13
101 49 13
101 49 13
101 49 13
101 49 13
101 49 13
101 49 13
101 49 13
101 49 13
101 49 13
101 49 13
101 49 13
101 49 13
101 49 13
101 49 13
101 49 13
101 49 13
101 49 13
101 49 13
101 49 13
101 49 13
101 49 13
101 49 13
101 49 13
101 49 13
101 49 13
101 49 13
101 49 13
101 49 13
101 49 13
101 49 13
101 49 13
101 49 13
101 49 13
101 49 13
101 49 13
101 49 13
101 49 13
101 49 13
101 49 13
101 49 13
101 49 13
101 49 13
101 49 13
101 49 13
101 49 13
101 49 13
101 49 13
101 49 13
101 49 13
101 49 13
101 49 13
101 49 13
101 49 13
101 49 13
101 49 13
160 10 23
160 10 13
160 10 13
160 10 13
160 10 13
160 10 13
160 10 13
160 10 13
160 10 13
160 10 13
160 10 13
160 0 23
160 0 13
160 0 13
160 0 13
160 0 13
160 0 13
160 0 13
160 0 13
160 0 13
173 4 23
173 4 13
173 4 13
173 4 13
173 4 13
173 4 13
173 4 13
173 4 13
173 4 13
173 4 13
173 4 13
173 4 13
173 4 13
173 4 13
173 4 13
173 4 13
173 4 13
173 4 13
173 4 13
173 4 13
173 4 13
173 4 13
173 4 13
173 4 13
173 4 13
173 4 13
173 4 13
173 4 13
173 4 13
173 4 13
173 4 13
173 4 13
173 4 13
173 4 13
173 4 13
173 4 13
173 4 13
173 4 13
173 4 13
173 4 13
173 4 13
173 4 13
173 4 13
173 4 13
173 4 13
173 4 13
173 4 13
173 4 13
173 4 13
173 4 13
173 4 13
173 4 13
173 4 13
173 4 13
173 4 13
160 0 13
160 0 13
160 0 13
160 0 13
160 0 13
160 0 13
160 0 13
160 0 13
160 0 13
160 0 13
160 0 13
160 0 13
160 0 13
160 0 13
160 0 13
160 0 13
160 0 13
0 45 13
0 45 13
0 45 13
0 45 13
0 45 13
0 45 13
0 45 13
0 45 13
0 45 13
0 45 13
0 45 13
0 45 13
0 45 13
0 45 13
0 45 13
0 45 13
0 45 13
0 45 13
0 45 13
0 45 13
0 45 13
0 45 13
0 45 13
0 45 13
0 45 13
0 45 13
0 45 13
0 45 13
0 45 13
0 45 13
0 45 13
0 45 13
0 45 13
0 45 13
0 45 13
0 45 13
0 45 13
0 45 13
0 45 13
0 45 13
0 45 13
0 45 13
0 45 13
0 45 13
0 45 13
0 45 13
0 45 13
0 45 13
0 45 13
0 45 13
0 45 13
0 45 13
0 45 13
0 45 13
0 45 13
0 45 13
0 45 13
0 45 13
0 45 13
0 45 13
0 45 13
0 45 13
0 45 13
0 45 13
0 45 13
0 45 13
0 45 13
0 45 13
0 45 13
0 45 13
0 45 13
0 45 13
0 45 13
0 45 13
0 45 13
0 45 13
0 45 13
0 45 13
0 45 13
0 45 13
0 45 13
0 45 13
0 45 13
0 45 13
0 45 13
0 45 13
0 45 13
0 45 13
0 45 13
0 45 13
0 45 13
0 45 13
0 45 13
0 45 13
0 45 13
0 45 13
0 45 13
0 45 13
0 45 13
0 45 13
0 45 13
0 45 13
0 45 13
0 45 13
0 45 13
0 45 13
0 45 13
0 45 13
0 45 13
0 45 13
0 45 13
0 45 13
0 45 13
0 45 13
0 45 13
0 45 13
0 45 13
0 45 13
0 45 13
0 45 13
0 45 13
0 45 13
0 45 13
0 45 13
0 45 13
0 45 13
0 45 13
0 45 13
0 45 13
0 45 13
0 45 13
0 45 13
0 45 13
0 45 13
0 45 13
0 45 13
0 45 13
0 45 13
0 45 13
0 45 13
0 45 13
0 45 13
0 45 13
0 45 13
0 45 13
0 45 13
0 45 13
0 45 13
0 45 13
0 45 13
0 45 13
0 45 13
0 45 13
0 45 13
0 45 13
0 45 13
0 45 13
0 45 13
0 45 13
0 45 13
0 45 13
0 45 13
0 45 13
0 45 13
0 45 13
0 45 13
0 45 13
0 45 13
0 45 13
0 45 13
11 12 245
11 12 13
11 12 13
11 12 13
11 12 13
11 12 13
11 12 13
11 12 13
11 12 13
11 12 13
11 12 13
11 12 13
11 12 13
11 12 13
11 12 13
11 12 13
11 12 13
11 12 13
11 12 13
11 12 13
11 12 13
11 12 13
11 12 13
11 12 13
11 12 13
11 12 13
11 12 13
11 12 13
11 12 13
11 12 13
11 12 13
11 12 13
11 12 13
11 12 13
11 12 13
11 12 13
11 12 13
11 12 13
11 12 13
11 12 13
11 12 13
11 12 13
11 12 13
11 12 13
11 12 13
11 12 13
11 12 13
11 12 13
11 12 13
11 12 13
11 12 13
11 12 13
11 12 13
11 12 13
11 12 13
11 12 13
11 12 13
11 12 13
11 12 13
11 12 13
11 12 13
11 12 13
11 12 13
11 12 13
11 12 13
11 12 13
11 12 13
11 12 13
11 12 13
11 12 13
11 12 13
11 12 13
149 104 13
149 104 13
149 104 13
149 104 13
149 104 13
149 104 13
149 104 13
149 104 13
149 104 13
149 104 13
149 104 13
149 104 13
149 104 13
149 104 13
149 104 13
149 104 13
149 104 13
149 104 13
149 104 13
149 104 13
149 104 13
149 104 13
149 104 13
149 104 13
138 113 23
138 113 13
138 113 13
138 113 13
138 113 13
138 113 13
138 113 13
138 113 13
138 113 13
138 113 13
138 113 13
138 113 13
138 113 13
138 113 13
138 113 13
138 113 13
138 113 13
138 113 13
138 113 13
138 113 13
138 113 13
138 113 13
138 113 13
138 113 13
138 113 13
138 113 13
138 113 13
138 113 13
138 113 13
138 113 13
138 113 13
138 113 13
138 113 13
138 113 13
138 113 13
138 113 13
138 113 13
138 113 13
138 113 13
138 113 13
138 113 13
138 113 13
138 113 13
138 113 13
138 113 13
138 113 13
138 113 13
138 113 13
138 113 13
138 113 13
138 113 13
138 113 13
138 113 13
138 113 13
138 113 13
138 113 13
138 113 13
138 113 13
9 65 13
9 65 13
9 65 13
9 65 13
9 65 13
9 65 13
9 65 13
9 65 13
9 65 13
9 65 13
9 65 13
9 65 13
9 65 13
9 65 13
9 65 13
9 65 13
9 65 13
186 0 23
186 0 13
186 0 13
186 0 13
186 0 13
186 0 13
186 0 13
186 0 13
186 0 13
186 0 13
186 0 13
186 0 13
186 0 13
186 0 13
186 0 13
186 0 13
186 0 13
186 0 13
186 0 13
186 0 13
186 0 13
186 0 13
186 0 13
186 0 13
186 0 13
186 0 13
199 7 23
199 7 13
199 7 13
199 7 13
199 7 13
199 7 13
199 7 13
199 7 13
199 7 13
199 7 13
199 7 13
199 7 13
199 22 23
199 22 13
199 22 13
199 22 13
199 22 13
199 22 13
199 22 13
199 22 13
199 22 13
199 22 13
199 22 13
199 22 13
199 22 13
199 22 13
199 22 13
199 22 13
199 22 13
199 22 13
199 22 13
199 22 13
199 22 13
199 22 13
199 22 13
199 22 13
199 22 13
199 22 13
199 22 13
199 22 13
199 22 13
199 22 13
199 22 13
199 22 13
199 22 13
199 22 13
199 22 13
199 22 13
199 22 13
199 22 13
199 22 13
199 22 13
199 22 13
199 22 13
199 22 13
199 22 13
199 22 13
199 22 13
199 22 13
199 22 13
199 22 13
199 22 13
199 22 13
199 22 13
199 22 13
199 22 13
199 22 13
199 22 13
199 22 13
199 22 13
199 22 13
199 22 13
199 22 13
199 22 13
199 22 13
199 22 13
199 22 13
199 22 13
199 22 13
199 22 13
199 22 13
199 22 13
199 22 13
199 22 13
199 22 13
199 22 13
186 13 23
186 13 13
186 13 13
186 13 13
186 13 13
186 13 13
186 13 13
186 13 13
186 13 13
186 13 13
186 13 13
186 13 13
186 13 13
186 13 13
186 13 13
186 13 13
186 13 13
186 13 13
186 13 13
186 13 13
186 13 13
186 13 13
186 13 13
186 13 13
186 13 13
186 13 13
186 13 13
186 13 13
186 13 13
186 13 13
186 13 13
186 13 13
186 13 13
186 13 13
186 13 13
186 13 13
186 13 13
186 13 13
186 13 13
186 13 13
186 13 13
186 13 13
186 13 13
186 13 13
186 13 13
186 13 13
186 13 13
186 13 13
186 13 13
186 13 13
186 13 13
186 13 13
186 13 13
186 13 13
186 13 13
186 13 13
186 13 13
186 13 13
186 13 13
186 13 13
186 13 13
186 13 13
186 13 13
186 13 13
186 13 13
186 13 13
186 13 13
186 13 13
186 13 13
186 13 13
186 13 13
186 13 13
148 163 23
148 163 13
148 163 13
148 163 13
148 163 13
148 163 13
148 163 13
148 163 13
148 163 13
148 163 13
148 163 13
148 163 13
148 163 13
148 163 13
148 163 13
148 163 13
148 163 13
148 163 13
148 163 13
148 163 13
148 163 13
148 163 13
148 163 13
148 163 13
148 163 13
148 163 13
148 163 13
148 163 13
148 163 13
148 163 13
148 163 13
148 163 13
148 163 13
148 163 13
148 163 13
148 163 13
148 163 13
148 163 13
148 163 13
148 163 13
87 26 273
100 33 23
100 33 13
100 33 13
100 33 13
100 33 13
100 33 13
100 33 13
100 33 13
100 33 13
100 33 13
100 33 13
100 33 13
100 33 13
100 33 13
100 33 13
100 33 13
100 33 13
100 33 13
100 33 13
100 33 13
171 147 23
171 147 13
171 147 13
171 147 13
171 147 13
171 147 13
171 147 13
171 147 13
171 147 13
171 147 13
171 147 13
171 147 13
171 147 13
171 147 13
171 147 13
171 147 13
171 147 13
171 147 13
171 147 13
171 147 13
171 147 13
171 147 13
171 147 13
171 147 13
171 147 13
171 147 13
171 147 13
171 147 13
171 147 13
171 147 13
171 147 13
171 147 13
171 147 13
171 147 13
171 147 13
171 147 13
171 147 13
171 147 13
171 147 13
171 147 13
171 147 13
171 147 13
171 147 13
171 147 13
171 147 13
171 147 13
171 147 13
171 147 13
171 147 13
171 147 13
171 147 13
171 147 13
171 147 13
137 156 23
137 156 13
137 156 13
137 156 13
137 156 13
137 156 13
137 156 13
137 156 13
137 156 13
137 156 13
137 156 13
137 156 13
137 156 13
137 156 13
137 156 13
137 156 13
137 156 13
137 156 13
137 156 13
137 156 13
137 156 13
137 156 13
137 156 13
137 156 13
137 156 13
137 156 13
137 156 13
137 156 13
137 156 13
137 156 13
137 156 13
137 156 13
137 156 13
137 156 13
137 156 13
137 156 13
137 156 13
137 156 13
137 156 13
137 156 13
137 156 13
137 156 13
137 156 13
137 156 13
137 156 13
137 156 13
137 156 13
137 156 13
137 156 13
137 156 13
137 156 13
117 102 13
117 102 13
117 102 13
117 102 13
117 102 13
117 102 13
117 102 13
117 102 13
117 102 13
117 102 13
117 102 13
117 102 13
117 102 13
117 102 13
117 102 13
117 102 13
117 102 13
117 102 13
117 102 13
117 102 13
117 102 13
117 102 13
117 102 13
117 102 13
117 102 13
117 102 13
117 102 13
117 102 13
117 102 13
117 102 13
117 102 13
117 102 13
117 102 13
117 102 13
117 102 13
117 102 13
117 102 13
117 102 13
117 102 13
117 102 13
117 102 13
117 102 13
117 102 13
117 102 13
117 102 13
117 102 13
117 102 13
117 102 13
117 102 13
117 102 13
117 102 13
117 102 13
117 102 13
117 102 13
117 102 13
117 102 13
117 102 13
117 102 13
117 102 13
117 102 13
117 102 13
117 102 13
117 102 13
117 102 13
117 102 13
117 102 13
117 102 13
117 102 13
117 102 13
117 102 13
117 102 13
128 78 23
128 78 13
128 78 13
128 78 13
128 78 13
128 78 13
128 78 13
128 78 13
128 78 13
128 78 13
128 78 13
128 78 13
128 78 13
78 167 23
78 167 13
78 167 13
78 167 13
78 167 13
78 167 13
78 167 13
78 167 13
78 167 13
78 167 13
78 167 13
78 167 13
78 167 13
78 167 13
78 167 13
78 167 13
78 167 13
78 167 13
78 167 13
78 167 13
78 167 13
78 167 13
78 167 13
78 167 13
78 167 13
78 167 13
78 167 13
78 167 13
78 167 13
78 167 13
78 167 13
78 167 13
78 167 13
78 167 13
78 167 13
78 167 13
78 167 13
78 167 13
78 167 13
78 167 13
78 167 13
78 167 13
78 167 13
78 167 13
78 167 13
78 167 13
78 167 13
78 167 13
78 167 13
78 167 13
78 167 13
78 167 13
78 167 13
78 167 13
78 167 13
78 167 13
78 167 13
78 167 13
78 167 13
78 167 13
78 167 13
78 167 13
139 84 46
139 84 13
139 84 13
139 84 13
139 84 13
139 84 13
139 84 13
139 84 13
139 84 13
139 84 13
139 84 13
139 84 13
139 84 13
139 84 13
139 84 13
139 84 13
139 84 13
139 84 13
139 84 13
139 84 13
139 84 13
139 84 13
139 84 13
139 84 13
139 84 13
139 84 13
139 84 13
139 84 13
139 84 13
139 84 13
139 84 13
139 84 13
139 84 13
139 84 13
139 84 13
139 84 13
139 84 13
139 84 13
139 84 13
139 84 13
139 84 13
139 84 13
139 84 13
139 84 13
139 84 13
139 84 13
139 84 13
139 84 13
139 84 13
139 84 13
139 84 13
139 84 13
139 84 13
139 84 13
139 84 13
139 84 13
139 84 13
139 84 13
64 71 23
64 71 13
64 71 13
64 71 13
64 71 13
64 71 13
64 71 13
64 71 13
64 71 13
64 71 13
64 71 13
64 71 13
64 71 13
64 71 13
64 71 13
64 71 13
64 71 13
64 71 13
64 71 13
64 71 13
64 71 13
64 71 13
64 71 13
64 71 13
64 71 13
64 71 13
64 71 13
64 71 13
64 71 13
64 71 13
64 71 13
64 71 13
64 71 13
64 71 13
64 71 13
64 71 13
64 71 13
64 71 13
64 71 13
64 71 13
64 71 13
64 71 13
64 71 13
64 71 13
51 106 23
51 106 13
51 106 13
51 106 13
51 106 13
51 106 13
51 106 13
51 106 13
51 106 13
51 106 13
51 106 13
51 106 13
51 106 13
51 106 13
51 106 13
51 106 13
51 121 23
51 121 13
51 121 13
51 121 13
51 121 13
51 121 13
51 121 13
51 121 13
51 121 13
51 121 13
51 121 13
51 121 13
51 121 13
51 121 13
51 121 13
51 121 13
51 121 13
51 121 13
51 121 13
51 121 13
51 121 13
51 121 13
51 121 13
51 121 13
51 121 13
51 121 13
51 121 13
51 121 13
51 121 13
51 121 13
51 121 13
51 121 13
51 121 13
51 121 13
51 121 13
51 121 13
51 121 13
51 121 13
51 121 13
51 121 13
51 121 13
51 121 13
51 121 13
51 121 13
51 121 13
51 121 13
51 121 13
51 121 13
51 121 13
51 121 13
51 121 13
51 121 13
51 121 13
51 121 13
51 121 13
51 121 13
51 121 13
51 121 13
51 121 13
51 121 13
51 121 13
51 121 13
51 121 13
78 182 13
78 182 13
78 182 13
78 182 13
78 182 13
78 182 13
78 182 13
78 182 13
78 182 13
78 182 13
78 182 13
78 182 13
78 182 13
78 182 13
78 182 13
78 182 13
78 182 13
78 182 13
78 182 13
78 182 13
78 182 13
78 182 13
78 182 13
78 182 13
78 182 13
78 182 13
78 182 13
78 182 13
78 182 13
78 182 13
78 182 13
78 182 13
78 182 13
78 182 13
78 182 13
78 182 13
78 182 13
78 182 13
78 182 13
78 182 13
78 182 13
78 182 13
78 182 13
78 182 13
78 182 13
78 182 13
78 182 13
78 182 13
78 182 13
78 182 13
78 182 13
78 182 13
78 182 13
78 182 13
78 182 13
78 182 13
78 182 13
78 182 13
78 182 13
78 182 13
78 182 13
78 182 13
78 182 13
78 182 13
78 182 13
78 182 13
78 182 13
78 182 13
78 182 13
78 182 13
78 182 13
78 182 13
78 182 13
78 182 13
78 182 13
78 182 13
78 182 13
78 182 13
78 182 13
78 182 13
78 182 13
65 115 23
65 115 13
65 115 13
65 115 13
65 115 13
65 115 13
65 115 13
65 115 13
65 115 13
65 115 13
65 115 13
65 115 13
65 115 13
65 115 13
65 115 13
65 115 13
65 115 13
65 115 13
65 115 13
65 115 13
65 115 13
65 115 13
65 115 13
65 115 13
65 115 13
65 115 13
65 115 13
65 115 13
65 115 13
65 115 13
65 115 13
65 115 13
65 115 13
65 115 13
65 115 13
65 115 13
65 115 13
65 115 13
65 115 13
65 115 13
65 115 13
65 115 13
65 115 13
65 115 13
65 115 13
65 115 13
65 115 13
65 115 13
138 127 104
138 127 13
138 127 13
138 127 13
138 127 13
138 127 13
138 127 13
138 127 13
138 127 13
138 127 13
138 127 13
138 127 13
138 127 13
138 127 13
138 127 13
138 127 13
138 127 13
138 127 13
138 127 13
138 127 13
138 127 13
138 127 13
138 127 13
138 127 13
138 127 13
138 127 13
138 127 13
138 127 13
138 127 13
138 127 13
138 127 13
138 127 13
138 127 13
138 127 13
138 127 13
138 127 13
138 127 13
138 127 13
138 127 13
138 127 13
138 127 13
138 127 13
138 127 13
138 127 13
138 127 13
138 127 13
138 127 13
138 127 13
138 127 13
138 127 13
138 127 13
138 127 13
138 127 13
138 127 13
138 127 13
138 127 13
66 159 23
66 159 13
66 159 13
66 159 13
66 159 13
66 159 13
66 159 13
66 159 13
66 159 13
66 159 13
66 159 13
66 159 13
66 159 13
66 159 13
66 159 13
66 159 13
66 159 13
66 159 13
66 159 13
66 159 13
66 159 13
66 159 13
66 159 13
66 159 13
66 159 13
66 159 13
66 159 13
66 159 13
66 159 13
66 159 13
66 159 13
66 159 13
66 159 13
66 159 13
66 159 13
66 159 13
66 159 13
66 159 13
66 159 13
66 159 13
66 159 13
66 159 13
66 159 13
66 159 13
66 159 13
66 159 13
66 159 13
66 159 13
66 159 13
66 159 13
66 159 13
66 159 13
66 159 13
66 159 13
66 159 13
66 159 13
66 159 13
66 159 13
66 159 13
66 159 13
66 159 13
66 159 13
66 159 13
66 159 13
66 159 13
66 159 13
66 159 13
66 159 13
66 159 13
66 159 13
66 159 13
66 159 13
66 159 13
66 159 13
115 158 118
115 158 13
115 158 13
115 158 13
115 158 13
115 158 13
115 158 13
115 158 13
115 158 13
115 158 13
115 158 13
115 158 13
115 158 13
115 158 13
115 158 13
115 158 13
115 158 13
115 158 13
115 158 13
115 158 13
115 158 13
115 158 13
115 158 13
115 158 13
115 158 13
115 158 13
115 158 13
115 158 13
115 158 13
115 158 13
115 158 13
115 158 13
115 158 13
115 158 13
115 158 13
115 158 13
115 158 13
115 158 13
115 158 13
115 158 13
115 158 13
115 158 13
115 158 13
115 158 13
115 158 13
115 158 13
115 158 13
115 158 13
115 158 13
115 158 13
115 158 13
115 158 13
115 158 13
115 158 13
115 158 13
115 158 13
115 158 13
115 158 13
27 181 23
27 181 13
27 181 13
27 181 13
27 181 13
27 181 13
27 181 13
27 181 13
27 181 13
27 181 13
27 181 13
27 181 13
27 181 13
27 181 13
27 181 13
27 181 13
27 181 13
27 181 13
27 181 13
27 181 13
27 181 13
27 181 13
27 181 13
27 181 13
27 181 13
27 181 13
27 181 13
27 181 13
27 181 13
27 181 13
27 181 13
27 181 13
27 181 13
27 181 13
27 181 13
27 181 13
27 181 13
27 181 13
27 181 13
27 181 13
27 181 13
27 181 13
27 181 13
27 181 13
27 181 13
27 181 13
27 181 13
27 181 13
27 181 13
27 181 13
27 181 13
27 181 13
27 181 13
27 181 13
27 181 13
27 181 13
27 181 13
27 181 13
27 181 13
27 181 13
27 181 13
27 181 13
27 181 13
27 181 13
27 181 13
27 181 13
27 181 13
27 181 13
27 181 13
27 181 13
27 181 13
27 181 13
27 181 13
27 181 13
27 181 13
27 181 13
27 181 13
27 181 13
27 181 13
27 181 13
27 181 13
27 181 13
27 181 13
103 166 182
103 166 13
103 166 13
103 166 13
103 166 13
103 166 13
103 166 13
103 166 13
103 166 13
103 166 13
103 166 13
103 166 13
103 166 13
103 166 13
103 166 13
103 166 13
103 166 13
103 166 13
103 166 13
103 166 13
103 166 13
103 166 13
103 166 13
103 166 13
103 166 13
103 166 13
103 166 13
103 166 13
103 166 13
103 166 13
103 166 13
103 166 13
103 166 13
103 166 13
103 166 13
103 166 13
103 166 13
103 166 13
103 166 13
103 166 13
103 166 13
103 166 13
103 166 13
103 166 13
103 166 13
103 166 13
103 166 13
103 166 13
103 166 13
103 166 13
103 166 13
103 166 13
103 166 13
103 166 13
103 166 13
103 166 13
79 123 23
79 123 13
79 123 13
79 123 13
79 123 13
79 123 13
79 123 13
79 123 13
79 123 13
79 123 13
79 123 13
79 123 13
79 123 13
79 123 13
79 123 13
79 123 13
79 123 13
79 123 13
79 123 13
79 123 13
79 123 13
79 123 13
79 123 13
79 123 13
79 123 13
79 123 13
79 123 13
79 123 13
79 123 13
79 123 13
79 123 13
79 123 13
79 123 13
79 123 13
79 123 13
79 123 13
79 123 13
79 123 13
79 123 13
79 123 13
79 123 13
79 123 13
79 123 13
79 123 13
79 123 13
79 123 13
79 123 13
79 123 13
79 123 13
79 123 13
79 123 13
79 123 13
79 123 13
79 123 13
79 123 13
79 123 13
79 123 13
79 123 13
79 123 13
79 123 13
79 123 13
79 123 13
79 123 13
79 123 13
79 123 13
79 123 13
79 123 13
79 123 13
79 123 13
79 123 13
79 123 13
79 123 13
79 123 13
79 123 13
79 123 13
79 123 13
79 123 13
91 174 13
148 179 13
148 179 13
148 179 13
148 179 13
148 179 13
148 179 13
148 179 13
148 179 13
148 179 13
148 179 13
148 179 13
148 179 13
148 179 13
148 179 13
148 179 13
148 179 13
148 179 13
148 179 13
148 179 13
148 179 13
148 179 13
148 179 13
148 179 13
148 179 13
148 179 13
148 179 13
148 179 13
148 179 13
148 179 13
148 179 13
148 179 13
148 179 13
148 179 13
148 179 13
148 179 13
148 179 13
148 179 13
148 179 13
148 179 13
148 179 13
148 179 13
148 179 13
148 179 13
148 179 13
148 179 13
148 179 13
148 179 13
148 179 13
148 179 13
148 179 13
148 179 13
148 179 13
148 179 13
148 179 13
148 179 13
148 179 13
148 179 13
148 179 13
148 179 13
148 179 13
148 179 13
148 179 13
148 179 13
148 179 13
148 179 13
148 179 13
148 179 13
148 179 13
148 179 13
148 179 13
126 164 229
126 164 13
126 164 13
126 164 13
126 164 13
126 164 13
126 164 13
126 164 13
126 164 13
126 164 13
126 164 13
126 164 13
126 164 13
126 164 13
126 164 13
126 164 13
126 164 13
126 164 13
126 164 13
126 164 13
126 164 13
126 164 13
126 164 13
126 164 13
126 164 13
126 164 13
126 164 13
126 164 13
126 164 13
126 164 13
126 164 13
126 164 13
126 164 13
126 164 13
126 164 13
126 164 13
126 164 13
126 164 13
126 164 13
126 164 13
126 164 13
126 164 13
126 164 13
126 164 13
126 164 13
126 164 13
126 164 13
126 164 13
92 131 13
92 131 13
92 131 13
92 131 13
92 131 13
92 131 13
92 131 13
92 131 13
92 131 13
92 131 13
92 131 13
92 131 13
92 131 13
92 131 13
92 131 13
92 131 13
92 131 13
92 131 13
92 131 13
92 131 13
92 131 13
92 131 13
92 131 13
92 131 13
92 131 13
92 131 13
92 131 13
92 131 13
92 131 13
92 131 13
92 131 13
92 131 13
92 131 13
92 131 13
92 131 13
92 131 13
92 131 13
92 131 13
79 109 13
79 109 13
79 109 13
79 109 13
79 109 13
79 109 13
79 109 13
79 109 13
79 109 13
79 109 13
79 109 13
79 109 13
79 109 13
79 109 13
79 109 13
79 109 13
79 109 13
79 109 13
79 109 13
79 109 13
79 109 13
79 109 13
79 109 13
79 109 13
79 109 13
79 109 13
79 109 13
79 109 13
79 109 13
79 109 13
79 109 13
79 109 13
79 109 13
79 109 13
79 109 13
79 109 13
79 109 13
79 109 13
79 109 13
79 109 13
79 109 13
79 109 13
79 109 13
79 109 13
79 109 13
79 109 13
79 109 13
65 130 23
65 130 13
65 130 13
65 130 13
65 130 13
65 130 13
65 130 13
65 130 13
65 130 13
65 130 13
65 130 13
65 130 13
65 130 13
65 130 13
65 130 13
65 130 13
65 130 13
65 130 13
65 130 13
65 130 13
65 130 13
65 130 13
65 130 13
65 130 13
65 130 13
65 130 13
65 130 13
65 130 13
65 130 13
65 130 13
65 130 13
65 130 13
65 130 13
65 130 13
65 130 13
65 130 13
65 130 13
65 130 13
65 130 13
65 130 13
65 130 13
65 130 13
65 130 13
65 130 13
65 130 13
65 130 13
65 130 13
65 130 13
65 130 13
65 130 13
65 130 13
65 130 13
65 130 13
65 130 13
65 130 13
65 130 13
65 130 13
65 130 13
65 130 13
65 130 13
65 130 13
65 130 13
65 130 13
65 130 13
65 130 13
65 130 13
65 130 13
65 130 13
65 130 13
65 130 13
65 130 13
65 130 13
65 130 13
65 130 13
65 130 13
65 130 13
65 130 13
65 130 13
65 130 13
65 130 13
65 130 13
65 130 13
65 130 13
148 163 13
148 163 13
148 163 13
148 163 13
148 163 13
148 163 13
148 163 13
148 163 13
148 163 13
148 163 13
148 163 13
148 163 13
148 163 13
148 163 13
148 163 13
148 163 13
148 163 13
148 163 13
148 163 13
148 163 13
148 163 13
148 163 13
148 163 13
148 163 13
148 163 13
148 163 13
148 163 13
148 163 13
148 163 13
148 163 13
148 163 13
148 163 13
148 163 13
148 163 13
148 163 13
148 163 13
148 163 13
148 163 13
148 163 13
148 163 13
148 163 13
148 163 13
148 163 13
148 163 13
148 163 13
148 163 13
148 163 13
148 163 13
148 163 13
148 163 13
148 163 13
148 163 13
102 180 13
102 180 13
102 180 13
102 180 13
102 180 13
102 180 13
102 180 13
102 180 13
102 180 13
102 180 13
102 180 13
102 180 13
102 180 13
102 180 13
102 180 13
102 180 13
102 180 13
102 180 13
102 180 13
102 180 13
102 180 13
102 180 13
102 180 13
102 180 13
102 180 13
102 180 13
102 180 13
102 180 13
102 180 13
102 180 13
102 180 13
102 180 13
102 180 13
102 180 13
102 180 13
102 180 13
102 180 13
102 180 13
102 180 13
102 180 13
102 180 13
102 180 13
102 180 13
102 180 13
171 162 23
171 162 13
171 162 13
171 162 13
171 162 13
171 162 13
171 162 13
171 162 13
171 162 13
171 162 13
171 162 13
171 162 13
171 162 13
171 162 13
171 162 13
171 162 13
171 162 13
171 162 13
171 162 13
171 162 13
171 162 13
171 162 13
171 162 13
171 162 13
171 162 13
171 162 13
171 162 13
171 162 13
171 162 13
171 162 13
171 162 13
171 162 13
171 162 13
171 162 13
171 162 13
171 162 13
171 162 13
171 162 13
171 162 13
171 162 13
171 162 13
171 162 13
171 162 13
171 162 13
171 162 13
171 162 13
171 162 13
171 162 13
171 162 13
171 162 13
171 162 13
171 162 13
171 162 13
171 162 13
171 162 13
171 162 13
171 162 13
171 162 13
171 162 13
171 162 13
171 162 13
171 162 13
171 162 13
171 162 13
171 162 13
171 162 13
171 162 13
171 162 13
171 162 13
171 162 13
171 162 13
171 162 13
171 162 13
171 162 13
171 162 13
171 162 13
171 162 13
171 162 13
171 162 13
171 162 13
171 162 13
171 162 13
171 162 13
171 162 13
171 162 13
171 162 13
114 172 13
114 172 13
114 172 13
114 172 13
114 172 13
114 172 13
114 172 13
114 172 13
114 172 13
114 172 13
114 172 13
114 172 13
114 172 13
114 172 13
114 172 13
114 172 13
114 172 13
114 172 13
114 172 13
114 172 13
114 172 13
114 172 13
114 172 13
114 172 13
114 172 13
114 172 13
114 172 13
114 172 13
114 172 13
114 172 13
114 172 13
114 172 13
114 172 13
114 172 13
114 172 13
114 172 13
114 172 13
114 172 13
114 172 13
114 172 13
114 172 13
114 172 13
114 172 13
114 172 13
114 172 13
114 172 13
114 172 13
114 172 13
114 172 13
114 172 13
114 172 13
114 172 13
114 172 13
114 172 13
114 172 13
114 172 13
114 172 13
114 172 13
114 172 13
114 172 13
114 172 13
114 172 13
114 172 13
114 172 13
114 172 13
114 172 13
114 172 13
114 172 13
114 172 13
114 172 13
114 172 13
114 172 13
114 172 13
114 172 13
114 172 13
114 172 13
114 172 13
114 172 13
114 172 13
114 172 13
114 172 13
114 172 13
114 172 13
114 172 13
114 172 13
114 172 13
114 172 13
114 172 13
114 172 13
114 172 13
114 172 13
114 172 13
114 172 13
114 172 13
114 172 13
114 172 13
114 172 13
114 172 13
114 172 13
114 172 13
114 172 13
114 172 13
114 172 13
114 172 13
114 172 13
114 172 13
114 172 13
114 172 13
114 172 13
114 172 13
114 172 13
114 172 13
114 172 13
114 172 13
114 172 13
114 172 13
114 172 13
114 172 13
114 172 13
114 172 13
114 172 13
114 172 13
114 172 13
114 172 13
114 172 13
114 172 13
114 172 13
114 172 13
114 172 13
114 172 13
114 172 13
114 172 13
114 172 13
114 172 13
114 172 13
114 172 13
114 172 13
78 80 13
78 80 13
78 80 13
78 80 13
78 80 13
77 65 86
77 65 13
77 65 13
77 65 13
77 65 13
77 65 13
77 65 13
77 65 13
77 65 13
77 65 13
77 65 13
77 65 13
77 65 13
77 65 13
77 65 13
77 65 13
77 65 13
77 65 13
77 65 13
77 65 13
77 65 13
77 65 13
77 65 13
77 65 13
77 65 13
77 65 13
77 65 13
77 65 13
77 65 13
77 65 13
77 65 13
77 65 13
77 65 13
77 65 13
77 65 13
77 65 13
77 65 13
77 65 13
77 65 13
77 65 13
77 65 13
77 65 13
77 65 13
77 65 13
77 65 13
77 65 13
77 65 13
77 65 13
77 65 13
77 65 13
77 65 13
77 65 13
77 65 13
77 65 13
77 65 13
77 65 13
77 65 13
77 65 13
77 65 13
77 65 13
77 65 13
77 65 13
77 65 13
77 65 13
77 65 13
77 65 13
77 65 13
77 65 13
77 65 13
77 65 13
77 65 13
77 65 13
77 65 13
91 73 119
91 73 13
91 73 13
91 73 13
91 73 13
91 73 13
91 73 13
91 73 13
91 73 13
91 73 13
91 73 13
91 73 13
91 73 13
91 73 13
103 65 124
103 65 13
103 65 13
103 65 13
103 65 13
103 65 13
103 65 13
103 65 13
103 65 13
103 65 13
103 65 13
103 65 13
103 65 13
103 65 13
103 65 13
103 65 13
103 65 13
103 65 13
103 65 13
103 65 13
103 65 13
103 65 13
103 65 13
103 65 13
103 65 13
103 65 13
103 65 13
103 65 13
103 65 13
103 65 13
103 65 13
103 65 13
103 65 13
103 65 13
103 65 13
103 65 13
103 65 13
103 65 13
103 65 13
103 65 13
103 65 13
103 65 13
103 65 13
103 65 13
103 65 13
103 65 13
103 65 13
103 65 13
103 65 13
103 65 13
103 65 13
103 65 13
103 65 13
103 65 13
103 65 13
103 65 13
103 65 13
103 65 13
103 65 13
103 65 13
103 65 13
103 65 13
103 65 13
103 65 13
103 65 13
103 65 13
103 65 13
103 65 13
103 65 13
103 65 13
103 65 13
103 65 13
103 65 13
103 65 13
137 156 13
137 156 13
137 156 13
137 156 13
137 156 13
139 69 13
139 69 13
139 69 13
139 69 13
139 69 13
139 69 13
139 69 13
139 69 13
139 69 13
139 69 13
139 69 13
139 69 13
139 69 13
139 69 13
139 69 13
139 69 13
139 69 13
105 82 337
105 82 15
105 82 15
105 82 15
105 83 283
105 83 15
105 83 15
105 83 15
105 83 15
105 83 15
105 83 15
105 84 234
105 84 15
105 84 15
105 84 15
105 84 15
105 84 15
105 84 15
105 84 15
105 84 15
105 84 15
105 85 189
105 85 15
105 85 15
105 85 15
105 85 15
105 85 15
105 85 15
105 85 15
105 85 15
105 85 15
105 85 15
105 85 15
105 85 15
105 86 149
105 86 15
105 86 15
105 86 15
105 86 15
105 86 15
105 86 15
105 86 15
105 86 15
105 86 15
105 86 15
105 86 15
105 86 15
105 86 15
105 86 15
105 87 115
105 87 15
105 87 15
105 87 15
105 87 15
105 87 15
105 87 15
105 87 15
105 87 15
105 87 15
105 87 15
105 87 15
105 87 15
105 87 15
105 87 15
105 87 15
105 88 87
105 88 15
105 88 15
105 88 15
105 88 15
105 88 15
105 88 15
105 88 15
105 88 15
105 88 15
105 88 15
105 88 15
105 88 15
105 88 15
105 88 15
105 89 66
105 89 15
105 89 15
105 89 15
105 89 15
105 89 15
105 89 15
105 89 15
105 89 15
105 89 15
105 89 15
105 89 15
105 89 15
105 89 15
105 90 52
105 90 15
105 90 15
105 90 15
105 90 15
105 90 15
105 90 15
105 90 15
105 90 15
105 90 15
105 90 15
105 90 15
105 90 15
104 90 36
104 90 15
104 90 15
104 90 15
104 90 15
104 90 15
104 90 15
104 90 15
104 90 15
104 90 15
103 90 23
103 90 15
103 90 15
103 90 15
103 90 15
103 90 15
103 90 15
103 90 15
102 90 15
102 90 15
102 90 15
102 90 15
102 90 15
102 90 15
101 90 15
101 90 15
101 90 15
101 90 15
101 90 15
100 90 15
100 90 15
100 90 15
99 90 15
99 90 15
99 90 15
98 90 15
98 90 15
97 90 15
97 90 15
96 90 15
96 90 15
95 90 15
95 90 15
94 90 15
93 90 15
92 90 15
127 78 154
127 79 130
126 79 117
126 80 105
125 80 97
124 80 98
124 81 95
123 81 99
123 82 108
122 82 115
121 82 128
121 83 142
120 83 153
119 83 168
119 84 184
118 84 194
117 84 205
117 84 15
116 84 217
116 84 15
116 84 15
116 84 15
116 84 15
116 84 15
116 85 222
116 85 15
116 85 15
116 85 15
116 85 15
116 85 15
116 85 15
116 85 15
115 85 226
115 85 15
115 85 15
115 85 15
115 85 15
115 85 15
115 85 15
115 85 15
115 85 15
115 85 15
115 85 15
115 85 15
115 85 15
115 85 15
114 85 228
114 85 15
114 85 15
114 85 15
114 85 15
114 85 15
114 85 15
114 85 15
114 85 15
114 85 15
114 85 15
114 85 15
114 85 15
114 85 15
114 85 15
114 85 15
114 85 15
114 85 15
114 85 15
113 85 230
113 85 15
113 85 15
113 85 15
113 85 15
113 85 15
113 85 15
113 85 15
113 85 15
113 85 15
113 85 15
113 85 15
113 85 15
113 85 15
113 85 15
113 85 15
113 85 15
113 85 15
113 85 15
113 85 15
113 85 15
113 85 15
113 85 15
113 85 15
113 86 224
113 86 15
113 86 15
113 86 15
113 86 15
113 86 15
113 86 15
113 86 15
113 86 15
113 86 15
113 86 15
113 86 15
113 86 15
113 86 15
113 86 15
113 86 15
113 86 15
113 86 15
113 86 15
113 86 15
113 86 15
113 86 15
113 86 15
113 86 15
113 86 15
113 86 15
112 86 216
112 86 15
112 86 15
112 86 15
112 86 15
112 86 15
112 86 15
112 86 15
112 86 15
112 86 15
112 86 15
112 86 15
112 86 15
112 86 15
112 86 15
112 86 15
112 86 15
112 86 15
112 86 15
112 86 15
112 86 15
112 86 15
112 86 15
112 86 15
112 86 15
112 86 15
112 86 15
112 86 15
112 86 15
112 86 15
111 86 208
111 86 15
111 86 15
111 86 15
111 86 15
111 86 15
111 86 15
111 86 15
111 86 15
111 86 15
111 86 15
111 86 15
111 86 15
111 86 15
111 86 15
111 86 15
111 86 15
111 86 15
111 86 15
111 86 15
111 86 15
111 86 15
111 86 15
111 86 15
111 86 15
111 86 15
111 86 15
111 86 15
111 86 15
111 86 15
111 86 15
111 86 15
111 86 15
111 87 198
111 87 15
111 87 15
111 87 15
111 87 15
111 87 15
111 87 15
111 87 15
111 87 15
111 87 15
111 87 15
111 87 15
111 87 15
111 87 15
111 87 15
111 87 15
111 87 15
111 87 15
111 87 15
111 87 15
111 87 15
111 87 15
111 87 15
111 87 15
111 87 15
111 87 15
111 87 15
111 87 15
111 87 15
111 87 15
111 87 15
111 87 15
111 87 15
110 87 183
110 87 15
110 87 15
110 87 15
110 87 15
110 87 15
110 87 15
110 87 15
110 87 15
110 87 15
110 87 15
110 87 15
110 87 15
110 87 15
110 87 15
110 87 15
110 87 15
110 87 15
110 87 15
110 87 15
110 87 15
110 87 15
110 87 15
110 87 15
110 87 15
110 87 15
110 87 15
110 87 15
110 87 15
110 87 15
110 87 15
110 87 15
110 87 15
110 87 15
109 87 168
109 87 15
109 87 15
109 87 15
109 87 15
109 87 15
109 87 15
109 87 15
109 87 15
109 87 15
109 87 15
109 87 15
109 87 15
109 87 15
109 87 15
109 87 15
109 87 15
109 87 15
109 87 15
109 87 15
109 87 15
109 87 15
109 87 15
109 87 15
109 87 15
109 87 15
109 87 15
109 87 15
109 87 15
109 87 15
109 87 15
109 87 15
109 87 15
108 87 154
108 87 15
108 87 15
108 87 15
108 87 15
108 87 15
108 87 15
108 87 15
108 87 15
108 87 15
108 87 15
108 87 15
108 87 15
108 87 15
108 87 15
108 87 15
108 87 15
108 87 15
108 87 15
108 87 15
108 87 15
108 87 15
108 87 15
108 87 15
108 87 15
108 87 15
108 87 15
108 87 15
108 87 15
108 88 135
108 88 15
108 88 15
108 88 15
108 88 15
108 88 15
108 88 15
108 88 15
108 88 15
108 88 15
108 88 15
108 88 15
108 88 15
108 88 15
108 88 15
108 88 15
108 88 15
108 88 15
108 88 15
108 88 15
108 88 15
108 88 15
108 88 15
108 88 15
108 88 15
108 88 15
108 88 15
108 88 15
107 88 117
107 88 15
107 88 15
107 88 15
107 88 15
107 88 15
107 88 15
107 88 15
107 88 15
107 88 15
107 88 15
107 88 15
107 88 15
107 88 15
107 88 15
107 88 15
107 88 15
107 88 15
107 88 15
107 88 15
107 88 15
107 88 15
107 88 15
106 88 101
106 88 15
106 88 15
106 88 15
106 88 15
106 88 15
106 88 15
106 88 15
106 88 15
106 88 15
106 88 15
106 88 15
106 88 15
106 88 15
106 88 15
106 88 15
106 88 15
106 88 15
106 88 15
106 89 83
106 89 15
106 89 15
106 89 15
106 89 15
106 89 15
106 89 15
106 89 15
106 89 15
106 89 15
106 89 15
106 89 15
106 89 15
106 89 15
106 89 15
106 89 15
106 89 15
106 89 15
129 78 203
129 78 15
129 77 232
129 77 15
129 77 15
130 77 267
130 77 15
130 77 15
130 77 15
130 76 303
130 76 15
130 76 15
130 76 15
130 76 15
130 76 15
130 76 15
131 76 341
131 76 15
131 76 15
131 76 15
131 76 15
131 76 15
131 76 15
131 76 15
131 75 382
131 75 15
131 75 15
131 75 15
131 75 15
131 75 15
131 75 15
131 75 15
131 75 15
131 75 15
131 75 15
131 75 15
132 75 422
132 75 15
132 75 15
132 75 15
132 75 15
132 75 15
132 75 15
132 75 15
132 75 15
132 75 15
132 75 15
132 75 15
132 75 15
132 74 463
132 74 15
132 74 15
132 74 15
132 74 15
132 74 15
132 74 15
132 74 15
132 74 15
132 74 15
132 74 15
132 74 15
132 74 15
132 74 15
132 74 15
132 74 15
133 74 502
133 74 15
133 74 15
133 74 15
133 74 15
133 74 15
133 74 15
133 74 15
133 74 15
133 74 15
133 74 15
133 74 15
133 74 15
133 74 15
133 74 15
133 74 15
133 74 15
133 73 540
133 73 15
133 73 15
133 73 15
133 73 15
133 73 15
133 73 15
133 73 15
133 73 15
133 73 15
133 73 15
133 73 15
133 73 15
133 73 15
133 73 15
133 73 15
133 73 15
133 73 15
133 73 15
134 73 576
134 73 15
134 73 15
134 73 15
134 73 15
134 73 15
134 73 15
134 73 15
134 73 15
134 73 15
134 73 15
134 73 15
134 73 15
134 73 15
134 73 15
134 73 15
134 73 15
134 73 15
134 73 15
134 72 608
134 72 15
134 72 15
134 72 15
134 72 15
134 72 15
134 72 15
134 72 15
134 72 15
134 72 15
134 72 15
134 72 15
134 72 15
134 72 15
134 72 15
134 72 15
134 72 15
134 72 15
134 72 15
134 72 15
134 71 638
134 71 15
134 71 15
134 71 15
134 71 15
134 71 15
134 71 15
134 71 15
134 71 15
134 71 15
134 71 15
134 71 15
134 71 15
134 71 15
134 71 15
134 71 15
134 71 15
134 71 15
135 71 661
135 71 15
135 71 15
135 71 15
135 71 15
135 71 15
135 71 15
135 71 15
135 71 15
135 71 15
135 71 15
135 71 15
135 71 15
135 71 15
135 71 15
135 71 15
135 71 15
135 70 680
135 70 15
135 70 15
135 70 15
135 70 15
135 70 15
135 70 15
135 70 15
135 70 15
135 70 15
135 70 15
135 70 15
135 70 15
135 69 694
135 69 15
135 69 15
135 69 15
135 69 15
135 69 15
135 69 15
135 69 15
136 69 702
136 69 15
136 69 15
136 69 15
136 69 15
136 69 15
137 69 710
137 69 15
137 69 15
138 69 716
138 69 15
139 68 697
139 67 669
139 66 637
139 65 600
139 64 559
139 63 516
139 62 471
139 61 427
139 60 385
139 59 346
139 58 312
139 57 285
139 56 265
139 55 253
139 54 251
139 54 15
139 53 258
139 53 15
138 52 305
138 51 328
137 51 356
137 50 384
136 50 409
135 50 434
135 49 460
134 49 481
133 49 502
133 48 520
132 48 535
132 47 550
131 47 559
131 46 569
130 46 571
130 45 573
129 45 571
129 44 564
129 43 555
129 42 543
129 41 525
129 40 503
129 39 474
129 38 440
129 37 400
129 36 355
129 35 306
129 34 254
129 33 201
129 32 148
129 31 97
129 30 50
129 30 15
129 30 15
129 30 15
128 30 15
128 30 15
128 30 15
128 30 15
128 30 15
127 30 15
127 30 15
127 30 15
127 30 15
126 30 15
126 30 15
126 30 15
126 30 15
125 30 15
125 30 15
125 30 15
124 30 15
124 30 15
124 30 15
140 53 228
140 53 15
140 53 15
140 53 15
141 53 199
141 53 15
141 53 15
141 53 15
141 53 15
142 53 173
142 53 15
142 53 15
142 53 15
142 53 15
142 53 15
143 53 150
143 53 15
143 53 15
143 53 15
143 53 15
143 53 15
144 53 129
144 53 15
144 53 15
144 53 15
144 53 15
144 53 15
145 53 111
145 53 15
145 53 15
145 53 15
145 53 15
145 53 15
145 54 93
145 54 15
145 54 15
145 54 15
145 54 15
146 54 75
146 54 15
146 54 15
146 54 15
146 54 15
147 54 60
147 54 15
147 54 15
147 54 15
147 55 47
147 55 15
147 55 15
147 55 15
148 55 32
148 55 15
148 55 15
149 55 19
149 55 15
149 55 15
150 55 15
150 55 15
150 55 15
151 55 15
151 55 15
152 55 15
152 55 15
153 55 15
154 55 15
154 54 15
155 54 15
156 54 15
157 54 15
158 54 15
159 54 15
160 54 15
161 54 15
170 103 15
170 103 15
169 103 15
168 103 15
167 103 15
167 102 15
167 102 15
166 102 15
166 102 15
166 101 15
166 101 15
166 100 15
166 100 15
165 100 15
165 100 15
165 99 15
165 99 15
164 99 15
164 99 15
164 98 15
164 98 15
164 97 15
164 97 15
163 97 15
163 97 15
163 96 15
163 96 15
163 95 15
163 95 15
163 95 15
163 94 15
163 94 15
163 94 15
163 93 15
163 93 15
163 93 15
163 92 15
163 92 15
163 92 15
163 92 15
163 91 15
163 91 15
163 91 15
163 91 15
162 91 18
162 91 15
162 91 15
162 91 15
162 91 15
162 90 46
162 90 15
162 90 15
162 90 15
162 89 83
162 89 15
162 89 15
161 89 118
161 89 15
161 88 157
161 87 202
161 86 252
161 85 304
161 84 356
161 82 453
161 82 15
161 81 492
161 81 15
161 80 523
161 79 544
161 78 552
161 77 548
161 76 531
161 75 502
161 74 460
161 73 409
161 72 348
161 71 282
161 70 211
161 69 140
161 67 15
161 67 15
161 67 15
161 66 15
161 66 15
161 66 15
161 65 15
161 65 15
161 64 15
161 64 15
161 63 15
161 62 15
161 61 15
161 60 15
161 59 15
161 58 15
161 57 15
161 56 15
161 55 15
171 104 15
171 104 15
171 105 15
171 105 15
171 106 15
171 106 15
171 107 15
171 107 15
171 108 15
171 108 15
171 109 15
171 109 15
171 110 15
171 110 15
171 111 15
171 111 15
171 112 15
171 112 15
171 113 15
171 113 15
171 114 15
171 114 15
171 115 15
171 115 15
171 116 15
171 116 15
171 116 15
162 54 15
163 54 15
164 54 15
164 55 15
165 55 15
166 55 15
167 55 15
167 56 15
168 56 15
169 56 15
170 56 15
171 56 15
172 56 15
173 56 15
174 56 15
175 56 15
176 56 15
177 56 15
178 56 15
179 56 15
180 56 15
181 56 15
181 56 15
182 56 15
182 56 15
183 56 15
183 56 15
184 56 15
184 56 15
185 56 15
185 56 15
186 56 15
186 56 15
187 57 15
187 57 15
188 57 15
188 57 15
189 57 15
189 57 15
190 57 15
190 57 15
191 57 15
191 57 15
191 58 15
191 58 15
192 58 15
192 58 15
192 59 15
192 60 15
193 60 15
194 60 15
195 60 15
195 61 15
195 62 15
195 63 15
196 63 15
197 63 15
198 63 15
198 64 15
198 65 15
79 94 15
79 94 15
80 94 15
80 94 15
81 94 15
81 94 15
82 94 15
82 94 15
82 93 15
82 93 15
82 92 15
82 92 15
82 91 15
82 91 15
82 91 15
82 90 15
82 90 15
82 90 15
83 90 15
83 90 15
83 90 15
84 90 15
84 90 15
84 90 15
85 90 15
85 90 15
86 90 15
86 90 15
87 90 15
87 90 15
88 90 15
88 90 15
89 90 15
89 90 15
90 90 15
90 90 15
91 90 15
79 93 15
79 93 15
79 93 15
79 92 15
79 92 15
79 92 15
78 92 15
78 92 15
78 92 15
77 92 15
77 92 15
77 92 15
76 92 15
76 92 15
76 92 15
75 92 15
75 92 15
75 92 15
74 92 15
74 92 15
74 92 15
73 92 15
73 92 15
73 92 15
72 92 18
72 92 15
72 92 15
71 92 26
71 92 15
71 92 15
70 92 32
70 92 15
70 92 15
69 92 36
69 92 15
69 92 15
68 92 39
68 92 15
68 92 15
67 92 39
67 92 15
67 92 15
67 92 15
66 92 38
66 92 15
66 92 15
66 92 15
66 92 15
65 92 35
65 92 15
65 92 15
65 92 15
65 92 15
64 92 32
64 92 15
64 92 15
64 92 15
64 92 15
64 92 15
63 92 28
63 92 15
63 92 15
63 92 15
63 92 15
63 92 15
63 93 24
63 93 15
63 93 15
63 93 15
63 93 15
63 93 15
63 93 15
62 93 20
62 93 15
62 93 15
62 93 15
62 93 15
62 93 15
62 93 15
61 93 17
61 93 15
61 93 15
61 93 15
61 93 15
61 93 15
61 93 15
61 94 15
61 94 15
61 94 15
61 94 15
61 94 15
61 94 15
61 94 15
60 94 15
60 94 15
60 94 15
60 94 15
60 94 15
60 94 15
60 95 15
60 95 15
60 95 15
60 95 15
60 95 15
60 95 15
59 95 15
59 95 15
59 95 15
59 95 15
59 95 15
59 95 15
58 95 15
58 95 15
58 95 15
58 95 15
58 95 15
58 95 15
58 96 15
58 96 15
58 96 15
58 96 15
58 96 15
58 96 15
58 97 15
58 97 15
58 97 15
58 97 15
58 97 15
58 97 15
58 98 15
58 98 15
58 98 15
58 98 15
58 98 15
58 98 15
57 98 15
57 98 15
57 98 15
57 98 15
57 98 15
57 98 15
56 98 15
56 98 15
56 98 15
56 98 15
56 98 15
56 98 15
55 98 32
55 98 15
55 98 15
55 98 15
55 98 15
55 98 15
54 98 65
54 98 15
54 98 15
54 98 15
54 98 15
53 98 109
53 98 15
53 98 15
52 98 162
52 98 15
51 98 223
50 98 292
49 98 365
49 98 15
48 98 443
48 98 15
48 98 15
47 98 522
47 98 15
47 98 15
47 98 15
47 98 15
46 98 599
46 98 15
46 98 15
46 98 15
46 98 15
46 98 15
45 98 673
45 98 15
45 98 15
45 98 15
45 98 15
45 98 15
45 98 15
44 98 741
44 98 15
44 98 15
44 98 15
44 98 15
43 98 801
43 98 15
42 98 850
41 98 886
40 98 909
39 98 918
38 98 911
37 98 888
36 98 851
35 98 801
34 98 738
33 98 665
32 98 585
31 98 500
30 98 412
29 98 325
28 98 241
27 98 163
26 98 93
25 98 33
25 98 15
25 98 15
24 98 15
24 98 15
24 98 15
24 98 15
24 97 15
24 97 15
24 97 15
23 97 15
23 97 15
23 97 15
22 97 15
22 97 15
22 97 15
22 96 15
22 96 15
22 96 15
21 96 15
21 96 15
21 96 15
20 96 15
20 96 15
20 96 15
19 96 15
19 96 15
19 96 15
19 95 15
19 95 15
19 95 15
19 94 15
19 94 15
18 94 15
18 94 15
17 94 15
17 94 15
17 94 15
16 94 15
16 94 15
16 94 15
15 94 15
15 94 15
15 94 15
14 94 15
14 94 15
14 94 15
13 94 15
13 94 15
13 94 15
12 94 15
12 94 15
12 94 15
11 94 15
11 94 15
10 93 15
10 93 15
9 93 15
9 93 15
9 92 15
9 92 15
9 91 15
9 91 15
9 90 15
9 90 15
9 89 15
9 89 15
9 88 15
9 88 15
9 87 15
9 87 15
9 86 15
9 86 15
9 85 15
9 85 15
9 85 15
9 84 15
9 84 15
9 84 15
9 83 15
9 83 15
9 83 15
9 83 15
9 82 15
9 82 15
9 82 15
9 82 15
9 82 15
9 81 15
9 81 15
9 81 15
9 81 15
9 81 15
9 80 15
9 80 15
9 80 15
9 80 15
9 80 15
9 80 15
93 91 15
93 92 15
93 93 15
93 94 15
93 95 15
93 96 15
93 97 15
93 98 15
93 99 15
93 100 15
93 101 15
93 102 15
94 103 15
94 104 15
95 104 15
95 105 15
95 106 15
95 107 15
95 107 15
95 108 15
95 108 15
95 109 15
95 109 15
95 110 15
95 110 15
96 110 15
96 110 15
97 110 15
97 110 15
98 110 15
98 110 15
98 111 15
98 111 15
98 112 15
98 112 15
98 113 15
98 113 15
98 113 15
98 114 15
98 114 15
98 114 15
98 115 15
98 115 15
98 115 15
98 116 15
98 116 15
98 116 15
99 116 15
99 116 15
99 117 15
99 117 15
100 117 15
100 117 15
100 118 15
100 118 15
100 119 15
100 119 15
101 119 15
101 119 15
102 119 15
102 120 15
103 120 15
103 121 15
104 121 15
105 121 15
105 122 15
105 123 15
106 124 15
107 124 15
107 125 15
108 125 15
108 126 15
109 126 15
110 126 15
110 127 15
110 128 15
110 129 18
110 130 27
110 131 32
110 132 34
110 133 32
110 134 28
110 135 22
110 136 17
110 136 15
110 137 15
110 137 15
109 137 15
109 137 15
108 137 15
108 137 15
107 137 15
107 137 15
106 137 15
106 137 15
105 137 16
105 137 15
104 138 15
104 138 15
104 139 15
104 139 15
104 140 15
104 140 15
104 141 15
104 141 15
104 141 15
104 142 15
104 142 15
104 142 15
103 142 15
103 142 15
103 143 15
103 143 15
103 143 15
103 144 15
103 144 15
103 144 15
103 145 15
103 145 15
103 145 15
102 145 15
102 145 15
101 145 15
101 145 15
101 146 15
101 146 15
101 147 15
101 147 15
101 148 15
101 148 15
100 148 15
100 148 15
99 148 15
99 148 15
98 148 15
98 148 15
97 148 15
97 148 15
97 149 15
97 149 15
96 149 15
96 149 15
96 150 15
96 150 15
95 150 15
95 150 15
94 150 15
94 150 15
93 150 15
93 150 15
93 151 15
93 151 15
93 152 15
93 152 15
93 153 15
93 153 15
93 153 15
93 154 15
93 154 15
93 154 15
93 155 15
93 155 15
93 155 15
93 156 15
93 156 15
93 156 15
93 157 15
93 157 15
93 157 15
93 158 19
93 158 15
93 158 15
93 159 40
93 159 15
93 160 62
93 160 15
93 161 86
93 161 15
93 162 112
93 162 15
93 163 142
93 163 15
93 163 15
93 163 15
93 164 173
93 164 15
93 164 15
93 164 15
93 164 15
93 164 15
93 165 208
93 165 15
93 165 15
93 165 15
93 165 15
93 165 15
93 165 15
93 165 15
93 165 15
93 166 244
93 166 15
93 166 15
93 166 15
93 166 15
93 166 15
93 166 15
93 166 15
93 166 15
93 166 15
93 166 15
93 166 15
93 166 15
93 167 281
93 167 15
93 167 15
93 167 15
93 167 15
93 167 15
93 167 15
93 167 15
93 167 15
93 167 15
93 167 15
93 167 15
93 167 15
93 167 15
93 167 15
93 167 15
93 168 319
93 168 15
93 168 15
93 168 15
93 168 15
93 168 15
93 168 15
93 168 15
93 168 15
93 168 15
93 168 15
93 168 15
93 168 15
93 168 15
93 168 15
93 168 15
93 168 15
93 168 15
93 169 356
93 169 15
93 169 15
93 169 15
93 169 15
93 169 15
93 169 15
93 169 15
93 169 15
93 169 15
93 169 15
93 169 15
93 169 15
93 169 15
93 169 15
93 169 15
93 169 15
93 169 15
93 170 390
93 170 15
93 170 15
93 170 15
93 170 15
93 170 15
93 170 15
93 170 15
93 170 15
93 170 15
93 170 15
93 170 15
93 170 15
93 170 15
93 170 15
93 170 15
93 170 15
93 171 420
93 171 15
93 171 15
93 171 15
93 171 15
93 171 15
93 171 15
93 171 15
93 171 15
93 171 15
93 171 15
93 171 15
93 171 15
93 171 15
93 172 445
93 172 15
93 172 15
93 172 15
93 172 15
93 172 15
93 172 15
93 172 15
93 172 15
93 172 15
93 172 15
93 173 463
93 173 15
93 173 15
93 173 15
93 173 15
93 173 15
93 173 15
93 173 15
93 174 472
93 174 15
93 174 15
93 174 15
93 174 15
93 175 473
93 176 464
93 177 446
93 178 417
93 179 380
93 180 336
93 181 285
93 182 231
93 183 174
93 184 119
93 185 66
93 186 19
93 186 15
93 186 15
93 186 15
93 187 15
93 187 15
93 187 15
92 187 15
92 187 15
92 187 15
92 188 15
92 188 15
92 188 15
91 188 15
91 188 15
91 188 15
90 189 15
90 189 15
90 189 15
90 190 15
90 190 15
90 190 15
90 191 15
90 191 15
90 191 15
90 192 15
90 192 15
90 192 15
90 192 15
90 193 15
90 193 15
90 193 15
90 193 15
90 193 15
89 193 37
89 193 15
89 193 15
89 194 68
89 194 15
88 194 91
87 194 121
87 195 148
86 195 175
85 195 206
85 196 230
84 196 255
83 196 280
82 196 304
81 196 325
80 196 341
79 196 352
77 196 350
76 196 337
75 196 315
74 196 286
73 196 250
72 196 208
71 196 161
70 196 113
69 196 64
68 196 16
68 196 15
68 196 15
68 196 15
67 196 15
67 196 15
67 196 15
67 197 15
67 197 15
67 197 15
66 197 15
66 197 15
66 197 15
65 197 15
65 197 15
64 197 15
64 197 15
63 197 15
63 197 15
62 197 15
62 197 15
61 197 15
60 197 15
59 197 15
58 197 15
57 197 15
56 197 15
55 197 15
54 197 15
91 191 15
91 191 15
91 191 15
92 191 15
92 191 15
92 191 15
93 191 15
93 191 15
93 191 15
93 192 15
93 192 15
93 192 15
93 192 15
94 192 15
94 192 15
94 192 15
94 192 15
95 192 15
95 192 15
95 192 15
95 192 15
96 192 15
96 192 15
96 192 15
96 192 15
96 192 15
97 192 26
97 192 15
97 192 15
97 192 15
97 192 15
98 192 49
98 192 15
98 192 15
98 192 15
99 192 71
99 192 15
99 192 15
99 192 15
100 192 90
100 192 15
100 192 15
101 192 104
101 192 15
101 192 15
102 192 112
102 192 15
102 192 15
102 192 15
103 192 112
103 192 15
103 192 15
103 192 15
104 192 105
104 192 15
104 192 15
104 192 15
105 192 90
105 192 15
105 192 15
105 192 15
105 192 15
106 192 67
106 192 15
106 192 15
106 192 15
106 192 15
106 192 15
107 192 39
107 192 15
107 192 15
107 192 15
107 192 15
107 192 15
107 192 15
108 192 15
108 192 15
108 192 15
108 192 15
108 192 15
108 192 15
108 192 15
109 192 15
109 192 15
109 192 15
109 192 15
109 192 15
109 192 15
109 191 15
109 191 15
109 191 15
109 191 15
109 191 15
109 191 15
109 191 15
109 191 15
110 191 15
110 191 15
110 191 15
110 191 15
110 191 15
110 191 15
110 191 15
111 191 15
111 191 15
111 191 15
111 191 15
111 191 15
111 191 15
112 191 15
112 191 15
112 191 15
112 191 15
112 191 15
113 191 15
113 191 15
113 191 15
113 191 15
114 191 15
114 191 15
114 191 15
115 191 15
115 191 15
115 191 15
116 191 15
116 191 15
116 191 15
117 191 15
117 191 15
118 191 15
118 191 15
119 191 15
119 191 15
120 191 15
120 191 15
121 191 15
121 191 15
122 191 15
122 191 15
123 191 15
123 191 15
124 191 15
124 191 15
125 191 15
125 191 15
126 191 15
126 191 15
127 191 15
127 191 15
128 191 15
128 191 15
129 191 15
129 191 15
130 191 22
130 191 15
131 191 55
132 191 86
132 192 110
133 192 128
133 193 141
134 193 145
134 194 145
135 194 135
136 194 122
136 195 100
137 195 75
138 195 49
139 195 24
140 195 15
141 195 15
142 195 15
143 195 15
144 195 15
144 194 15
144 194 15
145 194 15
145 194 15
146 194 15
146 194 15
147 194 15
147 194 15
148 194 15
148 194 15
149 193 15
149 193 15
150 193 15
150 193 15
151 193 15
151 193 15
152 193 15
152 193 15
153 193 15
153 193 15
154 193 15
154 193 15
155 193 15
155 193 15
156 193 15
156 193 15
157 193 15
157 193 15
158 193 15
158 193 15
159 193 15
159 193 15
159 192 15
159 192 15
159 191 15
159 191 15
159 190 15
159 190 15
160 190 15
160 190 15
160 189 15
160 189 15
160 188 15
160 188 15
160 188 15
160 187 15
160 187 15
160 187 15
