114 101 431
63 66 431
90 171 431
198 26 431
168 74 431
152 185 431
187 33 431
199 40 431
90 157 431
102 163 431
114 115 431
114 115 421
63 52 431
50 59 431
179 67 431
188 47 431
167 60 431
178 54 431
101 107 431
101 92 431
103 177 431
50 45 431
114 86 431
38 52 431
115 169 431
115 169 421
38 39 431
102 150 431
88 99 431
76 60 431
88 83 431
75 74 431
89 143 431
101 136 431
101 136 421
90 185 431
102 191 431
176 40 431
77 150 431
77 165 431
140 179 431
139 193 431
77 179 431
127 188 431
64 172 431
64 157 431
115 196 431
88 68 431
101 77 431
75 90 431
63 81 431
50 74 431
38 67 431
50 32 431
63 38 431
75 45 431
88 54 431
88 54 421
75 105 431
63 97 431
88 114 431
115 182 431
50 89 431
38 82 431
76 136 431
76 121 431
151 185 323
150 185 289
149 185 258
148 185 231
147 185 209
146 185 190
145 185 176
144 185 165
143 185 159
142 185 156
142 186 153
141 186 153
140 186 156
139 186 161
138 186 168
137 186 177
136 186 187
135 186 197
134 186 208
133 186 219
132 186 230
131 186 240
130 186 248
129 186 255
128 186 261
127 186 265
126 186 267
125 186 267
124 186 266
123 186 263
122 186 259
121 186 253
120 186 247
119 186 240
118 186 232
117 186 224
116 186 216
115 186 208
114 186 201
113 186 195
113 186 482
112 186 189
112 186 482
111 186 185
111 186 482
110 186 181
110 186 482
109 186 179
108 186 178
107 186 179
106 186 181
106 185 182
105 185 183
104 185 185
104 184 186
103 184 188
103 183 190
103 182 195
103 181 202
103 180 211
103 179 222
103 178 233
102 177 237
101 177 230
100 177 225
99 177 221
98 177 218
97 177 216
96 177 216
95 177 216
94 177 217
93 177 218
92 177 221
92 176 223
91 176 225
90 176 227
90 175 230
90 174 234
90 173 238
90 172 243
90 158 234
90 159 240
90 160 245
90 161 251
90 162 255
90 163 259
90 164 261
90 165 263
90 166 263
90 167 262
90 168 260
90 169 257
90 170 253
88 100 265
88 101 259
88 102 254
88 103 250
88 104 246
87 104 243
86 104 240
86 105 236
85 105 233
85 106 230
84 106 228
84 107 226
84 108 225
84 109 226
84 110 228
84 111 231
84 112 235
84 113 240
84 114 247
84 115 254
84 116 263
84 117 272
84 118 281
84 119 291
84 120 300
84 121 310
84 122 319
84 123 327
84 124 334
84 125 341
84 126 346
84 127 349
84 128 352
84 129 352
84 130 351
84 131 348
84 132 344
84 133 339
84 134 332
84 135 324
84 136 315
84 137 306
84 138 296
84 139 286
84 140 276
84 141 267
84 142 259
84 143 251
84 144 244
84 145 239
84 146 235
84 147 232
84 148 230
85 148 229
85 149 228
86 149 227
87 149 226
87 150 224
88 150 222
89 150 221
89 151 218
90 151 216
90 152 214
90 153 214
90 154 216
90 155 219
90 156 223
75 91 258
75 92 256
75 93 254
75 94 252
75 95 251
75 96 250
75 97 249
75 98 250
76 98 249
76 99 249
77 99 248
78 99 249
79 99 250
80 99 251
81 99 254
82 99 256
83 99 259
84 99 262
85 99 264
86 99 267
87 99 269
74 90 256
73 90 252
72 90 248
71 90 245
70 90 242
69 90 239
68 90 237
67 90 236
66 90 235
66 89 235
65 89 234
64 89 234
64 88 233
63 88 233
63 87 233
63 86 235
63 85 237
63 84 241
63 83 246
63 82 251
63 80 261
63 79 266
63 78 271
63 77 276
63 76 280
63 75 284
63 74 287
63 73 289
63 72 291
63 71 293
63 70 293
63 69 294
63 68 293
63 67 293
89 99 271
90 99 272
91 99 271
92 99 269
93 99 267
94 99 263
95 99 258
96 99 253
97 99 247
98 99 239
99 99 232
100 99 224
101 99 217
102 99 209
103 99 203
104 99 198
105 99 194
106 99 192
107 99 193
108 99 196
109 99 203
109 100 212
109 101 222
110 101 233
111 101 248
112 101 266
113 101 289
168 73 324
168 72 296
168 71 271
168 70 251
169 70 232
169 69 215
170 69 201
170 68 188
170 67 180
171 67 170
171 66 165
172 66 160
172 65 157
172 64 158
173 64 157
173 63 159
174 63 163
174 62 167
174 61 172
175 61 178
175 60 183
175 59 189
175 58 197
176 58 202
176 57 208
176 56 213
176 55 219
177 55 222
177 54 225
178 53 230
178 52 230
178 51 230
178 50 230
179 50 228
179 49 226
179 48 224
180 48 220
180 47 216
181 47 213
181 46 208
181 45 204
182 45 198
182 44 194
183 44 189
183 43 184
184 43 179
184 42 175
185 42 169
185 41 165
186 41 159
187 41 156
187 40 151
188 40 148
188 39 144
189 39 141
189 38 138
190 38 136
190 37 136
191 37 134
191 36 136
192 36 136
193 36 140
193 35 142
194 35 148
194 34 153
195 34 161
195 33 169
196 33 181
196 32 192
197 32 207
197 31 221
198 31 240
198 30 258
198 29 280
198 28 307
198 27 338
