69 0 62
96 72 62
176 73 62
176 73 52
176 73 52
176 73 52
176 73 52
176 73 52
176 73 52
176 73 52
176 73 52
176 73 52
176 73 52
176 73 52
42 160 62
121 59 62
152 153 62
152 153 52
152 153 52
152 153 52
152 153 52
152 153 52
152 153 52
152 153 52
152 153 52
152 153 52
152 153 52
152 153 52
152 153 52
152 153 52
152 153 52
152 153 52
152 153 52
152 153 52
152 153 52
152 153 52
152 153 52
152 153 52
152 153 52
152 153 52
152 153 52
152 153 52
152 153 52
152 153 52
152 153 52
152 153 52
152 153 52
152 153 52
152 153 52
152 153 52
152 153 52
152 153 52
152 153 52
152 153 52
152 153 52
152 153 52
152 153 52
152 153 52
152 153 52
152 153 52
152 153 52
152 153 52
152 153 52
152 153 52
152 153 52
13 126 62
150 27 62
146 101 62
78 110 62
179 4 62
65 180 62
108 64 62
54 165 62
53 176 62
164 17 62
164 17 52
164 17 52
164 17 52
164 17 52
150 39 62
150 39 52
150 39 52
137 34 62
120 71 62
108 79 62
108 79 52
108 79 52
146 86 62
146 86 52
146 86 52
146 86 52
133 94 62
68 13 62
68 13 52
81 7 62
81 7 52
81 7 52
133 78 62
27 121 62
28 137 62
28 137 52
28 137 52
42 146 62
42 146 52
42 146 52
42 146 52
42 146 52
42 146 52
138 21 62
133 65 62
133 65 52
14 143 62
14 143 52
28 152 62
28 152 52
28 152 52
56 6 62
56 6 52
66 169 62
66 169 52
125 26 62
123 38 62
110 41 62
110 41 52
110 41 52
110 41 52
110 41 52
110 41 52
110 41 52
88 99 62
86 82 62
75 92 62
75 92 52
75 92 52
75 92 52
162 66 62
162 66 52
162 66 52
162 66 52
162 66 52
162 66 52
162 66 52
162 66 52
162 66 52
162 66 52
162 66 52
162 66 52
162 66 52
162 66 52
174 87 62
174 87 52
160 94 62
160 94 52
54 20 62
54 20 52
54 20 52
54 20 52
54 20 52
54 20 52
54 20 52
54 20 52
54 20 52
54 20 52
79 20 62
79 20 52
79 20 52
79 20 52
79 20 52
79 20 52
79 20 52
79 20 52
79 20 52
122 48 62
93 1 62
93 1 52
93 1 52
93 1 52
93 1 52
93 1 52
93 1 52
93 1 52
93 1 52
93 1 52
93 1 52
43 0 62
29 7 62
42 13 62
42 13 52
42 13 52
28 21 62
28 21 52
28 21 52
28 21 52
15 14 62
15 14 52
15 14 52
15 14 52
15 14 52
15 14 52
15 14 52
15 14 52
15 14 52
15 14 52
90 116 62
85 66 62
41 173 62
28 167 62
28 167 52
28 167 52
14 28 62
14 28 52
14 28 52
14 28 52
13 41 62
13 41 52
13 41 52
13 41 52
13 41 52
13 41 52
13 41 52
13 41 52
13 41 52
13 41 52
27 34 62
27 34 52
27 34 52
39 41 62
38 55 62
38 55 52
38 55 52
38 55 52
38 55 52
51 47 62
51 47 52
51 47 52
51 47 52
51 47 52
51 47 52
51 47 52
51 47 52
51 47 52
26 48 62
26 48 52
26 48 52
96 58 62
192 0 62
192 11 62
192 11 52
25 62 62
25 76 62
12 68 62
12 82 62
12 82 52
12 82 52
12 82 52
25 90 62
25 90 52
25 90 52
25 90 52
25 90 52
25 90 52
25 90 52
25 90 52
25 90 52
25 90 52
0 74 62
0 74 52
99 106 62
120 86 62
120 86 52
120 86 52
120 86 52
120 86 52
174 102 62
161 111 62
161 111 52
38 69 62
38 69 52
38 69 52
0 88 62
0 88 52
0 88 52
0 88 52
0 88 52
0 88 52
0 88 52
0 88 52
0 88 52
0 88 52
135 44 62
126 13 62
126 13 52
150 136 62
150 136 52
150 136 52
150 136 52
150 136 52
150 136 52
150 136 52
148 119 62
148 119 52
162 128 62
162 128 52
162 128 52
162 128 52
162 128 52
136 128 62
136 128 52
136 128 52
136 128 52
136 128 52
136 128 52
136 128 52
136 128 52
136 128 52
136 128 52
148 119 52
148 119 52
148 119 52
148 119 52
148 119 52
148 119 52
1 21 62
0 61 62
1 35 62
1 35 52
50 77 62
62 69 62
62 69 52
62 69 52
74 75 62
79 110 15
79 110 60
80 110 15
80 110 60
80 109 15
80 109 60
80 108 15
80 108 60
81 108 15
81 108 60
81 107 15
81 107 60
82 107 15
83 107 15
83 106 15
83 105 15
83 104 15
84 104 15
85 104 15
86 104 15
87 104 15
87 103 15
88 103 15
88 102 15
88 101 15
88 100 15
88 98 66
88 97 93
88 96 118
88 95 138
88 94 154
88 93 166
88 92 173
88 91 175
88 90 172
88 89 166
88 88 155
88 87 142
88 86 126
88 85 108
88 84 89
88 83 70
88 82 50
87 82 43
86 81 18
86 80 15
86 79 15
87 79 15
87 78 15
87 77 15
87 76 15
88 76 15
88 75 15
88 74 15
88 73 15
89 73 15
89 72 15
90 72 15
91 72 15
92 72 15
93 72 15
94 72 15
95 72 18
120 70 27
120 70 60
120 69 19
120 69 60
120 68 15
120 68 60
120 67 15
120 67 60
120 66 15
120 66 60
120 65 15
119 65 15
119 64 15
118 64 15
117 64 15
116 64 15
115 64 17
114 64 22
113 64 26
112 64 31
111 64 34
110 64 36
109 64 37
107 64 33
106 64 28
105 64 21
104 64 15
103 64 15
102 64 15
102 65 15
101 65 15
100 65 15
99 65 15
99 66 15
98 66 15
97 66 15
97 67 15
96 67 15
96 68 15
96 69 15
96 70 15
96 71 18
121 71 32
121 71 60
122 71 28
122 71 60
123 71 27
123 71 60
124 71 30
124 71 60
124 72 31
124 72 60
125 72 34
125 72 60
125 73 33
125 73 60
125 73 60
125 74 35
125 74 60
125 74 60
126 74 34
126 74 60
126 74 60
126 75 34
126 75 60
126 75 60
127 75 33
127 75 60
127 75 60
127 76 30
127 76 60
127 76 60
128 76 29
128 76 60
128 76 60
128 77 24
128 77 60
128 78 21
128 78 60
129 78 15
129 78 60
129 79 15
129 79 60
130 79 15
130 79 60
131 79 15
131 79 60
131 80 15
131 80 60
132 80 15
132 80 60
133 80 15
133 80 60
133 81 15
133 81 60
133 82 15
133 82 60
133 83 15
133 83 60
133 84 15
133 84 60
133 85 15
133 85 60
133 86 15
133 86 60
133 87 15
133 87 60
133 88 15
133 88 60
133 89 15
133 90 15
133 91 15
133 92 15
133 93 15
134 94 15
135 94 15
135 95 15
136 95 15
137 95 15
138 95 15
139 95 15
139 96 15
140 96 15
140 97 15
141 97 15
142 97 15
142 98 15
143 98 15
144 98 15
145 98 15
146 98 15
146 99 15
146 100 18
147 100 18
148 100 18
149 100 18
150 100 18
151 100 17
152 100 16
153 100 15
154 100 15
154 101 15
154 102 15
154 103 15
154 104 18
154 105 31
154 106 47
154 107 66
154 108 88
154 109 111
154 110 136
154 111 161
154 112 185
154 113 208
154 114 229
154 115 247
154 116 262
154 117 273
154 118 280
154 119 282
154 120 281
154 120 60
154 121 276
154 121 60
154 121 60
154 121 60
154 122 267
154 122 60
154 122 60
154 122 60
154 122 60
154 122 60
154 122 60
154 123 256
154 123 60
154 123 60
154 123 60
154 123 60
154 123 60
154 123 60
154 123 60
154 123 60
154 123 60
154 124 244
154 124 60
154 124 60
154 124 60
154 124 60
154 124 60
154 124 60
154 124 60
154 124 60
154 124 60
154 124 60
154 124 60
154 124 60
154 125 231
154 125 60
154 125 60
154 125 60
154 125 60
154 125 60
154 125 60
154 125 60
154 125 60
154 125 60
154 125 60
154 125 60
154 125 60
154 125 60
154 125 60
154 125 60
154 125 60
154 126 218
154 126 60
154 126 60
154 126 60
154 126 60
154 126 60
154 126 60
154 126 60
154 126 60
154 126 60
154 126 60
154 126 60
154 126 60
154 126 60
154 126 60
154 126 60
154 126 60
154 126 60
154 126 60
154 126 60
154 126 60
153 126 203
153 126 60
153 126 60
153 126 60
153 126 60
153 126 60
153 126 60
153 126 60
153 126 60
153 126 60
153 126 60
153 126 60
153 126 60
153 126 60
153 126 60
153 126 60
153 126 60
153 126 60
153 127 190
153 127 60
153 127 60
153 127 60
153 127 60
153 127 60
153 127 60
153 127 60
153 127 60
153 127 60
153 127 60
153 127 60
153 127 60
153 127 60
153 127 60
153 127 60
153 127 60
153 127 60
153 127 60
153 127 60
153 127 60
152 127 179
152 127 60
152 127 60
152 127 60
152 127 60
152 127 60
152 127 60
152 127 60
152 127 60
152 127 60
152 127 60
152 127 60
152 127 60
152 127 60
152 127 60
152 127 60
152 127 60
152 127 60
152 128 167
152 128 60
152 128 60
152 128 60
152 128 60
152 128 60
152 128 60
152 128 60
152 128 60
152 128 60
152 128 60
152 128 60
152 128 60
152 128 60
152 128 60
152 128 60
152 128 60
152 128 60
152 128 60
152 129 160
152 129 60
152 129 60
152 129 60
152 129 60
152 129 60
152 129 60
152 129 60
152 129 60
152 129 60
152 129 60
152 129 60
152 129 60
152 129 60
152 129 60
152 129 60
152 129 60
152 129 60
152 129 60
152 130 161
152 130 60
152 130 60
152 130 60
152 130 60
152 130 60
152 130 60
152 130 60
152 130 60
152 130 60
152 130 60
152 130 60
152 130 60
152 130 60
152 130 60
152 130 60
152 130 60
152 130 60
152 131 170
152 131 60
152 131 60
152 131 60
152 131 60
152 131 60
152 131 60
152 131 60
152 131 60
152 131 60
152 131 60
152 131 60
152 131 60
152 131 60
152 131 60
152 131 60
152 131 60
152 132 190
152 132 60
152 132 60
152 132 60
152 132 60
152 132 60
152 132 60
152 132 60
152 132 60
152 132 60
152 132 60
152 132 60
152 132 60
152 132 60
152 132 60
152 133 220
152 133 60
152 133 60
152 133 60
152 133 60
152 133 60
152 133 60
152 133 60
152 133 60
152 133 60
152 133 60
152 133 60
152 133 60
152 134 263
152 134 60
152 134 60
152 134 60
152 134 60
152 134 60
152 134 60
152 134 60
152 134 60
152 134 60
152 134 60
152 134 60
152 135 320
152 135 60
152 135 60
152 135 60
152 135 60
152 135 60
152 135 60
152 135 60
152 135 60
152 135 60
152 136 389
152 136 60
152 136 60
152 136 60
152 136 60
152 136 60
152 136 60
152 136 60
152 137 472
152 137 60
152 137 60
152 137 60
152 137 60
152 137 60
152 138 567
152 138 60
152 138 60
152 138 60
152 139 675
152 140 795
152 141 924
152 142 1062
152 143 1206
152 144 1354
152 145 1505
152 146 1656
152 147 1804
152 148 1947
152 149 2084
152 150 2212
152 151 2329
152 152 2435
152 152 60
174 88 68
174 88 60
174 89 48
174 89 60
174 90 30
174 90 60
174 91 15
174 91 60
173 91 15
173 91 60
172 91 15
172 91 60
171 91 15
171 91 60
171 92 15
171 92 60
170 92 15
170 92 60
170 93 15
170 93 60
169 93 15
169 93 60
169 94 15
169 94 60
169 95 15
169 95 60
168 95 15
168 95 60
168 96 15
168 96 60
167 96 15
167 96 60
167 97 15
167 97 60
167 98 15
167 98 60
166 98 15
166 98 60
166 99 15
166 99 60
165 99 15
165 99 60
164 99 15
164 99 60
163 99 15
163 99 60
162 99 15
162 99 60
161 99 15
161 99 60
160 99 15
160 99 60
159 99 15
159 99 60
158 99 15
158 99 60
157 99 15
157 99 60
156 99 15
156 99 60
155 99 15
155 99 60
154 99 17
153 99 19
152 99 20
151 99 19
150 99 16
149 99 15
148 99 15
147 99 15
175 87 103
176 87 122
176 86 144
176 85 168
176 84 195
176 83 223
176 82 254
176 81 287
176 80 322
176 79 359
176 78 397
176 77 437
176 76 479
176 75 522
176 74 565
120 64 15
120 63 15
120 62 18
120 61 23
120 60 29
121 60 34
149 27 28
149 28 18
148 28 15
148 28 60
147 28 15
146 28 15
145 28 15
144 28 15
143 28 17
142 28 22
141 28 26
140 28 29
139 28 31
138 28 31
137 28 30
136 28 27
135 28 24
134 28 19
133 28 15
132 28 15
131 28 15
130 28 15
130 29 15
129 29 15
128 29 15
128 30 15
128 31 15
128 32 15
128 33 15
128 34 15
127 34 15
127 35 15
127 36 15
126 36 15
125 36 15
125 37 15
125 38 15
125 39 15
124 39 15
124 40 15
124 41 15
124 42 15
124 43 15
124 44 15
124 45 15
124 46 15
124 47 15
124 48 15
124 49 15
124 50 17
124 51 25
123 51 31
123 52 36
123 53 41
122 53 46
122 54 47
122 55 48
122 56 49
122 57 48
121 57 45
121 58 42
85 80 15
85 80 60
84 80 15
84 80 60
84 79 15
83 79 15
83 79 60
82 79 15
82 79 60
81 79 15
81 79 60
81 78 15
81 78 60
81 77 15
81 76 15
81 75 15
80 75 15
79 75 15
78 75 15
77 75 15
77 75 60
76 75 15
76 75 60
75 75 27
74 74 37
73 74 46
72 74 54
72 74 60
71 74 60
71 74 60
70 74 64
70 74 60
69 74 67
69 74 60
68 74 67
68 74 60
68 74 60
67 74 66
67 74 60
67 74 60
66 74 63
66 74 60
66 74 60
66 74 60
65 74 59
65 74 60
65 74 60
65 74 60
64 74 53
64 74 60
64 74 60
64 74 60
63 74 47
63 74 60
63 74 60
63 74 60
62 74 40
62 74 60
62 74 60
62 74 60
61 74 33
61 74 60
61 74 60
61 74 60
60 74 26
60 74 60
60 74 60
60 74 60
59 74 20
59 74 60
59 74 60
58 74 15
58 74 60
58 74 60
57 74 15
57 74 60
56 74 15
56 74 60
55 74 15
55 74 60
54 74 15
54 74 60
53 74 15
53 74 60
52 74 15
52 74 60
51 74 20
51 74 60
50 74 27
49 74 36
48 74 46
47 74 57
46 74 67
46 73 77
45 73 86
44 73 95
43 73 101
42 73 107
41 73 110
40 73 111
40 73 60
39 73 110
39 73 60
38 73 107
38 73 60
38 73 60
37 73 102
37 73 60
37 73 60
37 73 60
36 73 94
36 73 60
36 73 60
36 73 60
36 73 60
35 73 85
35 73 60
35 73 60
35 73 60
35 73 60
35 73 60
34 73 74
34 73 60
34 73 60
34 73 60
34 73 60
34 73 60
33 73 62
33 73 60
33 73 60
33 73 60
33 73 60
33 73 60
32 73 50
32 73 60
32 73 60
32 73 60
32 73 60
32 73 60
31 73 37
31 73 60
31 73 60
31 73 60
31 73 60
30 73 24
30 73 60
30 73 60
30 73 60
30 73 60
29 73 15
29 73 60
29 73 60
29 73 60
29 72 15
29 72 60
29 72 60
29 72 60
29 71 15
29 71 60
29 71 60
29 70 15
29 70 60
29 70 60
29 69 15
29 69 60
29 69 60
29 68 15
29 68 60
29 68 60
29 67 15
29 67 60
29 67 60
29 66 15
29 66 60
29 66 60
29 65 15
29 65 60
29 65 60
29 64 20
29 64 60
29 64 60
29 63 28
29 63 60
29 62 35
29 62 60
29 61 41
29 61 60
29 60 46
29 60 60
29 59 49
29 59 60
29 58 51
29 58 60
29 57 51
29 57 60
29 56 49
29 56 60
29 55 47
29 55 60
29 54 43
29 54 60
30 54 35
30 54 60
30 53 27
30 53 60
30 52 17
30 52 60
30 51 15
30 51 60
30 50 15
30 50 60
31 50 15
31 50 60
31 49 15
31 49 60
31 48 15
31 48 60
31 48 60
31 47 15
31 47 60
31 47 60
31 46 15
31 46 60
31 46 60
31 45 15
31 45 60
31 45 60
31 44 15
31 44 60
31 43 15
31 43 60
31 42 15
31 42 60
31 41 15
31 41 60
31 40 15
31 40 60
31 39 15
31 39 60
31 38 15
31 38 60
31 37 15
31 37 60
31 36 15
31 36 60
31 35 26
31 35 60
31 34 47
31 33 68
31 32 90
31 31 111
31 30 131
31 29 149
31 28 165
31 27 179
31 26 189
31 25 196
31 24 200
31 23 199
31 22 195
31 21 186
31 20 174
31 19 159
31 18 141
31 17 121
31 16 99
31 15 76
31 14 53
31 14 60
31 13 31
31 13 60
31 12 15
31 12 60
31 11 15
31 11 60
31 10 15
31 10 60
31 9 15
31 9 60
30 9 15
30 9 60
30 8 15
30 8 60
30 7 15
30 7 60
30 6 15
30 6 60
31 6 15
31 6 60
32 6 15
32 6 60
33 6 15
33 6 60
33 5 15
33 5 60
33 4 15
34 4 15
35 4 15
36 4 15
37 4 15
38 4 15
39 4 15
40 4 15
41 4 15
42 4 15
43 4 15
44 4 15
45 4 15
45 4 60
46 4 15
46 4 60
47 4 20
48 4 38
49 4 54
50 4 68
51 4 79
52 4 86
53 4 90
54 4 90
55 4 87
56 4 81
57 4 71
58 4 58
59 4 42
59 4 60
60 4 25
60 4 60
61 4 15
61 4 60
62 4 15
62 4 60
63 4 15
63 4 60
64 4 15
64 4 60
64 3 15
64 3 60
65 3 15
65 3 60
66 3 15
67 3 15
68 3 15
68 2 15
69 2 15
69 1 15
65 179 15
65 178 15
64 178 15
63 178 15
62 178 15
61 178 15
60 178 15
60 177 15
59 177 15
58 177 15
58 176 15
57 176 15
56 176 15
55 176 15
54 176 17
53 175 15
53 174 15
53 173 15
52 173 15
52 172 15
52 171 15
52 170 15
52 169 15
52 168 15
52 167 15
52 166 15
51 166 15
51 165 15
50 165 15
49 165 15
48 165 15
48 164 15
47 164 15
46 164 15
46 163 15
45 163 15
44 163 15
43 163 15
43 162 15
42 162 15
42 161 15
14 126 15
14 127 15
14 128 15
14 129 15
15 129 15
16 129 15
16 130 15
17 130 15
17 131 15
17 132 15
18 132 15
19 132 15
20 132 15
20 133 15
20 134 15
20 134 60
21 134 15
21 134 60
21 135 15
21 135 60
21 136 15
21 136 60
22 136 15
22 136 60
22 137 15
22 137 60
22 138 15
22 138 60
22 139 15
22 139 60
22 140 15
22 140 60
22 141 15
22 141 60
22 142 23
22 142 60
22 143 39
22 143 60
22 144 54
22 144 60
23 144 68
23 144 60
23 145 81
23 145 60
23 146 92
23 146 60
23 147 104
23 147 60
24 147 113
24 147 60
24 148 121
24 148 60
24 149 127
24 149 60
25 149 134
25 149 60
25 150 136
25 150 60
25 151 139
25 151 60
26 151 140
26 151 60
26 152 138
26 152 60
27 152 139
28 153 132
28 154 122
28 155 113
28 156 104
29 156 95
29 157 84
30 157 74
30 158 61
30 159 49
31 159 36
31 160 24
31 160 60
32 160 15
32 160 60
33 160 15
33 160 60
34 160 15
34 160 60
35 160 15
35 160 60
36 160 15
36 160 60
37 160 15
37 160 60
38 160 15
38 160 60
39 160 15
39 160 60
40 160 15
41 160 23
