69 43 431
78 180 431
164 117 431
81 36 431
81 50 431
90 173 431
78 166 431
152 110 431
152 124 431
93 43 431
90 187 431
164 131 431
176 124 431
176 124 421
151 138 431
151 138 421
102 180 431
93 57 431
93 57 421
93 29 431
104 36 431
102 194 431
164 102 431
114 187 431
68 57 431
68 57 421
104 22 431
151 95 431
114 199 431
164 88 431
116 29 431
151 80 431
65 173 431
115 14 431
127 22 431
163 73 431
163 73 421
139 87 431
65 158 431
52 165 431
126 7 431
139 102 431
139 102 421
138 14 431
52 151 431
52 151 421
52 179 431
52 179 421
139 72 431
126 193 431
127 80 431
138 0 431
138 0 421
126 179 431
126 179 421
90 199 431
78 194 431
78 194 421
127 65 431
116 43 431
127 50 431
138 199 431
138 199 421
102 166 431
102 166 421
77 151 431
77 151 421
39 172 431
39 172 421
138 186 431
138 186 421
65 187 431
65 199 431
65 199 421
90 158 431
90 158 421
115 173 431
127 165 431
127 165 421
127 151 431
127 151 421
39 157 431
39 157 421
39 157 421
64 144 431
64 129 431
52 121 431
64 114 431
64 114 421
52 136 431
39 129 431
39 114 431
26 121 431
26 107 431
13 114 431
13 100 431
13 100 421
13 128 431
127 36 431
127 36 421
116 57 431
0 121 431
0 135 431
139 58 431
13 143 431
13 143 421
39 100 431
27 93 431
27 93 421
105 50 431
115 72 431
115 72 421
52 107 431
53 93 431
68 29 431
80 22 431
40 86 431
92 14 431
54 78 431
103 7 431
41 71 431
114 0 431
114 0 421
90 0 431
90 0 421
56 36 431
42 57 431
42 57 421
55 22 431
66 86 431
67 14 431
67 14 421
27 78 431
42 29 431
28 64 431
28 64 421
65 100 431
41 14 431
78 93 431
78 93 421
1 107 431
1 107 421
28 21 431
27 7 431
27 7 421
14 85 431
14 85 421
26 136 431
67 71 431
67 71 421
77 136 431
89 129 431
77 122 431
176 95 431
89 115 431
176 110 431
188 102 431
102 122 431
102 108 431
188 87 431
199 94 431
199 94 421
114 115 431
114 115 421
127 94 431
114 101 431
163 117 212
162 117 197
161 117 187
160 117 180
160 116 184
160 115 188
160 114 192
160 113 197
160 112 202
160 111 206
160 110 211
160 109 215
160 108 218
160 107 221
160 106 224
160 105 226
160 104 227
160 103 228
160 102 229
160 101 229
160 100 228
160 99 228
160 98 227
160 97 227
160 96 227
159 96 227
159 95 227
158 95 228
157 95 229
156 95 233
155 95 238
154 95 244
153 95 253
153 95 482
152 95 263
152 95 482
151 94 264
150 94 275
149 94 286
148 94 299
147 94 312
146 94 324
145 94 337
144 94 348
143 94 359
142 94 368
141 94 376
140 94 382
139 94 386
138 94 388
137 94 388
136 94 387
135 94 383
134 94 378
133 94 371
132 94 364
131 94 356
130 94 347
129 94 338
128 94 330
126 94 315
125 94 310
124 94 307
123 94 305
122 94 306
121 94 309
121 95 312
120 95 315
120 96 319
119 96 321
119 97 325
118 97 326
117 97 330
117 98 331
116 98 334
116 99 335
115 99 337
115 100 338
114 100 339
113 101 340
113 101 482
113 102 340
113 102 482
112 102 339
112 102 482
112 103 339
112 103 482
111 103 337
111 103 482
111 104 336
111 104 482
110 104 333
110 104 482
110 105 331
110 105 482
109 105 327
109 105 482
109 106 324
109 106 482
108 106 319
108 106 482
108 107 316
108 107 482
107 107 310
107 107 482
107 108 305
107 108 482
106 108 299
105 108 295
104 108 294
103 108 297
102 109 282
102 110 265
102 111 252
102 112 241
102 113 234
101 113 226
101 114 219
100 114 210
100 115 204
99 115 196
99 116 191
98 116 183
97 116 178
97 117 171
96 117 167
96 118 162
95 118 158
95 119 154
94 119 151
94 120 149
93 120 146
92 120 145
92 121 143
91 121 143
91 122 144
90 122 143
89 122 144
89 123 145
88 123 146
88 124 150
87 124 151
86 124 154
86 125 157
85 125 159
84 125 164
84 126 166
83 126 169
83 127 174
82 127 176
81 127 180
81 128 184
80 128 186
79 128 190
79 129 193
78 129 195
77 129 197
77 130 199
76 130 199
75 130 201
75 131 202
74 131 200
73 131 200
73 132 200
72 132 197
71 132 195
70 132 193
70 133 191
69 133 188
68 133 186
67 133 184
67 134 182
66 134 180
65 134 180
65 135 182
65 136 188
65 137 200
65 138 216
65 139 235
65 140 257
65 141 281
65 142 306
65 143 332
65 144 356
65 145 379
65 146 399
65 147 416
65 148 429
65 149 439
65 150 443
65 151 443
65 152 439
65 153 430
65 154 417
65 155 400
65 156 380
65 157 358
65 159 310
65 160 286
65 161 262
65 162 239
65 163 219
65 164 200
65 165 185
65 166 172
65 167 163
65 168 157
65 169 154
65 170 154
65 171 158
65 172 164
66 173 161
67 173 153
68 173 147
69 173 143
70 173 142
71 173 142
72 173 144
72 174 146
73 174 148
74 174 151
74 175 155
75 175 158
76 175 162
77 175 167
77 176 171
78 176 176
78 177 183
78 178 195
78 179 211
127 93 306
127 92 293
127 91 282
127 90 275
127 89 269
127 88 266
127 87 265
127 86 266
127 85 269
127 84 273
127 83 277
127 82 283
127 81 288
127 66 239
127 67 251
127 68 263
127 69 274
127 70 283
127 71 292
127 72 298
127 73 303
127 74 306
127 75 307
127 76 307
127 77 305
127 78 302
127 79 298
127 64 214
127 63 203
127 62 193
127 61 185
127 60 180
127 59 177
127 58 178
126 58 179
126 57 182
125 57 183
124 57 185
124 56 187
123 56 189
123 55 191
122 55 192
121 55 195
121 54 196
120 54 198
120 53 199
119 53 200
119 52 202
118 52 201
117 52 203
117 51 203
116 51 204
116 50 203
115 50 204
115 49 204
114 49 203
114 48 204
113 48 203
113 47 204
112 47 203
112 46 204
111 46 203
111 45 204
110 45 204
110 44 205
109 44 205
109 43 207
108 43 208
107 43 211
107 43 482
106 43 215
106 43 482
105 43 221
105 43 482
104 43 229
104 43 482
103 43 236
103 43 482
103 43 482
102 43 244
102 43 482
102 43 482
101 43 252
101 43 482
101 43 482
100 43 260
100 43 482
99 43 267
99 43 482
98 43 273
98 43 482
97 43 277
97 43 482
96 43 280
96 43 482
95 43 282
95 43 482
94 43 282
94 43 482
92 43 278
91 43 273
90 43 268
89 43 261
88 43 254
87 43 246
86 43 238
85 43 231
84 43 224
83 43 217
82 43 212
81 43 208
80 43 205
79 43 204
78 43 205
77 43 207
76 43 212
75 43 218
74 43 226
73 43 236
72 43 248
71 43 261
70 43 275
