104 123 220
5 187 220
184 62 220
178 146 220
38 44 220
178 133 220
166 140 220
166 140 210
116 130 220
116 116 220
116 116 210
172 69 220
184 76 220
17 180 220
5 173 220
5 173 210
17 194 220
50 37 220
38 30 220
104 137 220
190 139 220
173 82 220
29 188 220
51 51 220
116 143 220
189 126 220
29 174 220
38 58 220
172 55 220
51 65 220
51 65 210
41 181 220
185 89 220
50 22 220
188 113 220
188 113 210
188 113 210
199 133 220
38 15 220
103 151 220
116 157 220
116 157 210
41 168 220
184 47 220
91 144 220
90 157 220
166 154 220
178 160 220
50 8 220
172 40 220
172 40 210
172 40 210
174 95 220
53 176 220
53 162 220
53 162 210
165 168 220
38 1 220
78 150 220
196 54 220
177 175 220
53 190 220
65 183 220
77 164 220
197 39 220
77 177 220
77 177 210
64 198 220
64 198 210
64 198 210
65 170 220
65 170 210
25 51 220
25 51 210
25 51 210
25 8 220
25 22 220
160 61 220
164 183 220
164 183 210
164 183 210
190 168 220
189 182 220
13 15 220
160 75 220
199 175 220
199 175 210
161 89 220
153 162 220
153 162 210
153 162 210
13 1 220
190 153 220
199 146 220
197 69 220
197 82 220
0 8 220
199 160 220
0 22 220
0 22 210
0 22 210
163 101 220
163 101 210
63 15 220
63 15 210
188 197 220
188 197 210
188 197 210
177 120 220
165 127 220
63 30 220
63 30 210
63 30 210
164 114 220
62 1 220
75 8 220
75 8 210
13 29 220
13 29 210
13 29 210
87 0 220
87 0 210
87 0 210
87 0 210
38 72 220
26 79 220
38 86 220
26 93 220
29 160 220
41 196 220
39 100 220
39 100 210
39 100 210
91 130 220
78 136 220
78 136 210
91 116 220
13 86 220
13 100 220
13 100 210
13 100 210
103 109 220
13 72 220
0 79 220
0 65 220
129 136 220
129 122 220
129 122 210
90 102 220
102 95 220
26 65 220
26 65 210
89 87 220
89 87 210
89 87 210
115 102 220
114 88 220
127 95 220
127 95 210
1 93 220
1 93 210
0 51 220
13 58 220
126 81 220
137 74 220
137 74 210
137 74 210
149 82 220
51 94 220
51 94 210
64 101 220
78 108 220
78 108 210
64 87 220
77 94 220
77 94 210
51 79 220
52 108 220
52 108 210
52 108 210
65 115 220
65 115 210
65 115 210
63 44 220
63 44 210
63 44 210
63 44 210
78 108 210
78 108 210
39 44 87
40 44 37
40 44 241
41 44 15
41 44 241
41 45 15
41 45 241
41 46 15
41 46 241
41 47 15
41 47 241
41 48 15
41 48 241
41 49 15
41 49 241
41 50 15
41 50 241
41 51 15
41 51 241
41 52 15
41 52 241
41 53 26
41 54 43
41 55 62
40 55 80
40 56 96
40 57 113
39 57 130
39 58 143
38 71 155
38 70 166
38 69 176
38 68 184
38 67 190
38 66 194
38 65 197
38 64 196
38 63 194
38 62 190
38 61 185
38 60 178
38 59 170
90 101 207
90 100 224
90 99 246
89 99 281
88 99 317
87 99 353
86 99 388
85 99 422
84 99 452
83 99 479
82 99 501
81 99 517
80 99 528
79 99 531
78 99 528
77 99 519
76 99 502
75 99 480
74 99 453
73 99 421
72 99 386
71 99 349
70 99 311
69 99 274
68 99 238
67 99 206
66 99 178
65 99 155
64 99 138
64 98 122
64 97 109
64 96 97
63 96 86
63 95 77
63 94 70
62 94 63
62 94 241
62 93 58
62 93 241
62 92 55
62 92 241
61 92 51
61 92 241
61 91 50
61 91 241
60 91 50
60 91 241
60 90 50
60 90 241
59 90 53
59 90 241
59 89 53
59 88 58
58 88 59
57 88 65
57 87 68
56 87 73
56 86 78
55 86 83
55 85 89
54 85 92
53 85 97
53 84 103
52 84 105
51 84 108
50 84 111
50 83 112
49 83 112
48 83 112
47 83 111
46 83 110
46 82 107
45 82 103
44 82 98
43 82 93
42 82 88
41 82 83
40 82 77
39 82 72
38 82 67
38 81 65
38 80 65
38 79 69
38 78 75
38 77 83
38 76 93
38 75 105
38 74 117
38 73 130
91 102 158
92 102 125
93 102 97
94 102 72
95 102 52
96 102 37
97 102 26
97 103 18
98 103 15
99 103 15
100 103 15
100 104 15
100 105 15
100 106 17
100 107 23
100 108 30
100 109 38
101 109 48
102 109 60
149 83 166
148 83 179
147 83 193
147 83 241
146 83 206
146 83 241
145 83 218
145 83 241
144 83 230
144 83 241
143 83 240
143 83 241
142 83 248
142 83 241
141 83 254
141 83 241
140 83 258
140 83 241
139 83 259
139 83 241
139 83 241
138 83 257
138 83 241
138 83 241
137 83 253
137 83 241
137 83 241
136 83 246
136 83 241
136 83 241
135 83 237
135 83 241
135 83 241
134 83 227
134 83 241
134 83 241
133 83 214
133 83 241
133 83 241
132 83 200
132 83 241
132 83 241
131 83 186
131 83 241
130 83 171
130 83 241
129 83 157
129 83 241
128 83 145
128 83 241
127 83 133
127 83 241
127 84 121
127 84 241
126 84 110
126 84 241
126 85 102
126 85 241
125 85 91
125 85 241
124 85 84
124 85 241
124 86 77
124 86 241
123 86 71
123 86 241
123 87 67
123 87 241
122 87 62
122 87 241
121 87 60
121 88 56
120 88 55
120 89 53
119 89 52
119 90 51
118 90 51
118 91 50
117 91 51
117 92 50
116 92 51
116 93 51
115 93 51
115 94 51
114 94 51
114 95 52
113 95 52
113 96 52
112 96 51
111 96 52
111 97 51
110 97 51
110 98 50
109 98 49
108 98 48
108 99 46
107 99 44
106 99 42
106 100 39
105 100 35
104 100 33
104 101 29
103 101 25
103 102 23
103 103 25
103 104 29
103 105 36
103 106 44
103 107 54
103 108 64
150 82 150
151 82 137
152 82 126
153 82 116
154 82 107
155 82 99
156 82 94
157 82 89
158 82 87
159 82 86
160 82 86
161 82 87
162 82 89
163 82 92
164 82 95
165 82 99
166 82 102
167 82 106
168 82 110
169 82 113
170 82 115
171 82 117
172 82 118
173 83 109
173 84 100
173 85 93
173 86 87
173 87 83
173 88 81
173 89 83
172 89 84
171 89 85
170 89 88
170 90 92
170 91 99
170 92 107
170 93 118
170 94 130
170 95 144
170 96 158
170 97 173
170 98 187
170 99 200
170 100 212
170 101 222
170 102 229
170 103 234
170 104 236
170 105 234
170 106 230
170 107 222
170 108 211
170 109 197
170 110 181
170 111 164
170 112 145
170 113 125
170 114 106
170 115 87
170 116 69
170 117 53
170 118 39
170 119 28
170 120 20
170 121 15
170 122 15
171 122 16
171 123 17
171 124 20
172 124 23
172 125 28
173 125 31
173 126 37
174 126 41
175 126 47
175 127 51
176 127 57
176 128 61
177 128 65
178 128 70
178 129 73
178 130 79
178 131 86
178 132 95
178 134 114
178 135 124
178 136 134
178 137 142
178 138 150
178 139 156
178 140 160
178 141 163
178 142 165
178 143 165
178 144 164
178 145 161
174 82 118
175 82 117
176 82 114
177 82 111
178 82 106
179 82 101
180 82 94
181 82 88
182 82 80
183 82 73
184 82 65
184 81 69
184 80 74
184 79 81
184 78 89
184 77 98
184 75 114
184 74 122
184 73 129
184 72 134
184 71 139
184 70 141
184 69 143
184 68 143
184 67 142
184 66 139
184 65 135
184 64 130
184 63 125
99 109 31
98 109 27
98 110 33
98 111 39
98 112 44
98 113 49
98 114 52
98 115 54
98 116 56
98 117 56
98 118 56
98 119 56
98 120 55
98 121 54
98 122 54
98 123 54
99 123 60
100 123 70
101 123 82
102 123 96
103 123 110
77 163 134
77 162 111
77 161 92
77 160 76
78 160 63
78 159 50
79 159 40
79 158 29
80 158 21
80 157 15
81 157 15
82 157 15
82 156 15
83 156 15
84 156 15
84 155 15
85 155 15
85 154 15
85 153 15
86 153 15
86 152 20
87 152 24
88 152 30
88 151 34
89 151 39
90 151 45
90 150 48
91 150 52
91 149 57
92 149 60
93 149 63
93 148 66
94 148 68
95 148 71
95 147 72
96 147 74
96 146 76
97 146 77
97 145 80
97 144 83
97 143 88
97 142 92
97 141 96
97 140 99
97 139 102
97 138 103
97 137 103
97 136 102
97 135 99
97 134 96
97 133 91
97 132 86
97 131 81
97 130 75
97 129 70
97 128 65
97 127 60
97 126 57
97 125 54
97 125 241
97 124 52
97 124 241
97 123 51
97 123 241
76 164 165
75 164 175
74 164 190
74 165 207
73 165 221
73 166 235
72 166 248
72 167 259
72 168 270
71 168 276
71 169 282
70 169 287
70 170 288
69 170 289
68 170 293
67 170 299
66 170 306
65 171 290
65 172 268
65 173 246
65 174 226
65 175 207
65 176 191
65 177 177
64 177 160
63 177 147
63 178 131
62 178 117
62 179 103
61 179 90
61 180 79
60 180 68
59 180 59
59 181 50
58 181 43
58 182 38
57 182 33
56 182 30
56 183 28
55 183 26
54 183 25
54 184 26
53 184 26
52 184 28
51 184 31
51 185 32
50 185 35
49 185 38
49 186 41
48 186 44
47 186 47
47 187 50
46 187 53
45 187 56
45 188 58
44 188 61
43 188 65
42 188 69
41 188 74
40 188 80
39 188 86
38 188 92
37 188 98
36 188 104
35 188 109
34 188 114
33 188 118
32 188 121
31 188 123
30 188 123
28 188 119
27 188 114
26 188 108
25 188 100
24 188 91
23 188 81
22 188 70
21 188 58
20 188 47
19 188 35
18 188 25
17 188 16
16 188 15
16 187 15
15 187 15
14 187 15
13 187 15
12 187 15
11 187 15
10 187 27
9 187 45
8 187 67
7 187 94
6 187 125
