42 152 16
150 87 16
70 107 16
102 54 16
102 54 6
102 54 6
102 54 6
102 54 6
102 54 6
102 54 6
102 54 6
102 54 6
102 54 6
102 54 6
102 54 6
102 54 6
102 54 6
102 54 6
102 54 6
102 54 6
102 54 6
102 54 6
102 54 6
102 54 6
102 54 6
102 54 6
102 54 6
102 54 6
102 54 6
102 54 6
102 54 6
102 54 6
102 54 6
102 54 6
102 54 6
102 54 6
102 54 6
102 54 6
102 54 6
102 54 6
102 54 6
102 54 6
102 54 6
102 54 6
102 54 6
107 98 16
32 10 16
32 10 6
32 10 6
14 57 16
172 2 16
99 145 16
94 105 16
81 100 16
82 112 16
97 131 16
97 131 6
87 138 16
87 138 6
87 138 6
87 138 6
87 138 6
87 138 6
87 138 6
87 138 6
87 138 6
87 138 6
87 138 6
87 138 6
87 138 6
87 138 6
87 138 6
87 138 6
87 138 6
87 138 6
87 138 6
87 138 6
87 138 6
87 138 6
87 138 6
87 138 6
87 138 6
95 93 16
32 0 16
20 3 16
41 139 16
54 145 16
54 145 6
54 145 6
151 74 16
163 80 16
163 80 6
25 49 16
25 49 6
25 49 6
25 49 6
25 49 6
25 49 6
25 49 6
25 49 6
25 49 6
25 49 6
25 49 6
25 49 6
25 49 6
25 49 6
26 65 16
26 65 6
26 65 6
26 65 6
26 65 6
100 68 16
100 68 6
100 68 6
100 68 6
100 68 6
100 68 6
100 68 6
100 68 6
100 68 6
100 68 6
100 68 6
100 68 6
100 68 6
100 68 6
100 68 6
100 68 6
100 68 6
100 68 6
100 68 6
100 68 6
100 68 6
100 68 6
100 68 6
100 68 6
100 68 6
100 68 6
100 68 6
100 68 6
100 68 6
52 132 16
52 132 6
52 132 6
52 132 6
52 132 6
52 132 6
52 132 6
52 132 6
52 132 6
112 73 16
112 73 6
112 73 6
112 73 6
112 73 6
112 73 6
112 73 6
112 73 6
112 73 6
112 73 6
112 73 6
112 73 6
112 73 6
112 73 6
112 73 6
112 73 6
112 73 6
112 73 6
112 73 6
112 73 6
112 73 6
112 73 6
112 73 6
112 73 6
112 73 6
112 73 6
112 73 6
112 73 6
112 73 6
112 73 6
112 73 6
112 73 6
112 73 6
112 73 6
112 73 6
109 85 16
109 85 6
109 85 6
109 85 6
160 0 16
161 10 16
137 81 16
122 89 16
15 72 16
15 72 6
21 18 16
23 34 16
23 34 6
23 34 6
23 34 6
23 34 6
23 34 6
23 34 6
23 34 6
23 34 6
23 34 6
23 34 6
23 34 6
23 34 6
23 34 6
23 34 6
23 34 6
23 34 6
23 34 6
23 34 6
23 34 6
23 34 6
23 34 6
23 34 6
23 34 6
23 34 6
23 34 6
23 34 6
23 34 6
23 34 6
23 34 6
23 34 6
23 34 6
23 34 6
23 34 6
23 34 6
23 34 6
23 34 6
23 34 6
23 34 6
23 34 6
23 34 6
23 34 6
23 34 6
23 34 6
23 34 6
23 34 6
61 126 16
61 126 6
61 126 6
61 126 6
61 126 6
61 126 6
61 126 6
61 126 6
61 126 6
61 126 6
61 126 6
61 126 6
61 126 6
61 126 6
61 126 6
61 126 6
61 126 6
61 126 6
61 126 6
61 126 6
61 126 6
61 126 6
61 126 6
61 126 6
61 126 6
61 126 6
61 126 6
61 126 6
61 126 6
61 126 6
61 126 6
61 126 6
61 126 6
61 126 6
61 126 6
61 126 6
61 126 6
8 10 16
26 80 16
26 80 6
26 80 6
26 80 6
26 80 6
26 80 6
26 80 6
26 80 6
26 80 6
26 80 6
26 80 6
26 80 6
26 80 6
26 80 6
26 80 6
26 80 6
26 80 6
26 80 6
26 80 6
26 80 6
26 80 6
26 80 6
26 80 6
26 80 6
26 80 6
26 80 6
26 80 6
26 80 6
26 80 6
26 80 6
26 80 6
26 80 6
26 80 6
26 80 6
26 80 6
26 80 6
26 80 6
26 80 6
26 80 6
26 80 6
26 80 6
26 80 6
26 80 6
26 80 6
26 80 6
26 80 6
26 80 6
26 80 6
26 80 6
26 80 6
26 80 6
26 80 6
26 80 6
26 80 6
26 80 6
26 80 6
26 80 6
26 80 6
26 80 6
26 80 6
55 159 16
55 159 6
43 166 16
0 19 16
10 26 16
55 174 16
55 174 6
55 174 6
55 174 6
55 174 6
55 174 6
55 174 6
55 174 6
55 174 6
55 174 6
55 174 6
55 174 6
55 174 6
55 174 6
55 174 6
55 174 6
55 174 6
55 174 6
55 174 6
55 174 6
55 174 6
55 174 6
55 174 6
55 174 6
55 174 6
55 174 6
55 174 6
55 174 6
55 174 6
55 174 6
55 174 6
55 174 6
55 174 6
55 174 6
55 174 6
55 174 6
55 174 6
55 174 6
55 174 6
55 174 6
55 174 6
55 174 6
55 174 6
55 174 6
55 174 6
55 174 6
111 138 16
111 138 6
111 138 6
111 138 6
111 138 6
12 41 16
109 124 16
39 126 16
39 126 6
49 119 16
49 119 6
49 119 6
49 119 6
49 119 6
49 119 6
49 119 6
49 119 6
49 119 6
49 119 6
49 119 6
49 119 6
49 119 6
49 119 6
49 119 6
49 119 6
49 119 6
49 119 6
49 119 6
49 119 6
49 119 6
49 119 6
49 119 6
107 110 16
38 113 16
38 113 6
38 113 6
38 113 6
38 113 6
38 113 6
38 113 6
38 113 6
38 113 6
38 113 6
38 113 6
38 113 6
38 113 6
38 113 6
38 113 6
38 113 6
38 113 6
38 113 6
38 113 6
38 113 6
38 113 6
38 113 6
38 113 6
38 113 6
38 113 6
38 113 6
38 113 6
48 107 16
48 107 6
48 107 6
48 107 6
48 107 6
48 107 6
48 107 6
48 107 6
48 107 6
48 107 6
48 107 6
48 107 6
48 107 6
48 107 6
48 107 6
48 107 6
48 107 6
48 107 6
48 107 6
48 107 6
48 107 6
48 107 6
48 107 6
48 107 6
48 107 6
48 107 6
48 107 6
48 107 6
48 107 6
48 107 6
48 107 6
48 107 6
48 107 6
48 107 6
48 107 6
48 107 6
48 107 6
48 107 6
48 107 6
48 107 6
48 107 6
48 107 6
48 107 6
48 107 6
48 107 6
48 107 6
48 107 6
48 107 6
48 107 6
48 107 6
48 107 6
48 107 6
48 107 6
27 119 16
27 119 6
27 119 6
27 119 6
27 119 6
27 119 6
27 119 6
27 119 6
27 119 6
27 119 6
27 119 6
27 119 6
27 119 6
27 119 6
27 119 6
27 119 6
27 119 6
27 119 6
27 119 6
27 119 6
27 119 6
27 119 6
27 119 6
27 119 6
27 119 6
27 119 6
27 119 6
27 119 6
27 119 6
27 119 6
27 119 6
27 119 6
27 119 6
27 119 6
27 119 6
27 119 6
27 119 6
27 119 6
27 119 6
27 119 6
27 119 6
27 119 6
27 119 6
27 119 6
0 34 16
66 152 16
66 152 6
66 152 6
66 152 6
66 152 6
66 152 6
66 152 6
66 152 6
66 152 6
66 152 6
66 152 6
66 152 6
66 152 6
66 152 6
66 152 6
66 152 6
66 152 6
66 152 6
66 152 6
66 152 6
66 152 6
66 152 6
66 152 6
66 152 6
66 152 6
66 152 6
66 152 6
66 152 6
66 152 6
66 152 6
66 152 6
66 152 6
66 152 6
66 152 6
66 152 6
66 152 6
66 152 6
66 152 6
66 152 6
66 152 6
66 152 6
66 152 6
66 152 6
66 152 6
66 152 6
30 160 16
29 146 16
1 49 16
1 49 6
17 153 16
16 139 16
16 139 6
16 139 6
16 139 6
16 139 6
16 139 6
16 139 6
16 139 6
2 64 16
2 64 6
2 64 6
2 64 6
2 64 6
2 64 6
2 64 6
2 64 6
2 64 6
2 64 6
2 64 6
2 64 6
3 79 16
3 79 6
3 79 6
3 79 6
3 79 6
3 79 6
3 79 6
3 79 6
3 79 6
3 79 6
3 79 6
3 79 6
3 79 6
3 79 6
3 79 6
3 79 6
3 79 6
3 79 6
3 79 6
3 79 6
3 79 6
3 79 6
3 79 6
3 79 6
3 79 6
3 79 6
3 79 6
3 79 6
3 79 6
3 79 6
3 79 6
3 79 6
3 79 6
3 79 6
3 79 6
3 79 6
3 79 6
3 79 6
3 79 6
3 79 6
3 79 6
3 79 6
3 79 6
3 79 6
3 79 6
3 79 6
3 79 6
3 79 6
3 79 6
3 79 6
3 79 6
3 79 6
3 79 6
3 79 6
3 79 6
3 79 6
3 79 6
3 79 6
37 58 16
37 58 6
37 58 6
37 58 6
37 58 6
37 58 6
37 58 6
37 58 6
37 58 6
37 58 6
37 58 6
37 58 6
37 58 6
37 58 6
37 58 6
37 58 6
37 58 6
37 58 6
37 58 6
37 58 6
37 58 6
37 58 6
37 58 6
37 58 6
37 58 6
37 58 6
37 58 6
37 58 6
37 58 6
37 58 6
37 58 6
37 58 6
37 58 6
37 58 6
37 58 6
37 58 6
37 58 6
37 58 6
37 58 6
37 58 6
37 58 6
37 58 6
37 58 6
37 58 6
37 58 6
37 58 6
37 58 6
37 58 6
37 58 6
37 58 6
37 58 6
37 58 6
37 58 6
37 58 6
37 58 6
37 58 6
28 132 16
28 132 6
28 132 6
28 132 6
28 132 6
28 132 6
45 4 16
45 4 6
45 4 6
45 4 6
45 4 6
45 4 6
45 4 6
45 4 6
45 4 6
45 4 6
45 4 6
45 4 6
45 4 6
45 4 6
45 4 6
45 4 6
45 4 6
17 168 16
17 168 6
17 168 6
17 168 6
17 168 6
17 168 6
17 168 6
17 168 6
17 168 6
17 168 6
17 168 6
17 168 6
17 168 6
17 168 6
17 168 6
17 168 6
17 168 6
17 168 6
17 168 6
17 168 6
17 168 6
17 168 6
17 168 6
17 168 6
17 168 6
17 168 6
17 168 6
17 168 6
17 168 6
17 168 6
17 168 6
17 168 6
17 168 6
17 168 6
17 168 6
17 168 6
17 168 6
17 168 6
17 168 6
17 168 6
17 168 6
17 168 6
17 168 6
17 168 6
17 168 6
17 168 6
17 168 6
17 168 6
17 168 6
17 168 6
17 168 6
17 168 6
17 168 6
29 174 16
29 174 6
29 174 6
29 174 6
29 174 6
29 174 6
29 174 6
29 174 6
29 174 6
29 174 6
29 174 6
29 174 6
29 174 6
29 174 6
29 174 6
29 174 6
29 174 6
29 174 6
29 174 6
29 174 6
29 174 6
59 0 16
59 0 6
59 0 6
59 0 6
59 0 6
59 0 6
59 0 6
59 0 6
59 0 6
59 0 6
59 0 6
59 0 6
59 0 6
59 0 6
59 0 6
59 0 6
59 0 6
59 0 6
59 0 6
59 0 6
59 0 6
59 0 6
59 0 6
59 0 6
59 0 6
59 0 6
59 0 6
59 0 6
59 0 6
59 0 6
59 0 6
59 0 6
59 0 6
59 0 6
59 0 6
59 0 6
60 13 16
60 13 6
60 13 6
60 13 6
60 13 6
60 13 6
60 13 6
60 13 6
60 13 6
60 13 6
60 13 6
60 13 6
60 13 6
60 13 6
60 13 6
60 13 6
60 13 6
60 13 6
60 13 6
60 13 6
60 13 6
60 13 6
60 13 6
60 13 6
60 13 6
60 13 6
60 13 6
60 13 6
60 13 6
60 13 6
60 13 6
60 13 6
60 13 6
60 13 6
60 13 6
60 13 6
60 13 6
60 13 6
60 13 6
60 13 6
60 13 6
60 13 6
60 13 6
60 13 6
60 13 6
60 13 6
60 13 6
60 13 6
60 13 6
60 13 6
60 13 6
60 13 6
60 13 6
60 13 6
60 13 6
60 13 6
60 13 6
60 13 6
60 13 6
60 13 6
60 13 6
60 13 6
60 13 6
60 13 6
60 13 6
60 13 6
60 13 6
60 13 6
60 13 6
60 13 6
60 13 6
60 13 6
60 13 6
60 13 6
60 13 6
60 13 6
60 13 6
60 13 6
60 13 6
60 13 6
60 13 6
60 13 6
60 13 6
60 13 6
60 13 6
60 13 6
42 181 16
42 181 6
42 181 6
42 181 6
42 181 6
42 181 6
42 181 6
42 181 6
42 181 6
42 181 6
42 181 6
42 181 6
42 181 6
42 181 6
42 181 6
42 181 6
42 181 6
42 181 6
42 181 6
42 181 6
42 181 6
42 181 6
42 181 6
42 181 6
42 181 6
42 181 6
42 181 6
42 181 6
42 181 6
42 181 6
42 181 6
42 181 6
42 181 6
42 181 6
42 181 6
42 181 6
0 4 16
7 0 16
3 147 16
3 147 6
3 147 6
3 147 6
3 147 6
3 147 6
3 147 6
3 147 6
3 147 6
3 147 6
3 147 6
3 147 6
3 147 6
3 147 6
3 147 6
3 147 6
3 147 6
3 147 6
3 147 6
3 147 6
3 147 6
3 147 6
3 147 6
3 147 6
3 147 6
3 147 6
3 147 6
3 147 6
3 147 6
3 147 6
3 147 6
3 147 6
3 147 6
3 147 6
3 147 6
3 147 6
3 147 6
3 147 6
3 147 6
3 147 6
3 147 6
3 147 6
3 147 6
3 147 6
3 147 6
3 147 6
3 147 6
3 147 6
3 147 6
3 147 6
3 147 6
3 147 6
3 147 6
3 147 6
3 147 6
3 147 6
3 147 6
3 147 6
3 147 6
3 147 6
3 147 6
3 147 6
3 147 6
3 147 6
3 147 6
3 147 6
3 147 6
3 147 6
3 147 6
3 147 6
3 147 6
3 147 6
3 147 6
3 147 6
3 147 6
3 147 6
3 147 6
3 147 6
3 147 6
3 147 6
3 147 6
3 147 6
3 147 6
3 147 6
3 147 6
67 166 16
67 166 6
67 166 6
67 166 6
67 166 6
67 166 6
67 166 6
67 166 6
67 166 6
67 166 6
67 166 6
67 166 6
67 166 6
67 166 6
67 166 6
67 166 6
67 166 6
67 166 6
67 166 6
67 166 6
67 166 6
67 166 6
67 166 6
67 166 6
67 166 6
67 166 6
67 166 6
67 166 6
67 166 6
67 166 6
67 166 6
67 166 6
67 166 6
67 166 6
67 166 6
67 166 6
67 166 6
67 166 6
67 166 6
67 166 6
67 166 6
67 166 6
67 166 6
135 94 16
121 102 16
78 159 16
78 159 6
78 159 6
89 152 16
89 152 6
15 86 16
15 86 6
15 86 6
15 86 6
15 86 6
15 86 6
15 86 6
15 86 6
15 86 6
15 86 6
15 86 6
15 86 6
15 86 6
15 86 6
15 86 6
15 86 6
15 86 6
15 86 6
15 86 6
15 86 6
15 86 6
15 86 6
15 86 6
15 86 6
15 86 6
15 86 6
15 86 6
15 86 6
15 86 6
15 86 6
15 86 6
15 86 6
15 86 6
15 86 6
15 86 6
15 86 6
15 86 6
15 86 6
15 86 6
15 86 6
15 86 6
15 86 6
15 86 6
15 86 6
15 86 6
15 86 6
15 86 6
15 86 6
15 86 6
15 86 6
15 86 6
15 86 6
15 86 6
15 86 6
15 86 6
15 86 6
15 86 6
15 86 6
15 86 6
15 86 6
15 86 6
15 86 6
15 86 6
15 86 6
15 86 6
15 86 6
15 86 6
15 86 6
15 86 6
15 86 6
15 86 6
15 86 6
15 86 6
15 86 6
15 86 6
15 86 6
15 86 6
15 86 6
15 86 6
15 86 6
15 86 6
15 86 6
15 86 6
15 86 6
15 86 6
15 86 6
15 86 6
15 86 6
15 86 6
15 86 6
15 86 6
15 86 6
15 86 6
15 86 6
15 86 6
15 86 6
15 86 6
15 86 6
15 86 6
15 86 6
15 86 6
38 73 16
38 73 6
38 73 6
38 73 6
38 73 6
38 73 6
38 73 6
38 73 6
38 73 6
38 73 6
38 73 6
38 73 6
38 73 6
38 73 6
38 73 6
38 73 6
38 73 6
38 73 6
38 73 6
38 73 6
38 73 6
38 73 6
38 73 6
38 73 6
38 73 6
38 73 6
38 73 6
38 73 6
38 73 6
38 73 6
38 73 6
38 73 6
38 73 6
38 73 6
38 73 6
38 73 6
38 73 6
38 73 6
38 73 6
38 73 6
38 73 6
38 73 6
38 73 6
38 73 6
38 73 6
38 73 6
38 73 6
38 73 6
38 73 6
38 73 6
38 73 6
38 73 6
38 73 6
38 73 6
38 73 6
38 73 6
38 73 6
38 73 6
38 73 6
38 73 6
38 73 6
38 73 6
38 73 6
38 73 6
38 73 6
38 73 6
38 73 6
38 73 6
38 73 6
38 73 6
38 73 6
38 73 6
38 73 6
38 73 6
38 73 6
38 73 6
38 73 6
38 73 6
38 73 6
38 73 6
38 73 6
38 73 6
38 73 6
38 73 6
38 73 6
38 73 6
38 73 6
38 73 6
38 73 6
38 73 6
38 73 6
38 73 6
38 73 6
38 73 6
38 73 6
38 73 6
38 73 6
38 73 6
38 73 6
38 73 6
38 73 6
38 73 6
38 73 6
38 73 6
38 73 6
38 73 6
38 73 6
38 73 6
73 7 16
73 7 6
73 7 6
73 7 6
73 7 6
73 7 6
73 7 6
73 7 6
73 7 6
73 7 6
73 7 6
73 7 6
73 7 6
73 7 6
73 7 6
73 7 6
73 7 6
73 7 6
73 7 6
73 7 6
73 7 6
73 7 6
73 7 6
73 7 6
73 7 6
73 7 6
73 7 6
73 7 6
73 7 6
73 7 6
73 7 6
73 7 6
73 7 6
73 7 6
73 7 6
73 7 6
73 7 6
73 7 6
73 7 6
73 7 6
73 7 6
73 7 6
73 7 6
73 7 6
73 7 6
73 7 6
73 7 6
73 7 6
73 7 6
73 7 6
73 7 6
73 7 6
73 7 6
73 7 6
73 7 6
73 7 6
73 7 6
73 7 6
73 7 6
73 7 6
73 7 6
73 7 6
73 7 6
73 7 6
73 7 6
73 7 6
73 7 6
73 7 6
73 7 6
73 7 6
73 7 6
73 7 6
73 7 6
73 7 6
73 7 6
73 7 6
73 7 6
73 7 6
73 7 6
73 7 6
73 7 6
73 7 6
73 7 6
73 7 6
73 7 6
73 7 6
73 7 6
73 7 6
73 7 6
73 7 6
73 7 6
73 7 6
73 7 6
73 7 6
73 7 6
73 7 6
73 7 6
73 7 6
73 7 6
73 7 6
73 7 6
73 7 6
73 7 6
73 7 6
73 7 6
73 7 6
73 7 6
73 7 6
73 7 6
73 7 6
73 7 6
73 7 6
73 7 6
73 7 6
73 7 6
73 7 6
73 7 6
73 7 6
73 7 6
73 7 6
73 7 6
73 7 6
73 7 6
73 7 6
73 7 6
73 7 6
73 7 6
73 7 6
73 7 6
73 7 6
73 7 6
73 7 6
73 7 6
73 7 6
73 7 6
73 7 6
73 7 6
73 7 6
73 7 6
73 7 6
36 42 16
36 42 6
36 42 6
36 42 6
36 42 6
36 42 6
36 42 6
36 42 6
36 42 6
36 42 6
36 42 6
36 42 6
36 42 6
36 42 6
36 42 6
36 42 6
36 42 6
36 42 6
36 42 6
36 42 6
36 42 6
36 42 6
36 42 6
36 42 6
36 42 6
36 42 6
36 42 6
36 42 6
36 42 6
36 42 6
36 42 6
36 42 6
36 42 6
36 42 6
36 42 6
36 42 6
36 42 6
36 42 6
36 42 6
36 42 6
36 42 6
36 42 6
36 42 6
36 42 6
36 42 6
36 42 6
36 42 6
36 42 6
36 42 6
36 42 6
36 42 6
36 42 6
36 42 6
36 42 6
36 42 6
36 42 6
36 42 6
36 42 6
36 42 6
36 42 6
36 42 6
36 42 6
36 42 6
36 42 6
36 42 6
36 42 6
36 42 6
36 42 6
36 42 6
36 42 6
36 42 6
36 42 6
36 42 6
36 42 6
36 42 6
36 42 6
36 42 6
36 42 6
36 42 6
36 42 6
36 42 6
36 42 6
36 42 6
36 42 6
36 42 6
36 42 6
36 42 6
36 42 6
36 42 6
36 42 6
36 42 6
36 42 6
36 42 6
36 42 6
36 42 6
36 42 6
36 42 6
36 42 6
36 42 6
36 42 6
36 42 6
36 42 6
36 42 6
36 42 6
36 42 6
36 42 6
36 42 6
36 42 6
36 42 6
36 42 6
36 42 6
36 42 6
36 42 6
36 42 6
36 42 6
36 42 6
36 42 6
36 42 6
36 42 6
36 42 6
36 42 6
36 42 6
36 42 6
26 93 16
26 93 6
26 93 6
26 93 6
26 93 6
26 93 6
26 93 6
26 93 6
26 93 6
26 93 6
26 93 6
26 93 6
26 93 6
26 93 6
26 93 6
26 93 6
26 93 6
26 93 6
26 93 6
26 93 6
26 93 6
26 93 6
26 93 6
26 93 6
26 93 6
26 93 6
26 93 6
26 93 6
26 93 6
26 93 6
26 93 6
26 93 6
26 93 6
26 93 6
26 93 6
26 93 6
26 93 6
26 93 6
26 93 6
26 93 6
26 93 6
26 93 6
26 93 6
26 93 6
26 93 6
26 93 6
26 93 6
26 93 6
26 93 6
26 93 6
26 93 6
26 93 6
26 93 6
26 93 6
26 93 6
26 93 6
26 93 6
26 93 6
26 93 6
26 93 6
26 93 6
26 93 6
26 93 6
26 93 6
26 93 6
26 93 6
26 93 6
26 93 6
26 93 6
26 93 6
26 93 6
26 93 6
26 93 6
26 93 6
26 93 6
26 93 6
26 93 6
26 93 6
26 93 6
26 93 6
26 93 6
26 93 6
26 93 6
26 93 6
26 93 6
26 93 6
26 93 6
26 93 6
26 93 6
26 93 6
26 93 6
26 93 6
26 93 6
26 93 6
26 93 6
26 93 6
26 93 6
26 93 6
26 93 6
26 93 6
26 93 6
26 93 6
26 93 6
26 93 6
26 93 6
26 93 6
26 93 6
26 93 6
26 93 6
26 93 6
26 93 6
26 93 6
26 93 6
26 93 6
26 93 6
26 93 6
26 93 6
26 93 6
26 93 6
26 93 6
26 93 6
26 93 6
26 93 6
26 93 6
26 93 6
26 93 6
26 93 6
26 93 6
26 93 6
26 93 6
26 93 6
26 93 6
26 93 6
26 93 6
47 19 16
47 19 6
47 19 6
47 19 6
47 19 6
47 19 6
47 19 6
47 19 6
47 19 6
47 19 6
47 19 6
47 19 6
47 19 6
47 19 6
47 19 6
47 19 6
47 19 6
47 19 6
47 19 6
47 19 6
47 19 6
47 19 6
47 19 6
47 19 6
47 19 6
47 19 6
47 19 6
47 19 6
47 19 6
47 19 6
47 19 6
47 19 6
47 19 6
47 19 6
47 19 6
47 19 6
47 19 6
47 19 6
47 19 6
47 19 6
47 19 6
47 19 6
47 19 6
47 19 6
47 19 6
47 19 6
47 19 6
47 19 6
47 19 6
47 19 6
47 19 6
47 19 6
47 19 6
47 19 6
47 19 6
47 19 6
47 19 6
47 19 6
47 19 6
47 19 6
47 19 6
47 19 6
47 19 6
47 19 6
47 19 6
47 19 6
47 19 6
47 19 6
47 19 6
47 19 6
47 19 6
47 19 6
47 19 6
47 19 6
47 19 6
47 19 6
47 19 6
47 19 6
47 19 6
47 19 6
47 19 6
47 19 6
47 19 6
47 19 6
47 19 6
47 19 6
47 19 6
47 19 6
47 19 6
47 19 6
47 19 6
47 19 6
47 19 6
47 19 6
47 19 6
47 19 6
47 19 6
47 19 6
47 19 6
47 19 6
47 19 6
47 19 6
47 19 6
47 19 6
47 19 6
47 19 6
47 19 6
47 19 6
47 19 6
47 19 6
47 19 6
47 19 6
47 19 6
47 19 6
47 19 6
47 19 6
47 19 6
47 19 6
47 19 6
47 19 6
47 19 6
47 19 6
47 19 6
47 19 6
47 19 6
47 19 6
47 19 6
47 19 6
47 19 6
47 19 6
47 19 6
47 19 6
47 19 6
47 19 6
47 19 6
47 19 6
47 19 6
47 19 6
47 19 6
47 19 6
47 19 6
47 19 6
47 19 6
23 34 6
23 34 6
23 34 6
23 34 6
34 26 16
34 26 6
34 26 6
34 26 6
34 26 6
34 26 6
34 26 6
34 26 6
34 26 6
34 26 6
34 26 6
34 26 6
34 26 6
34 26 6
34 26 6
34 26 6
34 26 6
34 26 6
34 26 6
34 26 6
34 26 6
34 26 6
34 26 6
34 26 6
34 26 6
34 26 6
34 26 6
34 26 6
34 26 6
34 26 6
34 26 6
34 26 6
34 26 6
34 26 6
34 26 6
34 26 6
34 26 6
34 26 6
34 26 6
34 26 6
34 26 6
34 26 6
34 26 6
34 26 6
34 26 6
34 26 6
34 26 6
34 26 6
34 26 6
34 26 6
34 26 6
34 26 6
34 26 6
34 26 6
34 26 6
34 26 6
34 26 6
34 26 6
34 26 6
34 26 6
34 26 6
34 26 6
34 26 6
34 26 6
34 26 6
34 26 6
34 26 6
34 26 6
34 26 6
34 26 6
34 26 6
34 26 6
34 26 6
34 26 6
34 26 6
34 26 6
34 26 6
34 26 6
34 26 6
34 26 6
34 26 6
34 26 6
34 26 6
34 26 6
34 26 6
34 26 6
34 26 6
34 26 6
34 26 6
34 26 6
34 26 6
34 26 6
34 26 6
34 26 6
34 26 6
34 26 6
34 26 6
34 26 6
34 26 6
34 26 6
34 26 6
34 26 6
34 26 6
34 26 6
34 26 6
34 26 6
34 26 6
34 26 6
34 26 6
34 26 6
34 26 6
34 26 6
34 26 6
34 26 6
34 26 6
34 26 6
34 26 6
34 26 6
34 26 6
34 26 6
34 26 6
34 26 6
34 26 6
34 26 6
34 26 6
34 26 6
34 26 6
34 26 6
34 26 6
34 26 6
34 26 6
34 26 6
34 26 6
34 26 6
34 26 6
34 26 6
34 26 6
34 26 6
37 58 6
37 58 6
37 58 6
37 58 6
37 58 6
37 58 6
37 58 6
37 58 6
37 58 6
37 58 6
49 51 16
49 51 6
49 51 6
49 51 6
49 51 6
49 51 6
49 51 6
49 51 6
49 51 6
49 51 6
49 51 6
49 51 6
49 51 6
49 51 6
49 51 6
49 51 6
49 51 6
49 51 6
49 51 6
49 51 6
49 51 6
49 51 6
49 51 6
49 51 6
49 51 6
49 51 6
49 51 6
49 51 6
49 51 6
49 51 6
49 51 6
49 51 6
49 51 6
49 51 6
49 51 6
49 51 6
49 51 6
49 51 6
49 51 6
49 51 6
49 51 6
49 51 6
49 51 6
49 51 6
49 51 6
49 51 6
49 51 6
49 51 6
49 51 6
49 51 6
49 51 6
49 51 6
49 51 6
49 51 6
49 51 6
49 51 6
49 51 6
49 51 6
49 51 6
49 51 6
49 51 6
49 51 6
49 51 6
49 51 6
49 51 6
49 51 6
49 51 6
49 51 6
49 51 6
49 51 6
49 51 6
49 51 6
49 51 6
49 51 6
49 51 6
49 51 6
49 51 6
49 51 6
49 51 6
49 51 6
49 51 6
49 51 6
49 51 6
49 51 6
49 51 6
49 51 6
49 51 6
49 51 6
49 51 6
49 51 6
49 51 6
49 51 6
49 51 6
49 51 6
49 51 6
49 51 6
49 51 6
49 51 6
49 51 6
49 51 6
49 51 6
49 51 6
49 51 6
49 51 6
49 51 6
49 51 6
49 51 6
49 51 6
49 51 6
49 51 6
49 51 6
49 51 6
49 51 6
49 51 6
49 51 6
49 51 6
49 51 6
49 51 6
49 51 6
49 51 6
49 51 6
49 51 6
49 51 6
49 51 6
49 51 6
49 51 6
49 51 6
49 51 6
49 51 6
49 51 6
49 51 6
49 51 6
49 51 6
49 51 6
49 51 6
49 51 6
49 51 6
49 51 6
49 51 6
49 51 6
49 51 6
49 51 6
49 51 6
49 51 6
49 51 6
49 51 6
49 51 6
49 51 6
49 51 6
49 51 6
49 51 6
49 51 6
49 51 6
49 51 6
49 51 6
49 51 6
49 51 6
49 51 6
49 51 6
49 51 6
49 51 6
49 51 6
49 51 6
49 51 6
49 51 6
3 79 6
3 79 6
3 79 6
3 79 6
3 79 6
3 79 6
3 79 6
3 79 6
3 79 6
37 87 16
37 87 6
37 87 6
37 87 6
37 87 6
37 87 6
37 87 6
37 87 6
37 87 6
37 87 6
37 87 6
37 87 6
37 87 6
37 87 6
37 87 6
37 87 6
37 87 6
37 87 6
37 87 6
37 87 6
37 87 6
37 87 6
37 87 6
37 87 6
37 87 6
37 87 6
37 87 6
37 87 6
37 87 6
37 87 6
37 87 6
37 87 6
37 87 6
37 87 6
37 87 6
37 87 6
37 87 6
37 87 6
37 87 6
37 87 6
37 87 6
37 87 6
37 87 6
37 87 6
37 87 6
37 87 6
37 87 6
37 87 6
37 87 6
37 87 6
37 87 6
37 87 6
37 87 6
37 87 6
37 87 6
37 87 6
37 87 6
37 87 6
37 87 6
37 87 6
37 87 6
37 87 6
37 87 6
37 87 6
37 87 6
37 87 6
37 87 6
37 87 6
37 87 6
37 87 6
37 87 6
37 87 6
37 87 6
37 87 6
37 87 6
37 87 6
37 87 6
37 87 6
37 87 6
37 87 6
37 87 6
37 87 6
37 87 6
37 87 6
37 87 6
37 87 6
37 87 6
37 87 6
37 87 6
37 87 6
37 87 6
37 87 6
37 87 6
37 87 6
37 87 6
37 87 6
37 87 6
37 87 6
37 87 6
37 87 6
37 87 6
37 87 6
37 87 6
37 87 6
37 87 6
37 87 6
37 87 6
37 87 6
37 87 6
37 87 6
37 87 6
37 87 6
37 87 6
37 87 6
37 87 6
37 87 6
37 87 6
37 87 6
37 87 6
37 87 6
37 87 6
37 87 6
37 87 6
37 87 6
37 87 6
37 87 6
37 87 6
37 87 6
37 87 6
37 87 6
37 87 6
37 87 6
37 87 6
37 87 6
37 87 6
37 87 6
37 87 6
37 87 6
37 87 6
37 87 6
37 87 6
37 87 6
37 87 6
37 87 6
37 87 6
37 87 6
37 87 6
37 87 6
37 87 6
37 87 6
37 87 6
37 87 6
37 87 6
37 87 6
37 87 6
37 87 6
37 87 6
37 87 6
37 87 6
37 87 6
37 87 6
37 87 6
37 87 6
37 87 6
37 87 6
37 87 6
37 87 6
3 93 16
3 93 6
3 93 6
3 93 6
3 93 6
3 93 6
3 93 6
3 93 6
3 93 6
3 93 6
3 93 6
3 93 6
3 93 6
3 93 6
3 93 6
3 93 6
3 93 6
3 93 6
3 93 6
3 93 6
3 93 6
3 93 6
3 93 6
3 93 6
3 93 6
3 93 6
3 93 6
3 93 6
3 93 6
3 93 6
3 93 6
3 93 6
3 93 6
3 93 6
3 93 6
3 93 6
3 93 6
3 93 6
3 93 6
3 93 6
3 93 6
3 93 6
3 93 6
3 93 6
3 93 6
3 93 6
3 93 6
3 93 6
3 93 6
3 93 6
3 93 6
3 93 6
3 93 6
3 93 6
3 93 6
3 93 6
3 93 6
3 93 6
3 93 6
3 93 6
3 93 6
3 93 6
3 93 6
3 93 6
3 93 6
3 93 6
3 93 6
3 93 6
3 93 6
3 93 6
3 93 6
3 93 6
3 93 6
3 93 6
3 93 6
3 93 6
3 93 6
3 93 6
3 93 6
3 93 6
3 93 6
3 93 6
3 93 6
3 93 6
3 93 6
3 93 6
3 93 6
3 93 6
3 93 6
3 93 6
3 93 6
3 93 6
3 93 6
3 93 6
3 93 6
3 93 6
3 93 6
3 93 6
3 93 6
3 93 6
3 93 6
3 93 6
3 93 6
3 93 6
3 93 6
3 93 6
3 93 6
3 93 6
3 93 6
3 93 6
3 93 6
3 93 6
3 93 6
3 93 6
3 93 6
3 93 6
3 93 6
3 93 6
3 93 6
3 93 6
3 93 6
3 93 6
3 93 6
3 93 6
3 93 6
3 93 6
3 93 6
3 93 6
3 93 6
3 93 6
3 93 6
3 93 6
3 93 6
3 93 6
3 93 6
3 93 6
3 93 6
3 93 6
3 93 6
3 93 6
3 93 6
3 93 6
3 93 6
3 93 6
3 93 6
3 93 6
3 93 6
3 93 6
3 93 6
3 93 6
3 93 6
3 93 6
3 93 6
3 93 6
3 93 6
3 93 6
3 93 6
3 93 6
3 93 6
3 93 6
3 93 6
3 93 6
3 93 6
3 93 6
3 93 6
3 93 6
3 93 6
3 93 6
3 93 6
3 93 6
3 93 6
3 93 6
3 93 6
3 93 6
3 93 6
3 93 6
3 93 6
3 93 6
3 93 6
3 93 6
3 93 6
3 93 6
3 93 6
3 93 6
3 93 6
3 93 6
3 93 6
3 93 6
3 93 6
3 93 6
3 93 6
3 93 6
49 67 16
49 67 6
49 67 6
49 67 6
49 67 6
49 67 6
49 67 6
49 67 6
49 67 6
49 67 6
49 67 6
49 67 6
49 67 6
49 67 6
49 67 6
49 67 6
49 67 6
49 67 6
49 67 6
49 67 6
49 67 6
49 67 6
49 67 6
49 67 6
49 67 6
49 67 6
49 67 6
49 67 6
49 67 6
49 67 6
49 67 6
49 67 6
49 67 6
49 67 6
49 67 6
49 67 6
49 67 6
49 67 6
49 67 6
49 67 6
49 67 6
49 67 6
49 67 6
49 67 6
49 67 6
49 67 6
49 67 6
49 67 6
49 67 6
49 67 6
49 67 6
49 67 6
49 67 6
49 67 6
49 67 6
49 67 6
49 67 6
49 67 6
49 67 6
49 67 6
49 67 6
49 67 6
49 67 6
49 67 6
49 67 6
49 67 6
49 67 6
49 67 6
49 67 6
49 67 6
49 67 6
49 67 6
49 67 6
49 67 6
49 67 6
49 67 6
49 67 6
49 67 6
49 67 6
49 67 6
49 67 6
49 67 6
49 67 6
49 67 6
49 67 6
49 67 6
49 67 6
49 67 6
49 67 6
49 67 6
49 67 6
49 67 6
49 67 6
49 67 6
49 67 6
49 67 6
49 67 6
49 67 6
49 67 6
49 67 6
49 67 6
49 67 6
49 67 6
49 67 6
49 67 6
49 67 6
49 67 6
49 67 6
49 67 6
49 67 6
49 67 6
49 67 6
49 67 6
49 67 6
49 67 6
49 67 6
49 67 6
49 67 6
49 67 6
49 67 6
49 67 6
49 67 6
49 67 6
49 67 6
49 67 6
49 67 6
49 67 6
49 67 6
49 67 6
49 67 6
49 67 6
49 67 6
49 67 6
49 67 6
49 67 6
49 67 6
49 67 6
49 67 6
49 67 6
49 67 6
49 67 6
49 67 6
49 67 6
49 67 6
49 67 6
49 67 6
49 67 6
49 67 6
49 67 6
49 67 6
49 67 6
49 67 6
49 67 6
49 67 6
49 67 6
49 67 6
49 67 6
49 67 6
49 67 6
49 67 6
49 67 6
49 67 6
49 67 6
49 67 6
49 67 6
49 67 6
49 67 6
49 67 6
49 67 6
49 67 6
49 67 6
49 67 6
49 67 6
49 67 6
49 67 6
49 67 6
49 67 6
49 67 6
49 67 6
49 67 6
49 67 6
49 67 6
49 67 6
49 67 6
49 67 6
49 67 6
49 67 6
49 67 6
49 67 6
49 67 6
49 67 6
49 67 6
49 67 6
49 67 6
49 67 6
49 67 6
49 67 6
49 67 6
49 67 6
49 67 6
49 67 6
49 67 6
49 67 6
15 86 6
15 86 6
15 86 6
15 86 6
15 86 6
15 86 6
15 86 6
15 86 6
15 86 6
15 86 6
15 86 6
15 86 6
15 86 6
15 86 6
15 86 6
15 86 6
15 86 6
15 86 6
15 86 6
15 86 6
15 86 6
15 86 6
15 86 6
15 86 6
15 86 6
15 86 6
15 86 6
15 86 6
15 86 6
15 86 6
15 86 6
15 86 6
15 86 6
15 86 6
15 86 6
15 86 6
15 86 6
15 86 6
15 86 6
15 86 6
15 86 6
15 86 6
15 86 6
15 86 6
15 86 6
15 86 6
15 86 6
15 86 6
15 86 6
15 86 6
15 86 6
15 86 6
15 86 6
15 86 6
15 86 6
15 86 6
15 86 6
15 86 6
15 86 6
15 86 6
15 86 6
15 86 6
15 86 6
15 86 6
15 86 6
15 86 6
15 86 6
15 86 6
15 86 6
15 86 6
15 86 6
15 86 6
15 86 6
15 86 6
15 86 6
15 86 6
15 86 6
15 86 6
15 86 6
15 86 6
15 86 6
15 86 6
15 86 6
15 86 6
15 86 6
15 86 6
15 86 6
15 86 6
15 86 6
15 86 6
15 86 6
15 86 6
15 86 6
15 86 6
15 86 6
15 86 6
15 86 6
15 86 6
15 86 6
15 86 6
15 86 6
15 86 6
15 86 6
15 86 6
15 86 6
15 86 6
15 86 6
15 86 6
15 86 6
15 86 6
15 86 6
60 13 6
60 13 6
60 13 6
60 13 6
60 13 6
60 13 6
60 13 6
60 13 6
60 13 6
60 13 6
60 13 6
60 13 6
60 13 6
60 13 6
60 13 6
60 13 6
60 13 6
60 13 6
60 13 6
60 13 6
60 13 6
60 13 6
60 13 6
60 13 6
60 13 6
60 13 6
60 13 6
60 13 6
60 13 6
60 13 6
60 13 6
60 13 6
60 13 6
60 13 6
60 13 6
60 13 6
60 13 6
60 13 6
60 13 6
60 13 6
60 13 6
60 13 6
60 13 6
60 13 6
60 13 6
60 13 6
60 13 6
60 13 6
60 13 6
60 13 6
60 13 6
60 13 6
60 13 6
60 13 6
60 13 6
60 13 6
60 13 6
60 13 6
60 13 6
60 13 6
60 13 6
60 13 6
60 13 6
60 13 6
60 13 6
60 13 6
60 13 6
60 13 6
60 13 6
60 13 6
60 13 6
60 13 6
60 13 6
60 13 6
60 13 6
60 13 6
60 13 6
60 13 6
60 13 6
60 13 6
60 13 6
60 13 6
60 13 6
60 13 6
60 13 6
60 13 6
60 13 6
60 13 6
60 13 6
60 13 6
60 13 6
60 13 6
60 13 6
60 13 6
60 13 6
60 13 6
60 13 6
60 13 6
60 13 6
60 13 6
60 13 6
60 13 6
60 13 6
60 13 6
60 13 6
60 13 6
60 13 6
60 13 6
60 13 6
60 13 6
60 13 6
60 13 6
60 13 6
60 13 6
60 13 6
60 13 6
60 13 6
60 13 6
60 13 6
60 13 6
60 13 6
60 13 6
60 13 6
60 13 6
60 13 6
60 13 6
60 13 6
60 13 6
60 13 6
60 13 6
60 13 6
60 13 6
60 13 6
60 13 6
60 13 6
60 13 6
60 13 6
60 13 6
60 13 6
60 13 6
60 13 6
60 13 6
60 13 6
60 13 6
60 13 6
60 13 6
60 13 6
60 13 6
60 13 6
60 13 6
60 13 6
60 13 6
60 13 6
60 13 6
60 13 6
60 13 6
60 13 6
60 13 6
60 13 6
60 13 6
60 13 6
60 13 6
60 13 6
60 13 6
60 13 6
60 13 6
60 13 6
60 13 6
60 13 6
60 13 6
60 13 6
60 13 6
60 13 6
60 13 6
60 13 6
60 13 6
60 13 6
60 13 6
60 13 6
60 13 6
60 13 6
60 13 6
60 13 6
60 13 6
60 13 6
60 13 6
60 13 6
60 13 6
60 13 6
60 13 6
60 13 6
60 13 6
60 13 6
60 13 6
60 13 6
60 13 6
60 13 6
60 13 6
60 13 6
60 13 6
60 13 6
60 13 6
60 13 6
60 13 6
60 13 6
60 13 6
60 13 6
60 13 6
60 13 6
60 13 6
60 13 6
60 13 6
60 13 6
60 13 6
60 13 6
60 13 6
60 13 6
60 13 6
60 13 6
60 13 6
60 13 6
60 13 6
60 13 6
60 13 6
60 13 6
60 13 6
60 13 6
60 13 6
60 13 6
60 13 6
60 13 6
60 13 6
60 13 6
60 13 6
60 13 6
60 13 6
60 13 6
60 13 6
60 13 6
60 13 6
60 13 6
60 13 6
60 13 6
60 13 6
60 13 6
60 13 6
60 13 6
60 13 6
60 13 6
60 13 6
60 13 6
60 13 6
60 13 6
60 13 6
60 13 6
60 13 6
60 13 6
60 13 6
60 13 6
60 13 6
60 13 6
60 13 6
60 13 6
60 13 6
60 13 6
60 13 6
60 13 6
60 13 6
60 13 6
60 13 6
60 13 6
60 13 6
60 13 6
60 13 6
60 13 6
60 13 6
60 13 6
60 13 6
60 13 6
60 13 6
60 13 6
60 13 6
60 13 6
60 13 6
60 13 6
60 13 6
60 13 6
60 13 6
60 13 6
60 13 6
60 13 6
60 13 6
60 13 6
60 13 6
60 13 6
60 13 6
60 13 6
60 13 6
60 13 6
60 13 6
60 13 6
60 13 6
60 13 6
60 13 6
60 13 6
60 13 6
60 13 6
60 13 6
60 13 6
60 13 6
60 13 6
60 13 6
60 13 6
60 13 6
38 73 6
38 73 6
38 73 6
38 73 6
38 73 6
38 73 6
38 73 6
38 73 6
38 73 6
38 73 6
38 73 6
38 73 6
38 73 6
38 73 6
38 73 6
38 73 6
38 73 6
36 42 6
36 42 6
36 42 6
36 42 6
36 42 6
36 42 6
36 42 6
36 42 6
36 42 6
36 42 6
36 42 6
36 42 6
36 42 6
36 42 6
36 42 6
36 42 6
36 42 6
36 42 6
36 42 6
36 42 6
36 42 6
36 42 6
36 42 6
36 42 6
36 42 6
36 42 6
36 42 6
36 42 6
36 42 6
36 42 6
36 42 6
36 42 6
36 42 6
36 42 6
36 42 6
36 42 6
36 42 6
36 42 6
36 42 6
36 42 6
36 42 6
36 42 6
36 42 6
36 42 6
36 42 6
36 42 6
36 42 6
36 42 6
36 42 6
36 42 6
36 42 6
36 42 6
36 42 6
36 42 6
36 42 6
36 42 6
36 42 6
36 42 6
36 42 6
36 42 6
36 42 6
36 42 6
36 42 6
36 42 6
36 42 6
36 42 6
36 42 6
36 42 6
36 42 6
36 42 6
36 42 6
36 42 6
36 42 6
36 42 6
36 42 6
36 42 6
36 42 6
36 42 6
36 42 6
36 42 6
36 42 6
36 42 6
36 42 6
36 42 6
36 42 6
36 42 6
36 42 6
36 42 6
36 42 6
36 42 6
36 42 6
36 42 6
36 42 6
36 42 6
36 42 6
36 42 6
36 42 6
36 42 6
36 42 6
36 42 6
36 42 6
36 42 6
36 42 6
36 42 6
36 42 6
36 42 6
36 42 6
36 42 6
36 42 6
36 42 6
36 42 6
36 42 6
36 42 6
36 42 6
36 42 6
36 42 6
36 42 6
36 42 6
36 42 6
36 42 6
36 42 6
36 42 6
36 42 6
36 42 6
36 42 6
36 42 6
36 42 6
36 42 6
36 42 6
36 42 6
36 42 6
36 42 6
36 42 6
36 42 6
36 42 6
36 42 6
36 42 6
36 42 6
36 42 6
36 42 6
36 42 6
36 42 6
36 42 6
36 42 6
36 42 6
36 42 6
36 42 6
36 42 6
36 42 6
36 42 6
36 42 6
36 42 6
36 42 6
36 42 6
36 42 6
36 42 6
36 42 6
36 42 6
36 42 6
36 42 6
36 42 6
36 42 6
36 42 6
36 42 6
36 42 6
36 42 6
36 42 6
36 42 6
34 26 6
34 26 6
34 26 6
34 26 6
34 26 6
34 26 6
34 26 6
34 26 6
34 26 6
34 26 6
34 26 6
34 26 6
34 26 6
34 26 6
34 26 6
34 26 6
34 26 6
34 26 6
34 26 6
34 26 6
34 26 6
34 26 6
34 26 6
34 26 6
34 26 6
34 26 6
34 26 6
34 26 6
34 26 6
34 26 6
34 26 6
34 26 6
34 26 6
34 26 6
34 26 6
34 26 6
34 26 6
34 26 6
34 26 6
34 26 6
34 26 6
34 26 6
34 26 6
34 26 6
34 26 6
34 26 6
34 26 6
34 26 6
34 26 6
34 26 6
34 26 6
34 26 6
34 26 6
34 26 6
34 26 6
34 26 6
34 26 6
34 26 6
34 26 6
34 26 6
34 26 6
34 26 6
34 26 6
34 26 6
34 26 6
34 26 6
34 26 6
34 26 6
34 26 6
34 26 6
34 26 6
34 26 6
34 26 6
34 26 6
34 26 6
34 26 6
34 26 6
34 26 6
34 26 6
34 26 6
34 26 6
34 26 6
34 26 6
34 26 6
34 26 6
34 26 6
34 26 6
34 26 6
34 26 6
34 26 6
34 26 6
34 26 6
34 26 6
34 26 6
34 26 6
26 93 6
26 93 6
26 93 6
26 93 6
26 93 6
26 93 6
26 93 6
26 93 6
26 93 6
26 93 6
26 93 6
26 93 6
26 93 6
26 93 6
26 93 6
26 93 6
26 93 6
26 93 6
26 93 6
26 93 6
26 93 6
26 93 6
26 93 6
26 93 6
26 93 6
26 93 6
26 93 6
26 93 6
26 93 6
26 93 6
26 93 6
26 93 6
26 93 6
26 93 6
26 93 6
26 93 6
26 93 6
26 93 6
26 93 6
26 93 6
26 93 6
26 93 6
26 93 6
26 93 6
26 93 6
26 93 6
26 93 6
26 93 6
26 93 6
26 93 6
26 93 6
26 93 6
26 93 6
26 93 6
26 93 6
26 93 6
26 93 6
26 93 6
26 93 6
26 93 6
26 93 6
26 93 6
26 93 6
26 93 6
26 93 6
26 93 6
26 93 6
26 93 6
26 93 6
26 93 6
26 93 6
26 93 6
26 93 6
26 93 6
26 93 6
26 93 6
26 93 6
26 93 6
26 93 6
26 93 6
26 93 6
26 93 6
26 93 6
26 93 6
26 93 6
26 93 6
26 93 6
26 93 6
26 93 6
26 93 6
26 93 6
26 93 6
26 93 6
26 93 6
26 93 6
26 93 6
26 93 6
26 93 6
26 93 6
26 93 6
26 93 6
26 93 6
26 93 6
26 93 6
26 93 6
26 93 6
26 93 6
26 93 6
26 93 6
26 93 6
26 93 6
26 93 6
26 93 6
26 93 6
26 93 6
26 93 6
26 93 6
26 93 6
26 93 6
26 93 6
26 93 6
26 93 6
26 93 6
26 93 6
26 93 6
26 93 6
26 93 6
26 93 6
26 93 6
26 93 6
26 93 6
26 93 6
26 93 6
26 93 6
26 93 6
26 93 6
26 93 6
26 93 6
26 93 6
26 93 6
26 93 6
26 93 6
26 93 6
26 93 6
26 93 6
26 93 6
26 93 6
26 93 6
26 93 6
26 93 6
26 93 6
26 93 6
26 93 6
26 93 6
26 93 6
26 93 6
26 93 6
26 93 6
26 93 6
26 93 6
26 93 6
26 93 6
26 93 6
26 93 6
26 93 6
26 93 6
26 93 6
26 93 6
26 93 6
26 93 6
26 93 6
26 93 6
26 93 6
26 93 6
26 93 6
26 93 6
26 93 6
26 93 6
26 93 6
26 93 6
26 93 6
26 93 6
26 93 6
26 93 6
26 93 6
26 93 6
26 93 6
26 93 6
26 93 6
26 93 6
26 93 6
26 93 6
26 93 6
26 93 6
26 93 6
26 93 6
26 93 6
26 93 6
26 93 6
26 93 6
26 93 6
26 93 6
26 93 6
26 93 6
26 93 6
26 93 6
26 93 6
26 93 6
26 93 6
26 93 6
26 93 6
26 93 6
26 93 6
26 93 6
26 93 6
26 93 6
26 93 6
26 93 6
26 93 6
26 93 6
26 93 6
26 93 6
26 93 6
26 93 6
26 93 6
26 93 6
26 93 6
26 93 6
26 93 6
26 93 6
26 93 6
26 93 6
26 93 6
26 93 6
26 93 6
26 93 6
26 93 6
26 93 6
26 93 6
26 93 6
26 93 6
26 93 6
26 93 6
26 93 6
26 93 6
26 93 6
26 93 6
26 93 6
26 93 6
26 93 6
26 93 6
26 93 6
26 93 6
26 93 6
26 93 6
26 93 6
26 93 6
26 93 6
26 93 6
26 93 6
26 93 6
26 93 6
26 93 6
49 81 260
49 81 6
49 81 6
49 81 6
49 81 6
49 81 6
49 81 6
49 81 6
49 81 6
49 81 6
49 81 6
49 81 6
49 81 6
49 81 6
49 81 6
49 81 6
49 81 6
49 81 6
49 81 6
49 81 6
49 81 6
49 81 6
49 81 6
49 81 6
49 81 6
49 81 6
49 81 6
49 81 6
49 81 6
49 81 6
49 81 6
49 81 6
49 81 6
49 81 6
49 81 6
49 81 6
49 81 6
49 81 6
49 81 6
49 81 6
49 81 6
49 81 6
49 81 6
49 81 6
49 81 6
49 81 6
49 81 6
49 81 6
49 81 6
49 81 6
49 81 6
49 81 6
49 81 6
49 81 6
49 81 6
49 81 6
49 81 6
49 81 6
49 81 6
49 81 6
49 81 6
49 81 6
49 81 6
49 81 6
49 81 6
49 81 6
49 81 6
49 81 6
49 81 6
49 81 6
49 81 6
49 81 6
49 81 6
49 81 6
49 81 6
49 81 6
49 81 6
49 81 6
49 81 6
49 81 6
49 81 6
49 81 6
49 81 6
49 81 6
49 81 6
49 81 6
49 81 6
49 81 6
49 81 6
49 81 6
49 81 6
49 81 6
49 81 6
49 81 6
49 81 6
49 81 6
49 81 6
49 81 6
49 81 6
49 81 6
49 81 6
49 81 6
49 81 6
49 81 6
49 81 6
49 81 6
49 81 6
49 81 6
49 81 6
49 81 6
49 81 6
49 81 6
49 81 6
49 81 6
49 81 6
49 81 6
49 81 6
49 81 6
49 81 6
49 81 6
49 81 6
49 81 6
49 81 6
49 81 6
49 81 6
49 81 6
49 81 6
49 81 6
49 81 6
49 81 6
49 81 6
49 81 6
49 81 6
49 81 6
49 81 6
49 81 6
49 81 6
49 81 6
49 81 6
49 81 6
49 81 6
49 81 6
49 81 6
49 81 6
49 81 6
49 81 6
49 81 6
49 81 6
49 81 6
49 81 6
49 81 6
49 81 6
49 81 6
49 81 6
49 81 6
49 81 6
49 81 6
49 81 6
49 81 6
49 81 6
49 81 6
49 81 6
49 81 6
49 81 6
49 81 6
49 81 6
49 81 6
49 81 6
49 81 6
49 81 6
49 81 6
49 81 6
49 81 6
49 81 6
49 81 6
49 81 6
49 81 6
49 81 6
49 81 6
49 81 6
49 81 6
49 81 6
49 81 6
49 81 6
49 81 6
49 81 6
49 81 6
49 81 6
49 81 6
49 81 6
49 81 6
49 81 6
49 81 6
49 81 6
49 81 6
49 81 6
47 19 6
47 19 6
47 19 6
47 19 6
47 19 6
47 19 6
47 19 6
47 19 6
47 19 6
47 19 6
47 19 6
47 19 6
47 19 6
47 19 6
47 19 6
47 19 6
47 19 6
47 19 6
47 19 6
47 19 6
47 19 6
47 19 6
47 19 6
47 19 6
47 19 6
47 19 6
47 19 6
47 19 6
47 19 6
47 19 6
47 19 6
47 19 6
47 19 6
47 19 6
47 19 6
47 19 6
47 19 6
47 19 6
47 19 6
47 19 6
47 19 6
47 19 6
47 19 6
47 19 6
47 19 6
47 19 6
47 19 6
47 19 6
47 19 6
47 19 6
47 19 6
47 19 6
47 19 6
47 19 6
47 19 6
47 19 6
47 19 6
47 19 6
47 19 6
47 19 6
47 19 6
47 19 6
47 19 6
47 19 6
47 19 6
47 19 6
47 19 6
47 19 6
47 19 6
47 19 6
47 19 6
47 19 6
47 19 6
47 19 6
47 19 6
47 19 6
47 19 6
47 19 6
47 19 6
47 19 6
47 19 6
47 19 6
47 19 6
47 19 6
47 19 6
47 19 6
47 19 6
47 19 6
47 19 6
47 19 6
47 19 6
47 19 6
47 19 6
47 19 6
47 19 6
47 19 6
47 19 6
47 19 6
47 19 6
47 19 6
47 19 6
47 19 6
47 19 6
47 19 6
47 19 6
47 19 6
47 19 6
47 19 6
47 19 6
47 19 6
47 19 6
47 19 6
47 19 6
47 19 6
47 19 6
47 19 6
47 19 6
47 19 6
47 19 6
47 19 6
47 19 6
47 19 6
47 19 6
47 19 6
47 19 6
47 19 6
47 19 6
47 19 6
47 19 6
47 19 6
47 19 6
47 19 6
47 19 6
47 19 6
47 19 6
47 19 6
47 19 6
47 19 6
47 19 6
47 19 6
47 19 6
47 19 6
47 19 6
47 19 6
47 19 6
47 19 6
47 19 6
47 19 6
47 19 6
47 19 6
47 19 6
47 19 6
47 19 6
47 19 6
47 19 6
47 19 6
47 19 6
47 19 6
47 19 6
47 19 6
47 19 6
47 19 6
47 19 6
47 19 6
47 19 6
47 19 6
47 19 6
47 19 6
47 19 6
47 19 6
47 19 6
47 19 6
47 19 6
47 19 6
47 19 6
47 19 6
47 19 6
47 19 6
47 19 6
47 19 6
47 19 6
47 19 6
47 19 6
47 19 6
47 19 6
47 19 6
47 19 6
47 19 6
47 19 6
47 19 6
47 19 6
47 19 6
47 19 6
47 19 6
47 19 6
47 19 6
47 19 6
47 19 6
47 19 6
47 19 6
47 19 6
47 19 6
47 19 6
47 19 6
47 19 6
47 19 6
47 19 6
47 19 6
47 19 6
47 19 6
47 19 6
47 19 6
47 19 6
47 19 6
47 19 6
47 19 6
47 19 6
47 19 6
47 19 6
47 19 6
47 19 6
47 19 6
47 19 6
47 19 6
47 19 6
47 19 6
47 19 6
47 19 6
47 19 6
47 19 6
47 19 6
47 19 6
47 19 6
47 19 6
47 19 6
47 19 6
47 19 6
47 19 6
47 19 6
47 19 6
47 19 6
47 19 6
47 19 6
47 19 6
47 19 6
47 19 6
47 19 6
47 19 6
47 19 6
47 19 6
47 19 6
47 19 6
47 19 6
47 19 6
47 19 6
47 19 6
47 19 6
47 19 6
47 19 6
47 19 6
47 19 6
47 19 6
47 19 6
47 19 6
47 19 6
47 19 6
47 19 6
47 19 6
47 19 6
47 19 6
47 19 6
47 19 6
47 19 6
47 19 6
47 19 6
47 19 6
47 19 6
47 19 6
47 19 6
47 19 6
47 19 6
47 19 6
47 19 6
47 19 6
47 19 6
47 19 6
47 19 6
47 19 6
47 19 6
47 19 6
47 19 6
47 19 6
47 19 6
47 19 6
47 19 6
47 19 6
47 19 6
47 19 6
47 19 6
47 19 6
47 19 6
47 19 6
47 19 6
47 19 6
47 19 6
47 19 6
47 19 6
47 19 6
47 19 6
47 19 6
47 19 6
47 19 6
47 19 6
47 19 6
47 19 6
47 19 6
47 19 6
47 19 6
47 19 6
47 19 6
47 19 6
47 19 6
47 19 6
47 19 6
47 19 6
47 19 6
47 19 6
47 19 6
47 19 6
47 19 6
47 19 6
47 19 6
47 19 6
47 19 6
47 19 6
47 19 6
47 19 6
47 19 6
47 19 6
47 19 6
47 19 6
47 19 6
47 19 6
47 19 6
47 19 6
47 19 6
47 19 6
47 19 6
47 19 6
47 19 6
47 19 6
47 19 6
75 22 16
75 22 6
75 22 6
75 22 6
75 22 6
75 22 6
75 22 6
75 22 6
75 22 6
75 22 6
75 22 6
75 22 6
75 22 6
75 22 6
75 22 6
75 22 6
75 22 6
75 22 6
75 22 6
75 22 6
75 22 6
75 22 6
75 22 6
75 22 6
75 22 6
75 22 6
75 22 6
75 22 6
75 22 6
75 22 6
75 22 6
75 22 6
75 22 6
75 22 6
75 22 6
75 22 6
75 22 6
75 22 6
75 22 6
75 22 6
75 22 6
75 22 6
89 32 16
75 38 16
75 38 6
75 38 6
89 47 16
89 47 6
89 47 6
89 47 6
89 47 6
89 47 6
89 47 6
89 47 6
99 144 15
99 143 15
100 143 15
101 143 15
102 143 15
102 142 15
103 142 15
104 142 15
104 141 15
105 141 15
105 140 15
106 140 15
106 139 15
106 139 7
106 138 15
106 138 7
106 137 15
106 137 7
106 136 15
106 136 7
107 136 15
107 136 7
107 135 15
107 135 7
107 134 15
107 134 7
107 133 15
107 133 7
107 132 15
107 132 7
107 131 15
107 131 7
107 130 15
107 130 7
107 129 15
107 128 15
107 127 15
107 126 15
107 125 15
107 124 15
107 123 15
107 122 15
107 121 18
107 120 22
107 119 25
107 118 27
107 117 27
107 116 26
107 115 25
107 114 23
107 113 20
107 112 18
107 111 15
107 109 15
107 108 15
107 107 15
107 106 15
107 105 15
107 104 15
107 103 15
107 102 15
107 101 15
107 100 15
107 99 15
106 98 15
105 98 15
104 98 15
104 97 15
104 96 15
103 96 15
102 96 15
102 95 15
102 94 15
102 93 15
102 92 15
102 91 15
102 90 15
102 89 15
102 88 15
102 87 15
102 86 15
102 85 15
102 85 7
102 84 18
102 84 7
102 83 26
102 82 35
102 81 44
102 80 53
102 79 63
102 78 73
102 77 83
102 76 94
102 75 104
102 74 113
102 73 123
102 72 132
102 71 140
102 70 147
102 69 154
102 68 161
102 68 7
102 68 7
102 68 7
102 68 7
102 67 167
102 67 7
102 67 7
102 67 7
102 67 7
102 67 7
102 67 7
102 67 7
102 67 7
102 67 7
102 67 7
102 66 172
102 66 7
102 66 7
102 66 7
102 66 7
102 66 7
102 66 7
102 66 7
102 66 7
102 66 7
102 66 7
102 66 7
102 66 7
102 66 7
102 66 7
102 66 7
102 66 7
102 66 7
102 66 7
102 65 177
102 65 7
102 65 7
102 65 7
102 65 7
102 65 7
102 65 7
102 65 7
102 65 7
102 65 7
102 65 7
102 65 7
102 65 7
102 65 7
102 65 7
102 65 7
102 65 7
102 65 7
102 65 7
102 65 7
102 65 7
102 65 7
102 65 7
102 65 7
102 65 7
102 65 7
102 65 7
102 64 182
102 64 7
102 64 7
102 64 7
102 64 7
102 64 7
102 64 7
102 64 7
102 64 7
102 64 7
102 64 7
102 64 7
102 64 7
102 64 7
102 64 7
102 64 7
102 64 7
102 64 7
102 64 7
102 64 7
102 64 7
102 64 7
102 64 7
102 64 7
102 64 7
102 64 7
102 64 7
102 64 7
102 64 7
102 64 7
102 64 7
102 64 7
102 64 7
102 64 7
102 64 7
102 63 187
102 63 7
102 63 7
102 63 7
102 63 7
102 63 7
102 63 7
102 63 7
102 63 7
102 63 7
102 63 7
102 63 7
102 63 7
102 63 7
102 63 7
102 63 7
102 63 7
102 63 7
102 63 7
102 63 7
102 63 7
102 63 7
102 63 7
102 63 7
102 63 7
102 63 7
102 63 7
102 63 7
102 63 7
102 63 7
102 63 7
102 63 7
102 63 7
102 63 7
102 63 7
102 63 7
102 63 7
102 63 7
102 63 7
102 63 7
102 63 7
102 63 7
102 63 7
102 62 191
102 62 7
102 62 7
102 62 7
102 62 7
102 62 7
102 62 7
102 62 7
102 62 7
102 62 7
102 62 7
102 62 7
102 62 7
102 62 7
102 62 7
102 62 7
102 62 7
102 62 7
102 62 7
102 62 7
102 62 7
102 62 7
102 62 7
102 62 7
102 62 7
102 62 7
102 62 7
102 62 7
102 62 7
102 62 7
102 62 7
102 62 7
102 62 7
102 62 7
102 62 7
102 62 7
102 62 7
102 62 7
102 62 7
102 62 7
102 62 7
102 62 7
102 62 7
102 62 7
102 62 7
102 62 7
102 62 7
102 62 7
102 62 7
102 61 196
102 61 7
102 61 7
102 61 7
102 61 7
102 61 7
102 61 7
102 61 7
102 61 7
102 61 7
102 61 7
102 61 7
102 61 7
102 61 7
102 61 7
102 61 7
102 61 7
102 61 7
102 61 7
102 61 7
102 61 7
102 61 7
102 61 7
102 61 7
102 61 7
102 61 7
102 61 7
102 61 7
102 61 7
102 61 7
102 61 7
102 61 7
102 61 7
102 61 7
102 61 7
102 61 7
102 61 7
102 61 7
102 61 7
102 61 7
102 61 7
102 61 7
102 61 7
102 61 7
102 61 7
102 61 7
102 61 7
102 61 7
102 61 7
102 61 7
102 61 7
102 61 7
102 60 202
102 60 7
102 60 7
102 60 7
102 60 7
102 60 7
102 60 7
102 60 7
102 60 7
102 60 7
102 60 7
102 60 7
102 60 7
102 60 7
102 60 7
102 60 7
102 60 7
102 60 7
102 60 7
102 60 7
102 60 7
102 60 7
102 60 7
102 60 7
102 60 7
102 60 7
102 60 7
102 60 7
102 60 7
102 60 7
102 60 7
102 60 7
102 60 7
102 60 7
102 60 7
102 60 7
102 60 7
102 60 7
102 60 7
102 60 7
102 60 7
102 60 7
102 60 7
102 60 7
102 60 7
102 60 7
102 60 7
102 60 7
102 60 7
102 60 7
102 60 7
102 60 7
102 59 209
102 59 7
102 59 7
102 59 7
102 59 7
102 59 7
102 59 7
102 59 7
102 59 7
102 59 7
102 59 7
102 59 7
102 59 7
102 59 7
102 59 7
102 59 7
102 59 7
102 59 7
102 59 7
102 59 7
102 59 7
102 59 7
102 59 7
102 59 7
102 59 7
102 59 7
102 59 7
102 59 7
102 59 7
102 59 7
102 59 7
102 59 7
102 59 7
102 59 7
102 59 7
102 59 7
102 59 7
102 59 7
102 59 7
102 59 7
102 59 7
102 59 7
102 59 7
102 59 7
102 59 7
102 59 7
102 59 7
102 59 7
102 58 216
102 58 7
102 58 7
102 58 7
102 58 7
102 58 7
102 58 7
102 58 7
102 58 7
102 58 7
102 58 7
102 58 7
102 58 7
102 58 7
102 58 7
102 58 7
102 58 7
102 58 7
102 58 7
102 58 7
102 58 7
102 58 7
102 58 7
102 58 7
102 58 7
102 58 7
102 58 7
102 58 7
102 58 7
102 58 7
102 58 7
102 58 7
102 58 7
102 58 7
102 58 7
102 58 7
102 58 7
102 58 7
102 58 7
102 58 7
102 58 7
102 57 224
102 57 7
102 57 7
102 57 7
102 57 7
102 57 7
102 57 7
102 57 7
102 57 7
102 57 7
102 57 7
102 57 7
102 57 7
102 57 7
102 57 7
102 57 7
102 57 7
102 57 7
102 57 7
102 57 7
102 57 7
102 57 7
102 57 7
102 57 7
102 57 7
102 57 7
102 57 7
102 57 7
102 57 7
102 57 7
102 57 7
102 57 7
102 56 234
102 56 7
102 56 7
102 56 7
102 56 7
102 56 7
102 56 7
102 56 7
102 56 7
102 56 7
102 56 7
102 56 7
102 56 7
102 56 7
102 56 7
102 56 7
102 56 7
102 56 7
102 56 7
102 56 7
102 56 7
102 56 7
102 55 246
102 55 7
102 55 7
102 55 7
102 55 7
102 55 7
102 55 7
102 55 7
102 55 7
102 55 7
102 55 7
76 22 163
76 22 7
76 22 7
76 22 7
76 22 7
76 22 7
76 22 7
77 22 85
77 22 7
77 22 7
77 22 7
77 22 7
77 22 7
77 22 7
77 22 7
77 22 7
77 22 7
77 22 7
77 22 7
77 22 7
77 23 20
77 23 7
77 23 7
77 23 7
77 23 7
77 23 7
77 23 7
77 23 7
77 23 7
77 23 7
77 23 7
77 23 7
77 23 7
77 23 7
77 23 7
77 23 7
77 23 7
77 23 7
77 23 7
77 24 15
77 24 7
77 24 7
77 24 7
77 24 7
77 24 7
77 24 7
77 24 7
77 24 7
77 24 7
77 24 7
77 24 7
77 24 7
77 24 7
77 24 7
77 24 7
77 24 7
77 24 7
78 24 15
78 24 7
78 24 7
78 24 7
78 24 7
78 24 7
78 24 7
78 24 7
78 24 7
78 24 7
78 24 7
78 24 7
78 24 7
78 24 7
78 24 7
79 24 15
79 24 7
79 24 7
79 24 7
79 24 7
79 24 7
79 24 7
79 24 7
79 24 7
79 24 7
79 24 7
79 24 7
79 24 7
80 24 15
80 24 7
80 24 7
80 24 7
80 24 7
80 24 7
80 24 7
80 24 7
80 24 7
80 24 7
80 24 7
80 25 15
80 25 7
80 25 7
80 25 7
80 25 7
80 25 7
80 25 7
80 25 7
80 25 7
80 25 7
81 25 15
81 25 7
81 25 7
81 25 7
81 25 7
81 25 7
81 25 7
81 25 7
81 25 7
81 26 15
81 26 7
81 26 7
81 26 7
81 26 7
81 26 7
81 26 7
81 26 7
81 27 15
81 27 7
81 27 7
81 27 7
81 27 7
81 27 7
81 27 7
82 27 15
82 27 7
82 27 7
82 27 7
82 27 7
82 27 7
82 28 15
82 28 7
82 28 7
82 28 7
82 28 7
82 28 7
82 29 15
82 29 7
82 29 7
82 29 7
82 29 7
82 30 15
82 30 7
82 30 7
82 30 7
83 30 15
83 30 7
83 30 7
83 30 7
83 31 15
83 31 7
83 31 7
84 31 15
84 31 7
84 31 7
84 32 15
84 32 7
85 32 15
85 32 7
86 32 15
86 32 7
87 32 15
87 32 7
88 32 15
89 33 15
89 34 15
89 35 15
89 36 15
89 37 15
89 38 15
89 39 15
89 40 15
89 41 15
89 42 15
89 43 15
89 43 7
89 44 18
89 44 7
89 45 28
89 46 41
90 47 59
91 47 68
91 48 76
92 48 84
92 49 90
93 49 99
93 50 103
93 51 111
93 51 7
93 51 7
94 51 116
94 52 122
94 52 7
94 52 7
94 52 7
94 52 7
95 52 128
95 52 7
95 52 7
95 52 7
95 53 133
95 53 7
95 53 7
95 53 7
95 53 7
95 53 7
95 53 7
95 53 7
95 53 7
96 53 139
96 53 7
96 53 7
96 53 7
96 53 7
96 53 7
96 53 7
96 53 7
96 54 143
96 54 7
96 54 7
96 54 7
96 54 7
96 54 7
96 54 7
96 54 7
96 54 7
96 54 7
96 54 7
96 54 7
96 54 7
96 54 7
96 54 7
97 54 151
97 54 7
97 54 7
97 54 7
97 54 7
97 54 7
97 54 7
97 54 7
97 54 7
97 54 7
97 54 7
97 54 7
97 54 7
97 54 7
97 54 7
98 54 164
98 54 7
98 54 7
98 54 7
98 54 7
98 54 7
98 54 7
98 54 7
98 54 7
98 54 7
98 54 7
98 54 7
98 54 7
98 54 7
99 54 181
99 54 7
99 54 7
99 54 7
99 54 7
99 54 7
99 54 7
99 54 7
99 54 7
99 54 7
99 54 7
99 54 7
100 54 203
100 54 7
100 54 7
100 54 7
100 54 7
100 54 7
100 54 7
100 54 7
100 54 7
100 54 7
101 54 229
101 54 7
101 54 7
101 54 7
101 54 7
101 54 7
75 21 331
75 20 405
75 19 482
75 18 559
75 17 636
75 16 710
75 15 782
75 14 849
75 13 910
75 12 966
75 11 1014
75 10 1055
75 9 1089
75 8 1115
75 7 1134
75 6 1146
75 5 1152
75 4 1152
74 4 1147
74 3 1134
74 2 1118
73 2 1094
73 1 1067
72 1 1032
71 1 994
71 0 952
70 0 903
69 0 850
68 0 795
67 0 737
66 0 677
65 0 615
64 0 551
63 0 486
62 0 420
61 0 354
60 0 288
58 0 161
58 0 7
58 0 7
58 0 7
58 0 7
58 0 7
58 0 7
58 0 7
58 0 7
58 0 7
58 0 7
58 0 7
57 0 100
57 0 7
57 0 7
57 0 7
57 0 7
57 0 7
57 0 7
57 0 7
57 0 7
57 0 7
57 0 7
57 0 7
57 0 7
57 0 7
57 0 7
57 0 7
57 0 7
57 0 7
57 0 7
57 0 7
57 0 7
57 0 7
57 0 7
56 0 43
56 0 7
56 0 7
56 0 7
56 0 7
56 0 7
56 0 7
56 0 7
56 0 7
56 0 7
56 0 7
56 0 7
56 0 7
56 0 7
56 0 7
56 0 7
56 0 7
56 0 7
56 0 7
56 0 7
56 0 7
56 0 7
56 0 7
56 0 7
56 0 7
56 0 7
56 0 7
56 0 7
56 0 7
56 0 7
56 0 7
56 0 7
56 0 7
55 0 15
55 0 7
55 0 7
55 0 7
55 0 7
55 0 7
55 0 7
55 0 7
55 0 7
55 0 7
55 0 7
55 0 7
55 0 7
55 0 7
55 0 7
55 0 7
55 0 7
55 0 7
55 0 7
55 0 7
55 0 7
55 0 7
55 0 7
55 0 7
55 0 7
55 0 7
55 0 7
55 0 7
55 0 7
55 0 7
55 0 7
55 0 7
55 0 7
55 0 7
55 0 7
55 0 7
55 0 7
55 0 7
55 0 7
54 0 15
54 0 7
54 0 7
54 0 7
54 0 7
54 0 7
54 0 7
54 0 7
54 0 7
54 0 7
54 0 7
54 0 7
54 0 7
54 0 7
54 0 7
54 0 7
54 0 7
54 0 7
54 0 7
54 0 7
54 0 7
54 0 7
54 0 7
54 0 7
54 0 7
54 0 7
54 0 7
54 0 7
54 0 7
54 0 7
54 0 7
54 0 7
54 0 7
54 0 7
54 0 7
54 0 7
54 0 7
54 0 7
54 0 7
54 0 7
53 0 15
53 0 7
53 0 7
53 0 7
53 0 7
53 0 7
53 0 7
53 0 7
53 0 7
53 0 7
53 0 7
53 0 7
53 0 7
53 0 7
53 0 7
53 0 7
53 0 7
53 0 7
53 0 7
53 0 7
53 0 7
53 0 7
53 0 7
53 0 7
53 0 7
53 0 7
53 0 7
53 0 7
53 0 7
53 0 7
53 0 7
53 0 7
53 0 7
53 0 7
53 0 7
53 0 7
53 0 7
53 0 7
53 0 7
53 0 7
52 0 15
52 0 7
52 0 7
52 0 7
52 0 7
52 0 7
52 0 7
52 0 7
52 0 7
52 0 7
52 0 7
52 0 7
52 0 7
52 0 7
52 0 7
52 0 7
52 0 7
52 0 7
52 0 7
52 0 7
52 0 7
52 0 7
52 0 7
52 0 7
52 0 7
52 0 7
52 0 7
52 0 7
52 0 7
52 0 7
52 0 7
52 0 7
52 0 7
52 0 7
52 0 7
52 0 7
52 0 7
52 0 7
52 0 7
51 0 15
51 0 7
51 0 7
51 0 7
51 0 7
51 0 7
51 0 7
51 0 7
51 0 7
51 0 7
51 0 7
51 0 7
51 0 7
51 0 7
51 0 7
51 0 7
51 0 7
51 0 7
51 0 7
51 0 7
51 0 7
51 0 7
51 0 7
51 0 7
51 0 7
51 0 7
51 0 7
51 0 7
51 0 7
51 0 7
51 0 7
51 0 7
51 0 7
51 0 7
51 0 7
51 0 7
50 0 15
50 0 7
50 0 7
50 0 7
50 0 7
50 0 7
50 0 7
50 0 7
50 0 7
50 0 7
50 0 7
50 0 7
50 0 7
50 0 7
50 0 7
50 0 7
50 0 7
50 0 7
50 0 7
50 0 7
50 0 7
50 0 7
50 0 7
50 0 7
50 0 7
50 0 7
50 0 7
50 0 7
50 0 7
50 0 7
50 0 7
50 0 7
49 0 15
49 0 7
49 0 7
49 0 7
49 0 7
49 0 7
49 0 7
49 0 7
49 0 7
49 0 7
49 0 7
49 0 7
49 0 7
49 0 7
49 0 7
49 0 7
49 0 7
49 0 7
49 0 7
49 0 7
49 0 7
49 0 7
49 0 7
49 0 7
49 0 7
49 0 7
49 0 7
48 0 15
48 0 7
48 0 7
48 0 7
48 0 7
48 0 7
48 0 7
48 0 7
48 0 7
48 0 7
48 0 7
48 0 7
48 0 7
48 0 7
48 0 7
48 0 7
48 0 7
48 0 7
48 0 7
48 0 7
48 0 7
48 0 7
47 0 15
47 0 7
47 0 7
47 0 7
47 0 7
47 0 7
47 0 7
47 0 7
47 0 7
47 0 7
47 0 7
47 0 7
47 0 7
47 0 7
47 0 7
47 0 7
47 0 7
46 0 15
46 0 7
46 0 7
46 0 7
46 0 7
46 0 7
46 0 7
46 0 7
46 0 7
46 0 7
46 0 7
46 0 7
45 0 15
45 0 7
45 0 7
45 0 7
45 0 7
45 0 7
45 0 7
45 0 7
45 0 7
44 0 15
44 0 7
44 0 7
44 0 7
44 0 7
44 0 7
43 0 15
43 0 7
43 0 7
43 0 7
42 0 15
42 0 7
42 0 7
41 0 15
41 0 7
40 0 15
40 0 7
39 0 15
38 0 15
37 0 15
36 0 15
35 0 15
34 0 15
33 0 15
32 1 15
32 2 15
32 3 15
32 4 15
32 5 15
32 6 15
32 7 15
32 7 7
32 8 15
32 8 7
32 9 15
32 9 7
14 56 15
14 55 15
13 55 15
13 54 15
13 53 15
12 53 15
12 52 15
12 51 15
12 50 15
12 49 15
12 48 15
12 47 15
12 46 15
12 45 15
12 44 15
12 43 15
12 42 15
11 41 16
11 40 19
11 39 21
11 38 21
11 37 20
11 36 19
11 35 16
11 34 15
11 33 15
11 32 15
11 31 15
11 30 15
11 29 15
10 29 15
10 28 15
10 27 15
9 26 15
8 26 15
8 25 15
7 25 15
7 24 15
6 24 15
6 23 15
5 23 15
5 22 15
5 21 15
4 21 15
4 20 15
3 20 15
3 19 15
3 18 15
3 17 15
3 16 15
3 15 15
3 14 15
3 13 15
3 12 15
3 11 15
4 11 15
4 10 15
5 10 15
6 10 15
7 10 15
8 9 15
9 9 15
9 8 15
10 8 15
11 8 15
12 8 15
13 8 15
14 8 15
15 8 15
16 8 15
17 8 15
18 8 15
19 8 15
19 9 15
19 10 15
20 10 15
21 10 15
22 10 15
23 10 15
24 10 15
25 10 15
26 10 15
26 10 7
27 10 15
27 10 7
28 10 15
28 10 7
29 10 15
29 10 7
30 10 15
30 10 7
30 10 7
31 10 15
31 10 7
31 10 7
108 98 15
109 98 16
110 98 16
111 98 15
112 98 15
113 98 15
114 98 15
115 98 15
116 98 15
116 97 15
116 96 15
116 95 15
117 95 15
118 95 15
119 95 15
120 95 15
121 95 15
121 94 15
121 93 15
122 93 15
122 92 15
122 91 15
122 90 15
123 89 15
124 89 15
125 89 15
125 88 15
126 88 15
127 88 15
128 88 15
129 88 15
130 88 15
131 88 15
132 88 15
133 88 15
134 88 15
135 88 15
136 88 15
137 88 15
137 87 15
138 87 15
139 87 15
140 87 15
141 87 15
142 87 15
143 87 15
144 87 15
145 87 15
146 87 15
147 87 15
148 87 15
149 87 15
103 98 15
102 98 15
102 99 15
102 100 15
102 101 15
102 102 15
101 102 15
100 102 15
100 103 15
99 103 15
98 103 15
97 103 15
96 103 15
95 103 15
94 103 15
94 104 15
93 105 15
92 105 15
91 105 15
91 106 15
90 106 15
89 106 15
89 107 15
88 107 15
87 107 15
86 107 15
85 107 15
84 107 15
83 107 15
82 107 15
81 107 15
80 107 15
79 107 15
78 107 15
77 107 15
76 107 15
75 107 15
74 107 15
73 107 15
72 107 15
71 107 15
98 145 15
97 145 15
97 145 7
96 145 15
96 145 7
96 146 15
96 146 7
95 146 15
95 146 7
94 146 15
94 146 7
93 146 15
93 146 7
93 146 7
93 147 15
93 147 7
92 147 15
92 147 7
92 147 7
92 148 15
92 148 7
91 148 15
91 148 7
91 148 7
91 149 15
91 149 7
91 149 7
90 149 15
90 149 7
90 149 7
90 150 15
90 150 7
90 150 7
89 150 15
89 150 7
89 150 7
89 151 15
89 151 7
89 151 7
88 152 15
88 152 7
88 152 7
87 152 15
87 152 7
87 152 7
87 153 15
87 153 7
87 153 7
86 153 15
86 153 7
86 153 7
86 154 15
86 154 7
86 154 7
86 155 15
86 155 7
85 155 15
85 155 7
85 156 15
85 156 7
84 156 15
84 156 7
83 156 15
83 156 7
83 156 7
83 157 15
83 157 7
82 157 15
82 157 7
82 158 15
82 158 7
81 158 15
81 158 7
81 158 7
80 158 15
80 158 7
80 158 7
79 158 15
79 158 7
79 158 7
78 158 15
78 158 7
78 158 7
77 159 34
76 159 46
75 159 60
74 159 75
73 159 91
72 159 107
71 159 121
70 159 134
69 159 145
68 159 153
67 159 157
66 159 159
65 159 157
64 159 151
63 159 142
62 159 131
61 159 117
60 159 102
59 159 85
58 159 68
57 159 51
56 159 35
54 159 15
54 159 7
54 158 15
53 158 15
52 158 15
52 157 15
52 156 15
52 155 15
52 154 15
52 153 15
51 153 15
50 153 15
50 152 15
49 152 15
48 152 15
47 152 15
46 152 15
45 152 15
44 152 15
43 152 15
