77 83 36
125 122 36
125 122 26
125 122 26
125 122 26
125 122 26
125 122 26
125 122 26
108 179 36
108 179 26
108 179 26
11 63 36
11 63 26
11 63 26
11 63 26
11 63 26
11 63 26
198 172 36
16 18 36
5 143 36
197 20 36
183 101 36
0 136 36
15 33 36
15 33 26
15 33 26
15 33 26
15 33 26
28 25 36
28 25 26
183 114 36
183 114 26
183 114 26
183 114 26
183 114 26
183 114 26
171 108 36
171 108 26
171 108 26
171 108 26
171 108 26
171 108 26
171 108 26
171 108 26
171 108 26
171 108 26
171 108 26
196 107 36
196 107 26
196 107 26
6 130 36
14 48 36
14 48 26
14 48 26
14 48 26
14 48 26
14 48 26
14 48 26
14 48 26
14 48 26
14 48 26
14 48 26
185 13 36
197 6 36
197 6 26
197 6 26
197 6 26
197 6 26
197 6 26
197 6 26
197 6 26
197 6 26
184 27 36
186 179 36
186 179 26
186 179 26
186 179 26
186 179 26
186 179 26
186 179 26
186 179 26
186 179 26
186 179 26
186 179 26
186 179 26
186 179 26
186 179 26
186 179 26
77 97 36
90 90 36
96 172 36
96 172 26
96 172 26
96 172 26
96 172 26
96 172 26
96 172 26
96 186 36
0 70 36
0 70 26
10 77 36
10 77 26
10 77 26
10 77 26
10 77 26
10 77 26
10 77 26
10 77 26
10 77 26
10 77 26
0 55 36
114 116 36
114 116 26
114 116 26
112 128 36
89 103 36
101 122 36
102 110 36
185 165 36
185 165 26
185 165 26
198 158 36
198 158 26
198 158 26
198 158 26
198 158 26
195 94 36
19 136 36
19 136 26
19 136 26
108 194 36
3 25 36
172 20 36
2 40 36
183 87 36
183 87 26
18 150 36
18 150 26
18 150 26
18 150 26
18 150 26
18 150 26
18 150 26
18 150 26
18 150 26
18 150 26
18 150 26
18 150 26
18 150 26
18 150 26
18 150 26
18 150 26
19 123 36
19 123 26
19 123 26
19 123 26
19 123 26
19 123 26
173 6 36
197 35 36
197 35 26
185 152 36
185 152 26
185 152 26
185 152 26
185 152 26
185 152 26
185 152 26
185 152 26
185 152 26
185 152 26
185 152 26
185 152 26
185 152 26
185 152 26
185 152 26
185 152 26
160 13 36
160 13 26
160 13 26
121 186 36
121 186 26
121 186 26
121 186 26
121 186 26
121 186 26
121 186 26
121 186 26
121 186 26
121 186 26
121 186 26
121 186 26
121 186 26
121 186 26
196 79 36
196 79 26
196 79 26
196 79 26
196 79 26
196 79 26
196 79 26
196 79 26
196 79 26
196 79 26
196 79 26
196 79 26
196 79 26
196 79 26
196 79 26
196 79 26
196 79 26
196 120 36
196 120 26
196 120 26
196 120 26
196 120 26
196 120 26
196 120 26
196 120 26
196 120 26
196 120 26
196 120 26
196 120 26
196 120 26
196 120 26
196 120 26
196 120 26
161 0 36
161 0 26
161 0 26
161 0 26
161 0 26
161 0 26
161 0 26
161 0 26
161 0 26
161 0 26
161 0 26
161 0 26
161 0 26
83 180 36
83 180 26
83 180 26
83 180 26
83 180 26
83 180 26
83 180 26
33 130 36
33 130 26
33 130 26
33 130 26
33 130 26
33 130 26
33 130 26
33 130 26
33 130 26
33 130 26
33 130 26
33 130 26
33 130 26
33 130 26
33 130 26
33 130 26
33 130 26
33 130 26
33 130 26
33 130 26
171 80 36
171 80 26
171 80 26
171 80 26
171 80 26
171 80 26
171 80 26
171 80 26
171 80 26
171 80 26
171 80 26
171 80 26
171 80 26
171 80 26
171 80 26
171 80 26
171 80 26
171 80 26
171 80 26
171 80 26
0 150 36
173 172 36
173 172 26
173 172 26
160 165 36
160 179 36
160 179 26
147 172 36
147 172 26
147 172 26
147 172 26
147 172 26
147 172 26
83 166 36
83 166 26
83 166 26
83 166 26
83 166 26
83 166 26
83 166 26
83 166 26
83 166 26
83 166 26
83 166 26
0 164 36
7 171 36
7 171 26
7 171 26
7 171 26
7 171 26
7 171 26
7 171 26
7 171 26
29 10 36
29 10 26
29 10 26
29 10 26
29 10 26
29 10 26
29 10 26
29 10 26
29 10 26
6 157 36
6 157 26
6 157 26
6 157 26
6 157 26
0 178 36
89 116 36
89 116 26
89 116 26
89 116 26
89 116 26
89 116 26
89 116 26
89 116 26
89 116 26
89 116 26
184 42 36
196 49 36
196 49 26
196 49 26
196 49 26
196 49 26
196 49 26
196 49 26
196 49 26
196 49 26
196 49 26
196 49 26
196 49 26
196 49 26
196 49 26
196 49 26
172 35 36
160 28 36
147 159 36
147 159 26
147 159 26
147 159 26
147 159 26
147 159 26
147 159 26
147 159 26
147 159 26
147 159 26
147 159 26
147 159 26
147 159 26
147 159 26
147 159 26
147 159 26
147 159 26
147 187 36
147 187 26
147 187 26
147 187 26
147 187 26
147 187 26
71 174 36
71 174 26
71 174 26
71 174 26
71 174 26
71 174 26
171 121 36
171 121 26
171 121 26
171 121 26
171 121 26
171 121 26
171 121 26
171 121 26
171 121 26
171 121 26
171 121 26
171 121 26
171 121 26
171 121 26
171 121 26
171 121 26
171 121 26
171 121 26
171 121 26
171 121 26
171 121 26
171 121 26
171 121 26
171 121 26
160 43 36
160 43 26
160 43 26
160 43 26
160 43 26
160 43 26
160 43 26
160 43 26
160 43 26
160 43 26
160 43 26
160 43 26
160 43 26
160 43 26
160 43 26
41 17 36
41 17 26
41 17 26
41 17 26
41 17 26
41 17 26
41 17 26
41 17 26
41 17 26
41 17 26
41 17 26
41 17 26
41 17 26
41 17 26
41 17 26
41 17 26
41 17 26
41 17 26
8 185 36
8 185 26
8 185 26
8 185 26
8 185 26
8 185 26
8 185 26
124 134 36
171 94 36
171 94 26
171 94 26
171 94 26
171 94 26
171 94 26
171 94 26
171 94 26
171 94 26
171 94 26
171 94 26
171 94 26
171 94 26
171 94 26
171 94 26
171 94 26
171 94 26
171 94 26
171 94 26
171 94 26
171 94 26
171 94 26
183 72 36
183 72 26
183 72 26
183 72 26
183 72 26
183 72 26
183 72 26
183 72 26
183 72 26
184 57 36
184 57 26
184 57 26
184 57 26
184 57 26
184 57 26
184 57 26
184 57 26
184 57 26
184 57 26
184 57 26
184 57 26
184 57 26
184 57 26
71 160 36
71 160 26
58 168 36
58 168 26
59 155 36
173 159 36
0 192 36
0 192 26
148 21 36
148 21 26
148 21 26
148 21 26
148 21 26
111 140 36
123 146 36
123 146 26
123 146 26
110 153 36
110 153 26
110 153 26
110 153 26
110 153 26
134 179 36
134 179 26
134 179 26
134 179 26
134 179 26
134 179 26
134 179 26
134 179 26
134 179 26
134 179 26
134 179 26
134 179 26
134 179 26
134 179 26
134 179 26
10 199 36
10 199 26
10 199 26
10 199 26
10 199 26
10 199 26
10 199 26
10 199 26
10 199 26
10 199 26
10 199 26
10 199 26
10 199 26
10 199 26
10 199 26
10 199 26
72 148 36
86 141 36
86 141 26
86 141 26
86 141 26
86 141 26
86 141 26
86 141 26
86 141 26
86 141 26
98 147 36
98 147 26
98 147 26
98 147 26
98 147 26
98 147 26
98 147 26
98 147 26
73 135 36
73 135 26
73 135 26
73 135 26
73 135 26
73 135 26
73 135 26
73 135 26
73 135 26
73 135 26
73 135 26
73 135 26
171 65 36
171 65 26
171 65 26
171 65 26
171 65 26
171 65 26
171 65 26
171 65 26
171 65 26
171 65 26
171 65 26
172 50 36
172 50 26
16 2 36
16 2 26
16 2 26
16 2 26
16 2 26
16 2 26
16 2 26
16 2 26
16 2 26
16 2 26
16 2 26
16 2 26
3 10 36
3 10 26
3 10 26
3 10 26
3 10 26
3 10 26
3 10 26
3 10 26
3 10 26
160 194 36
160 194 26
160 194 26
160 194 26
160 194 26
160 194 26
160 194 26
160 194 26
160 194 26
160 194 26
160 194 26
160 194 26
160 194 26
160 194 26
160 194 26
160 194 26
160 194 26
160 194 26
160 194 26
160 194 26
160 194 26
160 194 26
160 152 36
160 152 26
160 152 26
160 152 26
160 152 26
160 152 26
160 152 26
160 152 26
160 152 26
160 152 26
160 152 26
160 152 26
160 152 26
160 152 26
102 96 36
102 96 26
102 96 26
114 103 36
114 103 26
114 103 26
114 103 26
114 103 26
114 103 26
114 103 26
114 103 26
114 103 26
114 103 26
63 90 36
64 76 36
87 129 36
87 129 26
87 129 26
87 129 26
87 129 26
87 129 26
87 129 26
87 129 26
45 162 36
45 162 26
45 162 26
45 162 26
45 162 26
45 162 26
45 162 26
45 162 26
45 162 26
45 162 26
45 162 26
45 162 26
45 162 26
45 162 26
45 162 26
45 162 26
45 162 26
45 162 26
45 162 26
6 117 36
6 117 26
6 117 26
0 123 36
0 123 26
0 110 36
0 110 26
0 110 26
0 110 26
0 110 26
0 110 26
0 110 26
0 110 26
0 110 26
0 110 26
0 110 26
198 187 36
198 187 26
198 187 26
198 187 26
198 187 26
40 33 36
40 33 26
39 48 36
39 48 26
39 48 26
39 48 26
39 48 26
39 48 26
39 48 26
39 48 26
39 48 26
39 48 26
39 48 26
39 48 26
39 48 26
39 48 26
39 48 26
39 48 26
39 48 26
39 48 26
39 48 26
39 48 26
39 48 26
52 40 36
52 40 26
52 40 26
52 40 26
52 40 26
52 40 26
52 40 26
52 40 26
52 40 26
52 40 26
52 40 26
52 40 26
52 40 26
52 40 26
52 40 26
52 40 26
52 40 26
52 40 26
52 40 26
52 40 26
52 40 26
52 40 26
52 40 26
27 41 36
27 41 26
27 41 26
27 41 26
27 41 26
27 41 26
27 41 26
27 41 26
27 41 26
27 41 26
27 41 26
27 41 26
27 41 26
27 41 26
27 41 26
27 41 26
27 41 26
27 41 26
109 165 36
109 165 26
109 165 26
109 165 26
109 165 26
109 165 26
109 165 26
109 165 26
109 165 26
109 165 26
109 165 26
59 142 36
59 142 26
59 142 26
59 142 26
59 142 26
59 142 26
59 142 26
59 142 26
59 142 26
59 142 26
59 142 26
59 142 26
59 142 26
59 142 26
59 142 26
59 142 26
186 194 36
186 194 26
186 194 26
186 194 26
186 194 26
186 194 26
186 194 26
186 194 26
186 194 26
186 194 26
186 194 26
186 194 26
186 194 26
186 194 26
186 194 26
186 194 26
186 194 26
186 194 26
186 194 26
186 194 26
186 194 26
186 194 26
186 194 26
186 194 26
186 194 26
186 194 26
186 194 26
50 84 36
50 84 26
50 84 26
50 84 26
50 84 26
51 70 36
51 70 26
51 70 26
51 70 26
51 70 26
51 70 26
51 70 26
51 70 26
51 70 26
51 70 26
51 70 26
51 70 26
51 70 26
51 70 26
51 70 26
51 70 26
51 70 26
0 83 36
0 83 26
0 83 26
0 83 26
0 83 26
0 83 26
0 83 26
0 83 26
0 83 26
0 83 26
0 83 26
0 83 26
0 83 26
0 83 26
0 83 26
0 83 26
0 83 26
84 153 36
84 153 26
84 153 26
84 153 26
84 153 26
84 153 26
84 153 26
84 153 26
84 153 26
84 153 26
84 153 26
20 110 36
20 110 26
20 110 26
20 110 26
20 110 26
20 110 26
20 110 26
20 110 26
20 110 26
20 110 26
20 110 26
20 110 26
20 110 26
20 110 26
20 110 26
20 110 26
20 110 26
20 110 26
20 110 26
20 110 26
20 110 26
20 110 26
102 82 36
102 82 26
102 82 26
102 82 26
102 82 26
102 82 26
102 82 26
99 135 36
99 135 26
172 146 36
172 146 26
172 146 26
172 146 26
172 146 26
172 146 26
172 146 26
172 146 26
172 146 26
172 146 26
172 146 26
172 146 26
172 146 26
172 146 26
172 146 26
172 146 26
172 146 26
172 146 26
172 146 26
172 146 26
172 146 26
172 146 26
172 146 26
172 146 26
0 97 36
0 97 26
0 97 26
0 97 26
0 97 26
0 97 26
0 97 26
0 97 26
0 97 26
0 97 26
0 97 26
0 97 26
0 97 26
0 97 26
0 97 26
0 97 26
0 97 26
0 97 26
0 97 26
0 97 26
0 97 26
0 97 26
0 97 26
0 97 26
24 70 36
24 70 26
24 70 26
24 70 26
24 70 26
24 70 26
24 70 26
24 70 26
24 70 26
24 70 26
24 70 26
24 70 26
24 70 26
24 70 26
24 70 26
24 70 26
24 70 26
24 70 26
24 70 26
24 70 26
24 70 26
24 70 26
24 70 26
24 70 26
24 70 26
24 70 26
24 70 26
24 70 26
24 70 26
24 70 26
24 70 26
24 70 26
24 70 26
24 70 26
160 140 36
160 140 26
160 140 26
160 140 26
160 140 26
160 140 26
160 140 26
160 140 26
160 140 26
160 140 26
160 140 26
160 140 26
160 140 26
160 140 26
160 140 26
160 140 26
160 140 26
160 140 26
160 140 26
160 140 26
160 140 26
160 140 26
160 140 26
160 140 26
160 140 26
160 140 26
160 140 26
160 140 26
160 140 26
41 2 36
41 2 26
41 2 26
41 2 26
41 2 26
41 2 26
41 2 26
41 2 26
41 2 26
41 2 26
41 2 26
41 2 26
41 2 26
41 2 26
41 2 26
41 2 26
41 2 26
41 2 26
41 2 26
41 2 26
41 2 26
41 2 26
41 2 26
41 2 26
41 2 26
41 2 26
41 2 26
41 2 26
41 2 26
41 2 26
41 2 26
41 2 26
41 2 26
41 2 26
41 2 26
41 2 26
6 157 26
6 157 26
6 157 26
6 157 26
197 145 36
197 145 26
197 145 26
197 145 26
197 145 26
197 145 26
197 145 26
197 145 26
197 145 26
197 145 26
197 145 26
197 145 26
197 145 26
197 145 26
197 145 26
197 145 26
197 145 26
197 145 26
197 145 26
197 145 26
197 145 26
197 145 26
197 145 26
197 145 26
197 145 26
197 145 26
197 145 26
197 145 26
197 145 26
197 145 26
197 145 26
197 145 26
197 145 26
185 0 36
185 0 26
134 165 36
134 165 26
134 165 26
134 165 26
134 165 26
134 165 26
134 165 26
134 165 26
134 165 26
134 165 26
134 165 26
134 165 26
134 165 26
134 165 26
134 165 26
134 165 26
134 165 26
134 165 26
134 165 26
134 165 26
134 165 26
134 165 26
134 165 26
134 165 26
134 165 26
134 165 26
134 165 26
134 165 26
134 165 26
134 165 26
134 165 26
134 165 26
134 165 26
53 25 36
53 25 26
53 25 26
53 25 26
53 25 26
53 25 26
53 25 26
53 25 26
53 25 26
53 25 26
53 25 26
53 25 26
53 25 26
53 25 26
65 16 36
65 16 26
65 16 26
65 16 26
77 23 36
77 23 26
77 23 26
77 23 26
77 23 26
77 23 26
77 23 26
77 23 26
77 23 26
77 23 26
77 23 26
77 23 26
77 23 26
77 23 26
77 23 26
77 23 26
77 23 26
77 23 26
77 23 26
77 23 26
77 23 26
76 8 36
76 8 26
76 8 26
64 1 36
88 1 36
88 1 26
88 1 26
88 1 26
88 1 26
88 1 26
88 1 26
88 1 26
88 1 26
88 1 26
88 1 26
88 1 26
88 1 26
88 1 26
88 1 26
88 1 26
88 1 26
88 1 26
88 1 26
88 1 26
88 1 26
88 1 26
88 1 26
88 1 26
88 1 26
88 1 26
88 1 26
173 187 36
173 187 26
173 187 26
173 187 26
173 187 26
173 187 26
173 187 26
173 187 26
173 187 26
173 187 26
173 187 26
173 187 26
173 187 26
173 187 26
173 187 26
173 187 26
173 187 26
173 187 26
173 187 26
173 187 26
173 187 26
173 187 26
173 187 26
173 187 26
173 187 26
173 187 26
173 187 26
173 187 26
173 187 26
173 187 26
173 187 26
173 187 26
173 187 26
173 187 26
22 191 36
22 191 26
22 191 26
22 191 26
22 191 26
22 191 26
22 191 26
22 191 26
22 191 26
22 191 26
22 191 26
22 191 26
22 191 26
22 191 26
22 191 26
22 191 26
22 191 26
22 191 26
22 191 26
22 191 26
22 191 26
22 191 26
22 191 26
22 191 26
22 191 26
22 191 26
22 191 26
22 191 26
22 191 26
22 191 26
22 191 26
22 191 26
148 146 36
148 146 26
148 146 26
148 146 26
148 146 26
148 146 26
148 146 26
148 146 26
148 146 26
148 146 26
148 146 26
148 146 26
148 146 26
148 146 26
148 146 26
148 146 26
148 146 26
148 146 26
148 146 26
148 146 26
148 146 26
148 146 26
148 146 26
148 146 26
148 146 26
148 146 26
148 146 26
148 146 26
148 146 26
148 146 26
148 146 26
148 146 26
148 146 26
148 146 26
148 146 26
160 58 36
160 58 26
160 58 26
160 58 26
160 58 26
160 58 26
160 58 26
160 58 26
160 58 26
160 58 26
160 58 26
160 58 26
160 58 26
160 58 26
160 58 26
160 58 26
160 58 26
160 58 26
148 36 36
148 36 26
148 36 26
148 36 26
148 36 26
148 36 26
148 36 26
148 36 26
148 36 26
148 36 26
148 36 26
148 36 26
148 36 26
148 36 26
148 36 26
148 36 26
148 36 26
148 36 26
148 36 26
148 36 26
149 7 36
149 7 26
149 7 26
149 7 26
149 7 26
149 7 26
149 7 26
149 7 26
149 7 26
149 7 26
149 7 26
149 7 26
149 7 26
149 7 26
149 7 26
149 7 26
149 7 26
149 7 26
149 7 26
134 179 26
134 179 26
134 179 26
134 179 26
134 179 26
134 179 26
134 179 26
134 179 26
134 179 26
134 179 26
134 179 26
134 179 26
134 179 26
134 179 26
134 179 26
134 179 26
134 179 26
134 179 26
134 179 26
134 179 26
134 179 26
134 179 26
134 179 26
134 179 26
134 179 26
134 179 26
134 179 26
134 179 26
134 179 26
134 179 26
134 179 26
134 179 26
134 179 26
134 179 26
134 179 26
134 179 26
134 179 26
134 179 26
134 179 26
134 179 26
134 179 26
134 179 26
134 179 26
134 179 26
134 179 26
134 179 26
134 179 26
134 179 26
134 179 26
134 179 26
134 179 26
134 179 26
134 179 26
134 179 26
134 179 26
134 179 26
134 179 26
134 179 26
134 179 26
134 179 26
134 179 26
134 179 26
134 179 26
134 179 26
134 179 26
134 179 26
134 179 26
134 179 26
134 179 26
134 179 26
134 179 26
134 179 26
134 179 26
134 179 26
134 179 26
134 179 26
134 179 26
134 179 26
134 179 26
134 179 26
134 179 26
134 179 26
134 179 26
134 179 26
134 179 26
134 179 26
134 179 26
134 179 26
134 179 26
134 179 26
134 179 26
134 179 26
134 179 26
32 143 36
32 143 26
32 143 26
32 143 26
32 143 26
32 143 26
32 143 26
32 143 26
32 143 26
32 143 26
32 143 26
32 143 26
32 143 26
32 143 26
32 143 26
32 143 26
32 143 26
32 143 26
32 143 26
32 143 26
32 143 26
32 143 26
32 143 26
32 143 26
32 143 26
32 143 26
32 143 26
32 143 26
32 143 26
32 143 26
32 143 26
32 143 26
7 104 36
7 104 26
7 104 26
7 104 26
7 104 26
7 104 26
7 104 26
7 104 26
7 104 26
7 104 26
7 104 26
7 104 26
7 104 26
7 104 26
7 104 26
7 104 26
7 104 26
7 104 26
7 104 26
7 104 26
7 104 26
7 104 26
7 104 26
7 104 26
7 104 26
20 177 36
20 177 26
20 177 26
20 177 26
20 177 26
20 177 26
20 177 26
20 177 26
20 177 26
20 177 26
20 177 26
20 177 26
20 177 26
20 177 26
20 177 26
20 177 26
20 177 26
20 177 26
20 177 26
20 177 26
20 177 26
20 177 26
33 170 36
33 170 26
33 170 26
33 170 26
33 170 26
33 170 26
33 170 26
33 170 26
33 170 26
33 170 26
33 170 26
33 170 26
33 170 26
33 170 26
33 170 26
33 170 26
33 170 26
33 170 26
33 170 26
33 170 26
33 170 26
33 170 26
33 170 26
33 170 26
33 170 26
33 170 26
19 163 36
19 163 26
19 163 26
19 163 26
19 163 26
19 163 26
19 163 26
19 163 26
19 163 26
19 163 26
19 163 26
19 163 26
19 163 26
19 163 26
19 163 26
19 163 26
19 163 26
19 163 26
19 163 26
19 163 26
19 163 26
19 163 26
19 163 26
19 163 26
19 163 26
19 163 26
19 163 26
19 163 26
19 163 26
19 163 26
19 163 26
53 9 36
53 9 26
53 9 26
53 9 26
53 9 26
53 9 26
53 9 26
53 9 26
53 9 26
53 9 26
53 9 26
53 9 26
53 9 26
53 9 26
53 9 26
88 16 36
88 16 26
88 16 26
88 16 26
88 16 26
88 16 26
88 16 26
88 16 26
88 16 26
88 16 26
88 16 26
88 16 26
88 16 26
88 16 26
88 16 26
88 16 26
88 16 26
88 16 26
88 16 26
88 16 26
88 16 26
88 16 26
88 16 26
88 16 26
88 16 26
88 16 26
88 16 26
88 16 26
88 16 26
88 16 26
34 117 36
34 117 26
34 117 26
34 117 26
34 117 26
34 117 26
34 117 26
34 117 26
34 117 26
34 117 26
34 117 26
34 117 26
34 117 26
34 117 26
34 117 26
48 110 36
48 110 26
48 110 26
49 97 36
136 14 36
136 14 26
136 14 26
136 14 26
136 14 26
136 14 26
136 14 26
136 14 26
136 14 26
136 14 26
136 14 26
136 14 26
136 14 26
136 14 26
136 14 26
125 22 36
125 22 26
125 22 26
125 22 26
125 22 26
125 22 26
125 22 26
125 22 26
125 22 26
125 22 26
125 22 26
125 22 26
125 22 26
125 22 26
125 22 26
125 22 26
125 22 26
125 22 26
125 22 26
125 22 26
125 22 26
125 22 26
125 22 26
125 22 26
125 22 26
125 22 26
125 22 26
10 77 26
10 77 26
10 77 26
10 77 26
124 7 36
124 7 26
124 7 26
124 7 26
124 7 26
124 7 26
124 7 26
124 7 26
124 7 26
124 7 26
124 7 26
124 7 26
124 7 26
112 0 36
112 0 26
112 0 26
112 0 26
112 0 26
112 0 26
112 0 26
112 0 26
112 0 26
112 0 26
112 0 26
112 0 26
112 0 26
112 0 26
112 0 26
112 0 26
112 0 26
112 0 26
112 0 26
112 0 26
112 0 26
112 0 26
112 0 26
112 0 26
112 0 26
112 0 26
112 0 26
112 0 26
14 48 26
14 48 26
14 48 26
14 48 26
14 48 26
14 48 26
14 48 26
14 48 26
14 48 26
14 48 26
14 48 26
14 48 26
14 48 26
14 48 26
14 48 26
14 48 26
14 48 26
14 48 26
14 48 26
14 48 26
14 48 26
14 48 26
14 48 26
14 48 26
14 48 26
136 0 36
136 0 26
136 0 26
136 0 26
136 0 26
65 32 36
65 32 26
65 32 26
65 32 26
65 32 26
65 32 26
65 32 26
65 32 26
65 32 26
65 32 26
65 32 26
65 32 26
65 32 26
65 32 26
65 32 26
65 32 26
65 32 26
65 32 26
65 32 26
65 32 26
65 32 26
65 32 26
65 32 26
65 32 26
65 32 26
65 32 26
65 32 26
65 32 26
65 32 26
65 32 26
65 32 26
65 32 26
65 32 26
65 32 26
65 32 26
65 32 26
65 32 26
27 41 26
27 41 26
27 41 26
184 127 36
184 127 26
184 127 26
184 127 26
184 127 26
184 127 26
184 127 26
184 127 26
184 127 26
184 127 26
184 127 26
184 127 26
184 127 26
184 127 26
184 127 26
184 127 26
184 127 26
184 127 26
184 127 26
184 127 26
184 127 26
184 127 26
184 127 26
184 127 26
184 127 26
184 127 26
184 127 26
184 127 26
184 127 26
184 127 26
184 127 26
9 91 171
9 91 26
9 91 26
9 91 26
9 91 26
9 91 26
9 91 26
9 91 26
9 91 26
9 91 26
9 91 26
9 91 26
9 91 26
9 91 26
9 91 26
9 91 26
9 91 26
9 91 26
9 91 26
9 91 26
9 91 26
9 91 26
9 91 26
9 91 26
9 91 26
9 91 26
9 91 26
9 91 26
9 91 26
9 91 26
9 91 26
9 91 26
136 29 36
136 29 26
136 29 26
136 29 26
136 29 26
136 29 26
136 29 26
136 29 26
136 29 26
136 29 26
136 29 26
136 29 26
136 29 26
136 29 26
136 29 26
136 29 26
136 29 26
136 29 26
136 29 26
41 17 26
41 17 26
41 17 26
41 17 26
41 17 26
41 17 26
41 17 26
41 17 26
41 17 26
41 17 26
41 17 26
41 17 26
41 17 26
41 17 26
41 17 26
41 17 26
41 17 26
41 17 26
41 17 26
41 17 26
41 17 26
41 17 26
41 17 26
41 17 26
41 17 26
41 17 26
41 17 26
41 17 26
41 17 26
41 17 26
41 17 26
41 17 26
41 17 26
41 17 26
125 37 36
125 37 26
125 37 26
125 37 26
125 37 26
125 37 26
125 37 26
125 37 26
125 37 26
125 37 26
125 37 26
125 37 26
125 37 26
125 37 26
125 37 26
125 37 26
125 37 26
125 37 26
125 37 26
125 51 36
125 51 26
113 59 36
113 59 26
125 66 36
114 74 36
114 74 26
114 74 26
114 74 26
0 97 26
0 97 26
0 97 26
0 97 26
0 97 26
0 97 26
0 97 26
0 97 26
0 97 26
0 97 26
0 97 26
0 97 26
0 97 26
0 97 26
0 97 26
0 97 26
0 97 26
0 97 26
0 97 26
0 97 26
0 97 26
0 97 26
0 97 26
0 97 26
0 97 26
0 97 26
0 97 26
0 97 26
0 97 26
0 97 26
0 97 26
0 97 26
0 97 26
0 97 26
0 97 26
0 97 26
0 97 26
0 97 26
0 97 26
0 97 26
0 97 26
0 97 26
0 97 26
0 97 26
0 97 26
0 97 26
0 97 26
0 97 26
0 97 26
0 97 26
0 97 26
0 97 26
0 97 26
0 97 26
0 97 26
0 97 26
0 97 26
0 97 26
0 97 26
0 97 26
0 97 26
0 97 26
0 97 26
0 97 26
0 97 26
0 97 26
0 97 26
0 97 26
0 97 26
0 97 26
0 97 26
0 97 26
0 97 26
0 97 26
0 97 26
0 97 26
0 97 26
0 97 26
0 97 26
0 97 26
0 97 26
0 97 26
0 97 26
0 97 26
0 97 26
184 101 15
184 100 15
184 99 15
184 98 15
184 97 15
184 96 15
184 95 15
184 94 15
184 94 30
184 93 15
184 93 30
184 92 15
184 92 30
184 91 15
184 91 30
184 90 15
184 90 30
184 89 15
184 89 30
184 88 15
184 88 30
184 87 19
184 87 30
184 86 29
184 86 30
184 85 40
184 84 51
184 83 64
184 82 77
184 81 91
183 81 102
183 80 112
183 79 123
183 78 135
183 78 30
183 77 147
183 77 30
183 76 161
183 76 30
183 76 30
183 75 176
183 75 30
183 75 30
183 74 193
183 74 30
183 74 30
183 73 212
183 73 30
182 72 208
182 72 30
182 72 30
182 72 30
181 72 193
181 72 30
181 72 30
181 72 30
181 72 30
181 72 30
180 72 187
180 72 30
180 72 30
180 72 30
180 72 30
180 72 30
180 72 30
180 72 30
179 72 191
179 72 30
179 72 30
179 72 30
179 72 30
179 72 30
179 72 30
179 72 30
179 72 30
179 72 30
179 72 30
179 71 192
179 71 30
179 71 30
179 71 30
179 71 30
179 71 30
179 71 30
179 71 30
179 71 30
179 71 30
179 71 30
179 70 195
179 70 30
179 70 30
179 70 30
179 70 30
179 70 30
179 70 30
179 70 30
179 70 30
179 70 30
179 70 30
179 70 30
178 70 197
178 70 30
178 70 30
178 70 30
178 70 30
178 70 30
178 70 30
178 70 30
178 70 30
178 70 30
178 70 30
178 70 30
178 70 30
178 70 30
178 69 197
178 69 30
178 69 30
178 69 30
178 69 30
178 69 30
178 69 30
178 69 30
178 69 30
178 69 30
178 69 30
178 69 30
178 69 30
178 69 30
178 69 30
178 69 30
178 68 200
178 68 30
178 68 30
178 68 30
178 68 30
178 68 30
178 68 30
178 68 30
178 68 30
178 68 30
178 68 30
178 68 30
178 68 30
178 68 30
178 68 30
178 68 30
178 68 30
178 68 30
177 68 199
177 68 30
177 68 30
177 68 30
177 68 30
177 68 30
177 68 30
177 68 30
177 68 30
177 68 30
177 68 30
177 68 30
177 68 30
177 68 30
177 68 30
177 68 30
177 68 30
177 68 30
177 67 199
177 67 30
177 67 30
177 67 30
177 67 30
177 67 30
177 67 30
177 67 30
177 67 30
177 67 30
177 67 30
177 67 30
177 67 30
177 67 30
177 67 30
177 67 30
177 67 30
177 67 30
177 67 30
177 67 30
177 67 30
176 67 201
176 67 30
176 67 30
176 67 30
176 67 30
176 67 30
176 67 30
176 67 30
176 67 30
176 67 30
176 67 30
176 67 30
176 67 30
176 67 30
176 67 30
176 67 30
176 67 30
176 67 30
176 66 198
176 66 30
176 66 30
176 66 30
176 66 30
176 66 30
176 66 30
176 66 30
176 66 30
176 66 30
176 66 30
176 66 30
176 66 30
176 66 30
176 66 30
176 66 30
176 66 30
176 66 30
176 66 30
176 66 30
176 66 30
176 65 198
176 65 30
176 65 30
176 65 30
176 65 30
176 65 30
176 65 30
176 65 30
176 65 30
176 65 30
176 65 30
176 65 30
176 65 30
176 65 30
176 65 30
176 65 30
176 65 30
176 65 30
176 65 30
176 65 30
176 65 30
176 65 30
175 65 198
175 65 30
175 65 30
175 65 30
175 65 30
175 65 30
175 65 30
175 65 30
175 65 30
175 65 30
175 65 30
175 65 30
175 65 30
175 65 30
175 65 30
175 65 30
175 65 30
175 65 30
175 64 195
175 64 30
175 64 30
175 64 30
175 64 30
175 64 30
175 64 30
175 64 30
175 64 30
175 64 30
175 64 30
175 64 30
175 64 30
175 64 30
175 64 30
175 64 30
175 64 30
175 64 30
175 64 30
175 64 30
175 63 194
175 63 30
175 63 30
175 63 30
175 63 30
175 63 30
175 63 30
175 63 30
175 63 30
175 63 30
175 63 30
175 63 30
175 63 30
175 63 30
175 63 30
175 63 30
175 63 30
175 63 30
175 63 30
175 63 30
174 63 193
174 63 30
174 63 30
174 63 30
174 63 30
174 63 30
174 63 30
174 63 30
174 63 30
174 63 30
174 63 30
174 63 30
174 63 30
174 63 30
174 63 30
174 63 30
174 63 30
174 62 189
174 62 30
174 62 30
174 62 30
174 62 30
174 62 30
174 62 30
174 62 30
174 62 30
174 62 30
174 62 30
174 62 30
174 62 30
174 62 30
174 62 30
174 62 30
174 62 30
174 61 185
174 61 30
174 61 30
174 61 30
174 61 30
174 61 30
174 61 30
174 61 30
174 61 30
174 61 30
174 61 30
174 61 30
174 61 30
174 61 30
174 61 30
174 61 30
174 61 30
174 61 30
174 60 182
174 60 30
174 60 30
174 60 30
174 60 30
174 60 30
174 60 30
174 60 30
174 60 30
174 60 30
174 60 30
174 60 30
174 60 30
174 60 30
174 60 30
174 60 30
174 60 30
174 60 30
174 59 178
174 59 30
174 59 30
174 59 30
174 59 30
174 59 30
174 59 30
174 59 30
174 59 30
174 59 30
174 59 30
174 59 30
174 59 30
174 59 30
174 59 30
174 59 30
174 59 30
174 58 173
174 58 30
174 58 30
174 58 30
174 58 30
174 58 30
174 58 30
174 58 30
174 58 30
174 58 30
174 58 30
174 58 30
174 58 30
174 58 30
174 58 30
174 57 166
174 57 30
174 57 30
174 57 30
174 57 30
174 57 30
174 57 30
174 57 30
174 57 30
174 57 30
174 57 30
174 57 30
174 56 158
174 56 30
174 56 30
174 56 30
174 56 30
174 56 30
174 56 30
174 56 30
174 56 30
174 55 147
174 55 30
174 55 30
174 55 30
174 55 30
174 54 135
174 54 30
174 54 30
174 53 120
174 53 30
174 52 104
174 51 86
174 50 67
174 49 48
174 48 30
174 48 30
174 47 15
174 47 30
174 46 15
174 46 30
174 45 15
174 45 30
173 45 15
173 45 30
172 45 15
172 45 30
172 44 15
172 44 30
172 43 15
172 43 30
172 42 15
172 42 30
172 41 15
172 41 30
172 40 15
172 40 30
172 39 15
172 38 15
172 37 15
172 36 15
161 28 15
162 28 15
163 28 15
164 28 15
165 28 15
166 28 15
167 28 15
168 28 24
168 29 33
168 30 40
168 31 44
168 32 47
169 32 47
169 33 45
169 34 41
169 35 36
170 35 30
171 35 26
137 29 477
137 28 460
138 28 442
138 27 423
139 27 403
139 26 383
140 26 361
141 26 341
141 25 320
142 25 298
143 25 277
144 25 256
145 25 236
146 25 215
147 25 194
148 25 172
149 25 150
150 25 127
151 25 103
152 25 79
153 25 56
154 25 33
155 25 15
155 25 30
156 25 15
156 25 30
157 25 15
157 25 30
157 26 15
157 26 30
158 26 15
159 26 15
159 27 15
160 27 15
114 73 76
114 73 30
114 72 51
114 72 30
114 71 29
114 71 30
114 70 15
114 70 30
115 70 15
115 70 30
116 70 15
116 70 30
117 70 15
117 70 30
118 70 15
118 70 30
119 70 15
119 70 30
119 69 15
119 68 15
119 67 15
119 66 15
120 66 15
121 66 15
122 66 15
123 66 15
124 66 15
125 65 15
125 65 30
125 64 15
125 63 15
125 62 15
125 61 15
125 60 15
125 59 15
125 58 15
125 57 15
125 56 15
125 55 15
125 55 30
125 54 15
125 54 30
125 53 15
125 53 30
125 52 31
125 50 70
125 49 93
125 48 116
125 47 141
126 47 163
126 46 187
126 45 212
127 45 237
127 44 260
127 43 285
128 43 310
128 42 332
128 41 355
129 41 379
129 40 399
129 39 421
130 39 441
130 38 458
130 38 30
130 37 477
130 37 30
130 37 30
131 37 491
131 37 30
131 37 30
131 37 30
131 37 30
131 36 504
131 36 30
131 36 30
131 36 30
131 36 30
132 36 517
132 36 30
132 36 30
132 36 30
132 36 30
132 36 30
132 35 525
132 35 30
132 35 30
132 35 30
132 35 30
132 35 30
132 34 534
132 34 30
132 34 30
132 34 30
132 34 30
132 34 30
133 34 538
133 34 30
133 34 30
133 34 30
133 34 30
133 33 540
133 33 30
133 33 30
133 33 30
133 33 30
134 33 541
134 33 30
134 33 30
134 33 30
134 32 538
134 32 30
134 32 30
134 32 30
135 32 535
135 32 30
135 31 526
135 31 30
135 31 30
135 30 518
135 30 30
135 30 30
136 30 505
113 74 106
113 74 30
112 74 114
112 74 30
112 74 30
111 74 127
111 74 30
111 74 30
111 75 141
111 75 30
111 75 30
110 75 152
110 75 30
110 76 163
110 76 30
109 76 173
109 77 180
108 77 188
108 78 191
108 79 195
107 79 196
107 80 195
106 80 195
106 81 191
106 82 187
106 82 30
106 82 30
105 82 181
105 82 30
105 82 30
104 82 178
104 82 30
103 82 177
103 82 30
102 83 162
102 83 30
102 84 145
102 84 30
102 84 30
102 85 131
102 85 30
102 85 30
102 85 30
102 86 118
102 86 30
102 86 30
102 86 30
102 86 30
102 87 107
102 87 30
102 87 30
102 87 30
102 87 30
102 87 30
101 87 97
101 87 30
101 87 30
101 87 30
101 87 30
101 88 85
101 88 30
101 88 30
101 88 30
101 88 30
101 88 30
101 89 76
101 89 30
101 89 30
101 89 30
101 89 30
101 89 30
100 89 64
100 89 30
100 89 30
100 89 30
100 89 30
100 90 55
100 90 30
100 90 30
100 90 30
100 90 30
99 90 45
99 90 30
99 90 30
99 90 30
99 91 37
99 91 30
99 91 30
99 91 30
98 91 28
98 91 30
98 91 30
98 92 21
98 92 30
98 92 30
97 92 15
97 92 30
96 92 15
96 92 30
95 92 15
95 92 30
94 92 15
94 92 30
93 92 15
93 92 30
92 92 15
92 92 30
91 92 15
90 92 15
90 91 15
90 91 30
89 90 20
89 90 30
88 90 16
88 90 30
87 90 15
87 90 30
86 90 15
86 90 30
85 90 15
85 90 30
84 90 15
84 90 30
84 89 15
84 89 30
83 89 15
83 89 30
82 89 15
82 89 30
81 89 15
81 89 30
80 89 15
80 89 30
80 88 15
80 88 30
79 88 15
79 88 30
79 87 15
79 87 30
78 87 15
78 87 30
78 86 15
78 86 30
77 86 15
77 85 15
77 85 30
77 84 15
77 84 30
35 117 372
35 117 30
36 117 356
36 117 30
36 117 30
37 117 342
37 117 30
37 116 323
37 116 30
37 116 30
38 116 303
38 116 30
38 115 285
38 115 30
39 115 262
40 115 243
40 114 219
41 114 199
41 113 178
42 113 158
42 112 139
43 112 121
43 111 104
44 111 89
44 110 74
45 110 63
45 109 50
45 108 41
46 108 32
46 108 30
46 107 25
46 107 30
47 107 21
47 107 30
47 106 15
47 106 30
47 105 15
47 105 30
48 105 15
48 105 30
48 104 15
48 104 30
48 103 15
48 103 30
49 103 15
49 103 30
49 102 15
49 102 30
49 101 15
49 101 30
49 100 15
49 99 15
49 98 19
50 97 17
51 97 18
51 96 18
51 95 18
51 94 19
52 94 17
52 93 15
52 93 30
52 92 15
52 92 30
53 92 15
53 92 30
53 91 15
53 91 30
53 90 15
53 90 30
54 90 15
54 90 30
55 90 15
55 90 30
55 89 15
55 89 30
55 88 15
55 88 30
56 88 15
56 88 30
57 88 15
58 88 15
58 87 15
59 87 15
60 87 15
61 87 15
61 86 15
62 86 15
63 86 15
64 86 15
65 86 15
65 85 15
66 85 15
66 84 15
66 83 15
67 83 15
68 83 15
69 83 15
70 83 15
71 83 15
72 83 15
73 83 15
74 83 15
75 83 15
76 83 15
34 118 391
33 118 400
33 119 402
32 119 402
32 120 403
31 120 394
30 120 386
30 121 376
29 121 359
28 121 343
28 122 324
27 122 301
26 122 280
26 123 252
25 123 227
25 123 30
25 124 201
25 124 30
25 124 30
25 124 30
24 124 172
24 124 30
24 124 30
24 124 30
24 124 30
24 125 147
24 125 30
24 125 30
24 125 30
24 125 30
24 125 30
23 125 117
23 125 30
23 125 30
23 125 30
23 125 30
23 125 30
22 125 92
22 125 30
22 125 30
22 125 30
22 125 30
22 125 30
22 126 64
22 126 30
22 126 30
22 126 30
22 126 30
22 126 30
21 126 40
21 126 30
21 126 30
21 126 30
21 126 30
21 127 15
21 127 30
21 127 30
21 127 30
21 127 30
21 127 30
21 128 15
21 128 30
21 128 30
21 128 30
21 128 30
21 128 30
20 128 15
20 128 30
20 128 30
20 128 30
20 129 15
20 129 30
20 129 30
20 129 30
20 129 30
20 130 15
20 130 30
20 130 30
20 130 30
20 130 30
19 130 15
19 130 30
19 130 30
19 130 30
18 130 15
18 130 30
18 130 30
17 130 15
17 130 30
16 130 15
16 130 30
15 130 15
15 130 30
14 130 15
14 130 30
13 130 15
13 130 30
12 130 15
12 130 30
11 130 15
11 130 30
10 130 15
10 130 30
9 130 15
8 130 15
7 130 15
5 130 43
4 130 58
3 130 72
2 130 85
2 129 102
2 128 115
2 127 123
2 126 125
2 125 119
2 124 106
2 123 86
2 122 59
2 121 28
2 121 30
2 121 30
2 120 15
2 120 30
2 120 30
2 120 30
2 119 15
2 119 30
2 119 30
2 119 30
3 119 15
3 119 30
3 119 30
3 119 30
3 118 15
3 118 30
3 118 30
3 118 30
4 118 15
4 118 30
4 118 30
4 117 15
4 117 30
4 117 30
4 117 30
4 116 15
4 116 30
4 116 30
4 116 30
4 116 30
5 116 15
5 116 30
5 116 30
5 116 30
5 115 15
5 115 30
5 115 30
5 115 30
5 115 30
5 114 15
5 114 30
5 114 30
5 114 30
5 114 30
5 114 30
5 114 30
5 113 15
5 113 30
5 113 30
5 113 30
5 113 30
5 113 30
5 113 30
5 113 30
5 112 44
5 112 30
5 112 30
5 112 30
5 112 30
5 112 30
5 112 30
5 112 30
5 112 30
5 112 30
6 112 70
6 112 30
6 112 30
6 112 30
6 112 30
6 112 30
6 112 30
6 112 30
6 112 30
6 112 30
6 112 30
7 112 103
7 112 30
7 112 30
7 112 30
7 112 30
7 112 30
7 112 30
7 112 30
7 112 30
7 112 30
7 112 30
7 112 30
7 111 137
7 111 30
7 111 30
7 111 30
7 111 30
7 111 30
7 111 30
7 111 30
7 111 30
7 111 30
7 111 30
7 111 30
7 111 30
7 111 30
7 111 30
8 111 169
8 111 30
8 111 30
8 111 30
8 111 30
8 111 30
8 111 30
8 111 30
8 111 30
8 111 30
8 111 30
8 111 30
8 111 30
8 111 30
8 111 30
8 111 30
8 111 30
8 111 30
8 111 30
8 110 208
8 110 30
8 110 30
8 110 30
8 110 30
8 110 30
8 110 30
8 110 30
8 110 30
8 110 30
8 110 30
8 110 30
8 110 30
8 110 30
8 110 30
8 110 30
8 110 30
8 110 30
8 110 30
8 110 30
8 110 30
8 110 30
9 110 239
9 110 30
9 110 30
9 110 30
9 110 30
9 110 30
9 110 30
9 110 30
9 110 30
9 110 30
9 110 30
9 110 30
9 110 30
9 110 30
9 110 30
9 110 30
9 110 30
9 110 30
9 110 30
9 110 30
9 110 30
9 110 30
9 110 30
9 110 30
9 110 30
9 110 30
9 110 30
9 110 30
10 110 278
10 110 30
10 110 30
10 110 30
10 110 30
10 110 30
10 110 30
10 110 30
10 110 30
10 110 30
10 110 30
10 110 30
10 110 30
10 110 30
10 110 30
10 110 30
10 110 30
10 110 30
10 110 30
10 110 30
10 110 30
10 110 30
10 110 30
10 110 30
10 110 30
10 110 30
10 110 30
10 110 30
10 110 30
10 110 30
10 110 30
10 110 30
10 110 30
10 110 30
10 110 30
10 109 312
10 109 30
10 109 30
10 109 30
10 109 30
10 109 30
10 109 30
10 109 30
10 109 30
10 109 30
10 109 30
10 109 30
10 109 30
10 109 30
10 109 30
10 109 30
10 109 30
10 109 30
10 109 30
10 109 30
10 109 30
10 109 30
10 109 30
10 109 30
10 109 30
10 109 30
10 109 30
10 109 30
10 109 30
10 109 30
10 109 30
10 109 30
10 109 30
10 109 30
10 109 30
10 109 30
10 109 30
11 109 351
11 109 30
11 109 30
11 109 30
11 109 30
11 109 30
11 109 30
11 109 30
11 109 30
11 109 30
11 109 30
11 109 30
11 109 30
11 109 30
11 109 30
11 109 30
11 109 30
11 109 30
11 109 30
11 109 30
11 109 30
11 109 30
11 109 30
11 109 30
11 109 30
11 109 30
11 109 30
11 109 30
11 109 30
11 109 30
11 109 30
11 109 30
11 109 30
11 109 30
11 109 30
11 109 30
11 109 30
11 109 30
11 109 30
11 109 30
11 109 30
11 109 30
11 109 30
11 109 30
11 109 30
11 108 386
11 108 30
11 108 30
11 108 30
11 108 30
11 108 30
11 108 30
11 108 30
11 108 30
11 108 30
11 108 30
11 108 30
11 108 30
11 108 30
11 108 30
11 108 30
11 108 30
11 108 30
11 108 30
11 108 30
11 108 30
11 108 30
11 108 30
11 108 30
11 108 30
11 108 30
11 108 30
11 108 30
11 108 30
11 108 30
11 108 30
11 108 30
11 108 30
11 108 30
11 108 30
11 108 30
11 108 30
11 108 30
11 108 30
11 108 30
11 108 30
11 108 30
11 108 30
11 108 30
11 108 30
11 108 30
11 108 30
11 107 430
11 107 30
11 107 30
11 107 30
11 107 30
11 107 30
11 107 30
11 107 30
11 107 30
11 107 30
11 107 30
11 107 30
11 107 30
11 107 30
11 107 30
11 107 30
11 107 30
11 107 30
11 107 30
11 107 30
11 107 30
11 107 30
11 107 30
11 107 30
11 107 30
11 107 30
11 107 30
11 107 30
11 107 30
11 107 30
11 107 30
11 107 30
11 107 30
11 107 30
11 107 30
11 107 30
11 107 30
11 107 30
11 107 30
11 107 30
11 107 30
11 107 30
11 107 30
11 107 30
11 107 30
11 107 30
11 107 30
11 107 30
11 107 30
11 106 482
11 106 30
11 106 30
11 106 30
11 106 30
11 106 30
11 106 30
11 106 30
11 106 30
11 106 30
11 106 30
11 106 30
11 106 30
11 106 30
11 106 30
11 106 30
11 106 30
11 106 30
11 106 30
11 106 30
11 106 30
11 106 30
11 106 30
11 106 30
11 106 30
11 106 30
11 106 30
11 106 30
11 106 30
11 106 30
11 106 30
11 106 30
11 106 30
11 106 30
11 106 30
11 106 30
11 106 30
11 106 30
11 106 30
11 106 30
11 106 30
11 106 30
11 106 30
11 106 30
11 106 30
11 106 30
11 106 30
11 106 30
11 106 30
11 106 30
11 106 30
11 105 542
11 105 30
11 105 30
11 105 30
11 105 30
11 105 30
11 105 30
11 105 30
11 105 30
11 105 30
11 105 30
11 105 30
11 105 30
11 105 30
11 105 30
11 105 30
11 105 30
11 105 30
11 105 30
11 105 30
11 105 30
11 105 30
11 105 30
11 105 30
11 105 30
11 105 30
11 105 30
11 105 30
11 105 30
11 105 30
11 105 30
11 105 30
11 105 30
11 105 30
11 105 30
11 105 30
11 105 30
11 105 30
11 105 30
11 105 30
11 105 30
11 105 30
11 105 30
11 105 30
11 105 30
11 105 30
11 105 30
11 105 30
11 105 30
11 105 30
11 105 30
11 105 30
11 105 30
11 104 607
11 104 30
11 104 30
11 104 30
11 104 30
11 104 30
11 104 30
11 104 30
11 104 30
11 104 30
11 104 30
11 104 30
11 104 30
11 104 30
11 104 30
11 104 30
11 104 30
11 104 30
11 104 30
11 104 30
11 104 30
11 104 30
11 104 30
11 104 30
11 104 30
11 104 30
11 104 30
11 104 30
11 104 30
11 104 30
11 104 30
11 104 30
11 104 30
11 104 30
11 104 30
11 104 30
11 104 30
11 104 30
11 104 30
11 104 30
11 104 30
11 104 30
11 104 30
11 104 30
11 104 30
11 104 30
11 104 30
11 104 30
11 104 30
11 104 30
11 104 30
11 104 30
11 104 30
11 104 30
11 104 30
11 104 30
11 103 676
11 103 30
11 103 30
11 103 30
11 103 30
11 103 30
11 103 30
11 103 30
11 103 30
11 103 30
11 103 30
11 103 30
11 103 30
11 103 30
11 103 30
11 103 30
11 103 30
11 103 30
11 103 30
11 103 30
11 103 30
11 103 30
11 103 30
11 103 30
11 103 30
11 103 30
11 103 30
11 103 30
11 103 30
11 103 30
11 103 30
11 103 30
11 103 30
11 103 30
11 103 30
11 103 30
11 103 30
11 103 30
11 103 30
11 103 30
11 103 30
11 103 30
11 103 30
11 103 30
11 103 30
11 103 30
11 103 30
11 103 30
11 103 30
11 103 30
11 103 30
11 103 30
11 103 30
11 103 30
11 103 30
11 103 30
11 103 30
11 103 30
11 103 30
11 103 30
11 103 30
11 102 746
11 102 30
11 102 30
11 102 30
11 102 30
11 102 30
11 102 30
11 102 30
11 102 30
11 102 30
11 102 30
11 102 30
11 102 30
11 102 30
11 102 30
11 102 30
11 102 30
11 102 30
11 102 30
11 102 30
11 102 30
11 102 30
11 102 30
11 102 30
11 102 30
11 102 30
11 102 30
11 102 30
11 102 30
11 102 30
11 102 30
11 102 30
11 102 30
11 102 30
11 102 30
11 102 30
11 102 30
11 102 30
11 102 30
11 102 30
11 102 30
11 102 30
11 102 30
11 102 30
11 102 30
11 102 30
11 102 30
11 102 30
11 102 30
11 102 30
11 102 30
11 102 30
11 102 30
11 102 30
11 102 30
11 102 30
11 102 30
11 102 30
11 102 30
11 102 30
11 102 30
11 102 30
11 102 30
11 102 30
11 102 30
11 102 30
11 102 30
11 101 815
11 101 30
11 101 30
11 101 30
11 101 30
11 101 30
11 101 30
11 101 30
11 101 30
11 101 30
11 101 30
11 101 30
11 101 30
11 101 30
11 101 30
11 101 30
11 101 30
11 101 30
11 101 30
11 101 30
11 101 30
11 101 30
11 101 30
11 101 30
11 101 30
11 101 30
11 101 30
11 101 30
11 101 30
11 101 30
11 101 30
11 101 30
11 101 30
11 101 30
11 101 30
11 101 30
11 101 30
11 101 30
11 101 30
11 101 30
11 101 30
11 101 30
11 101 30
11 101 30
11 101 30
11 101 30
11 101 30
11 101 30
11 101 30
11 101 30
11 101 30
11 101 30
11 101 30
11 101 30
11 101 30
11 101 30
11 101 30
11 101 30
11 101 30
11 101 30
11 101 30
11 101 30
11 101 30
11 101 30
11 101 30
11 101 30
11 101 30
11 101 30
11 101 30
11 101 30
11 101 30
11 101 30
11 101 30
11 101 30
11 101 30
11 100 879
11 100 30
11 100 30
11 100 30
11 100 30
11 100 30
11 100 30
11 100 30
11 100 30
11 100 30
11 100 30
11 100 30
11 100 30
11 100 30
11 100 30
11 100 30
11 100 30
11 100 30
11 100 30
11 100 30
11 100 30
11 100 30
11 100 30
11 100 30
11 100 30
11 100 30
11 100 30
11 100 30
11 100 30
11 100 30
11 100 30
11 100 30
11 100 30
11 100 30
11 100 30
11 100 30
11 100 30
11 100 30
11 100 30
11 100 30
11 100 30
11 100 30
11 100 30
11 100 30
11 100 30
11 100 30
11 100 30
11 100 30
11 100 30
11 100 30
11 100 30
11 100 30
11 100 30
11 100 30
11 100 30
11 100 30
11 100 30
11 100 30
11 100 30
11 100 30
11 100 30
11 100 30
11 100 30
11 100 30
11 100 30
11 100 30
11 100 30
11 100 30
11 100 30
11 100 30
11 100 30
11 100 30
11 100 30
11 100 30
11 100 30
11 100 30
11 100 30
11 100 30
11 100 30
11 100 30
11 100 30
11 100 30
11 99 937
11 99 30
11 99 30
11 99 30
11 99 30
11 99 30
11 99 30
11 99 30
11 99 30
11 99 30
11 99 30
11 99 30
11 99 30
11 99 30
11 99 30
11 99 30
11 99 30
11 99 30
11 99 30
11 99 30
11 99 30
11 99 30
11 99 30
11 99 30
11 99 30
11 99 30
11 99 30
11 99 30
11 99 30
11 99 30
11 99 30
11 99 30
11 99 30
11 99 30
11 99 30
11 99 30
11 99 30
11 99 30
11 99 30
11 99 30
11 99 30
11 99 30
11 99 30
11 99 30
11 99 30
11 99 30
11 99 30
11 99 30
11 99 30
11 99 30
11 99 30
11 99 30
11 99 30
11 99 30
11 99 30
11 99 30
11 99 30
11 99 30
11 99 30
11 99 30
11 99 30
11 99 30
11 99 30
11 99 30
11 99 30
11 99 30
11 99 30
11 99 30
11 99 30
11 99 30
11 99 30
11 99 30
11 99 30
11 99 30
11 99 30
11 99 30
11 99 30
11 99 30
11 99 30
11 99 30
11 99 30
11 99 30
11 99 30
11 99 30
11 99 30
11 99 30
11 99 30
11 99 30
11 98 986
11 98 30
11 98 30
11 98 30
11 98 30
11 98 30
11 98 30
11 98 30
11 98 30
11 98 30
11 98 30
11 98 30
11 98 30
11 98 30
11 98 30
11 98 30
11 98 30
11 98 30
11 98 30
11 98 30
11 98 30
11 98 30
11 98 30
11 98 30
11 98 30
11 98 30
11 98 30
11 98 30
11 98 30
11 98 30
11 98 30
11 98 30
11 98 30
11 98 30
11 98 30
11 98 30
11 98 30
11 98 30
11 98 30
11 98 30
11 98 30
11 98 30
11 98 30
11 98 30
11 98 30
11 98 30
11 98 30
11 98 30
11 98 30
11 98 30
11 98 30
11 98 30
11 98 30
11 98 30
11 98 30
11 98 30
11 98 30
11 98 30
11 98 30
11 98 30
11 98 30
11 98 30
11 98 30
11 98 30
11 98 30
11 98 30
11 98 30
11 98 30
11 98 30
11 98 30
11 98 30
11 98 30
11 98 30
11 98 30
11 98 30
11 98 30
11 98 30
11 98 30
11 98 30
11 98 30
11 98 30
11 98 30
11 98 30
11 98 30
11 98 30
11 98 30
11 98 30
11 98 30
11 98 30
11 98 30
11 98 30
11 97 1024
11 97 30
11 97 30
11 97 30
11 97 30
11 97 30
11 97 30
11 97 30
11 97 30
11 97 30
11 97 30
11 97 30
11 97 30
11 97 30
11 97 30
11 97 30
11 97 30
11 97 30
11 97 30
11 97 30
11 97 30
11 97 30
11 97 30
11 97 30
11 97 30
11 97 30
11 97 30
11 97 30
11 97 30
11 97 30
11 97 30
11 97 30
11 97 30
11 97 30
11 97 30
11 97 30
11 97 30
11 97 30
11 97 30
11 97 30
11 97 30
11 97 30
11 97 30
11 97 30
11 97 30
11 97 30
11 97 30
11 97 30
11 97 30
11 97 30
11 97 30
11 97 30
11 97 30
11 97 30
11 97 30
11 97 30
11 97 30
11 97 30
11 97 30
11 97 30
11 97 30
11 97 30
11 97 30
11 97 30
11 97 30
11 97 30
11 97 30
11 97 30
11 97 30
11 97 30
11 97 30
11 97 30
11 97 30
11 97 30
11 97 30
11 97 30
11 97 30
11 97 30
11 97 30
11 97 30
11 97 30
11 97 30
11 97 30
11 97 30
11 97 30
11 97 30
11 97 30
11 97 30
11 97 30
11 97 30
11 97 30
11 97 30
11 96 1049
11 96 30
11 96 30
11 96 30
11 96 30
11 96 30
11 96 30
11 96 30
11 96 30
11 96 30
11 96 30
11 96 30
11 96 30
11 96 30
11 96 30
11 96 30
11 96 30
11 96 30
11 96 30
11 96 30
11 96 30
11 96 30
11 96 30
11 96 30
11 96 30
11 96 30
11 96 30
11 96 30
11 96 30
11 96 30
11 96 30
11 96 30
11 96 30
11 96 30
11 96 30
11 96 30
11 96 30
11 96 30
11 96 30
11 96 30
11 96 30
11 96 30
11 96 30
11 96 30
11 96 30
11 96 30
11 96 30
11 96 30
11 96 30
11 96 30
11 96 30
11 96 30
11 96 30
11 96 30
11 96 30
11 96 30
11 96 30
11 96 30
11 96 30
11 96 30
11 96 30
11 96 30
11 96 30
11 96 30
11 96 30
11 96 30
11 96 30
11 96 30
11 96 30
11 96 30
11 96 30
11 96 30
11 96 30
11 96 30
11 96 30
11 96 30
11 96 30
11 96 30
11 96 30
11 96 30
11 96 30
11 96 30
11 96 30
11 96 30
11 96 30
11 96 30
11 96 30
11 96 30
11 96 30
11 95 1062
11 95 30
11 95 30
11 95 30
11 95 30
11 95 30
11 95 30
11 95 30
11 95 30
11 95 30
11 95 30
11 95 30
11 95 30
11 95 30
11 95 30
11 95 30
11 95 30
11 95 30
11 95 30
11 95 30
11 95 30
11 95 30
11 95 30
11 95 30
11 95 30
11 95 30
11 95 30
11 95 30
11 95 30
11 95 30
11 95 30
11 95 30
11 95 30
11 95 30
11 95 30
11 95 30
11 95 30
11 95 30
11 95 30
11 95 30
11 95 30
11 95 30
11 95 30
11 95 30
11 95 30
11 95 30
11 95 30
11 95 30
11 95 30
11 95 30
11 95 30
11 95 30
11 95 30
11 95 30
11 95 30
11 95 30
11 95 30
11 95 30
11 95 30
11 95 30
11 95 30
11 95 30
11 95 30
11 95 30
11 95 30
11 95 30
11 95 30
11 95 30
11 95 30
11 95 30
11 95 30
11 95 30
11 95 30
11 95 30
11 95 30
11 95 30
11 95 30
11 95 30
11 95 30
11 95 30
11 95 30
11 95 30
11 95 30
11 94 1061
11 94 30
11 94 30
11 94 30
11 94 30
11 94 30
11 94 30
11 94 30
11 94 30
11 94 30
11 94 30
11 94 30
11 94 30
11 94 30
11 94 30
11 94 30
11 94 30
11 94 30
11 94 30
11 94 30
11 94 30
11 94 30
11 94 30
11 94 30
11 94 30
11 94 30
11 94 30
11 94 30
11 94 30
11 94 30
11 94 30
11 94 30
11 94 30
11 94 30
11 94 30
11 94 30
11 94 30
11 94 30
11 94 30
11 94 30
11 94 30
11 94 30
11 94 30
11 94 30
11 94 30
11 94 30
11 94 30
11 94 30
11 94 30
11 94 30
11 94 30
11 94 30
11 94 30
11 94 30
11 94 30
11 94 30
11 94 30
11 94 30
11 94 30
11 94 30
11 94 30
11 94 30
11 94 30
11 94 30
11 94 30
11 94 30
11 94 30
11 94 30
11 94 30
11 94 30
11 94 30
11 94 30
11 94 30
11 94 30
11 94 30
11 93 1048
11 93 30
11 93 30
11 93 30
11 93 30
11 93 30
11 93 30
11 93 30
11 93 30
11 93 30
11 93 30
11 93 30
11 93 30
11 93 30
11 93 30
11 93 30
11 93 30
11 93 30
11 93 30
11 93 30
11 93 30
11 93 30
11 93 30
11 93 30
11 93 30
11 93 30
11 93 30
11 93 30
11 93 30
11 93 30
11 93 30
11 93 30
11 93 30
11 93 30
11 93 30
11 93 30
11 93 30
11 93 30
11 93 30
11 93 30
11 93 30
11 93 30
11 93 30
11 93 30
11 93 30
11 93 30
11 93 30
11 93 30
11 93 30
11 93 30
11 93 30
11 93 30
11 93 30
11 93 30
11 93 30
11 93 30
11 93 30
11 93 30
11 93 30
11 93 30
11 93 30
11 93 30
11 93 30
11 93 30
11 93 30
11 93 30
11 92 1022
11 92 30
11 92 30
11 92 30
11 92 30
11 92 30
11 92 30
11 92 30
11 92 30
11 92 30
11 92 30
11 92 30
11 92 30
11 92 30
11 92 30
11 92 30
11 92 30
11 92 30
11 92 30
11 92 30
11 92 30
11 92 30
11 92 30
11 92 30
11 92 30
11 92 30
11 92 30
11 92 30
11 92 30
11 92 30
11 92 30
11 92 30
11 92 30
11 92 30
11 92 30
11 92 30
11 92 30
11 92 30
11 92 30
11 92 30
11 92 30
11 92 30
11 92 30
11 92 30
11 92 30
11 92 30
11 92 30
11 92 30
11 92 30
11 92 30
11 92 30
11 92 30
11 92 30
11 92 30
11 92 30
11 91 987
11 91 30
11 91 30
11 91 30
11 91 30
11 91 30
11 91 30
11 91 30
11 91 30
11 91 30
11 91 30
11 91 30
11 91 30
11 91 30
11 91 30
11 91 30
11 91 30
11 91 30
11 91 30
11 91 30
11 91 30
11 91 30
11 91 30
11 91 30
11 91 30
11 91 30
11 91 30
11 91 30
11 91 30
11 91 30
11 91 30
11 91 30
11 91 30
11 91 30
11 91 30
11 91 30
11 91 30
11 91 30
11 91 30
11 91 30
11 91 30
11 91 30
11 91 30
11 91 30
11 90 943
11 90 30
11 90 30
11 90 30
11 90 30
11 90 30
11 90 30
11 90 30
11 90 30
11 90 30
11 90 30
11 90 30
11 90 30
11 90 30
11 90 30
11 90 30
11 90 30
11 90 30
11 90 30
11 90 30
11 90 30
11 90 30
11 90 30
11 90 30
11 90 30
11 90 30
11 90 30
11 90 30
11 90 30
11 90 30
11 90 30
11 90 30
11 90 30
11 90 30
11 89 893
11 89 30
11 89 30
11 89 30
11 89 30
11 89 30
11 89 30
11 89 30
11 89 30
11 89 30
11 89 30
11 89 30
11 89 30
11 89 30
11 89 30
11 89 30
11 89 30
11 89 30
11 89 30
11 89 30
11 89 30
11 89 30
11 89 30
11 89 30
11 89 30
11 89 30
11 89 30
11 89 30
11 88 839
11 88 30
11 88 30
11 88 30
11 88 30
11 88 30
11 88 30
11 88 30
11 88 30
11 88 30
11 88 30
11 88 30
11 88 30
11 88 30
11 88 30
11 88 30
11 88 30
11 88 30
11 88 30
11 88 30
11 88 30
11 88 30
11 88 30
11 88 30
11 88 30
11 87 783
11 87 30
11 87 30
11 87 30
11 87 30
11 87 30
11 87 30
11 87 30
11 87 30
11 87 30
11 87 30
11 87 30
11 87 30
11 87 30
11 87 30
11 87 30
11 87 30
11 87 30
11 87 30
11 87 30
11 87 30
11 87 30
11 87 30
11 86 729
11 86 30
11 86 30
11 86 30
11 86 30
11 86 30
11 86 30
11 86 30
11 86 30
11 86 30
11 86 30
11 86 30
11 86 30
11 86 30
11 86 30
11 86 30
11 86 30
11 86 30
11 86 30
11 86 30
11 86 30
11 86 30
11 85 677
11 85 30
11 85 30
11 85 30
11 85 30
11 85 30
11 85 30
11 85 30
11 85 30
11 85 30
11 85 30
11 85 30
11 85 30
11 85 30
11 85 30
11 85 30
11 85 30
11 85 30
11 85 30
11 85 30
11 85 30
11 84 630
11 84 30
11 84 30
11 84 30
11 84 30
11 84 30
11 84 30
11 84 30
11 84 30
11 84 30
11 84 30
11 84 30
11 84 30
11 84 30
11 84 30
11 84 30
11 84 30
11 84 30
11 84 30
11 83 587
11 83 30
11 83 30
11 83 30
11 83 30
11 83 30
11 83 30
11 83 30
11 83 30
11 83 30
11 83 30
11 83 30
11 83 30
11 83 30
11 83 30
11 83 30
11 83 30
11 83 30
10 83 533
10 83 30
10 83 30
10 83 30
10 83 30
10 83 30
10 83 30
10 83 30
10 83 30
10 83 30
10 83 30
9 83 485
9 83 30
9 83 30
9 83 30
9 83 30
9 83 30
9 83 30
9 82 425
9 82 30
9 82 30
9 82 30
9 82 30
9 82 30
9 82 30
9 82 30
8 82 372
8 82 30
8 82 30
8 82 30
8 82 30
8 81 312
8 81 30
8 81 30
8 81 30
8 81 30
8 81 30
8 81 30
7 81 255
7 81 30
7 81 30
7 81 30
7 81 30
7 81 30
7 80 198
7 80 30
7 80 30
7 80 30
7 80 30
7 80 30
7 80 30
6 80 141
6 80 30
6 80 30
6 80 30
6 80 30
6 80 30
6 80 30
6 79 91
6 79 30
6 79 30
6 79 30
6 79 30
6 79 30
6 79 30
5 79 36
5 79 30
5 79 30
5 79 30
5 79 30
5 79 30
5 79 30
5 78 15
5 78 30
5 78 30
5 78 30
5 78 30
5 78 30
5 78 30
5 77 15
5 77 30
5 77 30
5 77 30
5 77 30
5 77 30
5 76 15
5 76 30
5 76 30
5 76 30
5 76 30
5 75 15
5 75 30
5 75 30
5 75 30
5 74 15
5 74 30
5 74 30
5 73 15
5 73 30
5 73 30
5 72 20
5 72 30
5 72 30
5 71 39
5 71 30
5 70 55
5 70 30
5 69 68
5 68 76
5 68 30
5 67 79
5 67 30
5 66 77
5 66 30
5 66 30
5 65 70
5 65 30
5 65 30
5 64 61
5 64 30
5 64 30
5 64 30
5 63 49
5 63 30
5 63 30
5 63 30
5 62 37
5 62 30
5 62 30
5 62 30
5 61 26
5 61 30
5 61 30
5 61 30
5 61 30
5 60 18
5 60 30
5 60 30
5 60 30
5 60 30
5 59 15
5 59 30
5 59 30
5 59 30
5 59 30
5 59 30
5 58 15
5 58 30
5 58 30
5 58 30
5 58 30
5 58 30
4 58 15
4 58 30
4 58 30
4 58 30
4 58 30
4 57 15
4 57 30
4 57 30
4 57 30
4 57 30
4 56 15
4 56 30
4 56 30
4 56 30
4 56 30
4 56 30
3 56 15
3 56 30
3 56 30
3 56 30
2 56 15
2 56 30
2 56 30
2 55 15
2 55 30
2 55 30
1 55 15
1 55 30
3 55 15
3 55 30
3 55 30
3 55 30
3 55 30
3 57 15
3 57 30
3 57 30
3 57 30
6 60 19
6 60 30
6 60 30
6 60 30
6 60 30
6 60 30
6 61 25
6 61 30
6 61 30
6 61 30
6 61 30
7 61 32
7 61 30
7 61 30
7 61 30
7 61 30
7 62 39
7 62 30
7 62 30
7 62 30
7 62 30
7 63 50
7 63 30
7 63 30
7 63 30
8 63 64
8 63 30
8 63 30
8 63 30
9 63 87
9 63 30
9 63 30
10 63 118
10 63 30
10 63 30
0 54 15
0 54 30
0 53 15
0 53 30
0 52 15
0 52 30
0 51 15
0 51 30
0 51 30
0 50 15
0 50 30
0 50 30
0 49 15
0 49 30
0 49 30
0 48 15
0 48 30
0 48 30
0 47 15
0 47 30
0 47 30
0 46 15
0 46 30
0 46 30
0 45 15
0 45 30
0 45 30
0 44 15
0 44 30
0 43 15
0 43 30
0 42 15
0 42 30
0 41 15
0 41 30
1 41 15
1 41 30
1 40 15
1 40 30
2 39 15
2 38 15
2 37 15
2 36 15
2 35 15
2 34 15
3 34 15
3 33 15
3 32 15
3 31 15
3 30 15
3 29 15
3 28 15
3 27 15
3 26 15
3 26 30
4 25 16
4 25 30
5 25 15
5 25 30
6 25 15
7 25 15
8 25 15
9 25 15
10 25 15
11 25 15
12 25 15
12 24 15
13 24 15
14 24 15
14 23 15
15 23 15
16 23 15
16 22 15
16 21 15
16 20 15
16 19 15
6 131 15
6 132 15
6 133 15
6 134 15
6 135 15
5 135 15
5 136 15
5 137 15
5 138 15
5 139 15
5 140 15
5 140 30
5 141 15
5 141 30
5 142 15
5 142 30
102 122 15
102 122 30
102 121 15
102 121 30
102 120 15
102 120 30
102 119 15
102 119 30
102 118 15
102 118 30
102 117 15
102 117 30
102 116 15
102 115 15
102 114 15
102 113 15
102 112 15
102 111 18
101 110 20
100 110 19
99 110 21
99 109 21
99 108 22
98 108 22
98 107 21
98 106 21
97 106 19
97 105 17
97 104 15
97 104 30
97 103 15
97 103 30
96 103 15
96 103 30
96 102 15
96 102 30
96 101 15
96 101 30
95 101 15
95 101 30
95 100 15
95 100 30
95 99 15
95 99 30
94 99 15
94 99 30
93 99 15
92 99 15
92 98 15
91 98 15
91 97 15
90 97 15
90 96 15
90 95 15
90 94 15
90 93 15
103 122 15
103 122 30
103 123 15
103 123 30
103 124 15
103 125 15
103 126 15
103 127 15
103 128 15
103 129 15
103 130 15
103 131 15
103 132 15
102 132 15
102 133 15
102 133 30
101 133 18
101 133 30
101 134 24
100 134 32
100 135 41
98 135 64
98 135 30
98 136 77
97 136 91
97 136 30
96 136 106
96 136 30
96 136 30
96 137 122
96 137 30
95 137 137
95 137 30
95 137 30
94 137 152
94 137 30
94 137 30
94 137 30
94 137 30
93 137 167
93 137 30
93 137 30
93 137 30
93 137 30
93 137 30
93 137 30
92 137 181
92 137 30
92 137 30
92 137 30
92 137 30
92 137 30
92 137 30
92 137 30
92 137 30
92 137 30
92 138 194
92 138 30
92 138 30
92 138 30
92 138 30
92 138 30
92 138 30
92 138 30
91 138 204
91 138 30
91 138 30
91 138 30
91 138 30
91 138 30
91 138 30
91 138 30
91 138 30
91 138 30
90 138 213
90 138 30
90 138 30
90 138 30
90 138 30
90 138 30
90 138 30
90 138 30
90 138 30
90 138 30
90 138 30
89 138 220
89 138 30
89 138 30
89 138 30
89 138 30
89 138 30
89 138 30
89 138 30
89 138 30
89 138 30
88 138 225
88 138 30
88 138 30
88 138 30
88 138 30
88 138 30
88 138 30
88 138 30
87 138 228
87 138 30
87 138 30
87 138 30
87 138 30
87 139 228
87 139 30
87 139 30
87 139 30
87 139 30
86 139 225
86 139 30
86 139 30
86 140 226
86 140 30
85 141 220
84 141 207
83 141 192
82 141 177
81 141 162
80 141 147
79 141 133
78 141 120
78 142 107
77 142 94
76 142 83
76 143 72
75 143 62
75 144 54
74 144 45
73 144 39
73 145 32
72 145 28
72 146 23
72 147 22
71 148 16
70 148 15
70 149 15
69 149 15
69 150 15
69 151 15
69 152 15
69 153 15
69 154 15
69 155 15
69 155 30
69 156 15
69 156 30
69 157 15
69 157 30
69 158 15
69 158 30
69 159 15
69 159 30
69 160 15
69 160 30
69 161 15
69 161 30
69 161 30
69 162 15
69 162 30
69 162 30
69 163 15
69 163 30
69 163 30
69 164 15
69 164 30
69 164 30
69 164 30
69 165 15
69 165 30
69 165 30
69 165 30
69 166 15
69 166 30
69 166 30
69 166 30
69 167 15
69 167 30
69 167 30
69 167 30
69 168 15
69 168 30
69 168 30
69 168 30
69 169 24
69 169 30
69 169 30
70 169 38
70 169 30
70 169 30
70 170 52
70 170 30
70 170 30
71 170 66
71 170 30
71 170 30
72 170 81
72 170 30
72 170 30
72 171 95
72 171 30
72 171 30
73 171 108
73 171 30
73 171 30
74 171 121
74 171 30
75 171 133
75 171 30
75 172 143
75 172 30
76 172 151
77 172 157
78 172 161
79 172 164
80 172 164
80 172 30
81 172 162
81 172 30
81 172 30
81 172 30
81 173 157
81 173 30
81 173 30
81 173 30
81 173 30
82 173 149
82 173 30
82 173 30
82 173 30
82 173 30
82 173 30
82 173 30
83 173 141
83 173 30
83 173 30
83 173 30
83 173 30
83 173 30
83 173 30
83 173 30
83 173 30
84 173 131
84 173 30
84 173 30
84 173 30
84 173 30
84 173 30
84 173 30
84 173 30
84 173 30
84 173 30
84 173 30
84 174 119
84 174 30
84 174 30
84 174 30
84 174 30
84 174 30
84 174 30
84 174 30
84 174 30
84 174 30
84 174 30
85 174 106
85 174 30
85 174 30
85 174 30
85 174 30
85 174 30
85 174 30
85 174 30
85 174 30
85 174 30
85 174 30
85 174 30
85 174 30
86 174 93
86 174 30
86 174 30
86 174 30
86 174 30
86 174 30
86 174 30
86 174 30
86 174 30
86 174 30
86 174 30
86 174 30
86 174 30
86 174 30
86 175 79
86 175 30
86 175 30
86 175 30
86 175 30
86 175 30
86 175 30
86 175 30
86 175 30
86 175 30
86 175 30
86 175 30
86 175 30
87 175 64
87 175 30
87 175 30
87 175 30
87 175 30
87 175 30
87 175 30
87 175 30
87 175 30
87 175 30
87 175 30
87 175 30
87 175 30
88 175 51
88 175 30
88 175 30
88 175 30
88 175 30
88 175 30
88 175 30
88 175 30
88 175 30
88 175 30
88 175 30
88 175 30
88 175 30
88 176 36
88 176 30
88 176 30
88 176 30
88 176 30
88 176 30
88 176 30
88 176 30
88 176 30
88 176 30
89 176 23
89 176 30
89 176 30
89 176 30
89 176 30
89 176 30
89 176 30
89 176 30
89 176 30
89 177 15
89 177 30
89 177 30
89 177 30
89 177 30
89 177 30
89 177 30
90 177 15
90 177 30
90 177 30
90 177 30
90 177 30
90 178 15
90 178 30
90 178 30
90 178 30
91 178 15
91 178 30
91 178 30
91 179 15
91 179 30
91 179 30
91 180 15
91 180 30
92 180 15
92 180 30
93 180 15
93 180 30
94 180 15
94 180 30
95 180 15
95 180 30
96 180 15
96 180 30
97 180 15
97 180 30
98 180 15
98 180 30
99 180 15
99 180 30
100 180 15
100 180 30
101 180 15
101 180 30
102 180 15
102 180 30
103 180 15
103 180 30
104 180 15
104 180 30
105 180 15
105 180 30
106 180 15
106 180 30
107 180 15
107 180 30
108 180 15
108 180 30
108 181 15
108 181 30
108 182 15
108 182 30
108 183 15
108 183 30
108 184 15
108 184 30
108 185 15
108 185 30
108 186 15
108 186 30
108 187 15
108 187 30
108 188 15
108 188 30
108 189 15
108 189 30
108 190 15
108 190 30
108 191 15
108 191 30
108 192 15
108 192 30
108 193 15
108 193 30
109 194 15
109 194 30
110 194 15
110 194 30
111 194 15
111 194 30
112 194 15
112 194 30
113 194 15
113 194 30
114 194 15
114 194 30
115 194 15
115 194 30
116 194 15
116 194 30
116 195 15
116 195 30
117 195 15
117 195 30
118 195 15
118 195 30
119 195 15
119 195 30
120 195 15
120 195 30
120 195 30
121 195 15
121 195 30
121 195 30
121 195 30
121 196 15
121 196 30
121 196 30
121 197 15
121 197 30
121 197 30
121 198 15
121 198 30
121 198 30
122 198 15
122 198 30
122 198 30
122 198 30
122 198 30
123 198 15
123 198 30
123 198 30
123 198 30
123 198 30
123 198 30
123 198 30
123 198 30
124 198 53
124 198 30
124 198 30
124 198 30
124 198 30
124 198 30
124 198 30
124 198 30
124 198 30
124 198 30
124 198 30
125 198 123
125 198 30
125 198 30
125 198 30
125 198 30
125 198 30
125 198 30
125 198 30
125 198 30
125 198 30
125 198 30
125 198 30
125 198 30
126 198 197
126 198 30
126 198 30
126 198 30
126 198 30
126 198 30
126 198 30
126 198 30
126 198 30
126 198 30
126 198 30
126 198 30
126 198 30
126 198 30
127 198 274
127 198 30
127 198 30
127 198 30
127 198 30
127 198 30
127 198 30
127 198 30
127 198 30
127 198 30
127 198 30
127 198 30
127 198 30
128 198 350
128 198 30
128 198 30
128 198 30
128 198 30
128 198 30
128 198 30
128 198 30
128 198 30
128 198 30
129 198 423
129 198 30
129 198 30
129 198 30
129 198 30
129 198 30
129 198 30
130 198 490
130 198 30
130 198 30
131 198 548
132 198 597
133 198 633
134 198 658
135 198 669
136 198 667
137 198 653
138 198 629
139 198 597
140 198 557
141 198 514
142 198 470
143 198 427
144 198 388
145 198 356
145 197 325
146 197 292
146 196 260
146 196 30
147 196 230
147 196 30
147 196 30
147 195 196
147 195 30
147 195 30
147 195 30
147 194 170
147 194 30
147 194 30
147 194 30
148 194 135
148 194 30
148 194 30
148 194 30
148 194 30
148 193 106
148 193 30
148 193 30
148 193 30
148 193 30
148 193 30
149 193 80
149 193 30
149 193 30
149 193 30
149 193 30
149 193 30
149 192 47
149 192 30
149 192 30
149 192 30
149 192 30
149 192 30
149 192 30
149 191 20
149 191 30
149 191 30
149 191 30
149 191 30
149 191 30
149 191 30
149 191 30
150 191 15
150 191 30
150 191 30
150 191 30
150 191 30
150 191 30
150 191 30
151 191 15
151 191 30
151 191 30
151 191 30
151 191 30
151 191 30
151 190 15
151 190 30
151 190 30
151 190 30
151 190 30
151 190 30
151 189 15
151 189 30
151 189 30
151 189 30
151 189 30
151 188 15
151 188 30
151 188 30
151 188 30
151 188 30
151 187 15
151 187 30
151 187 30
151 187 30
151 186 15
151 186 30
151 186 30
151 186 30
151 185 15
151 185 30
151 185 30
152 185 15
152 185 30
152 185 30
153 185 15
153 185 30
153 185 30
154 185 15
154 185 30
154 185 30
154 184 15
154 184 30
154 183 15
154 183 30
154 182 15
154 182 30
154 181 15
154 181 30
154 180 15
154 180 30
154 179 15
154 179 30
155 179 15
155 179 30
156 179 15
156 179 30
157 179 15
157 179 30
158 179 15
158 179 30
159 179 15
159 179 30
159 179 30
160 178 15
160 178 30
160 178 30
160 177 15
160 177 30
160 177 30
160 176 15
160 176 30
160 175 15
160 175 30
161 175 15
161 175 30
161 175 30
161 174 15
161 174 30
161 173 15
161 173 30
161 172 15
161 172 30
162 172 15
162 172 30
162 171 15
162 171 30
162 170 15
162 170 30
163 170 15
163 170 30
164 170 15
164 170 30
164 169 15
165 169 15
166 169 15
167 169 15
168 169 15
169 169 15
169 169 30
169 168 15
169 167 15
170 167 15
171 167 15
171 167 30
172 167 15
172 167 30
173 167 15
173 167 30
174 167 15
174 167 30
175 167 15
175 167 30
176 167 15
176 167 30
177 167 15
177 167 30
178 167 15
178 167 30
179 167 15
179 167 30
179 167 30
180 167 15
180 167 30
180 167 30
181 167 28
181 167 30
181 167 30
182 167 41
182 167 30
182 167 30
183 167 51
183 167 30
183 167 30
184 167 60
184 167 30
185 167 65
185 167 30
186 167 67
187 167 66
188 167 62
189 167 54
190 167 44
191 167 32
192 167 19
192 167 30
193 167 15
193 167 30
194 167 15
194 167 30
194 168 15
194 168 30
195 168 15
195 168 30
196 168 15
196 168 30
196 169 15
196 169 30
197 169 15
197 169 30
198 169 15
198 169 30
198 170 15
198 170 30
198 171 15
198 171 30
104 122 15
104 122 30
105 122 15
105 122 30
106 122 15
106 122 30
107 122 15
107 122 30
108 122 15
108 122 30
109 122 15
109 122 30
110 122 15
110 122 30
111 122 15
111 122 30
112 122 15
112 122 30
113 122 17
113 122 30
114 122 20
115 122 23
116 122 28
117 122 34
118 122 42
119 122 52
120 122 64
121 122 80
122 122 99
122 122 30
123 122 122
123 122 30
124 122 149
124 122 30
173 36 15
174 36 15
175 36 15
176 36 15
177 36 15
178 36 15
178 35 15
179 35 15
180 35 15
181 35 15
181 34 15
182 34 15
182 33 15
183 33 15
184 33 15
184 32 15
184 31 15
184 30 15
184 29 15
184 28 15
185 27 15
186 27 15
187 27 15
188 27 15
189 27 15
190 27 15
190 26 15
190 25 15
191 25 15
192 25 15
193 25 15
194 25 15
195 25 15
196 25 15
196 24 15
196 23 15
197 23 15
197 22 15
197 22 30
197 21 15
197 21 30
