88 173 220
34 130 220
162 117 220
137 129 220
189 184 220
190 16 220
24 90 220
90 39 220
51 176 220
108 67 220
5 2 220
68 29 220
82 82 220
149 123 220
94 74 220
79 34 220
96 59 220
63 171 220
76 179 220
76 179 210
50 163 220
75 165 220
75 165 210
34 114 220
22 106 220
34 99 220
199 9 220
199 23 220
199 177 220
189 170 220
150 137 220
163 131 220
163 131 210
138 143 220
22 122 220
177 177 220
190 30 220
62 158 220
177 164 220
190 1 220
199 38 220
83 67 220
77 47 220
148 109 220
161 103 220
161 103 210
164 171 220
164 157 220
151 150 220
151 150 210
22 137 220
189 45 220
189 45 210
100 166 220
100 166 210
35 144 220
48 151 220
177 8 220
177 22 220
86 53 220
164 14 220
164 29 220
66 42 220
176 37 220
99 45 220
110 52 220
163 43 220
175 52 220
71 75 220
162 58 220
135 115 220
73 61 220
174 66 220
174 66 210
47 137 220
47 137 210
199 191 220
199 191 210
18 0 220
18 10 220
18 10 210
134 100 220
134 100 210
101 180 220
164 0 220
64 55 220
64 55 210
152 6 220
151 20 220
151 20 210
151 164 220
151 164 210
151 164 210
121 61 220
36 157 220
23 150 220
120 76 220
120 92 220
120 92 210
120 92 210
134 70 220
134 70 210
133 85 220
133 85 210
161 73 220
147 79 220
147 79 210
38 169 220
24 163 220
60 144 220
60 144 210
26 175 220
39 182 220
36 83 220
36 83 210
88 187 220
101 194 220
88 199 220
52 189 220
52 189 210
11 143 220
11 157 220
11 157 210
10 129 220
0 136 220
0 121 220
10 114 220
11 98 220
0 106 220
46 122 220
45 107 220
46 91 220
58 83 220
68 30 133
68 31 107
68 32 86
68 33 69
69 33 56
69 34 44
70 34 35
70 35 27
71 35 22
71 36 18
72 36 17
72 37 15
73 37 16
73 38 17
74 38 20
74 39 23
75 39 28
76 39 34
77 39 42
78 39 50
79 39 59
80 39 68
81 39 77
82 39 85
83 39 94
84 39 102
85 39 110
86 39 118
87 39 126
88 39 134
89 39 144
108 66 97
108 65 87
108 64 78
108 63 71
108 62 65
108 61 61
108 60 59
108 59 58
108 58 60
107 58 62
107 57 63
106 57 65
106 56 66
105 56 67
104 56 68
104 55 68
103 55 68
103 54 69
102 54 68
101 54 69
101 53 68
100 53 68
100 52 67
99 52 66
99 51 66
98 51 65
97 51 65
97 50 64
96 50 64
96 49 64
95 49 64
94 49 65
94 48 64
93 48 65
93 47 66
92 47 66
91 47 68
91 46 69
90 46 70
90 45 72
90 44 77
90 43 85
90 42 97
90 41 112
90 40 131
133 70 304
132 70 277
131 70 248
130 70 220
129 70 192
128 70 165
127 70 140
126 70 117
125 70 96
124 70 79
123 70 64
122 70 53
122 70 241
121 70 46
121 70 241
120 70 42
120 70 241
120 69 36
120 69 241
119 69 34
119 69 241
119 68 30
119 68 241
118 68 29
118 68 241
118 67 27
118 67 241
117 67 26
117 67 241
116 67 29
116 67 241
115 67 35
114 67 42
113 67 52
112 67 62
111 67 74
110 67 86
109 67 98
134 71 311
134 72 295
134 72 241
134 73 282
134 73 241
134 74 272
134 74 241
134 75 265
134 75 241
134 76 262
134 77 262
134 78 264
134 79 270
134 80 278
134 81 288
134 81 241
134 82 299
134 82 241
134 83 312
134 83 241
134 84 326
134 84 241
134 85 340
134 86 353
134 87 367
134 88 379
134 89 389
134 90 398
134 91 404
134 92 408
134 93 409
134 94 408
134 95 404
134 96 397
134 97 388
134 98 376
134 99 363
134 99 241
135 100 325
135 100 241
136 100 307
136 100 241
136 101 288
136 101 241
136 102 269
136 102 241
136 103 249
136 103 241
136 104 230
136 104 241
136 105 211
136 105 241
137 105 194
137 105 241
137 106 175
137 106 241
137 107 159
137 107 241
137 108 144
137 108 241
138 108 129
138 108 241
138 109 116
138 109 241
139 109 104
139 109 241
139 110 93
139 110 241
139 111 84
139 111 241
140 111 75
140 111 241
140 112 68
140 112 241
141 112 62
141 112 241
141 113 57
141 113 241
142 113 54
142 113 241
142 114 51
142 114 241
143 114 49
143 114 241
143 115 47
143 115 241
144 115 47
144 115 241
144 116 47
144 116 241
145 116 47
145 116 241
146 116 48
146 116 241
146 117 50
146 117 241
147 117 51
147 117 241
148 117 53
148 117 241
149 117 55
149 117 241
149 118 57
149 118 241
149 119 62
149 119 241
149 120 68
149 121 75
149 122 83
148 123 85
147 123 81
146 123 77
145 123 74
144 123 73
144 124 75
144 125 76
144 126 75
144 127 73
144 128 69
144 129 64
143 129 61
142 129 62
141 129 66
140 129 74
139 129 87
138 129 105
151 149 296
151 148 281
151 147 267
151 146 253
150 146 237
150 145 221
149 145 204
149 144 187
148 144 169
148 143 151
147 143 134
147 142 117
146 142 101
146 141 86
145 141 73
145 140 60
144 140 50
144 139 40
144 138 33
143 138 27
143 137 23
142 137 22
142 137 241
142 136 21
142 135 23
141 135 27
141 134 31
141 133 37
141 132 44
141 131 51
141 130 59
152 150 312
153 150 314
154 150 317
154 151 319
155 151 317
155 152 314
156 152 309
156 153 302
157 153 294
157 154 283
158 154 271
158 155 257
158 156 243
159 156 226
159 157 210
160 157 192
161 157 177
162 157 166
163 157 158
164 158 126
164 158 241
164 159 99
164 159 241
164 160 77
164 160 241
164 161 59
164 161 241
164 162 44
164 162 241
165 162 33
165 162 241
165 163 21
165 163 241
166 163 15
166 163 241
166 164 15
166 164 241
166 165 15
166 165 241
166 166 15
166 166 241
167 166 15
167 166 241
168 166 15
168 166 241
169 166 15
169 166 241
170 166 15
170 166 241
171 166 15
171 166 241
172 166 15
172 166 241
172 167 15
172 167 241
173 167 15
173 167 241
174 167 15
174 167 241
174 168 15
174 168 241
174 169 15
174 169 241
174 170 15
174 170 241
175 170 15
175 170 241
176 170 15
176 170 241
176 171 16
176 171 241
177 171 19
177 171 241
178 171 23
178 171 241
178 172 26
178 172 241
179 172 27
179 172 241
180 172 29
180 172 241
181 172 31
181 172 241
181 173 30
181 173 241
182 173 29
182 173 241
183 173 28
183 173 241
183 174 26
184 174 23
185 174 21
185 175 18
186 175 15
186 175 241
187 175 15
187 175 241
188 175 15
188 175 241
188 176 15
188 176 241
188 177 15
188 177 241
188 178 15
188 178 241
189 178 15
189 178 241
189 179 15
189 179 241
189 180 19
189 180 241
189 181 37
189 181 241
189 182 60
189 182 241
189 183 88
189 183 241
150 117 57
150 117 241
151 117 60
151 117 241
152 117 62
152 117 241
153 117 66
153 117 241
154 117 70
154 117 241
155 117 75
156 117 82
157 117 92
158 117 103
159 117 118
160 117 136
161 117 157
135 70 355
136 70 378
137 70 397
138 70 413
139 70 426
140 70 435
141 70 440
142 70 441
143 70 438
144 70 431
145 70 420
146 70 405
147 70 388
148 70 368
149 70 345
150 70 321
151 70 295
152 70 269
153 70 243
154 70 218
155 70 194
156 70 172
157 70 152
158 70 136
158 70 241
159 70 123
159 70 241
160 70 113
160 70 241
160 69 107
160 69 241
161 69 99
161 69 241
161 69 241
161 68 94
161 68 241
161 68 241
162 68 88
162 68 241
162 68 241
162 67 84
162 67 241
162 67 241
163 67 81
163 67 241
163 67 241
163 66 76
163 66 241
163 66 241
163 65 74
163 65 241
164 65 71
164 65 241
164 65 241
164 64 69
164 64 241
164 63 68
164 63 241
165 63 65
165 63 241
165 62 64
165 62 241
165 61 64
165 61 241
166 61 62
166 61 241
166 60 60
166 60 241
166 59 60
166 59 241
167 59 59
167 59 241
167 58 57
167 58 241
167 57 56
167 57 241
167 56 55
167 56 241
168 56 54
168 56 241
168 55 52
168 55 241
168 54 51
168 54 241
168 53 49
168 53 241
168 52 48
168 52 241
168 51 47
168 51 241
169 51 46
169 51 241
169 50 45
169 50 241
169 49 43
169 49 241
169 48 42
169 48 241
169 47 41
169 47 241
169 46 40
169 46 241
169 45 40
169 45 241
169 44 39
169 44 241
169 43 39
169 43 241
169 42 39
169 42 241
169 41 39
169 41 241
169 40 39
169 40 241
169 39 40
169 39 241
170 39 41
170 39 241
170 38 42
170 38 241
170 37 43
170 37 241
170 36 45
170 36 241
170 35 47
170 35 241
170 34 50
170 33 53
171 33 56
171 32 60
171 31 64
171 30 68
171 29 73
171 28 78
171 27 83
171 26 89
171 25 94
171 24 99
171 23 104
171 22 108
171 21 111
171 20 113
171 19 114
171 18 114
171 17 114
171 16 112
172 16 115
173 16 120
174 16 124
175 16 129
176 16 134
177 16 138
178 16 141
179 16 143
180 16 144
181 16 144
182 16 142
183 16 139
184 16 135
185 16 130
186 16 123
187 16 116
188 16 109
189 16 101
82 81 127
82 80 103
81 80 103
80 80 104
79 80 107
78 80 110
77 80 115
76 80 119
75 80 124
74 80 129
73 80 134
72 80 138
72 80 241
71 80 142
71 80 241
70 80 145
70 80 241
69 80 148
69 80 241
68 80 150
68 80 241
68 80 241
67 80 152
67 80 241
67 80 241
66 80 154
66 80 241
66 80 241
65 80 156
65 80 241
65 80 241
64 80 158
64 80 241
64 80 241
63 80 160
63 80 241
63 80 241
63 81 161
63 81 241
62 81 161
62 81 241
61 81 162
61 81 241
61 82 161
61 82 241
60 82 161
60 82 241
60 83 161
60 83 241
59 83 159
58 84 157
57 84 155
56 84 155
56 85 153
55 85 151
55 86 151
54 86 148
53 86 147
53 87 146
52 87 144
51 87 144
51 88 141
50 88 140
50 89 139
49 89 137
48 89 136
48 90 134
47 90 133
47 91 131
45 91 128
45 92 126
44 92 124
44 93 122
43 93 120
42 93 119
42 94 117
41 94 116
40 94 114
39 94 113
38 94 111
37 94 109
36 94 107
35 94 105
34 94 102
34 95 101
34 96 101
34 97 104
34 98 108
34 100 117
34 101 122
34 102 127
34 103 131
34 104 135
34 105 137
34 106 138
34 107 138
34 108 136
34 109 133
34 110 130
34 111 125
34 112 119
34 113 113
34 115 101
34 116 95
34 117 90
34 118 86
34 119 82
34 120 80
34 121 79
34 122 80
34 123 82
34 124 85
34 125 89
34 126 94
34 127 99
34 128 106
34 129 112
50 176 117
49 176 115
48 176 113
47 176 112
46 176 110
45 176 107
44 176 105
43 176 101
42 176 97
41 176 93
40 176 88
39 176 83
38 176 78
38 176 241
37 176 73
37 176 241
36 176 70
36 176 241
36 175 66
36 175 241
35 175 62
35 175 241
34 175 60
34 175 241
34 174 55
34 174 241
33 174 53
33 174 241
33 173 50
33 173 241
33 172 49
33 172 241
33 171 50
33 170 53
33 169 57
33 168 62
33 167 67
33 166 73
33 165 78
33 164 83
33 163 87
33 162 91
33 161 94
33 160 96
33 159 98
33 158 99
33 157 99
33 156 99
33 155 99
33 154 99
33 153 100
33 152 100
33 151 101
33 150 103
33 149 105
33 148 108
33 147 111
33 146 115
33 145 119
33 144 123
33 143 127
33 142 131
33 141 135
33 140 138
33 139 141
33 138 142
33 137 143
33 136 142
33 135 141
33 134 138
33 133 134
33 132 130
33 131 125
33 130 119
62 171 130
62 171 241
61 171 118
60 171 108
59 171 100
58 171 96
57 171 93
56 171 93
55 171 95
54 171 98
53 171 103
53 172 107
52 172 111
52 173 113
52 174 116
51 174 116
51 175 117
64 171 161
64 171 241
65 171 179
65 171 241
66 171 199
67 171 219
68 171 239
69 171 259
70 171 278
71 171 295
72 171 311
73 171 324
74 171 334
75 171 341
76 171 345
77 171 345
78 171 341
79 171 334
79 171 241
80 171 323
80 171 241
81 171 310
81 171 241
82 171 294
82 171 241
83 171 275
83 171 241
84 171 255
84 171 241
85 171 234
85 171 241
86 171 212
86 171 241
87 171 191
87 171 241
88 171 171
88 171 241
88 172 158
88 172 241
33 97 101
32 97 98
31 97 95
30 97 91
29 97 87
28 97 83
27 97 80
26 97 77
25 97 74
24 97 72
24 96 73
24 95 77
24 94 84
24 93 95
24 92 110
24 91 130
