166 199 115
40 100 115
140 34 115
140 34 105
140 34 105
70 54 115
127 158 115
30 195 115
77 18 115
40 162 115
82 152 115
54 127 115
42 117 115
53 110 115
53 110 105
30 183 115
30 183 105
73 36 115
41 188 115
41 188 105
41 188 105
43 134 115
43 134 105
71 148 115
71 148 105
59 44 115
61 27 115
18 189 115
18 199 115
178 192 115
178 192 105
178 192 105
178 192 105
154 191 115
154 191 105
154 191 105
154 191 105
126 144 115
111 149 115
111 149 105
111 149 105
29 106 115
29 106 105
29 106 105
30 170 115
30 170 105
141 152 115
152 41 115
152 41 105
153 26 115
164 33 115
141 139 115
141 139 105
141 139 105
141 139 105
64 10 115
64 10 105
96 143 115
96 143 105
164 18 115
164 18 105
164 18 105
164 18 105
164 18 105
57 60 115
84 139 115
84 139 105
164 48 115
176 40 115
176 40 105
176 40 105
167 184 115
167 184 105
167 184 105
168 170 115
155 161 115
155 161 105
155 161 105
179 164 115
179 164 105
179 164 105
179 164 105
155 176 115
141 167 115
141 167 105
141 17 115
70 69 115
70 69 105
70 69 105
128 24 115
128 24 105
128 24 105
128 24 105
128 24 105
58 75 115
58 75 105
58 75 105
58 75 105
176 54 115
176 54 105
176 54 105
176 54 105
176 54 105
140 2 115
152 10 115
168 156 115
168 156 105
168 156 105
168 156 105
168 156 105
168 156 105
168 156 105
168 156 105
179 178 115
179 178 105
190 171 115
199 178 115
199 164 115
78 2 115
66 0 115
199 150 115
199 135 115
190 142 115
189 128 115
189 128 105
189 128 105
189 128 105
45 50 115
47 35 115
47 35 105
47 35 105
129 8 115
117 0 115
104 4 115
104 4 105
104 4 105
104 4 105
104 4 105
88 29 115
86 46 115
86 46 105
86 46 105
86 46 105
90 11 115
90 11 105
90 11 105
116 14 115
103 21 115
103 21 105
103 21 105
95 156 115
190 185 115
199 192 115
199 192 105
199 192 105
199 192 105
45 65 115
33 56 115
34 69 115
34 69 105
52 155 115
50 167 115
37 84 115
190 157 115
152 56 115
152 56 105
152 56 105
152 56 105
152 56 105
152 56 105
139 49 115
126 56 115
126 56 105
126 56 105
199 121 115
199 121 105
199 121 105
199 121 105
199 121 105
138 63 115
125 71 115
125 71 105
138 77 115
199 107 115
199 107 105
199 107 105
199 93 115
199 93 105
199 93 105
199 93 105
199 93 105
199 93 105
188 100 115
176 108 115
176 94 115
164 101 115
164 101 105
164 101 105
164 101 105
124 84 115
124 84 105
138 89 115
189 114 115
125 96 115
125 96 105
125 96 105
125 96 105
176 81 115
176 81 105
176 81 105
176 81 105
176 81 105
176 81 105
151 82 115
163 88 115
60 158 115
60 158 105
62 145 115
62 145 105
64 132 115
81 164 115
26 90 115
26 90 105
26 90 105
26 90 105
26 90 105
70 160 115
70 173 115
70 173 105
70 173 105
70 173 105
40 176 115
34 41 115
34 41 105
34 41 105
34 41 105
54 141 115
54 141 105
50 18 115
50 18 105
151 95 115
52 3 115
39 0 115
38 11 115
38 11 105
111 78 115
111 91 115
111 91 105
97 85 115
97 71 115
97 71 105
97 71 105
97 71 105
97 71 105
98 98 115
50 94 115
50 94 105
50 94 105
50 94 105
65 119 115
75 124 115
86 104 115
86 104 105
85 92 115
111 137 115
97 131 115
97 131 105
97 131 105
97 131 105
75 111 115
54 126 68
54 125 68
54 124 72
54 124 120
53 124 76
53 124 120
52 124 81
52 124 120
52 123 83
52 123 120
52 123 120
51 123 85
51 123 120
51 123 120
51 122 88
51 122 120
51 122 120
50 122 88
50 122 120
50 122 120
49 122 89
49 122 120
49 122 120
49 121 88
49 121 120
49 121 120
48 121 88
48 121 120
48 121 120
48 120 86
48 120 120
48 120 120
47 120 84
47 120 120
47 120 120
47 119 81
47 119 120
47 119 120
46 119 78
46 119 120
46 118 75
46 118 120
46 118 120
45 118 72
45 118 120
45 117 68
45 117 120
44 117 66
44 117 120
43 117 68
42 116 65
42 115 57
42 114 52
42 113 50
42 113 120
42 112 51
42 112 120
41 112 50
41 111 49
41 110 51
40 110 52
40 109 53
40 108 55
40 107 57
40 106 60
40 105 64
40 104 67
40 103 70
40 102 72
40 101 74
69 54 46
68 54 25
67 54 15
67 54 120
66 54 15
66 54 120
65 54 15
65 54 120
65 55 15
65 55 120
64 55 15
64 55 120
63 55 15
63 55 120
62 55 15
62 55 120
61 55 15
60 55 15
59 55 15
58 55 15
57 55 15
56 55 15
55 55 18
54 55 20
53 55 21
52 55 19
51 55 16
50 55 15
49 55 15
48 55 15
47 55 15
46 55 15
45 55 15
45 56 15
44 56 15
43 56 15
42 56 15
41 56 15
40 56 15
40 57 15
40 58 15
39 58 15
39 59 15
39 60 15
39 61 15
39 62 15
39 63 15
39 64 15
39 65 15
39 66 24
39 67 42
39 68 60
39 69 76
39 70 91
39 71 104
39 72 114
39 73 122
39 74 127
39 75 129
39 76 129
39 77 127
39 78 123
39 79 117
39 80 110
39 81 103
39 82 95
39 83 87
39 84 80
39 85 73
39 86 67
39 87 62
39 88 58
39 89 56
39 90 55
39 91 54
39 92 55
39 93 56
39 94 57
39 95 59
39 96 61
39 97 63
39 98 65
39 99 66
39 100 67
77 19 53
77 20 39
77 21 23
77 22 15
77 23 15
77 24 15
77 25 15
76 25 15
76 26 15
76 27 15
75 27 15
75 28 15
75 29 15
75 30 15
75 31 15
75 32 15
74 32 15
73 32 15
72 32 18
71 32 25
70 32 32
69 32 37
68 32 42
67 32 45
66 32 47
66 32 120
65 32 48
65 32 120
64 32 49
64 32 120
64 33 50
64 33 120
64 33 120
64 34 51
64 34 120
64 34 120
64 34 120
64 35 54
64 35 120
64 35 120
64 35 120
64 35 120
64 36 58
64 36 120
64 36 120
64 36 120
64 36 120
64 36 120
64 37 61
64 37 120
64 37 120
64 37 120
64 37 120
64 37 120
64 37 120
64 38 65
64 38 120
64 38 120
64 38 120
64 38 120
64 38 120
64 38 120
64 39 68
64 39 120
64 39 120
64 39 120
64 39 120
64 39 120
64 39 120
64 40 70
64 40 120
64 40 120
64 40 120
64 40 120
64 40 120
64 40 120
64 41 70
64 41 120
64 41 120
64 41 120
64 41 120
64 41 120
64 42 70
64 42 120
64 42 120
64 42 120
64 42 120
64 43 68
64 43 120
64 43 120
64 43 120
64 44 64
64 44 120
64 44 120
64 44 120
64 45 59
64 45 120
64 45 120
64 46 52
64 46 120
64 47 45
64 47 120
64 48 36
64 48 120
64 49 26
64 49 120
64 50 17
64 50 120
64 51 15
64 51 120
64 52 15
64 52 120
64 53 15
64 53 120
64 54 15
64 54 120
40 163 26
40 164 15
40 165 15
39 165 15
39 165 120
39 166 15
39 167 15
39 168 15
38 168 15
38 168 120
37 168 15
37 168 120
37 169 15
37 169 120
36 169 15
36 169 120
36 170 15
36 170 120
36 171 15
36 171 120
36 172 15
36 172 120
36 173 15
36 173 120
36 174 24
35 174 37
35 175 52
34 175 66
34 176 81
33 176 94
33 177 108
32 177 120
32 178 131
32 179 142
31 179 148
31 180 154
31 181 159
30 181 159
30 182 158
30 182 120
29 183 148
29 183 120
29 184 138
29 184 120
29 185 127
29 185 120
29 185 120
29 186 114
29 186 120
29 186 120
28 186 98
28 186 120
28 187 80
28 187 120
28 187 120
28 188 62
28 188 120
28 189 45
28 189 120
28 190 29
28 190 120
28 191 16
28 191 120
28 192 15
28 192 120
28 193 15
28 193 120
28 194 15
28 195 15
29 195 35
55 127 61
56 127 53
57 127 46
58 127 39
59 127 33
60 127 28
61 127 23
62 127 18
63 127 15
64 127 15
64 126 15
65 126 15
66 126 15
67 126 15
67 125 15
67 124 15
67 123 15
67 122 15
67 121 15
68 121 15
69 121 15
69 120 15
70 120 15
71 120 15
72 120 15
72 119 15
72 118 15
73 118 15
74 118 15
74 117 15
74 116 15
75 116 16
75 115 23
75 114 33
75 113 45
75 112 60
76 111 76
77 111 81
78 111 92
78 110 100
78 109 109
79 109 117
79 108 123
79 107 130
80 107 134
80 106 137
80 105 140
81 105 140
81 104 138
82 104 137
82 104 120
82 103 132
82 103 120
82 102 127
82 102 120
83 102 120
83 102 120
83 101 112
83 101 120
84 101 104
84 101 120
84 100 93
84 100 120
85 100 84
85 100 120
85 99 71
85 99 120
86 99 61
86 99 120
86 98 48
86 98 120
87 98 37
87 98 120
87 97 25
87 97 120
88 97 15
88 97 120
89 97 15
90 97 15
90 96 15
91 96 15
91 95 15
92 95 15
92 94 15
93 94 15
93 93 15
93 92 15
93 91 15
94 91 15
94 90 15
95 90 15
95 89 15
96 89 15
96 88 15
96 87 15
97 87 15
97 86 29
98 86 18
99 86 15
100 86 15
101 86 15
102 86 15
103 86 15
104 86 15
105 86 15
106 86 15
107 86 15
108 86 15
109 86 15
109 85 15
110 85 15
110 84 15
111 84 15
111 83 15
111 82 15
112 82 15
112 81 19
113 81 23
114 81 29
114 80 36
115 80 42
116 80 49
116 79 58
117 79 64
118 79 71
119 79 79
120 79 87
121 79 94
122 79 100
123 79 105
124 79 108
125 79 110
126 79 110
127 79 108
128 79 104
129 79 100
130 79 94
131 79 87
132 79 80
133 79 73
134 79 66
134 78 66
134 77 66
134 76 67
134 75 68
134 74 69
134 73 69
134 72 69
134 71 67
134 70 65
134 70 120
134 69 61
134 69 120
134 68 57
134 68 120
134 67 52
134 67 120
134 66 46
134 66 120
134 66 120
134 65 39
134 65 120
134 65 120
134 64 32
134 64 120
134 64 120
134 63 25
134 63 120
134 63 120
134 62 18
134 62 120
134 62 120
134 61 15
134 61 120
134 61 120
134 60 15
134 60 120
135 60 15
135 60 120
135 59 15
135 59 120
136 59 15
136 59 120
136 58 15
136 58 120
136 57 15
136 57 120
136 56 15
136 56 120
136 55 15
136 55 120
136 54 15
136 54 120
136 53 15
136 53 120
137 53 16
137 53 120
137 52 22
137 52 120
137 51 31
137 51 120
138 51 42
138 50 50
138 49 61
139 48 84
139 47 96
140 47 108
140 46 118
140 45 130
140 44 142
140 43 156
140 42 170
140 41 185
140 40 201
140 39 216
140 38 231
140 37 246
140 36 259
140 35 272
82 153 26
82 154 15
83 154 15
84 154 15
85 154 15
86 154 15
87 154 15
88 154 15
89 154 15
90 154 15
91 154 15
91 153 16
92 153 22
93 153 29
93 152 36
94 152 43
94 151 50
95 151 57
95 151 120
95 150 64
95 150 120
96 150 70
96 150 120
96 149 77
96 149 120
96 149 120
97 149 82
97 149 120
97 149 120
97 149 120
97 148 88
97 148 120
97 148 120
97 148 120
98 148 91
98 148 120
98 148 120
98 148 120
98 148 120
98 148 120
98 147 96
98 147 120
98 147 120
98 147 120
98 147 120
98 147 120
99 147 99
99 147 120
99 147 120
99 147 120
99 147 120
99 147 120
99 147 120
99 147 120
99 147 120
99 146 102
99 146 120
99 146 120
99 146 120
99 146 120
99 146 120
99 146 120
99 146 120
100 146 103
100 146 120
100 146 120
100 146 120
100 146 120
100 146 120
100 146 120
100 146 120
100 146 120
100 146 120
101 146 105
101 146 120
101 146 120
101 146 120
101 146 120
101 146 120
101 146 120
101 146 120
101 146 120
101 146 120
101 146 120
101 146 120
101 145 104
101 145 120
101 145 120
101 145 120
101 145 120
101 145 120
101 145 120
101 145 120
101 145 120
101 145 120
102 145 104
102 145 120
102 145 120
102 145 120
102 145 120
102 145 120
102 145 120
102 145 120
102 145 120
102 145 120
102 145 120
102 144 102
102 144 120
102 144 120
102 144 120
102 144 120
102 144 120
102 144 120
102 144 120
102 144 120
103 144 100
103 144 120
103 144 120
103 144 120
103 144 120
103 144 120
103 144 120
103 144 120
103 144 120
103 143 98
103 143 120
103 143 120
103 143 120
103 143 120
103 143 120
103 143 120
104 143 94
104 143 120
104 143 120
104 143 120
104 143 120
104 143 120
105 143 91
105 143 120
105 143 120
105 143 120
105 143 120
106 143 89
106 143 120
106 143 120
107 143 89
107 143 120
108 143 89
108 143 120
109 143 91
110 143 93
111 143 95
112 143 97
113 143 100
114 143 102
115 143 103
116 143 104
117 143 105
118 143 105
119 143 104
120 143 103
120 144 101
121 144 95
122 144 88
123 144 81
124 144 75
125 144 69
126 145 35
126 146 15
126 147 15
126 148 15
127 148 15
127 149 15
127 150 15
127 151 15
127 152 15
127 153 15
127 154 15
127 155 15
127 156 15
127 157 35
128 157 15
129 157 15
130 157 15
131 157 15
132 157 15
133 157 15
134 157 15
135 157 15
136 157 15
137 157 15
138 157 15
138 157 120
139 157 46
139 158 78
140 158 114
140 159 147
141 159 183
141 159 120
141 160 216
141 160 120
142 160 249
142 160 120
142 160 120
142 160 120
142 161 279
142 161 120
142 161 120
142 161 120
142 161 120
143 161 307
143 161 120
143 161 120
143 161 120
143 161 120
143 161 120
143 161 120
143 162 334
143 162 120
143 162 120
143 162 120
143 162 120
143 162 120
143 162 120
143 162 120
144 162 356
144 162 120
144 162 120
144 162 120
144 162 120
144 162 120
144 162 120
144 162 120
144 162 120
144 162 120
144 162 120
144 163 376
144 163 120
144 163 120
144 163 120
144 163 120
144 163 120
144 163 120
144 163 120
144 163 120
144 163 120
144 163 120
144 163 120
145 163 390
145 163 120
145 163 120
145 163 120
145 163 120
145 163 120
145 163 120
145 163 120
145 163 120
145 163 120
145 163 120
145 163 120
145 163 120
145 163 120
145 163 120
146 163 402
146 163 120
146 163 120
146 163 120
146 163 120
146 163 120
146 163 120
146 163 120
146 163 120
146 163 120
146 163 120
146 163 120
146 163 120
146 163 120
146 163 120
146 163 120
146 163 120
146 164 408
146 164 120
146 164 120
146 164 120
146 164 120
146 164 120
146 164 120
146 164 120
146 164 120
146 164 120
146 164 120
146 164 120
146 164 120
146 164 120
146 164 120
146 164 120
146 164 120
146 164 120
147 164 411
147 164 120
147 164 120
147 164 120
147 164 120
147 164 120
147 164 120
147 164 120
147 164 120
147 164 120
147 164 120
147 164 120
147 164 120
147 164 120
147 164 120
147 164 120
147 164 120
147 164 120
147 164 120
147 165 410
147 165 120
147 165 120
147 165 120
147 165 120
147 165 120
147 165 120
147 165 120
147 165 120
147 165 120
147 165 120
147 165 120
147 165 120
147 165 120
147 165 120
147 165 120
147 165 120
147 165 120
147 165 120
148 165 402
148 165 120
148 165 120
148 165 120
148 165 120
148 165 120
148 165 120
148 165 120
148 165 120
148 165 120
148 165 120
148 165 120
148 165 120
148 165 120
148 165 120
148 165 120
148 165 120
148 165 120
148 165 120
148 165 120
149 165 393
149 165 120
149 165 120
149 165 120
149 165 120
149 165 120
149 165 120
149 165 120
149 165 120
149 165 120
149 165 120
149 165 120
149 165 120
149 165 120
149 165 120
149 165 120
149 165 120
149 165 120
149 165 120
149 165 120
149 166 378
149 166 120
149 166 120
149 166 120
149 166 120
149 166 120
149 166 120
149 166 120
149 166 120
149 166 120
149 166 120
149 166 120
149 166 120
149 166 120
149 166 120
149 166 120
149 166 120
149 166 120
149 166 120
149 166 120
150 166 359
150 166 120
150 166 120
150 166 120
150 166 120
150 166 120
150 166 120
150 166 120
150 166 120
150 166 120
150 166 120
150 166 120
150 166 120
150 166 120
150 166 120
150 166 120
150 166 120
150 166 120
150 166 120
151 166 338
151 166 120
151 166 120
151 166 120
151 166 120
151 166 120
151 166 120
151 166 120
151 166 120
151 166 120
151 166 120
151 166 120
151 166 120
151 166 120
151 166 120
151 166 120
151 166 120
151 166 120
151 167 312
151 167 120
151 167 120
151 167 120
151 167 120
151 167 120
151 167 120
151 167 120
151 167 120
151 167 120
151 167 120
151 167 120
151 167 120
151 167 120
151 167 120
151 167 120
151 167 120
151 167 120
152 167 284
152 167 120
152 167 120
152 167 120
152 167 120
152 167 120
152 167 120
152 167 120
152 167 120
152 167 120
152 167 120
152 167 120
152 167 120
152 167 120
152 167 120
152 167 120
152 167 120
152 168 254
152 168 120
152 168 120
152 168 120
152 168 120
152 168 120
152 168 120
152 168 120
152 168 120
152 168 120
152 168 120
152 168 120
152 168 120
152 168 120
152 168 120
153 168 221
153 168 120
153 168 120
153 168 120
153 168 120
153 168 120
153 168 120
153 168 120
153 168 120
153 168 120
153 168 120
153 168 120
153 168 120
154 168 189
154 168 120
154 168 120
154 168 120
154 168 120
154 168 120
154 168 120
154 168 120
154 168 120
154 168 120
154 168 120
154 169 154
154 169 120
154 169 120
154 169 120
154 169 120
154 169 120
154 169 120
154 169 120
154 169 120
155 169 120
155 169 120
155 169 120
155 169 120
155 169 120
155 169 120
155 169 120
155 170 88
155 170 120
155 170 120
155 170 120
155 170 120
155 170 120
156 170 53
156 170 120
156 170 120
156 170 120
157 170 22
157 170 120
157 170 120
157 171 15
157 171 120
157 171 120
157 172 15
157 172 120
157 173 15
157 173 120
157 174 15
157 174 120
157 175 15
157 175 120
158 175 15
158 175 120
158 176 15
158 176 120
158 177 15
158 177 120
159 177 15
159 177 120
159 178 15
159 178 120
160 178 15
160 178 120
161 178 15
161 179 15
161 179 120
162 179 15
162 179 120
163 179 15
163 179 120
164 179 15
164 179 120
164 180 33
164 181 82
164 182 132
164 183 181
164 184 227
164 185 268
164 186 303
164 186 120
164 187 331
164 187 120
164 188 350
164 188 120
164 189 359
164 189 120
164 190 359
164 191 350
164 192 333
164 193 307
164 194 276
164 195 239
164 196 200
164 197 159
164 198 119
164 199 82
165 199 86
