3 182 36
2 53 36
84 154 36
199 165 36
14 46 36
14 46 26
14 46 26
14 46 26
14 46 26
14 46 26
14 60 36
14 60 26
15 189 36
15 189 26
15 189 26
15 189 26
15 189 26
3 196 36
72 147 36
84 140 36
199 151 36
199 151 26
199 151 26
199 151 26
199 151 26
199 151 26
199 151 26
199 151 26
199 151 26
199 151 26
199 151 26
199 151 26
199 151 26
186 158 36
186 158 26
186 172 36
2 67 36
2 67 26
2 67 26
72 133 36
72 133 26
72 133 26
72 133 26
15 199 36
15 199 26
15 199 26
15 199 26
15 199 26
15 199 26
15 199 26
15 199 26
15 199 26
15 199 26
15 174 36
15 174 26
15 174 26
15 174 26
15 174 26
15 174 26
199 179 36
199 179 26
199 179 26
199 179 26
199 179 26
199 179 26
72 162 36
72 162 26
72 162 26
72 162 26
72 162 26
72 162 26
72 162 26
72 162 26
72 162 26
72 162 26
72 162 26
72 162 26
72 162 26
72 162 26
72 162 26
72 162 26
72 162 26
97 147 36
97 161 36
14 74 36
14 74 26
14 74 26
14 74 26
14 74 26
14 74 26
14 74 26
14 74 26
14 74 26
14 74 26
14 74 26
14 74 26
14 74 26
14 74 26
14 74 26
14 74 26
14 74 26
27 52 36
27 52 26
27 52 26
27 52 26
27 52 26
27 52 26
27 52 26
27 52 26
27 52 26
27 52 26
27 52 26
27 52 26
27 52 26
27 52 26
27 52 26
27 181 36
27 181 26
27 181 26
27 181 26
27 181 26
27 181 26
27 181 26
27 181 26
27 181 26
27 181 26
27 181 26
27 181 26
27 181 26
27 181 26
27 181 26
27 181 26
27 181 26
27 181 26
3 167 36
3 167 26
3 167 26
3 167 26
3 167 26
3 167 26
3 167 26
3 167 26
3 167 26
3 167 26
3 167 26
3 167 26
3 167 26
3 167 26
3 167 26
3 167 26
3 167 26
109 154 36
109 154 26
109 154 26
174 165 36
174 165 26
174 165 26
174 150 36
174 150 26
174 150 26
174 150 26
174 150 26
174 150 26
174 150 26
174 150 26
174 150 26
174 150 26
174 150 26
174 150 26
174 150 26
174 150 26
174 150 26
174 150 26
174 150 26
174 179 36
174 179 26
174 179 26
174 179 26
174 179 26
174 179 26
174 179 26
174 179 26
174 179 26
174 179 26
174 179 26
174 179 26
174 179 26
174 179 26
174 179 26
174 179 26
2 38 36
1 24 36
14 31 36
14 31 26
14 31 26
14 159 36
14 159 26
14 159 26
26 151 36
14 145 36
14 145 26
60 141 36
60 141 26
60 141 26
60 141 26
60 141 26
60 141 26
60 141 26
60 141 26
60 141 26
60 141 26
60 141 26
60 141 26
60 141 26
60 141 26
110 169 36
110 169 26
110 169 26
110 169 26
110 169 26
110 169 26
110 169 26
110 169 26
110 169 26
110 169 26
110 169 26
110 169 26
110 169 26
110 169 26
110 169 26
110 169 26
110 169 26
25 136 36
25 136 26
25 136 26
25 136 26
25 136 26
25 136 26
25 136 26
25 136 26
25 136 26
25 136 26
25 136 26
25 136 26
25 136 26
25 136 26
109 140 36
109 140 26
109 140 26
109 140 26
14 16 36
14 16 26
14 16 26
14 16 26
14 16 26
14 16 26
14 16 26
14 16 26
14 16 26
14 16 26
199 193 36
187 199 36
187 186 36
187 186 26
187 186 26
187 186 26
187 186 26
187 186 26
122 148 36
122 148 26
122 148 26
122 148 26
122 148 26
122 148 26
122 148 26
122 148 26
122 148 26
122 148 26
122 148 26
122 148 26
122 148 26
122 148 26
122 148 26
122 148 26
122 148 26
85 126 36
85 126 26
97 133 36
97 133 26
97 133 26
97 133 26
97 133 26
97 133 26
73 119 36
73 119 26
73 119 26
73 119 26
73 119 26
73 119 26
73 119 26
73 119 26
73 119 26
73 119 26
73 119 26
73 119 26
73 119 26
26 166 36
38 158 36
2 137 36
2 152 36
2 152 26
2 152 26
2 152 26
2 152 26
1 9 36
1 9 26
1 9 26
1 9 26
1 9 26
1 9 26
1 9 26
1 9 26
1 9 26
1 9 26
1 9 26
1 9 26
1 9 26
1 9 26
1 9 26
1 9 26
1 9 26
1 9 26
1 9 26
1 9 26
26 23 36
26 23 26
26 23 26
26 23 26
26 23 26
26 23 26
97 119 36
97 119 26
97 119 26
97 119 26
97 119 26
97 119 26
97 119 26
97 119 26
97 119 26
97 119 26
97 119 26
97 119 26
97 119 26
161 171 36
148 163 36
161 157 36
26 38 36
26 38 26
26 38 26
26 38 26
26 38 26
26 38 26
26 38 26
26 38 26
26 38 26
26 38 26
26 38 26
26 38 26
26 38 26
38 16 36
26 9 36
26 9 26
26 9 26
26 9 26
26 9 26
149 178 36
85 112 36
85 112 26
85 112 26
85 112 26
85 112 26
85 112 26
85 112 26
85 112 26
85 112 26
85 112 26
85 112 26
85 112 26
85 112 26
85 112 26
85 112 26
85 112 26
85 112 26
110 126 36
123 120 36
110 113 36
110 113 26
38 1 36
38 1 26
38 1 26
38 1 26
38 1 26
38 1 26
38 1 26
38 1 26
38 1 26
38 1 26
38 1 26
38 1 26
38 1 26
38 1 26
38 1 26
123 106 36
136 170 36
136 170 26
136 170 26
136 170 26
136 170 26
136 170 26
136 170 26
136 170 26
136 170 26
136 170 26
136 170 26
136 170 26
136 170 26
136 170 26
136 170 26
136 170 26
136 170 26
136 170 26
136 170 26
148 149 36
50 22 36
51 37 36
51 37 26
38 30 36
38 30 26
38 30 26
38 30 26
38 30 26
63 29 36
148 135 36
148 135 26
148 135 26
148 135 26
148 135 26
148 135 26
148 135 26
148 135 26
148 135 26
148 135 26
148 135 26
148 135 26
148 135 26
148 135 26
148 135 26
148 135 26
148 135 26
148 135 26
148 135 26
149 192 36
149 192 26
149 192 26
149 192 26
149 192 26
149 192 26
149 192 26
149 192 26
149 192 26
149 192 26
149 192 26
149 192 26
149 192 26
13 130 36
13 130 26
13 130 26
13 130 26
13 130 26
13 130 26
13 130 26
13 130 26
1 123 36
63 44 36
13 115 36
1 109 36
111 99 36
111 99 26
111 99 26
124 92 36
111 85 36
51 51 36
51 51 26
51 51 26
124 78 36
14 101 36
161 185 36
161 185 26
161 185 26
161 199 36
1 95 36
1 95 26
1 95 26
1 95 26
1 95 26
1 95 26
1 95 26
1 95 26
1 95 26
1 95 26
1 95 26
1 95 26
1 95 26
1 95 26
63 58 36
51 65 36
51 65 26
51 65 26
51 65 26
51 65 26
51 65 26
51 65 26
51 65 26
51 65 26
51 65 26
51 65 26
51 65 26
51 65 26
51 65 26
112 71 36
25 108 36
26 94 36
38 100 36
63 15 36
174 193 36
174 193 26
174 193 26
174 193 26
124 64 36
124 64 26
124 64 26
124 64 26
124 64 26
124 64 26
75 22 36
75 7 36
87 14 36
87 14 26
112 57 36
112 57 26
112 57 26
112 57 26
112 57 26
112 57 26
112 57 26
112 57 26
112 57 26
112 57 26
112 57 26
112 57 26
112 57 26
112 57 26
112 57 26
112 57 26
112 57 26
38 87 36
50 93 36
50 93 26
50 93 26
50 93 26
50 93 26
50 93 26
50 93 26
123 134 36
135 141 36
135 141 26
135 141 26
135 141 26
135 141 26
135 141 26
87 0 36
87 0 26
87 0 26
87 0 26
87 0 26
87 0 26
87 0 26
87 0 26
87 0 26
87 0 26
87 0 26
87 0 26
87 0 26
87 0 26
87 0 26
87 0 26
75 50 36
75 50 26
75 50 26
75 50 26
75 50 26
75 50 26
75 50 26
75 50 26
75 50 26
75 64 36
75 64 26
75 64 26
62 86 36
74 78 36
74 78 26
99 78 36
87 71 36
87 71 26
87 71 26
87 71 26
87 71 26
87 71 26
86 85 36
86 85 26
86 85 26
86 85 26
86 85 26
86 85 26
86 85 26
86 85 26
86 85 26
86 85 26
86 85 26
86 85 26
86 85 26
137 71 36
137 71 26
137 71 26
137 71 26
137 71 26
137 71 26
137 71 26
137 71 26
137 71 26
137 71 26
137 71 26
137 71 26
137 85 36
136 99 36
136 99 26
136 99 26
136 99 26
149 92 36
149 92 26
149 92 26
149 92 26
149 92 26
149 78 36
162 85 36
162 71 36
62 72 36
62 72 26
62 72 26
62 72 26
174 78 36
174 78 26
174 78 26
174 78 26
174 78 26
174 78 26
174 78 26
174 78 26
174 78 26
174 78 26
174 78 26
174 78 26
174 78 26
174 78 26
174 78 26
99 92 36
99 92 26
99 92 26
99 92 26
99 92 26
99 92 26
99 92 26
99 92 26
99 92 26
99 92 26
99 92 26
99 92 26
99 92 26
99 92 26
149 64 36
162 57 36
149 50 36
87 29 36
87 29 26
87 29 26
87 29 26
87 29 26
87 29 26
87 29 26
87 29 26
87 29 26
87 29 26
87 29 26
87 29 26
87 29 26
87 29 26
87 29 26
87 29 26
87 29 26
87 29 26
87 29 26
87 29 26
137 57 36
74 92 36
74 92 26
74 92 26
62 99 36
62 99 26
62 99 26
62 99 26
137 43 36
137 43 26
137 43 26
137 43 26
137 43 26
137 43 26
137 43 26
137 43 26
137 43 26
137 43 26
137 43 26
137 43 26
137 43 26
39 45 36
39 45 26
39 45 26
39 45 26
39 45 26
39 45 26
39 45 26
39 45 26
39 45 26
39 45 26
39 45 26
39 45 26
39 45 26
49 107 36
49 107 26
49 107 26
49 107 26
49 107 26
49 107 26
49 107 26
49 107 26
49 107 26
49 107 26
49 107 26
49 107 26
49 107 26
49 107 26
49 107 26
49 107 26
49 107 26
49 107 26
49 107 26
49 107 26
50 8 36
62 0 36
162 43 36
162 43 26
174 50 36
174 36 36
187 43 36
75 36 36
75 36 26
75 36 26
75 36 26
75 36 26
75 36 26
75 36 26
75 36 26
75 36 26
75 36 26
75 36 26
75 36 26
75 36 26
75 36 26
75 36 26
49 164 36
49 164 26
49 164 26
49 164 26
49 164 26
49 164 26
49 164 26
49 164 26
49 164 26
49 164 26
49 164 26
49 164 26
49 164 26
49 164 26
49 164 26
49 164 26
49 164 26
49 164 26
49 164 26
49 164 26
49 164 26
49 164 26
49 164 26
49 164 26
26 67 36
26 67 26
26 67 26
26 67 26
26 67 26
26 67 26
26 67 26
26 67 26
26 67 26
26 67 26
26 67 26
26 67 26
26 67 26
26 67 26
26 67 26
187 28 36
187 28 26
187 28 26
187 28 26
187 28 26
187 28 26
187 28 26
187 28 26
187 28 26
187 28 26
187 28 26
187 28 26
187 28 26
187 28 26
187 28 26
187 28 26
187 28 26
187 28 26
187 28 26
187 28 26
87 57 36
87 57 26
87 57 26
87 57 26
87 57 26
87 57 26
87 57 26
87 57 26
87 57 26
87 57 26
87 57 26
87 57 26
87 57 26
87 57 26
87 57 26
87 57 26
87 57 26
87 57 26
87 57 26
87 57 26
87 57 26
37 143 36
49 149 36
49 149 26
49 149 26
49 149 26
49 149 26
49 149 26
49 149 26
49 149 26
49 149 26
49 149 26
187 57 36
187 57 26
187 57 26
187 57 26
187 57 26
187 57 26
187 57 26
187 57 26
187 57 26
187 57 26
187 57 26
187 57 26
187 57 26
187 57 26
187 57 26
187 57 26
187 57 26
162 28 36
162 28 26
162 28 26
162 28 26
162 28 26
162 28 26
162 28 26
162 28 26
162 28 26
162 28 26
162 28 26
162 28 26
162 28 26
162 28 26
162 28 26
162 28 26
162 28 26
162 28 26
162 28 26
162 28 26
162 28 26
162 28 26
124 50 36
124 50 26
39 59 36
38 73 36
38 73 26
38 73 26
38 73 26
38 73 26
38 73 26
136 127 36
136 113 36
149 106 36
149 106 26
149 106 26
149 106 26
149 106 26
149 106 26
149 106 26
149 106 26
149 106 26
149 106 26
149 106 26
149 106 26
149 106 26
149 106 26
149 106 26
149 106 26
149 106 26
149 106 26
199 50 36
62 72 26
62 72 26
62 72 26
62 72 26
62 72 26
62 72 26
62 72 26
62 72 26
62 72 26
62 72 26
199 36 36
199 36 26
199 36 26
199 36 26
199 36 26
199 36 26
199 36 26
199 36 26
13 1 36
13 1 26
13 1 26
13 1 26
13 1 26
13 1 26
13 1 26
13 1 26
13 1 26
13 1 26
124 36 36
112 28 36
100 7 36
100 7 26
100 7 26
100 7 26
100 7 26
100 7 26
100 7 26
100 7 26
100 7 26
100 7 26
100 7 26
100 7 26
112 14 36
198 165 15
198 165 30
198 164 15
198 163 15
197 163 15
196 163 15
195 163 15
194 163 15
193 163 15
193 163 30
192 163 15
192 163 30
191 163 15
191 163 30
190 163 15
190 163 30
189 163 15
189 163 30
188 163 15
188 163 30
187 163 15
187 163 30
186 163 15
186 163 30
185 163 15
185 163 30
184 163 15
184 163 30
184 163 30
183 163 15
183 163 30
183 163 30
182 163 15
182 163 30
182 163 30
181 163 15
181 163 30
181 163 30
180 163 15
180 163 30
180 163 30
180 163 30
179 163 15
179 163 30
179 163 30
179 163 30
179 163 30
178 163 15
178 163 30
178 163 30
178 163 30
178 163 30
178 163 30
177 163 29
177 163 30
177 163 30
177 163 30
177 163 30
177 163 30
177 163 30
176 163 43
176 163 30
176 163 30
176 163 30
176 163 30
176 163 30
175 163 55
175 163 30
175 163 30
175 163 30
175 163 30
174 163 63
174 163 30
174 163 30
174 163 30
173 163 67
173 163 30
172 163 68
171 163 66
170 163 60
169 163 51
168 163 39
167 163 25
166 163 15
165 163 15
164 163 15
164 162 15
163 162 15
163 161 15
162 161 15
162 160 15
162 160 30
161 160 15
161 159 15
161 159 30
161 158 15
161 158 30
124 134 19
125 134 15
126 134 15
127 134 15
127 134 30
128 134 15
128 134 30
129 134 15
129 134 30
129 134 30
130 134 15
130 134 30
130 134 30
131 134 15
131 134 30
131 134 30
131 134 30
132 134 15
132 134 30
132 134 30
132 134 30
132 134 30
133 134 15
133 134 30
133 134 30
133 134 30
133 134 30
134 134 15
134 134 30
134 134 30
134 134 30
134 134 30
134 134 30
134 135 28
134 135 30
134 135 30
134 135 30
134 135 30
134 135 30
134 135 30
134 135 30
134 136 45
134 136 30
134 136 30
134 136 30
134 136 30
134 136 30
134 136 30
134 136 30
134 136 30
135 136 59
135 136 30
135 136 30
135 136 30
135 136 30
135 136 30
135 136 30
135 136 30
135 136 30
135 136 30
135 137 74
135 137 30
135 137 30
135 137 30
135 137 30
135 137 30
135 137 30
135 137 30
135 137 30
135 137 30
135 138 91
135 138 30
135 138 30
135 138 30
135 138 30
135 138 30
135 138 30
135 138 30
135 138 30
135 139 110
135 139 30
135 139 30
135 139 30
135 139 30
135 139 30
135 139 30
135 140 131
135 140 30
135 140 30
135 140 30
136 141 143
136 141 30
136 141 30
137 141 138
137 141 30
137 141 30
137 141 30
138 141 138
138 141 30
138 141 30
138 141 30
138 141 30
138 141 30
138 142 142
138 142 30
138 142 30
139 142 141
139 142 30
139 142 30
139 142 30
139 143 139
140 143 137
140 144 130
141 144 126
141 145 115
141 146 107
142 146 95
142 147 84
143 147 71
143 148 59
144 148 46
144 149 33
145 149 21
145 150 15
145 151 15
145 152 15
145 153 15
145 154 15
146 154 15
147 154 15
147 155 15
148 155 15
149 155 15
150 155 15
151 155 15
152 155 15
153 155 15
154 155 15
154 156 15
154 157 15
155 157 15
156 157 15
157 157 15
158 157 15
159 157 15
160 157 15
160 157 30
123 133 15
123 132 15
123 131 15
123 130 15
123 129 15
123 128 15
123 127 15
123 126 15
123 125 15
123 124 15
123 123 15
123 122 15
123 121 15
124 120 15
125 120 15
126 120 15
127 120 15
127 119 15
128 119 15
128 118 15
128 117 15
128 116 15
128 115 15
128 114 15
128 113 15
128 112 15
128 111 15
128 110 15
128 110 30
128 109 18
128 109 30
128 108 21
128 108 30
128 107 23
128 107 30
128 106 26
128 106 30
128 105 28
128 105 30
128 104 30
128 104 30
128 103 32
128 102 33
128 101 33
128 100 34
128 99 33
128 98 31
128 97 29
128 96 26
128 95 23
128 94 19
128 93 15
128 92 15
129 92 15
130 92 15
131 92 15
131 91 15
131 90 15
132 90 15
133 90 15
134 90 15
134 90 30
134 89 15
134 89 30
135 89 15
135 89 30
136 89 15
136 89 30
137 89 15
137 89 30
137 88 15
137 88 30
137 87 15
137 87 30
138 87 15
138 87 30
139 87 15
139 87 30
140 87 15
140 87 30
141 87 15
141 87 30
142 87 15
142 87 30
142 87 30
143 87 15
143 87 30
143 87 30
144 87 15
144 87 30
144 87 30
145 87 15
145 87 30
145 87 30
146 87 15
146 87 30
146 87 30
146 86 15
146 86 30
146 86 30
147 86 15
147 86 30
147 86 30
148 86 15
148 86 30
149 86 15
149 86 30
149 85 15
149 85 30
149 84 15
149 84 30
149 84 30
149 83 15
149 83 30
149 83 30
149 82 15
149 82 30
149 82 30
149 81 15
149 81 30
149 81 30
149 80 15
149 80 30
149 80 30
149 79 15
149 79 30
149 79 30
150 78 15
150 78 30
151 78 15
151 78 30
152 78 15
153 78 15
153 77 15
153 76 15
153 75 15
153 74 15
153 73 15
153 72 15
153 71 15
153 70 15
153 69 15
153 68 15
153 67 15
152 67 15
152 66 15
152 65 15
151 65 15
151 64 15
150 64 15
149 63 15
149 62 15
149 61 15
148 61 15
147 61 15
147 60 15
146 60 15
146 59 15
146 58 15
146 57 15
146 56 15
146 55 15
146 54 15
145 54 15
145 54 30
144 54 15
144 54 30
144 53 15
144 53 30
143 53 15
143 53 30
143 53 30
142 53 15
142 53 30
142 53 30
141 53 15
141 53 30
141 53 30
141 53 30
140 53 15
140 53 30
140 53 30
140 53 30
140 53 30
139 53 15
139 53 30
139 53 30
139 53 30
139 53 30
138 53 15
138 53 30
138 53 30
138 53 30
138 53 30
138 53 30
137 53 15
137 53 30
137 53 30
137 53 30
137 53 30
137 53 30
136 53 15
136 53 30
136 53 30
136 53 30
136 53 30
136 53 30
136 53 30
136 52 15
136 52 30
136 52 30
136 52 30
136 52 30
136 52 30
136 52 30
136 52 30
136 52 30
135 52 15
135 52 30
135 52 30
135 52 30
135 52 30
135 52 30
135 52 30
135 52 30
135 52 30
134 52 15
134 52 30
134 52 30
134 52 30
134 52 30
134 52 30
134 52 30
134 52 30
134 52 30
134 51 15
134 51 30
134 51 30
134 51 30
134 51 30
134 51 30
134 51 30
134 51 30
134 51 30
133 51 15
133 51 30
133 51 30
133 51 30
133 51 30
133 51 30
133 51 30
133 51 30
133 50 15
133 50 30
133 50 30
133 50 30
133 50 30
133 50 30
133 50 30
132 50 15
132 50 30
132 50 30
132 50 30
132 50 30
132 50 30
131 50 15
131 50 30
131 50 30
131 50 30
131 50 30
130 50 15
130 50 30
130 50 30
130 50 30
129 50 15
129 50 30
129 50 30
128 50 15
128 50 30
128 50 30
127 50 15
127 50 30
126 50 15
126 50 30
126 49 15
126 49 30
126 48 15
126 48 30
126 47 15
126 47 30
126 46 15
126 46 30
126 45 15
126 45 30
126 44 15
126 44 30
126 43 15
126 43 30
125 43 15
125 43 30
125 42 15
125 41 15
124 41 15
124 40 15
124 39 15
124 38 15
124 37 15
123 36 15
123 35 15
122 35 15
122 34 15
122 33 15
121 33 15
121 32 15
121 31 15
120 31 15
119 31 15
118 31 15
117 31 15
117 30 15
116 30 15
115 30 15
114 30 15
114 29 15
114 28 15
113 28 15
112 27 15
112 26 15
112 25 15
112 24 15
112 23 15
112 22 15
112 21 15
112 20 15
112 19 15
112 18 15
112 17 15
112 16 15
112 15 15
111 14 15
110 14 15
109 14 15
108 14 15
107 14 15
106 14 15
105 14 22
104 14 35
103 14 50
102 14 65
101 14 81
100 14 96
99 14 109
98 14 121
97 14 130
96 14 137
95 14 140
94 14 140
93 14 136
93 14 30
92 14 129
92 14 30
92 14 30
91 14 118
91 14 30
91 14 30
90 14 105
90 14 30
89 14 89
89 14 30
88 14 70
86 14 29
85 14 15
85 14 30
84 14 15
84 14 30
83 14 15
83 15 15
82 15 15
81 15 15
80 15 15
79 15 15
78 15 15
77 15 15
76 15 15
75 15 15
74 15 15
73 15 15
72 15 15
71 15 15
70 15 15
69 15 15
68 15 15
67 15 15
66 15 15
65 15 15
64 15 15
65 16 15
65 17 15
65 18 15
65 19 15
65 20 15
65 21 15
65 22 16
65 23 18
64 23 20
64 24 20
63 24 19
63 25 18
62 25 15
62 26 15
61 26 15
60 26 15
60 27 15
60 28 15
60 29 15
60 30 15
60 31 15
60 32 15
60 33 15
60 34 15
60 35 15
60 36 15
60 37 15
60 38 15
60 39 15
60 40 15
60 41 15
60 41 30
60 42 15
60 42 30
61 42 15
61 42 30
61 43 15
61 43 30
61 44 15
61 44 30
62 44 15
63 45 15
63 46 15
63 47 15
63 48 15
63 49 15
63 50 15
63 51 15
63 52 15
63 53 15
63 54 15
63 55 15
63 56 15
63 57 15
51 93 181
51 93 30
51 93 30
51 93 30
52 93 176
52 93 30
52 93 30
52 93 30
52 93 30
52 93 30
52 93 30
53 93 167
53 93 30
53 93 30
53 93 30
53 93 30
53 93 30
53 93 30
53 93 30
53 93 30
54 93 152
54 93 30
54 93 30
54 93 30
54 93 30
54 93 30
54 93 30
54 93 30
54 93 30
54 93 30
55 93 133
55 93 30
55 93 30
55 93 30
55 93 30
55 93 30
55 93 30
55 93 30
55 93 30
56 93 109
56 93 30
56 93 30
56 93 30
56 93 30
56 93 30
57 93 82
57 93 30
57 93 30
57 93 30
57 93 30
58 93 53
58 93 30
58 93 30
58 93 30
59 93 23
59 93 30
59 93 30
60 93 15
60 93 30
60 93 30
60 92 15
60 92 30
60 91 15
60 91 30
60 90 15
60 90 30
61 90 15
61 90 30
61 89 15
61 89 30
62 89 15
62 88 15
62 87 15
63 86 15
64 86 15
65 86 15
66 86 15
67 86 15
68 86 15
69 86 15
69 85 15
70 85 15
70 85 30
71 85 15
71 85 30
71 84 15
71 84 30
71 83 15
71 83 30
71 82 15
71 82 30
71 81 15
71 81 30
71 80 15
71 80 30
71 79 15
71 79 30
71 78 15
71 78 30
71 77 15
71 77 30
71 76 15
71 76 30
71 75 15
71 75 30
71 74 19
71 74 30
71 73 22
71 73 30
71 72 24
71 72 30
71 71 24
71 71 30
71 70 23
71 70 30
71 70 30
71 69 20
71 69 30
71 69 30
71 68 15
71 68 30
71 68 30
71 67 15
71 67 30
71 67 30
71 66 15
71 66 30
71 66 30
70 66 15
70 66 30
70 66 30
69 66 15
69 66 30
69 66 30
69 65 15
69 65 30
69 65 30
69 64 15
69 64 30
69 64 30
69 63 15
69 63 30
69 62 15
69 62 30
68 62 15
68 62 30
67 62 15
67 62 30
67 61 15
67 61 30
67 60 15
66 60 15
66 59 15
65 59 15
65 58 15
64 58 15
49 93 173
48 93 162
47 93 146
46 93 127
45 93 105
44 93 80
43 93 55
42 93 29
41 93 15
41 93 30
41 94 15
41 94 30
40 94 15
40 94 30
40 95 15
40 95 30
40 96 15
40 96 30
39 96 15
39 96 30
39 97 15
39 97 30
38 97 15
38 97 30
38 98 15
38 98 30
38 99 15
38 99 30
37 100 15
37 100 30
36 100 15
36 101 15
35 101 15
34 101 15
34 102 15
33 102 15
33 103 15
32 103 15
32 104 15
31 104 15
30 104 15
29 104 15
28 104 15
28 105 15
28 106 15
27 106 15
27 107 15
26 107 15
25 107 15
24 108 15
23 108 15
22 108 15
21 108 15
20 108 15
19 108 15
19 109 15
18 109 15
18 110 15
17 110 15
16 110 15
15 110 15
15 111 15
15 112 15
14 112 15
14 113 15
13 113 15
13 114 15
12 115 15
11 115 15
11 116 15
10 116 15
9 116 15
8 116 15
8 117 15
8 118 15
8 119 15
8 120 15
8 121 15
8 122 15
8 123 15
8 124 15
8 125 15
8 126 15
8 126 30
8 127 15
8 127 30
8 128 15
8 128 30
8 129 15
8 129 30
8 130 15
8 130 30
8 130 30
8 131 15
8 131 30
8 131 30
8 132 15
8 132 30
8 132 30
8 133 15
8 133 30
8 133 30
9 133 15
9 133 30
9 133 30
9 133 30
9 134 15
9 134 30
9 134 30
9 134 30
9 134 30
9 135 15
9 135 30
9 135 30
9 135 30
9 135 30
9 136 15
9 136 30
9 136 30
9 136 30
9 136 30
9 136 30
9 137 15
9 137 30
9 137 30
9 137 30
9 137 30
9 137 30
9 137 30
9 138 15
9 138 30
9 138 30
9 138 30
9 138 30
9 138 30
9 138 30
9 138 30
9 139 15
9 139 30
9 139 30
9 139 30
9 139 30
9 139 30
9 139 30
9 139 30
9 139 30
9 140 15
9 140 30
9 140 30
9 140 30
9 140 30
9 140 30
9 140 30
9 140 30
9 141 15
9 141 30
9 141 30
9 141 30
9 141 30
9 141 30
9 141 30
9 142 15
9 142 30
9 142 30
9 142 30
9 142 30
9 142 30
10 142 15
10 142 30
10 142 30
10 142 30
10 142 30
10 142 30
11 142 15
11 142 30
11 142 30
11 142 30
11 142 30
11 142 30
11 143 15
11 143 30
11 143 30
11 143 30
11 144 15
11 144 30
11 144 30
11 145 15
11 145 30
11 145 30
11 146 15
11 146 30
12 146 15
12 146 30
12 147 15
12 147 30
12 148 15
12 148 30
13 148 15
13 148 30
13 149 15
13 149 30
13 150 15
13 150 30
13 151 15
13 151 30
13 152 15
13 152 30
13 153 22
13 153 30
14 153 26
15 153 32
15 154 33
16 154 34
16 155 34
17 155 31
18 155 27
19 155 21
19 156 15
19 156 30
19 157 15
19 157 30
19 158 15
19 158 30
19 159 15
19 159 30
19 160 15
19 160 30
19 160 30
19 161 15
19 161 30
19 161 30
19 162 15
19 162 30
19 162 30
19 162 30
19 163 16
19 163 30
19 163 30
19 163 30
19 164 25
19 164 30
19 164 30
19 164 30
19 165 36
19 165 30
19 165 30
19 165 30
19 166 49
19 166 30
19 166 30
19 167 64
19 167 30
19 167 30
18 167 77
18 167 30
18 167 30
18 167 30
18 168 91
18 168 30
18 168 30
18 168 30
17 168 104
17 168 30
17 168 30
17 168 30
17 169 115
17 169 30
17 169 30
17 169 30
17 169 30
17 170 127
17 170 30
17 170 30
17 170 30
17 170 30
16 170 136
16 170 30
16 170 30
16 170 30
16 170 30
16 170 30
16 170 30
16 171 143
16 171 30
16 171 30
16 171 30
16 171 30
16 171 30
16 172 150
16 172 30
16 172 30
16 172 30
15 172 153
15 172 30
15 172 30
15 172 30
15 172 30
15 172 30
15 173 154
15 173 30
15 173 30
15 173 30
14 174 151
14 174 30
14 174 30
14 175 144
14 176 136
14 177 126
13 177 112
13 178 97
13 179 80
12 179 62
12 180 41
12 181 21
12 181 30
12 182 15
12 182 30
11 182 15
11 182 30
10 182 15
10 182 30
9 182 15
8 182 15
7 182 15
6 182 15
5 182 15
4 182 15
63 14 15
63 13 15
62 13 15
61 13 15
60 13 15
59 13 15
58 13 15
57 13 15
56 13 15
55 13 15
54 13 15
54 14 15
53 14 15
52 14 15
52 15 15
51 15 15
51 16 15
50 16 15
50 17 15
49 17 15
48 17 15
47 17 15
46 17 15
45 17 15
44 17 15
43 17 15
42 17 15
42 18 15
41 18 15
40 18 15
39 18 16
38 18 19
37 18 23
36 18 26
36 18 30
35 18 30
35 18 30
34 18 33
34 18 30
34 18 30
33 18 38
33 18 30
33 18 30
33 18 30
32 18 43
32 18 30
32 18 30
32 18 30
32 18 30
31 18 48
31 18 30
31 18 30
31 18 30
31 18 30
30 18 54
30 18 30
30 18 30
30 18 30
29 18 62
29 18 30
29 18 30
29 18 30
28 18 70
28 18 30
28 18 30
28 19 78
28 19 30
27 19 88
27 19 30
26 19 98
26 20 109
26 21 122
26 22 137
25 23 159
24 23 164
23 23 169
22 23 173
21 23 176
20 23 177
19 23 177
18 23 176
17 23 172
17 24 165
16 24 156
15 24 145
14 24 132
14 25 116
13 25 98
12 25 79
11 25 60
11 26 38
10 26 17
10 26 30
9 26 15
9 26 30
8 26 15
8 26 30
8 27 15
7 27 15
7 28 15
7 29 15
7 30 15
7 31 15
7 32 15
7 33 15
7 34 15
7 34 30
7 35 15
7 35 30
7 36 15
7 36 30
7 37 15
7 37 30
7 38 15
7 38 30
7 39 15
7 39 30
7 40 24
7 41 37
7 42 47
7 43 53
7 44 55
7 45 53
7 46 46
7 47 36
7 48 21
7 48 30
7 49 15
7 49 30
7 50 15
7 50 30
7 51 15
7 51 30
7 52 15
6 52 15
6 53 15
5 53 15
4 53 15
3 53 15
122 133 15
121 133 15
120 133 15
119 133 15
118 133 15
118 133 30
117 133 15
117 133 30
116 133 15
116 133 30
116 133 30
115 133 15
115 133 30
115 133 30
114 133 15
114 133 30
114 133 30
114 133 30
113 133 15
113 133 30
113 133 30
113 133 30
113 133 30
112 133 21
112 133 30
112 133 30
112 133 30
112 133 30
112 134 33
112 134 30
112 134 30
112 134 30
112 134 30
112 134 30
111 134 44
111 134 30
111 134 30
111 134 30
111 134 30
111 134 30
111 135 55
111 135 30
111 135 30
111 135 30
111 135 30
111 135 30
111 136 66
111 136 30
111 136 30
111 136 30
111 136 30
111 136 30
110 136 76
110 136 30
110 136 30
110 136 30
110 136 30
110 136 30
110 137 85
110 137 30
110 137 30
110 137 30
110 137 30
110 138 92
110 138 30
110 138 30
109 138 99
109 138 30
109 138 30
109 139 101
109 139 30
109 141 101
108 141 98
108 142 90
108 143 81
108 144 70
107 144 57
107 145 39
107 145 30
107 146 22
107 146 30
107 147 15
107 147 30
106 147 15
106 147 30
105 147 15
105 147 30
104 147 15
104 147 30
103 147 15
103 147 30
102 147 15
102 147 30
101 147 15
101 147 30
100 147 15
99 147 15
98 147 15
97 148 15
97 149 15
96 149 15
96 150 15
96 151 15
95 151 15
95 152 15
94 152 15
93 152 15
92 152 15
92 153 15
91 153 15
90 153 15
89 153 15
88 153 15
87 153 15
86 153 15
85 153 15
84 153 15
