134 35 36
192 198 36
30 162 36
30 162 26
30 162 26
30 162 26
30 162 26
30 162 26
30 162 26
30 162 26
30 162 26
30 162 26
30 162 26
30 162 26
30 162 26
30 162 26
30 162 26
21 89 36
90 140 36
128 179 36
168 127 36
199 191 36
192 184 36
192 184 26
192 184 26
192 184 26
192 184 26
192 184 26
192 184 26
192 184 26
9 96 36
9 96 26
9 96 26
9 96 26
9 96 26
9 96 26
9 96 26
9 96 26
9 96 26
9 96 26
9 96 26
9 96 26
9 96 26
9 96 26
9 96 26
21 75 36
34 82 36
122 42 36
122 42 26
122 42 26
122 42 26
122 42 26
122 42 26
122 42 26
122 42 26
122 42 26
122 42 26
122 42 26
122 42 26
122 42 26
122 42 26
122 42 26
147 42 36
147 27 36
78 147 36
90 155 36
90 155 26
90 155 26
90 155 26
90 155 26
90 155 26
90 155 26
90 155 26
90 155 26
90 155 26
90 155 26
77 132 36
134 20 36
134 20 26
134 20 26
134 20 26
134 20 26
134 20 26
134 20 26
134 20 26
134 20 26
134 20 26
35 96 36
89 126 36
42 155 36
42 155 26
42 155 26
42 155 26
42 155 26
42 155 26
42 155 26
42 155 26
42 155 26
42 155 26
42 169 36
42 169 26
42 169 26
42 169 26
42 169 26
42 169 26
42 169 26
42 169 26
42 169 26
42 169 26
42 169 26
42 169 26
42 169 26
42 169 26
42 169 26
42 169 26
42 169 26
42 169 26
29 147 36
41 140 36
41 140 26
27 133 36
39 125 36
39 125 26
39 125 26
39 125 26
39 125 26
39 125 26
39 125 26
39 125 26
39 125 26
39 125 26
39 125 26
39 125 26
23 103 36
23 103 26
23 103 26
23 103 26
66 140 36
66 140 26
66 140 26
160 33 36
160 33 26
160 33 26
160 33 26
160 33 26
160 33 26
160 33 26
160 33 26
160 33 26
15 140 36
13 126 36
13 126 26
13 126 26
13 126 26
54 147 36
54 147 26
54 147 26
54 147 26
54 147 26
54 147 26
180 192 36
180 192 26
180 192 26
180 192 26
180 192 26
180 192 26
166 199 36
166 199 26
166 199 26
166 199 26
166 199 26
166 199 26
166 199 26
166 199 26
166 199 26
166 199 26
166 199 26
166 199 26
166 199 26
166 199 26
166 199 26
166 199 26
166 199 26
166 199 26
166 199 26
166 199 26
166 199 26
34 68 36
21 61 36
167 185 36
167 185 26
167 185 26
167 185 26
167 185 26
167 185 26
167 185 26
167 185 26
167 185 26
167 185 26
167 185 26
167 185 26
167 185 26
167 185 26
167 185 26
167 185 26
167 185 26
167 185 26
167 185 26
167 185 26
167 185 26
167 185 26
167 185 26
167 185 26
167 185 26
160 48 36
160 48 26
160 48 26
160 48 26
160 48 26
160 48 26
160 48 26
160 48 26
160 48 26
160 48 26
160 48 26
160 48 26
160 48 26
160 48 26
160 48 26
160 48 26
160 48 26
160 48 26
134 49 36
134 49 26
34 55 36
34 55 26
160 19 36
160 19 26
160 19 26
160 19 26
160 19 26
160 19 26
160 19 26
160 19 26
160 19 26
160 19 26
160 19 26
160 19 26
160 19 26
160 19 26
160 19 26
160 19 26
160 19 26
160 19 26
135 62 36
135 62 26
135 62 26
135 62 26
135 62 26
135 62 26
135 62 26
135 62 26
135 62 26
135 62 26
135 62 26
135 62 26
135 62 26
135 62 26
135 62 26
135 62 26
135 62 26
22 48 36
35 41 36
23 34 36
199 177 36
199 177 26
199 177 26
199 177 26
199 177 26
199 177 26
199 177 26
199 177 26
199 177 26
199 177 26
199 177 26
199 177 26
199 177 26
199 177 26
199 177 26
199 177 26
199 177 26
199 177 26
199 177 26
199 177 26
199 177 26
199 177 26
199 177 26
199 177 26
199 177 26
199 177 26
199 177 26
199 177 26
199 177 26
199 177 26
199 177 26
199 177 26
199 177 26
36 28 36
135 4 36
135 4 26
135 4 26
135 4 26
135 4 26
135 4 26
135 4 26
147 12 36
147 12 26
147 12 26
147 12 26
147 12 26
147 12 26
147 12 26
147 12 26
147 12 26
180 177 36
180 177 26
180 177 26
180 177 26
180 177 26
180 177 26
180 177 26
180 177 26
180 177 26
180 177 26
180 177 26
180 177 26
180 177 26
180 177 26
180 177 26
180 177 26
180 177 26
180 177 26
180 177 26
180 177 26
180 177 26
180 177 26
180 177 26
180 177 26
180 177 26
180 177 26
180 177 26
180 177 26
180 177 26
180 177 26
180 177 26
180 177 26
180 177 26
180 177 26
180 177 26
180 177 26
192 184 26
192 184 26
192 184 26
192 184 26
192 184 26
192 184 26
192 184 26
192 184 26
192 184 26
192 184 26
192 184 26
192 184 26
192 184 26
24 21 36
36 14 36
36 14 26
36 14 26
36 14 26
36 14 26
36 14 26
36 14 26
36 14 26
36 14 26
36 14 26
36 14 26
122 12 36
122 12 26
122 12 26
122 12 26
122 12 26
122 12 26
122 12 26
122 12 26
122 12 26
122 12 26
122 12 26
122 12 26
122 12 26
122 12 26
122 12 26
122 12 26
122 12 26
122 12 26
122 12 26
122 12 26
122 12 26
122 12 26
122 12 26
122 12 26
122 12 26
173 39 36
173 39 26
173 39 26
173 39 26
173 39 26
173 39 26
173 39 26
186 31 36
186 45 36
198 37 36
199 51 36
199 51 26
180 120 36
180 120 26
180 120 26
180 120 26
180 120 26
180 120 26
167 113 36
167 113 26
167 113 26
167 113 26
198 23 36
187 59 36
199 65 36
188 72 36
166 199 26
154 193 36
154 193 26
154 193 26
154 193 26
154 193 26
154 193 26
154 193 26
154 193 26
154 193 26
154 193 26
154 193 26
154 193 26
154 193 26
154 193 26
141 186 36
24 7 36
12 14 36
12 14 26
12 14 26
12 0 36
199 79 36
0 7 36
0 7 26
0 7 26
0 7 26
0 7 26
0 7 26
0 7 26
0 7 26
0 7 26
0 7 26
0 7 26
0 7 26
0 7 26
189 86 36
199 92 36
199 92 26
190 99 36
190 99 26
190 99 26
190 99 26
190 99 26
190 99 26
190 99 26
190 99 26
48 35 36
48 35 26
48 35 26
48 35 26
48 35 26
48 35 26
48 35 26
48 35 26
48 35 26
48 35 26
10 41 36
11 28 36
0 34 36
186 17 36
186 17 26
198 8 36
186 2 36
186 2 26
186 2 26
186 2 26
186 2 26
186 2 26
186 2 26
186 2 26
186 2 26
186 2 26
186 2 26
186 2 26
186 2 26
186 2 26
0 21 36
0 21 26
0 21 26
0 21 26
0 21 26
0 21 26
0 21 26
0 21 26
127 193 36
127 193 26
127 193 26
140 199 36
0 48 36
9 55 36
0 62 36
0 62 26
0 62 26
0 62 26
176 80 36
177 93 36
177 93 26
177 93 26
177 93 26
177 93 26
177 93 26
177 93 26
177 93 26
177 93 26
177 93 26
177 93 26
174 67 36
174 67 26
174 67 26
174 67 26
9 68 36
9 68 26
162 74 36
162 74 26
162 74 26
162 74 26
162 74 26
162 74 26
164 87 36
164 87 26
164 87 26
164 87 26
164 87 26
164 87 26
164 87 26
164 87 26
164 87 26
164 87 26
25 118 36
25 118 26
25 118 26
25 118 26
25 118 26
173 25 36
173 25 26
173 25 26
173 25 26
173 25 26
173 25 26
173 25 26
173 25 26
173 25 26
173 25 26
173 25 26
173 25 26
173 25 26
173 25 26
150 81 36
152 93 36
152 93 26
138 87 36
139 100 36
139 100 26
153 107 36
153 107 26
168 126 15
168 125 15
168 124 15
167 124 15
166 124 15
166 123 15
166 122 15
165 122 15
165 121 15
165 121 30
165 120 15
165 120 30
165 119 15
165 119 30
164 119 15
164 119 30
163 119 15
163 119 30
163 118 15
163 118 30
163 117 15
163 117 30
163 117 30
163 116 18
163 116 30
163 116 30
162 116 27
162 116 30
162 116 30
162 115 38
162 115 30
162 115 30
161 115 45
161 115 30
161 115 30
160 115 54
160 115 30
160 114 59
160 114 30
160 114 30
159 114 65
159 114 30
159 113 69
159 113 30
158 113 72
158 113 30
158 112 75
158 112 30
157 112 75
157 112 30
157 111 76
157 111 30
156 111 74
156 111 30
156 110 75
155 110 70
154 110 68
154 109 63
153 109 60
153 108 54
152 107 42
152 107 30
151 107 37
151 107 30
151 106 29
151 106 30
151 105 24
151 105 30
151 105 30
150 105 15
150 105 30
150 105 30
150 104 15
150 104 30
150 104 30
150 103 15
150 103 30
150 103 30
150 103 30
150 102 15
150 102 30
150 102 30
150 102 30
150 101 15
150 101 30
150 101 30
150 101 30
150 100 15
150 100 30
150 100 30
150 100 30
150 99 15
150 99 30
150 99 30
150 99 30
150 98 15
150 98 30
150 98 30
150 98 30
150 97 15
150 97 30
150 97 30
150 97 30
150 96 15
150 96 30
150 96 30
150 96 30
150 95 15
150 95 30
150 95 30
150 95 30
150 94 15
150 94 30
150 94 30
150 93 15
150 93 30
150 93 30
150 92 15
150 92 30
150 91 15
150 91 30
150 90 15
150 90 30
150 89 15
150 89 30
150 88 15
150 88 30
150 87 15
150 87 30
150 86 15
150 86 30
150 85 15
150 85 30
150 84 15
150 84 30
150 83 15
150 83 30
150 82 15
150 82 30
151 81 30
151 81 30
152 81 37
152 81 30
153 81 46
153 81 30
154 81 55
154 81 30
154 81 30
155 81 63
155 81 30
155 81 30
156 81 72
156 81 30
156 81 30
157 81 79
157 81 30
157 81 30
157 80 84
157 80 30
158 80 87
158 80 30
159 80 88
159 80 30
160 80 88
160 80 30
161 80 87
161 80 30
161 80 30
162 80 84
162 80 30
162 80 30
163 80 80
163 80 30
163 80 30
163 79 74
163 79 30
163 79 30
163 79 30
164 79 66
164 79 30
164 79 30
164 79 30
165 79 58
165 79 30
165 79 30
165 79 30
165 79 30
166 79 49
166 79 30
166 79 30
166 79 30
166 79 30
167 79 41
167 79 30
167 79 30
167 79 30
167 79 30
167 78 31
167 78 30
167 78 30
167 78 30
167 78 30
167 78 30
168 78 21
168 78 30
168 78 30
168 78 30
168 78 30
169 78 15
169 78 30
169 78 30
169 78 30
169 78 30
169 77 15
169 77 30
169 77 30
169 77 30
169 77 30
169 76 15
169 76 30
169 76 30
169 76 30
169 76 30
169 76 30
169 76 30
169 75 15
169 75 30
169 75 30
169 75 30
169 75 30
169 75 30
169 75 30
169 75 30
169 75 30
170 75 15
170 75 30
170 75 30
170 75 30
170 75 30
170 75 30
170 75 30
171 75 15
171 75 30
171 75 30
171 75 30
171 75 30
172 75 15
172 75 30
172 75 30
172 75 30
173 75 15
173 75 30
173 75 30
174 75 15
174 75 30
175 75 15
175 75 30
175 74 15
175 74 30
175 73 15
175 73 30
176 73 15
176 73 30
176 72 15
176 72 30
177 72 15
177 72 30
178 72 15
178 72 30
179 72 15
179 72 30
180 72 15
180 72 30
181 72 15
181 72 30
182 72 15
182 72 30
183 72 15
183 72 30
184 72 15
184 72 30
185 72 19
186 72 21
187 72 22
189 72 21
189 71 20
189 70 18
189 69 16
189 68 15
189 67 15
189 66 15
189 65 15
189 64 15
189 63 15
189 62 15
189 62 30
189 61 15
189 61 30
189 60 15
189 60 30
189 59 15
189 59 30
189 58 15
189 58 30
189 57 15
189 57 30
189 56 15
189 56 30
189 55 15
189 55 30
189 54 15
189 54 30
189 53 15
189 53 30
189 52 15
189 52 30
189 51 15
189 51 30
189 50 15
189 50 30
189 49 15
189 49 30
189 48 15
189 48 30
189 47 15
189 47 30
188 47 15
188 47 30
188 46 15
188 46 30
188 45 15
188 45 30
187 45 15
187 45 30
186 44 17
186 43 15
186 42 15
186 41 15
186 40 15
186 39 15
186 38 15
185 38 15
185 37 15
185 36 15
184 36 27
183 36 42
182 36 57
181 36 72
180 36 87
179 36 101
178 36 115
177 36 129
176 36 143
175 36 156
174 36 169
173 36 182
173 36 30
172 36 194
172 36 30
171 36 206
171 36 30
170 36 217
170 36 30
169 36 227
168 36 236
167 36 244
166 36 250
165 36 254
165 36 30
164 36 256
164 36 30
163 36 255
163 36 30
163 36 30
162 36 252
162 36 30
162 36 30
161 36 246
161 36 30
161 36 30
160 36 237
160 36 30
160 36 30
159 36 224
159 36 30
158 36 208
157 36 190
156 36 168
155 36 143
154 36 116
153 36 88
152 36 57
151 36 26
151 36 30
150 36 15
150 36 30
149 36 15
149 36 30
148 36 15
148 36 30
147 36 15
147 36 30
146 36 15
146 36 30
145 36 15
145 36 30
144 36 15
144 36 30
143 36 15
143 36 30
143 35 15
143 35 30
142 35 15
142 35 30
141 35 15
141 35 30
140 35 15
140 35 30
139 35 15
139 35 30
138 35 15
138 35 30
137 35 15
137 35 30
136 35 15
136 35 30
135 35 15
135 35 30
89 140 15
88 140 15
88 141 15
88 142 15
87 142 15
87 143 15
87 143 30
86 143 15
86 143 30
85 143 15
85 143 30
84 143 15
84 143 30
83 143 15
83 143 30
82 143 15
81 143 15
80 143 15
79 143 15
78 143 15
77 143 15
76 143 15
75 143 15
74 143 15
73 143 15
73 143 30
72 143 15
72 143 30
71 143 15
71 143 30
70 143 15
70 143 30
69 143 18
69 143 30
68 143 33
67 143 47
66 143 60
65 143 72
64 143 83
63 143 92
62 143 100
61 143 106
60 143 110
59 143 113
59 143 30
58 143 114
58 143 30
58 143 30
58 143 30
57 143 113
57 143 30
57 143 30
57 143 30
57 143 30
57 143 30
56 143 111
56 143 30
56 143 30
56 143 30
56 143 30
56 143 30
56 143 30
56 143 30
55 143 107
55 143 30
55 143 30
55 143 30
55 143 30
55 143 30
55 143 30
55 143 30
55 143 30
54 143 102
54 143 30
54 143 30
54 143 30
54 143 30
54 143 30
54 143 30
54 143 30
54 143 30
53 143 96
53 143 30
53 143 30
53 143 30
53 143 30
53 143 30
53 143 30
53 143 30
53 143 30
52 143 88
52 143 30
52 143 30
52 143 30
52 143 30
52 143 30
52 143 30
52 143 30
51 143 80
51 143 30
51 143 30
51 143 30
51 143 30
51 143 30
50 143 72
50 143 30
50 143 30
50 143 30
50 143 30
49 143 63
49 143 30
49 143 30
49 143 30
49 143 30
48 143 54
48 143 30
48 143 30
48 143 30
47 143 45
47 143 30
47 143 30
47 143 30
46 143 37
46 143 30
46 143 30
46 143 30
45 143 29
45 143 30
45 143 30
45 143 30
44 143 22
44 143 30
44 143 30
44 143 30
43 143 16
43 143 30
43 143 30
43 143 30
42 143 15
42 143 30
42 143 30
42 144 15
42 144 30
42 144 30
41 144 15
41 144 30
40 144 15
40 144 30
40 145 15
40 145 30
40 146 15
40 146 30
39 146 15
39 146 30
38 146 15
38 146 30
37 146 15
37 146 30
36 146 15
36 146 30
35 146 15
35 146 30
34 146 15
34 146 30
33 146 15
33 146 30
32 146 15
32 146 30
31 146 15
31 146 30
30 146 15
30 146 30
29 146 15
29 146 30
29 145 15
29 145 30
29 144 15
29 144 30
29 143 15
29 143 30
28 143 15
28 143 30
27 143 15
27 143 30
27 142 15
27 142 30
27 141 15
27 141 30
27 140 15
27 140 30
27 139 15
27 139 30
27 138 15
27 138 30
27 137 15
27 137 30
27 136 15
27 136 30
27 135 15
27 135 30
27 134 15
27 134 30
26 133 15
26 133 30
25 133 15
25 133 30
24 133 15
24 133 30
24 132 15
24 132 30
24 131 15
24 131 30
24 131 30
23 131 15
23 131 30
23 131 30
23 130 15
23 130 30
23 130 30
23 130 30
23 129 15
23 129 30
23 129 30
23 129 30
23 128 15
23 128 30
23 128 30
23 128 30
23 128 30
23 127 15
23 127 30
23 127 30
23 127 30
23 127 30
23 126 15
23 126 30
23 126 30
23 126 30
23 126 30
23 125 18
23 125 30
23 125 30
23 125 30
23 125 30
23 124 30
23 124 30
23 124 30
23 124 30
23 123 43
23 123 30
23 123 30
23 122 55
23 122 30
23 122 30
23 121 67
23 121 30
23 120 79
23 120 30
23 119 91
23 119 30
23 118 102
23 118 30
24 118 112
24 118 30
25 117 134
25 117 30
25 116 138
25 116 30
25 116 30
25 115 142
25 115 30
25 115 30
25 114 143
25 114 30
25 114 30
25 113 144
25 113 30
25 112 142
25 112 30
25 111 139
25 110 134
25 109 127
25 108 119
25 107 109
25 106 97
25 105 83
25 104 69
25 104 30
25 103 53
25 103 30
25 102 37
25 102 30
25 101 21
25 101 30
25 100 15
25 100 30
25 99 15
25 99 30
25 98 15
25 98 30
25 97 15
25 97 30
25 96 15
25 96 30
25 95 15
25 95 30
25 94 15
25 93 15
24 93 15
24 93 30
24 92 15
24 92 30
23 92 15
23 92 30
23 91 15
23 91 30
22 91 15
22 91 30
22 90 15
22 90 30
22 89 15
22 89 30
30 147 18
30 148 32
30 149 48
30 150 66
30 151 85
30 152 106
30 153 129
30 154 153
30 155 178
30 156 204
30 157 232
30 158 261
30 159 291
30 160 322
30 161 354
128 180 15
129 180 15
130 180 15
131 180 15
132 180 15
132 181 15
132 182 15
133 182 15
133 183 15
134 183 15
134 184 15
134 185 15
134 186 15
135 186 15
136 186 15
137 186 15
138 186 15
139 186 15
140 186 15
141 187 15
141 188 15
141 189 15
141 190 15
142 190 15
142 191 15
142 192 15
142 193 15
142 194 15
142 195 15
143 195 15
144 195 15
144 195 30
145 195 15
145 195 30
145 196 15
145 196 30
146 196 24
146 196 30
147 196 54
148 196 87
149 196 122
150 196 160
151 196 199
152 196 240
153 196 281
154 196 322
154 196 30
154 196 30
155 196 362
155 196 30
155 196 30
155 196 30
155 196 30
155 196 30
155 196 30
156 196 400
156 196 30
156 196 30
156 196 30
156 196 30
156 196 30
156 196 30
156 196 30
156 196 30
156 196 30
156 196 30
157 196 436
157 196 30
157 196 30
157 196 30
157 196 30
157 196 30
157 196 30
157 196 30
157 196 30
157 196 30
157 196 30
157 196 30
157 196 30
157 196 30
157 196 30
157 196 30
158 196 469
158 196 30
158 196 30
158 196 30
158 196 30
158 196 30
158 196 30
158 196 30
158 196 30
158 196 30
158 196 30
158 196 30
158 196 30
158 196 30
158 196 30
158 196 30
158 196 30
158 196 30
158 196 30
158 196 30
158 196 30
158 196 30
159 196 499
159 196 30
159 196 30
159 196 30
159 196 30
159 196 30
159 196 30
159 196 30
159 196 30
159 196 30
159 196 30
159 196 30
159 196 30
159 196 30
159 196 30
159 196 30
159 196 30
159 196 30
159 196 30
159 196 30
159 196 30
159 196 30
159 196 30
159 196 30
159 196 30
159 196 30
159 196 30
159 196 30
159 196 30
160 196 523
160 196 30
160 196 30
160 196 30
160 196 30
160 196 30
160 196 30
160 196 30
160 196 30
160 196 30
160 196 30
160 196 30
160 196 30
160 196 30
160 196 30
160 196 30
160 196 30
160 196 30
160 196 30
160 196 30
160 196 30
160 196 30
160 196 30
160 196 30
160 196 30
160 196 30
160 196 30
160 196 30
160 196 30
160 196 30
160 196 30
160 196 30
160 196 30
160 196 30
161 196 543
161 196 30
161 196 30
161 196 30
161 196 30
161 196 30
161 196 30
161 196 30
161 196 30
161 196 30
161 196 30
161 196 30
161 196 30
161 196 30
161 196 30
161 196 30
161 196 30
161 196 30
161 196 30
161 196 30
161 196 30
161 196 30
161 196 30
161 196 30
161 196 30
161 196 30
161 196 30
161 196 30
161 196 30
161 196 30
161 196 30
161 196 30
161 196 30
161 196 30
161 196 30
161 196 30
161 196 30
161 196 30
162 196 557
162 196 30
162 196 30
162 196 30
162 196 30
162 196 30
162 196 30
162 196 30
162 196 30
162 196 30
162 196 30
162 196 30
162 196 30
162 196 30
162 196 30
162 196 30
162 196 30
162 196 30
162 196 30
162 196 30
162 196 30
162 196 30
162 196 30
162 196 30
162 196 30
162 196 30
162 196 30
162 196 30
162 196 30
162 196 30
162 196 30
162 196 30
162 196 30
162 196 30
162 196 30
162 196 30
162 196 30
162 196 30
162 196 30
162 196 30
163 196 566
163 196 30
163 196 30
163 196 30
163 196 30
163 196 30
163 196 30
163 196 30
163 196 30
163 196 30
163 196 30
163 196 30
163 196 30
163 196 30
163 196 30
163 196 30
163 196 30
163 196 30
163 196 30
163 196 30
163 196 30
163 196 30
163 196 30
163 196 30
163 196 30
163 196 30
163 196 30
163 196 30
163 196 30
163 196 30
163 196 30
163 196 30
163 196 30
163 196 30
163 196 30
163 196 30
163 196 30
163 196 30
163 196 30
163 196 30
164 196 568
164 196 30
164 196 30
164 196 30
164 196 30
164 196 30
164 196 30
164 196 30
164 196 30
164 196 30
164 196 30
164 196 30
164 196 30
164 196 30
164 196 30
164 196 30
164 196 30
164 196 30
164 196 30
164 196 30
164 196 30
164 196 30
164 196 30
164 196 30
164 196 30
164 196 30
164 196 30
164 196 30
164 196 30
164 196 30
164 196 30
164 196 30
164 196 30
164 196 30
164 196 30
164 196 30
164 196 30
165 196 564
165 196 30
165 196 30
165 196 30
165 196 30
165 196 30
165 196 30
165 196 30
165 196 30
165 196 30
165 196 30
165 196 30
165 196 30
165 196 30
165 196 30
165 196 30
165 196 30
165 196 30
165 196 30
165 196 30
165 196 30
165 196 30
165 196 30
165 196 30
165 196 30
165 196 30
165 196 30
165 196 30
165 196 30
165 196 30
165 196 30
165 196 30
165 196 30
165 196 30
166 196 554
166 196 30
166 196 30
166 196 30
166 196 30
166 196 30
166 196 30
166 196 30
166 196 30
166 196 30
166 196 30
166 196 30
166 196 30
166 196 30
166 196 30
166 196 30
166 196 30
166 196 30
166 196 30
166 196 30
166 196 30
166 196 30
166 196 30
166 196 30
166 196 30
166 196 30
166 196 30
166 196 30
166 196 30
166 196 30
166 196 30
167 196 538
167 196 30
167 196 30
167 196 30
167 196 30
167 196 30
167 196 30
167 196 30
167 196 30
167 196 30
167 196 30
167 196 30
167 196 30
167 196 30
167 196 30
167 196 30
167 196 30
167 196 30
167 196 30
167 196 30
167 196 30
167 196 30
167 196 30
167 196 30
167 196 30
167 196 30
167 196 30
167 196 30
168 196 517
168 196 30
168 196 30
168 196 30
168 196 30
168 196 30
168 196 30
168 196 30
168 196 30
168 196 30
168 196 30
168 196 30
168 196 30
168 196 30
168 196 30
168 196 30
168 196 30
168 196 30
168 196 30
168 196 30
168 196 30
168 196 30
168 196 30
168 196 30
168 196 30
168 196 30
168 196 30
169 196 491
169 196 30
169 196 30
169 196 30
169 196 30
169 196 30
169 196 30
169 196 30
169 196 30
169 196 30
169 196 30
169 196 30
169 196 30
169 196 30
169 196 30
169 196 30
169 196 30
169 196 30
169 196 30
169 196 30
169 196 30
169 196 30
169 196 30
169 196 30
169 196 30
169 196 30
170 196 461
170 196 30
170 196 30
170 196 30
170 196 30
170 196 30
170 196 30
170 196 30
170 196 30
170 196 30
170 196 30
170 196 30
170 196 30
170 196 30
170 196 30
170 196 30
170 196 30
170 196 30
170 196 30
170 196 30
170 196 30
170 196 30
170 196 30
171 196 428
171 196 30
171 196 30
171 196 30
171 196 30
171 196 30
171 196 30
171 196 30
171 196 30
171 196 30
171 196 30
171 196 30
171 196 30
171 196 30
171 196 30
171 196 30
171 196 30
171 196 30
171 196 30
172 196 392
172 196 30
172 196 30
172 196 30
172 196 30
172 196 30
172 196 30
172 196 30
172 196 30
172 196 30
172 196 30
172 196 30
173 196 355
173 196 30
173 196 30
173 196 30
173 196 30
173 196 30
174 196 316
175 196 278
176 196 241
177 196 205
178 196 171
179 196 139
180 196 111
181 196 85
182 196 62
183 196 43
184 196 26
184 196 30
185 196 15
185 196 30
186 196 15
186 196 30
187 196 15
187 196 30
188 196 15
189 196 15
190 196 15
191 196 15
191 197 15
192 197 15
