1 18 62
57 43 62
189 63 62
112 117 62
174 92 62
117 5 62
147 123 62
86 163 62
47 73 62
22 53 62
43 138 62
43 138 52
92 50 62
45 50 62
56 54 62
188 75 62
175 80 62
34 57 62
34 57 52
135 116 62
123 125 62
123 125 52
123 109 62
12 29 62
23 38 62
23 38 52
11 45 62
11 45 52
11 45 52
13 12 62
13 12 52
13 12 52
13 12 52
13 12 52
80 44 62
80 44 52
80 44 52
80 44 52
80 44 52
75 168 62
85 177 62
114 19 62
114 19 52
114 19 52
114 19 52
114 19 52
114 19 52
114 19 52
129 12 62
148 107 62
148 107 52
148 107 52
148 107 52
148 107 52
148 107 52
148 107 52
46 61 62
176 69 62
176 69 52
176 69 52
188 87 62
0 36 62
0 36 52
98 171 62
98 171 52
98 171 52
98 171 52
98 171 52
98 171 52
98 171 52
110 100 62
110 100 52
110 100 52
110 100 52
110 100 52
110 100 52
110 100 52
110 100 52
110 100 52
199 70 62
199 70 52
199 70 52
199 70 52
199 70 52
190 50 62
73 183 62
73 183 52
73 183 52
73 183 52
73 183 52
73 183 52
73 183 52
73 183 52
76 153 62
65 158 62
65 158 52
65 158 52
65 158 52
127 27 62
141 20 62
139 34 62
139 34 52
139 34 52
139 34 52
139 34 52
66 142 62
55 131 62
55 131 52
55 131 52
78 136 62
101 123 62
101 123 52
101 123 52
101 123 52
101 123 52
101 123 52
101 123 52
101 123 52
93 63 62
93 63 52
93 63 52
93 63 52
22 65 62
199 57 62
199 57 52
147 138 62
147 138 52
147 138 52
147 138 52
147 138 52
147 138 52
147 138 52
147 138 52
147 138 52
147 138 52
147 138 52
199 43 62
199 43 52
199 43 52
199 43 52
199 43 52
199 43 52
143 5 62
143 5 52
155 12 62
155 12 52
155 12 52
155 12 52
155 12 52
155 12 52
155 12 52
88 147 62
46 37 62
24 22 62
24 22 52
24 22 52
24 22 52
24 22 52
24 22 52
24 22 52
24 22 52
24 22 52
24 22 52
24 22 52
24 22 52
58 65 62
58 65 52
159 128 62
172 120 62
172 120 52
160 113 62
160 113 52
160 113 52
160 113 52
172 135 62
172 135 52
172 135 52
172 135 52
172 135 52
172 135 52
172 135 52
186 99 62
186 99 52
186 99 52
186 99 52
2 2 62
124 40 62
108 46 62
108 46 52
14 0 62
173 105 62
173 105 52
173 105 52
173 105 52
54 148 62
26 5 62
38 0 62
38 0 52
37 15 62
48 23 62
186 112 62
185 126 62
198 119 62
198 134 62
198 134 52
198 134 52
198 134 52
198 134 52
198 134 52
198 134 52
198 134 52
199 106 62
199 93 62
199 93 52
199 93 52
161 86 62
162 74 62
162 74 52
148 80 62
149 67 62
149 67 52
149 67 52
149 67 52
149 67 52
149 67 52
135 86 62
135 101 62
122 93 62
122 93 52
122 93 52
122 93 52
122 93 52
122 93 52
148 93 62
99 107 62
99 107 52
99 107 52
87 96 62
87 96 52
87 96 52
87 96 52
84 81 62
81 68 62
81 68 52
81 68 52
81 68 52
74 86 62
61 78 62
61 78 52
61 78 52
48 73 18
48 73 60
49 73 15
49 73 60
50 73 15
50 73 60
51 73 15
51 73 60
51 74 15
51 74 60
51 74 60
52 74 15
52 74 60
52 74 60
52 74 60
53 74 15
53 74 60
53 74 60
53 74 60
53 74 60
54 74 15
54 74 60
54 74 60
54 74 60
54 74 60
54 74 60
54 74 60
55 74 15
55 74 60
55 74 60
55 74 60
55 74 60
55 74 60
55 74 60
55 74 60
55 74 60
56 74 23
56 74 60
56 74 60
56 74 60
56 74 60
56 74 60
56 74 60
56 74 60
56 74 60
56 74 60
57 74 38
57 74 60
57 74 60
57 74 60
57 74 60
57 74 60
57 74 60
57 74 60
57 74 60
57 75 51
57 75 60
57 75 60
57 75 60
57 75 60
57 75 60
57 75 60
57 75 60
57 75 60
57 75 60
58 75 66
58 75 60
58 75 60
58 75 60
58 75 60
58 75 60
58 75 60
58 75 60
58 76 80
58 76 60
58 76 60
58 76 60
58 76 60
58 76 60
58 76 60
58 76 60
59 76 94
59 76 60
59 76 60
59 76 60
59 76 60
59 76 60
60 76 108
60 76 60
60 76 60
60 76 60
60 76 60
60 77 119
60 77 60
60 77 60
60 77 60
61 77 130
61 77 60
61 77 60
62 78 148
63 78 154
64 78 159
64 79 161
65 79 161
66 79 159
67 79 156
67 80 150
68 80 142
69 80 132
70 80 121
71 80 110
71 81 95
72 81 81
73 81 66
73 82 53
74 82 37
75 82 22
76 82 15
76 83 15
77 83 15
78 83 15
79 83 15
80 83 15
80 84 15
80 85 15
80 86 15
80 87 15
80 88 15
80 88 60
80 89 15
80 89 60
81 89 15
81 89 60
82 89 15
82 89 60
83 89 15
83 89 60
84 89 15
85 89 29
85 90 45
86 90 61
86 91 77
87 91 95
87 92 111
87 93 129
87 94 148
87 95 170
88 96 195
89 96 201
90 96 209
90 97 219
91 97 226
91 98 232
92 98 236
92 99 239
93 99 241
93 100 240
94 100 239
94 101 235
95 101 231
95 102 224
96 102 218
96 103 209
97 103 201
97 104 191
98 104 181
98 105 170
99 105 158
99 106 148
100 107 125
101 107 110
101 107 60
102 107 97
102 107 60
102 108 86
102 108 60
103 108 72
103 108 60
103 108 60
104 108 60
104 108 60
104 108 60
104 109 49
104 109 60
104 109 60
105 109 37
105 109 60
105 109 60
106 109 27
106 109 60
106 110 16
106 110 60
107 110 15
107 110 60
108 110 15
108 110 60
109 110 15
109 110 60
109 111 15
109 111 60
110 111 15
110 112 15
111 112 15
111 113 15
111 114 15
112 114 15
112 115 15
112 116 15
134 116 27
133 116 16
133 116 60
132 116 15
132 116 60
131 116 15
131 116 60
130 116 15
130 116 60
129 116 15
129 116 60
128 116 15
128 116 60
127 116 15
126 116 15
125 116 15
124 116 15
123 116 15
122 116 15
121 116 15
120 116 15
119 116 15
118 116 15
117 116 15
116 116 15
115 116 15
114 116 15
113 116 15
131 115 15
131 114 15
131 113 15
131 112 15
131 111 15
131 110 24
131 109 32
131 108 41
131 107 48
131 106 53
131 105 57
131 104 58
131 103 58
132 103 54
132 102 48
132 101 40
132 100 31
133 100 20
133 99 15
134 99 15
135 99 15
135 98 15
135 97 15
135 96 15
135 95 15
135 94 15
135 93 15
135 92 15
135 91 15
135 90 15
135 89 15
135 88 15
135 87 15
136 86 15
137 86 15
138 86 15
138 85 15
139 85 15
140 85 15
141 85 15
141 84 15
142 84 15
143 84 15
144 84 15
144 83 15
145 83 15
146 83 15
147 83 15
148 83 15
149 83 15
150 83 15
151 83 15
152 83 15
153 83 15
154 83 15
155 83 15
156 83 15
157 83 15
158 83 15
159 83 15
160 83 15
161 83 15
162 83 15
163 83 15
164 83 15
165 83 15
166 83 15
167 83 15
168 83 15
169 83 15
170 83 15
171 83 15
172 83 15
173 83 15
174 83 15
175 83 15
175 82 15
175 82 60
175 81 20
175 81 60
176 81 15
176 81 60
177 81 15
177 81 60
178 81 15
178 81 60
179 81 15
179 81 60
179 80 15
179 80 60
180 80 15
180 80 60
181 80 15
181 80 60
182 80 15
182 80 60
182 79 15
182 79 60
182 78 15
182 78 60
183 78 15
183 78 60
184 78 15
184 78 60
185 78 15
185 78 60
186 78 15
186 78 60
187 78 15
187 78 60
187 77 15
187 77 60
187 76 22
187 76 60
187 75 33
187 75 60
188 74 52
188 74 60
188 73 62
188 73 60
188 72 70
188 72 60
188 71 77
188 71 60
188 70 82
188 70 60
188 69 86
188 69 60
188 68 87
188 68 60
189 68 84
189 67 79
189 66 71
189 65 61
189 64 49
174 84 15
174 85 15
174 86 15
174 87 15
174 88 15
174 89 15
174 90 18
174 91 28
135 117 37
135 117 60
135 118 39
135 118 60
136 118 47
136 118 60
136 119 51
136 119 60
136 119 60
137 119 56
137 119 60
137 119 60
137 120 62
137 120 60
137 120 60
137 120 60
138 120 64
138 120 60
138 120 60
139 120 68
139 120 60
139 121 71
139 121 60
139 121 60
140 121 71
140 121 60
141 121 71
141 121 60
141 122 72
141 122 60
142 122 69
143 122 66
144 122 63
144 123 59
145 123 52
146 123 46
93 50 18
93 50 60
94 50 15
94 50 60
94 50 60
95 50 15
95 50 60
95 50 60
96 50 15
96 50 60
96 50 60
96 50 60
97 50 15
97 50 60
97 50 60
97 50 60
98 50 15
98 50 60
98 50 60
98 50 60
98 50 60
99 50 15
99 50 60
99 50 60
99 50 60
99 50 60
100 50 15
100 50 60
100 50 60
100 50 60
100 50 60
101 50 15
101 50 60
101 50 60
101 50 60
101 50 60
101 49 15
101 49 60
101 49 60
101 49 60
101 49 60
101 49 60
101 48 26
101 48 60
101 48 60
101 48 60
101 48 60
101 48 60
101 48 60
101 48 60
102 48 34
102 48 60
102 48 60
102 48 60
102 48 60
102 48 60
102 48 60
103 48 44
103 48 60
103 48 60
103 48 60
103 48 60
103 48 60
103 47 54
103 47 60
103 47 60
103 47 60
103 47 60
103 47 60
103 47 60
104 47 62
104 47 60
104 47 60
104 47 60
104 47 60
104 47 60
105 47 70
105 47 60
105 47 60
105 47 60
106 47 78
106 47 60
106 47 60
106 46 83
106 46 60
106 46 60
107 46 86
107 46 60
108 45 92
109 45 91
110 45 90
111 45 88
111 44 83
112 44 77
113 44 72
113 43 65
114 43 56
115 43 49
115 42 40
116 42 31
116 41 23
116 41 60
117 41 15
117 41 60
118 41 15
118 41 60
118 40 15
118 40 60
118 39 15
118 39 60
118 38 15
118 38 60
118 37 15
118 37 60
119 37 15
119 37 60
120 37 15
120 37 60
120 36 15
120 36 60
120 35 15
120 35 60
120 35 60
120 34 15
120 34 60
120 34 60
121 34 15
121 34 60
121 34 60
122 34 15
122 34 60
122 34 60
123 34 15
123 34 60
123 34 60
124 34 15
124 34 60
124 34 60
125 34 15
125 34 60
125 34 60
126 34 15
126 34 60
126 34 60
126 34 60
126 33 15
126 33 60
126 33 60
126 33 60
126 32 15
126 32 60
126 32 60
126 31 15
126 31 60
126 30 17
126 30 60
127 30 23
127 30 60
127 29 27
127 28 32
128 27 38
128 26 41
129 26 42
129 25 42
130 25 42
130 24 39
130 23 37
131 23 33
131 22 28
132 22 23
132 21 16
132 20 15
132 19 15
132 18 15
132 17 15
132 16 15
132 15 15
132 14 15
132 13 15
132 12 15
132 11 15
132 10 15
132 9 17
131 9 28
130 9 36
129 9 43
128 9 47
127 9 49
126 9 49
125 9 47
124 9 44
123 9 41
123 8 38
122 8 34
121 8 30
121 7 28
120 7 25
119 7 26
119 6 26
118 6 29
118 5 34
44 138 60
44 138 60
44 139 31
44 139 60
44 140 15
44 140 60
45 140 15
45 140 60
45 141 15
45 141 60
45 142 15
45 142 60
46 142 15
47 142 15
48 142 15
49 142 15
49 142 60
50 142 15
50 142 60
51 142 15
51 142 60
52 142 15
52 142 60
53 142 15
53 142 60
54 142 15
54 142 60
55 142 15
55 142 60
56 142 15
56 142 60
56 142 60
57 142 15
57 142 60
57 142 60
58 142 15
58 142 60
58 142 60
59 142 15
59 142 60
59 142 60
60 142 16
60 142 60
60 142 60
60 142 60
61 142 27
61 142 60
61 142 60
61 142 60
62 142 36
62 142 60
62 142 60
63 142 41
63 142 60
63 142 60
64 142 43
64 142 60
64 142 60
65 142 42
65 142 60
67 142 28
67 142 60
68 142 16
68 142 60
69 142 15
69 142 60
70 142 15
70 142 60
71 142 15
72 142 15
73 142 15
74 142 15
74 143 15
75 143 15
75 144 15
75 145 15
75 146 15
76 146 15
76 147 15
76 148 15
77 148 15
77 149 15
77 150 15
77 151 15
78 151 15
79 151 15
79 152 15
79 153 15
79 154 15
80 154 15
80 155 15
81 155 15
81 156 15
81 157 20
81 158 22
81 159 19
81 160 15
81 161 15
81 162 15
82 162 15
82 163 15
83 163 15
84 163 15
85 163 15
85 163 60
51 72 15
51 72 60
51 71 15
51 71 60
51 70 15
51 70 60
52 70 15
52 70 60
53 70 15
53 70 60
54 70 15
54 70 60
54 69 15
54 69 60
54 68 15
54 68 60
54 67 15
54 67 60
54 66 15
54 66 60
54 65 15
54 65 60
54 64 15
54 64 60
54 63 15
54 63 60
54 62 15
54 62 60
54 61 15
54 61 60
54 60 15
54 60 60
54 59 15
54 59 60
54 58 15
54 57 15
54 56 15
54 55 15
54 54 15
54 53 15
55 53 15
55 52 15
55 51 15
55 50 15
56 50 15
56 49 15
56 48 15
56 47 15
56 46 15
56 45 15
56 44 15
56 43 15
55 43 15
54 43 15
53 43 15
52 43 15
51 43 15
51 42 15
51 41 15
51 40 15
51 39 15
51 38 15
50 38 15
49 38 15
49 37 15
49 36 15
49 35 15
49 34 15
49 33 16
48 33 23
48 32 28
48 31 32
48 30 35
48 29 37
48 28 38
48 27 39
48 26 39
48 25 38
48 24 38
47 23 27
46 23 23
46 22 17
46 21 15
46 20 15
46 19 15
46 18 15
46 17 15
45 17 15
45 16 15
45 15 15
44 15 15
43 15 15
42 15 15
41 15 15
40 15 15
40 15 60
39 15 15
39 15 60
38 15 15
38 15 60
37 14 15
37 14 60
37 13 15
37 13 60
37 13 60
37 12 15
37 12 60
37 12 60
37 11 15
37 11 60
37 11 60
37 11 60
36 11 15
36 11 60
36 11 60
36 11 60
35 11 15
35 11 60
35 11 60
35 10 15
35 10 60
35 10 60
34 10 15
34 10 60
34 10 60
33 10 15
33 10 60
33 10 60
33 9 15
33 9 60
33 8 15
33 8 60
32 8 15
32 8 60
31 8 15
31 8 60
31 7 15
31 7 60
31 6 15
31 6 60
30 6 15
30 6 60
29 6 15
29 6 60
29 5 15
29 5 60
28 5 15
28 5 60
27 5 15
27 5 60
26 4 15
26 3 15
26 2 15
26 1 15
26 0 15
25 0 15
24 0 15
23 0 15
22 0 15
21 0 15
20 0 15
19 0 16
18 0 25
17 0 32
16 0 37
15 0 39
13 0 37
13 0 60
12 0 33
12 0 60
12 0 60
11 0 28
11 0 60
11 0 60
11 0 60
10 0 23
10 0 60
10 0 60
10 0 60
10 0 60
9 0 17
9 0 60
9 0 60
9 0 60
9 0 60
8 0 15
8 0 60
8 0 60
8 0 60
8 0 60
8 0 60
7 0 15
7 0 60
7 0 60
7 0 60
7 0 60
7 0 60
6 0 15
6 0 60
6 0 60
6 0 60
6 0 60
5 0 15
5 0 60
5 0 60
5 0 60
5 0 60
4 0 15
4 0 60
4 0 60
4 0 60
4 1 19
4 1 60
4 1 60
3 1 25
3 1 60
3 1 60
3 2 32
3 2 60
2 3 48
1 3 58
1 4 66
1 5 78
1 6 91
1 7 104
1 8 117
1 9 128
1 10 136
1 11 141
1 12 142
1 13 137
1 14 127
1 15 112
1 16 92
1 17 67
