120 52 115
22 42 115
87 152 115
0 23 115
29 88 115
189 86 115
157 0 115
50 139 115
160 145 115
102 101 115
137 98 115
11 33 115
125 103 115
125 103 105
74 148 115
62 144 115
62 144 105
28 76 115
41 82 115
41 82 105
11 47 115
11 47 105
11 47 105
22 28 115
11 18 115
121 65 115
121 65 105
121 65 105
121 65 105
119 38 115
132 45 115
88 138 115
199 93 115
189 101 115
189 101 105
189 101 105
199 78 115
39 130 115
76 133 115
53 121 115
64 128 115
64 128 105
90 108 115
102 114 115
89 123 115
157 15 115
157 15 105
157 15 105
157 15 105
157 15 105
41 112 115
41 112 105
41 112 105
41 112 105
39 70 115
39 70 105
39 70 105
16 81 115
33 37 115
170 7 115
170 7 105
170 7 105
170 7 105
170 7 105
170 7 105
144 8 115
132 1 115
131 16 115
131 16 105
131 16 105
131 16 105
107 46 115
107 46 105
107 46 105
107 46 105
188 71 115
37 147 115
26 139 115
14 70 115
133 59 115
199 64 115
187 57 115
187 57 105
187 57 105
187 57 105
24 155 115
24 155 105
2 75 115
2 75 105
2 75 105
2 75 105
147 65 115
148 79 115
136 85 115
136 85 105
149 92 115
149 92 105
175 79 115
175 79 105
161 72 115
13 146 115
13 146 105
13 146 105
13 146 105
34 50 115
25 65 115
23 55 115
23 55 105
119 9 115
119 9 105
119 9 105
119 9 105
119 9 105
119 9 105
119 9 105
119 24 115
119 24 105
119 24 105
119 24 105
66 111 115
77 117 115
42 96 115
42 96 105
42 96 105
1 7 115
12 2 115
12 2 105
12 2 105
12 2 105
12 2 105
46 43 115
45 29 115
45 29 105
45 29 105
45 29 105
45 29 105
59 49 115
59 49 105
59 49 105
59 49 105
59 49 105
59 49 105
17 95 115
3 88 115
3 88 105
3 88 105
3 88 105
16 111 115
16 111 105
16 111 105
15 129 115
15 129 105
15 129 105
15 129 105
15 129 105
138 98 65
138 97 54
139 97 44
139 96 38
140 96 33
140 95 31
141 95 30
141 94 31
141 94 120
142 94 34
142 93 37
142 93 120
143 93 43
143 93 120
143 92 48
143 92 120
143 91 56
143 91 120
144 91 61
144 91 120
144 90 69
144 90 120
145 90 76
145 90 120
145 89 81
145 89 120
145 88 88
145 88 120
146 88 92
146 88 120
146 87 96
146 87 120
146 86 100
146 86 120
147 86 101
147 86 120
147 85 101
147 85 120
147 84 100
147 84 120
148 84 97
148 84 120
148 83 92
148 83 120
148 82 87
148 82 120
148 81 81
148 81 120
148 80 74
148 80 120
149 79 54
149 78 45
149 77 36
149 76 28
149 75 21
149 74 15
149 74 120
149 73 15
149 73 120
149 72 15
149 72 120
149 71 15
149 70 15
149 69 19
148 69 26
148 68 33
147 68 40
147 67 47
147 66 57
146 65 70
145 65 73
144 65 78
144 64 83
143 64 87
143 63 91
142 63 92
142 62 95
141 62 94
141 61 95
140 61 92
140 60 91
139 60 85
138 60 81
138 59 74
137 59 68
137 58 60
136 58 51
136 57 42
135 57 31
135 56 22
134 56 15
134 55 15
134 54 15
134 53 15
134 52 15
133 52 15
132 52 15
131 52 15
130 52 15
129 52 15
128 52 15
127 52 15
126 52 15
125 52 15
124 52 15
123 52 15
122 52 15
122 52 120
121 52 34
156 0 33
155 0 15
155 1 15
155 2 15
154 2 15
154 3 15
153 3 15
152 3 15
152 4 15
151 4 15
150 4 15
149 4 15
148 4 15
147 4 15
146 4 15
145 4 15
144 4 15
143 4 15
142 4 15
141 4 15
140 4 15
139 4 15
138 4 15
138 4 120
137 4 15
137 4 120
136 4 15
136 4 120
135 4 22
135 4 120
134 4 55
134 4 120
133 4 91
133 4 120
133 5 126
133 5 120
132 5 162
132 5 120
131 5 199
131 5 120
131 6 236
131 6 120
131 6 120
130 6 272
130 6 120
130 6 120
130 6 120
129 6 309
129 6 120
129 6 120
129 6 120
129 7 344
129 7 120
129 7 120
129 7 120
129 7 120
129 7 120
129 7 120
128 7 378
128 7 120
128 7 120
128 7 120
128 7 120
128 7 120
128 7 120
128 8 411
128 8 120
128 8 120
128 8 120
128 8 120
128 8 120
128 8 120
128 8 120
128 8 120
128 8 120
127 8 442
127 8 120
127 8 120
127 8 120
127 8 120
127 8 120
127 8 120
127 8 120
127 8 120
127 8 120
127 8 120
127 9 472
127 9 120
127 9 120
127 9 120
127 9 120
127 9 120
127 9 120
127 9 120
127 9 120
127 9 120
127 9 120
127 9 120
127 9 120
126 9 498
126 9 120
126 9 120
126 9 120
126 9 120
126 9 120
126 9 120
126 9 120
126 9 120
126 9 120
126 9 120
126 9 120
126 9 120
126 10 524
126 10 120
126 10 120
126 10 120
126 10 120
126 10 120
126 10 120
126 10 120
126 10 120
126 10 120
126 10 120
126 10 120
126 10 120
126 10 120
126 10 120
125 10 545
125 10 120
125 10 120
125 10 120
125 10 120
125 10 120
125 10 120
125 10 120
125 10 120
125 10 120
125 10 120
125 10 120
125 10 120
125 10 120
125 11 565
125 11 120
125 11 120
125 11 120
125 11 120
125 11 120
125 11 120
125 11 120
125 11 120
125 11 120
125 11 120
125 11 120
125 11 120
125 11 120
125 11 120
124 11 581
124 11 120
124 11 120
124 11 120
124 11 120
124 11 120
124 11 120
124 11 120
124 11 120
124 11 120
124 11 120
124 11 120
124 11 120
124 12 594
124 12 120
124 12 120
124 12 120
124 12 120
124 12 120
124 12 120
124 12 120
124 12 120
124 12 120
124 12 120
124 12 120
124 12 120
124 12 120
124 12 120
124 13 605
124 13 120
124 13 120
124 13 120
124 13 120
124 13 120
124 13 120
124 13 120
124 13 120
124 13 120
124 13 120
124 13 120
124 13 120
124 13 120
124 13 120
124 13 120
124 14 613
124 14 120
124 14 120
124 14 120
124 14 120
124 14 120
124 14 120
124 14 120
124 14 120
124 14 120
124 14 120
124 14 120
124 14 120
124 14 120
124 14 120
124 14 120
124 15 617
124 15 120
124 15 120
124 15 120
124 15 120
124 15 120
124 15 120
124 15 120
124 15 120
124 15 120
124 15 120
124 15 120
124 15 120
124 15 120
124 15 120
124 16 619
124 16 120
124 16 120
124 16 120
124 16 120
124 16 120
124 16 120
124 16 120
124 16 120
124 16 120
124 16 120
124 16 120
124 16 120
124 17 616
124 17 120
124 17 120
124 17 120
124 17 120
124 17 120
124 17 120
124 17 120
124 17 120
124 17 120
124 18 610
124 18 120
124 18 120
124 18 120
124 18 120
124 18 120
124 18 120
124 18 120
124 19 601
124 19 120
124 19 120
124 19 120
124 19 120
124 20 587
124 20 120
124 20 120
124 20 120
124 21 571
124 21 120
124 22 551
124 23 528
124 24 502
124 25 475
124 26 446
124 27 415
124 28 383
124 29 350
124 30 316
124 31 282
124 32 249
124 33 215
124 34 181
124 35 149
124 36 116
124 37 85
124 38 55
124 39 27
124 40 15
124 41 15
124 42 15
123 42 15
123 43 15
122 43 15
121 43 15
121 44 15
121 45 15
121 46 15
121 47 15
121 48 15
121 49 15
121 50 15
121 51 15
121 51 120
150 78 34
150 77 25
150 76 16
150 76 120
151 76 15
151 76 120
152 76 15
152 76 120
153 76 15
153 76 120
154 76 15
154 76 120
155 76 15
155 76 120
156 76 15
156 76 120
157 76 15
157 76 120
158 76 22
158 76 120
159 76 31
159 76 120
160 76 42
160 76 120
161 76 53
161 76 120
162 76 65
162 76 120
162 76 120
163 76 77
163 76 120
163 76 120
164 76 89
164 76 120
164 76 120
165 76 101
165 76 120
165 76 120
166 76 112
166 76 120
166 76 120
167 76 122
167 76 120
167 76 120
167 76 120
168 76 132
168 76 120
168 76 120
168 76 120
169 76 141
169 76 120
169 76 120
169 76 120
170 76 148
170 76 120
170 76 120
170 76 120
171 76 155
171 76 120
171 76 120
171 76 120
172 76 159
172 76 120
172 76 120
172 76 120
173 76 163
173 76 120
173 76 120
174 76 164
174 76 120
174 76 120
175 76 164
175 76 120
175 76 120
176 76 162
176 76 120
177 76 158
177 76 120
178 76 153
178 76 120
179 76 145
179 76 120
180 76 136
181 76 125
182 76 112
183 76 98
184 76 84
185 76 68
186 76 52
187 76 37
188 76 22
189 76 15
189 77 15
190 77 15
191 77 15
191 78 15
191 79 15
191 80 15
191 81 15
191 82 15
191 83 15
191 84 15
191 85 15
191 86 23
190 86 42
102 102 41
102 103 15
102 104 15
101 104 15
100 104 15
99 104 15
98 104 15
97 104 15
97 105 15
96 105 15
96 106 15
96 107 15
96 108 15
95 108 15
94 108 15
93 108 15
93 109 15
93 110 15
92 110 15
91 110 15
91 111 15
91 112 15
90 112 15
90 113 15
90 114 15
89 114 15
89 115 15
89 116 15
89 117 15
88 117 15
87 117 17
86 117 22
85 117 27
84 117 32
83 117 38
82 117 43
81 117 48
80 117 53
79 117 57
78 117 62
76 117 68
75 117 71
74 117 73
73 117 74
72 117 75
71 117 75
70 117 74
69 117 73
68 117 71
67 117 69
66 117 66
65 117 64
64 117 61
63 117 59
62 117 57
61 117 57
60 117 57
59 117 60
58 117 64
58 117 120
58 118 66
58 118 120
57 118 69
57 118 120
57 119 72
57 119 120
56 119 73
56 119 120
56 120 75
56 120 120
56 120 120
55 120 76
55 120 120
55 121 76
55 121 120
54 121 75
54 121 120
53 122 72
53 122 120
53 123 69
53 123 120
52 123 66
52 124 62
51 124 58
51 125 51
51 126 46
50 126 39
50 127 32
49 127 26
49 128 18
49 128 120
49 129 15
49 129 120
49 130 15
49 130 120
49 131 15
49 131 120
49 132 15
49 132 120
49 133 15
49 133 120
49 134 15
49 134 120
49 135 15
49 135 120
49 136 15
49 137 23
49 138 35
49 139 49
26 140 45
26 140 120
27 140 32
27 140 120
28 140 21
28 140 120
29 140 15
29 140 120
30 140 15
30 140 120
31 140 15
31 140 120
31 139 15
31 139 120
32 139 15
33 139 15
34 139 15
35 139 15
36 139 15
37 139 15
38 139 15
39 139 15
40 139 15
41 139 15
42 139 15
43 139 15
44 139 15
45 139 15
46 139 15
47 139 15
48 139 29
25 139 80
25 139 120
24 139 97
24 139 120
23 139 115
23 139 120
22 139 136
22 139 120
22 138 158
22 138 120
21 138 181
21 138 120
21 137 203
21 137 120
21 136 226
21 136 120
21 135 249
21 135 120
21 134 271
21 134 120
21 134 120
21 133 293
21 133 120
21 133 120
21 133 120
21 132 314
21 132 120
21 132 120
21 132 120
21 132 120
21 132 120
21 131 334
21 131 120
21 131 120
21 131 120
21 131 120
21 131 120
21 131 120
21 131 120
21 131 120
21 130 352
21 130 120
21 130 120
21 130 120
21 130 120
21 130 120
21 130 120
21 130 120
21 130 120
21 130 120
21 130 120
21 130 120
21 129 369
21 129 120
21 129 120
21 129 120
21 129 120
21 129 120
21 129 120
21 129 120
21 129 120
21 129 120
21 129 120
21 129 120
21 129 120
21 129 120
21 129 120
21 128 384
21 128 120
21 128 120
21 128 120
21 128 120
21 128 120
21 128 120
21 128 120
21 128 120
21 128 120
21 128 120
21 128 120
21 128 120
21 128 120
21 128 120
21 128 120
21 128 120
21 128 120
21 127 397
21 127 120
21 127 120
21 127 120
21 127 120
21 127 120
21 127 120
21 127 120
21 127 120
21 127 120
21 127 120
21 127 120
21 127 120
21 127 120
21 127 120
21 127 120
21 127 120
21 127 120
21 127 120
21 127 120
21 127 120
21 127 120
21 126 408
21 126 120
21 126 120
21 126 120
21 126 120
21 126 120
21 126 120
21 126 120
21 126 120
21 126 120
21 126 120
21 126 120
21 126 120
21 126 120
21 126 120
21 126 120
21 126 120
21 126 120
21 126 120
21 126 120
21 126 120
21 126 120
21 126 120
21 126 120
21 126 120
21 125 417
21 125 120
21 125 120
21 125 120
21 125 120
21 125 120
21 125 120
21 125 120
21 125 120
21 125 120
21 125 120
21 125 120
21 125 120
21 125 120
21 125 120
21 125 120
21 125 120
21 125 120
21 125 120
21 125 120
21 125 120
21 125 120
21 125 120
21 125 120
21 125 120
21 125 120
21 125 120
21 125 120
21 124 424
21 124 120
21 124 120
21 124 120
21 124 120
21 124 120
21 124 120
21 124 120
21 124 120
21 124 120
21 124 120
21 124 120
21 124 120
21 124 120
21 124 120
21 124 120
21 124 120
21 124 120
21 124 120
21 124 120
21 124 120
21 124 120
21 124 120
21 124 120
21 124 120
21 124 120
21 124 120
21 124 120
21 124 120
21 124 120
21 123 428
21 123 120
21 123 120
21 123 120
21 123 120
21 123 120
21 123 120
21 123 120
21 123 120
21 123 120
21 123 120
21 123 120
21 123 120
21 123 120
21 123 120
21 123 120
21 123 120
21 123 120
21 123 120
21 123 120
21 123 120
21 123 120
21 123 120
21 123 120
21 123 120
21 123 120
21 123 120
21 123 120
21 123 120
21 123 120
21 123 120
21 122 430
21 122 120
21 122 120
21 122 120
21 122 120
21 122 120
21 122 120
21 122 120
21 122 120
21 122 120
21 122 120
21 122 120
21 122 120
21 122 120
21 122 120
21 122 120
21 122 120
21 122 120
21 122 120
21 122 120
21 122 120
21 122 120
21 122 120
21 122 120
21 122 120
21 122 120
21 122 120
21 122 120
21 122 120
21 122 120
21 122 120
21 121 430
21 121 120
21 121 120
21 121 120
21 121 120
21 121 120
21 121 120
21 121 120
21 121 120
21 121 120
21 121 120
21 121 120
21 121 120
21 121 120
21 121 120
21 121 120
21 121 120
21 121 120
21 121 120
21 121 120
21 121 120
21 121 120
21 121 120
21 121 120
21 121 120
21 121 120
21 121 120
21 121 120
21 121 120
21 121 120
21 120 428
21 120 120
21 120 120
21 120 120
21 120 120
21 120 120
21 120 120
21 120 120
21 120 120
21 120 120
21 120 120
21 120 120
21 120 120
21 120 120
21 120 120
21 120 120
21 120 120
21 120 120
21 120 120
21 120 120
21 120 120
21 120 120
21 120 120
21 120 120
21 120 120
21 120 120
21 120 120
21 120 120
21 120 120
21 119 423
21 119 120
21 119 120
21 119 120
21 119 120
21 119 120
21 119 120
21 119 120
21 119 120
21 119 120
21 119 120
21 119 120
21 119 120
21 119 120
21 119 120
21 119 120
21 119 120
21 119 120
21 119 120
21 119 120
21 119 120
21 119 120
21 119 120
21 119 120
21 119 120
21 119 120
21 119 120
21 118 417
21 118 120
21 118 120
21 118 120
21 118 120
21 118 120
21 118 120
21 118 120
21 118 120
21 118 120
21 118 120
21 118 120
21 118 120
21 118 120
21 118 120
21 118 120
21 118 120
21 118 120
21 118 120
21 118 120
21 118 120
21 118 120
21 118 120
21 118 120
21 117 408
21 117 120
21 117 120
21 117 120
21 117 120
21 117 120
21 117 120
21 117 120
21 117 120
21 117 120
21 117 120
21 117 120
21 117 120
21 117 120
21 117 120
21 117 120
21 117 120
21 117 120
21 117 120
21 117 120
21 117 120
21 116 398
21 116 120
21 116 120
21 116 120
21 116 120
21 116 120
21 116 120
21 116 120
21 116 120
21 116 120
21 116 120
21 116 120
21 116 120
21 116 120
21 116 120
21 116 120
21 116 120
21 116 120
21 115 386
21 115 120
21 115 120
21 115 120
21 115 120
21 115 120
21 115 120
21 115 120
21 115 120
21 115 120
21 115 120
21 115 120
21 115 120
21 115 120
21 114 372
21 114 120
21 114 120
21 114 120
21 114 120
21 114 120
21 114 120
21 114 120
21 114 120
21 113 357
21 113 120
21 113 120
21 113 120
21 113 120
21 113 120
21 112 340
21 112 120
21 112 120
21 111 323
21 110 304
21 109 286
21 108 266
21 107 247
21 106 227
21 105 208
21 104 189
21 103 171
21 102 154
21 101 138
21 100 123
21 99 109
21 98 96
21 97 85
21 96 75
21 95 66
21 94 59
21 93 52
21 92 47
21 91 43
21 90 39
21 89 36
21 88 34
22 88 31
23 88 31
24 88 33
25 88 37
26 88 41
27 88 47
28 88 54
29 87 48
29 86 37
29 85 29
29 84 24
28 84 21
27 84 18
27 83 16
26 83 15
25 83 15
25 82 15
24 82 15
24 81 15
24 80 15
23 80 15
23 79 15
23 78 15
23 77 15
23 76 15
23 76 120
23 75 15
23 75 120
23 74 15
23 74 120
23 73 15
23 73 120
23 72 15
23 72 120
23 71 15
23 71 120
23 70 15
23 70 120
23 69 20
23 69 120
23 68 27
23 68 120
23 67 34
23 66 43
23 65 53
24 65 65
25 64 89
25 63 97
25 62 106
25 61 114
25 60 121
25 59 128
25 58 134
26 58 138
26 57 140
26 56 140
26 55 139
26 54 136
26 53 131
26 52 125
26 51 117
26 50 107
26 49 97
26 48 85
26 47 73
26 46 60
26 45 47
26 44 34
26 43 23
26 42 15
25 42 23
24 42 36
23 42 51
1 23 44
2 23 19
3 23 15
4 23 15
5 23 15
5 24 15
6 24 15
6 25 15
7 25 15
8 25 15
9 25 15
9 26 15
9 27 15
9 28 15
10 28 15
10 29 15
11 29 15
12 29 15
13 29 15
14 29 15
14 30 15
15 30 15
16 30 15
17 30 15
17 31 15
17 32 15
18 32 15
19 32 15
20 32 15
21 32 15
22 32 15
22 33 15
22 34 15
22 35 15
22 36 15
22 37 15
22 38 15
22 39 15
22 40 32
22 41 50
83 118 33
83 119 31
83 120 30
83 121 30
83 122 31
83 123 32
83 124 33
83 125 34
83 126 34
83 127 33
83 128 31
83 129 27
83 130 22
83 131 15
83 132 15
83 132 120
83 133 15
83 133 120
83 134 15
83 134 120
83 135 15
83 135 120
83 136 15
83 136 120
83 137 15
83 137 120
84 137 15
84 137 120
85 137 15
85 137 120
86 137 15
86 137 120
86 138 15
86 138 120
86 139 15
86 139 120
86 140 15
86 140 120
86 141 15
86 141 120
86 142 15
86 143 15
86 144 15
86 145 15
86 146 15
86 147 15
86 148 15
86 149 15
86 150 15
86 151 21
87 151 47
