184 188 140
147 80 140
122 25 140
67 101 140
67 101 130
67 101 130
2 136 140
13 130 140
13 130 130
13 130 130
184 175 140
184 175 130
184 175 130
184 175 130
184 175 130
184 175 130
173 195 140
111 18 140
123 12 140
148 93 140
148 93 130
148 93 130
148 93 130
2 123 140
2 123 130
2 123 130
2 123 130
172 182 140
172 182 130
172 182 130
172 182 130
172 182 130
56 107 140
56 107 130
56 107 130
135 87 140
135 87 130
135 87 130
135 87 130
135 87 130
135 87 130
160 87 140
160 87 130
160 87 130
160 87 130
160 87 130
147 66 140
147 66 130
147 66 130
147 66 130
147 66 130
196 195 140
56 94 140
56 94 130
56 94 130
56 94 130
56 94 130
56 94 130
67 114 140
67 114 130
67 114 130
67 114 130
67 114 130
13 143 140
13 143 130
13 143 130
112 5 140
196 182 140
196 182 130
196 182 130
45 113 140
45 113 130
45 113 130
2 149 140
2 149 130
35 118 140
35 118 130
24 124 140
24 124 130
124 0 140
124 0 130
124 0 130
124 0 130
124 0 130
100 12 140
101 0 140
101 0 130
160 73 140
172 66 140
159 60 140
159 60 130
159 60 130
135 19 140
135 19 130
161 189 140
150 196 140
150 183 140
150 183 130
150 183 130
150 183 130
172 53 140
172 53 130
134 32 140
134 32 130
134 32 130
134 32 130
134 32 130
185 60 140
185 60 130
185 60 130
185 60 130
185 60 130
185 60 130
89 5 140
89 5 130
89 5 130
89 5 130
89 5 130
89 5 130
99 25 140
99 25 130
110 32 140
99 39 140
139 190 140
128 197 140
128 197 130
127 184 140
127 184 130
127 184 130
110 46 140
110 46 130
110 46 130
110 46 130
110 46 130
172 39 140
172 39 130
172 39 130
172 39 130
172 39 130
172 39 130
172 39 130
172 39 130
35 131 140
35 131 130
35 131 130
35 131 130
35 131 130
35 131 130
24 111 140
34 106 140
172 80 140
172 80 130
172 80 130
172 80 130
172 80 130
88 32 140
88 32 130
88 32 130
88 32 130
88 32 130
88 32 130
116 191 140
116 191 130
116 191 130
135 73 140
122 66 140
122 66 130
122 66 130
122 66 130
13 117 140
13 117 130
13 117 130
13 117 130
23 99 140
88 46 140
88 46 130
88 46 130
88 46 130
88 46 130
88 46 130
34 93 140
34 93 130
34 93 130
34 93 130
34 93 130
149 106 140
149 106 130
149 106 130
149 106 130
135 5 140
135 5 130
135 5 130
135 5 130
135 5 130
135 5 130
135 5 130
116 178 140
116 178 130
116 178 130
116 178 130
116 178 130
116 178 130
116 178 130
105 198 140
105 198 130
105 198 130
105 198 130
149 119 140
150 132 140
150 132 130
150 132 130
150 132 130
150 132 130
138 126 140
137 113 140
126 120 140
126 120 130
126 120 130
126 120 130
99 53 140
99 53 130
99 53 130
99 53 130
99 53 130
99 53 130
99 53 130
122 39 140
122 39 130
122 39 130
122 39 130
122 39 130
122 39 130
122 39 130
12 92 140
12 104 140
12 104 130
12 104 130
12 104 130
23 86 140
12 79 140
110 46 130
110 46 130
110 46 130
110 46 130
139 177 140
139 177 130
139 177 130
139 177 130
139 177 130
139 177 130
139 177 130
93 192 140
93 192 130
93 192 130
105 185 140
93 179 140
93 179 130
93 179 130
93 179 130
147 25 140
147 25 130
147 25 130
147 25 130
147 25 130
147 25 130
147 25 130
147 25 130
147 25 130
23 73 140
23 73 130
23 73 130
23 73 130
23 73 130
134 32 130
0 85 140
0 85 130
93 179 130
93 179 130
93 179 130
93 179 130
93 179 130
0 72 140
124 0 130
124 0 130
124 0 130
124 0 130
124 0 130
124 0 130
124 0 130
134 59 140
134 59 130
134 59 130
134 59 130
147 12 140
147 12 130
147 12 130
147 12 130
147 12 130
147 12 130
126 133 140
127 145 140
115 140 140
115 140 130
115 140 130
115 140 130
138 139 140
138 151 140
172 182 130
89 19 140
89 19 130
89 19 130
89 19 130
89 19 130
89 19 130
89 19 130
89 19 130
0 59 140
0 59 130
0 59 130
0 59 130
0 59 130
88 32 130
88 32 130
88 32 130
88 32 130
88 32 130
88 32 130
196 169 140
196 169 130
196 169 130
196 169 130
196 169 130
196 169 130
196 169 130
196 169 130
196 169 130
88 60 140
88 60 130
77 67 140
77 67 130
77 67 130
77 67 130
89 74 140
89 74 130
78 81 140
78 81 130
78 94 140
82 199 140
82 199 130
82 199 130
82 199 130
82 199 130
82 199 130
82 199 130
82 199 130
82 199 130
82 199 130
184 175 130
184 175 130
184 175 130
161 175 140
161 175 130
161 175 130
161 175 130
161 175 130
161 175 130
161 175 130
150 157 140
150 157 130
161 163 140
161 163 130
161 163 130
89 88 140
89 88 130
89 88 130
161 150 140
161 150 130
161 150 130
161 150 130
161 150 130
67 88 140
67 88 130
67 88 130
67 88 130
67 88 130
78 108 140
78 108 130
90 101 140
90 114 140
114 127 140
114 127 130
114 127 130
114 127 130
102 121 140
102 121 130
102 121 130
102 121 130
3 136 79
4 136 87
5 136 100
5 135 117
6 135 133
6 134 152
7 134 171
7 133 191
8 133 210
9 133 230
9 132 248
10 132 266
11 132 284
11 131 299
12 131 312
13 131 324
14 130 340
14 130 118
14 130 118
15 130 345
15 130 118
15 130 118
15 130 118
16 130 348
16 130 118
16 130 118
16 130 118
16 130 118
16 129 347
16 129 118
16 129 118
16 129 118
16 129 118
16 129 118
17 129 344
17 129 118
17 129 118
17 129 118
17 129 118
17 129 118
17 129 118
17 128 341
17 128 118
17 128 118
17 128 118
17 128 118
17 128 118
17 128 118
17 128 118
18 128 333
18 128 118
18 128 118
18 128 118
18 128 118
18 128 118
18 128 118
18 128 118
19 128 326
19 128 118
19 128 118
19 128 118
19 128 118
19 128 118
19 128 118
19 128 118
19 127 315
19 127 118
19 127 118
19 127 118
19 127 118
19 127 118
19 127 118
20 127 305
20 127 118
20 127 118
20 127 118
20 127 118
20 127 118
20 126 292
20 126 118
20 126 118
20 126 118
20 126 118
20 126 118
21 126 279
21 126 118
21 126 118
21 126 118
21 126 118
21 125 263
21 125 118
21 125 118
21 125 118
22 125 250
22 125 118
22 125 118
22 124 232
22 124 118
23 124 219
23 124 118
24 123 187
24 122 167
24 121 149
24 120 133
24 120 118
25 120 116
25 120 118
25 119 100
25 119 118
25 118 86
25 118 118
26 118 70
26 118 118
26 117 55
26 117 118
26 116 44
26 116 118
27 116 30
27 116 118
27 115 18
27 115 118
28 115 15
28 115 118
29 115 15
29 115 118
30 115 15
30 115 118
30 114 15
30 114 118
31 114 15
31 114 118
31 113 15
31 113 118
32 113 15
32 113 118
32 112 15
32 112 118
32 111 15
32 111 118
32 110 15
32 110 118
32 109 15
32 108 15
33 108 23
33 107 40
34 107 56
35 107 75
36 107 96
37 107 117
38 107 139
39 107 161
40 107 181
41 107 201
42 107 219
42 107 118
43 107 235
43 107 118
44 107 249
44 107 118
44 107 118
45 107 261
45 107 118
45 107 118
46 107 272
46 107 118
46 107 118
47 107 281
47 107 118
47 107 118
48 107 289
48 107 118
48 107 118
48 107 118
49 107 296
49 107 118
49 107 118
50 107 301
50 107 118
50 107 118
51 107 307
51 107 118
51 107 118
52 107 312
52 107 118
53 107 318
53 107 118
54 107 324
54 107 118
55 107 330
55 107 118
56 106 335
56 106 118
57 106 341
57 106 118
57 106 118
57 105 344
57 105 118
57 105 118
58 105 348
58 105 118
58 105 118
59 105 352
59 105 118
59 105 118
60 105 356
60 105 118
60 105 118
61 105 360
61 105 118
61 105 118
61 104 362
61 104 118
61 104 118
61 104 118
62 104 362
62 104 118
62 104 118
62 104 118
63 104 362
63 104 118
63 104 118
63 104 118
64 104 360
64 104 118
64 104 118
64 104 118
65 104 356
65 104 118
65 104 118
66 104 351
66 104 118
66 104 118
67 104 343
67 104 118
67 103 335
67 103 118
67 102 333
89 101 47
88 101 24
87 101 15
87 101 118
86 101 15
86 101 118
85 101 15
85 101 118
84 101 15
84 101 118
83 101 15
82 101 15
81 101 15
80 101 25
79 101 45
78 101 68
77 101 92
76 101 118
75 101 145
74 101 173
73 101 200
72 101 226
71 101 252
70 101 276
69 101 298
68 101 318
90 102 51
90 103 29
90 104 15
90 104 118
90 105 15
90 105 118
90 106 15
90 106 118
90 107 15
90 107 118
90 108 15
90 108 118
90 109 15
90 109 118
90 110 15
90 110 118
90 111 15
90 111 118
91 111 15
91 111 118
92 111 24
92 111 118
92 112 38
92 112 118
93 112 55
93 113 72
94 113 93
94 114 112
95 114 136
95 115 157
95 116 183
96 116 206
96 117 232
97 117 257
97 118 283
98 118 308
98 119 334
99 119 357
99 120 382
100 120 404
101 120 427
101 121 446
102 122 482
103 122 497
103 122 118
103 123 511
103 123 118
104 123 522
104 123 118
105 123 532
105 123 118
105 124 538
105 124 118
106 124 543
106 124 118
106 125 546
106 125 118
107 125 546
107 125 118
108 125 545
108 125 118
108 126 542
109 126 535
110 126 528
110 127 519
111 127 507
112 127 494
113 127 481
114 128 446
114 129 428
115 129 407
116 129 387
117 129 366
117 130 344
118 130 321
119 130 298
119 131 275
120 131 251
121 131 228
121 132 204
122 132 180
123 132 158
123 133 136
124 133 114
125 133 94
126 134 54
126 135 35
127 135 19
127 136 15
127 136 118
127 137 15
127 137 118
128 137 15
129 137 15
129 138 15
129 139 15
130 139 15
131 139 15
132 139 15
133 139 15
134 139 15
135 139 15
136 139 15
136 139 118
137 139 37
137 140 19
137 141 15
137 141 118
137 142 15
137 142 118
137 143 15
137 143 118
137 144 15
137 144 118
138 144 15
138 144 118
138 145 15
138 145 118
138 146 15
138 146 118
138 147 15
138 147 118
138 148 15
138 148 118
138 149 22
138 150 46
139 151 78
140 151 85
141 151 95
142 151 109
142 152 125
143 152 136
144 152 150
144 153 160
145 153 170
146 153 180
146 154 186
147 154 191
148 154 197
148 155 198
149 155 199
150 155 201
150 156 198
151 157 197
152 157 191
152 157 118
153 157 187
153 157 118
154 157 185
154 157 118
154 157 118
154 158 183
154 158 118
154 158 118
155 158 181
155 158 118
155 158 118
155 159 187
155 159 118
155 159 118
155 160 204
155 160 118
155 160 118
155 160 118
155 161 231
155 161 118
155 161 118
155 162 268
155 162 118
155 162 118
155 163 313
155 163 118
155 163 118
155 164 364
155 164 118
155 165 420
155 165 118
155 166 479
155 167 539
155 168 597
155 169 652
155 170 701
155 171 743
155 172 776
155 173 799
155 174 810
155 175 810
155 175 118
155 176 798
155 176 118
155 177 773
155 177 118
155 178 738
155 178 118
155 179 693
155 180 638
155 181 576
155 182 509
155 183 439
155 184 367
155 185 296
155 186 228
155 187 164
155 188 107
155 188 118
155 189 58
155 189 118
155 190 19
155 190 118
155 191 15
155 191 118
155 192 15
155 192 118
155 193 15
155 193 118
155 194 15
155 194 118
156 194 15
156 194 118
157 194 15
157 194 118
158 194 15
158 194 118
159 194 15
159 194 118
160 194 15
160 194 118
161 194 15
161 194 118
162 194 15
162 194 118
163 194 15
163 194 118
164 194 15
164 194 118
165 194 15
165 194 118
166 194 15
166 194 118
167 194 23
167 194 118
168 194 35
168 194 118
169 194 45
169 194 118
170 194 54
170 194 118
171 194 61
171 194 118
172 194 66
172 194 118
173 194 69
173 194 118
174 194 69
174 194 118
175 194 66
175 194 118
176 194 61
176 194 118
177 194 53
177 194 118
178 194 43
178 194 118
179 194 31
179 194 118
180 194 18
180 194 118
181 194 15
181 194 118
182 194 15
182 194 118
183 194 15
183 194 118
184 194 15
184 194 118
184 193 15
184 193 118
184 192 15
184 192 118
184 191 15
184 191 118
184 190 15
184 190 118
184 189 31
184 189 118
135 138 15
135 137 15
135 136 27
135 135 44
135 134 59
135 133 72
135 132 83
135 131 92
135 130 97
135 129 100
135 128 100
135 127 98
136 127 92
136 126 83
137 126 76
138 125 52
138 124 31
138 123 15
138 123 118
139 123 15
139 123 118
139 122 15
139 122 118
139 121 15
139 121 118
139 120 15
139 120 118
139 119 15
139 119 118
140 119 15
140 119 118
141 119 15
141 119 118
142 119 15
142 119 118
143 119 15
143 119 118
144 119 15
144 119 118
145 119 15
145 119 118
145 118 15
145 118 118
145 117 15
145 117 118
145 116 15
145 116 118
145 115 15
145 115 118
145 114 15
145 114 118
145 113 15
145 113 118
145 112 30
145 112 118
145 111 71
145 110 116
145 109 164
145 108 213
145 107 262
145 106 310
145 106 118
145 105 355
145 105 118
145 104 397
145 104 118
145 103 434
145 103 118
145 102 466
145 102 118
145 101 492
145 101 118
145 101 118
145 100 511
145 100 118
145 100 118
145 99 524
145 99 118
145 99 118
145 98 530
145 98 118
145 98 118
145 97 529
145 97 118
145 97 118
145 96 523
145 96 118
145 96 118
145 95 510
145 95 118
145 94 491
145 94 118
145 93 468
145 92 440
145 91 409
145 90 376
145 89 340
145 88 304
145 87 268
145 86 233
145 85 200
145 84 169
145 83 143
145 82 121
145 81 104
146 81 92
146 80 83
86 100 15
86 100 118
85 100 15
85 100 118
84 100 15
84 100 118
84 99 15
84 99 118
83 99 15
83 98 15
83 98 118
82 98 15
82 97 18
82 96 27
82 95 37
82 94 47
82 93 57
82 92 67
82 91 76
82 90 85
82 89 93
82 88 99
82 87 105
82 86 109
82 85 113
82 85 118
82 84 115
82 84 118
82 83 117
82 83 118
82 82 119
82 82 118
82 81 120
82 80 120
83 80 118
83 79 116
83 78 114
83 77 111
83 76 109
84 76 105
84 75 101
84 74 97
84 73 93
84 72 91
85 72 88
85 71 85
85 71 118
85 70 83
85 70 118
85 69 82
85 69 118
85 68 84
85 68 118
86 68 87
86 68 118
86 67 89
86 67 118
86 66 94
86 66 118
86 65 101
86 65 118
86 64 110
86 64 118
86 63 122
86 63 118
87 63 136
87 63 118
87 62 150
87 62 118
87 61 167
87 61 118
87 60 186
87 60 118
88 59 231
88 59 118
88 58 253
88 58 118
88 57 278
88 57 118
88 56 305
88 56 118
88 56 118
89 56 331
89 56 118
89 56 118
89 55 355
89 55 118
89 55 118
89 55 118
89 54 382
89 54 118
89 54 118
89 54 118
89 54 118
90 54 408
90 54 118
90 54 118
90 54 118
90 54 118
90 53 429
90 53 118
90 53 118
90 53 118
90 53 118
90 53 118
90 52 451
90 52 118
90 52 118
90 52 118
90 52 118
90 52 118
90 52 118
91 52 472
91 52 118
91 52 118
91 52 118
91 52 118
91 52 118
91 52 118
91 52 118
91 51 485
91 51 118
91 51 118
91 51 118
91 51 118
91 51 118
91 51 118
91 51 118
91 50 500
91 50 118
91 50 118
91 50 118
91 50 118
91 50 118
91 50 118
92 50 510
92 50 118
92 50 118
92 50 118
92 50 118
92 50 118
92 50 118
92 49 514
92 49 118
92 49 118
92 49 118
92 49 118
92 49 118
92 48 519
92 48 118
92 48 118
92 48 118
93 48 514
93 48 118
93 48 118
93 48 118
93 47 508
93 47 118
94 47 499
94 47 118
94 46 481
94 45 465
95 45 440
95 44 413
96 44 385
96 43 349
96 42 319
97 42 277
97 41 240
98 41 200
98 40 160
99 40 125
99 38 51
99 38 118
100 38 15
100 38 118
100 37 15
100 37 118
100 36 15
100 36 118
100 35 15
100 35 118
100 34 15
100 34 118
100 33 15
100 33 118
101 33 15
101 33 118
102 33 15
102 33 118
102 32 15
102 32 118
102 31 15
102 31 118
103 31 15
103 31 118
104 31 15
104 31 118
104 30 15
104 30 118
105 30 15
105 30 118
106 30 15
106 30 118
106 29 15
106 29 118
106 28 15
106 28 118
106 27 15
106 27 118
106 26 20
106 25 43
106 24 64
106 23 82
106 22 94
106 21 100
106 20 101
106 19 95
106 18 84
106 17 68
106 16 47
106 15 23
107 15 17
108 15 15
109 15 15
110 15 15
111 15 15
112 15 15
113 15 15
114 15 15
114 16 15
115 16 15
116 16 15
116 17 15
117 17 15
118 17 15
118 17 118
118 18 15
118 18 118
118 19 15
118 20 15
119 20 15
119 20 118
119 21 15
119 21 118
120 21 15
120 21 118
120 22 15
120 22 118
121 22 15
121 22 118
122 22 15
122 22 118
122 23 15
122 23 118
122 24 38
122 24 118
