5 196 533
138 40 533
50 61 533
22 107 533
94 165 533
174 121 533
160 140 533
96 77 533
178 15 533
146 103 533
107 199 533
177 172 533
162 128 533
172 134 533
95 178 533
106 185 533
156 109 533
165 115 533
177 27 533
152 35 533
152 35 523
128 49 533
126 34 533
49 73 533
61 68 533
84 70 533
84 84 533
34 102 533
34 102 523
17 199 533
16 189 533
190 22 533
72 76 533
10 114 533
22 121 533
190 10 533
115 42 533
4 182 533
199 17 533
11 128 533
117 58 533
107 68 533
28 195 533
199 4 533
199 4 523
0 122 533
39 199 533
39 199 523
27 181 533
27 181 523
199 30 533
190 35 533
0 136 533
178 39 533
178 39 523
199 42 533
34 115 533
3 167 533
1 152 533
178 2 533
105 172 533
165 6 533
164 18 533
164 18 523
152 0 533
174 159 533
104 52 533
104 52 523
172 146 533
199 55 533
190 47 533
190 60 533
161 152 533
161 152 523
61 81 533
72 89 533
95 192 533
12 143 533
199 68 533
191 74 533
14 159 533
188 165 533
199 81 533
186 152 533
186 152 523
60 93 533
190 87 533
177 108 533
168 102 533
188 101 533
72 62 533
61 55 533
61 55 523
15 174 533
38 66 533
34 129 533
23 136 533
72 101 533
84 97 533
84 97 523
59 105 533
46 123 533
46 123 523
24 151 533
35 143 533
35 143 523
38 53 533
120 74 533
109 83 533
10 100 533
0 107 533
71 113 533
0 94 533
0 94 523
26 58 533
26 46 533
26 46 523
26 166 533
25 70 533
23 94 533
24 82 533
179 94 533
158 95 533
199 94 533
190 179 533
199 172 533
105 159 533
186 114 533
198 107 533
169 87 533
169 87 523
147 88 533
135 97 533
122 90 533
122 90 523
146 102 204
146 101 169
146 100 138
146 99 113
146 98 94
146 97 81
146 96 74
146 95 75
145 95 75
144 95 79
144 94 83
143 94 89
143 93 99
142 93 109
141 93 123
141 92 137
140 92 155
140 91 174
139 91 195
139 90 218
138 90 242
138 89 268
137 89 294
137 88 322
136 88 348
136 87 377
135 87 403
134 87 431
134 86 455
133 86 480
133 85 502
132 85 523
132 84 541
131 84 557
131 83 570
130 83 579
129 83 587
129 82 590
128 82 590
127 82 587
127 81 580
126 81 569
125 81 556
124 81 539
123 81 520
123 80 497
122 80 473
121 80 446
120 80 419
120 79 390
120 78 364
120 77 340
120 76 320
120 75 304
119 74 257
118 74 226
117 74 199
116 74 175
115 74 155
114 74 140
113 74 128
112 74 122
111 74 119
110 74 121
110 75 121
109 75 124
109 76 127
108 76 131
108 77 137
107 77 143
106 77 151
105 77 162
104 77 174
103 77 187
102 77 201
101 77 214
100 77 227
99 77 238
98 77 248
97 77 255
73 76 228
74 76 220
75 76 212
76 76 205
77 76 199
78 76 194
79 76 191
80 76 190
81 76 190
81 77 191
82 77 193
83 77 196
84 77 201
85 77 207
86 77 215
87 77 223
88 77 231
89 77 239
90 77 247
91 77 254
92 77 259
93 77 263
94 77 265
95 77 264
72 75 232
72 74 228
72 73 225
72 72 222
72 71 221
72 70 220
71 70 227
70 70 234
69 70 241
68 70 247
67 70 252
66 70 255
65 70 258
64 70 259
63 70 259
62 70 257
61 70 255
61 69 260
60 68 266
59 68 262
58 68 257
57 68 251
56 68 246
55 68 240
54 68 236
53 68 233
52 68 230
51 68 229
50 68 230
50 67 229
50 66 232
50 65 239
50 64 249
50 63 263
50 62 282
22 106 291
22 105 292
22 104 292
22 103 292
22 102 292
22 101 291
22 100 290
22 99 288
22 98 285
22 97 283
22 96 280
22 95 277
22 94 274
23 93 294
23 92 290
23 91 286
23 90 283
23 89 280
23 88 278
23 87 276
23 86 275
23 85 276
23 84 277
23 83 278
23 82 281
24 81 289
24 80 290
24 79 292
24 78 293
24 77 295
24 76 296
25 76 297
25 75 296
25 74 295
25 73 293
25 72 291
25 71 288
26 70 278
26 69 273
26 68 267
27 68 261
27 67 254
27 66 248
28 66 241
28 65 233
29 65 227
29 64 219
30 64 214
30 63 206
31 63 201
31 62 195
32 62 190
32 61 185
33 61 181
34 61 178
35 61 177
36 61 177
37 61 178
38 61 181
39 61 184
40 61 188
41 61 194
42 61 201
43 61 209
44 61 218
45 61 229
46 61 241
47 61 255
48 61 270
49 61 287
22 108 287
22 109 285
22 110 282
22 111 279
22 112 276
22 113 272
22 114 268
22 115 264
22 116 260
22 117 256
22 118 252
22 119 247
22 120 243
22 122 235
22 123 232
22 124 229
22 125 228
22 126 227
22 127 227
22 128 228
22 129 230
22 130 233
22 131 238
22 132 243
22 133 250
21 133 257
21 134 262
21 135 268
21 136 275
21 137 282
21 138 289
21 139 296
21 140 302
21 141 307
21 142 312
21 143 315
21 144 317
21 145 316
21 146 315
21 147 311
21 148 305
21 149 298
21 150 289
21 151 278
21 152 267
21 153 254
21 154 241
21 155 229
21 156 216
21 157 205
21 158 196
21 159 188
21 160 183
21 161 181
20 161 182
20 162 182
19 162 185
19 163 186
18 163 189
18 164 192
17 164 195
16 164 199
16 165 201
15 165 204
15 166 207
14 166 208
13 166 211
13 167 212
12 167 214
12 168 215
11 168 216
11 169 218
10 169 219
10 170 221
9 170 223
9 171 225
9 172 228
9 173 232
9 174 236
9 175 240
9 176 245
9 177 248
9 178 251
9 179 253
9 180 254
9 181 254
9 182 252
9 183 248
9 184 244
9 185 238
9 186 232
9 187 226
9 188 220
9 189 215
9 190 211
9 191 210
9 192 211
9 193 216
8 193 223
8 194 233
7 194 243
6 194 257
6 195 272
5 195 289
120 73 280
120 72 272
120 71 268
120 70 266
120 69 267
120 68 269
120 67 273
120 66 278
120 65 283
120 64 288
120 63 293
120 62 297
120 61 300
120 60 302
120 59 301
120 58 299
120 57 295
120 56 288
120 55 280
120 54 270
120 53 258
120 52 245
120 51 232
120 50 218
120 49 204
120 48 191
120 47 180
120 46 170
121 46 160
121 45 152
122 45 144
122 44 137
123 44 131
123 43 127
124 43 122
124 42 121
125 42 118
126 42 118
126 41 118
127 41 120
128 41 124
128 40 127
129 40 132
130 40 140
131 40 150
132 40 163
133 40 179
134 40 198
135 40 219
136 40 244
137 40 272
107 198 276
106 198 255
106 197 235
105 197 218
105 196 202
105 195 190
104 195 177
104 194 168
103 194 160
103 193 154
102 193 152
102 192 148
102 191 148
101 191 149
101 190 151
101 189 155
100 189 160
100 188 165
100 187 171
100 186 179
100 185 186
100 184 194
100 183 201
100 182 207
100 181 212
100 180 216
100 179 217
100 178 217
100 177 216
100 176 212
100 175 207
100 174 201
100 173 194
100 172 186
100 171 179
100 170 172
100 169 165
100 168 161
100 167 158
100 166 158
100 165 161
99 165 167
98 165 179
97 165 198
96 165 222
95 165 252
147 102 193
148 102 183
149 102 175
150 102 168
151 102 163
152 102 160
153 102 158
154 102 159
155 102 161
156 102 164
157 102 169
158 102 176
159 102 184
160 102 193
161 102 202
162 102 212
163 102 222
164 102 232
164 102 473
165 102 241
165 102 473
166 102 249
166 102 473
167 102 256
167 102 473
187 101 226
186 101 228
185 101 230
185 102 232
184 102 234
183 102 237
182 102 240
181 102 243
180 102 246
179 102 250
178 102 254
177 102 258
176 102 262
175 102 265
174 102 268
173 102 270
172 102 271
171 102 270
170 102 269
169 102 266
188 100 223
188 99 221
188 98 220
189 98 219
189 97 219
190 97 219
190 96 218
190 95 219
190 94 220
190 93 223
190 92 226
190 91 230
190 90 236
190 89 242
190 88 249
190 88 473
191 87 244
192 87 237
193 87 233
194 87 233
194 86 234
194 85 235
194 84 236
194 83 237
194 82 238
194 81 238
194 80 238
194 79 238
194 78 238
194 77 237
194 76 236
194 75 234
194 74 233
194 73 231
194 72 228
194 71 226
194 70 223
194 69 221
194 68 218
194 67 215
194 66 212
194 65 209
194 64 205
194 63 202
194 62 199
194 61 196
194 60 193
194 59 190
194 58 188
194 57 186
194 56 184
194 55 183
194 54 182
194 53 182
194 52 183
194 51 184
194 50 186
194 49 189
194 48 192
194 47 196
194 46 200
194 45 205
194 44 210
194 43 215
194 42 220
194 41 225
194 40 229
194 39 233
194 38 237
194 37 240
194 36 242
194 35 244
194 34 244
194 33 244
194 32 243
194 31 241
194 30 239
194 29 235
194 28 232
194 27 228
193 27 223
193 26 219
193 25 214
192 25 209
192 24 205
191 24 200
190 24 195
190 23 190
189 22 180
188 22 175
187 22 171
187 21 167
186 21 164
186 20 162
185 20 161
185 19 160
185 18 161
184 18 162
184 17 164
183 17 168
183 16 171
183 15 175
182 15 180
181 15 190
180 15 203
179 15 221
168 103 249
168 104 240
168 105 234
168 106 232
168 107 232
168 108 234
168 109 237
169 109 240
170 109 243
170 110 246
171 110 249
171 111 252
171 112 255
171 113 258
171 114 261
171 115 264
171 116 266
171 117 268
171 118 270
171 119 271
171 120 271
171 121 271
172 121 276
173 121 283
161 140 276
162 140 242
163 140 213
164 140 190
165 140 174
165 139 162
165 138 154
166 138 149
166 137 146
166 136 146
167 136 148
167 135 152
167 134 157
167 133 165
168 133 174
168 132 182
168 131 191
168 130 201
168 129 211
169 129 220
169 128 228
169 127 236
169 126 244
169 125 250
169 124 256
170 124 260
170 123 264
170 122 266
170 121 268
