127 10 140
165 199 140
50 123 140
168 20 140
76 15 140
199 71 140
141 133 140
138 80 140
12 158 140
146 43 140
17 64 140
157 24 140
158 37 140
145 30 140
145 30 130
145 30 130
140 67 140
143 55 140
143 55 130
126 0 140
151 75 140
188 76 140
189 63 140
189 63 130
189 63 130
189 63 130
189 63 130
198 84 140
153 199 140
153 199 130
153 199 130
77 27 140
77 27 130
77 27 130
77 27 130
77 27 130
87 7 140
75 1 140
113 4 140
113 4 130
113 4 130
39 117 140
50 110 140
131 141 140
129 126 140
129 126 130
129 126 130
129 126 130
129 126 130
143 149 140
143 149 130
0 152 140
0 152 130
0 152 130
0 165 140
12 172 140
154 63 140
154 63 130
154 63 130
154 63 130
149 88 140
186 88 140
154 190 140
154 190 130
154 190 130
154 190 130
154 190 130
162 84 140
175 80 140
175 80 130
175 80 130
174 92 140
174 92 130
174 92 130
174 92 130
140 4 140
140 4 130
140 4 130
140 4 130
177 199 140
177 199 130
177 199 130
177 199 130
177 199 130
177 199 130
64 9 140
61 116 140
170 33 140
154 143 140
154 143 130
126 73 140
126 73 130
126 73 130
126 73 130
126 73 130
24 165 140
23 178 140
28 58 140
29 70 140
88 20 140
88 20 130
101 12 140
101 12 130
38 130 140
38 130 130
38 130 130
38 130 130
38 130 130
38 130 130
39 103 140
39 103 130
39 103 130
39 103 130
39 103 130
39 103 130
153 127 140
153 127 130
153 127 130
36 171 140
36 171 130
36 171 130
36 171 130
36 171 130
36 171 130
143 55 130
143 55 130
198 96 140
186 100 140
186 100 130
198 108 140
61 103 140
61 103 130
72 109 140
72 109 130
166 183 140
166 183 130
166 183 130
166 183 130
177 191 140
177 191 130
177 191 130
177 191 130
177 191 130
177 191 130
177 191 130
166 167 140
155 158 140
155 158 130
72 96 140
72 96 130
72 96 130
72 96 130
72 96 130
72 96 130
72 122 140
61 130 140
72 136 140
72 136 130
72 136 130
72 136 130
186 113 140
187 125 140
198 120 140
11 185 140
11 185 130
11 185 130
23 192 140
23 192 130
23 192 130
23 192 130
23 192 130
23 192 130
0 179 140
0 179 130
83 115 140
166 151 140
166 151 130
115 17 140
102 24 140
102 24 130
24 151 140
24 151 130
24 151 130
24 151 130
24 151 130
24 151 130
94 121 140
94 121 130
94 121 130
94 121 130
94 121 130
94 121 130
0 192 140
0 192 130
0 192 130
0 192 130
0 192 130
0 192 130
176 131 140
176 131 130
176 131 130
176 131 130
176 131 130
177 160 140
177 160 130
177 160 130
177 160 130
177 160 130
199 133 140
199 133 130
93 107 140
82 102 140
92 94 140
180 28 140
180 28 130
188 139 140
188 139 130
188 139 130
103 100 140
102 87 140
102 87 130
102 87 130
102 87 130
102 87 130
155 11 140
155 11 130
155 11 130
155 11 130
13 144 140
13 144 130
13 144 130
13 144 130
13 144 130
13 144 130
13 144 130
13 144 130
131 157 140
119 149 140
119 149 130
119 149 130
119 149 130
119 149 130
143 165 140
143 165 130
155 174 140
175 80 130
175 80 130
175 80 130
175 80 130
175 80 130
175 80 130
35 185 140
35 185 130
35 185 130
35 185 130
35 185 130
35 185 130
35 185 130
35 185 130
36 171 130
36 171 130
36 171 130
36 171 130
36 171 130
36 171 130
36 171 130
36 171 130
36 171 130
36 171 130
36 171 130
36 171 130
36 171 130
36 171 130
36 171 130
36 171 130
36 171 130
36 171 130
36 171 130
36 171 130
36 171 130
51 96 140
51 96 130
51 96 130
51 96 130
1 138 140
1 138 130
1 138 130
1 138 130
1 138 130
1 138 130
1 138 130
1 138 130
1 138 130
23 192 130
23 192 130
23 192 130
23 192 130
23 192 130
23 192 130
23 192 130
23 192 130
23 192 130
23 192 130
23 192 130
23 192 130
23 192 130
23 192 130
23 192 130
23 192 130
131 172 140
131 172 130
115 105 140
115 105 130
115 105 130
115 105 130
115 105 130
115 105 130
115 105 130
119 164 140
119 164 130
119 164 130
119 164 130
119 164 130
119 164 130
84 129 140
84 129 130
84 129 130
84 129 130
84 129 130
84 129 130
0 192 130
0 192 130
0 192 130
0 192 130
0 192 130
177 145 140
177 145 130
177 145 130
177 145 130
177 145 130
165 136 140
165 136 130
165 136 130
165 136 130
165 136 130
165 136 130
151 113 140
151 113 130
151 113 130
151 113 130
151 113 130
151 113 130
151 113 130
26 124 140
15 117 140
27 110 140
16 104 140
16 104 130
16 104 130
16 104 130
16 104 130
16 104 130
24 151 130
24 151 130
24 151 130
24 151 130
24 151 130
24 151 130
24 151 130
143 181 140
143 181 130
143 181 130
143 181 130
143 181 130
143 181 130
162 108 140
162 108 130
162 108 130
162 108 130
162 108 130
162 108 130
162 108 130
140 119 140
138 105 140
137 92 140
114 92 140
114 92 130
114 92 130
114 92 130
114 92 130
114 92 130
114 92 130
14 131 140
14 131 130
72 136 130
72 136 130
72 136 130
72 136 130
49 137 140
49 137 130
49 137 130
49 137 130
49 137 130
49 137 130
49 137 130
49 137 130
61 90 140
61 90 130
61 90 130
51 84 140
50 71 140
50 71 130
50 71 130
40 77 140
40 77 130
40 77 130
40 77 130
61 77 140
50 71 130
39 64 140
39 64 130
39 64 130
18 64 38
19 64 15
20 64 15
21 64 15
22 64 15
23 64 15
23 65 15
23 66 15
23 67 15
23 68 15
23 68 118
24 68 15
24 68 118
25 68 15
26 68 15
27 68 15
28 68 15
29 68 15
29 69 30
30 70 96
31 70 120
32 70 146
33 70 176
34 70 207
35 70 240
36 70 273
36 71 307
36 71 118
37 71 335
37 71 118
38 71 363
38 71 118
38 71 118
38 72 389
38 72 118
38 72 118
39 72 408
39 72 118
39 72 118
39 72 118
40 72 425
40 72 118
40 72 118
40 72 118
40 72 118
41 72 438
41 72 118
41 72 118
41 72 118
41 72 118
41 73 445
41 73 118
41 73 118
41 73 118
41 73 118
42 73 447
42 73 118
42 73 118
42 73 118
42 73 118
43 73 446
43 73 118
43 73 118
43 73 118
43 73 118
43 74 439
43 74 118
43 74 118
43 74 118
43 74 118
44 74 425
44 74 118
44 74 118
44 74 118
45 74 408
45 74 118
45 74 118
45 74 118
46 74 387
46 74 118
46 74 118
46 75 360
46 75 118
46 75 118
47 75 330
47 75 118
47 75 118
48 75 297
48 75 118
48 76 262
48 76 118
49 76 224
49 76 118
50 76 186
50 76 118
50 77 148
50 77 118
51 77 109
51 77 118
52 77 73
52 77 118
52 78 38
52 78 118
53 78 15
53 78 118
53 79 15
53 79 118
54 79 15
54 79 118
55 79 15
55 79 118
56 79 15
56 79 118
56 80 15
56 81 15
56 82 15
56 83 15
56 84 15
56 84 118
56 85 15
56 85 118
56 86 23
56 86 118
56 87 61
56 88 101
56 89 140
56 90 177
56 91 210
56 92 238
56 93 261
56 94 276
56 95 284
56 96 286
56 97 280
56 97 118
56 98 269
56 98 118
56 99 252
56 99 118
56 100 231
56 100 118
56 101 207
56 102 181
56 103 154
56 104 129
56 105 104
56 106 83
56 107 64
56 108 48
56 109 35
56 110 26
56 111 19
55 111 15
55 112 15
55 113 15
54 113 15
54 114 15
54 115 15
54 116 15
54 117 15
54 118 15
54 119 15
54 120 15
54 121 15
54 122 15
54 123 15
53 123 26
52 123 40
51 123 56
13 158 61
13 157 121
13 156 190
13 155 268
13 154 352
13 153 440
13 152 530
13 151 618
13 150 702
13 149 779
13 148 846
13 147 902
13 146 945
13 145 973
13 143 983
13 143 118
13 142 965
13 142 118
13 142 118
13 141 933
13 141 118
13 141 118
13 140 887
13 140 118
13 140 118
13 140 118
13 139 830
13 139 118
13 139 118
13 139 118
13 138 764
13 138 118
13 138 118
13 138 118
13 137 690
13 137 118
13 137 118
13 137 118
13 136 611
13 136 118
13 136 118
13 136 118
13 135 530
13 135 118
13 135 118
13 134 449
13 134 118
13 134 118
13 133 369
13 133 118
13 132 294
13 132 118
13 131 224
14 130 145
14 129 86
14 129 118
14 128 38
14 128 118
14 127 15
14 127 118
15 127 15
15 127 118
16 127 15
16 127 118
17 127 15
17 127 118
18 127 15
18 127 118
19 127 15
19 127 118
19 127 118
19 126 15
19 126 118
20 126 15
20 126 118
21 126 15
21 126 118
21 126 118
21 125 15
21 125 118
22 125 15
22 125 118
22 124 15
22 124 118
22 123 15
22 123 118
23 123 15
23 123 118
24 123 15
24 123 118
25 123 15
25 123 118
25 122 15
25 122 118
26 122 15
26 122 118
27 122 15
27 122 118
27 121 15
27 121 118
27 120 15
27 120 118
27 119 15
27 119 118
27 118 15
27 118 118
28 118 15
28 118 118
29 118 15
29 118 118
30 118 15
30 118 118
31 118 15
31 118 118
32 118 15
32 118 118
33 118 15
33 118 118
33 117 15
33 117 118
34 117 15
34 117 118
35 117 31
35 117 118
36 117 46
37 117 59
38 117 68
40 117 78
41 117 78
42 117 76
43 117 71
44 117 64
45 117 55
46 117 45
47 117 36
48 117 26
49 117 17
49 117 118
50 117 15
50 117 118
50 118 15
50 118 118
50 119 20
50 120 30
50 121 42
50 122 56
147 43 65
147 42 48
148 42 35
148 42 118
148 41 23
148 41 118
149 41 16
149 41 118
149 40 15
149 40 118
150 40 15
150 40 118
151 40 15
151 40 118
151 39 15
151 39 118
152 39 15
152 39 118
152 38 15
152 38 118
152 37 15
153 37 15
153 36 18
154 36 19
154 35 24
155 35 24
156 35 27
156 34 25
157 34 26
157 33 22
158 33 19
158 32 15
158 31 15
159 31 15
159 30 15
159 29 15
159 29 118
159 28 15
159 28 118
159 27 15
159 27 118
159 26 15
159 26 118
159 25 15
159 25 118
159 24 22
159 24 118
158 24 48
158 24 118
155 12 431
155 12 118
155 12 118
155 13 397
155 13 118
155 13 118
155 13 118
155 14 366
155 14 118
155 14 118
155 14 118
155 14 118
155 14 118
155 15 336
155 15 118
155 15 118
155 15 118
155 15 118
155 15 118
155 15 118
155 16 309
155 16 118
155 16 118
155 16 118
155 16 118
155 16 118
155 16 118
156 16 282
156 16 118
156 16 118
156 16 118
156 16 118
156 16 118
156 17 254
156 17 118
156 17 118
156 17 118
156 17 118
156 17 118
156 18 228
156 18 118
156 18 118
156 18 118
156 18 118
156 18 118
157 18 199
157 18 118
157 18 118
157 18 118
157 18 118
157 19 173
157 19 118
157 19 118
157 19 118
157 20 150
157 20 118
157 20 118
157 21 129
157 21 118
157 21 118
157 22 110
157 22 118
157 23 93
157 23 118
154 11 479
154 11 118
153 11 493
153 11 118
153 11 118
153 11 118
152 11 508
152 11 118
152 11 118
152 11 118
152 11 118
151 11 524
151 11 118
151 11 118
151 11 118
151 11 118
151 11 118
151 11 118
151 11 118
150 11 539
150 11 118
150 11 118
150 11 118
150 11 118
150 11 118
150 11 118
150 11 118
150 11 118
150 11 118
150 11 118
149 11 554
149 11 118
149 11 118
149 11 118
149 11 118
149 11 118
149 11 118
149 11 118
149 11 118
149 11 118
149 11 118
149 11 118
149 11 118
149 11 118
148 11 567
148 11 118
148 11 118
148 11 118
148 11 118
148 11 118
148 11 118
148 11 118
148 11 118
148 11 118
148 11 118
148 11 118
148 11 118
148 11 118
148 11 118
148 11 118
147 11 577
147 11 118
147 11 118
147 11 118
147 11 118
147 11 118
147 11 118
147 11 118
147 11 118
147 11 118
147 11 118
147 11 118
147 11 118
147 11 118
147 11 118
147 11 118
147 11 118
146 11 585
146 11 118
146 11 118
146 11 118
146 11 118
146 11 118
146 11 118
146 11 118
146 11 118
146 11 118
146 11 118
146 11 118
146 11 118
146 11 118
146 11 118
146 11 118
146 11 118
145 11 589
145 11 118
145 11 118
145 11 118
145 11 118
145 11 118
145 11 118
145 11 118
145 11 118
145 11 118
145 11 118
145 11 118
145 11 118
145 11 118
145 11 118
145 11 118
145 11 118
144 11 590
144 11 118
144 11 118
144 11 118
144 11 118
144 11 118
144 11 118
144 11 118
144 11 118
144 11 118
144 11 118
144 11 118
144 11 118
144 11 118
144 11 118
143 11 586
143 11 118
143 11 118
143 11 118
143 11 118
143 11 118
143 11 118
143 11 118
143 11 118
143 11 118
143 11 118
143 11 118
142 11 577
142 11 118
142 11 118
142 11 118
142 11 118
142 11 118
142 11 118
142 11 118
142 11 118
141 11 564
141 11 118
141 11 118
141 11 118
141 11 118
140 11 547
140 11 118
139 11 524
138 11 498
137 11 468
136 11 434
135 11 398
134 11 360
133 11 321
132 11 282
131 11 242
130 11 204
129 11 168
128 11 135
128 10 103
76 14 32
76 13 15
76 13 118
77 13 15
77 13 118
78 13 15
78 13 118
79 13 15
79 13 118
80 13 15
80 13 118
81 13 15
81 13 118
82 13 15
82 13 118
83 13 15
83 13 118
84 13 15
84 13 118
85 13 17
86 13 24
87 13 33
88 13 42
88 14 51
89 14 59
90 14 67
90 15 74
91 15 80
92 15 86
93 15 92
93 16 96
94 16 100
95 16 103
96 16 107
97 16 111
98 16 114
99 16 116
100 16 117
101 16 118
102 16 118
102 16 118
103 16 116
103 16 118
104 16 113
104 16 118
105 16 110
105 16 118
105 16 118
106 16 105
106 16 118
106 16 118
107 16 100
107 16 118
107 16 118
108 16 94
108 16 118
108 16 118
109 16 88
109 16 118
109 16 118
110 16 82
110 16 118
110 16 118
111 16 76
111 16 118
111 16 118
112 16 71
112 16 118
112 16 118
113 16 67
113 16 118
114 16 65
114 16 118
114 15 61
114 15 118
115 15 57
115 15 118
115 14 54
116 14 49
117 14 46
117 13 40
118 13 36
118 12 30
119 12 25
119 11 20
120 11 15
120 10 15
121 10 15
122 10 15
123 10 15
124 10 18
125 10 32
126 10 52
160 24 15
160 24 118
161 24 15
161 24 118
162 24 15
162 24 118
163 24 15
163 24 118
163 23 15
163 23 118
164 23 15
164 23 118
164 22 15
164 22 118
165 22 15
165 22 118
166 22 15
167 22 15
168 22 15
168 21 37
146 44 105
145 44 128
145 45 155
144 45 184
144 46 214
143 46 247
143 46 118
143 47 278
143 47 118
143 48 311
143 48 118
143 49 344
143 49 118
143 50 375
143 50 118
143 51 403
143 51 118
143 52 427
143 52 118
143 53 444
143 53 118
143 54 455
143 54 118
143 56 455
143 56 118
143 57 444
143 58 425
143 59 399
143 60 368
143 61 332
143 62 293
143 63 252
143 64 210
143 65 169
143 66 129
143 66 118
143 67 93
143 67 118
143 68 61
143 68 118
143 69 33
143 69 118
143 70 15
143 70 118
142 70 15
142 70 118
142 71 15
142 71 118
141 71 15
141 71 118
141 72 15
141 72 118
140 72 15
140 72 118
140 73 15
140 74 15
140 75 15
140 76 15
140 77 15
140 78 15
140 79 29
140 80 42
139 80 56
140 118 86
139 118 86
139 117 86
139 116 88
138 116 90
138 115 87
138 114 86
138 113 85
138 112 85
137 112 82
137 111 78
137 110 74
137 109 70
137 108 67
137 107 63
137 106 59
137 105 55
137 104 52
137 103 48
137 102 45
137 101 43
137 100 41
137 99 41
137 98 42
137 97 45
137 96 49
137 95 55
137 94 62
137 93 70
138 92 78
138 91 85
138 90 92
138 89 98
138 88 104
138 87 108
138 86 110
138 85 110
138 84 108
138 83 103
138 82 95
138 81 86
140 120 79
140 121 78
141 121 74
141 122 70
141 123 67
142 123 64
142 124 59
142 125 56
142 126 54
142 127 54
142 128 54
142 129 55
142 130 56
142 131 56
142 132 57
142 133 56
141 134 68
141 135 64
141 136 60
141 137 57
141 138 53
141 139 51
140 139 49
140 140 45
139 140 41
139 141 34
138 141 28
138 142 20
137 142 15
137 143 15
136 143 15
136 144 15
136 145 15
135 145 15
135 146 15
135 147 15
135 147 118
135 148 15
135 148 118
135 149 15
135 149 118
135 150 15
135 150 118
134 150 15
134 150 118
134 151 15
134 151 118
134 152 15
134 152 118
134 153 26
134 153 118
134 154 39
134 154 118
134 155 51
134 155 118
134 156 61
134 156 118
134 157 69
134 157 118
134 158 75
134 158 118
134 159 78
134 159 118
134 160 79
134 160 118
134 161 78
134 161 118
134 162 77
134 162 118
134 163 75
134 163 118
134 163 118
134 164 73
134 164 118
134 164 118
134 165 73
134 165 118
134 165 118
134 166 75
134 166 118
134 166 118
135 166 79
135 166 118
135 166 118
135 167 84
135 167 118
135 167 118
136 167 92
136 167 118
137 167 104
137 167 118
138 167 118
138 167 118
139 167 134
139 167 118
140 167 149
140 167 118
141 167 164
142 167 177
143 167 186
144 167 192
145 167 194
146 167 191
147 167 183
148 167 171
149 167 155
150 167 134
151 167 111
152 167 86
153 167 60
154 167 33
155 167 15
156 167 15
157 167 15
157 168 15
158 168 15
158 169 15
159 169 15
159 170 15
159 171 15
160 171 15
160 172 15
160 173 15
161 173 15
162 173 24
162 174 54
162 175 89
162 176 127
162 177 169
162 178 213
162 179 257
162 180 300
162 181 341
162 182 378
162 183 410
162 184 436
162 185 455
162 185 118
162 186 466
162 186 118
162 187 468
162 188 461
162 189 445
162 190 422
162 191 391
162 192 353
162 193 310
162 194 264
162 195 216
162 196 167
162 197 120
162 198 75
162 199 36
162 199 118
163 199 41
164 199 55
141 79 19
142 79 15
143 79 15
144 79 15
145 79 15
146 79 15
146 80 15
147 80 15
148 80 15
149 80 15
149 81 15
149 82 15
149 83 15
150 83 15
150 84 15
150 85 15
151 85 15
151 86 15
151 87 15
152 87 15
152 88 15
153 88 15
154 88 15
154 89 15
155 89 15
155 90 15
156 90 15
157 90 15
158 90 15
159 90 15
159 90 118
159 91 15
159 91 118
160 91 15
160 91 118
161 91 15
161 91 118
162 91 24
162 91 118
163 91 53
163 91 118
163 92 79
163 92 118
164 92 110
164 92 118
164 92 118
165 92 149
165 92 118
165 92 118
165 92 118
166 92 193
166 92 118
166 92 118
166 92 118
166 92 118
166 92 118
167 92 241
167 92 118
167 92 118
167 92 118
167 92 118
167 92 118
167 92 118
167 92 118
168 92 292
168 92 118
168 92 118
168 92 118
168 92 118
168 92 118
168 92 118
168 92 118
168 92 118
168 92 118
169 92 343
169 92 118
169 92 118
169 92 118
169 92 118
169 92 118
169 92 118
169 92 118
169 92 118
169 92 118
169 92 118
169 92 118
169 92 118
170 92 392
170 92 118
170 92 118
170 92 118
170 92 118
170 92 118
170 92 118
170 92 118
170 92 118
170 92 118
170 92 118
170 92 118
170 92 118
170 92 118
170 92 118
171 92 437
171 92 118
171 92 118
171 92 118
171 92 118
171 92 118
171 92 118
171 92 118
171 92 118
171 92 118
171 92 118
171 92 118
171 92 118
171 92 118
171 92 118
171 92 118
172 92 476
172 92 118
172 92 118
172 92 118
172 92 118
172 92 118
172 92 118
172 92 118
172 92 118
172 92 118
172 92 118
172 92 118
172 92 118
172 92 118
172 92 118
172 92 118
172 92 118
173 92 508
173 92 118
173 92 118
173 92 118
173 92 118
173 92 118
173 92 118
173 92 118
173 92 118
173 92 118
173 92 118
173 92 118
173 92 118
173 92 118
173 92 118
173 92 118
173 92 118
174 92 118
174 92 118
174 92 118
174 92 118
174 92 118
174 92 118
174 92 118
174 92 118
174 92 118
174 92 118
174 92 118
174 92 118
174 92 118
174 92 118
174 92 118
174 92 118
175 92 543
175 92 118
175 92 118
175 92 118
175 92 118
175 92 118
175 92 118
175 92 118
175 92 118
175 92 118
175 92 118
175 92 118
175 92 118
175 92 118
175 92 118
175 92 118
175 92 118
176 92 545
176 92 118
176 92 118
176 92 118
176 92 118
176 92 118
176 92 118
176 92 118
176 92 118
176 92 118
176 92 118
176 92 118
176 92 118
176 92 118
176 92 118
176 92 118
177 92 536
177 92 118
177 92 118
177 92 118
177 92 118
177 92 118
177 92 118
177 92 118
177 92 118
177 92 118
177 92 118
177 92 118
177 92 118
177 92 118
177 92 118
178 92 516
178 92 118
178 92 118
178 92 118
178 92 118
178 92 118
178 92 118
178 92 118
178 92 118
178 92 118
178 92 118
178 92 118
178 92 118
178 92 118
179 92 485
179 92 118
179 92 118
179 92 118
179 92 118
179 92 118
179 92 118
179 92 118
179 92 118
179 92 118
179 92 118
179 92 118
180 92 445
180 92 118
180 92 118
180 92 118
180 92 118
180 92 118
180 92 118
180 92 118
180 92 118
180 92 118
180 92 118
181 92 398
181 92 118
181 92 118
181 92 118
181 92 118
181 92 118
181 92 118
181 92 118
181 92 118
182 92 344
182 92 118
182 92 118
182 92 118
182 92 118
182 92 118
182 92 118
182 92 118
183 92 286
183 92 118
183 92 118
183 92 118
183 92 118
183 92 118
183 92 118
184 92 226
184 92 118
184 92 118
184 92 118
184 92 118
184 92 118
185 92 166
185 92 118
185 92 118
185 92 118
185 92 118
186 92 109
186 92 118
186 92 118
186 92 118
187 92 56
187 92 118
187 92 118
187 92 118
188 92 15
188 92 118
188 92 118
188 91 15
188 91 118
188 91 118
189 91 15
189 91 118
190 91 15
190 91 118
190 90 15
190 90 118
190 89 15
190 89 118
191 89 15
191 89 118
191 88 15
191 88 118
192 88 15
192 88 118
192 87 15
192 87 118
192 86 15
192 86 118
192 85 15
192 85 118
193 85 15
193 85 118
194 85 15
194 85 118
195 85 15
195 85 118
196 85 15
196 85 118
196 84 15
196 84 118
197 84 15
197 84 118
197 83 15
197 83 118
197 82 15
197 82 118
197 81 15
197 81 118
197 80 15
197 80 118
197 79 15
197 79 118
197 78 15
197 78 118
197 77 15
197 77 118
197 76 15
197 75 15
197 74 15
198 74 15
198 73 15
198 72 15
198 71 29
