70 84 533
11 10 533
18 108 533
131 184 533
18 173 533
169 164 533
148 21 533
11 0 533
144 177 533
156 171 533
156 171 523
131 171 533
181 158 533
59 78 533
29 101 533
29 101 523
0 4 533
60 92 533
19 121 533
6 115 533
143 191 533
180 171 533
180 171 523
169 151 533
49 85 533
0 17 533
7 128 533
7 128 523
5 101 533
50 99 533
11 24 533
30 114 533
30 114 523
39 93 533
39 93 523
0 31 533
61 105 533
17 94 533
119 178 533
119 164 533
107 171 533
12 38 533
12 38 523
29 179 533
30 167 533
30 167 523
48 72 533
17 186 533
4 87 533
71 98 533
81 91 533
81 91 523
15 80 533
107 158 533
107 158 523
23 3 533
23 17 533
106 185 533
106 185 523
34 10 533
34 10 523
3 73 533
28 192 533
70 70 533
58 64 533
14 66 533
131 158 533
69 57 533
144 164 533
144 151 533
157 157 533
23 30 533
35 37 533
36 51 533
36 51 523
26 73 533
26 73 523
58 51 533
35 24 533
35 24 523
46 44 533
2 59 533
1 45 533
1 45 523
19 135 533
30 141 533
19 147 533
19 147 523
30 128 533
41 134 533
41 147 533
41 147 523
52 127 533
51 113 533
156 144 533
148 8 533
136 15 533
137 2 533
149 0 533
149 0 523
126 0 533
125 8 533
125 8 523
40 186 533
40 186 523
160 15 533
160 28 533
172 22 533
173 36 533
185 30 533
185 44 533
185 44 523
185 17 533
185 17 523
143 138 533
131 144 533
131 131 533
143 125 533
155 131 533
155 131 523
130 118 533
142 111 533
129 104 533
141 98 533
141 98 523
117 111 533
116 98 533
116 98 523
118 125 533
62 119 533
118 138 533
119 151 533
119 151 523
72 112 533
106 131 533
106 118 533
47 58 533
80 63 533
94 125 533
83 118 533
83 118 523
80 50 533
69 44 533
95 138 533
95 138 523
58 37 533
130 198 533
130 198 523
16 199 533
16 199 523
46 31 533
46 31 523
5 179 533
6 167 533
69 30 533
80 37 533
80 37 523
154 118 533
154 118 523
161 42 533
161 42 523
180 144 533
192 151 533
191 138 533
199 145 533
92 56 533
199 132 533
41 121 533
41 121 523
52 140 533
62 133 533
190 125 533
199 119 533
189 112 533
62 146 533
62 146 523
199 106 533
188 99 533
81 77 533
92 70 533
103 63 533
199 92 533
103 49 533
103 49 523
187 85 533
199 79 533
199 79 523
69 17 533
58 24 533
58 11 533
69 4 533
69 4 523
179 131 533
179 131 523
199 158 533
192 164 533
192 164 523
72 125 533
83 132 533
83 132 523
176 92 533
175 78 533
164 85 533
58 0 533
37 65 533
37 65 523
104 77 533
115 70 533
163 71 533
177 105 533
177 105 523
46 4 533
34 0 533
34 0 523
151 77 533
150 63 533
139 70 533
126 63 533
19 173 268
19 172 307
19 171 350
19 170 397
19 169 448
19 168 502
19 167 558
19 166 617
19 165 676
19 164 737
19 163 797
19 162 856
19 161 912
19 160 966
19 159 1015
19 158 1059
19 157 1098
19 157 473
19 156 1129
19 156 473
19 156 473
19 155 1152
19 155 473
19 155 473
19 155 473
19 154 1167
19 154 473
19 154 473
19 154 473
19 154 473
19 153 1174
19 153 473
19 153 473
19 153 473
19 153 473
19 153 473
19 152 1171
19 152 473
19 152 473
19 152 473
19 152 473
19 152 473
19 152 473
19 151 1159
19 151 473
19 151 473
19 151 473
19 151 473
19 151 473
19 151 473
19 150 1138
19 150 473
19 150 473
19 150 473
19 150 473
19 150 473
19 150 473
19 150 473
19 149 1108
19 149 473
19 149 473
19 149 473
19 149 473
19 149 473
19 149 473
19 149 473
19 148 1070
19 148 473
19 148 473
19 148 473
19 148 473
19 148 473
19 148 473
19 148 473
19 147 473
19 147 473
19 147 473
19 147 473
19 147 473
19 147 473
19 147 473
19 146 972
19 146 473
19 146 473
19 146 473
19 146 473
19 146 473
19 146 473
19 146 473
19 145 915
19 145 473
19 145 473
19 145 473
19 145 473
19 145 473
19 145 473
19 144 853
19 144 473
19 144 473
19 144 473
19 144 473
19 144 473
19 143 788
19 143 473
19 143 473
19 143 473
19 143 473
19 142 722
19 142 473
19 142 473
19 142 473
19 141 655
19 141 473
19 141 473
19 140 590
19 140 473
19 140 473
19 139 527
19 139 473
19 138 467
19 138 473
19 137 412
19 137 473
19 136 362
40 134 286
39 134 274
38 134 259
37 134 240
36 134 217
35 134 192
34 134 165
33 134 138
32 134 110
31 134 85
30 134 62
29 134 44
28 134 31
27 134 24
26 134 26
26 134 473
25 134 35
25 134 473
25 135 52
25 135 473
24 135 74
24 135 473
23 135 106
23 135 473
22 135 146
21 135 195
20 135 253
42 134 295
43 134 293
44 134 288
45 134 280
46 134 269
47 134 257
48 134 244
49 134 231
50 134 218
51 134 207
52 134 197
53 134 189
54 134 185
55 134 183
55 134 473
55 133 180
55 133 473
56 133 178
56 133 473
56 132 176
57 132 175
57 131 174
58 131 173
58 130 173
59 130 172
59 129 171
60 129 171
60 128 170
60 127 170
60 126 173
60 125 177
60 124 181
60 123 186
60 122 191
60 121 195
60 120 198
60 119 200
60 118 202
60 117 202
60 116 201
60 115 200
60 114 197
60 113 195
60 112 191
60 111 188
60 110 185
60 109 183
60 108 181
60 107 180
60 106 180
60 105 181
60 104 183
60 103 186
60 102 190
60 101 194
60 100 199
60 99 205
60 98 210
60 97 216
60 96 221
60 95 225
60 94 229
60 93 232
59 92 234
59 91 235
59 90 235
59 89 235
59 88 234
59 87 233
59 86 231
59 85 230
59 84 229
59 83 228
59 82 228
59 81 229
59 80 230
59 79 232
46 45 285
47 45 276
47 46 268
48 46 259
48 47 252
49 47 243
49 48 237
50 48 229
50 49 224
51 49 218
51 50 214
52 50 211
52 51 207
52 52 206
53 52 204
53 53 203
53 54 203
53 55 204
53 56 206
53 57 209
53 58 211
53 59 214
53 60 217
53 61 219
53 62 222
53 63 223
53 64 224
53 65 224
53 66 224
53 67 223
53 68 221
53 69 218
53 70 215
53 71 212
53 72 209
53 73 206
53 74 203
53 75 201
53 76 200
54 76 199
54 77 198
54 78 199
55 78 201
56 78 206
57 78 214
58 78 224
45 44 301
44 44 310
44 43 317
43 43 323
42 43 330
42 42 334
41 42 338
41 41 343
40 41 343
39 41 345
39 40 345
38 40 344
37 40 345
37 39 340
36 39 338
36 38 336
35 38 331
34 37 323
33 37 321
33 36 315
32 36 312
32 35 306
31 35 303
31 34 299
30 34 295
30 33 291
29 33 287
29 32 283
28 32 280
28 31 276
27 31 272
27 30 268
26 30 264
25 30 267
24 30 275
23 29 266
23 28 249
23 27 238
23 26 232
22 26 229
22 25 223
21 25 220
21 24 214
20 24 212
20 23 207
20 22 205
19 22 201
19 21 200
18 21 197
18 20 196
17 20 196
17 19 195
17 18 196
16 18 197
16 17 198
16 16 199
16 15 199
16 14 199
16 13 198
16 12 196
16 11 194
16 10 190
15 10 191
14 10 196
13 10 204
12 10 214
60 84 235
61 84 241
62 84 247
63 84 253
64 84 258
65 84 262
66 84 266
67 84 271
68 84 278
69 84 285
19 134 282
19 133 252
19 132 228
19 131 212
19 130 202
19 129 197
19 128 198
19 127 204
19 126 213
19 125 224
19 124 238
19 123 253
19 122 268
18 121 271
18 120 278
18 119 284
18 118 288
18 117 292
18 116 293
18 115 293
18 114 292
18 113 290
18 112 286
18 111 282
18 110 277
18 109 273
169 163 295
169 162 256
169 161 223
169 160 197
169 159 177
169 158 163
169 157 156
168 157 166
167 157 178
166 157 192
165 157 206
164 157 221
163 157 236
162 157 250
161 157 263
160 157 275
159 157 285
158 157 293
156 157 303
155 157 305
154 157 305
153 157 303
152 157 299
151 157 294
150 157 288
149 157 281
148 157 274
147 157 266
146 157 259
145 157 253
144 157 247
143 157 242
142 157 239
141 157 237
141 158 236
140 158 234
140 159 232
139 159 231
139 160 228
139 161 226
138 161 224
138 162 221
138 163 219
138 164 218
138 165 217
138 166 216
138 167 215
138 168 214
138 169 212
138 170 209
138 171 206
138 172 201
138 173 195
138 174 187
138 175 179
138 176 170
138 177 160
138 178 150
138 179 141
138 180 133
138 181 126
138 182 121
138 183 120
138 184 121
137 184 130
136 184 145
135 184 166
134 184 191
133 184 220
132 184 250
