143 14 533
191 1 533
170 64 533
54 180 533
85 126 533
123 190 533
197 154 533
199 0 533
199 8 533
53 168 533
153 21 533
159 57 533
171 50 533
141 28 533
66 174 533
151 35 533
161 42 533
65 162 533
74 132 533
189 14 533
86 139 533
75 145 533
76 157 533
178 7 533
176 21 533
163 28 533
77 168 533
87 151 533
88 163 533
112 185 533
166 14 533
123 178 533
112 173 533
174 35 533
100 168 533
155 7 533
101 179 533
167 0 533
89 174 533
156 0 533
179 0 533
99 156 533
98 145 533
187 29 533
96 132 533
199 22 533
64 150 533
143 1 533
62 138 533
149 50 533
139 43 533
78 180 533
66 186 533
184 43 533
183 57 533
89 186 533
77 192 533
198 36 533
196 51 533
52 155 533
51 143 533
111 161 533
110 150 533
195 64 533
182 71 533
182 71 523
108 138 533
131 8 533
131 8 523
122 166 533
121 154 533
158 71 533
147 65 533
137 58 533
120 142 533
101 192 533
112 197 533
127 51 533
128 36 533
89 198 533
117 44 533
118 30 533
130 22 533
131 147 533
133 159 533
134 171 533
134 183 533
106 38 533
106 24 533
106 24 523
105 52 533
116 59 533
126 66 533
136 72 533
186 148 533
186 161 533
147 79 533
147 79 523
175 155 533
144 164 533
145 176 533
155 169 533
165 162 533
94 46 533
94 46 523
154 156 533
126 80 533
115 74 533
105 67 533
143 151 533
115 88 533
105 82 533
164 149 533
153 144 533
141 139 533
105 97 533
94 90 533
94 105 533
95 119 533
86 126 270
87 126 263
88 126 258
89 126 255
90 126 253
91 126 253
92 126 255
92 125 256
92 124 259
93 124 262
93 123 265
93 122 268
93 121 272
93 120 276
94 120 280
94 119 283
94 118 287
94 117 291
94 116 294
94 115 297
94 114 299
94 113 301
94 112 302
94 111 302
94 110 301
94 109 299
94 108 296
94 107 292
94 106 287
95 105 274
95 104 267
95 103 260
95 102 253
96 102 246
96 101 238
96 100 231
96 99 224
97 99 218
97 98 212
97 97 207
98 97 203
98 96 199
98 95 197
99 95 194
99 94 193
100 94 193
100 93 193
101 93 194
101 92 195
102 92 197
102 91 199
103 91 202
103 90 204
104 90 208
104 89 211
105 89 215
105 88 218
105 87 223
105 86 229
105 85 237
105 84 245
105 83 254
106 82 259
107 82 255
108 82 252
109 82 250
110 82 248
111 82 247
112 82 246
113 82 246
114 82 246
114 81 247
115 81 246
115 80 247
115 79 249
115 78 251
115 77 254
115 76 258
115 75 261
116 74 262
117 74 260
118 74 257
119 74 254
120 74 250
121 74 247
122 74 244
123 74 241
123 74 473
124 74 239
124 74 473
125 74 238
125 74 473
126 74 238
126 74 473
126 73 238
126 73 473
126 72 239
126 72 473
126 71 241
126 70 245
126 69 249
126 68 254
126 67 259
127 66 259
128 66 254
129 66 250
130 66 246
131 66 244
132 66 242
133 66 243
133 65 244
134 65 244
135 65 246
136 65 248
137 65 252
138 65 256
139 65 261
140 65 265
141 65 270
142 65 274
143 65 277
144 65 280
145 65 280
146 65 280
147 64 272
147 63 269
147 62 268
146 62 269
145 62 269
144 62 268
143 62 267
143 61 266
143 60 266
143 59 267
143 58 268
143 57 270
143 56 271
143 55 271
143 54 272
143 53 272
143 52 272
143 51 272
143 50 272
143 49 272
143 48 272
143 47 272
143 46 273
143 45 273
143 44 275
143 43 276
143 42 277
143 41 279
143 40 280
143 39 282
143 38 283
143 37 284
143 36 284
143 35 284
143 34 283
143 33 282
143 32 280
143 31 278
143 30 276
143 29 274
143 28 272
143 27 270
143 26 268
143 25 266
143 24 265
143 23 265
143 22 265
143 21 265
143 20 266
143 19 268
143 18 269
143 17 271
143 16 273
143 15 275
154 7 243
153 7 237
152 7 231
151 7 226
150 7 223
149 7 221
148 7 222
147 7 226
147 8 230
147 9 234
147 10 239
146 10 244
146 11 248
146 12 252
146 13 256
146 14 259
145 14 263
144 14 268
156 7 255
157 7 260
158 7 264
159 7 267
160 7 269
161 7 269
162 7 268
163 7 267
164 7 264
165 7 262
166 7 258
167 7 255
168 7 252
169 7 250
170 7 248
171 7 247
172 7 246
173 7 247
174 7 248
175 7 250
176 7 253
177 7 256
178 6 257
179 6 259
180 6 262
181 6 264
182 6 265
183 6 265
184 6 264
185 6 262
186 6 259
187 6 255
188 6 250
189 6 245
190 6 240
191 6 235
191 5 235
191 4 238
191 3 243
191 2 251
148 65 275
149 65 270
150 65 263
151 65 256
152 65 247
153 65 238
154 65 229
155 65 220
156 65 212
157 65 204
158 65 198
159 65 194
160 65 191
160 64 190
161 64 189
162 64 191
163 64 196
164 64 203
165 64 213
166 64 226
167 64 241
168 64 258
169 64 276
122 190 273
121 190 265
120 190 258
119 190 252
118 190 247
117 190 244
116 190 241
115 190 240
114 190 239
113 190 240
112 190 241
111 190 243
110 190 245
109 190 248
108 190 251
107 190 254
106 190 258
105 190 261
104 190 263
103 190 266
102 190 268
101 190 269
100 190 269
99 190 269
98 190 268
97 190 266
96 190 264
95 190 261
94 190 258
93 190 255
92 190 251
91 190 247
90 190 244
89 190 240
89 189 244
89 188 249
89 187 254
88 186 257
87 186 254
86 186 252
85 186 250
84 186 248
83 186 247
82 186 247
81 186 247
80 186 248
79 186 249
78 186 250
77 186 252
76 186 255
75 186 258
74 186 260
73 186 263
72 186 266
71 186 270
70 186 273
69 186 276
68 186 279
67 186 283
66 185 273
66 184 262
66 183 254
66 182 248
66 181 244
65 181 241
65 180 238
64 180 234
63 180 230
62 180 228
61 180 228
60 180 229
59 180 233
58 180 239
57 180 248
56 180 261
55 180 277
