116 66 533
189 7 533
62 59 533
0 21 533
137 125 533
183 189 533
59 113 533
106 60 533
73 54 533
199 0 533
73 66 533
105 73 533
199 14 533
199 14 523
177 0 533
95 67 533
84 60 533
177 14 533
59 101 533
165 8 533
165 8 523
70 107 533
70 107 523
48 107 533
177 28 533
177 28 523
48 95 533
165 21 533
165 21 523
165 21 523
189 20 533
189 20 523
62 71 533
60 91 533
61 81 533
153 1 533
141 9 533
129 2 533
129 16 533
117 10 533
117 24 533
106 17 533
106 32 533
95 25 533
95 40 533
95 40 523
117 39 533
117 53 533
59 112 290
59 111 278
59 110 270
59 109 264
59 108 260
59 107 258
59 106 257
59 105 257
59 104 259
59 103 260
59 102 262
59 100 265
59 99 266
59 98 267
59 97 267
59 96 266
59 95 265
59 94 264
59 93 262
59 92 261
59 91 259
60 90 280
60 89 277
60 88 275
60 88 473
60 87 273
60 87 473
60 86 272
60 86 473
60 85 271
60 85 473
60 84 271
60 84 473
60 83 272
60 82 274
60 81 275
61 80 286
61 79 286
61 78 287
61 77 287
61 76 287
61 75 287
61 74 287
61 73 286
62 73 284
62 72 281
62 70 274
62 69 270
62 68 267
62 67 263
62 66 261
62 65 260
62 64 260
62 63 261
62 62 265
62 61 271
62 60 279
63 59 269
64 59 250
65 59 234
66 59 221
67 59 211
68 59 204
68 60 198
69 60 194
70 60 192
71 60 192
72 60 194
73 60 197
74 60 202
75 60 207
76 60 214
77 60 222
78 60 231
79 60 240
80 60 250
81 60 260
82 60 271
83 60 282
84 61 284
84 62 281
84 63 283
85 63 288
86 63 293
86 64 296
87 64 298
88 64 300
89 64 301
90 64 301
91 64 300
91 65 299
92 65 295
93 65 291
94 65 286
95 65 281
96 65 274
97 65 267
98 65 260
99 65 251
100 65 243
101 65 234
102 65 226
103 65 217
104 65 210
105 65 203
106 65 198
107 65 194
107 66 191
108 66 191
109 66 192
110 66 197
111 66 204
112 66 214
113 66 227
114 66 243
115 66 263
117 25 270
117 26 274
117 27 277
117 28 280
117 29 283
117 30 285
117 31 286
117 32 287
117 33 288
117 34 289
117 35 289
117 36 290
117 37 290
117 38 291
117 40 291
117 41 292
117 42 292
117 43 293
117 44 293
117 45 293
117 46 293
117 47 293
117 48 292
117 49 291
117 50 290
117 51 288
117 52 286
116 53 277
116 54 273
116 55 269
116 56 266
116 57 262
116 58 259
116 59 257
116 60 256
116 61 256
116 62 258
116 63 262
116 64 267
116 65 275
117 23 262
117 22 258
117 21 254
117 20 250
117 19 246
117 18 244
117 17 243
118 17 242
118 16 240
119 16 237
119 15 235
120 15 231
120 14 228
121 14 223
122 14 220
122 13 215
123 13 211
123 12 207
124 12 203
125 12 199
125 11 196
126 11 192
126 10 190
127 10 186
128 10 184
128 9 182
129 9 179
130 9 178
130 8 177
131 8 174
132 8 174
132 7 172
133 7 171
134 7 170
134 6 169
135 6 167
136 6 166
136 5 164
137 5 162
138 5 162
138 4 160
139 4 158
140 4 158
140 3 156
141 3 155
141 2 155
142 2 154
143 2 155
143 1 156
144 1 158
145 1 162
146 1 170
147 1 181
148 1 196
149 1 214
150 1 235
151 1 259
152 1 285
152 1 473
154 1 343
154 1 473
155 1 373
155 1 473
156 1 403
156 1 473
156 1 473
157 1 431
157 1 473
157 1 473
158 1 458
158 1 473
159 1 482
159 1 473
160 1 503
160 1 473
161 1 519
162 1 531
163 1 539
164 1 541
165 1 538
166 1 529
167 1 516
168 1 499
169 1 477
170 1 453
171 1 425
172 1 396
173 1 367
174 1 337
175 1 307
176 1 280
177 1 254
177 2 229
178 2 205
178 3 184
179 3 163
179 4 146
180 4 130
180 5 118
181 5 108
181 6 102
182 6 100
182 7 101
183 7 107
184 7 119
185 7 137
186 7 160
187 7 188
188 7 219
