191 100 140
196 42 140
86 135 140
44 153 140
44 153 130
44 153 130
44 153 130
44 153 130
44 153 130
44 153 130
44 153 130
44 153 130
44 153 130
44 153 130
44 153 130
44 153 130
44 153 130
44 153 130
54 197 140
48 62 140
72 31 140
13 132 140
199 94 140
199 106 140
60 39 140
60 39 130
60 39 130
60 39 130
60 39 130
185 48 140
197 55 140
2 125 140
14 119 140
86 122 140
99 128 140
60 68 140
60 68 130
60 68 130
60 68 130
60 68 130
42 191 140
54 184 140
186 61 140
186 61 130
186 61 130
186 61 130
186 61 130
84 24 140
84 38 140
60 54 140
60 54 130
60 54 130
60 54 130
60 54 130
98 141 140
24 126 140
24 126 130
184 35 140
191 113 140
199 120 140
199 120 130
199 120 130
199 120 130
199 120 130
180 106 140
180 120 140
67 191 140
67 179 140
67 179 130
173 42 140
173 42 130
3 112 140
168 113 140
168 113 130
168 113 130
168 113 130
168 113 130
110 135 140
110 135 130
110 147 140
110 147 130
110 147 130
110 147 130
110 147 130
173 28 140
173 28 130
173 28 130
173 28 130
173 28 130
173 28 130
95 31 140
199 68 140
199 81 140
73 129 140
73 129 130
74 116 140
14 107 140
2 100 140
2 100 130
2 100 130
2 100 130
2 100 130
25 114 140
25 114 130
25 114 130
25 114 130
23 139 140
23 139 130
23 139 130
23 139 130
80 185 140
81 173 140
83 160 140
84 148 140
1 138 140
12 145 140
12 145 130
12 145 130
12 145 130
12 145 130
36 69 140
36 69 130
48 76 140
48 76 130
48 76 130
36 55 140
190 87 140
58 147 140
58 147 130
58 147 130
58 147 130
58 147 130
58 147 130
58 147 130
70 154 140
35 133 140
48 128 140
61 122 140
61 122 130
61 122 130
36 121 140
36 121 130
48 47 140
36 41 140
36 41 130
60 135 140
60 135 130
60 135 130
60 135 130
60 135 130
49 115 140
49 115 130
49 115 130
49 115 130
49 115 130
179 94 140
72 17 140
60 25 140
48 33 140
61 122 130
61 122 130
177 81 140
188 74 140
188 74 130
48 19 140
60 11 140
166 87 140
36 26 140
36 26 130
36 26 130
36 26 130
36 26 130
167 100 140
167 100 130
95 45 140
107 38 140
107 38 130
107 38 130
107 38 130
107 38 130
155 93 140
155 93 130
155 93 130
155 93 130
155 93 130
155 93 130
48 5 140
48 5 130
48 5 130
48 5 130
179 133 140
191 126 140
191 126 130
191 126 130
191 126 130
167 139 140
167 139 130
167 139 130
167 139 130
167 139 130
167 139 130
165 74 140
164 61 140
164 61 130
164 61 130
164 61 130
84 52 140
96 59 140
84 67 140
153 67 140
153 67 130
153 67 130
154 80 140
154 80 130
154 80 130
154 80 130
154 80 130
72 60 140
107 52 140
107 52 130
107 52 130
107 52 130
107 52 130
178 146 140
178 146 130
178 146 130
72 46 140
72 46 130
72 46 130
190 139 140
190 139 130
190 139 130
190 153 140
190 153 130
190 153 130
190 153 130
190 153 130
69 166 140
69 166 130
69 166 130
72 141 140
72 141 130
72 141 130
37 82 140
37 82 130
37 82 130
96 74 140
108 66 140
108 66 130
108 66 130
108 66 130
108 66 130
85 81 140
97 88 140
85 95 140
85 95 130
85 95 130
85 95 130
176 68 140
176 68 130
176 68 130
174 55 140
174 55 130
174 55 130
174 55 130
72 75 140
72 75 130
72 75 130
72 75 130
72 75 130
196 29 140
196 15 140
196 15 130
196 15 130
196 15 130
196 15 130
196 15 130
184 22 140
184 22 130
184 22 130
184 22 130
184 22 130
184 22 130
184 22 130
94 179 140
95 167 140
97 154 140
95 17 140
95 17 130
95 17 130
95 17 130
191 126 130
191 126 130
191 126 130
199 146 140
199 146 130
199 146 130
111 121 140
111 121 130
111 121 130
72 4 140
72 4 130
60 0 140
60 0 130
60 0 130
84 10 140
84 10 130
83 0 140
83 0 130
83 0 130
168 126 140
168 126 130
168 126 130
141 60 140
130 66 140
142 73 140
142 73 130
142 73 130
142 73 130
130 53 140
140 46 140
151 40 140
140 33 140
140 33 130
151 27 140
151 27 130
151 27 130
151 27 130
86 109 140
86 109 130
86 109 130
86 109 130
152 54 140
162 48 140
129 39 140
129 39 130
129 39 130
129 39 130
99 115 140
99 115 130
99 115 130
99 115 130
99 115 130
69 166 130
69 166 130
69 166 130
108 80 140
120 87 140
120 87 130
109 94 140
119 73 140
119 73 130
119 73 130
119 73 130
122 127 140
122 127 130
122 114 140
122 114 130
122 114 130
121 101 140
121 101 130
121 101 130
13 131 66
13 130 59
14 130 76
15 130 93
16 130 109
17 130 124
18 130 137
19 130 147
20 130 156
21 130 162
22 130 165
23 130 165
23 130 118
24 130 162
24 130 118
25 130 156
25 130 118
26 130 147
26 130 118
27 130 136
27 130 118
28 130 121
28 130 118
29 130 105
29 130 118
30 130 86
30 130 118
31 130 66
31 130 118
32 130 45
32 130 118
33 130 24
33 130 118
34 130 15
34 130 118
35 130 15
35 130 118
36 130 15
36 130 118
36 129 15
36 129 118
37 129 15
37 129 118
37 128 15
37 128 118
38 128 15
38 128 118
39 128 15
39 128 118
40 128 15
40 128 118
41 128 15
41 128 118
42 128 15
42 128 118
43 128 15
43 128 118
44 128 15
44 128 118
45 128 15
45 128 118
46 128 15
46 128 118
47 128 36
47 128 118
48 127 77
48 127 118
48 126 85
48 126 118
49 126 132
50 126 182
51 126 234
52 126 287
53 126 339
54 126 389
55 126 435
55 126 118
56 126 476
56 126 118
57 126 511
57 126 118
58 126 539
58 126 118
59 126 558
59 126 118
60 126 568
60 126 118
61 126 570
61 126 118
62 126 562
62 126 118
63 126 546
63 126 118
64 126 522
64 126 118
65 126 491
66 126 453
67 126 411
68 126 365
69 126 317
70 126 268
71 126 219
72 126 173
73 126 129
74 126 90
75 126 56
75 126 118
76 126 26
76 126 118
77 126 15
77 126 118
78 126 15
78 126 118
78 127 15
78 127 118
79 127 15
79 127 118
80 127 15
80 127 118
80 128 15
80 128 118
81 128 15
81 128 118
82 128 15
82 128 118
83 128 15
83 128 118
84 128 15
84 128 118
84 129 15
84 129 118
85 129 15
85 129 118
86 129 15
86 129 118
86 130 15
86 131 23
86 132 35
86 133 48
86 134 63
109 93 36
109 92 15
110 92 15
111 92 15
112 92 15
113 92 15
114 92 15
115 92 30
115 93 49
116 93 71
116 94 91
116 95 113
117 95 135
117 96 156
117 97 180
117 98 204
117 99 230
117 100 255
117 101 280
117 102 305
117 103 328
117 104 349
117 105 369
117 106 386
117 107 399
117 108 410
117 109 417
117 110 420
117 110 118
117 111 419
117 111 118
117 112 414
117 112 118
117 113 405
117 113 118
117 114 392
117 114 118
117 115 376
117 115 118
117 116 356
117 117 335
117 118 311
117 119 286
117 120 261
117 121 236
117 122 213
117 123 193
117 124 175
117 124 118
117 125 162
117 125 118
117 126 153
117 126 118
117 127 151
117 127 118
116 127 147
116 127 118
115 127 145
115 127 118
115 128 143
115 128 118
115 128 118
114 128 139
114 128 118
114 128 118
113 128 136
113 128 118
113 128 118
112 128 133
112 128 118
112 129 129
112 129 118
112 129 118
111 129 123
111 129 118
110 129 117
110 129 118
109 129 111
109 129 118
108 129 104
108 129 118
108 130 96
108 130 118
107 130 87
107 130 118
106 130 77
106 130 118
105 130 68
105 130 118
104 130 60
104 130 118
104 131 49
104 131 118
103 131 39
103 131 118
102 131 30
102 131 118
101 131 22
101 131 118
100 131 16
100 131 118
99 131 15
99 131 118
98 131 15
98 131 118
97 131 15
97 131 118
96 131 15
96 131 118
95 131 15
95 131 118
94 131 15
94 131 118
93 131 15
93 131 118
92 131 15
92 131 118
91 131 15
91 131 118
90 131 15
89 131 15
88 131 15
87 131 19
109 91 15
109 90 15
110 90 15
110 89 15
111 89 15
111 88 15
111 87 15
112 87 15
112 86 15
113 86 15
113 86 118
114 86 15
114 86 118
114 85 15
114 85 118
114 84 29
114 84 118
115 84 56
115 83 84
116 83 112
116 82 142
117 82 170
118 82 200
118 82 118
118 81 227
118 81 118
119 81 255
119 81 118
119 80 280
119 80 118
119 79 306
119 79 118
119 78 333
119 78 118
119 77 361
119 77 118
119 76 388
119 76 118
119 75 415
119 75 118
119 74 441
119 74 118
120 73 444
121 73 423
122 73 402
123 73 383
124 73 366
125 73 351
125 72 335
125 71 317
126 71 295
126 70 272
127 70 249
127 69 222
127 68 196
128 68 171
128 67 144
128 66 119
129 66 95
130 65 52
130 64 30
130 63 15
130 63 118
131 63 15
131 63 118
131 62 15
131 62 118
131 61 15
131 61 118
132 61 15
132 61 118
132 60 15
132 60 118
132 59 15
132 59 118
132 58 15
132 58 118
132 57 15
132 57 118
132 56 15
132 56 118
132 55 15
132 55 118
133 55 15
133 55 118
134 55 15
134 55 118
135 55 15
135 55 118
136 55 15
136 55 118
137 55 15
137 55 118
138 55 15
138 55 118
138 54 15
139 54 18
139 53 23
140 53 27
141 53 31
141 52 32
142 52 33
143 52 32
143 51 29
144 51 25
145 51 21
145 50 15
146 50 15
147 50 15
148 50 15
148 50 118
149 50 15
149 50 118
150 50 15
150 50 118
151 50 15
151 50 118
152 50 15
152 50 118
152 49 15
152 49 118
152 48 15
152 48 118
152 47 15
152 47 118
152 46 15
152 46 118
153 46 15
153 46 118
154 46 15
154 46 118
155 46 15
155 46 118
156 46 15
156 46 118
157 46 15
157 46 118
158 46 15
158 46 118
158 45 15
158 45 118
159 45 17
159 45 118
160 45 34
160 45 118
161 45 53
161 45 118
162 45 73
162 45 118
163 45 92
163 45 118
164 45 112
164 45 118
165 45 130
165 45 118
166 45 147
166 45 118
167 45 161
167 45 118
168 45 172
168 45 118
169 45 181
169 45 118
170 45 185
170 45 118
171 45 187
171 45 118
172 45 184
173 45 178
174 45 168
175 45 155
176 45 140
177 45 122
178 45 103
179 45 83
180 45 62
181 45 41
182 45 22
182 45 118
183 45 15
183 45 118
184 45 15
184 45 118
185 45 15
186 45 15
187 45 15
188 45 15
189 45 15
190 45 15
191 45 15
191 44 15
191 43 15
192 43 15
193 43 15
194 43 15
194 42 15
195 42 30
199 67 74
199 67 118
199 66 69
199 66 118
199 65 65
199 65 118
199 65 118
199 64 59
199 64 118
199 64 118
199 63 53
199 63 118
199 63 118
199 62 47
199 62 118
199 62 118
199 61 42
199 61 118
199 61 118
199 60 37
199 60 118
199 60 118
199 59 34
199 59 118
199 59 118
199 58 31
199 58 118
199 57 31
199 57 118
199 56 33
199 56 118
199 55 37
199 55 118
198 55 56
197 54 77
197 53 73
197 52 72
197 51 72
197 50 74
196 50 71
196 49 68
195 49 61
195 48 53
194 48 44
194 47 31
194 46 21
194 45 15
194 44 15
199 69 80
199 69 118
199 70 82
199 71 83
199 72 83
199 73 83
199 74 83
198 74 79
198 75 74
198 76 69
197 76 63
197 77 56
197 78 50
196 78 44
196 79 37
196 80 31
196 81 27
195 81 23
195 82 21
195 83 20
195 84 21
195 85 24
195 86 27
195 87 32
195 88 37
195 89 43
195 90 49
195 91 55
195 92 60
195 93 64
195 94 68
195 95 69
195 96 70
195 97 68
195 98 65
195 99 60
195 100 53
194 100 55
193 100 59
192 100 64
108 90 15
107 90 15
106 90 15
105 90 15
105 89 15
104 89 15
103 89 15
103 88 15
102 88 15
101 88 15
101 87 15
101 86 15
101 85 15
101 84 15
100 84 15
99 84 15
98 84 15
98 83 15
98 82 15
98 81 15
97 81 15
96 81 15
96 80 15
96 79 15
96 78 15
96 77 15
96 76 28
96 75 51
95 74 56
95 75 35
94 75 22
93 75 15
92 75 15
91 75 15
90 75 15
90 74 19
90 73 31
90 72 42
90 71 51
90 70 57
90 69 60
90 68 61
90 67 59
90 66 55
90 65 48
90 64 41
90 63 32
90 62 23
90 61 15
90 60 15
90 59 15
90 58 15
90 57 15
90 56 15
91 56 15
92 56 15
92 56 118
92 55 15
92 55 118
92 54 15
92 53 15
92 52 20
92 51 28
92 50 37
92 49 45
92 48 53
92 47 59
92 46 64
92 45 67
92 44 67
92 43 66
92 42 63
92 41 57
92 40 51
92 39 44
92 38 37
92 37 30
92 36 25
92 36 118
92 35 21
92 35 118
91 35 18
91 35 118
91 34 16
91 34 118
90 34 15
90 34 118
90 33 15
90 33 118
89 33 15
89 33 118
88 33 15
88 33 118
88 32 15
88 32 118
87 32 15
87 32 118
86 32 15
86 32 118
85 32 15
84 32 15
83 32 15
82 32 15
82 31 15
81 31 15
80 31 15
79 31 15
78 31 15
77 31 16
76 31 23
75 31 33
74 31 46
73 31 61
72 30 61
72 29 46
72 28 35
72 27 27
72 26 22
72 25 21
72 24 22
72 23 26
71 23 29
70 23 32
70 22 35
69 22 37
68 22 40
68 21 41
67 21 41
66 21 41
65 21 40
64 21 38
63 21 35
62 21 30
61 21 25
60 21 18
59 21 15
59 21 118
58 21 15
58 21 118
57 21 15
57 21 118
57 22 15
57 22 118
56 22 15
56 22 118
55 22 15
55 22 118
55 23 15
55 23 118
54 23 15
54 23 118
53 23 15
53 23 118
53 24 15
53 24 118
52 24 15
52 24 118
51 24 15
51 24 118
50 24 15
50 24 118
50 24 118
50 25 19
50 25 118
50 25 118
50 26 27
50 26 118
50 26 118
49 26 33
49 26 118
49 26 118
49 27 39
49 27 118
49 27 118
49 28 47
49 28 118
49 28 118
48 28 52
48 28 118
48 28 118
48 29 56
48 29 118
48 30 61
48 30 118
48 31 66
48 31 118
48 32 71
48 32 118
47 33 66
47 33 118
46 33 63
46 33 118
46 34 58
46 34 118
46 35 53
46 35 118
46 36 47
46 36 118
45 36 39
45 36 118
45 37 29
45 37 118
45 38 18
45 38 118
45 39 15
45 39 118
45 40 15
45 40 118
45 41 15
45 41 118
45 42 15
45 42 118
45 43 15
45 43 118
45 44 15
45 44 118
45 45 15
45 45 118
45 46 15
46 46 15
46 46 118
46 47 15
46 48 15
46 49 15
46 50 15
46 51 15
46 52 15
46 53 15
46 54 15
46 55 15
46 56 15
46 57 15
46 58 15
46 59 15
46 60 15
46 61 15
46 62 15
47 62 36
87 135 64
88 135 51
89 135 39
90 135 27
91 135 17
92 135 15
93 135 15
93 135 118
93 136 15
93 136 118
93 137 17
93 138 27
93 139 37
93 140 46
93 141 54
93 142 60
93 143 64
93 144 66
93 145 65
93 146 62
93 147 58
93 148 52
93 149 45
93 150 38
93 151 30
93 152 24
93 153 18
93 153 118
92 153 15
92 153 118
92 154 15
92 154 118
92 155 15
92 155 118
92 156 15
92 156 118
92 157 15
92 157 118
92 158 15
92 158 118
91 158 15
91 158 118
91 159 15
91 159 118
91 160 15
91 160 118
91 161 15
91 161 118
91 162 19
91 163 21
91 164 22
91 165 21
91 166 19
91 167 15
91 168 15
90 168 15
89 168 15
89 169 15
89 170 15
89 171 15
88 171 15
87 171 15
87 172 15
87 173 15
86 173 15
85 173 15
84 173 15
84 174 15
84 175 15
84 176 15
84 177 15
83 177 15
83 178 15
83 179 15
82 179 15
82 180 15
82 181 15
82 182 15
81 182 15
81 183 15
80 183 15
79 183 15
78 183 15
77 183 15
76 183 15
75 183 15
75 183 118
74 183 15
74 183 118
73 183 15
73 183 118
72 183 15
72 183 118
71 183 15
71 183 118
70 183 15
70 183 118
69 183 15
69 183 118
68 183 15
68 183 118
67 183 15
67 183 118
67 184 15
67 184 118
67 185 15
67 185 118
66 185 15
66 185 118
65 185 15
65 185 118
64 185 15
64 185 118
64 186 15
64 186 118
63 186 15
63 186 118
62 186 15
62 186 118
62 187 15
62 187 118
62 188 15
62 188 118
61 188 15
61 188 118
61 189 15
61 189 118
60 189 15
60 189 118
59 189 15
59 189 118
59 190 15
59 191 15
58 191 15
58 192 15
58 193 15
57 193 15
56 193 15
56 194 15
55 194 15
54 194 15
54 195 15
54 196 25
46 129 15
46 129 118
45 129 15
45 129 118
45 130 15
45 130 118
44 130 15
44 130 118
44 131 15
44 131 118
44 132 51
44 133 107
44 134 172
44 135 247
44 136 331
44 137 422
44 138 519
44 139 621
44 140 727
44 141 835
44 142 944
44 143 1053
44 144 1160
44 145 1265
44 146 1365
44 147 1461
44 148 1551
44 149 1635
44 150 1711
44 151 1780
44 152 1841
