55 167 271
1 31 271
188 155 271
115 116 271
61 65 271
61 65 261
61 65 261
55 154 271
44 160 271
44 148 271
199 161 271
55 142 271
199 148 271
44 135 271
56 130 271
188 142 271
45 123 271
115 129 271
103 122 271
57 117 271
46 111 271
103 134 271
103 134 261
103 134 261
58 105 271
104 109 271
47 98 271
1 44 271
13 38 271
60 92 271
60 92 261
60 92 261
44 174 271
55 181 271
92 114 271
92 114 261
44 188 271
13 51 271
56 195 271
127 123 271
127 136 271
35 104 271
36 91 271
36 91 261
36 91 261
139 130 271
34 117 271
139 142 271
139 142 261
139 142 261
33 129 271
139 116 271
151 123 271
151 123 261
69 112 271
68 124 271
80 119 271
114 116 111
113 116 84
112 116 60
111 116 40
110 116 24
110 116 236
109 116 15
109 116 236
108 116 15
108 116 236
108 117 15
108 117 236
107 117 15
107 117 236
107 118 16
107 118 236
106 118 24
106 118 236
106 119 34
106 119 236
105 119 48
105 119 236
104 119 66
104 119 236
103 119 88
103 119 236
102 119 113
101 119 140
100 119 168
99 119 196
98 119 224
97 119 250
96 119 274
95 119 294
94 119 311
93 119 323
92 119 330
91 119 333
90 119 331
89 119 325
88 119 314
88 119 236
87 119 300
87 119 236
86 119 283
86 119 236
85 119 263
85 119 236
84 119 242
83 119 220
82 119 198
81 119 176
79 119 136
78 119 119
78 119 236
77 119 105
77 119 236
76 119 93
76 119 236
75 119 83
75 119 236
74 119 76
74 119 236
73 119 71
73 119 236
72 119 69
72 119 236
71 119 69
71 119 236
70 119 70
69 119 73
68 119 77
67 119 82
66 119 87
65 119 93
65 120 100
64 120 106
63 120 112
62 120 119
62 121 125
61 121 131
60 121 136
60 122 141
59 122 145
59 123 148
58 123 151
58 124 152
57 124 153
57 125 153
57 126 153
56 126 151
56 127 150
56 128 148
56 129 147
55 130 140
54 130 135
53 130 131
52 130 127
52 131 124
51 131 121
51 132 118
51 133 116
51 134 114
51 135 113
51 136 112
51 137 111
51 138 110
51 139 108
51 140 107
51 141 105
51 142 103
51 143 100
51 144 97
51 145 94
51 146 91
51 147 88
51 148 84
51 149 81
51 150 78
51 151 74
51 152 72
51 153 69
51 154 67
51 155 65
51 156 63
51 157 62
51 158 61
51 159 60
51 160 60
51 161 60
51 162 60
51 163 61
51 164 62
51 165 64
51 166 65
51 167 67
52 167 79
53 167 96
54 167 119
