182 147 533
60 39 533
2 7 533
122 87 533
8 173 533
148 53 533
142 152 533
56 4 533
109 148 533
30 125 533
174 71 533
160 62 533
131 147 533
119 154 533
58 28 533
57 16 533
132 80 533
150 68 533
0 166 533
168 152 533
155 146 533
141 74 533
13 1 533
13 14 533
41 132 533
0 180 533
42 118 533
24 9 533
45 10 533
45 10 523
68 10 533
69 21 533
7 186 533
30 111 533
70 33 533
138 60 533
0 193 533
168 140 533
7 199 533
43 105 533
2 20 533
30 98 533
121 141 533
42 91 533
10 159 533
14 26 533
14 26 523
163 77 533
0 153 533
27 139 533
13 146 533
13 146 523
39 146 533
39 146 523
72 45 533
62 51 533
129 66 533
120 72 533
143 140 533
34 3 533
74 57 533
74 57 523
29 84 533
41 77 533
41 77 523
181 135 533
20 193 533
20 180 533
22 166 533
154 158 533
154 158 523
3 32 533
3 32 523
3 32 523
17 91 533
16 78 533
16 78 523
111 79 533
17 105 533
25 21 533
25 21 523
25 21 523
111 135 533
112 93 533
130 159 533
33 187 533
34 173 533
34 173 523
32 199 533
32 199 523
55 98 533
55 112 533
45 10 523
101 86 533
25 153 533
25 153 523
156 134 533
54 126 533
102 100 533
17 118 533
169 128 533
90 92 533
180 159 533
90 107 533
79 99 533
67 105 533
45 193 533
59 187 533
58 199 533
71 194 533
181 123 533
181 123 523
72 181 533
83 187 533
83 187 523
99 142 533
101 128 533
90 121 533
83 39 533
81 27 533
93 32 533
73 168 533
86 162 533
86 162 523
91 20 533
60 174 533
62 161 533
80 15 533
75 155 533
75 155 523
91 8 533
91 8 523
98 155 533
98 155 523
95 44 533
104 38 533
106 51 533
118 58 533
118 58 523
173 71 265
172 71 238
171 71 216
170 71 198
169 71 184
168 71 175
167 71 170
166 71 169
166 70 171
165 70 173
164 70 177
164 69 182
163 69 187
163 68 194
162 68 199
161 68 206
160 68 214
159 68 222
158 68 231
157 68 239
156 68 246
155 68 252
154 68 257
153 68 260
152 68 261
151 68 261
121 72 266
122 72 246
123 72 228
124 72 210
125 72 195
126 72 180
127 72 168
128 72 158
129 72 151
130 72 146
131 72 143
132 72 144
133 72 147
133 71 148
134 71 151
134 70 153
135 70 155
135 69 159
135 69 473
136 69 160
136 69 473
137 69 164
137 69 473
137 68 165
137 68 473
138 68 168
138 68 473
139 68 173
139 68 473
140 68 179
140 68 473
141 68 187
141 68 473
142 68 196
142 68 473
143 68 205
144 68 215
145 68 225
146 68 234
147 68 242
148 68 249
149 68 255
120 73 256
120 74 229
120 75 206
120 76 187
120 77 172
121 77 161
122 77 152
122 78 147
122 79 146
122 80 149
122 81 157
122 82 169
122 83 185
122 84 205
122 85 229
122 86 256
90 106 259
90 105 251
90 104 242
90 103 234
90 102 227
90 101 222
90 100 218
90 99 216
91 99 212
92 99 210
92 98 208
93 98 205
94 98 204
94 97 201
95 97 199
95 96 198
96 96 196
97 96 195
97 95 193
98 95 192
98 94 192
99 94 190
100 94 190
100 93 190
101 93 189
102 93 190
102 92 189
103 92 189
103 91 190
104 91 189
105 91 190
105 90 190
106 90 189
107 90 190
107 89 189
108 89 189
108 88 189
109 88 188
110 88 188
110 87 186
111 87 185
112 87 185
113 87 187
114 87 191
115 87 196
116 87 203
117 87 212
118 87 223
119 87 236
120 87 250
121 87 267
89 107 264
88 107 263
87 107 262
86 107 263
85 107 265
84 107 268
83 107 271
82 107 275
81 107 279
80 107 283
79 107 287
78 107 290
77 107 294
76 107 297
75 107 300
74 107 302
73 107 304
72 107 305
71 107 305
70 107 305
69 107 304
68 107 303
67 107 301
66 107 298
65 107 295
64 107 292
63 107 288
62 107 283
61 107 279
60 107 274
59 107 270
58 107 265
57 107 261
56 107 257
55 107 254
55 108 257
55 109 260
55 110 262
55 111 263
54 112 260
53 112 256
52 112 254
52 113 252
52 114 250
52 115 247
52 116 243
52 117 240
52 118 237
51 118 233
51 119 229
51 120 227
50 120 225
50 121 223
49 121 222
49 122 221
48 122 222
48 123 222
47 123 224
47 124 225
46 124 228
46 125 230
45 125 232
44 125 235
43 125 238
42 125 242
41 125 244
40 125 247
39 125 248
38 125 248
37 125 247
36 125 245
35 125 242
34 125 238
33 125 233
32 125 228
31 125 224
22 165 403
22 165 473
22 164 438
22 164 473
22 163 478
22 163 473
22 162 522
22 162 473
22 162 473
22 161 569
22 161 473
22 161 473
22 160 619
22 160 473
22 160 473
22 160 473
22 159 669
22 159 473
22 159 473
22 159 473
22 159 473
22 158 720
22 158 473
22 158 473
22 158 473
22 158 473
22 157 768
22 157 473
22 157 473
22 157 473
22 157 473
22 157 473
22 156 813
22 156 473
22 156 473
22 156 473
22 156 473
22 156 473
22 156 473
22 155 854
22 155 473
22 155 473
22 155 473
22 155 473
22 155 473
22 155 473
22 154 888
22 154 473
22 154 473
22 154 473
22 154 473
22 154 473
22 154 473
22 154 473
22 153 916
22 153 473
22 153 473
22 153 473
22 153 473
22 153 473
22 153 473
22 153 473
22 152 936
22 152 473
22 152 473
22 152 473
22 152 473
22 152 473
22 152 473
22 152 473
22 151 947
22 151 473
22 151 473
22 151 473
22 151 473
22 151 473
22 151 473
22 151 473
22 150 949
22 150 473
22 150 473
22 150 473
22 150 473
22 150 473
22 150 473
22 149 942
22 149 473
22 149 473
22 149 473
22 149 473
22 149 473
22 149 473
22 148 926
22 148 473
22 148 473
22 148 473
22 148 473
22 148 473
22 148 473
22 147 902
22 147 473
22 147 473
22 147 473
22 147 473
22 147 473
22 146 870
22 146 473
22 146 473
22 146 473
22 146 473
22 146 473
22 145 833
22 145 473
22 145 473
22 145 473
22 145 473
22 144 790
22 144 473
22 144 473
22 144 473
22 143 743
22 143 473
22 143 473
22 142 694
22 142 473
22 142 473
22 141 643
22 141 473
22 140 593
22 140 473
22 139 544
22 139 473
23 139 500
23 139 473
24 139 460
24 139 473
25 139 426
25 139 473
26 139 397
26 139 473
27 138 325
27 138 473
27 137 281
27 136 244
27 135 214
27 134 191
27 133 176
28 133 162
29 133 154
29 132 147
30 132 145
30 131 145
30 130 150
30 129 159
30 128 172
30 127 186
30 126 203
21 166 318
20 166 270
19 166 230
19 166 473
18 166 197
18 166 473
17 166 170
17 166 473
16 166 150
16 166 473
15 166 136
15 166 473
15 167 126
14 167 120
13 167 118
13 168 119
12 168 123
11 168 129
10 168 138
9 168 149
8 168 161
8 169 175
8 170 191
8 171 209
8 172 227
100 128 260
100 128 473
99 128 250
99 128 473
98 128 244
97 128 241
96 128 243
95 128 248
95 127 252
95 126 257
94 126 261
94 125 265
94 125 473
94 124 270
94 124 473
93 124 273
93 124 473
93 123 277
93 123 473
93 122 281
93 122 473
92 122 283
92 122 473
92 121 286
92 121 473
91 121 290
91 121 473
90 120 298
90 120 473
90 119 298
90 119 473
90 118 298
90 117 299
90 116 299
90 115 299
90 114 299
90 113 297
90 112 295
90 111 291
90 110 287
90 109 281
90 108 274
101 129 255
101 129 473
101 130 236
101 130 473
101 131 220
101 131 473
101 132 206
101 132 473
101 133 194
101 133 473
101 134 186
101 134 473
101 135 180
101 135 473
102 135 177
102 135 473
102 136 172
102 136 473
103 136 169
103 136 473
103 137 165
103 137 473
104 137 163
104 137 473
104 138 160
104 138 473
105 138 158
105 138 473
105 139 157
106 139 156
107 139 157
107 140 155
108 140 156
108 141 157
109 141 158
109 142 161
109 143 169
109 144 182
109 145 199
109 146 221
109 147 247
110 148 262
111 148 249
112 148 237
113 148 226
114 148 218
115 148 210
116 148 205
117 148 201
118 148 198
119 148 197
120 148 197
121 148 199
121 149 198
122 149 198
123 149 199
123 150 197
124 150 197
124 151 197
125 151 195
126 151 195
127 151 195
127 152 194
128 152 194
129 152 195
130 152 197
131 152 200
132 152 204
133 152 208
134 152 214
135 152 220
136 152 227
137 152 236
138 152 245
139 152 256
140 152 267
141 152 280
154 146 286
153 146 276
152 146 265
151 146 255
150 146 246
149 146 237
148 146 230
147 146 224
146 146 220
145 146 218
144 146 217
143 146 218
142 146 221
142 147 222
142 148 227
142 149 237
142 150 252
142 151 271
156 146 305
157 146 313
158 146 319
159 146 323
160 146 325
161 146 325
162 146 322
163 146 317
164 146 309
165 146 300
166 146 288
167 146 275
168 146 260
169 146 245
170 146 230
171 146 216
172 146 203
173 146 192
174 146 183
175 146 177
176 146 175
176 147 175
177 147 176
178 147 183
179 147 194
180 147 210
181 147 231
96 44 239
97 44 223
98 44 209
99 44 198
100 44 190
101 44 186
102 44 187
102 45 188
103 45 193
103 46 197
103 47 206
104 47 215
104 48 227
105 48 242
105 49 258
105 50 277
106 50 297
107 51 343
107 52 367
107 53 393
108 53 420
108 54 445
108 55 471
108 56 497
109 56 522
109 57 544
109 58 565
109 59 583
109 60 599
109 61 612
109 62 621
109 63 627
109 64 628
109 64 473
109 65 626
109 65 473
109 66 620
109 67 610
109 68 597
109 69 580
109 70 560
109 71 537
109 72 512
110 72 492
111 72 471
112 72 451
113 72 431
114 72 410
115 72 390
116 72 369
117 72 348
118 72 327
119 72 306
95 43 248
95 42 242
95 41 238
95 40 238
95 39 239
94 39 246
93 39 254
92 39 262
91 39 269
90 39 276
89 39 283
88 39 289
87 39 294
86 39 298
85 39 302
84 39 304
82 39 305
81 39 304
80 39 302
79 39 299
78 39 295
77 39 290
76 39 284
75 39 277
74 39 268
73 39 260
72 39 250
71 39 241
70 39 232
69 39 223
68 39 215
67 39 209
66 39 205
65 39 204
64 39 206
63 39 212
62 39 222
61 39 237
57 4 298
58 4 267
59 4 245
60 4 231
60 5 217
60 6 206
61 6 195
61 7 184
61 8 175
61 9 169
61 10 164
61 11 162
61 12 160
61 13 160
61 14 161
61 15 162
61 16 165
61 17 168
61 18 172
61 19 177
61 20 182
61 21 187
61 22 193
61 23 199
61 24 205
61 25 212
61 26 218
61 27 224
61 28 230
61 29 235
61 30 239
61 31 243
61 32 246
61 33 247
61 34 248
61 35 247
61 36 246
61 37 243
61 38 240
56 3 337
56 2 342
56 1 350
56 0 363
55 0 389
54 0 418
53 0 450
52 0 483
51 0 516
50 0 546
49 0 574
48 0 596
47 0 613
46 0 622
45 0 624
44 0 617
43 0 601
42 0 577
41 0 545
40 0 506
39 0 460
38 0 409
37 0 354
36 0 297
35 0 240
34 0 183
33 0 129
32 0 78
31 0 33
31 0 473
30 0 15
30 0 473
29 0 15
29 0 473
29 1 15
29 1 473
28 1 15
28 1 473
27 1 15
27 1 473
26 1 15
26 1 473
25 1 15
25 1 473
24 1 15
24 1 473
23 1 15
23 1 473
22 1 15
22 1 473
21 1 15
21 1 473
21 2 15
21 2 473
21 3 15
21 3 473
21 4 15
21 4 473
20 4 15
20 4 473
19 4 23
19 4 473
19 5 37
19 5 473
18 5 52
18 6 68
17 6 79
16 6 91
16 7 102
15 7 108
14 7 116
13 7 125
12 7 134
11 7 144
10 7 154
9 7 165
8 7 176
7 7 189
6 7 203
5 7 219
4 7 236
3 7 257
150 67 244
150 66 232
150 65 221
150 64 213
150 63 208
149 63 202
148 63 196
148 62 192
148 61 192
148 60 194
148 59 199
148 58 208
148 57 220
148 56 235
148 55 254
148 54 277
