188 90 75
87 11 75
135 72 75
62 66 75
105 102 75
133 136 75
41 4 75
64 144 75
115 97 75
124 78 75
104 89 75
114 83 75
86 0 75
86 0 65
86 0 65
86 0 65
86 0 65
86 0 65
122 141 75
134 149 75
134 149 65
134 149 65
134 149 65
73 72 75
73 72 65
73 72 65
73 72 65
73 72 65
73 72 65
73 72 65
73 72 65
73 72 65
73 72 65
61 53 75
49 60 75
199 96 75
189 103 75
189 103 65
189 103 65
189 103 65
189 103 65
29 0 75
30 11 75
52 138 75
51 151 75
51 151 65
51 151 65
51 151 65
51 151 65
51 151 65
199 83 75
64 130 75
99 4 75
99 18 75
50 73 75
50 73 65
50 73 65
50 73 65
50 73 65
50 73 65
50 73 65
50 73 65
50 73 65
120 126 75
118 111 75
44 18 75
48 46 75
46 32 75
111 12 75
76 137 75
187 76 75
111 0 75
75 123 75
75 123 65
75 123 65
75 123 65
75 123 65
75 123 65
75 123 65
75 123 65
75 123 65
75 123 65
199 69 75
122 5 75
51 124 75
186 62 75
76 151 75
76 151 65
76 151 65
76 151 65
87 144 75
87 144 65
199 55 75
86 25 75
86 25 65
86 25 65
86 25 65
86 25 65
86 25 65
86 25 65
86 25 65
86 25 65
86 25 65
108 117 75
99 138 75
110 132 75
186 48 75
132 0 75
132 0 65
199 41 75
199 41 65
31 25 75
33 40 75
132 12 75
142 6 75
186 34 75
186 34 65
186 34 65
186 34 65
186 34 65
186 34 65
186 34 65
186 34 65
186 34 65
186 34 65
186 34 65
141 19 75
152 13 75
199 110 75
199 110 65
199 110 65
199 110 65
35 54 75
121 19 75
121 19 65
109 25 75
173 55 75
173 69 75
173 69 65
173 69 65
173 69 65
173 69 65
160 61 75
160 61 65
160 61 65
147 67 75
60 39 75
59 25 75
59 25 65
59 25 65
59 25 65
59 25 65
59 25 65
59 25 65
59 25 65
22 47 75
22 47 65
119 32 75
119 32 65
119 32 65
119 32 65
119 32 65
119 32 65
119 32 65
119 32 65
24 60 75
24 60 65
151 27 75
162 34 75
161 48 75
161 48 65
161 48 65
161 48 65
163 20 75
20 33 75
37 67 75
37 67 65
37 67 65
37 67 65
37 67 65
37 67 65
37 67 65
37 67 65
174 41 75
174 41 65
18 18 75
16 5 75
5 12 75
7 26 75
7 26 65
7 26 65
7 26 65
7 26 65
5 0 75
5 0 65
0 5 75
0 5 65
0 5 65
0 5 65
0 5 65
0 5 65
0 5 65
0 5 65
0 5 65
0 5 65
0 19 75
0 19 65
0 19 65
0 19 65
0 19 65
0 19 65
0 19 65
74 46 75
74 46 65
74 59 75
85 52 75
84 64 75
84 64 65
84 64 65
84 64 65
95 57 75
104 63 75
113 70 75
113 70 65
113 70 65
103 76 75
64 143 21
64 142 15
64 142 59
64 141 15
65 141 15
65 141 59
66 141 15
66 141 59
66 140 15
66 140 59
67 140 15
67 140 59
68 140 15
68 140 59
69 140 15
69 140 59
70 140 15
70 140 59
71 140 15
71 140 59
72 140 15
72 140 59
73 140 15
73 140 59
74 140 15
74 140 59
75 140 15
75 140 59
76 140 15
76 140 59
77 140 15
77 140 59
78 140 15
78 140 59
79 140 15
79 140 59
80 140 20
80 140 59
81 140 26
81 140 59
82 140 32
82 140 59
82 140 59
83 140 37
83 140 59
83 140 59
84 140 42
84 140 59
84 140 59
85 140 47
85 140 59
85 140 59
86 140 51
86 140 59
86 140 59
87 140 54
87 140 59
87 140 59
87 139 56
87 139 59
87 139 59
88 139 57
88 139 59
88 139 59
89 139 56
89 139 59
90 139 56
90 139 59
91 139 54
91 139 59
92 139 53
93 139 52
93 138 49
94 138 46
95 138 44
96 138 42
97 138 41
98 138 42
99 137 36
99 136 35
100 136 34
101 136 35
101 135 35
102 135 35
103 135 37
103 134 37
104 134 38
105 134 40
105 133 40
106 133 41
106 132 42
107 132 42
108 132 42
109 132 42
110 131 40
110 130 39
111 130 37
111 129 35
111 128 34
111 127 33
111 126 32
111 125 30
111 124 27
111 123 24
111 122 20
111 121 15
111 120 15
111 119 15
111 118 15
111 117 15
110 117 15
110 116 15
110 115 15
110 114 15
109 114 15
109 113 15
109 112 15
109 111 15
109 110 15
109 109 15
109 108 15
109 107 15
109 106 15
109 105 15
109 104 15
109 103 15
109 102 15
108 102 15
107 102 15
106 102 16
114 84 38
113 84 33
112 84 29
112 85 24
111 85 20
111 86 15
111 87 15
111 88 15
111 89 15
111 90 15
111 91 15
111 92 15
110 92 15
109 92 15
109 93 15
109 94 15
109 95 15
108 95 15
107 95 15
107 96 15
107 97 15
107 98 15
107 99 15
107 100 15
107 101 15
115 83 45
116 83 48
117 83 50
118 83 51
119 83 52
119 82 52
120 82 51
121 82 50
121 81 48
122 81 45
123 81 43
123 80 41
124 80 37
124 80 59
124 79 38
124 79 59
125 78 37
125 78 59
126 78 31
126 78 59
127 78 27
127 78 59
128 78 25
128 78 59
129 78 25
129 78 59
129 77 24
129 77 59
130 77 23
130 77 59
131 77 25
131 77 59
131 76 24
131 76 59
132 76 24
132 76 59
132 75 26
133 75 26
134 75 27
134 74 28
135 74 28
135 73 32
172 55 53
172 56 63
171 56 74
171 57 85
170 57 96
170 58 106
169 58 116
169 59 126
168 59 135
167 59 143
167 60 150
166 60 157
165 60 162
165 61 166
164 61 169
163 61 171
162 61 172
161 61 173
160 62 165
160 62 59
160 63 160
160 63 59
159 63 154
159 63 59
159 63 59
158 63 148
158 63 59
158 63 59
157 63 142
157 63 59
157 63 59
157 64 134
157 64 59
157 64 59
156 64 125
156 64 59
156 64 59
155 64 117
155 64 59
155 65 109
155 65 59
154 65 100
154 65 59
153 65 91
152 65 84
152 66 75
151 66 68
150 66 61
150 67 56
149 67 49
148 67 45
147 68 37
146 68 35
146 69 34
145 69 31
144 69 31
144 70 31
143 70 30
142 70 30
142 71 31
141 71 30
140 71 31
140 72 32
139 72 31
138 72 31
137 72 34
136 72 37
163 21 17
163 22 15
163 23 15
163 24 15
163 25 15
163 26 15
163 26 59
163 27 15
163 27 59
164 27 15
164 27 59
165 27 15
165 27 59
165 28 15
165 28 59
165 29 15
165 29 59
165 30 15
165 30 59
165 31 15
165 31 59
165 32 15
165 32 59
165 33 23
165 33 59
165 34 33
165 34 59
166 34 42
166 34 59
166 35 48
166 36 56
167 36 61
167 37 65
167 38 69
167 38 59
168 38 71
168 39 71
168 39 59
168 40 71
168 40 59
169 40 70
169 40 59
169 41 67
169 41 59
169 42 64
169 42 59
170 42 60
170 42 59
170 43 55
170 43 59
170 44 51
170 44 59
171 44 44
171 44 59
171 45 38
171 45 59
172 45 33
172 45 59
172 46 26
172 46 59
172 47 22
172 47 59
173 47 16
173 47 59
173 48 15
173 48 59
173 49 15
173 49 59
173 50 15
173 50 59
173 51 15
173 51 59
173 52 18
173 53 24
173 54 33
162 20 15
161 20 15
160 20 15
160 19 15
159 19 15
159 18 15
158 18 15
157 18 15
156 18 15
156 17 15
155 17 15
155 16 15
154 16 15
153 16 15
152 16 15
151 16 15
150 16 15
150 15 15
150 14 15
149 14 15
149 13 15
148 13 15
147 13 15
146 13 15
145 13 15
144 13 15
143 13 15
143 12 15
143 11 15
143 10 15
142 10 15
141 10 15
141 9 15
140 9 15
139 9 15
139 9 59
139 8 15
139 8 59
139 7 15
139 7 59
138 7 15
138 7 59
137 7 15
137 7 59
136 7 15
136 7 59
135 7 15
135 7 59
134 7 15
134 7 59
133 7 15
133 7 59
133 6 18
133 6 59
132 6 22
132 6 59
131 6 27
131 6 59
130 6 31
130 5 34
129 5 37
128 5 40
127 5 42
126 5 43
125 5 44
124 5 44
123 5 44
121 5 41
120 5 40
119 5 39
118 5 37
117 5 36
116 5 36
115 5 36
114 5 36
113 5 37
112 5 38
111 5 39
110 5 40
109 5 41
108 5 42
107 5 43
107 6 42
106 6 41
105 6 39
104 6 36
103 6 32
103 7 27
102 7 21
101 7 15
101 8 15
100 8 15
99 8 15
98 8 15
97 8 15
96 8 15
96 9 15
96 10 15
96 11 15
95 11 15
94 11 15
93 11 15
92 11 15
91 11 15
91 11 59
90 11 15
90 11 59
89 11 15
89 11 59
88 11 17
88 11 59
174 54 24
175 54 17
176 54 15
177 54 15
178 54 15
179 54 15
180 54 15
181 54 15
181 55 15
182 55 15
183 55 15
184 55 15
184 56 15
185 56 15
186 56 15
187 56 15
187 57 15
188 57 15
189 57 15
190 57 15
190 58 15
190 59 15
190 60 15
190 61 15
190 62 15
190 63 15
190 64 15
190 65 15
190 66 15
190 67 15
190 68 15
190 69 15
190 70 15
190 71 15
190 72 15
189 72 15
189 73 15
189 74 15
189 75 15
189 76 15
189 77 15
189 78 15
189 79 15
189 80 15
189 81 15
189 82 15
189 83 15
189 84 15
189 85 15
189 86 15
189 87 15
189 88 15
189 88 59
189 89 15
189 89 59
189 90 15
189 90 59
113 83 39
112 83 35
111 83 31
110 83 28
109 83 26
108 83 25
107 83 27
107 82 31
107 81 34
106 81 37
106 80 38
106 79 40
106 78 40
106 77 40
105 77 39
105 76 37
104 76 38
103 75 35
103 74 28
103 74 59
103 73 20
103 73 59
103 72 15
103 72 59
103 71 15
103 71 59
102 71 15
102 71 59
101 71 15
101 71 59
101 70 15
101 70 59
101 69 15
101 69 59
101 68 15
101 68 59
101 67 15
101 67 59
101 66 15
101 66 59
100 66 15
100 66 59
99 66 15
99 66 59
98 66 15
98 66 59
98 65 15
98 65 59
97 65 15
97 65 59
96 65 15
96 65 59
96 65 59
96 64 15
96 64 59
95 64 15
95 64 59
95 64 59
95 63 15
95 63 59
95 62 15
95 62 59
95 61 15
95 61 59
95 60 15
95 60 59
95 59 15
95 59 59
94 59 15
94 59 59
93 59 15
93 59 59
92 59 15
92 59 59
91 59 16
91 59 59
91 58 17
91 58 59
90 58 17
90 58 59
89 58 18
89 58 59
89 57 18
89 57 59
88 57 15
88 57 59
88 57 59
87 57 15
87 57 59
87 57 59
86 57 15
86 57 59
86 57 59
85 57 15
85 57 59
85 57 59
84 57 15
84 57 59
84 57 59
83 57 15
83 57 59
83 57 59
82 57 15
82 57 59
82 57 59
81 57 15
81 57 59
81 57 59
80 57 15
80 57 59
80 57 59
79 57 15
79 57 59
79 57 59
78 57 15
78 57 59
78 57 59
77 57 15
77 57 59
77 57 59
76 57 15
76 57 59
76 57 59
75 57 15
75 57 59
74 57 15
74 57 59
73 57 15
73 57 59
72 57 15
72 57 59
71 57 15
71 57 59
70 57 15
70 57 59
69 57 15
69 57 59
68 57 15
67 57 15
66 57 15
66 58 15
65 58 15
64 58 15
63 58 15
63 59 15
63 60 15
62 60 15
62 61 15
62 62 15
62 63 15
62 63 59
62 64 15
62 64 59
62 65 15
62 65 59
61 65 15
61 65 59
61 64 15
61 64 59
60 64 15
60 64 59
59 64 15
59 64 59
58 64 15
58 64 59
58 63 15
58 63 59
57 63 15
57 63 59
56 63 15
56 63 59
55 63 15
55 63 59
54 63 15
54 63 59
54 62 15
54 62 59
53 62 15
53 62 59
53 61 15
53 61 59
53 60 15
53 60 59
53 59 15
53 59 59
53 58 15
53 58 59
53 57 15
53 57 59
53 56 15
53 56 59
53 55 15
53 55 59
53 54 24
53 53 32
53 52 39
53 51 43
53 50 45
53 49 45
53 48 42
53 47 37
53 46 30
53 45 23
53 44 15
53 43 15
53 42 15
52 42 15
51 42 15
51 41 15
51 40 15
50 40 15
50 39 15
49 39 15
49 38 15
49 37 15
49 36 15
48 36 15
48 35 20
47 35 24
47 34 29
46 34 33
46 33 37
45 32 43
44 32 45
44 31 47
43 31 48
43 30 48
43 29 48
42 29 46
42 28 44
42 27 41
42 26 38
41 26 33
41 25 28
41 24 21
41 23 15
41 22 15
41 21 15
41 20 15
41 19 15
41 18 15
41 17 15
41 16 15
41 16 59
41 15 15
41 15 59
41 14 15
41 14 59
41 13 15
41 13 59
41 12 15
41 12 59
41 11 15
41 11 59
41 10 15
41 10 59
41 9 15
41 9 59
41 8 15
41 8 59
41 7 15
41 7 59
41 6 15
41 6 59
41 5 20
41 5 59
111 132 42
112 132 41
113 132 40
114 132 37
115 132 34
116 132 30
117 132 26
118 132 21
119 132 16
120 132 15
120 133 15
121 133 15
121 134 15
121 135 15
121 136 15
122 136 15
123 136 15
124 136 15
125 136 15
126 136 15
127 136 15
128 136 15
129 136 15
130 136 15
131 136 15
132 136 17
