123 147 75
25 69 75
10 33 75
60 199 75
159 85 75
25 177 75
25 177 65
25 177 65
73 150 75
52 10 75
53 166 75
12 199 75
12 199 65
123 9 75
143 176 75
64 158 75
24 192 75
49 193 75
51 179 75
126 159 75
140 164 75
24 58 75
24 58 65
24 58 65
24 58 65
24 58 65
24 58 65
24 58 65
26 80 75
38 185 75
0 28 75
0 40 75
13 75 75
51 23 75
148 78 75
160 71 75
160 71 65
160 71 65
160 71 65
160 71 65
160 71 65
160 71 65
160 71 65
64 16 75
64 16 65
64 16 65
64 16 65
64 16 65
12 65 75
12 65 65
12 65 65
12 65 65
146 92 75
10 45 75
10 45 65
10 45 65
10 45 65
10 45 65
10 45 65
38 19 75
11 21 75
24 26 75
135 86 75
13 87 75
13 87 65
137 72 75
125 79 75
26 93 75
26 93 65
26 93 65
26 93 65
26 93 65
127 66 75
14 100 75
14 100 65
14 100 65
14 100 65
14 100 65
14 100 65
14 100 65
14 100 65
14 100 65
14 100 65
14 100 65
38 73 75
38 73 65
38 73 65
38 73 65
38 73 65
38 73 65
115 72 75
1 82 75
1 82 65
1 82 65
1 82 65
1 82 65
1 82 65
1 82 65
1 82 65
1 82 65
1 82 65
1 82 65
1 82 65
24 13 75
117 59 75
117 59 65
117 59 65
117 59 65
117 59 65
117 59 65
117 59 65
117 59 65
117 59 65
38 86 75
50 92 75
50 92 65
50 92 65
39 99 75
39 99 65
159 99 75
171 92 75
171 105 75
39 171 75
38 5 75
50 79 75
50 79 65
50 79 65
137 153 75
0 51 75
0 61 75
0 61 65
0 61 65
184 98 75
184 98 65
184 98 65
184 98 65
184 98 65
184 98 65
184 98 65
184 98 65
184 98 65
184 98 65
184 98 65
184 98 65
113 85 75
103 78 75
103 78 65
103 78 65
123 93 75
134 100 75
62 186 75
62 186 65
62 186 65
62 186 65
62 186 65
62 186 65
12 184 75
12 184 65
12 184 65
12 184 65
139 59 75
149 65 75
149 65 65
129 171 75
135 141 75
64 143 75
53 150 75
146 106 75
146 106 65
146 106 65
159 113 75
159 113 65
146 120 75
146 120 65
146 120 65
146 120 65
146 120 65
146 120 65
146 120 65
146 120 65
146 120 65
146 120 65
172 119 75
172 119 65
131 183 75
160 126 75
160 126 65
160 126 65
160 126 65
160 126 65
160 126 65
160 126 65
160 126 65
160 126 65
160 126 65
160 126 65
129 53 75
131 41 75
123 22 75
133 28 75
37 31 75
37 31 65
37 31 65
37 31 65
37 31 65
37 31 65
37 31 65
37 31 65
37 31 65
37 31 65
64 28 75
64 28 65
11 55 75
11 55 65
11 55 65
11 55 65
11 55 65
63 40 75
62 51 75
61 62 75
61 73 75
61 73 65
73 57 75
72 68 75
72 68 65
75 45 75
76 34 75
76 34 65
76 34 65
76 34 65
84 63 75
84 63 65
84 63 65
84 63 65
84 63 65
84 63 65
84 63 65
84 63 65
84 63 65
84 63 65
84 63 65
61 86 75
61 86 65
61 86 65
61 86 65
61 86 65
61 86 65
61 86 65
61 86 65
61 86 65
49 67 75
50 56 75
50 56 65
37 62 75
37 62 65
37 62 65
37 62 65
37 62 65
37 62 65
37 62 65
50 46 75
50 35 75
50 35 65
50 35 65
50 35 65
134 15 75
71 81 75
71 81 65
71 81 65
71 81 65
71 81 65
71 81 65
71 81 65
71 81 65
71 81 65
87 40 75
87 40 65
87 40 65
87 40 65
87 40 65
87 40 65
87 40 65
87 40 65
87 40 65
87 40 65
87 40 65
87 40 65
87 40 65
77 22 75
77 22 65
77 22 65
77 22 65
77 22 65
77 22 65
77 22 65
77 22 65
77 22 65
77 22 65
77 22 65
77 22 65
37 62 65
37 62 65
37 62 65
37 62 65
37 62 65
37 62 65
37 62 65
37 62 65
37 62 65
37 62 65
37 62 65
37 62 65
37 62 65
37 62 65
37 62 65
37 62 65
37 62 65
37 62 65
37 62 65
37 62 65
37 62 65
37 62 65
50 106 75
61 99 75
61 99 65
61 99 65
61 99 65
61 99 65
61 99 65
61 99 65
51 121 75
52 135 75
12 198 82
12 197 61
12 197 59
13 197 42
13 197 59
13 196 25
13 196 59
14 196 15
14 196 59
15 196 15
15 196 59
16 196 15
16 196 59
17 196 15
17 196 59
18 196 15
18 196 59
18 195 15
18 195 59
18 194 15
18 194 59
18 193 15
18 193 59
18 192 15
18 192 59
19 192 15
19 192 59
20 192 15
20 192 59
21 192 15
21 192 59
22 192 15
22 192 59
23 192 21
23 192 59
50 179 15
50 179 59
49 179 15
49 179 59
48 179 15
48 179 59
47 179 15
47 179 59
47 180 15
47 180 59
46 180 15
46 181 15
46 182 15
45 182 15
44 182 15
43 182 15
42 182 15
41 182 15
40 182 15
39 182 15
38 182 15
37 182 15
36 182 15
35 182 16
34 182 22
33 182 27
32 182 31
31 182 34
31 183 37
30 183 37
29 183 37
29 183 59
28 183 37
28 183 59
28 184 34
28 184 59
27 184 31
27 184 59
26 184 29
26 184 59
26 185 24
26 185 59
25 185 19
25 185 59
25 186 15
25 186 59
24 186 15
24 186 59
24 187 15
24 187 59
24 188 15
24 188 59
24 189 15
24 189 59
24 190 16
24 190 59
24 191 28
24 191 59
50 178 15
50 178 59
50 177 15
50 177 59
50 176 15
50 176 59
50 175 15
50 175 59
50 174 15
50 174 59
50 173 15
50 173 59
50 172 15
50 172 59
50 171 15
50 171 59
50 170 15
50 169 15
50 168 15
50 167 15
50 166 15
51 166 19
52 166 29
54 150 20
55 150 15
55 151 15
55 152 15
55 153 15
55 154 15
55 155 15
55 156 15
55 157 15
55 158 15
55 159 17
54 159 22
54 160 25
53 160 29
53 161 30
53 162 31
53 163 33
53 164 36
53 165 39
51 122 36
51 123 31
51 124 26
51 125 22
51 126 20
52 126 18
52 127 17
52 128 17
52 129 18
52 130 20
52 131 23
52 132 27
52 133 32
52 134 37
53 135 37
54 135 37
54 136 39
54 137 40
54 138 41
55 138 39
55 139 37
55 140 35
55 141 32
55 142 29
55 143 25
55 144 21
55 145 17
55 146 15
55 147 15
55 148 15
55 149 15
51 120 50
51 119 57
51 118 65
51 117 71
51 116 77
51 115 81
51 114 84
51 113 86
51 112 85
51 111 83
51 110 78
51 109 72
51 108 65
51 107 57
51 106 49
50 105 34
50 104 25
50 103 19
50 103 59
49 103 15
49 103 59
49 102 15
49 102 59
49 101 15
49 101 59
49 100 15
49 100 59
48 100 15
48 100 59
48 99 15
48 99 59
48 98 15
48 98 59
47 98 15
47 98 59
47 97 15
47 97 59
46 97 15
46 97 59
45 97 15
45 97 59
45 96 15
45 96 59
44 96 15
44 96 59
43 96 15
43 96 59
43 95 15
43 95 59
42 95 17
42 95 59
42 94 19
42 94 59
42 93 24
42 93 59
41 93 27
41 93 59
41 92 30
41 92 59
40 92 35
40 92 59
40 91 37
40 91 59
40 90 39
40 90 59
40 89 41
40 89 59
40 88 42
40 88 59
40 87 42
40 87 59
40 86 40
40 86 59
39 86 39
39 86 59
49 68 23
49 68 59
49 69 15
49 69 59
49 70 15
49 70 59
49 71 15
49 71 59
49 72 15
49 72 59
49 72 59
49 73 15
49 73 59
49 73 59
49 74 15
49 74 59
49 74 59
48 74 22
48 74 59
48 74 59
48 75 34
48 75 59
48 75 59
47 75 41
47 75 59
47 75 59
47 76 50
47 76 59
47 76 59
46 76 53
46 76 59
46 76 59
46 76 59
46 77 59
46 77 59
46 77 59
46 77 59
45 77 58
45 77 59
45 77 59
45 77 59
44 77 59
44 77 59
44 77 59
44 77 59
44 78 56
44 78 59
44 78 59
44 78 59
43 78 53
43 78 59
43 78 59
43 78 59
43 78 59
43 79 49
43 79 59
43 79 59
43 79 59
42 79 44
42 79 59
42 79 59
42 79 59
42 80 40
42 80 59
42 80 59
42 80 59
41 80 35
41 80 59
41 80 59
41 80 59
41 81 32
41 81 59
41 81 59
40 81 28
40 81 59
40 81 59
40 81 59
39 81 27
39 81 59
39 81 59
39 81 59
39 82 26
39 82 59
39 82 59
39 83 28
39 83 59
39 83 59
38 83 30
38 83 59
38 83 59
38 84 34
38 84 59
38 85 39
38 85 59
50 67 15
50 67 59
51 67 15
51 67 59
51 66 15
51 66 59
51 65 15
51 65 59
52 65 15
52 65 59
53 65 15
53 65 59
54 65 15
54 65 59
55 65 15
55 64 15
55 63 15
55 62 15
55 61 15
55 60 15
55 59 15
55 58 15
55 57 15
55 56 15
55 55 15
56 55 15
57 55 15
57 54 15
57 53 15
57 52 15
57 51 15
57 50 15
57 49 15
57 48 15
57 47 15
57 46 15
57 45 15
57 44 15
57 43 15
57 42 15
57 41 15
57 40 15
57 39 15
57 38 16
57 37 34
57 36 50
57 35 64
57 34 74
57 33 81
57 32 84
57 31 84
57 30 81
57 29 75
57 29 59
57 28 67
57 28 59
57 27 58
57 27 59
57 26 47
57 26 59
57 25 35
57 25 59
57 24 24
57 24 59
57 24 59
57 23 15
57 23 59
57 23 59
57 22 15
57 22 59
57 22 59
56 22 15
56 22 59
56 22 59
56 21 15
56 21 59
56 21 59
56 20 15
56 20 59
56 20 59
56 19 15
56 19 59
56 19 59
56 18 15
56 18 59
56 18 59
55 18 15
55 18 59
55 18 59
54 18 15
54 18 59
54 17 15
54 17 59
53 17 15
53 17 59
53 16 15
53 16 59
53 15 15
53 15 59
53 14 15
53 14 59
53 13 15
53 13 59
52 13 15
52 13 59
52 12 15
52 12 59
52 11 15
52 11 59
51 12 15
51 12 59
51 13 15
51 13 59
50 13 15
50 13 59
50 14 15
50 14 59
50 15 15
50 15 59
49 15 15
49 15 59
49 16 15
49 16 59
48 16 15
48 16 59
48 17 15
48 17 59
48 18 15
48 18 59
47 18 15
47 18 59
46 18 15
46 18 59
45 18 15
45 18 59
44 18 15
44 18 59
43 18 15
43 18 59
42 18 15
42 18 59
41 18 15
41 18 59
40 18 15
40 18 59
39 18 15
39 18 59
38 18 15
38 18 59
37 18 15
37 18 59
36 18 15
36 18 59
35 18 15
35 18 59
34 18 15
34 18 59
33 18 15
33 18 59
32 18 15
31 18 15
30 18 15
29 18 15
28 18 15
28 19 15
28 19 59
28 20 15
28 20 59
28 21 15
28 21 59
27 21 15
27 21 59
27 22 15
27 22 59
26 22 15
26 22 59
26 23 15
26 23 59
25 23 15
25 23 59
24 23 15
24 23 59
24 24 15
24 24 59
24 25 15
24 25 59
23 26 15
23 26 59
22 26 15
22 26 59
21 26 15
21 26 59
21 27 15
21 27 59
20 27 15
20 27 59
20 28 15
20 28 59
19 28 15
19 28 59
18 28 15
18 28 59
18 29 15
18 29 59
17 29 15
17 29 59
16 29 15
16 29 59
15 29 15
15 29 59
15 30 15
15 30 59
14 30 15
14 30 59
13 30 15
13 30 59
12 30 15
12 30 59
11 30 15
11 30 59
10 30 15
10 31 15
10 31 59
10 32 15
10 32 59
38 82 28
38 82 59
38 82 59
38 81 30
38 81 59
38 81 59
37 81 36
37 81 59
37 81 59
37 80 43
37 80 59
37 80 59
37 80 59
36 80 51
36 80 59
36 80 59
35 80 59
35 80 59
35 80 59
34 80 66
34 80 59
33 80 72
33 80 59
32 80 76
32 80 59
31 80 78
30 80 76
29 80 71
28 80 63
27 80 52
26 79 15
26 79 59
25 79 15
25 79 59
25 78 15
25 78 59
25 77 15
25 77 59
25 76 15
25 76 59
25 75 15
25 75 59
25 74 15
25 74 59
25 73 15
25 73 59
25 72 15
25 72 59
25 71 15
25 71 59
25 70 15
25 70 59
56 150 15
57 150 15
58 150 15
59 150 15
60 150 15
61 150 15
62 150 15
63 150 15
64 150 15
65 150 15
66 150 15
67 150 15
68 150 15
69 150 15
70 150 15
70 150 59
71 150 15
71 150 59
72 150 17
72 150 59
49 180 15
49 180 59
49 181 15
49 181 59
49 182 15
49 182 59
49 183 15
49 183 59
49 184 15
49 184 59
49 185 15
49 186 15
49 187 18
49 188 20
49 189 23
50 189 22
50 190 22
51 190 21
51 191 18
51 192 16
52 192 15
52 193 15
52 194 15
53 194 15
53 195 15
53 196 15
53 197 15
54 197 15
54 198 15
55 198 15
56 198 15
56 199 15
57 199 15
58 199 15
59 199 22
25 184 27
25 184 59
25 183 38
25 183 59
25 182 52
25 182 59
25 181 70
25 181 59
25 180 91
25 180 59
25 179 115
25 179 59
25 178 143
25 178 59
123 10 15
123 11 15
123 12 15
123 13 15
123 14 15
124 14 15
125 14 15
126 14 15
127 14 15
128 14 15
128 15 15
129 15 15
129 16 15
129 17 15
129 18 15
129 19 15
130 19 15
130 20 15
131 20 15
131 21 15
131 22 15
131 23 15
131 24 15
131 25 15
131 26 15
131 27 15
131 28 15
131 29 18
131 30 27
131 31 34
131 32 40
131 33 45
131 34 48
131 35 50
131 36 51
131 37 51
131 38 50
131 39 48
131 40 45
131 42 40
131 43 37
131 44 34
131 45 31
131 46 28
131 47 26
131 48 23
131 49 21
131 50 19
131 50 59
131 51 17
131 51 59
132 51 15
132 51 59
132 52 15
132 52 59
132 53 15
132 53 59
132 54 15
132 54 59
132 55 15
132 55 59
132 56 15
132 56 59
132 57 15
132 57 59
132 58 15
132 58 59
133 58 15
133 58 59
134 58 15
134 58 59
135 58 15
135 58 59
135 59 15
136 59 15
136 60 15
137 60 15
137 61 15
137 62 15
138 62 15
138 63 15
138 64 15
138 65 15
139 65 15
139 66 15
140 66 15
141 66 15
142 66 15
142 67 15
143 67 15
144 67 15
144 68 15
144 69 15
144 70 15
144 71 15
144 72 15
145 72 15
146 72 15
146 73 16
146 74 21
147 74 25
147 75 29
147 76 33
147 77 37
148 77 40
148 79 45
148 80 46
148 81 48
149 81 48
149 82 48
149 83 48
149 84 48
150 84 47
150 85 47
151 85 46
152 85 45
153 85 44
154 85 43
155 85 43
156 85 42
157 85 42
158 85 42
142 176 15
141 176 15
141 175 15
141 174 15
140 174 15
139 174 15
139 173 15
138 173 15
138 172 15
138 171 15
138 170 15
138 169 15
137 169 15
136 169 15
135 169 15
134 169 15
133 169 15
133 168 15
133 167 15
133 166 15
132 166 15
131 166 15
131 165 15
131 164 15
130 164 15
130 163 15
130 162 15
130 161 15
129 161 15
129 160 15
129 159 15
129 158 15
129 157 15
128 157 15
127 157 15
126 157 15
126 156 15
126 155 15
125 155 15
125 154 15
125 153 15
125 152 15
125 151 15
125 150 15
125 149 15
124 149 15
124 148 15
124 147 15
