47 197 140
14 54 140
158 181 140
198 106 140
94 138 140
119 70 140
192 7 140
59 199 140
59 199 130
59 199 130
59 199 130
59 199 130
35 199 140
35 190 140
14 41 140
158 194 140
147 188 140
2 47 140
147 199 140
147 199 130
147 199 130
147 199 130
47 183 140
199 0 140
147 174 140
2 34 140
199 14 140
135 181 140
13 27 140
13 27 130
170 188 140
171 199 140
35 176 140
35 176 130
35 176 130
35 176 130
35 176 130
35 176 130
24 196 140
2 61 140
12 199 140
12 199 130
12 199 130
12 199 130
12 199 130
14 67 140
59 190 140
59 190 130
59 190 130
59 190 130
59 190 130
105 145 140
105 145 130
105 145 130
105 145 130
2 74 140
2 74 130
105 131 140
94 124 140
136 167 140
24 183 140
12 189 140
12 189 130
12 189 130
12 189 130
12 175 140
125 174 140
125 174 130
125 174 130
125 174 130
125 174 130
12 161 140
0 168 140
0 168 130
0 168 130
0 168 130
14 80 140
83 131 140
83 131 130
83 131 130
83 131 130
83 131 130
183 194 140
183 194 130
119 83 140
130 77 140
1 21 140
147 160 140
137 153 140
25 74 140
25 74 130
25 74 130
0 154 140
12 147 140
0 140 140
149 146 140
197 119 140
186 113 140
186 113 130
186 113 130
25 87 140
13 93 140
25 100 140
25 100 130
25 100 130
25 100 130
138 139 140
2 87 140
12 133 140
0 127 140
0 127 130
0 127 130
0 127 130
0 127 130
192 20 140
150 132 140
150 132 130
150 132 130
150 132 130
150 132 130
199 27 140
191 33 140
191 33 130
191 33 130
191 33 130
1 100 140
1 100 130
1 100 130
24 140 140
24 127 140
36 133 140
36 133 130
36 133 130
36 133 130
36 133 130
128 132 140
128 132 130
128 132 130
126 146 140
126 146 130
116 138 140
116 138 130
116 138 130
116 138 130
159 154 140
159 167 140
159 167 130
159 167 130
106 117 140
13 14 140
1 7 140
1 7 130
13 0 140
13 0 130
13 0 130
13 0 130
13 0 130
13 0 130
12 120 140
12 120 130
13 107 140
13 107 130
13 107 130
13 107 130
24 154 140
24 169 140
161 140 140
172 147 140
131 64 140
173 133 140
185 126 140
37 80 140
37 80 130
37 80 130
37 80 130
37 80 130
37 80 130
37 80 130
26 47 140
26 60 140
37 54 140
36 147 140
36 147 130
36 147 130
36 147 130
36 147 130
36 147 130
36 147 130
59 175 140
70 168 140
59 161 140
71 153 140
82 160 140
82 160 130
82 160 130
82 160 130
82 160 130
37 40 140
25 34 140
25 34 130
82 146 140
37 27 140
25 21 140
36 14 140
24 7 140
24 7 130
24 7 130
24 7 130
48 20 140
48 33 140
49 47 140
49 47 130
49 47 130
60 26 140
60 40 140
71 33 140
72 46 140
72 46 130
72 46 130
72 46 130
48 7 140
48 7 130
48 7 130
48 7 130
48 7 130
48 7 130
71 20 140
83 26 140
83 13 140
83 13 130
83 13 130
83 13 130
83 39 140
95 32 140
95 45 140
107 38 140
107 38 130
107 51 140
119 57 140
94 139 79
93 139 81
93 140 83
92 140 84
92 141 86
91 141 85
91 142 87
90 142 84
90 142 118
89 142 85
89 142 118
89 143 84
89 143 118
88 143 82
88 143 118
87 143 83
87 143 118
87 143 118
87 144 81
87 144 118
87 144 118
86 144 80
86 144 118
86 144 118
85 144 81
85 144 118
85 144 118
85 145 79
85 145 118
85 145 118
84 145 78
84 145 118
84 145 118
84 146 81
84 146 118
84 146 118
83 146 79
83 146 118
82 147 83
82 147 118
81 147 82
80 147 84
80 148 87
79 148 87
78 148 91
78 149 91
77 149 93
77 150 95
76 150 94
76 151 97
75 151 93
74 151 93
74 152 88
73 152 86
73 153 79
72 153 74
71 154 58
71 155 44
71 156 33
70 156 20
70 157 15
69 157 15
68 157 15
68 158 15
67 158 15
66 158 15
65 158 15
64 158 15
64 159 15
64 160 15
64 161 15
63 161 15
63 162 15
63 163 15
63 164 15
62 164 15
62 165 15
62 166 15
61 166 15
60 166 15
59 166 15
58 166 15
58 167 15
58 168 15
58 169 15
58 170 15
58 171 15
58 172 15
58 173 20
57 173 35
57 174 49
56 174 64
56 175 74
56 176 87
55 176 93
55 177 99
54 177 105
54 177 118
54 178 105
54 178 118
54 179 108
54 179 118
53 179 104
53 179 118
53 180 101
53 180 118
52 180 97
52 180 118
52 181 88
52 182 81
51 182 70
51 183 59
51 184 50
50 184 35
50 185 23
49 185 15
49 185 118
49 186 15
49 186 118
49 187 15
48 187 15
48 188 15
47 188 15
47 189 15
47 190 15
47 191 15
47 192 15
47 193 15
47 194 15
47 195 15
47 196 42
94 137 71
95 137 64
95 136 57
96 136 50
96 135 40
96 134 30
96 133 20
96 132 15
97 132 15
98 132 15
98 131 15
99 131 15
100 131 15
101 131 15
102 131 15
103 131 15
104 131 41
105 132 106
106 132 146
107 132 188
108 132 232
109 132 276
110 132 320
111 132 361
112 132 399
113 132 433
114 132 462
115 132 485
116 132 502
117 132 513
118 132 517
118 132 118
118 132 118
119 132 515
119 132 118
119 132 118
119 132 118
120 132 508
120 132 118
120 132 118
120 132 118
120 132 118
121 132 495
121 132 118
121 132 118
121 132 118
121 132 118
122 132 478
122 132 118
122 132 118
122 132 118
123 132 457
123 132 118
123 132 118
123 132 118
124 132 434
124 132 118
124 132 118
125 132 409
125 132 118
126 132 384
126 132 118
127 132 360
127 132 118
128 133 302
128 133 118
128 133 118
128 134 270
128 134 118
128 134 118
128 134 118
128 135 241
128 135 118
128 135 118
128 135 118
128 135 118
128 135 118
128 136 215
128 136 118
128 136 118
128 136 118
128 136 118
128 136 118
128 136 118
128 136 118
129 136 187
129 136 118
129 136 118
129 136 118
129 136 118
129 136 118
129 137 163
129 137 118
129 137 118
129 137 118
129 137 118
129 137 118
129 137 118
129 137 118
130 137 138
130 137 118
130 137 118
130 137 118
130 137 118
130 138 117
130 138 118
130 138 118
130 138 118
130 138 118
130 138 118
131 138 97
131 138 118
131 138 118
131 138 118
131 139 79
131 139 118
131 139 118
131 139 118
131 139 118
132 139 63
132 139 118
132 139 118
132 140 49
132 140 118
132 140 118
133 140 39
133 140 118
133 141 29
133 141 118
133 142 23
133 142 118
134 142 16
134 142 118
134 143 15
134 143 118
135 143 15
135 143 118
135 144 15
136 144 15
136 145 15
137 145 17
137 146 20
138 146 24
138 147 28
139 147 31
139 148 35
140 148 38
140 149 40
141 149 42
141 150 44
141 151 46
141 152 48
141 153 50
141 154 52
141 155 54
141 156 55
141 157 56
141 158 56
141 159 56
141 160 55
141 161 53
141 162 51
141 163 48
141 164 45
141 165 40
141 166 36
141 167 30
141 168 24
141 169 18
141 170 15
141 171 15
141 172 15
141 173 15
142 173 15
142 174 15
142 175 15
142 176 15
142 177 15
143 177 15
144 177 15
145 177 15
145 178 15
146 178 15
146 179 15
146 180 15
147 180 15
147 181 15
147 182 15
148 182 15
149 182 15
150 182 15
150 183 15
151 183 15
152 183 15
153 183 15
154 183 15
155 183 15
156 183 15
157 183 15
158 183 22
158 182 49
120 70 42
121 70 15
122 70 15
122 69 15
122 68 15
122 67 15
122 66 15
122 65 15
122 64 16
122 63 21
122 62 27
122 61 34
121 61 43
121 60 49
121 59 56
120 59 61
120 58 67
119 58 71
118 57 78
118 56 82
117 56 82
117 55 84
116 55 83
115 55 84
115 54 82
114 54 81
114 53 79
113 53 77
113 52 74
112 52 71
112 51 69
111 51 64
110 51 63
109 51 65
108 51 69
107 50 61
107 50 118
107 49 49
107 49 118
107 48 41
107 48 118
107 47 39
107 47 118
106 47 35
106 47 118
106 46 33
106 46 118
105 46 28
105 46 118
104 46 26
104 45 22
103 45 19
103 44 15
102 44 15
102 43 15
101 43 15
101 42 15
101 41 15
100 41 15
100 40 15
99 40 15
99 39 15
99 38 15
98 38 15
98 37 15
97 37 15
97 36 15
96 36 15
95 36 15
94 36 15
93 36 15
92 36 15
91 36 15
90 36 15
89 36 15
88 36 15
87 36 15
87 35 15
87 34 15
86 34 15
85 34 15
84 34 15
83 34 15
83 33 15
82 33 15
81 33 24
80 33 33
79 33 43
78 33 51
77 33 59
76 33 65
75 33 70
74 33 74
73 33 75
72 33 75
70 33 69
69 33 64
68 33 58
67 33 51
66 33 44
65 33 36
64 33 29
63 33 23
62 33 17
61 33 15
60 33 15
59 33 15
58 33 15
58 34 15
58 35 15
57 35 15
56 35 16
56 36 21
55 36 28
54 36 35
53 36 44
52 36 53
51 36 62
51 37 71
50 37 80
49 37 87
49 37 118
48 37 94
48 37 118
48 37 118
47 37 100
47 37 118
47 37 118
47 37 118
46 37 104
46 37 118
46 37 118
46 37 118
46 37 118
45 37 107
45 37 118
45 37 118
45 37 118
45 37 118
44 37 109
44 37 118
44 37 118
44 37 118
44 37 118
43 37 111
43 37 118
43 37 118
43 37 118
43 37 118
43 38 110
43 38 118
43 38 118
43 38 118
43 38 118
43 38 118
42 38 109
42 38 118
42 38 118
42 38 118
42 38 118
41 38 107
41 38 118
41 38 118
41 39 103
41 39 118
41 39 118
41 39 118
40 39 99
40 39 118
40 39 118
40 40 93
40 40 118
40 40 118
39 40 87
39 40 118
38 40 82
38 40 118
37 41 68
37 41 118
37 42 57
37 42 118
37 43 47
37 43 118
37 44 38
37 44 118
36 44 30
36 45 21
36 46 15
36 47 15
36 48 15
36 49 15
36 50 15
35 50 15
35 51 15
34 51 15
33 51 15
33 52 15
33 53 15
33 54 15
32 54 15
31 54 15
30 54 15
29 54 15
28 54 15
27 54 17
26 54 31
25 54 45
24 54 58
23 54 70
22 54 81
21 54 89
20 54 95
19 54 97
18 54 97
17 54 94
16 54 89
15 54 81
