185 163 533
13 5 533
9 56 533
89 64 533
87 29 533
101 164 533
119 21 533
59 120 533
59 120 523
9 96 533
98 97 533
149 92 533
9 158 533
108 28 533
100 21 533
91 75 533
94 86 533
9 69 533
8 83 533
96 36 533
92 156 533
12 18 533
12 18 523
185 150 533
173 157 533
89 171 533
0 62 533
0 89 533
111 14 533
0 76 533
79 163 533
173 144 533
26 11 533
26 11 523
73 112 533
86 105 533
0 11 533
92 51 533
82 148 533
82 148 523
185 137 533
185 137 523
161 151 533
161 138 533
161 138 523
77 177 533
0 24 533
0 24 523
66 169 533
0 102 533
65 183 533
197 156 533
197 170 533
0 37 533
0 49 533
54 175 533
54 188 533
43 180 533
161 165 533
149 159 533
43 194 533
149 173 533
149 173 523
173 170 533
185 177 533
32 186 533
10 43 533
33 199 533
33 199 523
21 178 533
20 165 533
173 184 533
186 190 533
198 183 533
9 109 533
198 197 533
198 197 523
174 198 533
0 115 533
0 115 523
138 153 533
138 153 523
20 103 533
21 115 533
197 143 533
197 143 523
161 192 533
161 178 533
33 109 533
150 145 533
150 145 523
33 121 533
33 121 523
32 96 533
44 102 533
44 102 523
173 131 533
173 131 523
20 90 533
19 77 533
31 84 533
31 84 523
149 199 533
149 186 533
136 194 533
136 194 523
20 63 533
9 171 533
21 50 533
83 93 533
83 93 523
104 80 533
86 118 533
102 69 533
32 57 533
149 173 523
35 44 533
23 37 533
83 44 533
161 124 533
161 124 523
161 124 523
136 194 523
136 194 523
136 194 523
37 31 533
197 143 523
197 143 523
197 143 523
184 124 533
184 124 523
184 112 533
183 99 533
172 105 533
160 99 533
25 24 533
25 24 523
49 37 533
49 37 523
31 71 533
43 64 533
45 51 533
56 58 533
69 51 533
98 96 284
98 95 277
98 94 270
98 93 262
98 92 253
98 91 244
98 90 235
98 89 225
98 88 214
98 87 204
98 86 193
98 85 182
98 84 172
98 83 163
98 82 154
98 81 146
98 80 140
98 79 135
98 78 132
98 77 131
98 76 131
97 76 132
97 75 132
97 75 473
97 74 135
97 74 473
97 73 139
97 73 473
96 73 142
96 73 473
96 72 147
96 72 473
96 71 153
96 71 473
95 71 159
95 71 473
95 70 165
95 70 473
95 69 172
95 69 473
95 68 180
95 68 473
94 68 186
94 68 473
94 67 194
94 67 473
94 66 202
93 66 209
93 65 215
93 64 223
92 64 230
91 64 241
90 64 256
56 57 268
57 57 274
58 57 281
59 57 287
60 57 293
61 57 299
62 57 305
63 57 310
64 57 315
65 57 320
66 57 325
67 57 329
68 57 333
69 57 337
70 57 340
71 57 343
72 57 344
73 57 345
74 57 345
75 57 344
76 57 342
77 57 339
78 57 335
79 57 330
80 57 323
81 57 316
82 57 308
83 57 300
84 57 292
85 57 284
86 57 277
87 57 270
88 57 266
89 57 263
89 58 263
89 59 264
89 60 265
89 61 266
89 62 268
89 63 271
55 58 272
54 58 264
53 58 256
52 58 248
51 58 241
50 58 235
49 58 229
48 58 223
47 58 218
46 58 214
45 58 211
44 58 209
43 58 208
42 58 207
41 58 208
40 58 209
39 58 211
38 58 213
37 58 217
36 58 220
35 58 225
34 58 229
33 58 234
32 58 239
31 57 256
30 57 262
29 57 267
28 57 273
27 57 278
26 57 284
25 57 289
24 57 294
23 57 299
22 57 303
21 57 306
20 57 310
19 57 312
18 57 313
17 57 314
16 57 313
15 57 312
14 57 309
13 57 306
12 57 301
11 57 297
10 57 291
9 57 286
9 55 281
9 54 276
9 53 270
9 52 264
9 51 257
9 50 249
9 49 243
8 49 237
8 48 231
7 48 225
7 47 220
6 47 216
6 46 212
5 46 209
5 45 208
5 44 210
5 43 216
5 42 226
5 41 241
5 40 261
5 40 473
5 39 286
5 39 473
5 38 316
5 38 473
5 37 350
5 37 473
5 36 389
5 36 473
5 35 431
5 35 473
5 34 475
5 34 473
5 33 521
5 33 473
5 32 567
5 32 473
5 31 612
5 31 473
5 30 655
5 29 694
5 28 729
5 27 757
5 26 778
5 25 792
5 24 797
5 23 794
5 22 781
5 21 761
5 21 473
5 20 731
5 20 473
5 19 695
5 19 473
5 18 652
5 18 473
5 17 605
5 17 473
5 16 553
5 16 473
5 15 499
5 15 473
5 14 444
5 14 473
5 13 390
5 12 339
5 11 291
5 10 249
5 9 213
5 8 185
5 7 164
5 6 153
5 5 151
6 5 153
7 5 161
8 5 173
9 5 190
10 5 211
11 5 235
12 5 263
9 95 255
9 94 257
9 93 258
9 92 260
9 91 261
9 90 262
9 89 262
9 88 263
9 87 263
9 86 262
9 85 262
9 84 261
9 83 260
9 82 259
9 81 258
9 80 256
9 79 255
9 78 253
9 77 252
9 76 251
9 75 250
9 74 250
9 73 250
9 72 250
9 71 251
9 70 253
9 68 258
9 67 262
9 66 265
9 65 269
9 64 273
9 63 277
9 62 280
9 61 283
9 60 286
9 59 287
9 58 287
88 29 279
89 29 262
89 30 249
89 31 239
89 32 232
89 33 228
89 34 225
89 35 225
89 36 226
89 37 228
89 38 231
89 39 235
89 40 238
89 41 242
89 42 246
89 43 250
89 44 253
89 45 255
89 46 258
89 47 259
89 48 261
89 49 261
89 50 262
89 51 262
89 52 262
89 53 262
89 54 262
89 55 262
89 56 262
118 21 264
117 21 237
116 21 214
115 21 195
114 21 180
113 21 170
112 21 163
111 21 161
110 21 161
109 21 165
109 22 167
108 22 171
108 23 177
107 23 181
106 23 187
106 24 193
105 24 198
104 24 203
104 25 209
103 25 213
102 25 217
102 26 221
101 26 222
100 26 224
100 27 226
99 27 226
98 27 226
98 28 226
97 28 224
96 28 224
96 29 222
95 29 220
94 29 221
93 29 224
92 29 229
91 29 237
90 29 248
9 159 270
9 160 246
9 161 226
9 162 211
10 162 195
10 163 184
11 163 172
11 164 164
12 164 157
12 165 152
13 165 149
13 166 146
14 166 147
14 167 147
14 168 150
15 168 152
15 169 157
16 169 161
16 170 167
17 170 174
17 171 180
18 171 188
18 172 195
19 172 202
19 173 210
20 173 217
20 174 225
21 174 232
21 175 239
21 176 249
21 177 264
22 178 277
23 178 274
24 178 272
25 178 272
26 178 274
27 178 277
27 179 276
28 179 276
28 180 277
29 180 273
30 180 271
31 180 269
32 180 267
33 180 266
34 180 265
35 180 264
36 180 264
37 180 263
38 180 262
39 180 261
40 180 260
41 180 258
42 180 256
44 180 251
45 180 248
46 180 244
47 180 240
48 180 236
49 180 232
50 180 227
51 180 223
52 180 218
53 180 214
54 180 210
55 180 206
56 180 202
57 180 199
58 180 196
59 180 195
59 179 191
60 179 187
61 179 185
61 178 180
62 178 177
63 178 175
63 177 171
64 177 168
65 177 167
65 176 165
66 176 163
66 175 164
67 175 163
68 175 164
68 174 166
69 174 167
70 174 169
70 173 172
71 173 174
72 173 177
72 172 182
73 172 184
74 172 187
75 172 191
75 171 193
76 171 195
77 171 198
77 170 199
78 170 200
79 170 202
79 169 201
80 169 200
81 169 199
81 168 196
82 168 193
83 168 190
83 167 186
84 167 181
85 167 177
85 166 172
86 166 166
87 166 161
87 165 156
88 165 150
89 165 146
89 164 142
90 164 138
91 164 136
92 164 137
93 164 141
94 164 147
95 164 157
96 164 171
97 164 189
98 164 210
99 164 236
100 164 265
97 97 289
97 98 292
96 98 294
96 99 294
96 100 294
96 101 295
95 101 291
95 102 288
94 102 286
94 103 280
94 104 276
93 104 269
93 105 262
92 105 256
92 106 247
91 106 240
91 107 230
90 107 222
90 108 212
89 108 203
89 109 194
88 109 185
88 110 177
87 110 167
86 110 162
86 111 153
85 111 147
85 112 143
84 112 138
83 112 136
83 113 134
82 113 133
81 113 136
81 114 137
80 114 142
80 115 149
79 115 155
78 115 165
78 116 178
77 116 189
76 116 204
76 117 222
75 117 239
74 117 259
74 118 281
73 118 302
72 118 327
72 119 352
71 119 378
70 119 406
70 120 434
69 120 463
68 120 493
67 120 525
66 120 558
65 120 592
64 120 628
63 120 664
62 120 700
61 120 736
60 120 771
150 92 281
151 92 264
152 92 252
152 93 242
153 93 233
154 93 227
154 94 223
155 94 220
156 94 220
156 95 220
157 95 222
158 95 225
158 96 230
159 96 233
160 96 238
160 97 246
160 98 261
161 99 283
162 99 281
163 99 278
164 99 275
165 99 272
166 99 268
167 99 263
168 99 257
169 99 251
170 99 244
171 99 237
172 99 231
172 100 221
173 100 211
174 100 203
174 101 193
175 101 183
176 101 175
176 102 166
177 102 158
177 103 153
178 103 145
179 103 142
179 104 139
179 105 142
179 106 153
179 107 170
179 108 193
179 109 222
179 110 257
179 111 295
179 112 337
179 113 382
179 114 427
179 115 474
179 116 519
179 117 563
179 118 604
179 118 473
179 119 641
179 119 473
179 120 674
179 120 473
179 121 702
179 121 473
179 122 725
179 122 473
179 123 741
179 123 473
179 124 751
179 124 473
179 125 755
179 125 473
179 126 753
179 126 473
179 127 745
179 127 473
179 127 473
179 128 731
179 128 473
179 128 473
179 129 712
179 129 473
179 129 473
179 129 473
179 130 689
179 130 473
179 130 473
179 130 473
179 131 662
179 131 473
179 131 473
179 131 473
179 132 632
179 132 473
179 132 473
179 132 473
179 133 600
179 133 473
179 133 473
179 133 473
179 134 566
179 134 473
179 134 473
179 135 530
179 135 473
179 135 473
179 136 494
179 136 473
179 137 459
179 137 473
179 138 424
179 138 473
179 139 390
179 140 357
179 141 327
179 142 298
179 143 273
179 144 249
179 145 229
179 146 211
179 147 197
179 148 186
179 149 178
179 150 173
179 151 172
180 151 173
180 152 171
181 152 172
181 153 169
181 154 170
182 154 167
183 154 167
183 155 163
184 155 162
184 156 158
185 156 154
185 157 151
185 158 153
185 159 161
185 160 174
185 161 190
185 162 209
