144 145 26
144 145 16
144 145 16
144 145 16
15 18 26
46 38 26
46 38 16
69 199 26
172 75 26
120 118 26
120 118 16
120 118 16
120 118 16
81 164 26
83 10 26
83 10 16
83 10 16
83 10 16
83 10 16
83 10 16
83 10 16
83 10 16
83 10 16
83 10 16
83 10 16
83 10 16
83 10 16
83 10 16
83 10 16
83 10 16
83 10 16
83 10 16
83 10 16
83 10 16
83 10 16
83 10 16
83 10 16
83 10 16
83 10 16
83 10 16
83 10 16
83 10 16
83 10 16
83 10 16
83 10 16
83 10 16
83 10 16
83 10 16
112 154 26
162 110 26
129 150 26
129 150 16
119 131 26
130 137 26
89 168 26
171 87 26
36 31 26
26 25 26
70 186 26
70 186 16
80 177 26
161 96 26
161 96 16
79 191 26
35 45 26
25 39 26
14 32 26
100 161 26
4 24 26
46 51 26
4 10 26
58 43 26
58 43 16
57 57 26
69 49 26
69 49 16
70 64 26
70 64 16
70 64 16
82 55 26
82 55 16
82 55 16
82 55 16
82 55 16
82 55 16
82 55 16
82 55 16
82 55 16
82 55 16
116 143 26
83 70 26
83 70 16
83 70 16
83 70 16
83 70 16
83 70 16
83 70 16
83 70 16
83 70 16
83 70 16
83 70 16
83 70 16
91 155 26
103 149 26
16 3 26
16 3 16
27 10 26
27 10 16
27 10 16
27 10 16
27 10 16
27 10 16
27 10 16
27 10 16
37 17 26
37 17 16
37 17 16
37 17 16
172 101 26
48 23 26
48 23 16
48 23 16
48 23 16
48 23 16
48 23 16
48 23 16
48 23 16
48 23 16
48 23 16
48 23 16
48 23 16
131 124 26
131 124 16
3 38 26
13 45 26
24 52 26
79 199 26
34 59 26
34 59 16
71 172 26
71 172 16
71 172 16
45 65 26
160 82 26
160 82 16
160 82 16
143 130 26
58 71 26
58 71 16
154 121 26
142 115 26
71 78 26
71 78 16
71 78 16
71 78 16
71 78 16
71 78 16
71 78 16
71 78 16
71 78 16
152 105 26
58 29 26
58 29 16
70 34 26
70 34 16
70 34 16
70 34 16
161 69 26
161 69 16
161 69 16
70 19 26
70 19 16
70 19 16
70 19 16
70 19 16
70 19 16
70 19 16
70 19 16
70 19 16
70 19 16
70 19 16
70 19 16
70 19 16
70 19 16
70 19 16
70 19 16
70 19 16
70 19 16
70 19 16
70 19 16
70 19 16
70 19 16
70 19 16
70 19 16
83 11 536
83 11 14
82 11 526
82 11 14
82 12 517
82 12 14
81 12 510
81 12 14
81 13 501
80 13 495
80 13 14
80 14 487
80 15 481
79 15 474
79 16 468
78 16 461
78 17 453
77 17 445
77 18 436
77 19 427
76 19 416
75 19 406
74 19 399
73 19 393
73 19 14
73 19 14
72 19 389
72 19 14
72 19 14
71 19 387
71 19 14
70 20 356
70 21 326
70 22 298
70 23 270
70 24 243
70 25 218
70 26 194
70 27 172
70 28 151
69 28 131
69 29 111
69 29 14
68 29 92
68 29 14
68 29 14
68 29 14
68 30 74
68 30 14
68 30 14
68 30 14
68 30 14
67 30 57
67 30 14
67 30 14
67 30 14
67 30 14
67 30 14
67 31 41
67 31 14
67 31 14
67 31 14
67 31 14
67 31 14
67 31 14
66 31 26
66 31 14
66 31 14
66 31 14
66 31 14
66 31 14
66 31 14
66 32 15
66 32 14
66 32 14
66 32 14
66 32 14
66 32 14
66 32 14
66 32 14
66 33 15
66 33 14
66 33 14
66 33 14
66 33 14
66 33 14
66 33 14
65 33 15
65 33 14
65 33 14
65 33 14
65 33 14
65 33 14
65 33 14
64 33 15
64 33 14
64 33 14
64 33 14
64 33 14
64 33 14
64 34 15
64 34 14
64 34 14
64 34 14
64 34 14
64 34 14
63 34 15
63 34 14
63 34 14
63 34 14
63 34 14
63 35 15
63 35 14
63 35 14
63 35 14
63 35 14
63 36 15
63 36 14
63 36 14
63 36 14
62 36 15
62 36 14
62 36 14
62 36 14
62 37 15
62 37 14
62 37 14
62 38 15
62 38 14
62 38 14
61 38 15
61 38 14
61 38 14
60 38 15
60 38 14
60 38 14
59 38 15
59 38 14
59 38 14
58 38 15
58 38 14
58 38 14
57 38 15
57 38 14
57 38 14
56 38 15
56 38 14
56 38 14
55 38 15
55 38 14
55 38 14
54 38 15
54 38 14
54 38 14
53 38 15
53 38 14
53 38 14
52 38 15
52 38 14
52 38 14
51 38 15
51 38 14
51 38 14
50 38 18
50 38 14
50 38 14
49 38 23
49 38 14
49 38 14
48 38 27
48 38 14
47 38 31
47 38 14
46 37 32
46 36 30
46 35 29
46 34 29
46 33 31
45 33 33
44 33 34
43 33 35
42 33 35
42 32 34
41 32 33
40 32 31
40 31 28
39 31 25
38 31 22
38 31 14
37 31 20
37 31 14
36 30 15
36 30 14
35 30 15
35 30 14
34 30 15
34 30 14
33 30 15
33 30 14
33 29 15
33 29 14
32 29 15
32 29 14
31 29 15
31 29 14
31 28 15
31 28 14
30 28 15
30 28 14
30 27 15
30 27 14
30 26 15
30 26 14
30 25 15
30 25 14
29 25 15
29 25 14
28 25 15
28 25 14
27 25 15
26 24 15
26 24 14
26 23 15
26 23 14
26 22 15
26 22 14
26 21 15
26 21 14
26 20 15
26 20 14
26 19 15
26 19 14
26 18 15
26 18 14
26 18 14
26 17 15
26 17 14
26 17 14
25 17 19
25 17 14
25 17 14
24 17 24
24 17 14
23 17 28
23 17 14
22 17 31
22 17 14
21 17 32
21 17 14
20 17 31
20 17 14
19 17 29
18 17 26
17 17 21
16 17 15
16 17 14
15 17 15
15 17 14
111 154 15
110 154 15
109 154 15
108 154 15
107 154 15
106 154 15
106 154 14
106 155 15
106 155 14
106 156 15
106 156 14
105 156 15
105 156 14
105 157 15
105 157 14
104 157 15
104 157 14
104 158 15
104 158 14
103 158 15
103 158 14
102 158 15
102 158 14
102 159 15
102 159 14
101 159 15
101 159 14
101 160 15
101 160 14
100 160 15
100 160 14
99 161 15
99 161 14
98 161 15
98 161 14
97 161 15
97 161 14
97 162 15
97 162 14
96 162 15
96 162 14
96 163 15
96 163 14
95 163 15
95 163 14
94 163 15
94 163 14
93 163 15
93 163 14
92 163 15
92 163 14
92 164 15
92 164 14
91 164 15
91 164 14
90 164 15
90 164 14
89 164 15
89 164 14
88 164 15
88 164 14
87 164 15
87 164 14
86 164 15
86 164 14
85 164 15
85 164 14
84 164 15
84 164 14
83 164 15
83 164 14
82 164 15
82 164 14
81 165 15
81 165 14
81 166 15
81 166 14
80 166 15
80 166 14
80 167 15
80 167 14
80 168 15
80 168 14
80 169 15
80 169 14
80 170 15
80 170 14
80 170 14
80 171 15
80 171 14
80 171 14
80 172 15
80 172 14
80 172 14
80 173 15
80 173 14
80 174 15
80 174 14
80 175 15
80 175 14
80 176 15
80 176 14
79 177 15
79 177 14
78 177 15
78 177 14
78 178 15
78 178 14
78 179 15
78 179 14
77 179 15
77 179 14
76 179 15
76 179 14
76 180 15
76 180 14
76 181 15
76 181 14
76 182 15
76 182 14
76 183 15
76 183 14
76 184 15
76 184 14
76 185 15
76 185 14
76 186 15
76 186 14
76 186 14
75 186 15
75 186 14
75 186 14
74 186 15
74 186 14
73 186 15
73 186 14
73 187 15
73 187 14
73 188 15
73 188 14
72 188 15
72 188 14
72 189 15
72 189 14
72 190 15
72 190 14
72 191 15
72 191 14
72 192 15
72 192 14
72 193 15
72 193 14
72 194 15
72 194 14
72 195 15
72 196 15
72 197 15
71 197 15
71 198 15
70 198 15
70 199 15
162 109 15
162 109 14
162 108 15
162 108 14
162 107 15
162 107 14
162 106 15
162 106 14
162 105 15
162 105 14
163 105 15
163 105 14
164 105 15
164 105 14
164 104 15
165 104 15
166 104 15
167 104 15
167 104 14
168 104 15
168 104 14
169 104 15
169 104 14
169 103 15
169 103 14
169 102 15
169 102 14
169 101 15
169 101 14
169 100 15
169 100 14
169 99 15
169 99 14
170 99 15
170 99 14
170 98 15
170 98 14
170 97 15
170 97 14
170 96 15
170 96 14
170 95 15
170 95 14
170 94 15
170 94 14
170 93 15
170 93 14
170 92 15
170 92 14
170 91 15
170 91 14
170 90 15
170 90 14
170 89 15
170 89 14
170 88 15
170 88 14
170 87 15
170 87 14
171 86 16
171 86 14
171 85 15
171 85 14
171 84 15
171 84 14
171 83 15
171 83 14
171 82 15
171 82 14
171 81 15
171 81 14
171 80 15
171 80 14
171 79 15
171 79 14
171 78 15
171 78 14
171 77 15
171 77 14
171 76 15
171 76 14
171 75 15
171 75 14
112 153 15
113 153 15
113 152 15
114 152 15
115 152 15
115 151 15
116 151 15
116 150 15
116 149 15
116 148 15
116 148 14
116 147 15
116 147 14
116 146 15
116 146 14
116 145 15
116 145 14
116 144 15
116 144 14
117 143 15
117 143 14
118 143 15
118 143 14
119 143 15
119 143 14
120 143 15
121 143 15
121 142 15
122 142 15
122 141 15
122 140 15
122 139 15
122 138 16
122 137 18
122 136 18
122 135 17
122 134 15
122 133 15
122 132 15
122 131 15
122 131 14
122 130 15
122 130 14
121 130 15
121 130 14
120 130 15
120 130 14
120 129 15
120 129 14
120 128 15
120 128 14
120 127 15
120 127 14
120 126 15
120 126 14
120 125 15
120 125 14
120 125 14
120 124 15
120 124 14
120 124 14
120 123 15
120 123 14
120 123 14
120 123 14
120 122 15
120 122 14
120 122 14
120 122 14
120 122 14
120 121 15
120 121 14
120 121 14
120 121 14
120 121 14
120 120 23
120 120 14
120 120 14
120 120 14
120 120 14
120 119 43
120 119 14
120 119 14
117 144 15
117 144 14
118 144 15
118 144 14
118 145 15
118 145 14
119 145 15
119 145 14
120 145 15
121 145 15
122 145 15
123 145 15
124 145 15
125 145 15
126 145 15
127 145 15
127 145 14
128 145 15
128 145 14
129 145 15
129 145 14
130 145 15
130 145 14
131 145 15
131 145 14
132 145 15
132 145 14
133 145 15
133 145 14
133 145 14
134 145 15
134 145 14
134 145 14
135 145 15
135 145 14
135 145 14
136 145 15
136 145 14
136 145 14
136 145 14
137 145 15
137 145 14
137 145 14
137 145 14
137 145 14
138 145 15
138 145 14
138 145 14
138 145 14
138 145 14
139 145 15
139 145 14
139 145 14
139 145 14
139 145 14
139 145 14
140 145 15
140 145 14
140 145 14
140 145 14
140 145 14
140 145 14
141 145 15
141 145 14
141 145 14
141 145 14
141 145 14
141 145 14
142 145 26
142 145 14
142 145 14
142 145 14
142 145 14
143 145 45
143 145 14
143 145 14
