15 74 26
58 67 26
135 82 26
169 165 26
81 45 26
165 114 26
136 31 26
55 198 26
31 110 26
70 50 26
70 63 26
24 84 26
24 84 16
22 100 26
22 100 16
22 100 16
22 100 16
156 108 26
146 88 26
146 88 16
146 88 16
146 88 16
146 88 16
146 88 16
146 88 16
146 88 16
166 101 26
156 95 26
156 95 16
156 95 16
156 95 16
156 95 16
156 95 16
156 95 16
156 95 16
156 95 16
156 95 16
33 93 26
33 93 16
33 93 16
33 93 16
33 93 16
33 93 16
33 93 16
33 93 16
82 58 26
180 159 26
168 152 26
55 185 26
43 192 26
126 40 26
126 40 16
126 40 16
126 40 16
126 40 16
126 40 16
126 40 16
126 40 16
126 40 16
126 40 16
126 40 16
126 40 16
126 40 16
126 40 16
126 40 16
126 40 16
126 40 16
126 40 16
126 40 16
126 40 16
126 40 16
126 40 16
126 40 16
126 40 16
126 40 16
126 40 16
126 40 16
126 40 16
126 40 16
126 40 16
126 40 16
126 40 16
126 40 16
126 40 16
126 40 16
126 40 16
126 40 16
126 40 16
126 40 16
126 40 16
126 40 16
126 40 16
126 40 16
126 40 16
147 23 26
147 23 16
147 23 16
147 23 16
147 23 16
147 23 16
135 17 26
135 17 16
135 17 16
135 17 16
135 17 16
135 17 16
178 146 26
43 180 26
43 180 16
43 180 16
43 180 16
43 180 16
43 180 16
43 180 16
43 180 16
43 180 16
43 180 16
43 180 16
43 180 16
43 180 16
43 180 16
43 180 16
43 180 16
58 54 26
58 54 16
58 54 16
58 54 16
58 54 16
58 54 16
58 54 16
58 54 16
149 37 26
149 37 16
149 37 16
26 68 26
26 68 16
26 68 16
26 68 16
26 68 16
26 68 16
26 68 16
26 68 16
26 68 16
26 68 16
26 68 16
166 139 26
166 127 26
139 45 26
139 45 16
139 45 16
139 45 16
139 45 16
139 45 16
139 45 16
139 45 16
139 45 16
139 45 16
139 45 16
139 45 16
139 45 16
139 45 16
139 45 16
139 45 16
67 192 26
35 77 26
35 77 16
35 77 16
35 77 16
35 77 16
35 77 16
35 77 16
35 77 16
35 77 16
35 77 16
35 77 16
35 77 16
35 77 16
35 77 16
35 77 16
35 77 16
35 77 16
35 77 16
35 77 16
35 77 16
35 77 16
35 77 16
35 77 16
35 77 16
35 77 16
35 77 16
35 77 16
35 77 16
35 77 16
93 51 26
93 51 16
93 51 16
67 179 26
67 179 16
67 179 16
67 179 16
43 102 26
43 102 16
43 102 16
43 102 16
43 102 16
43 102 16
43 102 16
43 102 16
43 102 16
43 102 16
43 102 16
43 102 16
43 102 16
43 102 16
43 102 16
43 102 16
80 185 26
80 173 26
80 173 16
80 173 16
80 173 16
80 173 16
80 173 16
80 173 16
80 173 16
152 52 26
152 52 16
152 52 16
152 52 16
152 52 16
152 52 16
152 52 16
152 52 16
152 52 16
152 52 16
152 52 16
152 52 16
152 52 16
152 52 16
152 52 16
152 52 16
152 52 16
152 52 16
152 52 16
152 52 16
152 52 16
152 52 16
152 52 16
152 52 16
152 52 16
152 52 16
152 52 16
152 52 16
152 52 16
152 52 16
152 52 16
152 52 16
152 52 16
152 52 16
152 52 16
152 52 16
152 52 16
152 52 16
152 52 16
152 52 16
152 52 16
152 52 16
152 52 16
152 52 16
152 52 16
152 52 16
152 52 16
152 52 16
152 52 16
152 52 16
147 10 26
147 10 16
147 10 16
147 10 16
147 10 16
147 10 16
147 10 16
147 10 16
147 10 16
147 10 16
147 10 16
147 10 16
147 10 16
147 10 16
147 10 16
147 10 16
147 10 16
147 10 16
147 10 16
147 10 16
147 10 16
147 10 16
147 10 16
147 10 16
147 10 16
147 10 16
147 10 16
147 10 16
147 10 16
12 91 26
12 91 16
12 91 16
12 91 16
12 91 16
12 91 16
12 91 16
12 91 16
12 91 16
12 91 16
12 91 16
12 91 16
12 91 16
12 91 16
12 91 16
12 91 16
12 91 16
12 91 16
12 91 16
12 91 16
12 91 16
12 91 16
12 91 16
12 91 16
12 91 16
12 91 16
12 91 16
12 91 16
12 91 16
12 91 16
12 91 16
12 91 16
12 91 16
12 91 16
16 60 26
16 60 16
16 60 16
16 60 16
16 60 16
16 60 16
16 60 16
16 60 16
16 60 16
16 60 16
16 60 16
16 60 16
16 60 16
16 60 16
16 60 16
16 60 16
16 60 16
16 60 16
16 60 16
16 60 16
16 60 16
16 60 16
16 60 16
16 60 16
16 60 16
16 60 16
16 60 16
16 60 16
16 60 16
16 60 16
16 60 16
16 60 16
16 60 16
16 60 16
16 60 16
16 60 16
16 60 16
16 60 16
16 60 16
91 38 26
91 38 16
91 38 16
91 38 16
91 38 16
91 38 16
91 38 16
91 38 16
91 38 16
91 38 16
91 38 16
91 38 16
91 38 16
91 38 16
91 38 16
91 38 16
91 38 16
91 38 16
91 38 16
91 38 16
91 38 16
91 38 16
91 38 16
91 38 16
91 38 16
91 38 16
91 38 16
91 38 16
91 38 16
91 38 16
91 38 16
91 38 16
91 38 16
91 38 16
91 38 16
91 38 16
47 58 26
47 58 16
47 58 16
47 58 16
47 58 16
47 58 16
47 58 16
47 58 16
47 58 16
47 58 16
47 58 16
47 58 16
47 58 16
47 58 16
47 58 16
47 58 16
47 58 16
47 58 16
47 58 16
47 58 16
177 133 26
177 133 16
177 133 16
177 133 16
177 133 16
177 133 16
177 133 16
177 133 16
177 133 16
134 4 26
134 4 16
134 4 16
134 4 16
134 4 16
134 4 16
123 11 26
123 0 26
123 0 16
123 0 16
123 0 16
123 0 16
123 0 16
123 0 16
123 0 16
123 0 16
123 0 16
20 116 26
30 125 26
19 131 26
30 138 26
30 138 16
30 138 16
30 138 16
30 138 16
30 138 16
30 138 16
30 138 16
30 138 16
30 138 16
30 138 16
30 138 16
30 138 16
30 138 16
80 198 26
67 167 26
67 167 16
67 167 16
67 167 16
67 167 16
67 167 16
67 167 16
67 167 16
67 167 16
67 167 16
67 167 16
67 167 16
67 167 16
67 167 16
67 167 16
67 167 16
67 167 16
67 167 16
67 167 16
67 167 16
67 167 16
67 167 16
67 167 16
67 167 16
67 167 16
67 167 16
67 167 16
67 167 16
67 167 16
67 167 16
67 167 16
67 167 16
67 167 16
67 167 16
67 167 16
67 167 16
70 76 26
70 76 16
70 76 16
70 76 16
70 76 16
70 76 16
70 76 16
70 76 16
70 76 16
70 76 16
70 76 16
70 76 16
70 76 16
70 76 16
70 76 16
70 76 16
70 76 16
70 76 16
70 76 16
70 76 16
70 76 16
70 76 16
70 76 16
70 76 16
70 76 16
70 76 16
70 76 16
70 76 16
70 76 16
70 76 16
70 76 16
70 76 16
70 76 16
70 76 16
70 76 16
70 76 16
70 76 16
70 76 16
70 76 16
70 76 16
70 76 16
70 76 16
70 76 16
70 76 16
70 76 16
70 76 16
70 76 16
92 192 26
92 192 16
93 179 26
93 179 16
93 179 16
112 6 26
112 6 16
112 6 16
112 6 16
112 6 16
112 6 16
112 6 16
112 6 16
112 6 16
112 6 16
112 6 16
37 63 26
37 63 16
37 63 16
37 63 16
37 63 16
37 63 16
37 63 16
37 63 16
37 63 16
37 63 16
37 63 16
37 63 16
37 63 16
37 63 16
37 63 16
155 121 26
93 166 26
93 166 16
93 166 16
93 166 16
93 166 16
93 166 16
93 166 16
93 166 16
155 133 26
124 25 26
112 20 26
106 172 26
106 172 16
106 172 16
106 172 16
106 172 16
106 172 16
106 172 16
106 172 16
106 172 16
106 172 16
106 185 26
106 185 16
106 185 16
106 185 16
106 185 16
106 185 16
106 185 16
106 185 16
106 185 16
106 185 16
106 185 16
106 185 16
106 185 16
106 185 16
106 185 16
106 185 16
106 185 16
106 185 16
106 185 16
106 185 16
106 185 16
106 185 16
106 185 16
106 185 16
106 185 16
106 185 16
106 185 16
106 185 16
106 185 16
106 185 16
106 185 16
106 185 16
106 185 16
106 160 26
106 160 16
106 160 16
101 15 26
101 15 16
101 15 16
101 15 16
101 15 16
101 15 16
101 15 16
101 15 16
101 15 16
101 15 16
101 15 16
101 15 16
101 15 16
101 15 16
101 15 16
101 15 16
101 15 16
101 15 16
101 15 16
101 15 16
101 15 16
101 15 16
101 15 16
101 15 16
101 15 16
101 15 16
101 15 16
101 15 16
101 15 16
135 96 26
135 96 16
135 96 16
135 96 16
135 96 16
146 102 26
146 102 16
146 102 16
146 102 16
146 102 16
146 102 16
146 102 16
146 102 16
146 102 16
146 102 16
146 102 16
146 102 16
146 102 16
146 102 16
146 102 16
146 102 16
146 102 16
123 90 26
160 30 26
160 30 16
160 30 16
160 30 16
160 30 16
160 30 16
160 30 16
160 30 16
160 30 16
160 30 16
160 30 16
160 30 16
160 30 16
160 30 16
160 30 16
31 186 26
31 186 16
31 186 16
31 186 16
31 186 16
31 186 16
31 186 16
31 186 16
32 198 26
20 192 26
20 192 16
20 192 16
20 192 16
20 192 16
159 16 26
159 16 16
159 16 16
172 23 26
172 23 16
172 23 16
172 23 16
172 23 16
172 23 16
172 23 16
172 23 16
172 23 16
172 23 16
172 23 16
172 23 16
172 23 16
172 23 16
172 23 16
172 23 16
172 23 16
172 23 16
172 23 16
172 23 16
172 23 16
172 23 16
172 23 16
172 23 16
172 23 16
172 23 16
172 23 16
172 23 16
172 23 16
156 146 26
156 146 16
156 146 16
156 146 16
156 146 16
157 159 26
157 159 16
157 159 16
157 159 16
157 159 16
157 159 16
157 159 16
157 159 16
157 159 16
157 159 16
157 159 16
157 159 16
157 159 16
157 159 16
157 159 16
157 159 16
157 159 16
157 159 16
157 159 16
157 159 16
157 159 16
157 159 16
157 159 16
157 159 16
157 159 16
172 10 26
172 10 16
172 0 26
159 3 26
181 172 26
181 172 16
181 172 16
169 178 26
169 178 16
169 178 16
169 178 16
169 178 16
169 178 16
169 178 16
169 178 16
169 178 16
169 178 16
169 178 16
169 178 16
169 178 16
169 178 16
169 178 16
169 178 16
169 178 16
169 178 16
169 178 16
55 173 26
55 173 16
55 173 16
119 166 26
119 153 26
144 140 26
144 140 16
144 140 16
144 140 16
144 140 16
144 140 16
144 140 16
144 140 16
144 140 16
144 140 16
144 140 16
144 140 16
144 140 16
144 140 16
144 140 16
144 140 16
144 140 16
144 140 16
132 159 26
144 153 26
144 153 16
144 153 16
144 153 16
144 153 16
144 153 16
144 153 16
144 153 16
144 153 16
144 153 16
144 153 16
144 153 16
144 153 16
144 153 16
144 153 16
144 153 16
144 153 16
144 153 16
144 153 16
144 153 16
144 153 16
132 146 26
132 146 16
132 146 16
132 146 16
132 146 16
132 146 16
147 0 26
147 0 16
147 0 16
147 0 16
147 0 16
147 0 16
9 123 26
42 117 26
41 132 26
41 132 16
41 132 16
41 132 16
41 132 16
41 132 16
41 132 16
41 132 16
41 132 16
41 132 16
184 4 26
184 4 16
184 4 16
184 4 16
184 4 16
184 4 16
184 4 16
184 4 16
184 4 16
184 4 16
184 4 16
8 137 26
0 129 26
184 17 26
184 17 16
184 17 16
184 17 16
184 17 16
184 17 16
184 17 16
184 17 16
184 17 16
184 17 16
184 17 16
184 17 16
184 17 16
184 17 16
184 17 16
184 17 16
184 17 16
184 17 16
184 17 16
184 17 16
184 17 16
184 17 16
184 17 16
184 17 16
184 17 16
184 17 16
184 17 16
184 17 16
184 17 16
184 17 16
184 17 16
184 17 16
184 17 16
184 17 16
184 17 16
184 17 16
184 17 16
184 17 16
184 17 16
184 17 16
184 17 16
184 17 16
184 17 16
184 17 16
184 17 16
184 17 16
184 17 16
184 17 16
197 0 26
197 0 16
197 0 16
197 0 16
197 0 16
197 0 16
197 0 16
197 0 16
197 0 16
197 0 16
197 0 16
197 0 16
197 0 16
197 0 16
197 0 16
197 0 16
197 0 16
197 0 16
197 0 16
197 0 16
197 0 16
197 0 16
197 0 16
197 0 16
197 0 16
197 0 16
197 0 16
197 0 16
197 0 16
197 0 16
197 0 16
197 0 16
197 0 16
197 0 16
197 0 16
197 0 16
197 0 16
197 0 16
197 0 16
197 0 16
197 0 16
197 0 16
197 0 16
197 0 16
197 0 16
197 0 16
197 0 16
197 0 16
197 0 16
197 0 16
197 0 16
197 0 16
197 0 16
197 0 16
197 0 16
101 1 26
101 1 16
101 1 16
101 1 16
101 1 16
101 1 16
101 1 16
101 1 16
101 1 16
101 1 16
101 1 16
101 1 16
101 1 16
101 1 16
101 1 16
101 1 16
101 1 16
101 1 16
101 1 16
101 1 16
101 1 16
101 1 16
101 1 16
101 1 16
101 1 16
101 1 16
101 1 16
101 1 16
101 1 16
101 1 16
101 1 16
101 1 16
101 1 16
101 1 16
101 1 16
101 1 16
101 1 16
101 1 16
101 1 16
101 1 16
101 1 16
101 1 16
101 1 16
101 1 16
101 1 16
101 1 16
101 1 16
101 1 16
101 1 16
101 1 16
101 1 16
0 143 26
114 34 26
114 34 16
114 34 16
114 34 16
104 43 26
104 43 16
104 43 16
104 43 16
104 43 16
104 43 16
104 43 16
189 139 26
189 139 16
189 139 16
189 139 16
189 139 16
189 139 16
189 139 16
189 139 16
189 139 16
189 139 16
189 139 16
189 139 16
189 139 16
189 139 16
189 139 16
189 139 16
189 139 16
189 139 16
189 139 16
189 139 16
189 139 16
189 139 16
189 139 16
189 139 16
189 139 16
189 139 16
189 139 16
189 139 16
189 139 16
189 139 16
189 139 16
189 139 16
189 139 16
189 139 16
189 139 16
189 139 16
189 139 16
189 139 16
176 120 26
176 107 26
176 107 16
186 113 26
186 113 16
186 113 16
186 113 16
186 113 16
186 113 16
176 94 26
176 94 16
176 94 16
176 94 16
176 94 16
176 94 16
176 94 16
176 94 16
176 94 16
176 94 16
176 94 16
176 94 16
176 94 16
176 94 16
176 94 16
176 94 16
176 94 16
176 94 16
176 94 16
176 94 16
176 94 16
176 94 16
176 94 16
176 94 16
176 94 16
176 94 16
176 94 16
176 94 16
176 94 16
176 94 16
176 94 16
176 94 16
176 94 16
176 94 16
176 94 16
176 94 16
176 94 16
176 94 16
144 127 26
145 115 26
145 115 16
133 122 26
133 122 16
133 122 16
133 122 16
132 134 26
132 134 16
132 134 16
132 134 16
132 134 16
132 134 16
132 134 16
132 134 16
132 134 16
132 134 16
132 134 16
132 134 16
132 134 16
132 134 16
123 103 26
134 109 26
134 109 16
134 109 16
134 109 16
134 109 16
134 109 16
134 109 16
134 109 16
134 109 16
134 109 16
134 109 16
134 109 16
134 109 16
54 124 26
54 124 16
54 124 16
54 124 16
54 124 16
54 124 16
54 124 16
54 124 16
54 124 16
54 124 16
54 124 16
54 124 16
54 124 16
54 124 16
54 124 16
54 124 16
54 124 16
54 124 16
54 124 16
54 124 16
54 124 16
54 124 16
54 124 16
54 124 16
54 124 16
54 124 16
54 124 16
54 124 16
54 124 16
54 124 16
54 124 16
54 124 16
54 124 16
54 124 16
54 124 16
54 124 16
54 124 16
54 124 16
54 124 16
54 124 16
54 124 16
54 124 16
54 124 16
122 116 26
122 116 16
122 116 16
122 116 16
122 116 16
122 116 16
122 116 16
122 116 16
122 116 16
122 116 16
122 116 16
122 116 16
122 116 16
122 116 16
122 116 16
122 116 16
122 116 16
122 116 16
122 116 16
122 116 16
122 116 16
122 116 16
122 116 16
122 116 16
122 116 16
122 116 16
122 116 16
122 116 16
122 116 16
122 116 16
102 29 26
8 150 26
8 150 16
8 150 16
8 150 16
8 150 16
8 150 16
8 150 16
8 150 16
8 150 16
8 150 16
8 150 16
8 150 16
8 150 16
8 150 16
8 150 16
8 150 16
8 150 16
8 150 16
8 150 16
8 150 16
8 150 16
8 150 16
8 150 16
8 150 16
8 150 16
8 150 16
8 150 16
8 150 16
8 150 16
8 150 16
8 150 16
8 150 16
8 150 16
8 150 16
8 150 16
8 150 16
8 150 16
134 109 16
145 74 26
145 74 16
156 81 26
156 81 16
156 81 16
156 81 16
156 81 16
156 81 16
156 81 16
156 81 16
156 81 16
156 81 16
156 81 16
156 81 16
10 107 26
10 107 16
10 107 16
10 107 16
10 107 16
10 107 16
10 107 16
10 107 16
10 107 16
10 107 16
10 107 16
10 107 16
10 107 16
10 107 16
10 107 16
10 107 16
10 107 16
10 107 16
10 107 16
10 107 16
10 107 16
10 107 16
10 107 16
10 107 16
10 107 16
10 107 16
10 107 16
10 107 16
10 107 16
10 107 16
10 107 16
133 68 26
143 60 26
143 60 16
143 60 16
143 60 16
143 60 16
143 60 16
143 60 16
143 60 16
143 60 16
143 60 16
143 60 16
143 60 16
143 60 16
143 60 16
143 60 16
143 60 16
143 60 16
143 60 16
143 60 16
143 60 16
143 60 16
143 60 16
143 60 16
143 60 16
106 57 26
106 57 16
106 57 16
106 57 16
106 57 16
106 57 16
106 57 16
106 57 16
106 57 16
106 57 16
106 57 16
106 57 16
106 57 16
106 57 16
106 57 16
106 57 16
106 57 16
106 57 16
106 57 16
106 57 16
106 57 16
106 57 16
106 57 16
106 57 16
106 57 16
106 57 16
106 57 16
106 57 16
106 57 16
106 57 16
106 57 16
106 57 16
106 57 16
106 57 16
106 57 16
106 57 16
106 57 16
106 57 16
106 57 16
106 57 16
106 57 16
106 57 16
106 57 16
106 57 16
106 57 16
41 145 26
42 157 26
42 157 16
42 157 16
42 157 16
42 157 16
42 157 16
42 157 16
42 157 16
42 157 16
42 157 16
42 157 16
42 157 16
42 157 16
42 157 16
42 157 16
42 157 16
42 157 16
42 157 16
54 150 26
54 150 16
54 150 16
54 150 16
54 150 16
54 150 16
54 150 16
54 150 16
54 150 16
54 150 16
54 150 16
54 150 16
54 150 16
54 150 16
54 150 16
54 162 26
54 162 16
54 162 16
54 162 16
54 162 16
54 162 16
54 162 16
54 162 16
54 162 16
54 162 16
54 162 16
54 162 16
54 162 16
54 162 16
54 162 16
54 162 16
54 162 16
54 162 16
32 110 15
33 110 15
33 111 15
34 111 15
35 111 15
36 111 15
37 111 15
37 112 15
37 113 15
37 114 15
37 115 15
37 116 15
37 117 15
37 118 15
37 119 15
37 120 15
37 121 15
37 122 19
37 123 32
37 124 46
37 125 60
37 126 73
37 127 85
37 128 96
37 129 105
37 130 112
37 131 117
37 132 119
37 133 120
37 134 118
37 135 116
37 136 112
38 136 107
38 137 99
38 138 92
39 138 82
39 139 72
40 139 61
40 140 49
41 140 40
41 141 27
41 142 17
41 143 15
41 144 15
42 145 15
42 146 15
43 146 15
43 147 15
43 147 14
44 147 15
44 147 14
44 148 15
44 148 14
45 148 15
45 148 14
45 149 15
45 149 14
46 149 15
46 149 14
46 149 14
47 149 15
47 149 14
47 149 14
47 149 14
48 149 15
48 149 14
48 149 14
48 149 14
48 149 14
48 150 20
48 150 14
48 150 14
48 150 14
48 150 14
49 150 36
49 150 14
49 150 14
49 150 14
49 150 14
49 150 14
49 151 52
49 151 14
49 151 14
49 151 14
49 151 14
49 151 14
49 152 71
49 152 14
49 152 14
49 152 14
49 152 14
50 152 91
50 152 14
50 152 14
50 152 14
50 152 14
50 153 110
50 153 14
50 153 14
50 153 14
50 154 130
50 154 14
50 154 14
50 155 151
50 155 14
50 156 171
50 157 189
50 158 204
50 159 217
50 159 14
50 159 14
50 159 14
50 160 226
50 160 14
50 160 14
50 160 14
50 160 14
50 160 14
50 160 14
50 160 14
50 161 231
50 161 14
50 161 14
50 161 14
50 161 14
50 161 14
50 161 14
50 161 14
50 161 14
50 161 14
50 161 14
50 161 14
50 161 14
50 162 232
50 162 14
50 162 14
50 162 14
50 162 14
50 162 14
50 162 14
50 162 14
50 162 14
50 162 14
50 162 14
50 162 14
50 162 14
50 162 14
50 162 14
50 162 14
50 162 14
50 162 14
50 162 14
50 163 229
50 163 14
50 163 14
50 163 14
50 163 14
50 163 14
50 163 14
50 163 14
50 163 14
50 163 14
50 163 14
50 163 14
50 163 14
50 163 14
50 163 14
50 163 14
50 163 14
50 163 14
50 163 14
50 163 14
50 163 14
50 163 14
50 164 223
50 164 14
50 164 14
50 164 14
50 164 14
50 164 14
50 164 14
50 164 14
50 164 14
50 164 14
50 164 14
50 164 14
50 164 14
50 164 14
50 164 14
50 164 14
50 164 14
50 164 14
50 164 14
50 164 14
50 164 14
50 164 14
50 164 14
50 165 214
50 165 14
50 165 14
50 165 14
50 165 14
50 165 14
50 165 14
50 165 14
50 165 14
50 165 14
50 165 14
50 165 14
50 165 14
50 165 14
50 165 14
50 165 14
50 165 14
50 165 14
50 165 14
50 165 14
50 165 14
50 166 203
50 166 14
50 166 14
50 166 14
50 166 14
50 166 14
50 166 14
50 166 14
50 166 14
50 166 14
50 166 14
50 166 14
50 166 14
50 166 14
50 166 14
50 166 14
50 166 14
50 166 14
50 167 189
50 167 14
50 167 14
50 167 14
50 167 14
50 167 14
50 167 14
50 167 14
50 167 14
50 167 14
50 167 14
50 167 14
50 167 14
50 167 14
50 168 174
50 168 14
50 168 14
50 168 14
50 168 14
50 168 14
50 168 14
50 168 14
50 168 14
50 168 14
50 168 14
51 168 159
51 168 14
51 168 14
51 168 14
51 168 14
51 168 14
51 168 14
51 169 141
51 169 14
51 169 14
51 169 14
51 169 14
51 170 124
51 170 14
51 170 14
51 170 14
51 171 108
51 171 14
51 171 14
51 171 14
51 172 94
51 172 14
51 172 14
51 172 14
52 172 78
52 172 14
52 172 14
52 173 64
52 173 14
52 173 14
53 173 54
53 173 14
54 173 49
54 173 14
55 174 33
55 174 14
55 174 14
55 175 20
55 175 14
55 175 14
55 176 15
55 176 14
55 176 14
55 177 15
55 177 14
55 177 14
55 178 15
55 178 14
55 179 15
55 179 14
55 180 15
55 181 15
55 182 15
55 183 15
55 184 15
56 185 15
56 186 15
56 187 15
56 188 15
56 189 15
56 190 15
56 191 15
56 192 15
56 193 15
55 193 15
55 194 15
55 195 15
55 196 15
55 197 15
66 192 15
65 192 15
64 192 15
64 193 15
63 193 15
62 193 15
61 193 15
60 193 15
60 194 15
60 195 15
60 196 15
59 196 15
58 196 15
57 196 15
57 197 15
56 197 15
118 166 15
117 166 15
116 166 15
115 166 15
115 166 14
114 166 15
114 166 14
113 166 15
113 166 14
113 166 14
112 166 15
112 166 14
112 166 14
112 166 14
112 166 14
111 166 15
111 166 14
111 166 14
111 166 14
111 166 14
111 166 14
110 166 15
110 166 14
110 166 14
110 166 14
110 166 14
110 166 14
110 166 14
110 166 14
109 166 15
109 166 14
109 166 14
109 166 14
109 166 14
109 166 14
109 166 14
109 166 14
109 166 14
108 166 15
108 166 14
108 166 14
108 166 14
108 166 14
108 166 14
108 166 14
108 166 14
108 166 14
108 166 14
107 166 15
107 166 14
107 166 14
107 166 14
107 166 14
107 166 14
107 166 14
107 166 14
107 166 14
107 166 14
106 166 15
106 166 14
106 166 14
106 166 14
106 166 14
106 166 14
106 166 14
106 166 14
106 166 14
106 166 14
105 166 15
105 166 14
105 166 14
105 166 14
105 166 14
105 166 14
105 166 14
105 166 14
105 166 14
104 166 16
104 166 14
104 166 14
104 166 14
104 166 14
104 166 14
104 166 14
103 166 22
103 166 14
103 166 14
103 166 14
103 166 14
103 166 14
103 167 28
103 167 14
103 167 14
103 167 14
103 167 14
102 167 33
102 167 14
102 167 14
102 167 14
101 167 38
101 167 14
101 167 14
101 168 43
101 168 14
101 168 14
100 168 45
100 168 14
100 168 14
99 168 48
99 168 14
99 168 14
99 169 51
99 169 14
99 169 14
99 169 14
98 169 51
98 169 14
98 169 14
98 169 14
98 169 14
97 169 51
97 169 14
97 169 14
97 169 14
97 169 14
97 170 51
97 170 14
97 170 14
97 170 14
97 170 14
97 170 14
97 170 14
96 170 49
96 170 14
96 170 14
96 170 14
96 170 14
96 170 14
96 170 14
96 170 14
95 170 47
95 170 14
95 170 14
95 170 14
95 170 14
95 170 14
95 170 14
95 170 14
95 170 14
95 171 43
95 171 14
95 171 14
95 171 14
95 171 14
95 171 14
95 171 14
95 171 14
95 171 14
95 171 14
95 171 14
94 171 40
94 171 14
94 171 14
94 171 14
94 171 14
94 171 14
94 171 14
94 171 14
94 171 14
94 171 14
94 171 14
94 171 14
94 172 36
94 172 14
94 172 14
94 172 14
94 172 14
94 172 14
94 172 14
94 172 14
94 172 14
94 172 14
94 172 14
94 172 14
93 172 30
93 172 14
93 172 14
93 172 14
93 172 14
93 172 14
93 172 14
93 172 14
93 172 14
93 172 14
93 172 14
93 172 14
92 172 26
92 172 14
92 172 14
92 172 14
92 172 14
92 172 14
92 172 14
92 172 14
92 172 14
92 172 14
92 172 14
92 173 20
92 173 14
92 173 14
92 173 14
92 173 14
92 173 14
92 173 14
92 173 14
92 173 14
92 173 14
92 173 14
91 173 15
91 173 14
91 173 14
91 173 14
91 173 14
91 173 14
91 173 14
91 173 14
91 173 14
91 173 14
91 174 15
91 174 14
91 174 14
91 174 14
91 174 14
91 174 14
91 174 14
91 174 14
91 174 14
91 175 15
91 175 14
91 175 14
91 175 14
91 175 14
91 175 14
91 175 14
91 175 14
91 176 15
91 176 14
91 176 14
91 176 14
91 176 14
91 176 14
90 176 15
90 176 14
90 176 14
90 176 14
90 177 15
90 177 14
90 177 14
90 178 15
90 178 14
90 179 15
90 179 14
90 180 15
89 180 15
89 181 15
88 181 15
88 182 15
88 183 15
87 183 15
86 183 15
86 184 15
85 184 15
84 184 15
83 184 15
83 184 14
82 184 15
82 184 14
82 185 15
82 185 14
82 186 15
82 187 15
82 188 15
81 188 15
81 189 15
81 190 15
81 191 15
81 192 15
80 192 15
79 192 15
78 192 15
77 192 19
76 192 24
75 192 28
74 192 30
73 192 31
72 192 31
71 192 30
70 192 28
69 192 25
68 192 22
132 147 73
132 147 14
132 147 14
132 147 14
132 148 49
132 148 14
132 148 14
132 148 14
132 148 14
132 148 14
132 149 27
132 149 14
132 149 14
132 149 14
132 149 14
132 149 14
132 149 14
132 149 14
132 150 15
132 150 14
132 150 14
132 150 14
132 150 14
132 150 14
132 150 14
132 150 14
132 150 14
132 151 15
132 151 14
132 151 14
132 151 14
132 151 14
132 151 14
132 151 14
132 151 14
132 151 14
131 151 15
131 151 14
131 151 14
131 151 14
131 151 14
131 151 14
130 151 15
130 151 14
130 151 14
130 151 14
129 151 15
129 151 14
129 151 14
128 151 15
128 151 14
127 151 15
127 151 14
126 151 15
125 151 15
125 152 15
125 153 15
124 153 15
123 153 15
122 153 15
121 153 15
120 153 15
119 154 15
119 155 15
119 156 15
119 157 15
119 158 15
119 159 15
119 160 15
119 161 15
119 162 15
119 163 15
119 164 15
119 165 15
132 135 235
132 136 241
132 137 243
132 138 240
132 139 234
132 140 224
132 141 209
132 142 192
132 143 171
132 144 148
132 145 124
132 133 215
132 133 14
132 133 14
132 133 14
132 133 14
132 132 200
132 132 14
132 132 14
132 132 14
132 132 14
132 132 14
132 132 14
132 132 14
132 131 185
132 131 14
132 131 14
132 131 14
132 131 14
132 131 14
132 131 14
132 131 14
132 131 14
132 131 14
133 131 168
133 131 14
133 131 14
133 131 14
133 131 14
133 131 14
133 131 14
133 131 14
133 131 14
133 131 14
133 131 14
133 131 14
133 130 149
133 130 14
133 130 14
133 130 14
133 130 14
133 130 14
133 130 14
133 130 14
133 130 14
133 130 14
133 130 14
133 129 130
133 129 14
133 129 14
133 129 14
133 129 14
133 129 14
133 129 14
133 129 14
133 129 14
134 129 112
134 129 14
134 129 14
134 129 14
134 129 14
134 129 14
134 129 14
134 129 14
134 129 14
134 129 14
134 128 92
134 128 14
134 128 14
134 128 14
134 128 14
134 128 14
134 128 14
134 128 14
134 127 74
134 127 14
134 127 14
134 127 14
134 127 14
134 127 14
134 127 14
135 127 56
135 127 14
135 127 14
135 127 14
135 127 14
135 127 14
135 127 14
135 126 40
135 126 14
135 126 14
135 126 14
135 126 14
135 126 14
136 126 24
136 126 14
136 126 14
136 126 14
136 126 14
136 126 14
136 126 14
137 126 15
137 126 14
137 126 14
137 126 14
137 126 14
137 126 14
137 126 14
138 126 15
138 126 14
138 126 14
138 126 14
138 126 14
138 126 14
138 126 14
139 126 15
139 126 14
139 126 14
139 126 14
139 126 14
139 126 14
140 126 15
140 126 14
140 126 14
140 126 14
141 126 15
141 126 14
141 126 14
142 126 15
142 126 14
143 126 15
143 126 14
144 126 15
144 125 15
143 125 15
143 125 14
143 124 15
143 124 14
143 123 15
143 123 14
142 123 15
142 123 14
142 123 14
141 123 15
141 123 14
141 123 14
140 123 15
140 123 14
140 123 14
140 123 14
139 123 15
139 123 14
139 123 14
139 123 14
139 122 15
139 122 14
139 122 14
139 122 14
139 121 15
139 121 14
139 121 14
139 121 14
138 121 15
138 121 14
138 121 14
138 121 14
137 121 15
137 121 14
137 121 14
136 121 15
136 121 14
136 121 14
136 120 15
136 120 14
136 120 14
136 119 23
136 119 14
136 118 41
135 118 60
135 117 80
134 117 101
134 116 121
134 115 142
134 114 162
134 113 180
134 112 197
134 112 14
134 111 210
134 111 14
134 110 220
134 110 14
133 109 221
133 109 14
132 109 215
132 109 14
132 108 208
132 107 196
132 106 181
132 105 162
131 105 141
131 104 116
131 104 14
131 104 14
131 103 90
131 103 14
131 103 14
131 103 14
131 103 14
131 102 63
131 102 14
131 102 14
131 102 14
131 102 14
131 102 14
131 102 14
131 101 37
131 101 14
131 101 14
131 101 14
131 101 14
131 101 14
131 101 14
131 101 14
131 100 15
131 100 14
131 100 14
131 100 14
131 100 14
131 100 14
131 100 14
131 100 14
131 99 15
131 99 14
131 99 14
131 99 14
131 99 14
131 99 14
131 98 15
131 98 14
131 98 14
131 98 14
132 98 15
132 98 14
132 98 14
132 98 14
132 98 14
132 97 15
132 97 14
132 97 14
132 96 15
132 96 14
133 96 15
133 96 14
133 96 14
133 95 15
133 95 14
133 94 15
133 94 14
133 93 15
133 92 15
133 91 15
133 90 15
133 89 15
133 88 15
133 87 15
134 87 19
134 86 22
135 86 25
135 85 25
135 84 24
135 83 21
137 31 15
137 31 14
138 31 15
138 31 14
138 32 15
138 32 14
139 32 15
139 32 14
140 32 15
140 32 14
140 33 15
140 33 14
140 34 15
140 35 15
140 35 14
140 36 15
140 36 14
140 37 22
140 38 46
140 39 72
140 40 99
140 41 125
140 42 153
140 43 179
140 44 206
140 44 14
140 45 231
140 45 14
140 45 14
140 45 14
140 45 14
140 45 14
139 46 280
139 46 14
139 46 14
139 46 14
139 46 14
139 47 299
139 47 14
139 47 14
139 47 14
139 47 14
139 47 14
139 47 14
139 47 14
139 47 14
139 47 14
139 48 315
139 48 14
139 48 14
139 48 14
139 48 14
139 48 14
139 48 14
139 48 14
139 48 14
139 48 14
139 48 14
139 48 14
139 48 14
139 48 14
139 48 14
139 48 14
139 49 330
139 49 14
139 49 14
139 49 14
139 49 14
139 49 14
139 49 14
139 49 14
139 49 14
139 49 14
139 49 14
139 49 14
139 49 14
139 49 14
139 49 14
139 49 14
139 49 14
139 49 14
139 49 14
139 49 14
139 49 14
139 49 14
139 49 14
139 49 14
139 50 342
139 50 14
139 50 14
139 50 14
139 50 14
139 50 14
139 50 14
139 50 14
139 50 14
139 50 14
139 50 14
139 50 14
139 50 14
139 50 14
139 50 14
139 50 14
139 50 14
139 50 14
139 50 14
139 50 14
139 50 14
139 50 14
139 50 14
139 50 14
139 50 14
139 50 14
139 50 14
139 50 14
139 50 14
139 50 14
139 50 14
139 50 14
139 50 14
139 50 14
139 50 14
139 51 350
139 51 14
139 51 14
139 51 14
139 51 14
139 51 14
139 51 14
139 51 14
139 51 14
139 51 14
139 51 14
139 51 14
139 51 14
139 51 14
139 51 14
139 51 14
139 51 14
139 51 14
139 51 14
139 51 14
139 51 14
139 51 14
139 51 14
139 51 14
139 51 14
139 51 14
139 51 14
139 51 14
139 51 14
139 51 14
139 51 14
139 51 14
139 51 14
139 51 14
139 51 14
139 51 14
139 51 14
139 51 14
139 51 14
139 51 14
139 51 14
139 51 14
139 51 14
139 51 14
139 51 14
139 51 14
139 51 14
139 51 14
139 52 356
139 52 14
139 52 14
139 52 14
139 52 14
139 52 14
139 52 14
139 52 14
139 52 14
139 52 14
139 52 14
139 52 14
139 52 14
139 52 14
139 52 14
139 52 14
139 52 14
139 52 14
139 52 14
139 52 14
139 52 14
139 52 14
139 52 14
139 52 14
139 52 14
139 52 14
139 52 14
139 52 14
139 52 14
139 52 14
139 52 14
139 52 14
139 52 14
139 52 14
139 52 14
139 52 14
139 52 14
139 52 14
139 52 14
139 52 14
139 52 14
139 52 14
139 52 14
139 52 14
139 52 14
139 52 14
139 52 14
139 52 14
139 52 14
139 52 14
139 52 14
139 52 14
139 52 14
139 52 14
139 52 14
139 52 14
139 52 14
139 52 14
139 52 14
139 52 14
139 52 14
139 52 14
139 52 14
139 53 357
139 53 14
139 53 14
139 53 14
139 53 14
139 53 14
139 53 14
139 53 14
139 53 14
139 53 14
139 53 14
139 53 14
139 53 14
139 53 14
139 53 14
139 53 14
139 53 14
139 53 14
139 53 14
139 53 14
139 53 14
139 53 14
139 53 14
139 53 14
139 53 14
139 53 14
139 53 14
139 53 14
139 53 14
139 53 14
139 53 14
139 53 14
139 53 14
139 53 14
139 53 14
139 53 14
139 53 14
139 53 14
139 53 14
139 53 14
139 53 14
139 53 14
139 53 14
139 53 14
139 53 14
139 53 14
139 53 14
139 53 14
139 53 14
139 53 14
139 53 14
139 53 14
139 53 14
139 53 14
139 53 14
139 53 14
139 53 14
139 53 14
139 53 14
139 53 14
139 53 14
139 53 14
139 53 14
139 53 14
139 53 14
139 53 14
139 53 14
139 53 14
139 53 14
139 53 14
139 53 14
139 53 14
139 53 14
139 53 14
139 53 14
139 53 14
139 53 14
139 54 355
139 54 14
139 54 14
139 54 14
139 54 14
139 54 14
139 54 14
139 54 14
139 54 14
139 54 14
139 54 14
139 54 14
139 54 14
139 54 14
139 54 14
139 54 14
139 54 14
139 54 14
139 54 14
139 54 14
139 54 14
139 54 14
139 54 14
139 54 14
139 54 14
139 54 14
139 54 14
139 54 14
139 54 14
139 54 14
139 54 14
139 54 14
139 54 14
139 54 14
139 54 14
139 54 14
139 54 14
139 54 14
139 54 14
139 54 14
139 54 14
139 54 14
139 54 14
139 54 14
139 54 14
139 54 14
139 54 14
139 54 14
139 54 14
139 54 14
139 54 14
139 54 14
139 54 14
139 54 14
139 54 14
139 54 14
139 54 14
139 54 14
139 54 14
139 54 14
139 54 14
139 54 14
139 54 14
139 54 14
139 54 14
139 54 14
139 54 14
139 54 14
139 54 14
139 54 14
139 54 14
139 54 14
139 54 14
139 54 14
139 54 14
139 54 14
139 54 14
139 54 14
139 54 14
139 54 14
139 54 14
139 54 14
139 54 14
139 54 14
139 54 14
139 54 14
139 54 14
139 54 14
139 55 350
139 55 14
139 55 14
139 55 14
139 55 14
139 55 14
139 55 14
139 55 14
139 55 14
139 55 14
139 55 14
139 55 14
139 55 14
139 55 14
139 55 14
139 55 14
139 55 14
139 55 14
139 55 14
139 55 14
139 55 14
139 55 14
139 55 14
139 55 14
139 55 14
139 55 14
139 55 14
139 55 14
139 55 14
139 55 14
139 55 14
139 55 14
139 55 14
139 55 14
139 55 14
139 55 14
139 55 14
139 55 14
139 55 14
139 55 14
139 55 14
139 55 14
139 55 14
139 55 14
139 55 14
139 55 14
139 55 14
139 55 14
139 55 14
139 55 14
139 55 14
139 55 14
139 55 14
139 55 14
139 55 14
139 55 14
139 55 14
139 55 14
139 55 14
139 55 14
139 55 14
139 55 14
139 55 14
139 55 14
139 55 14
139 55 14
139 55 14
139 55 14
139 55 14
139 55 14
139 55 14
139 55 14
139 55 14
139 55 14
139 55 14
139 55 14
139 55 14
139 55 14
139 55 14
139 55 14
139 55 14
139 55 14
139 55 14
139 55 14
139 55 14
139 55 14
139 55 14
139 55 14
139 55 14
139 55 14
139 55 14
139 55 14
139 55 14
139 55 14
139 55 14
139 56 340
139 56 14
139 56 14
139 56 14
139 56 14
139 56 14
139 56 14
139 56 14
139 56 14
139 56 14
139 56 14
139 56 14
139 56 14
139 56 14
139 56 14
139 56 14
139 56 14
139 56 14
139 56 14
139 56 14
139 56 14
139 56 14
139 56 14
139 56 14
139 56 14
139 56 14
139 56 14
139 56 14
139 56 14
139 56 14
139 56 14
139 56 14
139 56 14
139 56 14
139 56 14
139 56 14
139 56 14
139 56 14
139 56 14
139 56 14
139 56 14
139 56 14
139 56 14
139 56 14
139 56 14
139 56 14
139 56 14
139 56 14
139 56 14
139 56 14
139 56 14
139 56 14
139 56 14
139 56 14
139 56 14
139 56 14
139 56 14
139 56 14
139 56 14
139 56 14
139 56 14
139 56 14
139 56 14
139 56 14
139 56 14
139 56 14
139 56 14
139 56 14
139 56 14
139 56 14
139 56 14
139 56 14
139 56 14
139 56 14
139 56 14
139 56 14
139 56 14
139 56 14
139 56 14
139 56 14
139 56 14
139 56 14
139 56 14
139 56 14
139 56 14
139 56 14
139 56 14
139 56 14
139 56 14
139 56 14
139 56 14
139 56 14
139 56 14
139 56 14
139 56 14
139 56 14
139 56 14
139 56 14
139 56 14
139 57 326
139 57 14
139 57 14
139 57 14
139 57 14
139 57 14
139 57 14
139 57 14
139 57 14
139 57 14
139 57 14
139 57 14
139 57 14
139 57 14
139 57 14
139 57 14
139 57 14
139 57 14
139 57 14
139 57 14
139 57 14
139 57 14
139 57 14
139 57 14
139 57 14
139 57 14
139 57 14
139 57 14
139 57 14
139 57 14
139 57 14
139 57 14
139 57 14
139 57 14
139 57 14
139 57 14
139 57 14
139 57 14
139 57 14
139 57 14
139 57 14
139 57 14
139 57 14
139 57 14
139 57 14
139 57 14
139 57 14
139 57 14
139 57 14
139 57 14
139 57 14
139 57 14
139 57 14
139 57 14
139 57 14
139 57 14
139 57 14
139 57 14
139 57 14
139 57 14
139 57 14
139 57 14
139 57 14
139 57 14
139 57 14
139 57 14
139 57 14
139 57 14
139 57 14
139 57 14
139 57 14
139 57 14
139 57 14
139 57 14
139 57 14
139 57 14
139 57 14
139 57 14
139 57 14
139 57 14
139 57 14
139 57 14
139 57 14
139 57 14
139 57 14
139 57 14
139 57 14
139 57 14
139 57 14
139 57 14
139 57 14
139 57 14
139 57 14
139 57 14
139 57 14
139 57 14
139 57 14
139 58 309
139 58 14
139 58 14
139 58 14
139 58 14
139 58 14
139 58 14
139 58 14
139 58 14
139 58 14
139 58 14
139 58 14
139 58 14
139 58 14
139 58 14
139 58 14
139 58 14
139 58 14
139 58 14
139 58 14
139 58 14
139 58 14
139 58 14
139 58 14
139 58 14
139 58 14
139 58 14
139 58 14
139 58 14
139 58 14
139 58 14
139 58 14
139 58 14
139 58 14
139 58 14
139 58 14
139 58 14
139 58 14
139 58 14
139 58 14
139 58 14
139 58 14
139 58 14
139 58 14
139 58 14
139 58 14
139 58 14
139 58 14
139 58 14
139 58 14
139 58 14
139 58 14
139 58 14
139 58 14
139 58 14
139 58 14
139 58 14
139 58 14
139 58 14
139 58 14
139 58 14
139 58 14
139 58 14
139 58 14
139 58 14
139 58 14
139 58 14
139 58 14
139 58 14
139 58 14
139 58 14
139 58 14
139 58 14
139 58 14
139 58 14
139 58 14
139 58 14
139 58 14
139 58 14
139 58 14
139 58 14
139 58 14
139 58 14
139 58 14
139 58 14
139 58 14
139 58 14
139 58 14
139 58 14
139 59 289
139 59 14
139 59 14
139 59 14
139 59 14
139 59 14
139 59 14
139 59 14
139 59 14
139 59 14
139 59 14
139 59 14
139 59 14
139 59 14
139 59 14
139 59 14
139 59 14
139 59 14
139 59 14
139 59 14
139 59 14
139 59 14
139 59 14
139 59 14
139 59 14
139 59 14
139 59 14
139 59 14
139 59 14
139 59 14
139 59 14
139 59 14
139 59 14
139 59 14
139 59 14
139 59 14
139 59 14
139 59 14
139 59 14
139 59 14
139 59 14
139 59 14
139 59 14
139 59 14
139 59 14
139 59 14
139 59 14
139 59 14
139 59 14
139 59 14
139 59 14
139 59 14
139 59 14
139 59 14
139 59 14
139 59 14
139 59 14
139 59 14
139 59 14
139 59 14
139 59 14
139 59 14
139 59 14
139 59 14
139 59 14
139 59 14
139 59 14
139 59 14
139 59 14
139 59 14
139 59 14
139 59 14
139 59 14
139 59 14
139 59 14
139 60 265
139 60 14
139 60 14
139 60 14
139 60 14
139 60 14
139 60 14
139 60 14
139 60 14
139 60 14
139 60 14
139 60 14
139 60 14
139 60 14
139 60 14
139 60 14
139 60 14
139 60 14
139 60 14
139 60 14
139 60 14
139 60 14
139 60 14
139 60 14
139 60 14
139 60 14
139 60 14
139 60 14
139 60 14
139 60 14
139 60 14
139 60 14
139 60 14
139 60 14
139 60 14
139 60 14
139 60 14
139 60 14
139 60 14
139 60 14
139 60 14
139 60 14
139 60 14
139 60 14
139 60 14
139 60 14
139 60 14
139 60 14
139 60 14
139 60 14
139 60 14
139 60 14
139 60 14
139 60 14
139 60 14
139 61 240
139 61 14
139 61 14
139 61 14
139 61 14
139 61 14
139 61 14
139 61 14
139 61 14
139 61 14
139 61 14
139 61 14
139 61 14
139 61 14
139 61 14
139 61 14
139 61 14
139 61 14
139 61 14
139 61 14
139 61 14
139 61 14
139 61 14
139 61 14
139 61 14
139 61 14
139 61 14
139 61 14
139 61 14
139 61 14
139 61 14
139 61 14
139 61 14
139 61 14
139 61 14
139 62 212
139 62 14
139 62 14
139 62 14
139 62 14
139 62 14
139 62 14
139 62 14
139 62 14
139 62 14
139 62 14
139 62 14
139 62 14
139 62 14
139 62 14
139 62 14
139 62 14
139 62 14
139 63 183
139 63 14
139 63 14
139 63 14
139 63 14
139 63 14
139 63 14
139 64 153
139 65 124
139 66 95
139 67 68
139 68 42
139 69 20
139 69 14
139 70 15
139 70 14
139 71 15
139 71 14
138 71 15
138 71 14
137 71 15
137 71 14
137 72 15
137 72 14
137 73 15
137 74 15
137 75 15
137 76 15
136 76 15
136 77 15
136 78 15
136 79 15
136 80 15
136 81 15
136 82 15
136 30 15
136 30 14
136 29 15
136 29 14
136 29 14
135 29 15
135 29 14
135 29 14
135 28 15
135 28 14
135 28 14
134 28 15
134 28 14
134 28 14
134 27 15
134 27 14
134 27 14
134 26 15
134 26 14
134 26 14
133 26 15
133 26 14
133 26 14
132 26 15
132 26 14
131 26 15
131 26 14
131 25 15
131 25 14
130 25 15
129 25 15
128 25 15
127 25 15
126 25 15
125 25 15
124 24 15
123 24 15
122 24 15
121 24 15
120 24 15
119 24 15
119 25 15
118 25 15
117 25 15
117 26 15
117 27 15
116 27 15
115 27 15
114 27 15
114 28 15
114 29 15
113 29 15
113 30 15
112 30 15
111 30 15
110 30 15
110 31 15
110 32 15
110 33 15
110 33 14
109 33 15
108 33 15
107 33 15
106 33 15
106 34 15
105 34 15
104 34 15
104 35 15
104 35 14
104 36 15
104 36 14
104 37 15
104 37 14
104 37 14
104 38 15
104 38 14
104 38 14
104 38 14
104 39 15
104 39 14
104 39 14
104 39 14
104 39 14
104 40 24
104 40 14
104 40 14
104 40 14
104 40 14
104 41 52
104 41 14
104 41 14
104 41 14
104 41 14
104 42 83
104 42 14
104 42 14
103 43 113
102 43 119
101 43 132
101 44 144
100 44 154
100 45 160
99 45 165
99 46 167
98 46 165
98 47 163
97 47 154
96 47 145
96 47 14
95 47 134
95 47 14
95 47 14
95 48 117
95 48 14
95 48 14
94 48 98
94 48 14
94 48 14
93 48 78
93 48 14
93 48 14
92 48 56
92 48 14
92 48 14
91 48 32
91 48 14
91 48 14
90 48 15
90 48 14
90 48 14
89 48 15
89 48 14
88 48 15
88 48 14
88 47 15
88 47 14
87 47 15
87 47 14
86 47 15
86 47 14
85 47 15
84 47 15
84 46 15
84 46 14
83 46 15
83 46 14
82 46 15
81 46 15
81 47 15
80 47 15
79 47 15
79 48 15
78 48 15
77 48 15
76 48 15
76 49 15
75 49 15
75 50 15
74 50 15
73 50 15
72 50 15
71 50 15
70 51 15
70 52 15
70 53 15
70 54 15
70 55 15
70 56 15
70 57 15
70 58 15
70 59 15
70 60 15
70 61 15
70 62 15
69 63 15
68 63 15
67 63 15
66 63 15
65 63 15
64 63 15
63 63 15
63 64 15
63 64 14
63 65 15
63 65 14
63 66 15
63 66 14
63 67 15
63 67 14
63 67 14
62 67 15
62 67 14
62 67 14
61 67 15
61 67 14
60 67 15
60 67 14
59 67 15
59 67 14
145 126 15
146 126 15
146 125 15
146 124 15
147 124 15
148 124 15
149 124 15
150 124 15
150 123 15
150 122 15
150 121 15
151 121 15
152 121 15
153 121 15
154 121 15
155 122 17
155 123 16
155 124 15
155 125 15
155 126 15
155 127 15
156 127 15
156 128 15
156 129 15
156 130 15
156 131 15
156 132 15
156 133 15
156 134 15
156 135 15
157 135 15
157 136 15
157 137 15
158 137 15
158 138 15
158 139 15
159 139 15
159 140 15
159 140 14
160 140 15
161 140 15
161 141 15
161 142 15
162 142 15
163 142 15
164 142 15
164 143 15
165 143 18
165 144 20
166 144 21
167 144 21
167 145 20
168 145 18
169 145 15
170 145 15
170 146 15
170 147 15
170 148 15
170 149 15
170 150 15
170 151 15
170 152 15
170 153 15
170 154 15
170 155 15
170 156 15
170 157 15
170 158 15
170 159 15
170 160 15
170 161 15
170 162 15
170 163 15
170 164 15
170 165 15
155 120 19
155 119 19
155 118 19
155 117 19
155 116 19
155 115 19
155 114 19
156 114 18
156 113 16
157 113 15
158 113 15
159 113 15
160 113 15
161 113 15
162 113 15
163 113 15
164 113 15
165 113 15
31 109 17
31 108 16
31 107 15
31 106 15
31 105 15
30 105 15
30 104 15
30 103 15
29 103 15
28 103 15
28 102 15
28 101 15
27 101 15
26 101 15
26 101 14
26 100 15
26 100 14
26 99 15
26 99 14
26 98 15
26 98 14
26 97 15
26 97 14
26 97 14
25 97 15
25 97 14
25 97 14
25 96 15
25 96 14
25 96 14
25 95 15
25 95 14
25 95 14
25 94 15
25 94 14
25 94 14
25 93 15
25 93 14
25 93 14
25 92 15
25 92 14
25 92 14
25 92 14
25 91 15
25 91 14
25 91 14
25 91 14
25 90 15
25 90 14
25 90 14
25 90 14
24 90 15
24 90 14
24 90 14
24 90 14
24 89 15
24 89 14
24 89 14
24 88 17
24 88 14
24 88 14
24 87 21
24 87 14
24 87 14
24 86 26
24 86 14
24 85 30
24 85 14
23 84 21
23 84 14
22 84 16
22 84 14
22 83 15
22 83 14
22 83 14
22 82 15
22 82 14
22 82 14
22 81 15
22 81 14
22 81 14
22 80 15
22 80 14
22 80 14
22 79 15
22 79 14
22 79 14
21 79 15
21 79 14
21 79 14
20 79 15
20 79 14
19 79 15
19 79 14
18 79 15
18 79 14
18 78 15
18 78 14
18 77 15
18 77 14
17 77 15
17 77 14
16 77 15
16 77 14
16 76 15
16 76 14
16 75 15
16 75 14
16 74 15
16 74 14
