69 0 75
96 72 75
176 73 75
176 73 65
176 73 65
176 73 65
176 73 65
176 73 65
176 73 65
176 73 65
176 73 65
176 73 65
42 160 75
121 59 75
152 153 75
152 153 65
152 153 65
152 153 65
152 153 65
152 153 65
152 153 65
152 153 65
152 153 65
152 153 65
152 153 65
152 153 65
152 153 65
152 153 65
152 153 65
152 153 65
152 153 65
152 153 65
152 153 65
152 153 65
152 153 65
152 153 65
152 153 65
152 153 65
152 153 65
152 153 65
152 153 65
152 153 65
152 153 65
152 153 65
152 153 65
152 153 65
152 153 65
152 153 65
152 153 65
152 153 65
152 153 65
152 153 65
152 153 65
13 126 75
150 27 75
146 101 75
78 110 75
179 4 75
65 180 75
109 65 75
51 166 75
58 173 75
163 21 75
163 21 65
163 21 65
163 21 65
163 21 65
163 21 65
163 21 65
163 21 65
163 21 65
139 33 75
151 39 75
151 39 65
151 39 65
151 39 65
22 119 75
22 119 65
157 106 75
157 93 75
157 93 65
81 0 75
81 7 75
81 7 65
26 132 75
131 52 75
141 45 75
15 138 75
29 144 75
29 144 65
29 144 65
29 144 65
29 144 65
167 83 75
167 83 65
167 83 65
167 83 65
167 83 65
167 83 65
167 83 65
167 83 65
167 83 65
167 83 65
167 83 65
70 13 75
42 173 75
49 179 75
55 186 75
146 87 75
146 87 65
133 66 75
133 66 65
133 66 65
133 66 65
133 66 65
133 66 65
133 66 65
133 66 65
133 66 65
129 39 75
119 45 75
32 155 75
32 167 75
58 7 75
57 0 75
166 69 75
166 69 65
166 69 65
166 69 65
166 69 65
166 69 65
166 69 65
166 69 65
166 69 65
166 69 65
166 69 65
166 69 65
166 69 65
166 69 65
166 69 65
188 79 75
188 79 65
199 72 75
199 72 65
199 72 65
199 72 65
199 72 65
199 72 65
199 72 65
199 72 65
199 72 65
199 72 65
199 72 65
199 72 65
189 94 75
178 88 75
178 102 75
168 97 75
46 1 75
108 51 75
108 51 65
108 51 65
108 51 65
168 111 75
168 111 65
168 111 65
168 111 65
168 111 65
18 150 75
18 150 65
18 150 65
46 15 75
46 15 65
46 15 65
46 15 65
46 15 65
46 15 65
58 21 75
58 21 65
58 21 65
58 21 65
58 21 65
58 21 65
58 21 65
58 21 65
58 21 65
58 21 65
20 161 75
20 161 65
20 161 65
20 161 65
20 161 65
20 161 65
34 9 75
34 0 75
23 3 75
23 3 65
23 3 65
23 3 65
23 3 65
23 3 65
23 3 65
23 3 65
23 3 65
96 57 75
83 64 75
62 193 75
62 193 65
72 187 75
92 2 75
92 2 65
92 2 65
92 2 65
92 2 65
92 2 65
92 2 65
92 2 65
92 2 65
92 2 65
134 96 75
134 81 75
122 89 75
122 89 65
122 89 65
122 89 65
122 89 65
122 89 65
122 89 65
122 74 75
122 74 65
72 199 75
72 199 65
72 199 65
72 199 65
72 199 65
72 199 65
67 117 75
67 117 65
67 117 65
67 117 65
67 117 65
67 117 65
67 117 65
67 117 65
67 117 65
67 117 65
67 117 65
67 117 65
80 95 75
80 95 65
80 95 65
81 80 75
138 160 75
138 160 65
125 155 75
124 168 75
137 173 75
137 173 65
137 173 65
137 173 65
137 173 65
127 144 75
129 133 75
129 133 65
131 122 75
131 122 65
131 122 65
131 122 65
131 122 65
131 122 65
131 122 65
131 122 65
131 122 65
131 122 65
116 129 75
116 129 65
116 129 65
116 129 65
116 129 65
116 129 65
116 129 65
116 129 65
116 129 65
116 129 65
116 129 65
116 129 65
116 129 65
139 148 75
139 148 65
141 137 75
143 126 75
143 126 65
143 126 65
143 126 65
143 126 65
143 126 65
143 126 65
143 126 65
143 126 65
123 182 75
123 182 65
123 182 65
123 182 65
110 176 75
110 190 75
110 190 65
110 190 65
110 190 65
110 190 65
110 190 65
110 190 65
110 190 65
110 190 65
110 190 65
111 163 75
97 171 75
97 171 65
97 171 65
97 171 65
97 171 65
97 171 65
97 171 65
97 171 65
97 171 65
97 171 65
82 21 75
82 21 65
82 21 65
82 21 65
82 21 65
82 21 65
82 21 65
82 21 65
82 21 65
82 21 65
82 21 65
82 21 65
82 21 65
82 21 65
34 23 75
34 23 65
23 17 75
23 17 65
23 17 65
22 31 75
22 31 65
22 31 65
22 31 65
22 31 65
22 31 65
22 31 65
112 151 75
100 147 75
100 147 65
100 147 65
100 147 65
100 147 65
100 147 65
100 147 65
100 147 65
100 147 65
100 147 65
114 140 75
114 140 65
114 140 65
114 140 65
114 140 65
114 140 65
34 37 75
45 43 75
45 43 65
45 43 65
45 43 65
45 43 65
46 29 75
46 29 65
46 29 65
46 29 65
46 29 65
46 29 65
46 29 65
96 185 75
96 185 65
96 185 65
96 185 65
96 185 65
96 185 65
96 185 65
96 185 65
96 185 65
96 185 65
96 185 65
96 185 65
96 185 65
96 185 65
96 185 65
98 159 75
98 159 65
98 159 65
98 159 65
98 159 65
98 159 65
98 159 65
98 159 65
98 159 65
98 159 65
98 159 65
98 159 65
98 159 65
143 126 65
143 126 65
143 126 65
143 126 65
143 126 65
143 126 65
143 126 65
143 126 65
143 126 65
33 52 75
33 52 65
124 196 75
124 196 65
124 196 65
124 196 65
124 196 65
124 196 65
124 196 65
124 196 65
124 196 65
124 196 65
124 196 65
124 196 65
124 196 65
124 196 65
124 196 65
124 196 65
22 45 75
22 45 65
22 45 65
22 45 65
22 45 65
22 45 65
22 45 65
22 45 65
22 45 65
22 45 65
100 147 65
100 147 65
100 147 65
100 147 65
100 147 65
100 147 65
100 147 65
100 147 65
100 147 65
100 147 65
100 147 65
100 147 65
100 147 65
100 147 65
100 147 65
100 147 65
131 122 65
131 122 65
131 122 65
131 122 65
131 122 65
131 122 65
131 122 65
131 122 65
131 122 65
131 122 65
131 122 65
131 122 65
131 122 65
131 122 65
131 122 65
131 122 65
131 122 65
131 122 65
131 122 65
131 122 65
131 122 65
131 122 65
131 122 65
131 122 65
131 122 65
131 122 65
131 122 65
131 122 65
131 122 65
131 122 65
131 122 65
131 122 65
131 122 65
131 122 65
131 122 65
131 122 65
131 122 65
131 122 65
131 122 65
131 122 65
131 122 65
131 122 65
131 122 65
156 119 75
156 119 65
156 119 65
156 119 65
45 58 75
45 58 65
45 58 65
45 58 65
45 58 65
45 58 65
45 58 65
45 58 65
45 58 65
45 58 65
45 58 65
32 67 75
32 67 65
32 67 65
21 60 75
20 76 75
9 68 75
8 84 75
8 84 65
8 84 65
8 84 65
8 84 65
8 84 65
8 84 65
8 84 65
8 84 65
8 84 65
8 84 65
8 84 65
31 82 75
31 82 65
31 82 65
31 82 65
31 82 65
31 82 65
31 82 65
31 82 65
31 82 65
31 82 65
31 82 65
31 82 65
31 82 65
0 61 75
10 54 75
0 47 75
11 25 75
0 33 75
0 33 65
0 19 75
0 19 65
10 39 75
10 39 65
10 39 65
10 39 65
10 39 65
10 39 65
10 39 65
10 39 65
11 11 75
11 11 65
11 11 65
11 11 65
11 11 65
11 11 65
11 11 65
11 11 65
11 11 65
11 11 65
10 39 65
10 39 65
10 39 65
10 39 65
10 39 65
11 11 65
11 11 65
11 11 65
11 11 65
11 11 65
11 11 65
11 11 65
0 76 75
0 76 65
0 76 65
0 76 65
58 21 65
58 21 65
58 21 65
58 21 65
58 21 65
58 21 65
58 21 65
58 21 65
58 21 65
58 21 65
58 21 65
58 21 65
58 21 65
58 21 65
92 2 65
92 2 65
92 2 65
92 2 65
92 2 65
92 2 65
92 2 65
43 74 75
55 80 75
55 80 65
55 80 65
69 72 75
69 72 65
78 109 20
78 109 59
78 108 15
78 108 59
78 107 15
78 107 59
78 106 15
78 106 59
79 106 15
79 106 59
79 105 15
79 105 59
80 105 15
80 105 59
80 104 15
80 104 59
80 103 15
80 103 59
80 102 28
80 102 59
80 101 47
80 100 69
80 99 91
80 98 113
80 97 135
80 96 155
80 94 188
80 93 200
80 93 59
80 92 207
80 92 59
80 91 211
80 91 59
80 90 211
80 90 59
80 89 206
80 89 59
80 88 197
80 88 59
80 87 185
80 87 59
80 86 170
80 86 59
80 85 151
80 85 59
80 84 131
80 84 59
80 83 108
80 83 59
80 82 85
80 81 62
80 80 38
81 79 20
81 79 59
81 78 15
81 78 59
81 77 15
81 76 15
82 76 15
82 75 15
82 74 15
82 73 15
83 73 15
83 72 15
84 72 15
85 72 15
86 72 15
87 72 15
88 72 15
89 72 15
90 72 15
91 72 15
92 72 15
93 72 15
94 72 15
95 72 24
120 59 33
119 59 27
118 59 25
117 59 26
117 60 29
116 60 30
116 61 31
116 62 32
115 62 33
114 62 34
113 62 37
112 62 39
111 62 40
110 62 41
109 62 39
108 62 36
107 62 31
106 62 24
105 62 15
104 62 15
103 62 15
103 63 15
103 64 15
103 65 15
103 66 15
102 66 15
101 66 15
100 66 15
100 67 15
100 68 15
99 68 15
99 69 15
98 69 15
97 69 15
96 69 15
96 70 15
96 71 15
146 100 15
146 99 15
145 99 15
144 99 15
143 99 15
142 99 15
142 98 15
141 98 15
140 98 15
140 97 15
140 96 15
139 96 15
138 96 15
137 96 15
136 96 15
135 96 15
134 95 15
134 94 15
134 93 15
134 92 15
134 91 15
134 90 15
134 89 15
134 88 15
134 88 59
134 87 15
134 87 59
134 86 15
134 86 59
134 85 15
134 85 59
134 84 15
134 84 59
134 83 15
134 83 59
134 82 15
134 82 59
133 81 15
133 81 59
132 81 15
132 81 59
131 81 15
131 81 59
130 81 15
130 81 59
129 81 15
129 81 59
128 81 15
128 81 59
127 81 17
127 81 59
127 81 59
127 80 36
127 80 59
126 80 55
126 80 59
126 80 59
126 79 67
126 79 59
126 78 81
126 78 59
125 78 90
125 78 59
125 77 98
125 77 59
124 77 105
124 77 59
124 76 108
124 76 59
124 75 112
124 75 59
123 75 111
123 75 59
123 74 110
122 73 105
122 72 103
121 72 96
121 71 92
120 71 86
120 70 80
119 70 76
119 69 69
119 68 64
119 67 60
119 66 57
119 65 55
119 64 52
119 63 49
119 62 45
119 61 41
119 60 34
157 105 15
157 105 59
157 104 15
157 104 59
157 103 15
157 103 59
156 103 15
156 103 59
155 103 15
155 102 15
155 101 15
155 101 59
154 101 15
153 101 15
152 101 15
151 101 15
150 101 15
149 101 15
148 101 15
147 101 15
157 107 68
157 108 94
157 109 117
157 110 137
157 111 154
157 112 168
157 113 179
157 114 187
157 115 192
157 116 197
157 117 201
157 118 207
157 119 215
157 119 59
157 119 59
156 120 246
156 120 59
156 120 59
156 121 259
156 121 59
156 121 59
156 121 59
156 121 59
156 122 277
156 122 59
156 122 59
156 122 59
156 122 59
156 122 59
156 122 59
156 122 59
155 122 302
155 122 59
155 122 59
155 122 59
155 122 59
155 122 59
155 122 59
155 123 321
155 123 59
155 123 59
155 123 59
155 123 59
155 123 59
155 123 59
155 123 59
155 123 59
155 123 59
155 124 347
155 124 59
155 124 59
155 124 59
155 124 59
155 124 59
155 124 59
155 124 59
155 124 59
155 124 59
155 124 59
155 124 59
155 124 59
155 124 59
154 124 371
154 124 59
154 124 59
154 124 59
154 124 59
154 124 59
154 124 59
154 124 59
154 124 59
154 124 59
154 124 59
154 125 398
154 125 59
154 125 59
154 125 59
154 125 59
154 125 59
154 125 59
154 125 59
154 125 59
154 125 59
154 125 59
154 125 59
154 125 59
154 125 59
154 125 59
153 125 425
153 125 59
153 125 59
153 125 59
153 125 59
153 125 59
153 125 59
153 125 59
153 125 59
153 125 59
153 125 59
153 125 59
153 126 451
153 126 59
153 126 59
153 126 59
153 126 59
153 126 59
153 126 59
153 126 59
153 126 59
153 126 59
153 126 59
153 126 59
153 126 59
153 126 59
152 126 478
152 126 59
152 126 59
152 126 59
152 126 59
152 126 59
152 126 59
152 126 59
152 126 59
152 126 59
152 126 59
152 127 500
152 127 59
152 127 59
152 127 59
152 127 59
152 127 59
152 127 59
152 127 59
152 127 59
152 127 59
152 127 59
152 127 59
152 127 59
151 127 523
151 127 59
151 127 59
151 127 59
151 127 59
151 127 59
151 127 59
151 127 59
151 127 59
151 127 59
151 128 541
151 128 59
151 128 59
151 128 59
151 128 59
151 128 59
151 128 59
151 128 59
151 128 59
151 128 59
150 128 557
150 128 59
150 128 59
150 128 59
150 128 59
150 128 59
150 128 59
150 129 569
150 129 59
150 129 59
150 129 59
150 129 59
150 129 59
149 129 574
149 129 59
149 129 59
149 129 59
149 130 579
149 130 59
148 130 571
147 130 568
147 131 546
146 131 527
146 132 498
145 132 462
145 133 429
144 133 378
143 133 331
143 134 279
142 134 220
141 134 167
141 135 105
140 135 47
140 135 59
140 136 15
140 136 59
140 137 15
140 137 59
139 137 15
139 137 59
139 138 15
139 138 59
138 138 15
138 138 59
137 138 15
137 138 59
137 139 15
137 139 59
137 140 15
137 140 59
136 140 15
136 141 15
136 142 15
136 143 15
136 143 59
136 144 15
136 144 59
136 145 15
136 145 59
136 146 15
136 146 59
136 147 15
136 147 59
136 148 15
136 148 59
136 149 15
136 149 59
136 150 15
136 150 59
136 151 15
136 151 59
136 152 15
136 152 59
136 152 59
136 153 15
136 153 59
136 153 59
137 153 26
137 153 59
137 153 59
138 153 89
138 153 59
139 153 172
139 153 59
140 153 277
141 153 402
142 153 548
143 153 712
144 153 893
145 153 1086
146 153 1290
147 153 1500
148 153 1713
148 153 59
149 153 1924
149 153 59
149 153 59
150 153 2130
150 153 59
150 153 59
151 153 2327
151 153 59
151 153 59
158 103 15
158 103 59
158 102 15
158 102 59
159 102 15
159 102 59
160 102 15
160 102 59
160 101 15
160 101 59
161 101 15
161 101 59
162 101 15
162 101 59
163 101 15
163 101 59
163 100 15
163 100 59
163 99 15
163 99 59
164 99 20
164 99 59
165 99 26
165 99 59
166 99 28
166 99 59
167 99 28
167 99 59
168 99 25
168 99 59
169 99 20
169 99 59
170 99 15
170 99 59
171 99 15
171 99 59
172 99 15
172 99 59
173 99 15
173 99 59
173 98 15
173 98 59
174 98 15
174 98 59
174 97 15
174 97 59
175 97 15
175 97 59
176 97 15
176 97 59
176 96 15
176 96 59
177 96 15
177 95 15
177 94 15
178 94 15
178 93 15
178 92 15
178 92 59
178 91 15
178 91 59
178 90 15
178 90 59
178 89 15
178 89 59
179 88 15
179 88 59
180 88 15
180 88 59
181 88 15
181 88 59
181 87 15
181 87 59
181 86 15
181 86 59
181 85 22
181 85 59
181 84 51
181 83 83
181 82 115
181 81 148
181 80 183
181 79 218
181 78 253
181 77 289
181 76 326
181 75 364
180 75 400
180 74 436
180 73 472
179 73 507
178 73 545
177 73 585
149 27 30
149 28 15
149 28 59
149 29 15
149 29 59
148 29 15
148 29 59
147 29 15
146 29 15
145 29 15
145 30 15
145 31 15
144 31 15
143 31 15
143 32 15
143 33 15
142 33 15
142 34 15
141 34 15
141 35 15
141 36 15
141 37 15
141 38 15
141 39 15
141 40 15
141 41 15
141 42 15
141 42 59
141 43 15
141 43 59
141 44 15
141 44 59
140 45 16
140 45 59
139 45 15
139 45 59
138 45 15
138 45 59
138 46 15
138 46 59
137 46 15
137 46 59
136 46 15
135 46 15
134 46 15
134 47 15
133 47 15
132 47 15
131 47 15
131 48 15
131 49 15
131 50 15
131 51 15
130 52 17
129 52 15
128 52 15
128 53 15
127 53 15
126 53 15
125 53 15
124 53 15
124 54 15
124 55 15
123 55 15
122 55 15
122 56 15
121 56 15
121 57 15
121 58 29
32 68 171
32 69 173
32 69 59
33 69 183
33 69 59
34 69 188
35 69 189
36 69 186
37 69 179
38 69 169
39 69 158
39 70 144
40 70 126
41 70 109
42 70 92
42 71 71
43 71 52
44 71 35
44 72 16
44 72 59
44 73 15
44 73 59
45 73 15
45 73 59
45 74 15
45 74 59
45 75 15
45 75 59
46 75 15
46 75 59
47 75 15
47 75 59
48 75 15
48 75 59
49 75 15
49 75 59
50 75 15
50 75 59
51 75 15
51 75 59
52 75 15
52 75 59
53 75 15
53 75 59
54 75 15
54 75 59
55 75 15
55 75 59
56 75 34
56 75 59
57 75 54
57 75 59
58 75 72
58 75 59
59 75 89
59 75 59
60 75 103
60 75 59
60 75 59
61 75 114
61 75 59
61 75 59
62 75 121
62 75 59
62 75 59
63 75 125
63 75 59
63 75 59
63 75 59
64 75 126
64 75 59
64 75 59
64 75 59
65 75 123
65 75 59
65 75 59
66 75 116
66 75 59
66 75 59
67 75 107
67 75 59
67 75 59
68 75 96
68 75 59
69 75 83
69 75 59
70 75 68
70 75 59
71 75 53
71 75 59
72 75 38
72 75 59
73 75 22
73 75 59
74 75 15
74 75 59
75 75 15
75 75 59
76 75 15
76 75 59
77 75 15
77 75 59
78 75 15
78 76 15
78 76 59
78 77 15
78 77 59
79 77 15
79 77 59
80 77 15
80 77 59
32 66 176
32 65 180
32 64 185
32 63 189
32 62 190
32 61 190
32 60 187
32 59 181
32 58 173
32 57 163
32 56 152
32 55 140
32 54 128
32 53 117
32 52 106
33 51 96
33 50 85
33 49 75
33 49 59
33 48 68
33 48 59
34 48 58
34 48 59
34 47 48
34 47 59
34 46 40
34 46 59
35 46 28
35 46 59
35 45 17
35 45 59
35 44 15
35 44 59
36 44 15
36 44 59
36 43 15
36 43 59
36 42 15
36 42 59
36 41 15
36 41 59
36 40 15
36 40 59
36 39 15
36 39 59
36 38 15
36 38 59
36 37 15
36 37 59
36 36 15
36 36 59
36 35 15
36 35 59
36 34 15
36 34 59
36 33 15
36 33 59
36 32 15
36 32 59
36 31 19
36 31 59
36 30 31
36 29 43
36 28 55
36 27 68
36 26 80
36 25 91
36 24 101
36 24 59
36 23 110
36 23 59
36 22 117
36 22 59
36 21 123
36 21 59
36 20 126
36 20 59
36 19 127
36 19 59
36 18 125
36 18 59
36 17 122
36 17 59
36 16 115
36 15 107
36 14 97
36 13 85
36 12 72
36 11 59
36 10 45
36 9 33
36 8 21
36 7 15
36 7 59
37 7 15
37 7 59
37 6 15
38 6 15
39 6 15
40 6 15
40 5 15
41 5 15
41 4 15
42 4 15
43 4 15
44 4 15
45 4 15
45 4 59
46 4 15
46 4 59
47 4 15
47 4 59
48 4 15
48 4 59
49 4 15
49 4 59
50 4 15
50 4 59
51 4 15
51 4 59
52 4 15
52 4 59
53 4 15
53 4 59
54 4 15
54 4 59
55 4 15
55 4 59
56 4 15
56 4 59
57 4 15
57 4 59
58 4 15
58 4 59
58 3 15
58 3 59
58 2 15
58 2 59
59 2 15
59 2 59
60 2 15
60 2 59
61 2 15
61 2 59
62 2 15
62 2 59
63 2 15
63 2 59
64 2 15
64 2 59
65 2 15
65 2 59
66 2 15
67 2 15
67 1 15
68 1 15
69 1 15
64 180 18
63 180 15
62 180 15
61 180 15
61 179 15
61 178 15
60 178 15
60 177 15
59 177 15
59 176 15
58 176 15
57 176 15
56 176 15
55 176 15
54 176 15
53 176 15
52 176 15
51 176 15
50 176 15
50 176 59
49 176 15
49 176 59
48 176 15
48 176 59
48 175 15
48 175 59
47 175 15
47 175 59
47 174 15
47 174 59
46 174 15
46 174 59
46 173 15
46 173 59
46 172 15
45 172 15
45 172 59
44 172 15
44 172 59
43 172 15
43 172 59
43 171 15
43 171 59
42 171 15
42 171 59
42 170 15
42 170 59
42 169 15
42 169 59
42 168 15
42 167 15
42 166 15
42 165 15
42 164 15
42 163 15
42 162 15
42 161 15
14 126 15
14 127 15
14 128 15
15 128 15
16 128 15
16 129 15
16 130 15
17 130 15
17 131 15
17 132 15
17 133 15
17 134 15
18 134 15
19 134 15
20 134 15
20 134 59
21 134 15
21 134 59
21 135 15
21 135 59
21 136 15
21 136 59
21 137 15
21 137 59
21 138 15
21 138 59
21 139 15
21 139 59
21 140 32
21 141 47
21 142 60
21 143 71
21 144 81
21 145 88
21 146 94
21 146 59
22 146 98
22 146 59
22 147 100
22 147 59
22 148 102
22 148 59
22 149 102
22 149 59
23 149 101
23 149 59
23 149 59
23 150 98
23 150 59
23 150 59
23 151 96
23 151 59
23 151 59
24 151 91
24 151 59
24 151 59
24 152 85
24 152 59
24 152 59
25 152 80
25 152 59
25 152 59
25 153 71
25 153 59
25 153 59
25 154 65
25 154 59
25 154 59
26 154 55
26 154 59
26 154 59
26 155 47
26 155 59
27 155 36
27 155 59
27 156 27
27 156 59
28 156 15
28 156 59
29 156 15
29 156 59
30 156 15
30 156 59
31 156 15
31 156 59
31 157 15
31 157 59
32 157 15
32 157 59
33 157 15
33 157 59
34 157 15
34 157 59
34 158 15
34 158 59
35 158 15
35 158 59
36 158 15
36 158 59
36 159 15
36 159 59
36 160 15
36 160 59
37 160 15
37 160 59
38 160 15
38 160 59
39 160 15
39 160 59
40 160 15
41 160 20
