69 43 533
78 180 533
164 117 533
69 30 533
78 167 533
164 130 533
57 37 533
66 174 533
152 123 533
67 161 533
57 24 533
152 136 533
46 30 533
67 187 533
152 110 533
164 143 533
46 17 533
79 154 533
79 154 523
79 194 533
79 194 523
56 155 533
152 148 533
152 148 523
164 103 533
55 168 533
34 24 533
55 181 533
55 181 523
44 162 533
44 162 523
34 11 533
34 11 523
152 96 533
90 174 533
81 37 533
164 89 533
102 169 533
102 169 523
152 82 533
81 50 533
164 75 533
164 75 523
93 44 533
90 161 533
90 161 523
102 182 533
140 88 533
93 57 533
93 57 523
140 74 533
115 189 533
115 176 533
93 31 533
129 81 533
127 184 533
127 184 523
105 38 533
105 25 533
103 195 533
128 67 533
117 32 533
90 187 533
128 53 533
116 45 533
115 164 533
127 159 533
127 171 533
127 171 523
115 151 533
128 146 533
128 146 523
56 142 533
56 142 523
67 148 533
68 136 533
69 124 533
80 130 533
81 118 533
92 124 533
93 112 533
104 119 533
105 106 533
117 100 533
129 95 533
163 117 275
162 117 251
161 117 231
160 117 217
159 117 208
159 116 208
159 115 207
159 114 207
159 113 207
159 112 207
159 111 208
159 110 209
159 109 210
159 108 211
159 107 212
159 106 213
159 105 213
159 104 213
159 103 212
159 102 210
159 101 207
159 100 203
159 99 199
159 98 194
159 97 189
159 96 185
158 96 186
157 96 191
156 96 200
155 96 211
154 96 225
154 96 473
153 96 241
153 96 473
152 95 248
152 95 473
151 95 265
151 95 473
150 95 283
150 95 473
149 95 300
149 95 473
148 95 316
147 95 331
146 95 345
145 95 357
144 95 367
143 95 374
142 95 379
141 95 381
140 95 381
139 95 379
138 95 374
137 95 368
136 95 360
135 95 351
134 95 340
133 95 330
132 95 319
131 95 308
130 95 298
128 95 282
127 95 276
126 95 272
125 95 270
124 95 270
124 96 271
123 96 272
123 97 273
122 97 273
122 98 275
121 98 275
120 98 278
120 99 278
119 99 280
119 100 281
118 100 282
117 101 284
117 102 286
116 102 285
115 102 286
115 102 473
115 103 286
115 103 473
114 103 285
114 103 473
114 104 285
114 104 473
113 104 283
113 104 473
112 104 282
112 104 473
112 105 279
112 105 473
112 105 473
111 105 277
111 105 473
111 106 274
111 106 473
110 106 270
110 106 473
109 106 268
109 106 473
108 106 269
108 106 473
107 106 271
107 106 473
106 106 275
106 106 473
105 107 262
105 107 473
105 108 247
105 109 236
105 110 227
105 111 223
104 111 217
104 112 213
103 112 208
102 112 205
102 113 200
101 113 198
101 114 194
100 114 192
100 115 191
99 115 189
99 116 190
98 116 188
97 116 189
97 117 190
96 117 191
95 117 194
95 118 196
94 118 198
93 118 202
93 119 204
92 119 207
91 119 210
91 120 213
90 120 215
89 120 217
88 120 219
88 121 220
87 121 220
86 121 219
85 121 218
84 121 217
84 122 214
83 122 211
82 122 208
82 123 204
81 123 199
80 123 195
80 124 192
79 124 186
78 124 182
78 125 179
77 125 175
76 125 174
76 126 171
75 126 170
75 127 169
74 127 170
74 128 171
73 128 175
73 129 177
72 129 183
72 130 187
72 131 194
71 131 201
71 132 208
71 133 218
70 133 226
70 134 235
70 135 246
69 135 254
69 136 264
68 137 283
68 138 290
68 139 298
67 139 307
67 140 311
67 141 316
67 142 320
67 143 324
67 144 328
67 145 331
67 146 333
67 147 334
67 149 333
67 150 331
67 151 327
67 152 321
67 153 314
67 154 306
67 155 296
67 156 286
67 157 274
67 158 262
67 159 250
67 160 238
67 162 217
67 163 208
67 164 201
67 165 195
67 166 191
67 167 190
67 168 191
67 169 193
67 170 197
68 170 199
68 171 200
69 171 199
70 171 198
70 172 195
71 172 192
71 173 189
72 173 184
73 173 180
73 174 176
74 174 171
75 174 166
76 174 163
77 174 159
77 175 156
78 175 152
78 176 154
78 177 161
78 178 174
78 179 193
129 94 282
129 93 275
129 92 271
129 91 268
129 90 266
129 89 265
129 88 265
129 87 266
129 86 268
129 85 270
129 84 271
129 83 273
129 82 275
129 80 278
129 79 280
129 78 280
129 77 281
129 76 281
129 75 281
129 74 280
129 73 280
129 72 279
129 71 278
129 70 277
129 69 276
129 68 274
129 67 273
117 45 275
118 45 264
119 45 256
120 45 252
121 45 251
121 46 253
122 46 254
122 47 254
122 48 255
123 48 256
123 49 256
123 50 258
124 50 258
124 51 259
124 52 261
125 52 261
125 53 262
126 53 265
127 53 273
128 54 281
128 55 277
128 56 274
128 57 272
128 58 271
128 59 271
128 60 271
128 61 272
128 62 273
128 63 275
128 64 277
128 65 280
128 66 283
116 44 276
116 43 264
116 42 253
116 41 245
116 40 239
116 39 235
116 38 233
116 38 473
115 38 230
114 38 229
113 38 230
112 38 232
111 38 235
110 38 239
109 38 242
108 38 246
107 38 249
106 38 251
104 38 252
103 38 251
102 38 249
101 38 245
100 38 241
99 38 237
98 38 232
97 38 227
96 38 222
95 38 217
94 38 213
93 38 209
92 38 207
91 38 205
91 39 203
90 39 200
89 39 198
89 40 195
88 40 192
87 40 189
87 41 187
86 41 183
85 41 182
85 42 180
84 42 177
83 42 176
83 43 177
82 43 176
81 43 177
80 43 179
79 43 183
78 43 188
77 43 194
76 43 201
75 43 208
74 43 216
73 43 225
72 43 235
71 43 245
70 43 255
