77 83 42
125 122 42
125 122 32
125 122 32
125 122 32
125 122 32
125 122 32
108 179 42
108 179 32
11 63 42
11 63 32
11 63 32
11 63 32
11 63 32
198 172 42
16 18 42
5 143 42
197 20 42
183 101 42
15 30 42
15 30 32
15 30 32
12 51 42
12 51 32
12 51 32
12 51 32
12 51 32
12 51 32
12 51 32
12 51 32
12 51 32
12 51 32
12 51 32
12 51 32
12 51 32
12 51 32
12 51 32
12 51 32
27 24 42
27 24 32
66 89 42
77 96 42
118 172 42
118 172 32
118 172 32
118 172 32
118 172 32
118 172 32
118 172 32
118 172 32
118 172 32
118 172 32
118 172 32
118 172 32
118 172 32
118 172 32
118 172 32
118 172 32
118 172 32
118 172 32
118 172 32
118 172 32
96 185 42
108 192 42
183 114 42
183 114 32
183 114 32
183 114 32
183 114 32
195 107 42
195 107 32
198 159 42
198 159 32
198 159 32
186 166 42
186 166 32
5 156 42
5 156 32
5 156 32
5 156 32
5 156 32
5 156 32
17 150 42
17 150 32
17 150 32
17 150 32
17 150 32
17 150 32
17 150 32
17 150 32
17 150 32
17 150 32
17 150 32
17 150 32
17 150 32
17 150 32
17 150 32
17 150 32
17 150 32
197 7 42
197 7 32
197 7 32
197 7 32
197 7 32
197 7 32
185 14 42
11 76 42
11 76 32
11 76 32
11 76 32
11 76 32
11 76 32
11 76 32
11 76 32
11 76 32
0 69 42
0 69 32
97 198 42
97 198 32
97 198 32
97 198 32
97 198 32
97 198 32
97 198 32
97 198 32
97 198 32
97 198 32
97 198 32
97 198 32
97 198 32
97 198 32
97 198 32
136 115 42
136 115 32
136 115 32
136 115 32
136 115 32
136 115 32
136 115 32
136 115 32
136 115 32
136 115 32
136 115 32
136 115 32
136 115 32
136 115 32
136 115 32
136 115 32
136 115 32
136 115 32
136 115 32
136 115 32
136 115 32
195 94 42
0 57 42
187 179 42
187 179 32
187 179 32
187 179 32
187 179 32
187 179 32
187 179 32
187 179 32
187 179 32
185 28 42
28 12 42
28 12 32
28 12 32
28 12 32
28 12 32
28 12 32
66 76 42
114 129 42
113 115 42
113 115 32
102 123 42
89 103 42
101 109 42
174 21 42
96 172 42
96 172 32
96 172 32
96 172 32
96 172 32
96 172 32
90 116 42
90 116 32
90 116 32
90 116 32
90 116 32
90 116 32
4 23 42
3 34 42
1 45 42
1 45 32
183 87 42
183 87 32
108 199 42
16 136 42
4 128 42
14 121 42
14 121 32
14 121 32
14 121 32
14 121 32
185 153 42
185 153 32
185 153 32
185 153 32
185 153 32
185 153 32
185 153 32
185 153 32
185 153 32
185 153 32
185 153 32
185 153 32
185 153 32
185 153 32
185 153 32
120 198 42
120 198 32
173 36 42
162 29 42
196 79 42
196 79 32
196 79 32
196 79 32
196 79 32
196 79 32
196 79 32
196 79 32
196 79 32
196 79 32
196 79 32
196 79 32
196 79 32
196 79 32
196 79 32
196 79 32
196 79 32
196 79 32
196 79 32
196 79 32
26 129 42
26 129 32
26 129 32
26 129 32
26 129 32
26 129 32
26 129 32
26 129 32
26 129 32
26 129 32
26 129 32
26 129 32
26 129 32
26 129 32
26 129 32
196 121 42
196 121 32
196 121 32
196 121 32
196 121 32
196 121 32
196 121 32
196 121 32
196 121 32
196 121 32
196 121 32
196 121 32
196 121 32
196 121 32
196 121 32
196 121 32
196 121 32
196 121 32
196 121 32
196 121 32
196 121 32
196 121 32
196 121 32
198 185 42
198 185 32
198 185 32
119 185 42
119 185 32
119 185 32
119 185 32
119 185 32
119 185 32
119 185 32
119 185 32
119 185 32
199 198 42
199 198 32
199 198 32
199 198 32
199 198 32
199 198 32
199 198 32
199 198 32
199 198 32
199 198 32
199 198 32
199 198 32
199 198 32
199 198 32
199 198 32
199 198 32
199 198 32
199 198 32
199 198 32
161 44 42
161 44 32
161 44 32
161 44 32
161 44 32
161 44 32
161 44 32
161 44 32
161 44 32
161 44 32
161 44 32
161 44 32
161 44 32
172 80 42
172 80 32
172 80 32
172 80 32
172 80 32
172 80 32
172 80 32
172 80 32
172 80 32
172 80 32
172 80 32
172 80 32
172 80 32
172 80 32
172 80 32
172 80 32
172 80 32
172 80 32
172 80 32
172 80 32
172 80 32
172 80 32
172 80 32
172 80 32
172 80 32
84 178 42
84 178 32
84 178 32
84 178 32
84 178 32
84 178 32
84 178 32
84 178 32
162 16 42
174 8 42
163 2 42
163 2 32
163 2 32
174 0 42
174 0 32
186 1 42
186 1 32
89 90 42
100 96 42
100 96 32
171 108 42
171 108 32
171 108 32
171 108 32
171 108 32
171 108 32
171 108 32
171 108 32
171 108 32
171 108 32
171 108 32
171 108 32
171 108 32
171 108 32
171 108 32
171 108 32
187 192 42
187 192 32
187 192 32
187 192 32
187 192 32
187 192 32
187 192 32
187 192 32
187 192 32
187 192 32
187 192 32
187 192 32
187 192 32
187 192 32
187 192 32
187 192 32
187 192 32
187 192 32
187 192 32
187 192 32
187 192 32
187 192 32
187 192 32
187 192 32
5 169 42
5 169 32
5 169 32
5 169 32
5 169 32
17 163 42
17 163 32
17 163 32
17 163 32
17 163 32
17 163 32
17 163 32
17 163 32
17 163 32
17 163 32
17 163 32
17 163 32
17 163 32
17 163 32
17 163 32
17 163 32
17 163 32
17 163 32
17 163 32
17 163 32
17 163 32
17 163 32
17 163 32
4 182 42
15 188 42
15 188 32
15 188 32
15 188 32
15 188 32
15 188 32
15 188 32
15 188 32
15 188 32
15 188 32
15 188 32
15 188 32
15 188 32
15 188 32
15 188 32
15 188 32
15 188 32
15 188 32
15 188 32
15 188 32
15 188 32
15 188 32
15 188 32
15 188 32
197 146 42
197 146 32
197 146 32
197 146 32
197 146 32
197 146 32
197 146 32
197 146 32
197 146 32
197 146 32
197 146 32
197 146 32
197 146 32
197 146 32
197 146 32
197 146 32
197 146 32
197 146 32
197 146 32
197 146 32
197 146 32
197 146 32
197 146 32
197 146 32
197 146 32
197 146 32
197 146 32
172 121 42
172 121 32
172 121 32
172 121 32
172 121 32
172 121 32
172 121 32
172 121 32
172 121 32
172 121 32
172 121 32
172 121 32
172 121 32
172 121 32
172 121 32
172 121 32
172 121 32
172 121 32
172 121 32
172 121 32
172 121 32
172 121 32
172 121 32
172 121 32
172 121 32
171 94 42
171 94 32
171 94 32
171 94 32
171 94 32
171 94 32
171 94 32
171 94 32
171 94 32
171 94 32
171 94 32
171 94 32
171 94 32
171 94 32
171 94 32
171 94 32
171 94 32
171 94 32
171 94 32
171 94 32
171 94 32
171 94 32
171 94 32
39 18 42
39 18 32
39 18 32
39 18 32
39 18 32
39 18 32
39 18 32
39 18 32
39 18 32
39 18 32
39 18 32
39 18 32
39 18 32
39 18 32
39 18 32
39 18 32
39 18 32
39 18 32
39 18 32
39 18 32
39 18 32
174 160 42
175 173 42
175 173 32
175 173 32
163 167 42
162 154 42
162 154 32
162 154 32
162 154 32
85 191 42
85 191 32
85 191 32
85 191 32
85 191 32
85 191 32
85 191 32
85 191 32
85 191 32
85 191 32
85 191 32
85 191 32
85 191 32
85 191 32
85 191 32
85 191 32
85 191 32
85 191 32
85 191 32
85 191 32
85 191 32
85 191 32
131 199 42
131 199 32
131 199 32
131 199 32
131 199 32
131 199 32
131 199 32
131 199 32
131 199 32
131 199 32
131 199 32
131 199 32
131 199 32
3 195 42
3 195 32
3 195 32
3 195 32
3 195 32
184 72 42
184 72 32
184 72 32
184 72 32
184 72 32
184 72 32
184 72 32
184 57 42
184 57 32
184 57 32
184 57 32
184 57 32
184 57 32
184 57 32
184 57 32
184 57 32
184 57 32
184 57 32
184 57 32
184 57 32
184 57 32
184 57 32
184 57 32
184 57 32
184 57 32
184 57 32
185 42 42
131 191 42
131 191 32
131 191 32
131 191 32
131 191 32
131 191 32
131 191 32
131 191 32
131 191 32
131 191 32
131 191 32
131 191 32
131 191 32
131 191 32
131 191 32
131 191 32
131 191 32
131 191 32
131 191 32
4 11 42
4 11 32
4 11 32
4 11 32
4 11 32
16 6 42
16 6 32
16 6 32
16 6 32
151 162 42
151 162 32
151 162 32
150 148 42
150 148 32
150 148 32
150 148 32
150 148 32
150 148 32
150 148 32
150 148 32
150 148 32
150 148 32
150 148 32
150 148 32
150 148 32
150 148 32
150 148 32
150 148 32
150 148 32
150 148 32
150 148 32
150 148 32
150 148 32
55 81 42
2 113 42
2 113 32
2 113 32
2 113 32
2 113 32
2 113 32
112 102 42
112 102 32
112 102 32
112 102 32
112 102 32
112 102 32
112 102 32
112 102 32
112 102 32
112 102 32
112 102 32
112 102 32
112 102 32
112 102 32
112 102 32
112 102 32
13 105 42
13 105 32
13 105 32
13 105 32
13 105 32
13 105 32
13 105 32
13 105 32
13 105 32
13 105 32
13 105 32
13 105 32
13 105 32
13 105 32
13 105 32
13 105 32
13 105 32
13 105 32
13 105 32
13 105 32
13 105 32
13 105 32
13 105 32
13 105 32
13 105 32
13 105 32
13 105 32
26 36 42
26 36 32
26 36 32
26 36 32
26 36 32
26 36 32
26 36 32
26 36 32
55 68 42
55 68 32
55 68 32
55 68 32
55 68 32
55 68 32
55 68 32
55 68 32
55 68 32
55 68 32
55 68 32
55 68 32
55 68 32
55 68 32
55 68 32
55 68 32
55 68 32
55 68 32
55 68 32
55 68 32
197 35 42
197 35 32
152 175 42
164 181 42
164 181 32
164 181 32
164 181 32
164 181 32
164 181 32
164 181 32
164 181 32
164 181 32
164 181 32
164 181 32
164 181 32
141 170 42
141 170 32
141 170 32
141 170 32
141 170 32
141 170 32
141 170 32
141 170 32
141 170 32
141 170 32
141 170 32
141 170 32
141 170 32
141 170 32
141 170 32
78 110 42
78 110 32
78 110 32
78 110 32
78 110 32
78 110 32
78 110 32
78 110 32
78 110 32
78 110 32
78 110 32
78 110 32
78 110 32
78 110 32
78 110 32
78 110 32
78 110 32
78 110 32
142 183 42
142 183 32
142 183 32
142 183 32
27 143 42
27 143 32
27 143 32
27 143 32
27 143 32
27 143 32
27 143 32
27 143 32
27 143 32
27 143 32
27 143 32
27 143 32
27 143 32
27 143 32
27 143 32
27 143 32
27 143 32
27 143 32
27 143 32
27 143 32
27 143 32
27 143 32
27 143 32
27 143 32
27 143 32
27 143 32
27 143 32
27 143 32
27 143 32
1 98 42
1 98 32
1 98 32
1 98 32
1 98 32
1 98 32
1 98 32
1 98 32
1 98 32
1 98 32
1 98 32
1 98 32
1 98 32
1 98 32
1 98 32
1 98 32
1 98 32
1 98 32
1 98 32
1 98 32
1 98 32
1 98 32
1 98 32
1 98 32
1 98 32
1 98 32
1 98 32
1 98 32
1 98 32
1 98 32
1 98 32
1 98 32
1 98 32
14 40 42
14 40 32
14 40 32
14 40 32
14 40 32
14 40 32
14 40 32
14 40 32
14 40 32
14 40 32
14 40 32
14 40 32
14 40 32
14 40 32
101 83 42
101 83 32
101 83 32
101 83 32
101 83 32
101 83 32
25 114 42
25 114 32
25 114 32
25 114 32
25 114 32
25 114 32
25 114 32
25 114 32
25 114 32
25 114 32
25 114 32
25 114 32
25 114 32
25 114 32
25 114 32
25 114 32
34 107 42
34 107 32
34 107 32
34 107 32
44 101 42
44 87 42
44 87 32
44 87 32
44 87 32
44 87 32
44 87 32
44 87 32
44 87 32
44 87 32
38 30 42
38 30 32
36 42 42
36 42 32
36 42 32
36 42 32
36 42 32
36 42 32
48 36 42
48 36 32
48 36 32
48 36 32
46 48 42
46 48 32
46 48 32
46 48 32
46 48 32
46 48 32
46 48 32
46 48 32
46 48 32
46 48 32
46 48 32
46 48 32
46 48 32
46 48 32
46 48 32
46 48 32
46 48 32
46 48 32
46 48 32
46 48 32
22 70 42
22 70 32
22 70 32
22 70 32
22 70 32
22 70 32
22 70 32
22 70 32
22 70 32
22 70 32
22 70 32
22 70 32
22 70 32
22 70 32
22 70 32
22 70 32
22 70 32
22 70 32
22 70 32
22 70 32
22 70 32
22 70 32
22 70 32
22 70 32
22 70 32
153 189 42
153 189 32
153 189 32
59 30 42
59 30 32
59 30 32
59 30 32
59 30 32
59 30 32
59 30 32
59 30 32
59 30 32
59 30 32
59 30 32
59 30 32
59 30 32
59 30 32
59 30 32
59 30 32
59 30 32
59 30 32
59 30 32
59 30 32
58 43 42
58 43 32
58 43 32
58 43 32
58 43 32
58 43 32
58 43 32
58 43 32
58 43 32
58 43 32
58 43 32
58 43 32
58 43 32
58 43 32
58 43 32
58 43 32
58 43 32
58 43 32
58 43 32
58 43 32
58 43 32
58 43 32
58 43 32
58 43 32
58 43 32
58 43 32
58 43 32
58 43 32
58 43 32
49 24 42
49 24 32
49 24 32
49 24 32
49 24 32
49 24 32
49 24 32
60 17 42
60 17 32
60 17 32
60 17 32
61 4 42
72 10 42
72 10 32
142 196 42
142 196 32
142 196 32
142 196 32
142 196 32
142 196 32
196 49 42
196 49 32
196 49 32
196 49 32
196 49 32
196 49 32
196 49 32
196 49 32
196 49 32
196 49 32
196 49 32
196 49 32
196 49 32
196 49 32
196 49 32
196 49 32
196 49 32
196 49 32
196 49 32
196 49 32
196 49 32
173 50 42
173 50 32
83 2 42
83 2 32
83 2 32
83 2 32
83 2 32
83 2 32
83 2 32
151 24 42
151 24 32
151 10 42
151 10 32
151 10 32
151 10 32
151 10 32
151 10 32
151 10 32
151 10 32
151 10 32
151 10 32
55 95 42
82 16 42
82 16 32
82 16 32
82 16 32
82 16 32
82 16 32
82 16 32
82 16 32
82 16 32
82 16 32
82 16 32
82 16 32
82 16 32
82 16 32
82 16 32
82 16 32
82 16 32
82 16 32
82 16 32
82 16 32
82 16 32
82 16 32
82 16 32
82 16 32
82 16 32
82 16 32
82 16 32
82 16 32
153 199 42
153 199 32
153 199 32
153 199 32
153 199 32
153 199 32
153 199 32
153 199 32
153 199 32
153 199 32
153 199 32
153 199 32
153 199 32
153 199 32
198 0 42
198 0 32
198 0 32
198 0 32
198 0 32
198 0 32
198 0 32
198 0 32
198 0 32
198 0 32
198 0 32
198 0 32
198 0 32
198 0 32
198 0 32
198 0 32
172 65 42
172 65 32
172 65 32
172 65 32
172 65 32
172 65 32
172 65 32
172 65 32
172 65 32
172 65 32
172 65 32
50 11 42
50 11 32
50 11 32
50 11 32
50 11 32
50 11 32
50 11 32
50 11 32
50 11 32
50 11 32
50 11 32
50 11 32
50 11 32
50 11 32
50 11 32
50 11 32
50 11 32
50 11 32
50 11 32
50 11 32
50 11 32
50 11 32
50 11 32
78 70 42
78 70 32
78 70 32
78 70 32
78 70 32
78 70 32
78 70 32
78 70 32
78 70 32
78 70 32
78 70 32
78 70 32
78 70 32
78 70 32
78 70 32
78 70 32
78 70 32
78 70 32
78 70 32
151 0 42
151 0 32
151 0 32
151 0 32
151 0 32
151 0 32
151 0 32
151 0 32
151 0 32
151 0 32
151 0 32
151 0 32
151 0 32
151 0 32
151 0 32
151 0 32
151 0 32
151 0 32
151 0 32
151 0 32
139 18 42
139 18 32
139 18 32
139 18 32
139 18 32
139 18 32
139 18 32
139 18 32
139 18 32
139 18 32
139 18 32
139 18 32
139 18 32
139 18 32
139 18 32
139 18 32
139 18 32
139 18 32
139 18 32
139 18 32
46 115 42
46 115 32
46 115 32
46 115 32
46 115 32
56 109 42
56 109 32
56 109 32
56 109 32
56 109 32
56 109 32
56 109 32
56 109 32
56 109 32
56 109 32
56 109 32
56 109 32
56 109 32
56 109 32
56 109 32
36 122 42
36 122 32
36 122 32
36 122 32
36 122 32
36 122 32
36 122 32
36 122 32
36 122 32
36 122 32
36 122 32
36 122 32
36 122 32
36 122 32
150 38 42
150 38 32
150 38 32
150 38 32
150 38 32
150 38 32
150 38 32
150 38 32
150 38 32
150 38 32
150 38 32
150 38 32
150 38 32
150 38 32
150 38 32
150 38 32
150 38 32
150 38 32
150 38 32
150 38 32
150 38 32
150 38 32
150 38 32
161 58 42
161 58 32
161 58 32
161 58 32
161 58 32
161 58 32
161 58 32
161 58 32
161 58 32
161 58 32
161 58 32
161 58 32
161 58 32
161 58 32
161 58 32
161 58 32
12 51 32
12 51 32
12 51 32
12 51 32
12 51 32
12 51 32
12 51 32
173 147 42
173 147 32
173 147 32
173 147 32
173 147 32
173 147 32
173 147 32
173 147 32
173 147 32
173 147 32
173 147 32
173 147 32
173 147 32
173 147 32
173 147 32
173 147 32
173 147 32
173 147 32
173 147 32
173 147 32
173 147 32
173 147 32
94 8 42
94 8 32
94 8 32
94 8 32
94 8 32
94 8 32
94 8 32
94 8 32
94 8 32
94 8 32
94 8 32
94 8 32
94 8 32
94 8 32
94 8 32
94 8 32
94 8 32
94 8 32
94 8 32
94 8 32
94 8 32
94 8 32
94 8 32
94 8 32
94 8 32
94 8 32
94 8 32
94 8 32
94 8 32
94 8 32
94 8 32
94 8 32
94 8 32
84 165 42
84 165 32
84 165 32
84 165 32
84 165 32
84 165 32
84 165 32
84 165 32
84 165 32
84 165 32
84 165 32
73 171 42
73 171 32
73 171 32
73 171 32
73 171 32
72 157 42
61 164 42
60 150 42
70 144 42
59 137 42
59 137 32
59 137 32
59 137 32
59 137 32
59 137 32
59 137 32
59 137 32
59 137 32
59 137 32
59 137 32
59 137 32
59 137 32
59 137 32
59 137 32
59 137 32
59 137 32
59 137 32
91 130 42
91 130 32
91 130 32
91 130 32
91 130 32
91 130 32
91 130 32
91 130 32
91 130 32
91 130 32
91 130 32
91 130 32
91 130 32
91 130 32
91 130 32
91 130 32
91 130 32
91 130 32
91 130 32
91 130 32
46 48 32
46 48 32
46 48 32
46 48 32
46 48 32
46 48 32
46 48 32
46 48 32
46 48 32
46 48 32
46 48 32
46 48 32
46 48 32
46 48 32
46 48 32
46 48 32
46 48 32
46 48 32
46 48 32
46 48 32
46 48 32
46 48 32
46 48 32
46 48 32
46 48 32
46 48 32
46 48 32
46 48 32
46 48 32
46 48 32
24 46 42
24 46 32
24 46 32
24 46 32
24 46 32
24 46 32
24 46 32
24 46 32
24 46 32
24 46 32
24 46 32
24 46 32
24 46 32
24 46 32
24 46 32
24 46 32
24 46 32
24 46 32
24 46 32
24 46 32
24 46 32
24 46 32
24 46 32
24 46 32
24 46 32
24 46 32
61 177 42
61 177 32
61 177 32
61 177 32
61 177 32
82 151 42
82 151 32
82 151 32
82 151 32
82 151 32
82 151 32
82 151 32
112 89 42
112 89 32
112 89 32
112 89 32
112 89 32
112 89 32
112 89 32
112 89 32
112 89 32
112 89 32
112 89 32
112 89 32
112 89 32
112 89 32
112 89 32
112 89 32
112 89 32
112 89 32
112 89 32
112 89 32
112 89 32
198 0 32
198 0 32
198 0 32
198 0 32
198 0 32
198 0 32
198 0 32
198 0 32
198 0 32
198 0 32
198 0 32
198 0 32
198 0 32
198 0 32
198 0 32
198 0 32
198 0 32
198 0 32
198 0 32
198 0 32
198 0 32
198 0 32
198 0 32
198 0 32
198 0 32
198 0 32
198 0 32
198 0 32
198 0 32
198 0 32
198 0 32
198 0 32
198 0 32
198 0 32
198 0 32
198 0 32
198 0 32
198 0 32
198 0 32
198 0 32
198 0 32
198 0 32
198 0 32
198 0 32
39 18 32
39 18 32
39 18 32
39 18 32
39 18 32
39 18 32
39 18 32
39 18 32
39 18 32
39 18 32
39 18 32
39 18 32
39 18 32
39 18 32
67 62 42
67 62 32
67 62 32
67 62 32
67 62 32
67 62 32
67 62 32
67 62 32
67 62 32
67 62 32
67 62 32
67 62 32
67 62 32
67 62 32
67 62 32
67 62 32
67 62 32
67 62 32
67 62 32
67 62 32
67 62 32
89 76 42
89 76 32
89 76 32
89 76 32
89 76 32
89 76 32
89 76 32
89 76 32
89 76 32
89 76 32
89 76 32
89 76 32
89 76 32
89 76 32
89 76 32
50 170 42
50 170 32
50 170 32
50 170 32
50 170 32
50 170 32
50 170 32
50 170 32
50 170 32
50 170 32
50 170 32
50 170 32
50 170 32
50 170 32
50 170 32
66 103 42
66 103 32
66 103 32
66 103 32
66 103 32
66 103 32
66 103 32
66 103 32
66 103 32
66 103 32
50 157 42
50 157 32
50 157 32
0 83 42
0 83 32
0 83 32
0 83 32
0 83 32
0 83 32
0 83 32
0 83 32
0 83 32
0 83 32
0 83 32
0 83 32
0 83 32
0 83 32
151 0 32
151 0 32
151 0 32
151 0 32
151 0 32
151 0 32
151 0 32
151 0 32
151 0 32
151 0 32
151 0 32
151 0 32
151 0 32
151 0 32
151 0 32
151 0 32
151 0 32
151 0 32
151 0 32
151 0 32
151 0 32
151 0 32
151 0 32
151 0 32
151 0 32
151 0 32
151 0 32
151 0 32
151 0 32
73 184 42
73 184 32
73 184 32
73 184 32
73 184 32
73 184 32
73 184 32
73 184 32
73 184 32
73 184 32
73 184 32
73 184 32
73 184 32
73 184 32
124 108 42
124 108 32
124 108 32
124 108 32
124 108 32
124 108 32
124 108 32
124 108 32
124 108 32
124 108 32
124 108 32
124 108 32
124 108 32
124 108 32
124 108 32
124 108 32
124 108 32
124 108 32
124 108 32
124 108 32
124 108 32
124 108 32
124 108 32
124 108 32
36 122 32
36 122 32
36 122 32
36 122 32
36 122 32
36 122 32
36 122 32
24 46 32
24 46 32
24 46 32
24 46 32
24 46 32
24 46 32
24 46 32
24 46 32
24 46 32
81 137 42
81 137 32
81 137 32
81 137 32
22 70 32
22 70 32
22 70 32
22 70 32
22 70 32
22 70 32
22 70 32
22 70 32
22 70 32
22 70 32
22 70 32
22 70 32
22 70 32
22 70 32
22 70 32
22 70 32
22 70 32
22 70 32
22 70 32
22 70 32
22 70 32
22 70 32
22 70 32
22 70 32
22 70 32
22 70 32
22 70 32
22 70 32
22 70 32
22 70 32
22 70 32
22 70 32
196 49 32
196 49 32
196 49 32
196 49 32
196 49 32
196 49 32
196 49 32
196 49 32
196 49 32
196 49 32
196 49 32
196 49 32
196 49 32
196 49 32
196 49 32
196 49 32
196 49 32
196 49 32
196 49 32
196 49 32
196 49 32
11 90 42
11 90 32
11 90 32
11 90 32
11 90 32
11 90 32
11 90 32
11 90 32
11 90 32
11 90 32
11 90 32
11 90 32
11 90 32
11 90 32
11 90 32
11 90 32
11 90 32
11 90 32
11 90 32
11 90 32
11 90 32
11 90 32
11 90 32
11 90 32
11 90 32
11 90 32
11 90 32
11 90 32
11 90 32
11 90 32
11 90 32
11 90 32
11 90 32
11 90 32
11 90 32
11 90 32
11 90 32
159 114 42
159 114 32
159 114 32
159 114 32
159 114 32
159 114 32
159 114 32
159 114 32
159 114 32
159 114 32
159 114 32
159 114 32
159 114 32
159 114 32
148 108 42
148 108 32
148 108 32
148 108 32
58 43 32
58 43 32
58 43 32
58 43 32
58 43 32
58 43 32
58 43 32
58 43 32
58 43 32
58 43 32
58 43 32
58 43 32
58 43 32
58 43 32
58 43 32
58 43 32
58 43 32
58 43 32
58 43 32
58 43 32
58 43 32
58 43 32
58 43 32
58 43 32
58 43 32
58 43 32
58 43 32
58 43 32
58 43 32
58 43 32
58 43 32
58 43 32
58 43 32
58 43 32
71 23 42
71 23 32
71 23 32
71 23 32
71 23 32
71 23 32
71 23 32
71 23 32
71 23 32
71 23 32
71 23 32
71 23 32
71 23 32
71 23 32
81 29 42
81 29 32
81 29 32
81 29 32
81 29 32
81 29 32
81 29 32
81 29 32
81 29 32
92 35 42
92 35 32
80 43 42
80 43 32
80 43 32
80 43 32
80 43 32
80 43 32
80 43 32
80 43 32
80 43 32
80 43 32
80 43 32
80 43 32
80 43 32
80 43 32
80 43 32
80 43 32
80 43 32
80 43 32
80 43 32
80 43 32
80 43 32
80 43 32
80 43 32
103 41 42
103 41 32
103 41 32
103 41 32
103 41 32
103 41 32
104 28 42
104 28 32
104 28 32
104 28 32
104 28 32
104 28 32
104 28 32
104 28 32
104 28 32
104 28 32
104 28 32
104 28 32
104 28 32
104 28 32
104 28 32
104 28 32
104 28 32
104 28 32
104 28 32
104 28 32
104 28 32
104 28 32
104 28 32
104 28 32
104 28 32
104 28 32
104 28 32
102 55 42
102 55 32
102 55 32
102 55 32
102 55 32
102 55 32
102 55 32
102 55 32
102 55 32
102 55 32
102 55 32
102 55 32
102 55 32
102 55 32
102 55 32
102 55 32
102 55 32
102 55 32
102 55 32
102 55 32
91 49 42
91 49 32
91 49 32
91 49 32
91 49 32
91 49 32
91 49 32
91 49 32
91 49 32
91 49 32
91 49 32
91 49 32
91 49 32
91 49 32
101 69 42
101 69 32
101 69 32
101 69 32
101 69 32
101 69 32
101 69 32
101 69 32
101 69 32
101 69 32
101 69 32
101 69 32
101 69 32
101 69 32
101 69 32
101 69 32
101 69 32
101 69 32
101 69 32
101 69 32
101 69 32
101 69 32
101 69 32
101 69 32
101 69 32
101 69 32
101 69 32
101 69 32
115 48 42
115 48 32
115 48 32
115 48 32
115 48 32
115 48 32
115 48 32
115 48 32
115 48 32
115 48 32
115 48 32
115 48 32
115 48 32
115 34 42
115 34 32
115 34 32
115 34 32
115 34 32
115 34 32
115 34 32
115 34 32
115 34 32
115 34 32
115 34 32
115 34 32
115 34 32
115 34 32
115 34 32
115 34 32
115 34 32
115 34 32
115 34 32
115 34 32
115 34 32
115 34 32
115 34 32
115 34 32
115 34 32
115 34 32
115 34 32
115 34 32
115 34 32
115 34 32
115 34 32
126 54 42
137 60 42
125 68 42
137 74 42
137 74 32
137 74 32
137 74 32
137 74 32
137 74 32
137 74 32
137 74 32
137 74 32
137 74 32
137 74 32
114 61 42
149 66 42
149 66 32
149 66 32
184 101 15
184 100 15
184 99 15
184 98 15
185 98 15
185 97 15
185 96 15
185 95 15
185 94 15
185 93 15
185 93 29
185 92 15
185 92 29
185 91 15
185 91 29
185 90 15
185 90 29
185 89 15
185 89 29
185 88 15
185 88 29
185 87 15
185 87 29
185 86 15
185 86 29
185 85 15
185 85 29
185 84 15
185 84 29
185 83 15
185 83 29
185 82 16
185 82 29
185 81 28
185 81 29
185 80 41
185 80 29
184 80 52
184 80 29
184 79 64
184 79 29
184 78 79
184 78 29
184 77 95
184 77 29
184 77 29
184 76 115
184 76 29
184 76 29
184 75 137
184 75 29
184 75 29
184 74 161
184 74 29
184 73 189
184 73 29
174 50 52
174 51 53
174 51 29
175 51 54
175 51 29
175 52 58
175 52 29
175 52 29
175 53 64
175 53 29
175 53 29
175 53 29
175 54 72
175 54 29
175 54 29
175 54 29
175 54 29
175 54 29
175 55 82
175 55 29
175 55 29
175 55 29
175 55 29
175 55 29
175 55 29
175 55 29
175 56 93
175 56 29
175 56 29
175 56 29
175 56 29
175 56 29
175 56 29
175 56 29
175 56 29
175 56 29
175 56 29
176 56 106
176 56 29
176 56 29
176 56 29
176 56 29
176 56 29
176 56 29
176 56 29
176 56 29
176 56 29
176 56 29
176 57 118
176 57 29
176 57 29
176 57 29
176 57 29
176 57 29
176 57 29
176 57 29
176 57 29
176 57 29
176 57 29
176 57 29
176 57 29
176 57 29
176 58 131
176 58 29
176 58 29
176 58 29
176 58 29
176 58 29
176 58 29
176 58 29
176 58 29
176 58 29
176 58 29
176 58 29
176 58 29
176 58 29
176 58 29
176 58 29
176 58 29
176 59 145
176 59 29
176 59 29
176 59 29
176 59 29
176 59 29
176 59 29
176 59 29
176 59 29
176 59 29
176 59 29
176 59 29
176 59 29
176 59 29
176 59 29
176 59 29
176 59 29
176 59 29
176 59 29
176 60 160
176 60 29
176 60 29
176 60 29
176 60 29
176 60 29
176 60 29
176 60 29
176 60 29
176 60 29
176 60 29
176 60 29
176 60 29
176 60 29
176 60 29
176 60 29
176 60 29
176 60 29
176 60 29
176 60 29
177 60 174
177 60 29
177 60 29
177 60 29
177 60 29
177 60 29
177 60 29
177 60 29
177 60 29
177 60 29
177 60 29
177 60 29
177 60 29
177 60 29
177 60 29
177 60 29
177 60 29
177 60 29
177 61 185
177 61 29
177 61 29
177 61 29
177 61 29
177 61 29
177 61 29
177 61 29
177 61 29
177 61 29
177 61 29
177 61 29
177 61 29
177 61 29
177 61 29
177 61 29
177 61 29
177 61 29
177 61 29
177 62 196
177 62 29
177 62 29
177 62 29
177 62 29
177 62 29
177 62 29
177 62 29
177 62 29
177 62 29
177 62 29
177 62 29
177 62 29
177 62 29
177 62 29
177 62 29
177 62 29
177 62 29
177 62 29
177 62 29
177 62 29
177 63 206
177 63 29
177 63 29
177 63 29
177 63 29
177 63 29
177 63 29
177 63 29
177 63 29
177 63 29
177 63 29
177 63 29
177 63 29
177 63 29
177 63 29
177 63 29
177 63 29
177 63 29
177 63 29
177 63 29
177 63 29
177 63 29
177 63 29
177 64 216
177 64 29
177 64 29
177 64 29
177 64 29
177 64 29
177 64 29
177 64 29
177 64 29
177 64 29
177 64 29
177 64 29
177 64 29
177 64 29
177 64 29
177 64 29
177 64 29
177 64 29
177 64 29
177 64 29
177 64 29
177 64 29
177 64 29
177 64 29
178 64 223
178 64 29
178 64 29
178 64 29
178 64 29
178 64 29
178 64 29
178 64 29
178 64 29
178 64 29
178 64 29
178 64 29
178 64 29
178 64 29
178 64 29
178 64 29
178 64 29
178 64 29
178 64 29
178 64 29
178 64 29
178 64 29
178 64 29
178 64 29
178 65 227
178 65 29
178 65 29
178 65 29
178 65 29
178 65 29
178 65 29
178 65 29
178 65 29
178 65 29
178 65 29
178 65 29
178 65 29
178 65 29
178 65 29
178 65 29
178 65 29
178 65 29
178 65 29
178 65 29
178 65 29
178 65 29
178 65 29
178 65 29
178 66 231
178 66 29
178 66 29
178 66 29
178 66 29
178 66 29
178 66 29
178 66 29
178 66 29
178 66 29
178 66 29
178 66 29
178 66 29
178 66 29
178 66 29
178 66 29
178 66 29
178 66 29
178 66 29
178 66 29
178 66 29
178 66 29
178 66 29
178 67 235
178 67 29
178 67 29
178 67 29
178 67 29
178 67 29
178 67 29
178 67 29
178 67 29
178 67 29
178 67 29
178 67 29
178 67 29
178 67 29
178 67 29
178 67 29
178 67 29
178 67 29
178 67 29
178 67 29
179 67 234
179 67 29
179 67 29
179 67 29
179 67 29
179 67 29
179 67 29
179 67 29
179 67 29
179 67 29
179 67 29
179 67 29
179 67 29
179 67 29
179 67 29
179 67 29
179 67 29
179 67 29
179 67 29
179 68 231
179 68 29
179 68 29
179 68 29
179 68 29
179 68 29
179 68 29
179 68 29
179 68 29
179 68 29
179 68 29
179 68 29
179 68 29
179 68 29
179 68 29
179 68 29
179 69 230
179 69 29
179 69 29
179 69 29
179 69 29
179 69 29
179 69 29
179 69 29
179 69 29
179 69 29
179 69 29
179 69 29
179 69 29
180 69 225
180 69 29
180 69 29
180 69 29
180 69 29
180 69 29
180 69 29
180 69 29
180 69 29
180 69 29
180 69 29
180 70 217
180 70 29
180 70 29
180 70 29
180 70 29
180 70 29
180 70 29
180 70 29
180 70 29
180 71 210
180 71 29
180 71 29
180 71 29
180 71 29
180 71 29
180 71 29
180 71 29
181 71 204
181 71 29
181 71 29
181 71 29
181 71 29
181 71 29
181 72 191
181 72 29
181 72 29
181 72 29
181 72 29
181 72 29
182 72 189
182 72 29
182 72 29
182 72 29
182 72 29
183 72 198
183 72 29
183 72 29
162 58 485
162 58 29
163 58 459
163 58 29
164 58 429
164 58 29
164 58 29
165 58 395
165 58 29
165 58 29
165 58 29
166 58 358
166 58 29
166 58 29
166 58 29
166 58 29
166 58 29
167 58 320
167 58 29
167 58 29
167 58 29
167 58 29
167 58 29
167 58 29
167 58 29
167 58 29
168 58 281
168 58 29
168 58 29
168 58 29
168 58 29
168 58 29
168 58 29
168 58 29
168 58 29
168 58 29
168 58 29
169 58 244
169 58 29
169 58 29
169 58 29
169 58 29
169 58 29
169 58 29
169 58 29
169 58 29
169 58 29
169 58 29
169 58 29
170 58 209
170 58 29
170 58 29
170 58 29
170 58 29
170 58 29
170 58 29
170 58 29
170 58 29
170 58 29
170 58 29
170 58 29
170 58 29
171 58 178
171 58 29
171 58 29
171 58 29
171 58 29
171 58 29
171 58 29
171 58 29
171 58 29
171 58 29
171 58 29
171 58 29
171 58 29
171 58 29
172 58 152
172 58 29
172 58 29
172 58 29
172 58 29
172 58 29
172 58 29
172 58 29
172 58 29
172 58 29
172 58 29
172 58 29
172 58 29
172 58 29
172 58 29
172 57 132
172 57 29
172 57 29
172 57 29
172 57 29
172 57 29
172 57 29
172 57 29
172 57 29
172 57 29
172 57 29
172 57 29
172 57 29
172 57 29
172 56 114
172 56 29
172 56 29
172 56 29
172 56 29
172 56 29
172 56 29
172 56 29
172 56 29
172 56 29
172 56 29
173 56 98
173 56 29
173 56 29
173 56 29
173 56 29
173 56 29
173 56 29
173 56 29
173 56 29
173 56 29
173 56 29
173 55 85
173 55 29
173 55 29
173 55 29
173 55 29
173 55 29
173 55 29
173 55 29
173 54 74
173 54 29
173 54 29
173 54 29
173 54 29
173 53 66
173 53 29
173 53 29
173 53 29
173 52 61
173 52 29
173 52 29
173 51 58
173 51 29
115 61 15
115 61 29
116 61 15
116 61 29
117 61 15
117 61 29
118 61 15
119 61 15
119 62 15
119 63 15
120 63 15
121 63 15
121 64 15
122 64 15
123 64 15
124 64 15
125 64 15
126 64 15
126 64 29
127 64 15
127 64 29
128 64 15
128 64 29
129 64 15
129 64 29
130 64 15
130 64 29
131 64 15
131 64 29
132 64 15
132 64 29
133 64 15
133 64 29
134 64 15
134 64 29
135 64 15
135 64 29
136 64 15
136 64 29
137 64 15
137 64 29
138 64 15
138 64 29
138 64 29
139 64 15
139 64 29
139 64 29
140 64 15
140 64 29
140 64 29
140 64 29
141 64 15
141 64 29
141 64 29
141 64 29
142 64 15
142 64 29
142 64 29
142 64 29
143 64 15
143 64 29
143 64 29
143 64 29
144 64 15
144 64 29
144 64 29
145 64 15
145 64 29
145 64 29
146 64 36
146 64 29
146 64 29
147 64 63
147 64 29
148 64 95
148 63 127
149 63 162
150 63 200
150 62 236
151 62 274
151 61 312
152 61 347
153 61 382
153 61 29
153 61 29
154 61 415
154 61 29
154 61 29
154 61 29
154 61 29
154 60 443
154 60 29
154 60 29
154 60 29
154 60 29
154 60 29
155 60 469
155 60 29
155 60 29
155 60 29
155 60 29
155 60 29
155 60 29
156 60 491
156 60 29
156 60 29
156 60 29
156 60 29
156 60 29
156 60 29
157 60 508
157 60 29
157 60 29
157 60 29
157 60 29
158 60 521
158 60 29
158 60 29
159 60 528
160 60 529
161 60 523
161 59 514
116 62 15
116 62 29
116 63 15
116 63 29
116 64 15
116 65 15
116 66 42
116 67 91
115 67 137
115 68 186
114 68 234
114 69 280
113 69 326
113 70 367
113 71 408
112 71 443
112 72 475
111 72 504
111 73 526
111 74 545
110 74 557
110 75 566
109 75 570
109 76 566
109 77 561
108 77 548
108 78 533
107 78 513
107 79 490
106 79 464
106 80 435
105 80 406
105 81 373
104 81 341
104 82 307
103 82 276
103 83 242
102 83 212
101 84 155
101 84 29
101 84 29
101 85 128
101 85 29
101 85 29
101 85 29
100 85 105
100 85 29
100 85 29
100 85 29
100 85 29
100 86 84
100 86 29
100 86 29
100 86 29
100 86 29
99 86 66
99 86 29
99 86 29
99 86 29
99 86 29
99 86 29
99 87 50
99 87 29
99 87 29
99 87 29
99 87 29
99 87 29
98 87 37
98 87 29
98 87 29
98 87 29
98 87 29
98 87 29
98 87 29
98 88 26
98 88 29
98 88 29
98 88 29
98 88 29
98 88 29
97 88 19
97 88 29
97 88 29
97 88 29
97 88 29
97 88 29
97 89 15
97 89 29
97 89 29
97 89 29
97 89 29
96 89 15
96 89 29
96 89 29
96 89 29
95 89 15
95 89 29
95 89 29
95 89 29
95 90 15
95 90 29
95 90 29
94 90 15
94 90 29
94 90 29
93 90 15
93 90 29
92 90 16
92 90 29
91 90 20
91 90 29
90 90 23
90 90 29
94 91 15
94 91 29
95 91 15
95 91 29
95 92 15
95 92 29
95 93 15
95 93 29
95 94 15
95 94 29
95 95 15
95 95 29
95 96 15
95 96 29
95 97 15
95 97 29
95 98 15
95 98 29
95 99 15
95 99 29
95 100 15
95 100 29
96 100 15
96 100 29
96 101 15
96 101 29
96 102 15
96 102 29
96 103 15
96 103 29
97 103 15
97 103 29
97 104 15
97 104 29
97 105 15
97 105 29
97 106 15
97 107 15
97 108 15
97 109 15
98 109 15
99 109 15
100 109 15
101 110 15
101 111 15
101 112 15
101 113 15
102 113 15
102 114 15
102 115 15
102 116 15
102 117 15
102 117 29
102 118 15
102 118 29
102 119 15
102 119 29
102 120 15
102 120 29
102 121 15
102 121 29
102 122 15
102 122 29
71 144 15
72 144 15
72 144 29
73 144 15
73 144 29
74 144 15
74 144 29
75 144 15
75 144 29
75 143 15
75 143 29
76 143 15
76 143 29
77 143 15
77 143 29
78 143 15
78 143 29
79 143 15
79 143 29
79 143 29
79 142 15
79 142 29
79 142 29
79 141 15
79 141 29
79 141 29
79 140 15
79 140 29
79 140 29
79 140 29
79 139 15
79 139 29
79 139 29
79 139 29
79 139 29
79 138 34
79 138 29
79 138 29
79 138 29
80 138 61
80 138 29
80 138 29
80 137 89
80 137 29
80 137 29
81 136 154
81 135 190
82 135 227
82 134 263
82 133 302
82 133 29
82 133 29
82 133 29
83 133 337
83 133 29
83 133 29
83 132 372
83 132 29
83 132 29
83 132 29
83 132 29
83 132 29
83 132 29
83 132 29
84 132 407
84 132 29
84 132 29
84 132 29
84 132 29
84 132 29
84 131 437
84 131 29
84 131 29
84 131 29
84 131 29
84 131 29
84 131 29
84 131 29
84 131 29
84 131 29
84 131 29
84 130 466
84 130 29
84 130 29
84 130 29
84 130 29
84 130 29
84 130 29
84 130 29
84 130 29
84 130 29
84 130 29
84 130 29
84 130 29
84 130 29
84 130 29
84 130 29
85 130 490
85 130 29
85 130 29
85 130 29
85 130 29
85 130 29
85 130 29
85 130 29
85 130 29
85 130 29
85 130 29
86 130 515
86 130 29
86 130 29
86 130 29
86 130 29
86 130 29
86 130 29
87 130 542
87 130 29
87 130 29
87 130 29
87 130 29
88 130 568
88 130 29
88 130 29
88 130 29
89 130 593
89 130 29
89 130 29
89 130 29
90 130 615
90 130 29
90 130 29
91 129 604
91 128 572
91 127 538
91 126 502
91 125 465
91 124 427
91 123 388
91 122 350
91 121 311
92 121 274
92 120 234
93 120 197
94 120 161
95 120 127
96 120 94
97 120 64
98 120 35
98 120 29
99 120 15
99 120 29
100 120 15
100 120 29
101 120 15
101 120 29
101 121 15
101 121 29
70 145 15
70 146 15
70 147 15
70 148 15
69 148 15
68 148 15
68 149 15
68 150 15
68 151 15
68 152 15
68 153 15
68 154 15
68 155 15
68 156 15
68 156 29
68 157 15
68 157 29
68 158 15
68 158 29
68 159 15
68 159 29
68 160 15
68 160 29
68 161 22
68 161 29
68 162 33
68 162 29
68 163 43
68 163 29
68 164 53
68 164 29
68 165 61
68 165 29
68 166 69
68 166 29
68 167 75
68 168 80
68 169 85
68 170 88
68 171 90
69 171 100
70 171 111
71 171 125
72 171 139
73 172 159
73 173 165
73 174 173
73 174 29
74 174 190
74 174 29
75 174 205
76 174 220
77 174 232
78 174 241
79 174 248
80 174 252
81 174 252
81 174 29
81 174 29
82 174 249
82 174 29
82 174 29
82 174 29
83 174 242
83 174 29
83 174 29
83 174 29
83 174 29
83 174 29
84 174 233
84 174 29
84 174 29
84 174 29
84 174 29
84 174 29
84 174 29
84 174 29
85 174 221
85 174 29
85 174 29
85 174 29
85 174 29
85 174 29
85 174 29
85 174 29
85 174 29
86 174 207
86 174 29
86 174 29
86 174 29
86 174 29
86 174 29
86 174 29
86 174 29
86 174 29
86 174 29
87 174 192
87 174 29
87 174 29
87 174 29
87 174 29
87 174 29
87 174 29
87 174 29
87 174 29
87 174 29
87 174 29
88 174 176
88 174 29
88 174 29
88 174 29
88 174 29
88 174 29
88 174 29
88 174 29
88 174 29
88 174 29
88 174 29
88 174 29
89 174 159
89 174 29
89 174 29
89 174 29
89 174 29
89 174 29
89 174 29
89 174 29
89 174 29
89 174 29
89 174 29
89 175 140
89 175 29
89 175 29
89 175 29
89 175 29
89 175 29
89 175 29
89 175 29
90 175 121
90 175 29
90 175 29
90 175 29
90 175 29
90 175 29
91 175 103
91 175 29
91 175 29
91 175 29
91 176 82
91 176 29
91 176 29
92 176 63
92 176 29
92 177 45
92 177 29
93 177 26
93 177 29
94 177 15
94 177 29
94 178 15
94 178 29
94 179 15
94 179 29
95 179 15
95 179 29
96 179 15
96 179 29
97 179 15
97 179 29
98 179 15
98 179 29
99 179 15
99 179 29
100 179 15
100 179 29
101 179 15
101 179 29
102 179 15
102 179 29
103 179 15
103 179 29
104 179 15
104 179 29
105 179 15
105 179 29
106 179 19
106 179 29
107 179 38
107 179 29
130 199 397
130 199 29
130 199 29
130 199 29
129 199 376
129 199 29
129 199 29
129 199 29
129 199 29
129 199 29
129 199 29
128 199 350
128 199 29
128 199 29
128 199 29
128 199 29
128 199 29
128 199 29
128 199 29
128 199 29
127 199 318
127 199 29
127 199 29
127 199 29
127 199 29
127 199 29
127 199 29
127 199 29
127 199 29
127 199 29
126 199 281
126 199 29
126 199 29
126 199 29
126 199 29
126 199 29
126 199 29
126 199 29
126 199 29
126 199 29
125 199 241
125 199 29
125 199 29
125 199 29
125 199 29
125 199 29
125 199 29
125 199 29
124 199 199
124 199 29
124 199 29
124 199 29
124 199 29
124 199 29
123 199 156
123 199 29
123 199 29
122 199 114
122 199 29
121 199 74
121 199 29
120 199 37
120 199 29
119 199 15
119 199 29
118 199 15
118 199 29
118 198 15
118 198 29
117 198 15
117 198 29
117 197 15
117 197 29
116 197 15
116 197 29
115 197 15
115 197 29
114 197 15
114 197 29
113 197 15
113 197 29
112 197 15
112 197 29
111 197 15
111 197 29
111 196 15
111 196 29
110 196 15
110 196 29
110 195 15
110 195 29
110 194 15
110 194 29
110 193 15
110 193 29
110 192 15
110 192 29
110 191 15
110 191 29
110 190 15
110 190 29
110 189 15
110 189 29
109 189 15
109 189 29
109 188 15
109 188 29
108 188 15
108 188 29
108 187 15
108 187 29
108 186 15
108 186 29
108 185 15
108 185 29
108 184 15
108 184 29
108 183 15
108 183 29
108 182 15
108 182 29
108 181 15
108 181 29
108 180 34
108 180 29
132 199 417
133 199 417
134 199 411
135 199 398
136 199 381
137 199 359
138 199 335
139 199 310
140 199 285
140 199 29
141 199 262
141 199 29
141 199 29
142 199 242
142 199 29
142 199 29
142 198 222
142 198 29
142 198 29
142 197 203
142 197 29
143 196 159
143 196 29
143 196 29
144 196 137
144 196 29
144 196 29
144 196 29
144 196 29
144 195 114
144 195 29
144 195 29
144 195 29
144 195 29
144 195 29
144 194 94
144 194 29
144 194 29
144 194 29
144 194 29
144 194 29
145 194 73
145 194 29
145 194 29
145 194 29
145 194 29
145 194 29
145 194 29
145 194 29
145 193 51
145 193 29
145 193 29
145 193 29
145 193 29
145 193 29
145 193 29
145 193 29
145 193 29
145 192 31
145 192 29
145 192 29
145 192 29
145 192 29
145 192 29
145 192 29
145 192 29
145 192 29
145 192 29
145 191 15
145 191 29
145 191 29
145 191 29
145 191 29
145 191 29
145 191 29
145 191 29
145 191 29
145 191 29
145 191 29
146 191 15
146 191 29
146 191 29
146 191 29
146 191 29
146 191 29
146 191 29
146 191 29
146 191 29
146 191 29
146 191 29
146 190 15
146 190 29
146 190 29
146 190 29
146 190 29
146 190 29
146 190 29
146 190 29
146 190 29
146 190 29
146 190 29
146 189 15
146 189 29
146 189 29
146 189 29
146 189 29
146 189 29
146 189 29
146 189 29
146 189 29
146 189 29
146 188 15
146 188 29
146 188 29
146 188 29
146 188 29
146 188 29
146 188 29
146 188 29
146 188 29
146 187 15
146 187 29
146 187 29
146 187 29
146 187 29
146 187 29
146 187 29
146 186 15
146 186 29
146 186 29
146 186 29
146 186 29
146 185 15
146 185 29
146 185 29
146 185 29
146 184 15
146 184 29
146 184 29
146 183 15
146 183 29
146 183 29
147 183 15
147 183 29
147 183 29
147 182 15
147 182 29
147 182 29
147 181 15
147 181 29
147 181 29
147 180 15
147 180 29
147 180 29
147 179 15
147 179 29
147 179 29
147 178 15
147 178 29
147 178 29
148 178 15
148 178 29
148 178 29
149 178 15
149 178 29
149 178 29
149 177 15
149 177 29
149 177 29
150 177 15
150 177 29
150 177 29
151 177 15
151 177 29
152 177 15
152 177 29
152 176 17
152 176 29
152 174 34
152 173 40
153 173 44
153 172 46
153 171 46
153 170 44
153 169 41
154 169 37
154 168 29
154 167 22
154 166 15
155 166 15
156 166 15
157 166 15
158 166 15
159 166 15
159 166 29
160 166 15
161 166 15
162 166 15
163 166 15
164 166 15
165 166 15
166 166 15
167 166 15
168 166 15
169 166 15
170 166 15
171 166 15
172 166 15
172 166 29
173 166 15
173 166 29
174 166 15
174 166 29
175 166 15
175 166 29
176 166 15
176 166 29
177 166 15
177 166 29
178 166 15
178 166 29
179 166 15
179 166 29
180 166 15
180 166 29
180 166 29
181 166 25
181 166 29
181 166 29
182 166 35
182 166 29
182 166 29
183 166 44
183 166 29
183 166 29
184 166 51
184 166 29
184 166 29
185 166 56
185 166 29
187 166 58
188 166 56
189 166 51
190 166 44
191 166 35
192 166 26
193 166 16
193 166 29
194 166 15
194 166 29
195 166 15
195 166 29
196 166 15
196 166 29
197 166 15
197 166 29
197 167 15
197 167 29
198 167 15
198 168 15
198 169 15
198 169 29
198 170 15
198 170 29
198 171 21
103 123 15
103 123 29
104 123 15
104 123 29
104 122 15
104 122 29
105 122 15
105 122 29
106 122 15
106 122 29
107 122 15
107 122 29
108 122 15
108 122 29
109 122 15
109 122 29
110 122 15
110 122 29
111 122 15
111 122 29
112 122 15
112 122 29
113 122 15
113 122 29
114 122 15
114 122 29
115 122 15
115 122 29
116 122 15
116 122 29
117 122 15
117 122 29
118 122 15
118 122 29
119 122 15
119 122 29
120 122 15
120 122 29
120 122 29
121 122 15
121 122 29
121 122 29
121 122 29
122 122 37
122 122 29
122 122 29
122 122 29
123 122 84
123 122 29
123 122 29
124 122 134
124 122 29
124 122 29
89 89 24
89 89 29
88 89 24
88 89 29
87 89 23
87 89 29
86 89 21
86 89 29
85 89 18
85 89 29
84 89 15
84 89 29
83 89 15
83 89 29
82 89 15
82 89 29
82 88 15
82 88 29
82 87 15
82 87 29
81 87 15
81 87 29
80 87 15
80 87 29
79 87 15
79 87 29
78 87 15
78 87 29
77 87 15
77 86 15
77 85 15
77 85 29
77 84 15
77 84 29
45 101 29
46 101 36
46 100 42
47 100 48
47 99 50
47 98 51
48 98 51
48 97 47
48 96 44
49 96 38
49 95 32
49 94 26
50 94 17
50 93 15
51 93 15
51 93 29
51 92 15
51 92 29
52 92 15
52 92 29
53 92 15
53 92 29
54 92 15
54 92 29
55 92 15
55 92 29
56 92 15
56 92 29
57 92 15
58 92 15
59 92 15
60 92 15
61 92 15
62 92 18
63 92 18
64 92 18
65 92 16
66 92 15
67 92 15
68 92 15
68 91 15
69 91 15
70 91 15
71 91 15
72 91 15
72 90 15
72 89 15
73 89 15
74 89 15
74 88 15
74 87 15
75 87 15
75 86 15
76 86 15
76 85 15
44 102 15
44 102 29
44 103 15
44 103 29
44 104 15
44 104 29
44 105 15
44 105 29
44 106 15
44 106 29
44 107 15
44 107 29
43 107 15
43 107 29
43 108 15
43 108 29
43 109 15
43 109 29
43 110 15
43 110 29
43 110 29
43 111 15
43 111 29
43 111 29
42 111 15
42 111 29
42 111 29
41 111 15
41 111 29
41 111 29
40 111 15
40 111 29
40 111 29
39 111 15
39 111 29
39 111 29
39 111 29
38 111 26
38 111 29
38 111 29
38 111 29
37 111 54
37 111 29
37 111 29
37 111 29
37 112 84
37 112 29
37 112 29
37 112 29
37 112 29
37 112 29
36 112 116
36 112 29
36 112 29
36 112 29
36 112 29
36 112 29
35 112 152
35 112 29
35 112 29
35 112 29
35 112 29
35 112 29
35 112 29
35 112 29
35 113 188
35 113 29
35 113 29
35 113 29
35 113 29
35 113 29
35 113 29
35 113 29
35 113 29
34 113 224
34 113 29
34 113 29
34 113 29
34 113 29
34 113 29
34 113 29
34 113 29
34 113 29
33 113 261
33 113 29
33 113 29
33 113 29
33 113 29
33 113 29
33 113 29
33 113 29
33 113 29
33 114 297
33 114 29
33 114 29
33 114 29
33 114 29
33 114 29
33 114 29
32 114 330
32 114 29
32 114 29
32 114 29
32 114 29
32 114 29
31 114 363
31 114 29
31 114 29
31 114 29
31 114 29
31 114 29
30 114 393
30 114 29
30 114 29
30 114 29
30 114 29
30 114 29
29 114 422
29 114 29
29 114 29
29 114 29
29 114 29
28 114 448
28 114 29
28 114 29
28 114 29
27 114 471
27 114 29
26 114 490
25 115 503
25 116 499
25 117 495
24 117 489
24 118 478
23 118 464
23 118 29
23 118 29
23 119 447
23 119 29
23 119 29
22 119 426
22 119 29
22 119 29
22 119 29
22 119 29
22 119 29
22 120 403
22 120 29
22 120 29
22 120 29
21 120 377
21 120 29
21 120 29
21 120 29
21 120 29
21 120 29
21 121 350
21 121 29
21 121 29
21 121 29
20 121 321
20 121 29
20 121 29
20 121 29
19 121 292
19 121 29
19 121 29
19 121 29
18 121 263
18 121 29
18 121 29
18 121 29
17 121 235
17 121 29
17 121 29
17 121 29
16 121 208
16 121 29
16 121 29
15 121 181
15 121 29
14 122 125
14 123 97
14 124 71
14 125 47
14 126 26
14 126 29
14 127 15
14 127 29
14 128 15
14 128 29
13 128 15
13 128 29
13 129 15
13 129 29
12 129 15
12 129 29
12 130 15
12 130 29
12 131 15
12 131 29
12 132 15
12 132 29
12 133 15
12 133 29
11 133 15
11 133 29
11 134 15
11 134 29
10 134 15
10 134 29
10 135 15
9 135 15
8 135 15
7 135 15
6 135 15
6 136 15
6 137 15
6 138 15
6 139 15
6 140 15
6 140 29
6 141 15
6 141 29
6 142 15
6 142 29
6 143 15
6 143 29
115 60 15
115 60 29
115 59 15
115 59 29
115 58 15
115 58 29
115 57 15
115 57 29
115 56 23
115 56 29
115 55 57
115 54 97
114 54 132
114 53 171
113 53 202
112 53 234
112 52 261
112 52 29
111 52 285
111 52 29
111 51 306
111 51 29
111 51 29
111 51 29
110 51 321
110 51 29
110 51 29
110 51 29
110 50 335
110 50 29
110 50 29
110 50 29
110 50 29
109 50 340
109 50 29
109 50 29
108 50 344
108 50 29
108 49 342
108 49 29
108 49 29
107 49 337
107 49 29
107 48 329
107 48 29
107 48 29
107 48 29
106 48 314
106 48 29
105 48 298
105 48 29
105 47 279
105 47 29
105 47 29
105 47 29
104 47 257
104 47 29
104 47 29
103 47 235
103 47 29
103 46 209
103 46 29
103 46 29
103 46 29
102 46 183
102 46 29
102 46 29
102 45 159
102 45 29
102 45 29
102 45 29
101 45 131
101 45 29
101 45 29
101 45 29
100 45 107
100 45 29
100 45 29
100 45 29
100 45 29
100 44 82
100 44 29
100 44 29
100 44 29
100 44 29
99 44 59
99 44 29
99 44 29
99 44 29
99 44 29
99 44 29
99 43 40
99 43 29
99 43 29
99 43 29
99 43 29
98 43 19
98 43 29
98 43 29
98 43 29
98 43 29
98 43 29
98 42 15
98 42 29
98 42 29
98 42 29
98 42 29
98 41 15
98 41 29
98 41 29
98 41 29
97 41 15
97 41 29
97 41 29
97 41 29
97 41 29
97 40 15
97 40 29
97 40 29
97 40 29
97 39 15
97 39 29
97 39 29
96 39 15
96 39 29
96 39 29
96 39 29
96 38 15
96 38 29
96 38 29
95 38 15
95 38 29
95 38 29
94 38 15
94 38 29
94 38 29
94 37 15
94 37 29
94 37 29
93 37 15
93 37 29
93 37 29
92 37 15
92 37 29
92 37 29
91 37 15
91 37 29
91 37 29
90 37 15
90 37 29
90 37 29
89 37 15
89 37 29
89 37 29
89 36 20
89 36 29
89 36 29
88 36 33
88 36 29
88 36 29
88 35 49
88 35 29
87 35 62
87 35 29
87 34 81
87 34 29
86 34 93
86 34 29
86 34 29
85 34 112
85 34 29
85 34 29
85 34 29
85 33 127
85 33 29
85 33 29
84 33 146
84 33 29
84 33 29
84 33 29
84 33 29
84 32 164
84 32 29
84 32 29
84 32 29
83 32 181
83 32 29
83 32 29
83 32 29
83 32 29
83 32 29
83 31 202
83 31 29
83 31 29
83 31 29
82 31 219
82 31 29
82 31 29
82 31 29
82 31 29
82 30 242
82 30 29
82 30 29
81 30 258
81 30 29
81 30 29
81 30 29
80 29 298
80 29 29
79 29 320
79 28 336
78 28 356
78 27 372
77 27 389
77 26 402
76 26 416
76 25 425
76 25 29
76 25 29
75 25 435
75 25 29
75 25 29
75 24 439
75 24 29
75 24 29
75 24 29
74 24 443
74 24 29
74 24 29
74 23 441
74 23 29
74 23 29
73 23 440
72 23 441
70 23 444
70 23 29
70 23 29
69 23 444
69 23 29
69 23 29
69 23 29
69 23 29
69 23 29
68 23 442
68 23 29
68 23 29
68 23 29
68 23 29
68 23 29
68 23 29
68 23 29
68 23 29
67 23 436
67 23 29
67 23 29
67 23 29
67 23 29
67 23 29
67 23 29
67 23 29
67 23 29
67 23 29
67 23 29
66 23 426
66 23 29
66 23 29
66 23 29
66 23 29
66 23 29
66 23 29
66 23 29
66 23 29
66 23 29
66 23 29
66 23 29
66 23 29
65 23 411
65 23 29
65 23 29
65 23 29
65 23 29
65 23 29
65 23 29
65 23 29
65 23 29
65 23 29
65 23 29
65 23 29
65 23 29
64 23 391
64 23 29
64 23 29
64 23 29
64 23 29
64 23 29
64 23 29
64 23 29
64 23 29
64 23 29
64 23 29
64 23 29
63 23 367
63 23 29
63 23 29
63 23 29
63 23 29
63 23 29
63 23 29
63 23 29
63 23 29
63 23 29
62 23 339
62 23 29
62 23 29
62 23 29
62 23 29
62 23 29
62 23 29
62 23 29
62 23 29
61 23 309
61 23 29
61 23 29
61 23 29
61 23 29
61 23 29
61 23 29
61 23 29
61 23 29
60 23 277
60 23 29
60 23 29
60 23 29
60 23 29
60 23 29
60 23 29
60 23 29
60 23 29
60 23 29
59 23 245
59 23 29
59 23 29
59 23 29
59 23 29
59 23 29
59 23 29
59 23 29
59 23 29
59 23 29
59 23 29
58 23 216
58 23 29
58 23 29
58 23 29
58 23 29
58 23 29
58 23 29
58 23 29
58 23 29
58 23 29
58 23 29
58 23 29
58 23 29
57 23 191
57 23 29
57 23 29
57 23 29
57 23 29
57 23 29
57 23 29
57 23 29
57 23 29
57 23 29
57 23 29
57 23 29
57 23 29
57 23 29
57 23 29
56 23 171
56 23 29
56 23 29
56 23 29
56 23 29
56 23 29
56 23 29
56 23 29
56 23 29
56 23 29
56 23 29
56 23 29
56 23 29
56 23 29
56 23 29
56 23 29
55 23 159
55 23 29
55 23 29
55 23 29
55 23 29
55 23 29
55 23 29
55 23 29
55 23 29
55 23 29
55 23 29
55 23 29
55 23 29
55 23 29
55 23 29
55 23 29
54 23 155
54 23 29
54 23 29
54 23 29
54 23 29
54 23 29
54 23 29
54 23 29
54 23 29
54 23 29
54 23 29
54 23 29
54 23 29
54 23 29
54 23 29
54 23 29
54 24 142
54 24 29
54 24 29
54 24 29
54 24 29
54 24 29
54 24 29
54 24 29
54 24 29
54 24 29
54 24 29
54 24 29
54 24 29
54 24 29
54 25 135
54 25 29
54 25 29
54 25 29
54 25 29
54 25 29
54 25 29
54 25 29
54 25 29
54 25 29
54 25 29
54 25 29
53 25 119
53 25 29
53 25 29
53 25 29
53 25 29
53 25 29
53 25 29
53 25 29
53 25 29
53 25 29
53 26 108
53 26 29
53 26 29
53 26 29
53 26 29
53 26 29
53 26 29
53 26 29
52 26 90
52 26 29
52 26 29
52 26 29
52 26 29
52 26 29
52 26 29
52 27 76
52 27 29
52 27 29
52 27 29
52 27 29
52 27 29
51 27 56
51 27 29
51 27 29
51 27 29
51 27 29
51 28 40
51 28 29
51 28 29
51 28 29
51 28 29
50 28 19
50 28 29
50 28 29
50 28 29
50 28 29
50 29 15
50 29 29
50 29 29
50 29 29
50 29 29
49 29 15
49 29 29
49 29 29
49 29 29
48 29 15
48 29 29
48 29 29
47 29 15
47 29 29
47 29 29
46 29 15
46 29 29
46 29 29
45 29 15
45 29 29
45 29 29
44 29 15
44 29 29
44 29 29
44 29 29
44 30 15
44 30 29
44 30 29
43 30 15
43 30 29
43 30 29
43 31 15
43 31 29
43 31 29
42 31 15
42 31 29
42 31 29
42 32 15
42 32 29
41 32 15
41 32 29
41 32 29
40 32 15
40 32 29
40 32 29
39 32 15
39 32 29
39 32 29
38 32 15
38 32 29
38 32 29
37 32 15
37 32 29
36 32 15
36 32 29
35 32 15
35 32 29
34 32 15
34 32 29
33 32 22
33 32 29
32 32 38
32 32 29
31 32 52
31 32 29
30 32 65
30 32 29
30 31 74
29 31 76
29 31 29
28 31 78
28 31 29
28 30 74
28 30 29
27 30 68
27 30 29
27 29 61
27 29 29
26 29 49
26 29 29
26 28 38
26 28 29
25 28 24
25 28 29
25 28 29
25 27 15
25 27 29
25 27 29
24 27 15
24 27 29
24 27 29
24 26 15
24 26 29
24 26 29
24 25 15
24 25 29
24 25 29
24 24 15
24 24 29
24 24 29
23 24 15
23 24 29
23 23 15
23 23 29
23 22 15
23 22 29
22 22 15
22 22 29
21 22 15
21 22 29
21 21 15
21 21 29
20 21 15
20 21 29
19 21 15
18 21 15
18 20 15
17 20 15
17 19 15
17 18 15
1 44 59
1 43 59
2 43 58
2 42 55
2 41 52
2 40 49
2 39 46
3 39 42
3 38 37
3 37 33
3 36 30
3 35 27
4 34 19
4 33 18
4 32 17
4 31 17
4 30 18
4 29 19
4 28 20
4 27 21
5 27 28
6 27 36
7 27 46
8 27 56
9 27 65
10 27 72
11 27 76
12 27 77
13 27 75
14 27 69
15 27 60
16 27 49
17 27 36
17 27 29
17 26 25
17 26 29
17 25 16
17 25 29
17 24 15
17 24 29
17 23 15
17 23 29
17 22 15
17 21 15
1 46 58
1 46 29
1 47 57
1 47 29
1 47 29
1 48 55
1 48 29
1 48 29
1 49 52
1 49 29
1 49 29
1 50 48
1 50 29
1 50 29
1 51 42
1 51 29
1 51 29
1 52 36
1 52 29
1 52 29
1 53 29
1 53 29
1 53 29
1 54 21
1 54 29
1 55 15
1 55 29
2 55 15
2 55 29
2 55 29
3 55 15
3 55 29
3 55 29
3 55 29
3 55 29
3 56 15
3 56 29
3 56 29
3 56 29
3 57 15
3 57 29
3 57 29
3 57 29
4 57 15
4 57 29
4 57 29
4 57 29
4 57 29
4 57 29
5 57 15
5 57 29
5 57 29
5 57 29
5 57 29
5 57 29
5 57 29
5 57 29
5 58 15
5 58 29
5 58 29
5 58 29
5 58 29
5 58 29
5 58 29
6 58 15
6 58 29
6 58 29
6 58 29
6 58 29
6 58 29
6 58 29
6 58 29
6 59 15
6 59 29
6 59 29
6 59 29
6 59 29
6 59 29
6 59 29
6 60 15
6 60 29
6 60 29
6 60 29
6 60 29
6 60 29
6 61 15
6 61 29
6 61 29
6 61 29
6 61 29
6 61 29
7 61 15
7 61 29
7 61 29
7 61 29
7 61 29
7 61 29
7 62 15
7 62 29
7 62 29
7 62 29
7 62 29
7 62 29
8 62 15
8 62 29
8 62 29
8 62 29
8 62 29
8 62 29
9 62 15
9 62 29
9 62 29
9 62 29
9 62 29
9 62 29
9 63 15
9 63 29
9 63 29
9 63 29
9 63 29
9 63 29
10 63 51
10 63 29
10 63 29
10 63 29
10 63 29
175 50 53
175 49 53
175 48 54
175 47 56
176 47 55
176 46 54
176 45 53
177 45 50
177 44 44
177 43 37
177 42 29
177 41 20
177 40 15
177 39 15
177 38 15
177 37 15
177 36 15
176 36 15
175 36 15
174 36 15
173 35 15
173 34 15
173 33 15
172 33 15
172 32 15
172 31 15
171 31 15
170 31 15
170 30 15
170 29 15
169 29 15
168 29 15
167 29 15
166 29 15
165 29 15
164 29 15
163 29 15
162 28 15
162 27 15
162 26 15
162 25 15
161 25 15
161 24 15
161 23 15
160 23 15
160 22 15
160 21 15
160 20 15
160 19 15
160 19 29
160 18 15
160 18 29
160 17 15
160 17 29
160 16 15
160 16 29
160 15 15
160 15 29
160 15 29
160 14 15
160 14 29
160 14 29
161 14 15
161 14 29
161 14 29
161 13 15
161 13 29
161 13 29
162 13 15
162 13 29
162 12 15
162 12 29
163 12 15
163 12 29
164 12 15
164 12 29
164 11 15
164 11 29
165 11 15
165 11 29
165 10 15
165 10 29
165 9 15
165 9 29
166 9 15
166 9 29
166 8 15
166 8 29
166 7 15
166 7 29
167 7 15
167 7 29
168 7 15
168 7 29
169 7 15
169 7 29
170 7 15
170 7 29
171 7 15
172 7 15
173 7 15
174 7 15
175 7 15
176 7 15
176 8 15
177 8 15
178 8 15
179 8 15
180 8 15
181 8 15
181 9 15
182 9 15
182 10 15
182 11 15
183 11 15
184 11 15
185 11 15
185 12 15
185 13 15
186 14 15
187 14 15
188 14 15
188 14 29
188 15 15
189 15 15
189 15 29
190 15 15
190 15 29
191 15 15
191 15 29
192 15 15
192 15 29
193 15 15
193 15 29
194 15 15
194 15 29
194 16 15
194 16 29
194 17 15
194 17 29
194 18 15
195 18 15
195 18 29
196 18 15
196 18 29
196 19 15
196 19 29
197 19 15
197 19 29
