5 81 26
5 81 16
5 81 16
5 81 16
5 81 16
5 81 16
5 81 16
19 9 26
121 32 26
121 32 16
121 32 16
121 32 16
121 32 16
121 32 16
121 32 16
121 32 16
76 156 26
62 132 26
98 127 26
169 58 26
169 58 16
169 58 16
169 58 16
169 58 16
169 58 16
169 58 16
169 58 16
169 58 16
64 45 26
92 182 26
92 182 16
92 182 16
92 182 16
183 194 26
195 166 26
87 26 26
76 140 26
82 38 26
82 38 16
183 177 26
64 147 26
84 176 26
84 176 16
87 134 26
195 184 26
86 163 26
69 32 26
111 26 26
111 26 16
111 26 16
111 26 16
111 26 16
111 26 16
111 26 16
97 32 26
97 32 16
97 32 16
97 32 16
0 75 26
0 75 16
0 75 16
0 75 16
0 75 16
0 75 16
0 75 16
0 75 16
0 75 16
0 75 16
0 75 16
0 75 16
0 75 16
0 75 16
0 75 16
0 75 16
0 75 16
0 75 16
0 75 16
0 75 16
0 75 16
0 75 16
0 75 16
0 75 16
0 88 26
0 88 16
0 88 16
0 88 16
8 2 26
7 16 26
0 9 26
169 71 26
169 71 16
169 71 16
169 71 16
169 71 16
169 71 16
169 71 16
169 71 16
169 71 16
169 71 16
181 65 26
181 65 16
181 65 16
181 65 16
181 65 16
181 65 16
181 65 16
181 65 16
181 65 16
5 93 26
5 93 16
5 93 16
5 93 16
5 93 16
5 93 16
5 93 16
5 93 16
5 93 16
5 93 16
5 93 16
5 93 16
5 93 16
5 93 16
5 93 16
180 77 26
180 77 16
180 77 16
180 77 16
180 77 16
180 77 16
180 77 16
180 77 16
180 77 16
180 77 16
180 77 16
180 77 16
180 77 16
180 77 16
180 77 16
180 77 16
180 77 16
180 77 16
180 77 16
180 77 16
180 77 16
180 77 16
180 77 16
180 77 16
180 77 16
180 77 16
180 77 16
17 22 26
181 52 26
181 52 16
181 52 16
181 52 16
181 52 16
181 52 16
181 52 16
181 52 16
181 52 16
181 52 16
181 52 16
181 52 16
181 52 16
181 52 16
181 52 16
181 52 16
181 52 16
181 52 16
15 86 26
15 86 16
15 86 16
15 86 16
15 86 16
15 86 16
15 86 16
15 86 16
15 86 16
15 86 16
15 86 16
15 86 16
15 86 16
15 86 16
15 86 16
15 86 16
15 86 16
15 86 16
15 86 16
15 86 16
15 86 16
15 86 16
15 86 16
15 86 16
15 86 16
15 86 16
15 86 16
15 86 16
15 86 16
15 86 16
15 86 16
15 86 16
15 86 16
15 86 16
15 86 16
15 86 16
15 86 16
31 15 26
29 28 26
88 148 26
0 100 26
0 100 16
0 113 26
7 106 26
7 106 16
7 106 16
7 106 16
99 141 26
9 119 26
9 119 16
9 119 16
9 119 16
43 21 26
40 33 26
40 33 16
53 39 26
156 65 26
156 65 16
156 65 16
156 65 16
156 65 16
156 65 16
156 65 16
156 78 26
156 78 16
156 78 16
156 78 16
156 78 16
156 78 16
156 78 16
156 78 16
156 78 16
156 78 16
156 78 16
156 78 16
156 78 16
156 78 16
156 78 16
156 78 16
156 78 16
156 78 16
156 78 16
156 78 16
156 78 16
156 78 16
156 78 16
156 78 16
156 78 16
156 78 16
156 78 16
156 78 16
156 78 16
156 78 16
156 78 16
156 78 16
156 78 16
156 78 16
156 78 16
156 78 16
156 78 16
156 78 16
156 78 16
156 78 16
156 78 16
156 78 16
156 78 16
156 78 16
156 51 26
156 51 16
156 51 16
144 58 26
144 58 16
144 58 16
144 45 26
144 45 16
132 38 26
132 38 16
132 38 16
132 38 16
132 38 16
20 111 26
20 111 16
20 111 16
20 111 16
20 111 16
20 111 16
20 111 16
20 111 16
20 111 16
20 111 16
20 111 16
20 111 16
20 111 16
20 111 16
20 111 16
20 111 16
20 111 16
20 111 16
20 111 16
20 111 16
96 169 26
22 125 26
22 125 16
22 125 16
22 125 16
22 125 16
22 125 16
22 125 16
22 125 16
22 125 16
22 125 16
22 125 16
22 125 16
22 125 16
22 125 16
22 125 16
22 125 16
22 125 16
22 125 16
22 125 16
22 125 16
22 125 16
22 125 16
98 156 26
14 73 26
14 73 16
14 73 16
14 73 16
14 73 16
14 73 16
14 73 16
14 73 16
14 73 16
14 73 16
14 73 16
14 73 16
14 73 16
14 73 16
14 73 16
14 73 16
14 73 16
14 73 16
14 73 16
14 73 16
14 73 16
14 73 16
14 73 16
14 73 16
14 73 16
14 73 16
14 73 16
14 73 16
14 73 16
14 73 16
14 73 16
14 73 16
14 73 16
14 73 16
14 73 16
14 73 16
14 73 16
14 73 16
14 73 16
14 73 16
14 73 16
73 125 26
85 119 26
0 126 26
0 126 16
0 126 16
11 132 26
11 132 16
11 132 16
11 132 16
11 132 16
11 132 16
11 132 16
11 132 16
11 132 16
0 139 26
0 139 16
0 139 16
0 139 16
74 169 26
74 169 16
74 169 16
64 161 26
64 161 16
64 161 16
12 146 26
12 146 16
12 146 16
12 146 16
12 146 16
12 146 16
12 146 16
12 146 16
12 146 16
12 146 16
12 146 16
12 146 16
12 146 16
12 146 16
12 146 16
12 146 16
12 146 16
12 146 16
12 146 16
12 146 16
12 146 16
12 146 16
12 146 16
12 146 16
12 146 16
12 146 16
12 146 16
12 146 16
12 146 16
12 146 16
12 146 16
104 175 26
107 162 26
109 148 26
0 152 26
0 152 16
0 152 16
0 152 16
0 152 16
0 152 16
0 152 16
0 152 16
0 152 16
0 152 16
0 152 16
0 152 16
0 152 16
0 152 16
0 152 16
0 152 16
0 152 16
0 152 16
0 152 16
0 152 16
0 152 16
0 152 16
0 152 16
0 152 16
0 152 16
0 152 16
0 152 16
0 152 16
0 152 16
0 152 16
0 152 16
0 152 16
0 152 16
0 152 16
0 152 16
0 152 16
0 152 16
0 152 16
0 152 16
0 152 16
0 152 16
0 152 16
0 152 16
0 152 16
0 152 16
0 152 16
0 152 16
0 152 16
0 152 16
0 152 16
24 138 26
24 138 16
24 138 16
24 138 16
24 138 16
24 138 16
24 138 16
24 138 16
24 138 16
24 138 16
24 138 16
24 138 16
24 138 16
24 138 16
24 138 16
24 138 16
24 138 16
24 138 16
24 138 16
24 138 16
24 138 16
24 138 16
24 138 16
24 138 16
24 138 16
24 138 16
24 138 16
24 138 16
24 138 16
24 138 16
24 138 16
24 138 16
24 138 16
24 138 16
24 138 16
24 138 16
24 138 16
24 138 16
24 138 16
24 138 16
24 138 16
24 138 16
24 138 16
24 138 16
24 138 16
24 138 16
24 138 16
24 138 16
33 117 26
33 117 16
33 117 16
33 117 16
33 117 16
33 117 16
33 117 16
33 117 16
33 117 16
33 117 16
33 117 16
33 117 16
48 124 26
56 27 26
100 20 26
100 20 16
100 20 16
131 51 26
131 51 16
131 51 16
131 51 16
131 51 16
131 51 16
131 51 16
131 51 16
131 51 16
131 51 16
131 51 16
120 45 26
120 45 16
120 45 16
120 45 16
120 45 16
109 38 26
109 38 16
109 38 16
109 38 16
109 38 16
109 38 16
109 38 16
109 38 16
109 38 16
109 38 16
109 38 16
109 38 16
109 38 16
109 38 16
109 38 16
109 38 16
109 38 16
195 199 26
59 117 26
183 160 26
183 160 16
44 110 26
44 110 16
44 110 16
44 110 16
195 152 26
110 134 26
110 134 16
184 145 26
184 145 16
116 168 26
118 155 26
79 51 26
79 51 16
79 51 16
79 51 16
79 51 16
120 141 26
120 141 16
120 141 16
120 141 16
120 141 16
73 20 26
59 14 26
46 8 26
33 2 26
114 181 26
114 181 16
102 188 26
102 188 16
102 188 16
102 188 16
102 188 16
102 188 16
102 188 16
102 188 16
102 188 16
102 188 16
102 188 16
88 13 26
75 7 26
61 1 26
70 111 26
55 103 26
55 103 16
55 103 16
55 103 16
55 103 16
50 139 26
50 139 16
94 45 26
94 45 16
94 45 16
94 45 16
94 45 16
94 45 16
94 45 16
94 45 16
94 45 16
51 153 26
51 153 16
51 153 16
51 153 16
126 174 26
128 160 26
130 147 26
130 147 16
130 147 16
130 147 16
130 147 16
92 58 26
92 58 16
92 58 16
92 58 16
92 58 16
92 58 16
92 58 16
92 58 16
92 58 16
92 58 16
92 58 16
92 58 16
92 58 16
92 58 16
92 58 16
92 58 16
92 58 16
92 58 16
92 58 16
92 58 16
92 58 16
92 58 16
92 58 16
92 58 16
92 58 16
92 58 16
92 58 16
92 58 16
92 58 16
92 58 16
0 22 26
5 29 26
5 29 16
5 29 16
5 29 16
5 29 16
5 29 16
15 35 26
15 35 16
15 35 16
26 40 26
26 40 16
26 40 16
26 40 16
26 40 16
26 40 16
26 40 16
26 40 16
26 40 16
26 40 16
139 152 26
139 152 16
139 152 16
139 152 16
139 152 16
139 152 16
139 152 16
139 152 16
139 152 16
139 152 16
139 152 16
138 166 26
138 166 16
138 166 16
138 166 16
138 166 16
138 166 16
138 166 16
138 166 16
138 166 16
138 166 16
138 166 16
138 166 16
138 166 16
138 166 16
138 166 16
138 166 16
38 46 26
38 46 16
38 46 16
38 46 16
50 51 26
50 51 16
50 51 16
50 51 16
50 51 16
50 51 16
50 51 16
50 51 16
50 51 16
50 51 16
124 188 26
124 188 16
124 188 16
124 188 16
124 188 16
124 188 16
124 188 16
124 188 16
124 188 16
124 188 16
124 188 16
124 188 16
124 188 16
124 188 16
124 188 16
124 188 16
124 188 16
124 188 16
124 188 16
124 188 16
124 188 16
124 188 16
124 188 16
124 188 16
124 188 16
63 57 26
63 57 16
77 64 26
77 64 16
77 64 16
77 64 16
77 64 16
77 64 16
77 64 16
77 64 16
77 64 16
77 64 16
77 64 16
77 64 16
77 64 16
77 64 16
77 64 16
77 64 16
77 64 16
77 64 16
67 97 26
67 97 16
67 97 16
67 97 16
67 97 16
67 97 16
82 104 26
82 104 16
82 104 16
82 104 16
82 104 16
96 112 26
96 112 16
96 112 16
96 112 16
109 120 26
109 120 16
109 120 16
109 120 16
109 120 16
109 120 16
109 120 16
109 120 16
109 120 16
109 120 16
109 120 16
109 120 16
109 120 16
109 120 16
109 120 16
109 120 16
109 120 16
109 120 16
109 120 16
109 120 16
109 120 16
109 120 16
109 120 16
109 120 16
109 120 16
109 120 16
63 70 26
63 70 16
63 70 16
63 70 16
63 70 16
63 70 16
63 70 16
63 70 16
63 70 16
63 70 16
63 70 16
63 70 16
64 83 26
64 83 16
64 83 16
64 83 16
64 83 16
64 83 16
64 83 16
64 83 16
64 83 16
64 83 16
64 83 16
64 83 16
64 83 16
87 25 15
87 25 14
87 24 15
87 24 14
87 23 15
87 23 14
86 23 15
86 23 14
86 22 15
86 22 14
85 22 15
85 22 14
84 22 15
84 22 14
83 22 15
83 22 14
83 21 15
83 21 14
83 20 15
83 20 14
82 20 15
81 20 15
80 20 15
79 20 15
78 20 15
77 20 15
76 20 15
75 20 15
74 20 16
72 20 20
71 20 22
70 20 24
69 20 26
68 20 29
68 21 31
68 22 32
68 23 31
68 24 30
68 25 29
68 26 26
68 27 24
67 27 21
67 28 18
67 29 15
66 29 15
66 30 15
66 31 15
65 31 15
65 32 15
64 32 15
64 33 15
64 34 15
64 34 14
64 35 15
64 35 14
64 36 15
64 36 14
64 37 15
64 37 14
64 38 15
64 38 14
64 39 15
64 39 14
64 40 15
64 40 14
64 41 15
64 41 14
64 42 15
64 42 14
64 43 17
64 44 18
65 83 208
65 82 213
65 82 14
65 82 14
65 81 217
65 81 14
65 81 14
65 81 14
65 81 14
65 80 220
65 80 14
65 80 14
65 80 14
65 80 14
65 80 14
65 80 14
65 79 222
65 79 14
65 79 14
65 79 14
65 79 14
65 79 14
65 79 14
65 79 14
65 78 222
65 78 14
65 78 14
65 78 14
65 78 14
65 78 14
65 78 14
65 78 14
65 77 221
65 77 14
65 77 14
65 77 14
65 77 14
65 77 14
65 77 14
65 76 219
65 76 14
65 76 14
65 76 14
65 76 14
65 75 214
65 75 14
65 75 14
65 74 208
65 74 14
65 73 201
65 72 192
65 71 181
65 71 14
65 71 14
65 70 169
65 70 14
65 70 14
65 70 14
65 69 156
65 69 14
65 69 14
65 69 14
65 69 14
65 69 14
65 69 14
65 68 142
65 68 14
65 68 14
65 68 14
65 68 14
65 68 14
65 68 14
65 68 14
65 68 14
65 67 127
65 67 14
65 67 14
65 67 14
65 67 14
65 67 14
65 67 14
65 67 14
65 67 14
65 67 14
65 66 112
65 66 14
65 66 14
65 66 14
65 66 14
65 66 14
65 66 14
65 66 14
65 66 14
65 66 14
65 66 14
65 65 97
65 65 14
65 65 14
65 65 14
65 65 14
65 65 14
65 65 14
65 65 14
65 65 14
65 65 14
65 65 14
65 64 82
65 64 14
65 64 14
65 64 14
65 64 14
65 64 14
65 64 14
65 64 14
65 64 14
65 63 68
65 63 14
65 63 14
65 63 14
65 63 14
65 63 14
65 63 14
65 63 14
65 62 55
65 62 14
65 62 14
65 62 14
65 62 14
65 62 14
65 62 14
65 61 43
65 61 14
65 61 14
65 61 14
65 61 14
65 61 14
65 60 32
65 60 14
65 60 14
65 60 14
65 60 14
65 59 23
65 59 14
65 59 14
65 59 14
65 59 14
65 58 16
65 58 14
65 58 14
65 58 14
65 58 14
65 57 15
65 57 14
65 57 14
65 57 14
65 57 14
65 56 15
65 56 14
65 56 14
65 56 14
65 55 15
65 55 14
65 55 14
65 55 14
65 54 15
65 54 14
65 54 14
65 54 14
65 53 15
65 53 14
65 53 14
65 52 15
65 52 14
65 52 14
65 51 15
65 51 14
65 50 15
65 50 14
65 49 15
65 49 14
65 48 15
65 48 14
65 47 15
65 47 14
65 46 15
65 45 16
64 84 204
64 85 198
64 86 191
64 87 183
64 88 175
64 89 167
64 90 158
64 90 14
64 91 149
64 91 14
64 91 14
64 92 140
64 92 14
64 92 14
64 92 14
64 93 130
64 93 14
64 93 14
64 93 14
64 94 121
64 94 14
64 94 14
64 94 14
64 95 112
64 95 14
64 95 14
64 95 14
64 96 102
64 96 14
64 96 14
64 97 93
64 97 14
64 98 84
64 99 75
64 100 67
64 101 59
64 102 52
64 103 45
64 104 40
64 105 35
64 106 31
64 107 28
64 108 26
64 109 25
63 109 24
62 109 24
61 109 22
60 109 21
59 109 19
59 109 14
59 110 16
59 110 14
59 111 15
59 111 14
59 112 15
59 113 15
59 114 15
59 115 16
59 116 17
58 117 15
57 117 15
56 117 15
55 117 15
54 117 15
53 117 15
53 117 14
52 117 15
52 117 14
51 117 15
51 117 14
50 117 15
50 117 14
50 117 14
49 117 15
49 117 14
49 117 14
49 117 14
48 117 15
48 117 14
48 117 14
48 117 14
48 117 14
47 117 15
47 117 14
47 117 14
47 117 14
47 117 14
47 117 14
47 117 14
46 117 15
46 117 14
46 117 14
46 117 14
46 117 14
46 117 14
46 117 14
46 117 14
45 117 15
45 117 14
45 117 14
45 117 14
45 117 14
45 117 14
45 117 14
45 117 14
44 117 15
44 117 14
44 117 14
44 117 14
44 117 14
44 117 14
44 117 14
44 117 14
44 117 14
43 117 16
43 117 14
43 117 14
43 117 14
43 117 14
43 117 14
43 117 14
43 117 14
43 117 14
42 117 30
42 117 14
42 117 14
42 117 14
42 117 14
42 117 14
42 117 14
42 117 14
41 117 46
41 117 14
41 117 14
41 117 14
41 117 14
41 117 14
41 117 14
40 117 63
40 117 14
40 117 14
40 117 14
40 117 14
39 117 81
39 117 14
39 117 14
38 117 100
38 117 14
37 117 120
36 117 139
35 117 159
34 117 177
32 117 211
32 117 14
32 117 14
32 117 14
31 117 225
31 117 14
31 117 14
31 117 14
31 117 14
31 117 14
30 117 237
30 117 14
30 117 14
30 117 14
30 117 14
30 117 14
30 117 14
30 117 14
30 117 14
29 117 248
29 117 14
29 117 14
29 117 14
29 117 14
29 117 14
29 117 14
29 117 14
29 117 14
29 117 14
29 117 14
29 117 14
29 117 14
28 117 256
28 117 14
28 117 14
28 117 14
28 117 14
28 117 14
28 117 14
28 117 14
28 117 14
28 117 14
28 117 14
28 117 14
28 117 14
28 117 14
28 117 14
28 117 14
28 117 14
27 117 262
27 117 14
27 117 14
27 117 14
27 117 14
27 117 14
27 117 14
27 117 14
27 117 14
27 117 14
27 117 14
27 117 14
27 117 14
27 117 14
27 117 14
27 117 14
27 117 14
27 117 14
27 117 14
27 117 14
27 117 14
26 117 265
26 117 14
26 117 14
26 117 14
26 117 14
26 117 14
26 117 14
26 117 14
26 117 14
26 117 14
26 117 14
26 117 14
26 117 14
26 117 14
26 117 14
26 117 14
26 117 14
26 117 14
26 117 14
26 117 14
26 117 14
26 117 14
26 117 14
25 117 266
25 117 14
25 117 14
25 117 14
25 117 14
25 117 14
25 117 14
25 117 14
25 117 14
25 117 14
25 117 14
25 117 14
25 117 14
25 117 14
25 117 14
25 117 14
25 117 14
25 117 14
25 117 14
25 117 14
25 117 14
25 117 14
24 117 265
24 117 14
24 117 14
24 117 14
24 117 14
24 117 14
24 117 14
24 117 14
24 117 14
24 117 14
24 117 14
24 117 14
24 117 14
24 117 14
24 117 14
24 117 14
24 117 14
24 117 14
23 117 261
23 117 14
23 117 14
23 117 14
23 117 14
23 117 14
23 117 14
23 117 14
23 117 14
23 117 14
23 117 14
23 117 14
23 117 14
22 117 255
22 117 14
22 117 14
22 117 14
22 117 14
22 117 14
22 117 14
21 117 246
21 117 14
20 117 236
19 117 223
18 117 209
17 117 193
16 117 176
15 117 158
14 117 139
13 117 120
12 117 101
11 117 83
10 117 66
10 117 14
9 117 51
9 117 14
9 117 14
8 117 38
8 117 14
8 117 14
7 117 27
7 117 14
7 117 14
7 117 14
7 116 19
7 116 14
7 116 14
7 116 14
7 115 15
7 115 14
7 115 14
7 115 14
7 115 14
7 114 15
7 114 14
7 114 14
7 114 14
7 114 14
7 113 15
7 113 14
7 113 14
7 113 14
7 113 14
7 113 14
6 113 15
6 113 14
6 113 14
6 113 14
5 113 15
5 113 14
5 113 14
5 113 14
4 113 15
4 113 14
4 113 14
3 113 15
3 113 14
3 113 14
2 113 15
2 113 14
1 113 15
1 113 14
0 112 15
0 112 14
0 111 15
0 111 14
0 111 14
0 110 15
0 110 14
0 110 14
0 109 15
0 109 14
0 109 14
0 108 15
0 108 14
0 108 14
0 107 15
0 107 14
0 107 14
0 106 15
0 106 14
0 106 14
0 105 15
0 105 14
0 105 14
0 104 15
0 104 14
0 104 14
0 103 15
0 103 14
0 103 14
0 102 15
0 102 14
0 102 14
0 101 21
0 101 14
0 99 48
0 98 60
0 97 71
0 96 80
0 95 86
0 94 90
0 93 90
0 92 89
0 91 85
0 90 79
0 89 73
0 87 61
0 86 58
0 85 59
1 85 57
1 84 58
2 84 61
2 83 64
3 83 71
3 82 77
4 82 89
4 81 98
57 118 15
56 118 15
56 119 15
56 120 15
56 121 15
56 122 15
56 123 15
56 124 15
56 124 14
56 125 15
56 125 14
56 126 15
56 126 14
56 127 15
56 127 14
56 128 15
56 128 14
56 129 15
56 129 14
56 130 15
56 130 14
56 131 15
56 131 14
57 131 15
57 131 14
58 131 15
58 131 14
58 132 15
58 132 14
59 132 15
59 132 14
60 132 15
60 132 14
61 132 16
61 132 14
61 133 15
61 133 14
61 134 15
61 134 14
61 135 15
61 135 14
61 136 15
61 136 14
61 137 15
61 137 14
61 138 15
61 138 14
61 139 15
61 139 14
61 140 15
61 140 14
61 141 15
61 141 14
61 142 15
61 142 14
61 143 15
61 143 14
61 143 14
61 144 15
61 144 14
61 144 14
62 144 15
62 144 14
62 145 15
62 145 14
62 146 15
62 146 14
62 147 15
62 147 14
63 147 15
63 147 14
64 148 15
64 148 14
64 149 15
64 149 14
64 150 15
64 150 14
64 151 15
64 151 14
64 152 15
64 152 14
64 152 14
64 153 15
64 153 14
64 153 14
64 154 15
64 154 14
64 154 14
65 154 15
65 154 14
65 154 14
66 154 15
66 154 14
66 154 14
67 154 15
67 154 14
67 155 15
67 155 14
67 155 14
67 156 15
67 156 14
67 156 14
68 156 15
68 156 14
69 156 15
69 156 14
70 156 15
70 156 14
71 156 15
71 156 14
72 156 15
72 156 14
73 156 15
73 156 14
74 156 15
74 156 14
75 156 17
75 156 14
92 181 46
92 181 14
92 180 29
92 180 14
92 179 16
92 179 14
92 179 14
92 178 15
92 178 14
91 178 15
91 178 14
91 178 14
91 177 15
91 177 14
91 176 15
91 176 14
90 176 15
90 176 14
89 176 15
89 176 14
89 176 14
89 175 15
89 175 14
89 174 15
89 174 14
88 174 15
88 174 14
87 174 15
87 174 14
86 174 15
86 174 14
86 173 15
86 173 14
86 172 15
86 172 14
86 171 15
86 171 14
86 170 15
86 170 14
86 169 15
86 169 14
86 168 15
86 168 14
86 167 15
86 167 14
86 166 15
86 166 14
86 165 15
86 165 14
86 164 15
86 164 14
85 163 15
85 163 14
84 163 15
84 163 14
83 163 15
83 163 14
82 163 15
81 163 15
81 162 15
80 162 15
80 161 15
79 161 15
79 160 15
78 160 15
77 160 15
77 160 14
77 159 15
76 159 15
76 159 14
76 158 15
76 158 14
76 157 15
76 157 14
98 128 15
98 129 15
98 130 15
98 131 15
98 132 15
98 133 15
97 133 15
96 133 15
96 134 15
95 134 15
94 134 15
93 134 17
92 134 19
91 134 20
90 134 20
89 134 20
88 134 19
86 134 16
85 134 15
84 134 15
83 134 15
82 134 15
81 134 15
81 133 15
80 133 15
79 133 15
78 133 15
78 132 15
77 132 15
76 132 15
75 132 15
74 132 15
73 132 15
72 132 15
71 132 15
70 132 16
69 132 18
68 132 19
67 132 21
66 132 22
65 132 22
64 132 21
63 132 20
73 19 15
73 18 15
73 17 15
73 16 15
73 15 15
73 14 15
73 13 15
72 13 15
72 12 15
72 11 15
72 10 15
71 10 15
70 10 15
69 10 15
68 10 15
67 10 15
66 10 15
65 10 15
64 10 15
63 10 15
62 10 15
61 10 15
60 10 15
59 10 15
58 10 15
57 10 15
56 10 15
55 10 15
54 10 15
53 10 15
52 10 15
51 10 15
50 10 15
49 10 15
48 10 15
47 10 15
46 10 15
45 10 15
44 10 15
43 10 15
42 10 15
41 10 15
41 9 15
40 9 15
39 9 15
38 9 15
37 9 15
36 9 15
35 9 15
34 9 15
33 9 15
32 9 15
31 9 15
30 9 15
29 9 15
28 9 15
27 9 15
26 9 15
25 9 15
24 9 15
23 9 15
22 9 15
21 9 15
20 9 15
88 26 15
88 26 14
89 26 15
89 26 14
89 26 14
90 26 15
90 26 14
90 26 14
91 26 15
91 26 14
91 26 14
92 26 15
92 26 14
92 26 14
93 26 15
93 26 14
93 26 14
94 26 15
94 26 14
94 26 14
95 26 15
95 26 14
95 26 14
96 26 15
96 26 14
96 26 14
97 26 15
97 26 14
97 26 14
98 26 15
98 26 14
98 26 14
98 26 14
99 26 18
99 26 14
99 26 14
99 26 14
100 26 24
100 26 14
100 26 14
100 26 14
100 26 14
101 26 32
101 26 14
101 26 14
101 26 14
101 26 14
101 26 14
102 26 40
102 26 14
102 26 14
102 26 14
102 26 14
102 26 14
103 26 48
103 26 14
103 26 14
103 26 14
103 26 14
103 26 14
104 26 56
104 26 14
104 26 14
104 26 14
104 26 14
105 26 64
105 26 14
105 26 14
105 26 14
106 26 72
106 26 14
106 26 14
107 26 80
107 26 14
108 26 88
109 26 97
110 26 105
111 27 119
111 27 14
111 27 14
112 27 126
112 27 14
112 27 14
112 27 14
112 28 131
112 28 14
112 28 14
112 28 14
112 28 14
112 28 14
113 28 137
113 28 14
113 28 14
113 28 14
113 28 14
113 28 14
113 28 14
114 28 142
114 28 14
114 28 14
114 28 14
114 28 14
114 28 14
114 28 14
114 28 14
114 29 145
114 29 14
114 29 14
114 29 14
114 29 14
114 29 14
114 29 14
114 29 14
114 29 14
114 29 14
114 29 14
115 29 148
115 29 14
115 29 14
115 29 14
115 29 14
115 29 14
115 29 14
115 29 14
115 29 14
115 29 14
115 29 14
115 30 149
115 30 14
115 30 14
115 30 14
115 30 14
115 30 14
115 30 14
115 30 14
115 30 14
115 30 14
115 30 14
115 30 14
115 30 14
115 30 14
115 30 14
116 30 149
116 30 14
116 30 14
116 30 14
116 30 14
116 30 14
116 30 14
116 30 14
116 30 14
116 30 14
116 30 14
116 30 14
116 30 14
116 30 14
116 31 147
116 31 14
116 31 14
116 31 14
116 31 14
116 31 14
116 31 14
116 31 14
116 31 14
116 31 14
116 31 14
116 31 14
116 31 14
116 31 14
116 31 14
116 31 14
116 31 14
117 31 144
117 31 14
117 31 14
117 31 14
117 31 14
117 31 14
117 31 14
117 31 14
117 31 14
117 31 14
117 31 14
117 31 14
117 31 14
117 31 14
117 32 140
117 32 14
117 32 14
117 32 14
117 32 14
117 32 14
117 32 14
117 32 14
117 32 14
117 32 14
117 32 14
117 32 14
117 32 14
117 32 14
117 32 14
118 32 134
118 32 14
118 32 14
118 32 14
118 32 14
118 32 14
118 32 14
118 32 14
118 32 14
118 32 14
118 32 14
118 32 14
118 32 14
119 32 130
119 32 14
119 32 14
119 32 14
119 32 14
119 32 14
119 32 14
119 32 14
119 32 14
120 32 129
120 32 14
120 32 14
120 32 14
120 32 14
168 58 146
167 58 143
166 58 137
165 58 129
164 58 117
163 58 103
163 58 14
163 58 14
162 58 86
162 58 14
162 58 14
162 58 14
162 58 14
162 58 14
161 58 68
161 58 14
161 58 14
161 58 14
161 58 14
161 58 14
161 58 14
161 58 14
161 58 14
160 58 48
160 58 14
160 58 14
160 58 14
160 58 14
160 58 14
160 58 14
160 58 14
160 58 14
160 58 14
160 58 14
160 58 14
159 58 27
159 58 14
159 58 14
159 58 14
159 58 14
159 58 14
159 58 14
159 58 14
159 58 14
159 58 14
159 58 14
159 58 14
159 58 14
159 58 14
159 58 14
158 58 15
158 58 14
158 58 14
158 58 14
158 58 14
158 58 14
158 58 14
158 58 14
158 58 14
158 58 14
158 58 14
158 58 14
158 58 14
158 58 14
158 58 14
158 58 14
158 57 15
158 57 14
158 57 14
158 57 14
158 57 14
158 57 14
158 57 14
158 57 14
158 57 14
158 57 14
158 57 14
158 57 14
158 57 14
158 57 14
158 57 14
158 57 14
157 57 15
157 57 14
157 57 14
157 57 14
157 57 14
157 57 14
157 57 14
157 57 14
157 57 14
157 57 14
157 57 14
157 57 14
157 57 14
157 57 14
157 57 14
157 56 15
157 56 14
157 56 14
157 56 14
157 56 14
157 56 14
157 56 14
157 56 14
157 56 14
157 56 14
157 56 14
157 56 14
157 56 14
157 56 14
156 56 15
156 56 14
156 56 14
156 56 14
156 56 14
156 56 14
156 56 14
156 56 14
156 56 14
156 56 14
156 56 14
156 56 14
156 56 14
156 55 15
156 55 14
156 55 14
156 55 14
156 55 14
156 55 14
156 55 14
156 55 14
156 55 14
156 55 14
156 55 14
155 55 15
155 55 14
155 55 14
155 55 14
155 55 14
155 55 14
155 55 14
155 55 14
155 55 14
154 55 15
154 55 14
154 55 14
154 55 14
154 55 14
154 55 14
154 55 14
154 55 14
154 54 15
154 54 14
154 54 14
154 54 14
154 54 14
154 54 14
153 54 15
153 54 14
153 54 14
153 54 14
153 54 14
153 54 14
152 54 15
152 54 14
152 54 14
152 54 14
152 54 14
151 54 15
151 54 14
151 54 14
151 54 14
151 54 14
151 53 15
151 53 14
151 53 14
151 53 14
151 52 15
151 52 14
151 52 14
151 51 15
151 51 14
151 51 14
150 51 15
150 51 14
150 51 14
149 51 15
149 51 14
149 51 14
149 51 14
148 51 15
148 51 14
148 51 14
148 51 14
148 50 15
148 50 14
148 50 14
148 50 14
148 49 15
148 49 14
148 49 14
148 49 14
148 48 15
148 48 14
148 48 14
148 47 15
148 47 14
148 47 14
147 47 15
147 47 14
147 47 14
146 47 15
146 47 14
146 47 14
146 47 14
145 47 15
145 47 14
145 47 14
145 47 14
144 47 15
144 47 14
144 47 14
144 47 14
143 47 15
143 47 14
143 47 14
143 47 14
142 47 15
142 47 14
142 47 14
142 47 14
141 47 15
141 47 14
141 47 14
141 47 14
140 47 15
140 47 14
140 47 14
140 47 14
140 47 14
139 47 15
139 47 14
139 47 14
139 47 14
139 47 14
139 46 19
139 46 14
139 46 14
139 46 14
139 46 14
138 46 22
138 46 14
138 46 14
138 46 14
138 46 14
138 46 14
137 46 25
137 46 14
137 46 14
137 46 14
137 46 14
137 46 14
137 46 14
136 46 26
136 46 14
136 46 14
136 46 14
136 46 14
136 46 14
136 46 14
136 46 14
136 46 14
136 46 14
136 45 24
136 45 14
136 45 14
136 45 14
136 45 14
136 45 14
136 45 14
136 45 14
136 45 14
136 45 14
136 45 14
135 45 21
135 45 14
135 45 14
135 45 14
135 45 14
135 45 14
135 45 14
135 45 14
135 45 14
135 45 14
135 45 14
135 45 14
135 45 14
135 45 14
134 45 17
134 45 14
134 45 14
134 45 14
134 45 14
134 45 14
134 45 14
134 45 14
134 45 14
134 45 14
134 45 14
134 45 14
134 45 14
134 45 14
134 45 14
134 45 14
134 45 14
133 45 15
133 45 14
133 45 14
133 45 14
133 45 14
133 45 14
133 45 14
133 45 14
133 45 14
133 45 14
133 45 14
133 45 14
133 45 14
133 45 14
133 45 14
133 45 14
133 45 14
133 45 14
133 45 14
132 45 15
132 45 14
132 45 14
132 45 14
132 45 14
132 45 14
132 45 14
132 45 14
132 45 14
132 45 14
132 45 14
132 45 14
132 45 14
132 45 14
132 45 14
132 45 14
132 45 14
132 45 14
132 45 14
132 45 14
131 45 15
131 45 14
131 45 14
131 45 14
131 45 14
131 45 14
131 45 14
131 45 14
131 45 14
131 45 14
131 45 14
131 45 14
131 45 14
131 45 14
131 45 14
131 45 14
131 45 14
131 45 14
131 45 14
130 45 15
130 45 14
130 45 14
130 45 14
130 45 14
130 45 14
130 45 14
130 45 14
130 45 14
130 45 14
130 45 14
130 45 14
130 45 14
130 45 14
130 45 14
130 45 14
130 45 14
130 45 14
130 45 14
129 45 15
129 45 14
129 45 14
129 45 14
129 45 14
129 45 14
129 45 14
129 45 14
129 45 14
129 45 14
129 45 14
129 45 14
129 45 14
129 45 14
129 45 14
129 45 14
129 45 14
129 45 14
129 44 15
129 44 14
129 44 14
129 44 14
129 44 14
129 44 14
129 44 14
129 44 14
129 44 14
129 44 14
129 44 14
129 44 14
129 44 14
129 44 14
129 44 14
129 44 14
129 44 14
128 44 15
128 44 14
128 44 14
128 44 14
128 44 14
128 44 14
128 44 14
128 44 14
128 44 14
128 44 14
128 44 14
128 44 14
128 44 14
128 44 14
128 44 14
127 44 15
127 44 14
127 44 14
127 44 14
127 44 14
127 44 14
127 44 14
127 44 14
127 44 14
127 44 14
127 44 14
127 44 14
127 43 15
127 43 14
127 43 14
127 43 14
127 43 14
127 43 14
127 43 14
127 43 14
127 43 14
127 43 14
127 43 14
127 42 15
127 42 14
127 42 14
127 42 14
127 42 14
127 42 14
127 42 14
127 42 14
127 42 14
126 42 15
126 42 14
126 42 14
126 42 14
126 42 14
126 42 14
126 42 14
125 42 15
125 42 14
125 42 14
125 42 14
125 42 14
125 42 14
124 42 15
124 42 14
124 42 14
124 42 14
124 42 14
124 41 15
124 41 14
124 41 14
124 41 14
124 41 14
123 41 15
123 41 14
123 41 14
123 41 14
122 41 15
122 41 14
122 41 14
122 41 14
122 41 14
122 40 15
122 40 14
122 40 14
122 40 14
122 40 14
122 39 15
122 39 14
122 39 14
122 39 14
122 39 14
122 38 20
122 38 14
122 38 14
122 38 14
122 38 14
122 37 33
122 37 14
122 37 14
122 37 14
121 37 46
121 37 14
121 37 14
121 37 14
121 36 60
121 36 14
121 36 14
121 36 14
121 35 75
121 35 14
121 35 14
121 35 14
121 34 92
121 34 14
121 34 14
121 33 110
121 33 14
194 166 15
194 166 14
193 166 15
193 166 14
192 166 15
192 167 15
192 167 14
192 168 15
192 168 14
191 168 15
191 168 14
191 169 15
191 169 14
190 169 15
190 169 14
189 169 15
189 169 14
188 169 15
188 169 14
187 169 15
187 169 14
186 169 15
186 169 14
185 169 15
185 169 14
185 170 15
185 170 14
185 171 15
185 171 14
185 172 15
185 172 14
185 173 15
185 174 15
185 175 15
185 176 15
185 177 15
184 177 15
183 178 15
183 179 15
183 180 15
183 181 15
183 182 15
183 183 15
183 183 14
183 184 15
183 184 14
183 185 15
183 185 14
183 186 15
183 186 14
183 187 15
183 187 14
183 188 15
183 189 15
183 190 15
183 191 15
183 192 15
183 193 15
