131 123 26
131 123 16
131 123 16
131 123 16
131 123 16
18 108 26
18 108 16
18 108 16
18 108 16
18 108 16
18 108 16
18 108 16
18 108 16
18 108 16
18 108 16
18 108 16
18 108 16
18 108 16
18 108 16
18 108 16
18 108 16
18 108 16
18 108 16
18 108 16
18 108 16
18 108 16
18 108 16
18 108 16
18 108 16
18 108 16
18 108 16
18 108 16
18 108 16
18 108 16
18 108 16
18 108 16
18 108 16
18 108 16
18 108 16
18 108 16
18 108 16
18 108 16
18 108 16
18 108 16
18 108 16
18 108 16
18 108 16
18 108 16
18 108 16
18 108 16
18 108 16
18 108 16
18 108 16
18 108 16
18 108 16
18 108 16
18 108 16
18 108 16
18 108 16
18 108 16
18 108 16
18 108 16
18 108 16
18 108 16
18 108 16
18 108 16
18 108 16
18 108 16
18 108 16
18 108 16
18 108 16
18 108 16
18 108 16
18 108 16
18 108 16
18 108 16
18 108 16
18 108 16
18 108 16
18 108 16
18 108 16
18 108 16
18 108 16
18 108 16
18 108 16
18 108 16
18 108 16
18 108 16
18 108 16
18 108 16
18 108 16
18 108 16
18 108 16
18 108 16
18 108 16
18 108 16
18 108 16
18 108 16
18 108 16
18 108 16
18 108 16
18 108 16
18 108 16
18 108 16
18 108 16
18 108 16
18 108 16
18 108 16
18 108 16
18 108 16
18 108 16
18 108 16
18 108 16
18 108 16
18 108 16
18 108 16
18 108 16
18 108 16
18 108 16
18 108 16
18 108 16
18 108 16
18 108 16
18 108 16
18 108 16
18 108 16
18 108 16
18 108 16
18 108 16
18 108 16
18 108 16
18 108 16
18 108 16
18 108 16
18 108 16
18 108 16
18 108 16
18 108 16
18 108 16
18 108 16
18 108 16
18 108 16
18 108 16
18 108 16
18 108 16
18 108 16
18 108 16
18 108 16
18 108 16
18 108 16
18 108 16
18 108 16
18 108 16
18 108 16
18 108 16
18 108 16
18 108 16
18 108 16
18 108 16
18 108 16
18 108 16
18 108 16
18 108 16
18 108 16
18 108 16
18 108 16
18 108 16
18 108 16
18 108 16
18 108 16
18 108 16
18 108 16
18 108 16
18 108 16
18 108 16
18 108 16
18 108 16
18 108 16
18 108 16
18 108 16
18 108 16
18 108 16
18 108 16
18 108 16
18 108 16
18 108 16
18 108 16
18 108 16
18 108 16
18 108 16
18 108 16
18 108 16
18 108 16
18 108 16
198 188 26
110 23 26
188 83 26
91 92 26
198 199 26
198 199 16
198 199 16
198 199 16
198 199 16
198 199 16
177 77 26
188 70 26
188 70 16
188 70 16
188 70 16
188 70 16
188 70 16
188 70 16
188 70 16
188 70 16
188 70 16
188 70 16
188 70 16
188 70 16
188 70 16
188 70 16
188 70 16
188 70 16
80 98 26
91 105 26
91 105 16
91 105 16
91 105 16
91 105 16
91 105 16
91 105 16
110 10 26
110 10 16
110 10 16
98 17 26
98 17 16
98 17 16
98 17 16
98 17 16
98 17 16
98 17 16
98 17 16
98 17 16
98 17 16
130 110 26
130 110 16
130 110 16
130 110 16
130 110 16
130 110 16
130 110 16
130 110 16
130 110 16
130 110 16
130 110 16
130 110 16
130 110 16
130 110 16
130 110 16
130 110 16
130 110 16
130 110 16
130 110 16
130 110 16
130 110 16
130 110 16
130 110 16
130 110 16
130 110 16
130 110 16
130 110 16
130 110 16
130 110 16
130 110 16
130 110 16
130 110 16
130 110 16
130 110 16
130 110 16
130 110 16
130 110 16
130 110 16
130 110 16
130 110 16
130 110 16
130 110 16
130 110 16
130 110 16
131 136 26
143 129 26
186 195 26
186 195 16
186 195 16
177 91 26
187 181 26
143 142 26
143 142 16
122 16 26
122 16 16
80 84 26
188 97 26
188 97 16
69 91 26
69 77 26
58 83 26
58 83 16
58 83 16
58 83 16
121 30 26
133 23 26
133 23 16
175 188 26
175 188 16
175 188 16
175 188 16
176 174 26
176 174 16
176 174 16
132 37 26
164 181 26
164 181 16
164 181 16
164 181 16
164 181 16
164 181 16
164 181 16
164 181 16
164 181 16
164 181 16
164 181 16
164 181 16
164 181 16
164 181 16
164 181 16
164 181 16
164 181 16
164 181 16
164 181 16
164 181 16
164 181 16
164 181 16
164 181 16
164 181 16
164 181 16
164 181 16
164 181 16
164 181 16
164 181 16
164 181 16
164 181 16
164 181 16
164 181 16
164 181 16
131 149 26
131 149 16
143 155 26
143 155 16
143 155 16
143 155 16
143 155 16
143 155 16
143 155 16
143 155 16
143 155 16
143 155 16
143 155 16
143 155 16
143 155 16
143 155 16
143 155 16
143 155 16
143 155 16
143 155 16
143 155 16
143 155 16
143 155 16
143 155 16
143 155 16
143 155 16
143 155 16
143 155 16
143 155 16
143 155 16
143 155 16
143 155 16
143 155 16
143 155 16
177 105 26
177 105 16
188 111 26
188 111 16
188 111 16
188 111 16
188 111 16
188 111 16
188 111 16
188 111 16
188 111 16
188 111 16
188 111 16
188 111 16
188 111 16
188 111 16
188 111 16
188 111 16
188 111 16
188 111 16
188 111 16
188 111 16
188 111 16
188 111 16
188 111 16
188 111 16
188 111 16
188 111 16
188 111 16
188 111 16
188 111 16
188 111 16
188 111 16
188 111 16
188 111 16
144 30 26
144 30 16
144 30 16
144 30 16
166 99 26
166 113 26
155 121 26
154 107 26
143 115 26
143 115 16
143 115 16
143 115 16
143 44 26
59 69 26
59 69 16
59 69 16
48 76 26
48 76 16
48 76 16
48 76 16
48 76 16
48 76 16
48 76 16
48 76 16
48 76 16
48 76 16
48 76 16
48 76 16
48 76 16
48 76 16
48 76 16
48 76 16
48 76 16
48 76 16
48 76 16
155 37 26
155 37 16
155 37 16
155 37 16
155 37 16
155 37 16
155 37 16
155 37 16
155 37 16
155 37 16
155 37 16
155 37 16
155 37 16
155 37 16
155 37 16
155 37 16
155 37 16
155 37 16
155 37 16
187 168 26
187 168 16
198 174 26
175 199 26
175 199 16
175 199 16
175 199 16
175 199 16
175 199 16
175 199 16
175 199 16
175 199 16
175 199 16
175 199 16
175 199 16
175 199 16
175 199 16
175 199 16
175 199 16
175 199 16
175 199 16
175 199 16
175 199 16
199 161 26
199 161 16
199 161 16
199 161 16
199 161 16
199 161 16
154 51 26
165 57 26
165 57 16
165 57 16
177 63 26
177 63 16
177 63 16
177 63 16
177 63 16
177 63 16
177 63 16
177 63 16
177 63 16
177 63 16
165 71 26
154 65 26
176 161 26
176 161 16
176 161 16
176 161 16
176 161 16
176 161 16
176 161 16
176 161 16
176 161 16
176 161 16
176 161 16
176 161 16
176 161 16
176 161 16
176 161 16
176 161 16
176 161 16
176 161 16
176 161 16
176 161 16
176 161 16
176 161 16
176 161 16
176 161 16
176 161 16
176 161 16
176 161 16
176 161 16
176 161 16
176 161 16
176 161 16
176 161 16
176 161 16
176 161 16
176 161 16
176 161 16
176 161 16
176 161 16
48 61 26
48 61 16
48 61 16
48 61 16
59 54 26
48 47 26
48 47 16
48 47 16
48 47 16
48 47 16
48 47 16
48 47 16
48 47 16
48 47 16
70 62 26
81 69 26
81 69 16
92 77 26
92 77 16
59 97 26
69 105 26
80 112 26
80 112 16
80 112 16
49 90 26
49 90 16
49 90 16
49 90 16
49 90 16
49 90 16
49 90 16
49 90 16
49 90 16
49 90 16
49 90 16
49 90 16
49 90 16
49 90 16
49 90 16
142 58 26
142 58 16
142 58 16
142 58 16
142 58 16
70 118 26
70 118 16
70 118 16
70 118 16
59 111 26
59 111 16
59 111 16
59 111 16
59 111 16
60 123 26
60 123 16
60 123 16
165 85 26
154 79 26
154 79 16
154 93 26
154 93 16
154 93 16
154 93 16
154 93 16
154 93 16
188 154 26
188 154 16
188 154 16
188 154 16
188 154 16
188 154 16
188 154 16
188 154 16
188 154 16
199 147 26
199 147 16
199 147 16
199 147 16
199 147 16
199 147 16
199 147 16
199 147 16
199 147 16
199 147 16
199 147 16
199 147 16
199 147 16
199 147 16
199 147 16
188 140 26
188 140 16
188 140 16
188 140 16
188 140 16
188 140 16
188 140 16
188 140 16
188 140 16
188 140 16
188 140 16
188 140 16
188 140 16
188 140 16
188 140 16
188 140 16
188 140 16
188 140 16
188 140 16
188 140 16
188 140 16
188 140 16
188 140 16
188 140 16
188 140 16
188 140 16
188 140 16
188 140 16
188 140 16
188 140 16
188 140 16
188 140 16
188 140 16
188 140 16
188 140 16
188 140 16
188 140 16
188 140 16
188 140 16
188 140 16
188 140 16
188 140 16
188 140 16
188 140 16
142 73 26
142 73 16
142 73 16
142 73 16
142 73 16
142 73 16
142 73 16
142 73 16
142 73 16
142 73 16
142 73 16
142 73 16
142 73 16
142 73 16
142 73 16
142 73 16
142 73 16
142 73 16
142 73 16
142 73 16
142 73 16
142 73 16
142 73 16
142 73 16
142 73 16
142 73 16
142 73 16
142 73 16
142 73 16
142 73 16
142 73 16
142 73 16
131 52 26
131 52 16
131 52 16
131 52 16
131 52 16
120 45 26
120 45 16
120 45 16
120 45 16
120 45 16
120 45 16
120 45 16
120 45 16
120 45 16
120 45 16
50 116 26
50 116 16
50 116 16
50 116 16
50 116 16
50 116 16
50 116 16
50 116 16
50 116 16
50 116 16
50 116 16
50 116 16
50 116 16
50 116 16
50 116 16
50 116 16
50 116 16
50 116 16
50 116 16
50 116 16
70 130 26
70 130 16
70 130 16
70 130 16
70 130 16
70 130 16
70 130 16
70 130 16
70 130 16
70 130 16
70 130 16
70 130 16
70 130 16
70 130 16
70 130 16
70 130 16
70 130 16
70 130 16
70 130 16
70 130 16
70 130 16
70 130 16
70 130 16
70 130 16
70 130 16
70 130 16
70 130 16
70 130 16
70 130 16
70 130 16
70 130 16
70 130 16
70 130 16
70 130 16
70 130 16
70 130 16
70 130 16
70 130 16
70 130 16
50 129 26
50 129 16
50 129 16
50 129 16
50 129 16
50 129 16
50 129 16
50 129 16
50 129 16
50 129 16
50 129 16
50 129 16
50 129 16
50 129 16
50 129 16
50 129 16
50 129 16
50 129 16
50 129 16
50 129 16
50 129 16
50 129 16
37 54 26
37 54 16
37 54 16
37 54 16
37 54 16
37 54 16
37 54 16
37 54 16
37 54 16
37 54 16
37 54 16
37 54 16
37 54 16
37 54 16
37 54 16
37 54 16
37 54 16
37 54 16
37 54 16
37 54 16
104 84 26
104 84 16
104 84 16
104 84 16
104 84 16
104 84 16
104 84 16
104 84 16
104 84 16
104 84 16
104 98 26
104 98 16
104 98 16
104 98 16
104 98 16
104 98 16
104 98 16
104 98 16
104 98 16
104 98 16
104 98 16
104 98 16
104 98 16
104 98 16
104 98 16
104 98 16
104 98 16
104 98 16
104 98 16
104 98 16
104 98 16
104 98 16
104 98 16
104 98 16
104 98 16
104 98 16
104 98 16
104 98 16
104 98 16
104 98 16
104 98 16
104 98 16
104 98 16
104 98 16
104 98 16
104 98 16
105 68 26
105 68 16
105 68 16
105 68 16
105 68 16
105 68 16
105 68 16
105 68 16
105 68 16
105 68 16
105 68 16
105 68 16
105 68 16
105 68 16
105 68 16
105 68 16
105 68 16
105 68 16
105 68 16
105 68 16
105 68 16
105 68 16
105 68 16
105 68 16
105 68 16
105 68 16
105 68 16
105 68 16
105 68 16
105 68 16
105 68 16
105 68 16
105 68 16
105 68 16
105 68 16
105 68 16
105 68 16
105 68 16
105 68 16
105 68 16
105 68 16
105 68 16
105 68 16
105 68 16
105 68 16
105 68 16
155 134 26
155 134 16
155 134 16
155 134 16
155 134 16
155 134 16
155 134 16
166 127 26
166 127 16
166 127 16
166 127 16
166 127 16
166 127 16
166 127 16
166 127 16
166 127 16
166 127 16
166 127 16
166 127 16
166 127 16
166 127 16
166 127 16
166 127 16
166 127 16
166 127 16
166 127 16
166 127 16
166 127 16
166 127 16
166 127 16
144 17 26
144 17 16
144 17 16
144 17 16
144 17 16
144 17 16
144 17 16
144 17 16
144 17 16
144 17 16
144 17 16
144 17 16
144 17 16
144 17 16
144 17 16
144 17 16
144 17 16
144 17 16
144 17 16
144 17 16
144 17 16
144 17 16
144 17 16
144 17 16
144 17 16
144 17 16
144 17 16
144 17 16
144 17 16
144 17 16
144 17 16
144 17 16
144 17 16
144 17 16
144 17 16
144 17 16
144 17 16
144 17 16
144 17 16
199 90 26
199 90 16
199 90 16
199 90 16
199 90 16
199 90 16
199 90 16
199 90 16
199 90 16
199 90 16
199 90 16
199 90 16
199 90 16
49 103 26
49 103 16
49 103 16
71 47 26
71 47 16
82 54 26
82 54 16
82 54 16
82 54 16
82 54 16
82 54 16
82 54 16
82 54 16
82 54 16
82 54 16
82 54 16
60 40 26
60 40 16
60 40 16
60 40 16
60 40 16
60 40 16
60 40 16
60 40 16
60 40 16
29 102 26
29 102 16
29 102 16
29 102 16
29 102 16
29 102 16
29 102 16
29 102 16
29 102 16
29 102 16
29 102 16
29 102 16
29 102 16
29 102 16
29 102 16
29 102 16
29 102 16
29 102 16
29 102 16
29 102 16
29 102 16
29 102 16
29 102 16
29 102 16
29 102 16
29 102 16
29 102 16
29 102 16
29 102 16
29 102 16
29 102 16
29 102 16
29 102 16
29 102 16
29 102 16
29 102 16
29 102 16
29 102 16
29 102 16
29 102 16
29 102 16
29 102 16
29 102 16
29 102 16
29 102 16
29 102 16
29 102 16
29 102 16
29 102 16
29 102 16
29 102 16
29 102 16
29 102 16
29 102 16
29 102 16
29 102 16
29 102 16
29 102 16
29 102 16
29 102 16
29 102 16
29 102 16
29 102 16
29 102 16
29 102 16
29 102 16
29 102 16
29 102 16
29 102 16
29 102 16
29 102 16
29 102 16
29 102 16
29 102 16
29 102 16
29 102 16
29 102 16
29 102 16
29 102 16
29 102 16
29 102 16
29 102 16
29 102 16
29 102 16
29 102 16
29 102 16
29 102 16
29 102 16
29 102 16
29 102 16
29 102 16
29 102 16
29 102 16
29 102 16
29 102 16
29 102 16
29 102 16
29 102 16
29 102 16
29 102 16
29 102 16
39 96 26
39 96 16
39 96 16
39 96 16
39 96 16
39 96 16
39 96 16
39 96 16
39 96 16
39 96 16
39 96 16
39 96 16
39 96 16
39 96 16
39 96 16
39 96 16
39 96 16
39 96 16
39 96 16
39 96 16
39 96 16
39 96 16
39 96 16
39 96 16
39 96 16
39 96 16
39 96 16
39 96 16
39 96 16
39 96 16
39 96 16
39 96 16
39 96 16
39 96 16
39 96 16
164 194 26
164 194 16
164 194 16
164 194 16
164 194 16
164 194 16
164 194 16
164 194 16
164 194 16
164 194 16
164 194 16
164 194 16
164 194 16
164 194 16
164 194 16
164 194 16
164 194 16
164 194 16
164 194 16
164 194 16
164 194 16
164 194 16
164 194 16
164 194 16
164 194 16
164 194 16
164 194 16
164 194 16
164 194 16
164 194 16
165 168 26
165 168 16
165 168 16
165 168 16
165 168 16
165 168 16
165 168 16
165 168 16
165 168 16
165 168 16
165 168 16
165 168 16
165 168 16
165 168 16
165 168 16
165 168 16
165 168 16
165 168 16
165 168 16
165 168 16
165 168 16
165 168 16
165 168 16
165 168 16
165 168 16
165 168 16
165 168 16
165 168 16
165 168 16
165 168 16
165 168 16
165 168 16
165 168 16
165 168 16
165 168 16
165 168 16
165 168 16
165 168 16
165 168 16
165 168 16
165 168 16
165 168 16
165 168 16
165 168 16
165 168 16
165 168 16
165 168 16
165 168 16
165 168 16
165 168 16
165 168 16
165 168 16
165 168 16
165 168 16
165 168 16
165 168 16
165 168 16
165 168 16
165 168 16
165 168 16
177 147 26
177 147 16
177 147 16
177 147 16
177 147 16
177 147 16
177 147 16
177 147 16
177 147 16
177 147 16
177 147 16
177 147 16
177 147 16
177 147 16
177 147 16
177 147 16
177 147 16
177 147 16
177 147 16
177 147 16
177 147 16
177 147 16
177 147 16
177 147 16
177 147 16
177 147 16
177 147 16
177 147 16
177 147 16
177 147 16
177 147 16
177 147 16
177 147 16
177 147 16
177 147 16
177 147 16
177 147 16
177 147 16
177 147 16
177 147 16
177 147 16
177 147 16
177 147 16
177 147 16
177 147 16
177 147 16
177 147 16
177 147 16
177 147 16
177 147 16
177 147 16
177 147 16
177 147 16
177 147 16
177 147 16
177 147 16
177 147 16
177 147 16
177 147 16
177 147 16
177 147 16
152 199 26
152 199 16
152 199 16
152 199 16
152 199 16
152 199 16
152 199 16
152 199 16
152 199 16
152 199 16
152 199 16
152 199 16
152 199 16
152 199 16
152 199 16
152 199 16
152 199 16
152 199 16
152 199 16
152 199 16
152 199 16
152 199 16
141 194 26
141 194 16
141 194 16
141 194 16
141 194 16
141 194 16
141 194 16
141 194 16
141 194 16
141 194 16
141 194 16
141 194 16
141 194 16
141 194 16
141 194 16
141 194 16
141 194 16
141 194 16
141 194 16
141 194 16
141 194 16
141 194 16
141 194 16
141 194 16
141 194 16
141 194 16
141 194 16
141 194 16
141 194 16
141 194 16
141 194 16
141 194 16
141 194 16
141 194 16
141 194 16
141 194 16
141 194 16
141 194 16
141 194 16
141 194 16
141 194 16
141 194 16
141 194 16
141 194 16
141 194 16
141 194 16
141 194 16
141 194 16
141 194 16
153 187 26
153 187 16
153 187 16
153 187 16
153 187 16
153 187 16
153 187 16
153 187 16
153 187 16
153 187 16
153 187 16
153 187 16
153 187 16
153 187 16
153 187 16
153 187 16
153 187 16
153 187 16
153 187 16
153 187 16
153 187 16
153 187 16
153 187 16
153 187 16
153 187 16
153 187 16
153 187 16
153 187 16
153 187 16
153 187 16
153 187 16
153 187 16
153 187 16
153 187 16
153 187 16
153 187 16
153 187 16
153 187 16
153 187 16
153 187 16
153 187 16
153 187 16
153 187 16
153 187 16
153 187 16
153 187 16
153 187 16
153 187 16
153 187 16
153 187 16
153 187 16
153 187 16
199 132 26
199 132 16
199 132 16
199 132 16
199 132 16
199 132 16
199 132 16
199 132 16
199 132 16
199 132 16
199 132 16
199 132 16
199 132 16
199 132 16
199 132 16
199 132 16
199 132 16
199 132 16
199 132 16
199 132 16
199 132 16
199 132 16
199 132 16
199 132 16
199 132 16
199 132 16
199 132 16
199 132 16
199 132 16
199 132 16
199 132 16
199 132 16
199 132 16
199 132 16
199 132 16
199 132 16
199 132 16
199 132 16
199 132 16
199 132 16
199 132 16
199 132 16
199 132 16
199 132 16
199 132 16
199 132 16
199 132 16
199 132 16
199 132 16
199 132 16
199 132 16
199 132 16
199 132 16
199 132 16
199 132 16
199 132 16
199 132 16
199 132 16
199 132 16
199 132 16
199 132 16
199 132 16
199 132 16
199 132 16
199 132 16
199 132 16
199 132 16
199 132 16
199 132 16
199 132 16
199 132 16
199 132 16
199 132 16
188 140 16
188 140 16
188 140 16
188 140 16
188 140 16
188 140 16
188 140 16
188 140 16
188 140 16
188 140 16
188 140 16
188 140 16
188 140 16
188 140 16
188 140 16
188 140 16
188 140 16
188 140 16
188 140 16
188 140 16
188 140 16
188 140 16
188 140 16
188 140 16
188 140 16
188 140 16
188 140 16
188 140 16
188 140 16
188 140 16
188 140 16
188 140 16
188 140 16
188 140 16
188 140 16
188 140 16
188 140 16
188 140 16
188 140 16
188 140 16
188 140 16
188 140 16
188 140 16
188 140 16
188 140 16
188 140 16
188 140 16
188 140 16
188 140 16
188 140 16
188 140 16
188 140 16
188 140 16
188 140 16
188 140 16
188 140 16
188 140 16
188 140 16
188 140 16
188 140 16
188 140 16
188 140 16
188 140 16
188 140 16
188 140 16
188 140 16
188 140 16
188 140 16
188 140 16
188 140 16
188 140 16
188 140 16
188 140 16
188 140 16
188 140 16
188 140 16
188 140 16
188 140 16
188 140 16
188 140 16
188 140 16
188 140 16
188 140 16
188 140 16
188 140 16
188 140 16
188 140 16
188 140 16
188 140 16
188 140 16
188 140 16
188 140 16
188 140 16
188 140 16
188 140 16
188 140 16
188 140 16
188 140 16
188 140 16
188 140 16
188 140 16
188 140 16
188 140 16
188 140 16
188 140 16
188 140 16
188 140 16
188 140 16
188 140 16
188 140 16
188 140 16
188 140 16
188 140 16
188 140 16
188 140 16
188 140 16
188 140 16
188 140 16
188 140 16
188 140 16
188 140 16
188 140 16
188 140 16
188 140 16
188 140 16
188 140 16
166 154 26
166 154 16
166 154 16
166 154 16
166 154 16
166 154 16
166 154 16
166 154 16
166 154 16
166 154 16
166 154 16
166 154 16
166 154 16
166 154 16
166 154 16
166 154 16
166 154 16
166 154 16
166 154 16
166 154 16
166 154 16
166 154 16
166 154 16
166 154 16
166 154 16
166 154 16
166 154 16
166 154 16
166 154 16
166 154 16
166 154 16
166 154 16
166 154 16
166 154 16
166 154 16
166 154 16
166 154 16
166 154 16
166 154 16
166 154 16
166 154 16
166 154 16
166 154 16
166 154 16
166 154 16
166 154 16
166 154 16
166 154 16
166 154 16
166 154 16
166 154 16
166 154 16
166 154 16
166 154 16
166 154 16
166 154 16
166 154 16
166 154 16
166 154 16
166 154 16
166 154 16
166 154 16
166 154 16
166 154 16
129 199 26
129 199 16
129 199 16
129 199 16
129 199 16
129 199 16
129 199 16
129 199 16
129 199 16
129 199 16
129 199 16
129 199 16
129 199 16
129 199 16
129 199 16
129 199 16
129 199 16
129 199 16
129 199 16
129 199 16
129 199 16
129 199 16
129 199 16
129 199 16
129 199 16
129 199 16
129 199 16
129 199 16
129 199 16
129 199 16
129 199 16
129 199 16
129 199 16
129 199 16
129 199 16
129 199 16
129 199 16
129 199 16
129 199 16
129 199 16
129 199 16
129 199 16
129 199 16
129 199 16
129 199 16
129 199 16
129 199 16
129 199 16
129 199 16
129 199 16
129 199 16
129 199 16
129 199 16
129 199 16
129 199 16
129 199 16
129 199 16
129 199 16
129 199 16
129 199 16
129 199 16
129 199 16
129 199 16
129 199 16
129 199 16
129 199 16
129 199 16
129 199 16
129 199 16
129 199 16
129 199 16
129 199 16
129 199 16
129 199 16
129 199 16
129 199 16
129 199 16
129 199 16
129 199 16
129 199 16
129 199 16
129 199 16
129 199 16
129 199 16
129 199 16
129 199 16
129 199 16
129 199 16
142 181 26
142 181 16
142 181 16
142 181 16
142 181 16
142 181 16
142 181 16
142 181 16
142 181 16
142 181 16
142 181 16
142 181 16
142 181 16
142 181 16
142 181 16
142 181 16
142 181 16
142 181 16
142 181 16
142 181 16
142 181 16
142 181 16
142 181 16
142 181 16
142 181 16
142 181 16
142 181 16
142 181 16
142 181 16
142 181 16
142 181 16
142 181 16
142 181 16
142 181 16
142 181 16
142 181 16
142 181 16
142 181 16
142 181 16
142 181 16
142 181 16
142 181 16
142 181 16
142 181 16
142 181 16
142 181 16
142 181 16
142 181 16
142 181 16
142 181 16
142 181 16
142 181 16
142 181 16
142 181 16
142 181 16
142 181 16
142 181 16
142 181 16
142 181 16
142 181 16
142 181 16
142 181 16
142 181 16
142 181 16
142 181 16
142 181 16
142 181 16
142 181 16
142 181 16
142 181 16
142 181 16
142 181 16
142 181 16
142 181 16
142 181 16
142 181 16
142 181 16
142 181 16
142 181 16
142 181 16
142 181 16
142 181 16
142 181 16
165 168 16
165 168 16
165 168 16
165 168 16
165 168 16
165 168 16
165 168 16
165 168 16
165 168 16
165 168 16
165 168 16
165 168 16
165 168 16
165 168 16
165 168 16
165 168 16
165 168 16
165 168 16
165 168 16
165 168 16
165 168 16
165 168 16
165 168 16
165 168 16
165 168 16
165 168 16
165 168 16
165 168 16
165 168 16
165 168 16
165 168 16
165 168 16
165 168 16
165 168 16
165 168 16
165 168 16
165 168 16
165 168 16
165 168 16
165 168 16
165 168 16
165 168 16
165 168 16
165 168 16
165 168 16
165 168 16
165 168 16
165 168 16
165 168 16
165 168 16
165 168 16
165 168 16
177 147 16
177 147 16
177 147 16
177 147 16
177 147 16
177 147 16
177 147 16
177 147 16
177 147 16
177 147 16
177 147 16
177 147 16
177 147 16
177 147 16
177 147 16
177 147 16
177 147 16
177 147 16
177 147 16
177 147 16
177 147 16
177 147 16
177 147 16
177 147 16
177 147 16
177 147 16
177 147 16
177 147 16
177 147 16
177 147 16
177 147 16
177 147 16
177 147 16
177 147 16
177 147 16
177 147 16
177 147 16
177 147 16
177 147 16
177 147 16
177 147 16
177 147 16
177 147 16
177 147 16
177 147 16
177 147 16
177 147 16
177 147 16
177 147 16
177 147 16
177 147 16
177 147 16
177 147 16
177 147 16
177 147 16
177 147 16
177 147 16
166 141 26
166 141 16
166 141 16
166 141 16
166 141 16
166 141 16
166 141 16
166 141 16
166 141 16
166 141 16
166 141 16
166 141 16
166 141 16
166 141 16
166 141 16
166 141 16
166 141 16
166 141 16
166 141 16
166 141 16
166 141 16
166 141 16
166 141 16
166 141 16
166 141 16
166 141 16
166 141 16
166 141 16
166 141 16
166 141 16
166 141 16
166 141 16
166 141 16
166 141 16
166 141 16
166 141 16
166 141 16
166 141 16
166 141 16
166 141 16
166 141 16
166 141 16
166 141 16
166 141 16
166 141 16
166 141 16
166 141 16
166 141 16
166 141 16
166 141 16
166 141 16
166 141 16
166 141 16
166 141 16
166 141 16
166 141 16
166 141 16
166 141 16
166 141 16
166 141 16
166 141 16
166 141 16
166 141 16
166 141 16
166 141 16
166 141 16
166 141 16
166 141 16
166 141 16
166 141 16
166 141 16
166 141 16
166 141 16
166 141 16
166 141 16
166 141 16
166 141 16
166 141 16
166 141 16
166 141 16
166 141 16
166 141 16
166 141 16
166 141 16
166 141 16
166 141 16
166 141 16
166 141 16
166 141 16
166 141 16
166 141 16
166 141 16
166 141 16
166 141 16
166 141 16
166 141 16
166 141 16
166 141 16
166 141 16
166 141 16
166 141 16
166 141 16
166 141 16
166 141 16
166 141 16
166 141 16
166 141 16
166 141 16
166 141 16
166 141 16
166 141 16
166 141 16
166 141 16
166 141 16
166 141 16
166 141 16
166 141 16
166 141 16
166 141 16
166 141 16
166 141 16
166 141 16
166 141 16
166 141 16
166 141 16
166 141 16
166 141 16
166 141 16
166 141 16
166 141 16
166 141 16
166 141 16
166 141 16
166 141 16
166 141 16
166 141 16
166 141 16
166 141 16
166 141 16
166 141 16
166 141 16
166 141 16
166 141 16
166 141 16
166 141 16
166 141 16
166 141 16
166 141 16
166 141 16
166 141 16
166 141 16
166 141 16
166 141 16
166 141 16
166 141 16
166 141 16
166 141 16
166 141 16
166 141 16
166 141 16
166 141 16
166 141 16
166 141 16
166 141 16
166 141 16
166 141 16
166 141 16
166 141 16
166 141 16
166 141 16
166 141 16
166 141 16
166 141 16
166 141 16
166 141 16
166 141 16
166 141 16
166 141 16
166 141 16
166 141 16
166 141 16
84 39 26
84 39 16
84 39 16
84 39 16
84 39 16
84 39 16
84 39 16
84 39 16
84 39 16
84 39 16
84 39 16
84 39 16
84 39 16
84 39 16
84 39 16
84 39 16
84 39 16
84 39 16
84 39 16
84 39 16
84 39 16
97 31 26
97 31 16
91 91 15
91 91 14
91 90 15
91 90 14
90 90 15
90 89 15
89 89 15
88 89 15
87 89 15
87 88 15
86 88 15
86 87 15
86 86 15
86 85 15
86 84 15
85 84 15
84 84 15
83 84 15
82 84 15
81 84 15
80 83 15
80 82 15
80 81 15
79 81 15
79 80 15
79 79 15
78 79 15
78 78 15
78 77 15
77 77 15
76 77 15
76 76 15
76 75 15
76 74 15
76 73 15
76 72 15
76 71 15
76 70 15
76 69 15
76 68 15
76 68 14
76 67 15
76 67 14
75 67 15
75 67 14
75 66 15
75 66 14
75 65 15
75 65 14
75 64 15
75 64 14
75 63 15
75 63 14
74 63 15
74 63 14
74 62 15
74 62 14
74 61 15
74 61 14
74 60 15
74 60 14
74 59 15
74 59 14
74 58 15
74 58 14
74 57 15
74 57 14
74 56 15
74 56 14
74 55 15
74 55 14
74 55 14
74 54 15
74 54 14
74 54 14
74 53 15
74 53 14
74 53 14
74 53 14
74 52 20
74 52 14
74 52 14
74 52 14
74 51 28
74 51 14
74 51 14
74 50 37
74 50 14
74 49 49
74 48 62
74 47 78
75 47 96
75 46 115
76 46 134
77 46 153
77 45 174
78 45 193
79 45 212
80 45 231
80 44 248
81 44 264
82 44 279
82 44 14
82 44 14
82 44 14
82 44 14
82 44 14
82 44 14
82 44 14
82 44 14
82 44 14
82 43 292
82 43 14
82 43 14
82 43 14
82 43 14
82 43 14
82 43 14
82 43 14
83 43 303
83 43 14
83 43 14
83 43 14
83 43 14
83 43 14
83 43 14
83 43 14
83 43 14
83 43 14
83 43 14
83 43 14
83 43 14
83 43 14
83 43 14
83 43 14
83 43 14
83 42 312
83 42 14
83 42 14
83 42 14
83 42 14
83 42 14
83 42 14
83 42 14
83 42 14
83 42 14
83 42 14
83 42 14
83 42 14
84 42 318
84 42 14
84 42 14
84 42 14
84 42 14
84 42 14
84 42 14
84 42 14
84 42 14
84 42 14
84 42 14
84 42 14
84 42 14
84 42 14
84 42 14
84 42 14
84 42 14
84 42 14
84 41 324
84 41 14
84 41 14
84 41 14
84 41 14
84 41 14
84 41 14
84 41 14
84 41 14
84 41 14
84 41 14
84 41 14
84 40 331
84 40 14
84 40 14
84 40 14
84 40 14
84 40 14
85 39 331
86 39 321
87 39 311
88 39 299
89 39 287
90 39 274
90 38 258
91 38 243
91 37 225
92 37 207
92 36 189
93 36 170
93 35 153
94 35 134
94 34 117
95 34 100
95 33 85
96 33 69
96 32 57
97 32 44
98 31 25
98 31 14
98 30 18
98 30 14
98 30 14
99 30 15
99 30 14
99 30 14
99 29 15
99 29 14
99 29 14
99 28 15
99 28 14
99 28 14
100 28 15
100 28 14
100 28 14
101 28 15
101 28 14
102 28 15
102 28 14
103 28 15
103 28 14
103 27 15
103 27 14
103 26 15
103 26 14
103 25 15
103 25 14
103 24 15
103 24 14
103 23 15
103 23 14
104 23 15
105 23 15
106 23 15
107 23 15
108 23 15
109 23 17
153 51 15
153 51 14
152 51 15
152 51 14
151 51 15
151 51 14
150 51 15
150 51 14
149 51 15
149 51 14
149 50 15
149 50 14
148 50 15
148 50 14
148 49 15
148 49 14
147 49 15
147 49 14
146 49 15
146 49 14
146 48 15
146 48 14
145 48 15
145 48 14
145 47 15
145 47 14
144 47 15
143 47 15
143 46 15
143 45 15
142 44 16
141 44 16
141 43 18
141 42 20
141 41 19
141 40 17
141 39 15
141 38 15
141 37 15
140 37 15
139 37 15
138 37 15
137 37 15
136 37 15
135 37 15
134 37 15
133 37 15
132 36 15
132 36 14
132 35 15
132 35 14
131 35 15
131 35 14
131 34 15
131 34 14
131 33 15
131 33 14
130 33 15
130 33 14
129 33 15
129 33 14
128 33 15
128 33 14
127 33 15
127 33 14
126 33 15
126 33 14
126 32 15
126 32 14
126 31 15
126 31 14
125 31 15
125 31 14
124 31 15
123 31 15
123 30 15
122 30 15
121 29 15
121 28 15
121 27 15
121 26 15
120 26 15
119 26 15
119 25 15
118 25 15
118 24 15
117 24 15
117 23 15
116 23 15
116 22 15
115 22 15
114 22 15
113 22 15
112 22 15
111 22 15
110 22 15
154 52 15
154 52 14
154 53 15
154 53 14
155 53 15
155 53 14
155 54 15
155 54 14
155 55 15
155 55 14
155 56 15
155 56 14
155 57 15
155 57 14
156 57 15
156 57 14
157 57 15
157 57 14
157 58 15
157 58 14
157 59 15
157 59 14
157 60 15
157 60 14
157 61 15
157 62 15
157 63 15
157 64 15
157 65 15
158 65 15
158 66 15
159 66 15
159 67 15
160 67 15
160 68 15
160 69 15
161 69 15
162 69 15
162 70 15
162 71 15
163 71 15
164 71 15
165 72 15
165 73 15
165 74 15
165 75 15
165 76 15
166 76 15
167 76 15
167 77 15
168 77 15
169 77 21
170 77 26
171 77 29
172 77 30
173 77 29
174 77 27
175 77 25
176 77 21
178 77 15
179 77 15
179 77 14
179 78 15
179 78 14
180 78 15
180 78 14
180 79 15
180 79 14
181 79 15
181 79 14
181 80 15
181 80 14
182 80 15
182 80 14
182 80 14
182 81 15
182 81 14
183 81 15
183 81 14
183 81 14
184 81 15
184 81 14
184 81 14
184 82 15
184 82 14
185 82 15
185 82 14
185 83 15
185 83 14
186 83 15
186 83 14
187 83 15
187 83 14
156 121 15
157 121 15
158 121 15
159 121 15
159 120 15
160 120 15
161 120 15
162 120 15
162 119 15
162 118 15
162 117 15
163 117 15
163 117 14
164 117 15
164 117 14
165 117 15
165 117 14
165 116 15
165 116 14
165 115 15
165 115 14
165 114 15
165 114 14
166 114 15
166 114 14
167 113 15
167 113 14
168 113 15
168 113 14
168 112 15
168 112 14
169 112 15
169 112 14
170 112 15
170 112 14
170 111 15
170 111 14
171 111 15
171 111 14
172 111 15
172 111 14
173 111 15
173 111 14
173 111 14
173 110 15
173 110 14
174 110 15
174 110 14
174 110 14
174 109 17
174 109 14
174 109 14
174 108 23
174 108 14
174 107 26
174 107 14
174 106 26
174 106 14
174 105 24
174 105 14
174 104 20
174 104 14
174 103 15
174 103 14
174 102 15
174 102 14
175 102 15
175 102 14
175 101 15
175 101 14
175 100 15
175 100 14
175 99 15
176 99 15
176 99 14
177 99 15
177 99 14
177 98 15
177 98 14
177 97 15
177 96 15
177 95 15
177 94 15
177 93 15
177 92 15
178 91 15
178 91 14
179 91 15
179 91 14
180 91 15
180 91 14
180 90 15
180 90 14
181 90 15
181 90 14
181 89 15
181 89 14
181 88 15
181 88 14
182 88 15
182 88 14
182 87 15
182 87 14
182 86 15
182 86 14
183 86 15
183 86 14
184 86 15
184 86 14
184 85 15
184 85 14
184 84 15
184 84 14
185 84 15
185 84 14
186 84 15
186 84 14
187 84 15
187 84 14
188 84 15
188 84 14
155 133 19
155 133 14
155 133 14
155 133 14
155 133 14
155 132 15
155 132 14
155 132 14
155 131 15
155 131 14
155 131 14
155 130 15
155 130 14
155 129 15
155 129 14
155 128 15
155 128 14
155 127 15
155 127 14
155 126 15
155 126 14
155 125 15
155 125 14
155 124 15
155 123 15
155 122 15
154 134 15
154 134 14
154 134 14
154 134 14
154 134 14
154 134 14
153 134 15
153 134 14
153 134 14
153 134 14
153 134 14
153 135 15
153 135 14
153 135 14
153 135 14
153 135 14
153 135 14
153 135 14
152 135 15
152 135 14
152 135 14
152 135 14
152 135 14
152 136 15
152 136 14
152 136 14
152 136 14
152 136 14
152 136 14
151 136 15
151 136 14
151 136 14
151 136 14
151 136 14
150 136 15
150 136 14
150 136 14
150 136 14
149 136 15
149 136 14
149 136 14
149 137 15
149 137 14
149 137 14
149 137 14
149 138 15
149 138 14
149 138 14
149 138 14
149 138 14
149 139 15
149 139 14
149 139 14
149 139 14
149 139 14
148 139 15
148 139 14
148 139 14
148 139 14
148 139 14
148 140 15
148 140 14
148 140 14
148 140 14
148 140 14
148 141 30
148 141 14
148 141 14
148 141 14
148 141 14
148 142 74
148 142 14
148 143 118
148 144 159
148 145 198
148 146 235
148 147 272
148 147 14
148 147 14
148 147 14
148 147 14
148 148 309
148 148 14
148 148 14
148 148 14
148 148 14
148 148 14
148 148 14
148 148 14
148 148 14
148 148 14
148 148 14
148 148 14
148 148 14
149 148 348
149 148 14
149 148 14
149 148 14
149 148 14
149 148 14
149 148 14
149 148 14
149 148 14
149 148 14
149 148 14
149 148 14
149 148 14
149 148 14
149 148 14
149 149 383
149 149 14
149 149 14
149 149 14
149 149 14
149 149 14
149 149 14
149 149 14
149 149 14
149 149 14
149 149 14
149 149 14
149 149 14
149 149 14
149 149 14
149 149 14
149 149 14
149 149 14
149 149 14
149 149 14
149 149 14
149 149 14
149 149 14
149 149 14
149 149 14
149 149 14
149 149 14
149 150 422
149 150 14
149 150 14
149 150 14
149 150 14
149 150 14
149 150 14
149 150 14
149 150 14
149 150 14
149 150 14
149 150 14
149 150 14
149 150 14
149 150 14
149 150 14
149 150 14
149 150 14
149 150 14
149 150 14
149 150 14
149 150 14
149 150 14
149 150 14
149 150 14
149 150 14
149 150 14
149 150 14
149 150 14
149 150 14
149 150 14
149 150 14
149 150 14
149 150 14
149 150 14
149 150 14
149 150 14
149 150 14
149 150 14
149 150 14
149 150 14
150 150 460
150 150 14
150 150 14
150 150 14
150 150 14
150 150 14
150 150 14
150 150 14
150 150 14
150 150 14
150 150 14
150 150 14
150 150 14
150 150 14
150 150 14
150 150 14
150 150 14
150 150 14
150 150 14
150 150 14
150 150 14
150 150 14
150 150 14
150 150 14
150 150 14
150 150 14
150 150 14
150 150 14
150 150 14
150 150 14
150 150 14
150 150 14
150 150 14
150 150 14
150 150 14
150 150 14
150 150 14
150 150 14
150 150 14
150 150 14
150 150 14
150 150 14
150 150 14
150 150 14
150 150 14
150 150 14
150 150 14
150 150 14
150 150 14
150 151 499
150 151 14
150 151 14
150 151 14
150 151 14
150 151 14
150 151 14
150 151 14
150 151 14
150 151 14
150 151 14
150 151 14
150 151 14
150 151 14
150 151 14
150 151 14
150 151 14
150 151 14
150 151 14
150 151 14
150 151 14
150 151 14
150 151 14
150 151 14
150 151 14
150 151 14
150 151 14
150 151 14
150 151 14
150 151 14
150 151 14
150 151 14
150 151 14
150 151 14
150 151 14
150 151 14
150 151 14
150 151 14
150 151 14
150 151 14
150 151 14
150 151 14
150 151 14
150 151 14
150 151 14
150 151 14
150 151 14
150 151 14
150 151 14
150 151 14
150 151 14
150 151 14
150 151 14
150 151 14
150 151 14
150 151 14
150 151 14
150 151 14
150 151 14
150 151 14
150 151 14
150 151 14
150 151 14
150 151 14
151 151 539
151 151 14
151 151 14
151 151 14
151 151 14
151 151 14
151 151 14
151 151 14
151 151 14
151 151 14
151 151 14
151 151 14
151 151 14
151 151 14
151 151 14
151 151 14
151 151 14
151 151 14
151 151 14
151 151 14
151 151 14
151 151 14
151 151 14
151 151 14
151 151 14
151 151 14
151 151 14
151 151 14
151 151 14
151 151 14
151 151 14
151 151 14
151 151 14
151 151 14
151 151 14
151 151 14
151 151 14
151 151 14
151 151 14
151 151 14
151 151 14
151 151 14
151 151 14
151 151 14
151 151 14
151 151 14
151 151 14
151 151 14
151 151 14
151 151 14
151 151 14
151 151 14
151 151 14
151 151 14
151 151 14
151 151 14
151 151 14
151 151 14
151 151 14
151 151 14
151 151 14
151 151 14
151 151 14
151 151 14
151 151 14
151 151 14
151 151 14
151 151 14
151 151 14
151 151 14
151 151 14
151 151 14
151 151 14
151 151 14
151 151 14
151 151 14
151 151 14
151 152 580
151 152 14
151 152 14
151 152 14
151 152 14
151 152 14
151 152 14
151 152 14
151 152 14
151 152 14
151 152 14
151 152 14
151 152 14
151 152 14
151 152 14
151 152 14
151 152 14
151 152 14
151 152 14
151 152 14
151 152 14
151 152 14
151 152 14
151 152 14
151 152 14
151 152 14
151 152 14
151 152 14
151 152 14
151 152 14
151 152 14
151 152 14
151 152 14
151 152 14
151 152 14
151 152 14
151 152 14
151 152 14
151 152 14
151 152 14
151 152 14
151 152 14
151 152 14
151 152 14
151 152 14
151 152 14
151 152 14
151 152 14
151 152 14
151 152 14
151 152 14
151 152 14
151 152 14
151 152 14
151 152 14
151 152 14
151 152 14
151 152 14
151 152 14
151 152 14
151 152 14
151 152 14
151 152 14
151 152 14
151 152 14
151 152 14
151 152 14
151 152 14
151 152 14
151 152 14
151 152 14
151 152 14
151 152 14
151 152 14
151 152 14
151 152 14
151 152 14
151 152 14
151 152 14
151 152 14
151 152 14
151 152 14
151 152 14
151 152 14
151 152 14
151 152 14
151 152 14
151 152 14
151 152 14
151 152 14
151 152 14
151 152 14
152 152 619
152 152 14
152 152 14
152 152 14
152 152 14
152 152 14
152 152 14
152 152 14
152 152 14
152 152 14
152 152 14
152 152 14
152 152 14
152 152 14
152 152 14
152 152 14
152 152 14
152 152 14
152 152 14
152 152 14
152 152 14
152 152 14
152 152 14
152 152 14
152 152 14
152 152 14
152 152 14
152 152 14
152 152 14
152 152 14
152 152 14
152 152 14
152 152 14
152 152 14
152 152 14
152 152 14
152 152 14
152 152 14
152 152 14
152 152 14
152 152 14
152 152 14
152 152 14
152 152 14
152 152 14
152 152 14
152 152 14
152 152 14
152 152 14
152 152 14
152 152 14
152 152 14
152 152 14
152 152 14
152 152 14
152 152 14
152 152 14
152 152 14
152 152 14
152 152 14
152 152 14
152 152 14
152 152 14
152 152 14
152 152 14
152 152 14
152 152 14
152 152 14
152 152 14
152 152 14
152 152 14
152 152 14
152 152 14
152 152 14
152 152 14
152 152 14
152 152 14
152 152 14
152 152 14
152 152 14
152 152 14
152 152 14
152 152 14
152 152 14
152 152 14
152 152 14
152 152 14
152 152 14
152 152 14
152 152 14
152 152 14
152 152 14
152 152 14
152 152 14
152 152 14
152 152 14
152 152 14
152 152 14
152 152 14
152 152 14
152 152 14
152 152 14
152 152 14
152 152 14
152 152 14
152 152 14
152 152 14
152 152 14
152 152 14
152 152 14
152 153 664
152 153 14
152 153 14
152 153 14
152 153 14
152 153 14
152 153 14
152 153 14
152 153 14
152 153 14
152 153 14
152 153 14
152 153 14
152 153 14
152 153 14
152 153 14
152 153 14
152 153 14
152 153 14
152 153 14
152 153 14
152 153 14
152 153 14
152 153 14
152 153 14
152 153 14
152 153 14
152 153 14
152 153 14
152 153 14
152 153 14
152 153 14
152 153 14
152 153 14
152 153 14
152 153 14
152 153 14
152 153 14
152 153 14
152 153 14
152 153 14
152 153 14
152 153 14
152 153 14
152 153 14
152 153 14
152 153 14
152 153 14
152 153 14
152 153 14
152 153 14
152 153 14
152 153 14
152 153 14
152 153 14
152 153 14
152 153 14
152 153 14
152 153 14
152 153 14
152 153 14
152 153 14
152 153 14
152 153 14
152 153 14
152 153 14
152 153 14
152 153 14
152 153 14
152 153 14
152 153 14
152 153 14
152 153 14
152 153 14
152 153 14
152 153 14
152 153 14
152 153 14
152 153 14
152 153 14
152 153 14
152 153 14
152 153 14
152 153 14
152 153 14
152 153 14
152 153 14
152 153 14
152 153 14
152 153 14
152 153 14
152 153 14
152 153 14
152 153 14
152 153 14
152 153 14
152 153 14
152 153 14
152 153 14
152 153 14
152 153 14
152 153 14
152 153 14
152 153 14
152 153 14
152 153 14
152 153 14
152 153 14
152 153 14
152 153 14
152 153 14
152 153 14
152 153 14
152 153 14
152 153 14
152 153 14
152 153 14
152 153 14
152 153 14
153 153 702
153 153 14
153 153 14
153 153 14
153 153 14
153 153 14
153 153 14
153 153 14
153 153 14
153 153 14
153 153 14
153 153 14
153 153 14
153 153 14
153 153 14
153 153 14
153 153 14
153 153 14
153 153 14
153 153 14
153 153 14
153 153 14
153 153 14
153 153 14
153 153 14
153 153 14
153 153 14
153 153 14
153 153 14
153 153 14
153 153 14
153 153 14
153 153 14
153 153 14
153 153 14
153 153 14
153 153 14
153 153 14
153 153 14
153 153 14
153 153 14
153 153 14
153 153 14
153 153 14
153 153 14
153 153 14
153 153 14
153 153 14
153 153 14
153 153 14
153 153 14
153 153 14
153 153 14
153 153 14
153 153 14
153 153 14
153 153 14
153 153 14
153 153 14
153 153 14
153 153 14
153 153 14
153 153 14
153 153 14
153 153 14
153 153 14
153 153 14
153 153 14
153 153 14
153 153 14
153 153 14
153 153 14
153 153 14
153 153 14
153 153 14
153 153 14
153 153 14
153 153 14
153 153 14
153 153 14
153 153 14
153 153 14
153 153 14
153 153 14
153 153 14
153 153 14
153 153 14
153 153 14
153 153 14
153 153 14
153 153 14
153 153 14
153 153 14
153 153 14
153 153 14
153 153 14
153 153 14
153 153 14
153 153 14
153 153 14
153 153 14
153 153 14
153 153 14
153 153 14
153 153 14
153 153 14
153 153 14
153 153 14
153 153 14
153 153 14
153 153 14
153 153 14
153 153 14
153 153 14
153 153 14
153 153 14
153 153 14
153 153 14
153 153 14
153 153 14
153 153 14
153 153 14
153 153 14
153 153 14
153 153 14
153 153 14
153 153 14
153 153 14
153 153 14
153 153 14
153 153 14
153 153 14
153 153 14
153 153 14
153 153 14
153 153 14
153 153 14
153 153 14
153 153 14
154 153 744
154 153 14
154 153 14
154 153 14
154 153 14
154 153 14
154 153 14
154 153 14
154 153 14
154 153 14
154 153 14
154 153 14
154 153 14
154 153 14
154 153 14
154 153 14
154 153 14
154 153 14
154 153 14
154 153 14
154 153 14
154 153 14
154 153 14
154 153 14
154 153 14
154 153 14
154 153 14
154 153 14
154 153 14
154 153 14
154 153 14
154 153 14
154 153 14
154 153 14
154 153 14
154 153 14
154 153 14
154 153 14
154 153 14
154 153 14
154 153 14
154 153 14
154 153 14
154 153 14
154 153 14
154 153 14
154 153 14
154 153 14
154 153 14
154 153 14
154 153 14
154 153 14
154 153 14
154 153 14
154 153 14
154 153 14
154 153 14
154 153 14
154 153 14
154 153 14
154 153 14
154 153 14
154 153 14
154 153 14
154 153 14
154 153 14
154 153 14
154 153 14
154 153 14
154 153 14
154 153 14
154 153 14
154 153 14
154 153 14
154 153 14
154 153 14
154 153 14
154 153 14
154 153 14
154 153 14
154 153 14
154 153 14
154 153 14
154 153 14
154 153 14
154 153 14
154 153 14
154 153 14
154 153 14
154 153 14
154 153 14
154 153 14
154 153 14
154 153 14
154 153 14
154 153 14
154 153 14
154 153 14
154 153 14
154 153 14
154 153 14
154 153 14
154 153 14
154 153 14
154 153 14
154 153 14
154 153 14
154 153 14
154 153 14
154 153 14
154 153 14
154 153 14
154 153 14
154 153 14
154 153 14
154 153 14
154 153 14
154 153 14
154 153 14
154 153 14
154 153 14
154 153 14
154 153 14
154 153 14
154 153 14
154 153 14
154 153 14
154 153 14
154 153 14
154 153 14
154 153 14
154 153 14
154 153 14
154 153 14
154 153 14
154 153 14
154 153 14
154 153 14
154 153 14
154 153 14
154 153 14
154 153 14
154 153 14
154 153 14
154 153 14
154 153 14
154 153 14
154 153 14
154 153 14
154 153 14
154 153 14
154 153 14
154 153 14
154 153 14
154 153 14
154 153 14
154 153 14
154 154 788
154 154 14
154 154 14
154 154 14
154 154 14
154 154 14
154 154 14
154 154 14
154 154 14
154 154 14
154 154 14
154 154 14
154 154 14
154 154 14
154 154 14
154 154 14
154 154 14
154 154 14
154 154 14
154 154 14
154 154 14
154 154 14
154 154 14
154 154 14
154 154 14
154 154 14
154 154 14
154 154 14
154 154 14
154 154 14
154 154 14
154 154 14
154 154 14
154 154 14
154 154 14
154 154 14
154 154 14
154 154 14
154 154 14
154 154 14
154 154 14
154 154 14
154 154 14
154 154 14
154 154 14
154 154 14
154 154 14
154 154 14
154 154 14
154 154 14
154 154 14
154 154 14
154 154 14
154 154 14
154 154 14
154 154 14
154 154 14
154 154 14
154 154 14
154 154 14
154 154 14
154 154 14
154 154 14
154 154 14
154 154 14
154 154 14
154 154 14
154 154 14
154 154 14
154 154 14
154 154 14
154 154 14
154 154 14
154 154 14
154 154 14
154 154 14
154 154 14
154 154 14
154 154 14
154 154 14
154 154 14
154 154 14
154 154 14
154 154 14
154 154 14
154 154 14
154 154 14
154 154 14
154 154 14
154 154 14
154 154 14
154 154 14
154 154 14
154 154 14
154 154 14
154 154 14
154 154 14
154 154 14
154 154 14
154 154 14
154 154 14
154 154 14
154 154 14
154 154 14
154 154 14
154 154 14
154 154 14
154 154 14
154 154 14
154 154 14
154 154 14
154 154 14
154 154 14
154 154 14
154 154 14
154 154 14
154 154 14
154 154 14
154 154 14
154 154 14
154 154 14
154 154 14
154 154 14
154 154 14
154 154 14
154 154 14
154 154 14
154 154 14
154 154 14
154 154 14
154 154 14
154 154 14
154 154 14
154 154 14
154 154 14
154 154 14
154 154 14
154 154 14
154 154 14
154 154 14
154 154 14
154 154 14
154 154 14
154 154 14
154 154 14
154 154 14
154 154 14
154 154 14
154 154 14
154 154 14
154 154 14
154 154 14
154 154 14
154 154 14
154 154 14
154 154 14
155 154 824
155 154 14
155 154 14
155 154 14
155 154 14
155 154 14
155 154 14
155 154 14
155 154 14
155 154 14
155 154 14
155 154 14
155 154 14
155 154 14
155 154 14
155 154 14
155 154 14
155 154 14
155 154 14
155 154 14
155 154 14
155 154 14
155 154 14
155 154 14
155 154 14
155 154 14
155 154 14
155 154 14
155 154 14
155 154 14
155 154 14
155 154 14
155 154 14
155 154 14
155 154 14
155 154 14
155 154 14
155 154 14
155 154 14
155 154 14
155 154 14
155 154 14
155 154 14
155 154 14
155 154 14
155 154 14
155 154 14
155 154 14
155 154 14
155 154 14
155 154 14
155 154 14
155 154 14
155 154 14
155 154 14
155 154 14
155 154 14
155 154 14
155 154 14
155 154 14
155 154 14
155 154 14
155 154 14
155 154 14
155 154 14
155 154 14
155 154 14
155 154 14
155 154 14
155 154 14
155 154 14
155 154 14
155 154 14
155 154 14
155 154 14
155 154 14
155 154 14
155 154 14
155 154 14
155 154 14
155 154 14
155 154 14
155 154 14
155 154 14
155 154 14
155 154 14
155 154 14
155 154 14
155 154 14
155 154 14
155 154 14
155 154 14
155 154 14
155 154 14
155 154 14
155 154 14
155 154 14
155 154 14
155 154 14
155 154 14
155 154 14
155 154 14
155 154 14
155 154 14
155 154 14
155 154 14
155 154 14
155 154 14
155 154 14
155 154 14
155 154 14
155 154 14
155 154 14
155 154 14
155 154 14
155 154 14
155 154 14
155 154 14
155 154 14
155 154 14
155 154 14
155 154 14
155 154 14
155 154 14
155 154 14
155 154 14
155 154 14
155 154 14
155 154 14
155 154 14
155 154 14
155 154 14
155 154 14
155 154 14
155 154 14
155 154 14
155 154 14
155 154 14
155 154 14
155 154 14
155 154 14
155 154 14
155 154 14
155 154 14
155 154 14
155 154 14
155 154 14
155 154 14
155 154 14
155 154 14
155 154 14
155 154 14
155 154 14
155 154 14
155 154 14
155 154 14
155 154 14
155 154 14
155 154 14
155 154 14
155 154 14
155 154 14
155 154 14
155 154 14
155 154 14
155 154 14
155 154 14
156 154 863
156 154 14
156 154 14
156 154 14
156 154 14
156 154 14
156 154 14
156 154 14
156 154 14
156 154 14
156 154 14
156 154 14
156 154 14
156 154 14
156 154 14
156 154 14
156 154 14
156 154 14
156 154 14
156 154 14
156 154 14
156 154 14
156 154 14
156 154 14
156 154 14
156 154 14
156 154 14
156 154 14
156 154 14
156 154 14
156 154 14
156 154 14
156 154 14
156 154 14
156 154 14
156 154 14
156 154 14
156 154 14
156 154 14
156 154 14
156 154 14
156 154 14
156 154 14
156 154 14
156 154 14
156 154 14
156 154 14
156 154 14
156 154 14
156 154 14
156 154 14
156 154 14
156 154 14
156 154 14
156 154 14
156 154 14
156 154 14
156 154 14
156 154 14
156 154 14
156 154 14
156 154 14
156 154 14
156 154 14
156 154 14
156 154 14
156 154 14
156 154 14
156 154 14
156 154 14
156 154 14
156 154 14
156 154 14
156 154 14
156 154 14
156 154 14
156 154 14
156 154 14
156 154 14
156 154 14
156 154 14
156 154 14
156 154 14
156 154 14
156 154 14
156 154 14
156 154 14
156 154 14
156 154 14
156 154 14
156 154 14
156 154 14
156 154 14
156 154 14
156 154 14
156 154 14
156 154 14
156 154 14
156 154 14
156 154 14
156 154 14
156 154 14
156 154 14
156 154 14
156 154 14
156 154 14
156 154 14
156 154 14
156 154 14
156 154 14
156 154 14
156 154 14
156 154 14
156 154 14
156 154 14
156 154 14
156 154 14
156 154 14
156 154 14
156 154 14
156 154 14
156 154 14
156 154 14
156 154 14
156 154 14
156 154 14
156 154 14
156 154 14
156 154 14
156 154 14
156 154 14
156 154 14
156 154 14
156 154 14
156 154 14
156 154 14
156 154 14
156 154 14
156 154 14
156 154 14
156 154 14
156 154 14
156 154 14
156 154 14
156 154 14
156 154 14
156 154 14
156 154 14
156 154 14
156 154 14
156 154 14
156 154 14
156 154 14
156 154 14
156 154 14
156 154 14
156 154 14
156 154 14
156 154 14
156 154 14
156 154 14
156 154 14
156 154 14
156 154 14
156 154 14
156 154 14
156 154 14
156 154 14
156 154 14
156 154 14
156 154 14
156 154 14
156 154 14
157 154 902
157 154 14
157 154 14
157 154 14
157 154 14
157 154 14
157 154 14
157 154 14
157 154 14
157 154 14
157 154 14
157 154 14
157 154 14
157 154 14
157 154 14
157 154 14
157 154 14
157 154 14
157 154 14
157 154 14
157 154 14
157 154 14
157 154 14
157 154 14
157 154 14
157 154 14
157 154 14
157 154 14
157 154 14
157 154 14
157 154 14
157 154 14
157 154 14
157 154 14
157 154 14
157 154 14
157 154 14
157 154 14
157 154 14
157 154 14
157 154 14
157 154 14
157 154 14
157 154 14
157 154 14
157 154 14
157 154 14
157 154 14
157 154 14
157 154 14
157 154 14
157 154 14
157 154 14
157 154 14
157 154 14
157 154 14
157 154 14
157 154 14
157 154 14
157 154 14
157 154 14
157 154 14
157 154 14
157 154 14
157 154 14
157 154 14
157 154 14
157 154 14
157 154 14
157 154 14
157 154 14
157 154 14
157 154 14
157 154 14
157 154 14
157 154 14
157 154 14
157 154 14
157 154 14
157 154 14
157 154 14
157 154 14
157 154 14
157 154 14
157 154 14
157 154 14
157 154 14
157 154 14
157 154 14
157 154 14
157 154 14
157 154 14
157 154 14
157 154 14
157 154 14
157 154 14
157 154 14
157 154 14
157 154 14
157 154 14
157 154 14
157 154 14
157 154 14
157 154 14
157 154 14
157 154 14
157 154 14
157 154 14
157 154 14
157 154 14
157 154 14
157 154 14
157 154 14
157 154 14
157 154 14
157 154 14
157 154 14
157 154 14
157 154 14
157 154 14
157 154 14
157 154 14
157 154 14
157 154 14
157 154 14
157 154 14
157 154 14
157 154 14
157 154 14
157 154 14
157 154 14
157 154 14
157 154 14
157 154 14
157 154 14
157 154 14
157 154 14
157 154 14
157 154 14
157 154 14
157 154 14
157 154 14
157 154 14
157 154 14
157 154 14
157 154 14
157 154 14
157 154 14
157 154 14
157 154 14
157 154 14
157 154 14
157 154 14
157 154 14
157 154 14
157 154 14
157 154 14
157 154 14
157 154 14
157 154 14
157 154 14
157 154 14
157 154 14
157 154 14
157 154 14
157 154 14
157 154 14
157 154 14
157 154 14
157 154 14
157 154 14
157 154 14
157 154 14
157 155 939
157 155 14
157 155 14
157 155 14
157 155 14
157 155 14
157 155 14
157 155 14
157 155 14
157 155 14
157 155 14
157 155 14
157 155 14
157 155 14
157 155 14
157 155 14
157 155 14
157 155 14
157 155 14
157 155 14
157 155 14
157 155 14
157 155 14
157 155 14
157 155 14
157 155 14
157 155 14
157 155 14
157 155 14
157 155 14
157 155 14
157 155 14
157 155 14
157 155 14
157 155 14
157 155 14
157 155 14
157 155 14
157 155 14
157 155 14
157 155 14
157 155 14
157 155 14
157 155 14
157 155 14
157 155 14
157 155 14
157 155 14
157 155 14
157 155 14
157 155 14
157 155 14
157 155 14
157 155 14
157 155 14
157 155 14
157 155 14
157 155 14
157 155 14
157 155 14
157 155 14
157 155 14
157 155 14
157 155 14
157 155 14
157 155 14
157 155 14
157 155 14
157 155 14
157 155 14
157 155 14
157 155 14
157 155 14
157 155 14
157 155 14
157 155 14
157 155 14
157 155 14
157 155 14
157 155 14
157 155 14
157 155 14
157 155 14
157 155 14
157 155 14
157 155 14
157 155 14
157 155 14
157 155 14
157 155 14
157 155 14
157 155 14
157 155 14
157 155 14
157 155 14
157 155 14
157 155 14
157 155 14
157 155 14
157 155 14
157 155 14
157 155 14
157 155 14
157 155 14
157 155 14
157 155 14
157 155 14
157 155 14
157 155 14
157 155 14
157 155 14
157 155 14
157 155 14
157 155 14
157 155 14
157 155 14
157 155 14
157 155 14
157 155 14
157 155 14
157 155 14
157 155 14
157 155 14
157 155 14
157 155 14
157 155 14
157 155 14
157 155 14
157 155 14
157 155 14
157 155 14
157 155 14
157 155 14
157 155 14
157 155 14
157 155 14
157 155 14
157 155 14
157 155 14
157 155 14
157 155 14
157 155 14
157 155 14
157 155 14
157 155 14
157 155 14
157 155 14
157 155 14
157 155 14
157 155 14
157 155 14
157 155 14
157 155 14
157 155 14
157 155 14
157 155 14
157 155 14
157 155 14
157 155 14
158 155 969
158 155 14
158 155 14
158 155 14
158 155 14
158 155 14
158 155 14
158 155 14
158 155 14
158 155 14
158 155 14
158 155 14
158 155 14
158 155 14
158 155 14
158 155 14
158 155 14
158 155 14
158 155 14
158 155 14
158 155 14
158 155 14
158 155 14
158 155 14
158 155 14
158 155 14
158 155 14
158 155 14
158 155 14
158 155 14
158 155 14
158 155 14
158 155 14
158 155 14
158 155 14
158 155 14
158 155 14
158 155 14
158 155 14
158 155 14
158 155 14
158 155 14
158 155 14
158 155 14
158 155 14
158 155 14
158 155 14
158 155 14
158 155 14
158 155 14
158 155 14
158 155 14
158 155 14
158 155 14
158 155 14
158 155 14
158 155 14
158 155 14
158 155 14
158 155 14
158 155 14
158 155 14
158 155 14
158 155 14
158 155 14
158 155 14
158 155 14
158 155 14
158 155 14
158 155 14
158 155 14
158 155 14
158 155 14
158 155 14
158 155 14
158 155 14
158 155 14
158 155 14
158 155 14
158 155 14
158 155 14
158 155 14
158 155 14
158 155 14
158 155 14
158 155 14
158 155 14
158 155 14
158 155 14
158 155 14
158 155 14
158 155 14
158 155 14
158 155 14
158 155 14
158 155 14
158 155 14
158 155 14
158 155 14
158 155 14
158 155 14
158 155 14
158 155 14
158 155 14
158 155 14
158 155 14
158 155 14
158 155 14
158 155 14
158 155 14
158 155 14
158 155 14
158 155 14
158 155 14
158 155 14
158 155 14
158 155 14
158 155 14
158 155 14
158 155 14
158 155 14
158 155 14
158 155 14
158 155 14
158 155 14
158 155 14
158 155 14
158 155 14
158 155 14
158 155 14
158 155 14
158 155 14
158 155 14
158 155 14
158 155 14
158 155 14
158 155 14
158 155 14
158 155 14
158 155 14
158 155 14
158 155 14
158 155 14
158 155 14
158 155 14
158 155 14
158 155 14
158 155 14
158 155 14
158 155 14
158 155 14
158 155 14
158 155 14
158 155 14
158 155 14
158 155 14
159 155 997
159 155 14
159 155 14
159 155 14
159 155 14
159 155 14
159 155 14
159 155 14
159 155 14
159 155 14
159 155 14
159 155 14
159 155 14
159 155 14
159 155 14
159 155 14
159 155 14
159 155 14
159 155 14
159 155 14
159 155 14
159 155 14
159 155 14
159 155 14
159 155 14
159 155 14
159 155 14
159 155 14
159 155 14
159 155 14
159 155 14
159 155 14
159 155 14
159 155 14
159 155 14
159 155 14
159 155 14
159 155 14
159 155 14
159 155 14
159 155 14
159 155 14
159 155 14
159 155 14
159 155 14
159 155 14
159 155 14
159 155 14
159 155 14
159 155 14
159 155 14
159 155 14
159 155 14
159 155 14
159 155 14
159 155 14
159 155 14
159 155 14
159 155 14
159 155 14
159 155 14
159 155 14
159 155 14
159 155 14
159 155 14
159 155 14
159 155 14
159 155 14
159 155 14
159 155 14
159 155 14
159 155 14
159 155 14
159 155 14
159 155 14
159 155 14
159 155 14
159 155 14
159 155 14
159 155 14
159 155 14
159 155 14
159 155 14
159 155 14
159 155 14
159 155 14
159 155 14
159 155 14
159 155 14
159 155 14
159 155 14
159 155 14
159 155 14
159 155 14
159 155 14
159 155 14
159 155 14
159 155 14
159 155 14
159 155 14
159 155 14
159 155 14
159 155 14
159 155 14
159 155 14
159 155 14
159 155 14
159 155 14
159 155 14
159 155 14
159 155 14
159 155 14
159 155 14
159 155 14
159 155 14
159 155 14
159 155 14
159 155 14
159 155 14
159 155 14
159 155 14
159 155 14
159 155 14
159 155 14
159 155 14
159 155 14
159 155 14
159 155 14
159 155 14
159 155 14
159 155 14
159 155 14
159 155 14
159 155 14
159 155 14
159 155 14
159 155 14
159 155 14
159 155 14
159 155 14
159 155 14
159 155 14
159 155 14
159 155 14
159 155 14
159 155 14
159 155 14
159 155 14
159 155 14
159 155 14
159 155 14
159 155 14
159 155 14
160 155 1021
160 155 14
160 155 14
160 155 14
160 155 14
160 155 14
160 155 14
160 155 14
160 155 14
160 155 14
160 155 14
160 155 14
160 155 14
160 155 14
160 155 14
160 155 14
160 155 14
160 155 14
160 155 14
160 155 14
160 155 14
160 155 14
160 155 14
160 155 14
160 155 14
160 155 14
160 155 14
160 155 14
160 155 14
160 155 14
160 155 14
160 155 14
160 155 14
160 155 14
160 155 14
160 155 14
160 155 14
160 155 14
160 155 14
160 155 14
160 155 14
160 155 14
160 155 14
160 155 14
160 155 14
160 155 14
160 155 14
160 155 14
160 155 14
160 155 14
160 155 14
160 155 14
160 155 14
160 155 14
160 155 14
160 155 14
160 155 14
160 155 14
160 155 14
160 155 14
160 155 14
160 155 14
160 155 14
160 155 14
160 155 14
160 155 14
160 155 14
160 155 14
160 155 14
160 155 14
160 155 14
160 155 14
160 155 14
160 155 14
160 155 14
160 155 14
160 155 14
160 155 14
160 155 14
160 155 14
160 155 14
160 155 14
160 155 14
160 155 14
160 155 14
160 155 14
160 155 14
160 155 14
160 155 14
160 155 14
160 155 14
160 155 14
160 155 14
160 155 14
160 155 14
160 155 14
160 155 14
160 155 14
160 155 14
160 155 14
160 155 14
160 155 14
160 155 14
160 155 14
160 155 14
160 155 14
160 155 14
160 155 14
160 155 14
160 155 14
160 155 14
160 155 14
160 155 14
160 155 14
160 155 14
160 155 14
160 155 14
160 155 14
160 155 14
160 155 14
160 155 14
160 155 14
160 155 14
160 155 14
160 155 14
160 155 14
160 155 14
160 155 14
160 155 14
160 155 14
160 155 14
160 155 14
160 155 14
160 155 14
160 155 14
160 155 14
160 155 14
160 155 14
160 155 14
160 155 14
160 155 14
160 155 14
160 155 14
160 155 14
160 155 14
160 155 14
160 155 14
160 155 14
160 155 14
160 155 14
161 155 1042
161 155 14
161 155 14
161 155 14
161 155 14
161 155 14
161 155 14
161 155 14
161 155 14
161 155 14
161 155 14
161 155 14
161 155 14
161 155 14
161 155 14
161 155 14
161 155 14
161 155 14
161 155 14
161 155 14
161 155 14
161 155 14
161 155 14
161 155 14
161 155 14
161 155 14
161 155 14
161 155 14
161 155 14
161 155 14
161 155 14
161 155 14
161 155 14
161 155 14
161 155 14
161 155 14
161 155 14
161 155 14
161 155 14
161 155 14
161 155 14
161 155 14
161 155 14
161 155 14
161 155 14
161 155 14
161 155 14
161 155 14
161 155 14
161 155 14
161 155 14
161 155 14
161 155 14
161 155 14
161 155 14
161 155 14
161 155 14
161 155 14
161 155 14
161 155 14
161 155 14
161 155 14
161 155 14
161 155 14
161 155 14
161 155 14
161 155 14
161 155 14
161 155 14
161 155 14
161 155 14
161 155 14
161 155 14
161 155 14
161 155 14
161 155 14
161 155 14
161 155 14
161 155 14
161 155 14
161 155 14
161 155 14
161 155 14
161 155 14
161 155 14
161 155 14
161 155 14
161 155 14
161 155 14
161 155 14
161 155 14
161 155 14
161 155 14
161 155 14
161 155 14
161 155 14
161 155 14
161 155 14
161 155 14
161 155 14
161 155 14
161 155 14
161 155 14
161 155 14
161 155 14
161 155 14
161 155 14
161 155 14
161 155 14
161 155 14
161 155 14
161 155 14
161 155 14
161 155 14
161 155 14
161 155 14
161 155 14
161 155 14
161 155 14
161 155 14
161 155 14
161 155 14
161 155 14
161 155 14
161 155 14
161 155 14
161 155 14
161 155 14
161 155 14
161 155 14
161 155 14
161 155 14
161 155 14
161 155 14
161 155 14
161 155 14
161 155 14
161 155 14
161 155 14
161 155 14
161 155 14
161 155 14
161 155 14
161 155 14
161 155 14
161 155 14
161 155 14
161 155 14
161 155 14
161 155 14
162 155 1057
162 155 14
162 155 14
162 155 14
162 155 14
162 155 14
162 155 14
162 155 14
162 155 14
162 155 14
162 155 14
162 155 14
162 155 14
162 155 14
162 155 14
162 155 14
162 155 14
162 155 14
162 155 14
162 155 14
162 155 14
162 155 14
162 155 14
162 155 14
162 155 14
162 155 14
162 155 14
162 155 14
162 155 14
162 155 14
162 155 14
162 155 14
162 155 14
162 155 14
162 155 14
162 155 14
162 155 14
162 155 14
162 155 14
162 155 14
162 155 14
162 155 14
162 155 14
162 155 14
162 155 14
162 155 14
162 155 14
162 155 14
162 155 14
162 155 14
162 155 14
162 155 14
162 155 14
162 155 14
162 155 14
162 155 14
162 155 14
162 155 14
162 155 14
162 155 14
162 155 14
162 155 14
162 155 14
162 155 14
162 155 14
162 155 14
162 155 14
162 155 14
162 155 14
162 155 14
162 155 14
162 155 14
162 155 14
162 155 14
162 155 14
162 155 14
162 155 14
162 155 14
162 155 14
162 155 14
162 155 14
162 155 14
162 155 14
162 155 14
162 155 14
162 155 14
162 155 14
162 155 14
162 155 14
162 155 14
162 155 14
162 155 14
162 155 14
162 155 14
162 155 14
162 155 14
162 155 14
162 155 14
162 155 14
162 155 14
162 155 14
162 155 14
162 155 14
162 155 14
162 155 14
162 155 14
162 155 14
162 155 14
162 155 14
162 155 14
162 155 14
162 155 14
162 155 14
162 155 14
162 155 14
162 155 14
162 155 14
162 155 14
162 155 14
162 155 14
162 155 14
162 155 14
162 155 14
162 155 14
162 155 14
162 155 14
162 155 14
162 155 14
162 155 14
162 155 14
162 155 14
162 155 14
162 155 14
162 155 14
162 155 14
162 155 14
162 155 14
162 155 14
162 155 14
162 155 14
162 155 14
162 155 14
162 155 14
162 155 14
162 155 14
162 155 14
162 155 14
162 155 14
162 155 14
162 155 14
162 155 14
162 155 14
163 155 1066
163 155 14
163 155 14
163 155 14
163 155 14
163 155 14
163 155 14
163 155 14
163 155 14
163 155 14
163 155 14
163 155 14
163 155 14
163 155 14
163 155 14
163 155 14
163 155 14
163 155 14
163 155 14
163 155 14
163 155 14
163 155 14
163 155 14
163 155 14
163 155 14
163 155 14
163 155 14
163 155 14
163 155 14
163 155 14
163 155 14
163 155 14
163 155 14
163 155 14
163 155 14
163 155 14
163 155 14
163 155 14
163 155 14
163 155 14
163 155 14
163 155 14
163 155 14
163 155 14
163 155 14
163 155 14
163 155 14
163 155 14
163 155 14
163 155 14
163 155 14
163 155 14
163 155 14
163 155 14
163 155 14
163 155 14
163 155 14
163 155 14
163 155 14
163 155 14
163 155 14
163 155 14
163 155 14
163 155 14
163 155 14
163 155 14
163 155 14
163 155 14
163 155 14
163 155 14
163 155 14
163 155 14
163 155 14
163 155 14
163 155 14
163 155 14
163 155 14
163 155 14
163 155 14
163 155 14
163 155 14
163 155 14
163 155 14
163 155 14
163 155 14
163 155 14
163 155 14
163 155 14
163 155 14
163 155 14
163 155 14
163 155 14
163 155 14
163 155 14
163 155 14
163 155 14
163 155 14
163 155 14
163 155 14
163 155 14
163 155 14
163 155 14
163 155 14
163 155 14
163 155 14
163 155 14
163 155 14
163 155 14
163 155 14
163 155 14
163 155 14
163 155 14
163 155 14
163 155 14
163 155 14
163 155 14
163 155 14
163 155 14
163 155 14
163 155 14
163 155 14
163 155 14
163 155 14
163 155 14
163 155 14
163 155 14
163 155 14
163 155 14
163 155 14
163 155 14
163 155 14
163 155 14
163 155 14
163 155 14
163 155 14
163 155 14
163 155 14
163 155 14
163 155 14
163 155 14
163 155 14
163 155 14
163 155 14
163 155 14
163 155 14
163 155 14
163 155 14
163 155 14
163 155 14
163 155 14
163 155 14
163 155 14
163 155 14
163 155 14
163 155 14
164 155 1068
164 155 14
164 155 14
164 155 14
164 155 14
164 155 14
164 155 14
164 155 14
164 155 14
164 155 14
164 155 14
164 155 14
164 155 14
164 155 14
164 155 14
164 155 14
164 155 14
164 155 14
164 155 14
164 155 14
164 155 14
164 155 14
164 155 14
164 155 14
164 155 14
164 155 14
164 155 14
164 155 14
164 155 14
164 155 14
164 155 14
164 155 14
164 155 14
164 155 14
164 155 14
164 155 14
164 155 14
164 155 14
164 155 14
164 155 14
164 155 14
164 155 14
164 155 14
164 155 14
164 155 14
164 155 14
164 155 14
164 155 14
164 155 14
164 155 14
164 155 14
164 155 14
164 155 14
164 155 14
164 155 14
164 155 14
164 155 14
164 155 14
164 155 14
164 155 14
164 155 14
164 155 14
164 155 14
164 155 14
164 155 14
164 155 14
164 155 14
164 155 14
164 155 14
164 155 14
164 155 14
164 155 14
164 155 14
164 155 14
164 155 14
164 155 14
164 155 14
164 155 14
164 155 14
164 155 14
164 155 14
164 155 14
164 155 14
164 155 14
164 155 14
164 155 14
164 155 14
164 155 14
164 155 14
164 155 14
164 155 14
164 155 14
164 155 14
164 155 14
164 155 14
164 155 14
164 155 14
164 155 14
164 155 14
164 155 14
164 155 14
164 155 14
164 155 14
164 155 14
164 155 14
164 155 14
164 155 14
164 155 14
164 155 14
164 155 14
164 155 14
164 155 14
164 155 14
164 155 14
164 155 14
164 155 14
164 155 14
164 155 14
164 155 14
164 155 14
164 155 14
164 155 14
164 155 14
164 155 14
164 155 14
164 155 14
164 155 14
164 155 14
164 155 14
164 155 14
164 155 14
164 155 14
164 155 14
164 155 14
164 155 14
164 155 14
164 155 14
164 155 14
164 155 14
164 155 14
164 155 14
164 155 14
164 155 14
164 155 14
164 155 14
164 155 14
164 155 14
164 155 14
164 155 14
164 155 14
164 155 14
164 155 14
164 155 14
164 155 14
164 155 14
164 155 14
164 155 14
164 155 14
165 155 1062
165 155 14
165 155 14
165 155 14
165 155 14
165 155 14
165 155 14
165 155 14
165 155 14
165 155 14
165 155 14
165 155 14
165 155 14
165 155 14
165 155 14
165 155 14
165 155 14
165 155 14
165 155 14
165 155 14
165 155 14
165 155 14
165 155 14
165 155 14
165 155 14
165 155 14
165 155 14
165 155 14
165 155 14
165 155 14
165 155 14
165 155 14
165 155 14
165 155 14
165 155 14
165 155 14
165 155 14
165 155 14
165 155 14
165 155 14
165 155 14
165 155 14
165 155 14
165 155 14
165 155 14
165 155 14
165 155 14
165 155 14
165 155 14
165 155 14
165 155 14
165 155 14
165 155 14
165 155 14
165 155 14
165 155 14
165 155 14
165 155 14
165 155 14
165 155 14
165 155 14
165 155 14
165 155 14
165 155 14
165 155 14
165 155 14
165 155 14
165 155 14
165 155 14
165 155 14
165 155 14
165 155 14
165 155 14
165 155 14
165 155 14
165 155 14
165 155 14
165 155 14
165 155 14
165 155 14
165 155 14
165 155 14
165 155 14
165 155 14
165 155 14
165 155 14
165 155 14
165 155 14
165 155 14
165 155 14
165 155 14
165 155 14
165 155 14
165 155 14
165 155 14
165 155 14
165 155 14
165 155 14
165 155 14
165 155 14
165 155 14
165 155 14
165 155 14
165 155 14
165 155 14
165 155 14
165 155 14
165 155 14
165 155 14
165 155 14
165 155 14
165 155 14
165 155 14
165 155 14
165 155 14
165 155 14
165 155 14
165 155 14
165 155 14
165 155 14
165 155 14
165 155 14
165 155 14
165 155 14
165 155 14
165 155 14
165 155 14
165 155 14
165 155 14
165 155 14
165 155 14
165 155 14
165 155 14
165 155 14
165 155 14
165 155 14
165 155 14
165 155 14
165 155 14
165 155 14
165 155 14
165 155 14
165 155 14
165 155 14
165 155 14
165 155 14
165 155 14
165 155 14
165 155 14
165 155 14
165 155 14
165 155 14
165 155 14
165 155 14
165 155 14
165 155 14
165 155 14
165 155 14
165 155 14
165 155 14
165 155 14
166 155 1049
166 155 14
166 155 14
166 155 14
166 155 14
166 155 14
166 155 14
166 155 14
166 155 14
166 155 14
166 155 14
166 155 14
166 155 14
166 155 14
166 155 14
166 155 14
166 155 14
166 155 14
166 155 14
166 155 14
166 155 14
166 155 14
166 155 14
166 155 14
166 155 14
166 155 14
166 155 14
166 155 14
166 155 14
166 155 14
166 155 14
166 155 14
166 155 14
166 155 14
166 155 14
166 155 14
166 155 14
166 155 14
166 155 14
166 155 14
166 155 14
166 155 14
166 155 14
166 155 14
166 155 14
166 155 14
166 155 14
166 155 14
166 155 14
166 155 14
166 155 14
166 155 14
166 155 14
166 155 14
166 155 14
166 155 14
166 155 14
166 155 14
166 155 14
166 155 14
166 155 14
166 155 14
166 155 14
166 155 14
166 155 14
166 155 14
166 155 14
166 155 14
166 155 14
166 155 14
166 155 14
166 155 14
166 155 14
166 155 14
166 155 14
166 155 14
166 155 14
166 155 14
166 155 14
166 155 14
166 155 14
166 155 14
166 155 14
166 155 14
166 155 14
166 155 14
166 155 14
166 155 14
166 155 14
166 155 14
166 155 14
166 155 14
166 155 14
166 155 14
166 155 14
166 155 14
166 155 14
166 155 14
166 155 14
166 155 14
166 155 14
166 155 14
166 155 14
166 155 14
166 155 14
166 155 14
166 155 14
166 155 14
166 155 14
166 155 14
166 155 14
166 155 14
166 155 14
166 155 14
166 155 14
166 155 14
166 155 14
166 155 14
166 155 14
166 155 14
166 155 14
166 155 14
166 155 14
166 155 14
166 155 14
166 155 14
166 155 14
166 155 14
166 155 14
166 155 14
166 155 14
166 155 14
166 155 14
166 155 14
166 155 14
166 155 14
166 155 14
166 155 14
166 155 14
166 155 14
166 155 14
166 155 14
166 155 14
166 155 14
166 155 14
166 155 14
166 155 14
166 155 14
166 155 14
166 155 14
166 155 14
166 155 14
166 155 14
166 155 14
166 155 14
166 155 14
166 155 14
166 155 14
166 155 14
166 155 14
166 155 14
166 155 14
167 155 1027
167 155 14
167 155 14
167 155 14
167 155 14
167 155 14
167 155 14
167 155 14
167 155 14
167 155 14
167 155 14
167 155 14
167 155 14
167 155 14
167 155 14
167 155 14
167 155 14
167 155 14
167 155 14
167 155 14
167 155 14
167 155 14
167 155 14
167 155 14
167 155 14
167 155 14
167 155 14
167 155 14
167 155 14
167 155 14
167 155 14
167 155 14
167 155 14
167 155 14
167 155 14
167 155 14
167 155 14
167 155 14
167 155 14
167 155 14
167 155 14
167 155 14
167 155 14
167 155 14
167 155 14
167 155 14
167 155 14
167 155 14
167 155 14
167 155 14
167 155 14
167 155 14
167 155 14
167 155 14
167 155 14
167 155 14
167 155 14
167 155 14
167 155 14
167 155 14
167 155 14
167 155 14
167 155 14
167 155 14
167 155 14
167 155 14
167 155 14
167 155 14
167 155 14
167 155 14
167 155 14
167 155 14
167 155 14
167 155 14
167 155 14
167 155 14
167 155 14
167 155 14
167 155 14
167 155 14
167 155 14
167 155 14
167 155 14
167 155 14
167 155 14
167 155 14
167 155 14
167 155 14
167 155 14
167 155 14
167 155 14
167 155 14
167 155 14
167 155 14
167 155 14
167 155 14
167 155 14
167 155 14
167 155 14
167 155 14
167 155 14
167 155 14
167 155 14
167 155 14
167 155 14
167 155 14
167 155 14
167 155 14
167 155 14
167 155 14
167 155 14
167 155 14
167 155 14
167 155 14
167 155 14
167 155 14
167 155 14
167 155 14
167 155 14
167 155 14
167 155 14
167 155 14
167 155 14
167 155 14
167 155 14
167 155 14
167 155 14
167 155 14
167 155 14
167 155 14
167 155 14
167 155 14
167 155 14
167 155 14
167 155 14
167 155 14
167 155 14
167 155 14
167 155 14
167 155 14
167 155 14
167 155 14
167 155 14
167 155 14
167 155 14
167 155 14
167 155 14
167 155 14
167 155 14
167 155 14
167 155 14
167 155 14
167 155 14
167 155 14
167 155 14
167 155 14
167 155 14
167 155 14
167 155 14
168 155 997
168 155 14
168 155 14
168 155 14
168 155 14
168 155 14
168 155 14
168 155 14
168 155 14
168 155 14
168 155 14
168 155 14
168 155 14
168 155 14
168 155 14
168 155 14
168 155 14
168 155 14
168 155 14
168 155 14
168 155 14
168 155 14
168 155 14
168 155 14
168 155 14
168 155 14
168 155 14
168 155 14
168 155 14
168 155 14
168 155 14
168 155 14
168 155 14
168 155 14
168 155 14
168 155 14
168 155 14
168 155 14
168 155 14
168 155 14
168 155 14
168 155 14
168 155 14
168 155 14
168 155 14
168 155 14
168 155 14
168 155 14
168 155 14
168 155 14
168 155 14
168 155 14
168 155 14
168 155 14
168 155 14
168 155 14
168 155 14
168 155 14
168 155 14
168 155 14
168 155 14
168 155 14
168 155 14
168 155 14
168 155 14
168 155 14
168 155 14
168 155 14
168 155 14
168 155 14
168 155 14
168 155 14
168 155 14
168 155 14
168 155 14
168 155 14
168 155 14
168 155 14
168 155 14
168 155 14
168 155 14
168 155 14
168 155 14
168 155 14
168 155 14
168 155 14
168 155 14
168 155 14
168 155 14
168 155 14
168 155 14
168 155 14
168 155 14
168 155 14
168 155 14
168 155 14
168 155 14
168 155 14
168 155 14
168 155 14
168 155 14
168 155 14
168 155 14
168 155 14
168 155 14
168 155 14
168 155 14
168 155 14
168 155 14
168 155 14
168 155 14
168 155 14
168 155 14
168 155 14
168 155 14
168 155 14
168 155 14
168 155 14
168 155 14
168 155 14
168 155 14
168 155 14
168 155 14
168 155 14
168 155 14
168 155 14
168 155 14
168 155 14
168 155 14
168 155 14
168 155 14
168 155 14
168 155 14
168 155 14
168 155 14
168 155 14
168 155 14
168 155 14
168 155 14
168 155 14
168 155 14
168 155 14
168 155 14
168 155 14
168 155 14
168 155 14
168 155 14
168 155 14
168 155 14
168 155 14
168 155 14
168 155 14
169 155 960
169 155 14
169 155 14
169 155 14
169 155 14
169 155 14
169 155 14
169 155 14
169 155 14
169 155 14
169 155 14
169 155 14
169 155 14
169 155 14
169 155 14
169 155 14
169 155 14
169 155 14
169 155 14
169 155 14
169 155 14
169 155 14
169 155 14
169 155 14
169 155 14
169 155 14
169 155 14
169 155 14
169 155 14
169 155 14
169 155 14
169 155 14
169 155 14
169 155 14
169 155 14
169 155 14
169 155 14
169 155 14
169 155 14
169 155 14
169 155 14
169 155 14
169 155 14
169 155 14
169 155 14
169 155 14
169 155 14
169 155 14
169 155 14
169 155 14
169 155 14
169 155 14
169 155 14
169 155 14
169 155 14
169 155 14
169 155 14
169 155 14
169 155 14
169 155 14
169 155 14
169 155 14
169 155 14
169 155 14
169 155 14
169 155 14
169 155 14
169 155 14
169 155 14
169 155 14
169 155 14
169 155 14
169 155 14
169 155 14
169 155 14
169 155 14
169 155 14
169 155 14
169 155 14
169 155 14
169 155 14
169 155 14
169 155 14
169 155 14
169 155 14
169 155 14
169 155 14
169 155 14
169 155 14
169 155 14
169 155 14
169 155 14
169 155 14
169 155 14
169 155 14
169 155 14
169 155 14
169 155 14
169 155 14
169 155 14
169 155 14
169 155 14
169 155 14
169 155 14
169 155 14
169 155 14
169 155 14
169 155 14
169 155 14
169 155 14
169 155 14
169 155 14
169 155 14
169 155 14
169 155 14
169 155 14
169 155 14
169 155 14
169 155 14
169 155 14
169 155 14
169 155 14
169 155 14
169 155 14
169 155 14
169 155 14
169 155 14
169 155 14
169 155 14
169 155 14
169 155 14
169 155 14
169 155 14
169 155 14
169 155 14
169 155 14
169 155 14
169 155 14
169 155 14
169 155 14
169 155 14
169 155 14
169 155 14
170 155 917
170 155 14
170 155 14
170 155 14
170 155 14
170 155 14
170 155 14
170 155 14
170 155 14
170 155 14
170 155 14
170 155 14
170 155 14
170 155 14
170 155 14
170 155 14
170 155 14
170 155 14
170 155 14
170 155 14
170 155 14
170 155 14
170 155 14
170 155 14
170 155 14
170 155 14
170 155 14
170 155 14
170 155 14
170 155 14
170 155 14
170 155 14
170 155 14
170 155 14
170 155 14
170 155 14
170 155 14
170 155 14
170 155 14
170 155 14
170 155 14
170 155 14
170 155 14
170 155 14
170 155 14
170 155 14
170 155 14
170 155 14
170 155 14
170 155 14
170 155 14
170 155 14
170 155 14
170 155 14
170 155 14
170 155 14
170 155 14
170 155 14
170 155 14
170 155 14
170 155 14
170 155 14
170 155 14
170 155 14
170 155 14
170 155 14
170 155 14
170 155 14
170 155 14
170 155 14
170 155 14
170 155 14
170 155 14
170 155 14
170 155 14
170 155 14
170 155 14
170 155 14
170 155 14
170 155 14
170 155 14
170 155 14
170 155 14
170 155 14
170 155 14
170 155 14
170 155 14
170 155 14
170 155 14
170 155 14
170 155 14
170 155 14
170 155 14
170 155 14
170 155 14
170 155 14
170 155 14
170 155 14
170 155 14
170 155 14
170 155 14
170 155 14
170 155 14
170 155 14
170 155 14
170 155 14
170 155 14
170 155 14
170 155 14
170 155 14
170 155 14
170 155 14
170 155 14
170 155 14
170 155 14
170 155 14
170 155 14
170 155 14
170 155 14
170 155 14
170 155 14
170 155 14
170 155 14
170 155 14
170 155 14
170 155 14
170 155 14
170 155 14
170 155 14
170 155 14
170 155 14
170 155 14
171 155 867
171 155 14
171 155 14
171 155 14
171 155 14
171 155 14
171 155 14
171 155 14
171 155 14
171 155 14
171 155 14
171 155 14
171 155 14
171 155 14
171 155 14
171 155 14
171 155 14
171 155 14
171 155 14
171 155 14
171 155 14
171 155 14
171 155 14
171 155 14
171 155 14
171 155 14
171 155 14
171 155 14
171 155 14
171 155 14
171 155 14
171 155 14
171 155 14
171 155 14
171 155 14
171 155 14
171 155 14
171 155 14
171 155 14
171 155 14
171 155 14
171 155 14
171 155 14
171 155 14
171 155 14
171 155 14
171 155 14
171 155 14
171 155 14
171 155 14
171 155 14
171 155 14
171 155 14
171 155 14
171 155 14
171 155 14
171 155 14
171 155 14
171 155 14
171 155 14
171 155 14
171 155 14
171 155 14
171 155 14
171 155 14
171 155 14
171 155 14
171 155 14
171 155 14
171 155 14
171 155 14
171 155 14
171 155 14
171 155 14
171 155 14
171 155 14
171 155 14
171 155 14
171 155 14
171 155 14
171 155 14
171 155 14
171 155 14
171 155 14
171 155 14
171 155 14
171 155 14
171 155 14
171 155 14
171 155 14
171 155 14
171 155 14
171 155 14
171 155 14
171 155 14
171 155 14
171 155 14
171 155 14
171 155 14
171 155 14
171 155 14
171 155 14
171 155 14
171 155 14
171 155 14
171 155 14
171 155 14
171 155 14
171 155 14
171 155 14
171 155 14
171 155 14
171 155 14
171 155 14
171 155 14
171 155 14
171 155 14
171 155 14
171 155 14
171 155 14
171 155 14
172 155 813
172 155 14
172 155 14
172 155 14
172 155 14
172 155 14
172 155 14
172 155 14
172 155 14
172 155 14
172 155 14
172 155 14
172 155 14
172 155 14
172 155 14
172 155 14
172 155 14
172 155 14
172 155 14
172 155 14
172 155 14
172 155 14
172 155 14
172 155 14
172 155 14
172 155 14
172 155 14
172 155 14
172 155 14
172 155 14
172 155 14
172 155 14
172 155 14
172 155 14
172 155 14
172 155 14
172 155 14
172 155 14
172 155 14
172 155 14
172 155 14
172 155 14
172 155 14
172 155 14
172 155 14
172 155 14
172 155 14
172 155 14
172 155 14
172 155 14
172 155 14
172 155 14
172 155 14
172 155 14
172 155 14
172 155 14
172 155 14
172 155 14
172 155 14
172 155 14
172 155 14
172 155 14
172 155 14
172 155 14
172 155 14
172 155 14
172 155 14
172 155 14
172 155 14
172 155 14
172 155 14
172 155 14
172 155 14
172 155 14
172 155 14
172 155 14
172 155 14
172 155 14
172 155 14
172 155 14
172 155 14
172 155 14
172 155 14
172 155 14
172 155 14
172 155 14
172 155 14
172 155 14
172 155 14
172 155 14
172 155 14
172 155 14
172 155 14
172 155 14
172 155 14
172 155 14
172 155 14
172 155 14
172 155 14
172 155 14
172 155 14
172 155 14
172 155 14
172 155 14
172 155 14
172 155 14
172 155 14
172 155 14
172 155 14
172 155 14
172 155 14
173 155 755
173 155 14
173 155 14
173 155 14
173 155 14
173 155 14
173 155 14
173 155 14
173 155 14
173 155 14
173 155 14
173 155 14
173 155 14
173 155 14
173 155 14
173 155 14
173 155 14
173 155 14
173 155 14
173 155 14
173 155 14
173 155 14
173 155 14
173 155 14
173 155 14
173 155 14
173 155 14
173 155 14
173 155 14
173 155 14
173 155 14
173 155 14
173 155 14
173 155 14
173 155 14
173 155 14
173 155 14
173 155 14
173 155 14
173 155 14
173 155 14
173 155 14
173 155 14
173 155 14
173 155 14
173 155 14
173 155 14
173 155 14
173 155 14
173 155 14
173 155 14
173 155 14
173 155 14
173 155 14
173 155 14
173 155 14
173 155 14
173 155 14
173 155 14
173 155 14
173 155 14
173 155 14
173 155 14
173 155 14
173 155 14
173 155 14
173 155 14
173 155 14
173 155 14
173 155 14
173 155 14
173 155 14
173 155 14
173 155 14
173 155 14
173 155 14
173 155 14
173 155 14
173 155 14
173 155 14
173 155 14
173 155 14
173 155 14
173 155 14
173 155 14
173 155 14
173 155 14
173 155 14
173 155 14
173 155 14
173 155 14
173 155 14
173 155 14
173 155 14
173 155 14
173 155 14
173 155 14
173 155 14
173 155 14
173 155 14
173 155 14
173 155 14
173 155 14
174 155 694
174 155 14
174 155 14
174 155 14
174 155 14
174 155 14
174 155 14
174 155 14
174 155 14
174 155 14
174 155 14
174 155 14
174 155 14
174 155 14
174 155 14
174 155 14
174 155 14
174 155 14
174 155 14
174 155 14
174 155 14
174 155 14
174 155 14
174 155 14
174 155 14
174 155 14
174 155 14
174 155 14
174 155 14
174 155 14
174 155 14
174 155 14
174 155 14
174 155 14
174 155 14
174 155 14
174 155 14
174 155 14
174 155 14
174 155 14
174 155 14
174 155 14
174 155 14
174 155 14
174 155 14
174 155 14
174 155 14
174 155 14
174 155 14
174 155 14
174 155 14
174 155 14
174 155 14
174 155 14
174 155 14
174 155 14
174 155 14
174 155 14
174 155 14
174 155 14
174 155 14
174 155 14
174 155 14
174 155 14
174 155 14
174 155 14
174 155 14
174 155 14
174 155 14
174 155 14
174 155 14
174 155 14
174 155 14
174 155 14
174 155 14
174 155 14
174 155 14
174 155 14
174 155 14
174 155 14
174 155 14
174 155 14
174 155 14
174 155 14
174 155 14
174 155 14
174 155 14
174 155 14
174 155 14
174 155 14
174 155 14
174 155 14
174 155 14
174 155 14
174 155 14
174 155 14
174 155 14
174 155 14
175 155 633
175 155 14
175 155 14
175 155 14
175 155 14
175 155 14
175 155 14
175 155 14
175 155 14
175 155 14
175 155 14
175 155 14
175 155 14
175 155 14
175 155 14
175 155 14
175 155 14
175 155 14
175 155 14
175 155 14
175 155 14
175 155 14
175 155 14
175 155 14
175 155 14
175 155 14
175 155 14
175 155 14
175 155 14
175 155 14
175 155 14
175 155 14
175 155 14
175 155 14
175 155 14
175 155 14
175 155 14
175 155 14
175 155 14
175 155 14
175 155 14
175 155 14
175 155 14
175 155 14
175 155 14
175 155 14
175 155 14
175 155 14
175 155 14
175 155 14
175 155 14
175 155 14
175 155 14
175 155 14
175 155 14
175 155 14
175 155 14
175 155 14
175 155 14
175 155 14
175 155 14
175 155 14
175 155 14
175 155 14
175 155 14
175 155 14
175 155 14
175 155 14
175 155 14
175 155 14
175 155 14
175 155 14
175 155 14
175 155 14
175 155 14
175 155 14
175 155 14
175 155 14
175 155 14
175 155 14
175 155 14
175 155 14
175 155 14
175 155 14
175 155 14
175 155 14
175 155 14
175 155 14
175 155 14
175 155 14
175 155 14
175 155 14
175 155 14
175 155 14
175 155 14
175 155 14
176 155 572
176 155 14
176 155 14
176 155 14
176 155 14
176 155 14
176 155 14
176 155 14
176 155 14
176 155 14
176 155 14
176 155 14
176 155 14
176 155 14
176 155 14
176 155 14
176 155 14
176 155 14
176 155 14
176 155 14
176 155 14
176 155 14
176 155 14
176 155 14
176 155 14
176 155 14
176 155 14
176 155 14
176 155 14
176 155 14
176 155 14
176 155 14
176 155 14
176 155 14
176 155 14
176 155 14
176 155 14
176 155 14
176 155 14
176 155 14
176 155 14
176 155 14
176 155 14
176 155 14
176 155 14
176 155 14
176 155 14
176 155 14
176 155 14
176 155 14
176 155 14
176 155 14
176 155 14
176 155 14
176 155 14
176 155 14
176 155 14
176 155 14
176 155 14
176 155 14
176 155 14
176 155 14
176 155 14
176 155 14
176 155 14
176 155 14
176 155 14
176 155 14
176 155 14
176 155 14
176 155 14
176 155 14
176 155 14
176 155 14
176 155 14
176 155 14
176 155 14
176 155 14
176 155 14
176 155 14
176 155 14
176 155 14
176 155 14
176 155 14
176 155 14
176 155 14
176 155 14
176 155 14
176 155 14
176 155 14
176 155 14
176 155 14
176 155 14
176 155 14
176 155 14
177 155 512
177 155 14
177 155 14
177 155 14
177 155 14
177 155 14
177 155 14
177 155 14
177 155 14
177 155 14
177 155 14
177 155 14
177 155 14
177 155 14
177 155 14
177 155 14
177 155 14
177 155 14
177 155 14
177 155 14
177 155 14
177 155 14
177 155 14
177 155 14
177 155 14
177 155 14
177 155 14
177 155 14
177 155 14
177 155 14
177 155 14
177 155 14
177 155 14
177 155 14
177 155 14
177 155 14
177 155 14
177 155 14
177 155 14
177 155 14
177 155 14
177 155 14
177 155 14
177 155 14
177 155 14
177 155 14
177 155 14
177 155 14
177 155 14
177 155 14
177 155 14
177 155 14
177 155 14
177 155 14
177 155 14
177 155 14
177 155 14
177 155 14
177 155 14
177 155 14
177 155 14
177 155 14
177 155 14
177 155 14
177 155 14
177 155 14
177 155 14
177 155 14
177 155 14
177 155 14
177 155 14
177 155 14
177 155 14
177 155 14
177 155 14
177 155 14
177 155 14
177 155 14
177 155 14
177 155 14
177 155 14
177 155 14
177 155 14
177 155 14
177 155 14
177 155 14
177 155 14
177 155 14
177 155 14
177 155 14
177 155 14
177 155 14
178 155 454
178 155 14
178 155 14
178 155 14
178 155 14
178 155 14
178 155 14
178 155 14
178 155 14
178 155 14
178 155 14
178 155 14
178 155 14
178 155 14
178 155 14
178 155 14
178 155 14
178 155 14
178 155 14
178 155 14
178 155 14
178 155 14
178 155 14
178 155 14
178 155 14
178 155 14
178 155 14
178 155 14
178 155 14
178 155 14
178 155 14
178 155 14
178 155 14
178 155 14
178 155 14
178 155 14
178 155 14
178 155 14
178 155 14
178 155 14
178 155 14
178 155 14
178 155 14
178 155 14
178 155 14
178 155 14
178 155 14
178 155 14
178 155 14
178 155 14
178 155 14
178 155 14
178 155 14
178 155 14
178 155 14
178 155 14
178 155 14
178 155 14
178 155 14
178 155 14
178 155 14
178 155 14
178 155 14
178 155 14
178 155 14
178 155 14
178 155 14
178 155 14
178 155 14
178 155 14
178 155 14
178 155 14
178 155 14
178 155 14
178 155 14
178 155 14
178 155 14
178 155 14
178 155 14
178 155 14
178 155 14
178 155 14
178 155 14
179 155 400
179 155 14
179 155 14
179 155 14
179 155 14
179 155 14
179 155 14
179 155 14
179 155 14
179 155 14
179 155 14
179 155 14
179 155 14
179 155 14
179 155 14
179 155 14
179 155 14
179 155 14
179 155 14
179 155 14
179 155 14
179 155 14
179 155 14
179 155 14
179 155 14
179 155 14
179 155 14
179 155 14
179 155 14
179 155 14
179 155 14
179 155 14
179 155 14
179 155 14
179 155 14
179 155 14
179 155 14
179 155 14
179 155 14
179 155 14
179 155 14
179 155 14
179 155 14
179 155 14
179 155 14
179 155 14
179 155 14
179 155 14
179 155 14
179 155 14
179 155 14
179 155 14
179 155 14
179 155 14
179 155 14
179 155 14
179 155 14
179 155 14
179 155 14
179 155 14
179 155 14
179 155 14
179 155 14
179 155 14
179 155 14
179 155 14
179 155 14
179 155 14
180 155 349
180 155 14
180 155 14
180 155 14
180 155 14
180 155 14
180 155 14
180 155 14
180 155 14
180 155 14
180 155 14
180 155 14
180 155 14
180 155 14
180 155 14
180 155 14
180 155 14
180 155 14
180 155 14
180 155 14
180 155 14
180 155 14
180 155 14
180 155 14
180 155 14
180 155 14
180 155 14
180 155 14
180 155 14
180 155 14
180 155 14
180 155 14
180 155 14
180 155 14
180 155 14
180 155 14
180 155 14
180 155 14
180 155 14
180 155 14
180 155 14
180 155 14
180 155 14
180 155 14
180 155 14
180 155 14
180 155 14
180 155 14
180 155 14
181 155 302
181 155 14
181 155 14
181 155 14
181 155 14
181 155 14
181 155 14
181 155 14
181 155 14
181 155 14
181 155 14
181 155 14
181 155 14
181 155 14
181 155 14
181 155 14
181 155 14
181 155 14
181 155 14
181 155 14
181 155 14
181 155 14
181 155 14
181 155 14
181 155 14
181 155 14
181 155 14
181 155 14
181 155 14
181 155 14
181 155 14
181 156 259
181 156 14
181 156 14
181 156 14
181 156 14
181 156 14
181 156 14
181 156 14
181 156 14
181 156 14
181 156 14
181 156 14
181 156 14
181 156 14
181 156 14
181 156 14
181 156 14
181 156 14
181 156 14
181 156 14
181 156 14
181 156 14
181 156 14
181 156 14
181 156 14
181 156 14
181 156 14
181 156 14
181 156 14
181 156 14
181 156 14
181 156 14
181 156 14
182 156 216
182 156 14
182 156 14
182 156 14
182 156 14
182 156 14
182 156 14
182 156 14
182 156 14
182 156 14
182 156 14
182 156 14
182 156 14
182 156 14
182 156 14
182 156 14
182 156 14
182 156 14
182 156 14
183 156 178
183 156 14
183 156 14
183 156 14
183 156 14
183 156 14
183 156 14
183 156 14
183 156 14
183 156 14
184 156 144
184 156 14
184 156 14
184 156 14
184 156 14
185 156 113
185 156 14
185 156 14
186 156 87
186 156 14
186 156 14
186 157 62
186 157 14
186 157 14
186 157 14
187 157 39
187 157 14
187 157 14
187 157 14
187 157 14
188 157 20
188 157 14
188 157 14
188 157 14
188 157 14
188 158 15
188 158 14
188 158 14
188 158 14
188 158 14
188 159 15
188 159 14
188 159 14
188 159 14
188 159 14
189 159 15
189 159 14
189 159 14
189 159 14
189 160 15
189 160 14
189 160 14
189 160 14
190 160 15
190 160 14
190 160 14
191 160 15
191 160 14
191 160 14
191 161 15
191 161 14
191 161 14
191 162 15
191 162 14
191 163 15
191 163 14
191 164 18
191 164 14
191 165 22
191 165 14
191 166 23
191 166 14
191 167 19
191 167 14
191 167 14
191 168 15
191 168 14
191 168 14
191 169 15
191 169 14
191 169 14
191 170 15
191 170 14
192 170 15
192 170 14
192 171 15
192 171 14
193 171 15
193 171 14
194 171 15
194 171 14
194 172 15
194 172 14
194 173 15
194 173 14
195 173 15
195 174 15
196 174 15
197 174 15
198 175 15
198 176 15
198 177 15
198 178 15
198 179 15
198 180 15
198 181 15
198 182 15
198 183 15
198 184 15
198 185 15
198 186 15
198 186 14
198 187 17
151 135 15
151 135 14
151 135 14
151 135 14
150 135 15
150 135 14
150 135 14
148 136 15
148 136 14
148 136 14
147 136 15
147 136 14
147 136 14
146 136 15
146 136 14
146 136 14
145 136 15
145 136 14
145 136 14
144 136 15
144 136 14
143 136 15
143 136 14
142 136 15
142 136 14
141 136 15
141 136 14
140 136 26
139 136 49
138 136 66
137 136 76
136 136 79
135 136 75
134 136 66
133 136 52
132 136 36
130 136 15
130 136 14
130 135 15
130 135 14
130 134 15
130 134 14
130 133 15
130 133 14
130 132 15
130 132 14
130 131 15
130 131 14
130 130 15
130 130 14
130 129 15
130 129 14
130 128 19
130 128 14
130 127 27
130 127 14
130 127 14
131 127 35
131 126 42
131 126 14
131 125 52
131 125 14
131 124 65
131 124 14
79 84 20
78 84 22
77 84 22
76 84 22
75 84 20
74 84 18
73 84 16
72 84 15
71 84 15
70 84 15
70 85 15
69 85 15
69 86 15
69 87 15
68 87 15
68 88 15
67 88 15
67 89 15
66 89 15
66 90 15
65 90 15
64 90 15
64 91 15
63 91 15
63 92 15
62 92 16
62 93 17
61 93 18
61 94 18
60 94 19
60 95 19
59 95 19
59 96 18
58 97 16
57 97 15
57 98 15
56 98 15
55 98 15
55 99 15
55 100 15
54 100 15
54 101 15
54 101 14
53 101 15
53 101 14
52 101 15
52 101 14
51 101 15
51 101 14
51 102 21
51 102 14
50 102 29
50 102 14
50 103 38
49 104 65
48 104 83
48 105 102
47 105 126
47 105 14
47 106 151
47 107 180
46 107 211
46 107 14
46 108 244
46 108 14
45 108 283
45 108 14
44 108 329
43 108 382
42 108 442
41 108 510
40 108 585
39 108 668
38 108 759
37 108 857
37 108 14
36 108 963
36 108 14
36 108 14
36 108 14
36 108 14
36 108 14
36 108 14
36 108 14
36 108 14
36 108 14
36 108 14
36 108 14
36 108 14
36 108 14
36 108 14
36 108 14
35 108 1075
35 108 14
35 108 14
35 108 14
35 108 14
35 108 14
35 108 14
35 108 14
35 108 14
35 108 14
35 108 14
35 108 14
35 108 14
35 108 14
35 108 14
35 108 14
35 108 14
35 108 14
35 108 14
35 108 14
35 108 14
35 108 14
35 108 14
35 108 14
35 108 14
35 108 14
35 108 14
35 108 14
35 108 14
35 108 14
35 108 14
35 108 14
34 108 1194
34 108 14
34 108 14
34 108 14
34 108 14
34 108 14
34 108 14
34 108 14
34 108 14
34 108 14
34 108 14
34 108 14
34 108 14
34 108 14
34 108 14
34 108 14
34 108 14
34 108 14
34 108 14
34 108 14
34 108 14
34 108 14
34 108 14
34 108 14
34 108 14
34 108 14
34 108 14
34 108 14
34 108 14
34 108 14
34 108 14
34 108 14
34 108 14
34 108 14
34 108 14
34 108 14
34 108 14
34 108 14
34 108 14
34 108 14
34 108 14
34 108 14
34 108 14
34 108 14
34 108 14
34 108 14
34 108 14
34 108 14
33 108 1317
33 108 14
33 108 14
33 108 14
33 108 14
33 108 14
33 108 14
33 108 14
33 108 14
33 108 14
33 108 14
33 108 14
33 108 14
33 108 14
33 108 14
33 108 14
33 108 14
33 108 14
33 108 14
33 108 14
33 108 14
33 108 14
33 108 14
33 108 14
33 108 14
33 108 14
33 108 14
33 108 14
33 108 14
33 108 14
33 108 14
33 108 14
33 108 14
33 108 14
33 108 14
33 108 14
33 108 14
33 108 14
33 108 14
33 108 14
33 108 14
33 108 14
33 108 14
33 108 14
33 108 14
33 108 14
33 108 14
33 108 14
33 108 14
33 108 14
33 108 14
33 108 14
33 108 14
33 108 14
33 108 14
33 108 14
33 108 14
33 108 14
33 108 14
33 108 14
32 108 1446
32 108 14
32 108 14
32 108 14
32 108 14
32 108 14
32 108 14
32 108 14
32 108 14
32 108 14
32 108 14
32 108 14
32 108 14
32 108 14
32 108 14
32 108 14
32 108 14
32 108 14
32 108 14
32 108 14
32 108 14
32 108 14
32 108 14
32 108 14
32 108 14
32 108 14
32 108 14
32 108 14
32 108 14
32 108 14
32 108 14
32 108 14
32 108 14
32 108 14
32 108 14
32 108 14
32 108 14
32 108 14
32 108 14
32 108 14
32 108 14
32 108 14
32 108 14
32 108 14
32 108 14
32 108 14
32 108 14
32 108 14
32 108 14
32 108 14
32 108 14
32 108 14
32 108 14
32 108 14
32 108 14
32 108 14
32 108 14
32 108 14
32 108 14
32 108 14
32 108 14
32 108 14
32 108 14
32 108 14
32 108 14
32 108 14
31 108 1578
31 108 14
31 108 14
31 108 14
31 108 14
31 108 14
31 108 14
31 108 14
31 108 14
31 108 14
31 108 14
31 108 14
31 108 14
31 108 14
31 108 14
31 108 14
31 108 14
31 108 14
31 108 14
31 108 14
31 108 14
31 108 14
31 108 14
31 108 14
31 108 14
31 108 14
31 108 14
31 108 14
31 108 14
31 108 14
31 108 14
31 108 14
31 108 14
31 108 14
31 108 14
31 108 14
31 108 14
31 108 14
31 108 14
31 108 14
31 108 14
31 108 14
31 108 14
31 108 14
31 108 14
31 108 14
31 108 14
31 108 14
31 108 14
31 108 14
31 108 14
31 108 14
31 108 14
31 108 14
31 108 14
31 108 14
31 108 14
31 108 14
31 108 14
31 108 14
31 108 14
31 108 14
31 108 14
31 108 14
31 108 14
31 108 14
30 108 1712
30 108 14
30 108 14
30 108 14
30 108 14
30 108 14
30 108 14
30 108 14
30 108 14
30 108 14
30 108 14
30 108 14
30 108 14
30 108 14
30 108 14
30 108 14
30 108 14
30 108 14
30 108 14
30 108 14
30 108 14
30 108 14
30 108 14
30 108 14
30 108 14
30 108 14
30 108 14
30 108 14
30 108 14
30 108 14
30 108 14
30 108 14
30 108 14
30 108 14
30 108 14
30 108 14
30 108 14
30 108 14
30 108 14
30 108 14
30 108 14
30 108 14
30 108 14
30 108 14
30 108 14
30 108 14
30 108 14
30 108 14
30 108 14
30 108 14
30 108 14
30 108 14
30 108 14
30 108 14
30 108 14
30 108 14
30 108 14
30 108 14
30 108 14
30 108 14
30 108 14
30 108 14
30 108 14
29 108 1848
29 108 14
29 108 14
29 108 14
29 108 14
29 108 14
29 108 14
29 108 14
29 108 14
29 108 14
29 108 14
29 108 14
29 108 14
29 108 14
29 108 14
29 108 14
29 108 14
29 108 14
29 108 14
29 108 14
29 108 14
29 108 14
29 108 14
29 108 14
29 108 14
29 108 14
29 108 14
29 108 14
29 108 14
29 108 14
29 108 14
29 108 14
29 108 14
29 108 14
29 108 14
29 108 14
29 108 14
29 108 14
29 108 14
29 108 14
29 108 14
29 108 14
29 108 14
29 108 14
29 108 14
29 108 14
29 108 14
29 108 14
29 108 14
29 108 14
29 108 14
29 108 14
29 108 14
29 108 14
29 108 14
29 108 14
28 108 1984
28 108 14
28 108 14
28 108 14
28 108 14
28 108 14
28 108 14
28 108 14
28 108 14
28 108 14
28 108 14
28 108 14
28 108 14
28 108 14
28 108 14
28 108 14
28 108 14
28 108 14
28 108 14
28 108 14
28 108 14
28 108 14
28 108 14
28 108 14
28 108 14
28 108 14
28 108 14
28 108 14
28 108 14
28 108 14
28 108 14
28 108 14
28 108 14
28 108 14
28 108 14
28 108 14
28 108 14
28 108 14
28 108 14
28 108 14
28 108 14
28 108 14
28 108 14
28 108 14
28 108 14
27 108 2118
27 108 14
27 108 14
27 108 14
27 108 14
27 108 14
27 108 14
27 108 14
27 108 14
27 108 14
27 108 14
27 108 14
27 108 14
27 108 14
27 108 14
27 108 14
27 108 14
27 108 14
27 108 14
27 108 14
27 108 14
27 108 14
27 108 14
27 108 14
27 108 14
27 108 14
27 108 14
27 108 14
27 108 14
27 108 14
27 108 14
26 108 2249
26 108 14
26 108 14
26 108 14
26 108 14
26 108 14
26 108 14
26 108 14
26 108 14
26 108 14
26 108 14
26 108 14
26 108 14
26 108 14
26 108 14
26 108 14
26 108 14
26 108 14
25 108 2376
25 108 14
25 108 14
25 108 14
25 108 14
25 108 14
25 108 14
24 108 2497
23 108 2611
22 108 2716
21 108 2811
21 108 14
21 108 14
20 108 2895
20 108 14
20 108 14
20 108 14
19 108 2967
19 108 14
19 108 14
19 108 14
