137 51 140
10 101 140
131 109 140
116 10 140
51 77 140
74 105 140
74 105 130
74 105 130
26 177 140
42 1 140
0 107 140
10 114 140
10 114 130
10 114 130
10 114 130
0 94 140
130 97 140
130 97 130
130 97 130
130 97 130
106 3 140
126 44 140
126 44 130
105 17 140
137 37 140
137 37 130
137 37 130
137 37 130
137 37 130
126 58 140
126 58 130
142 115 140
142 115 130
142 102 140
115 24 140
138 64 140
138 64 130
11 89 140
63 85 140
50 89 140
62 97 140
115 38 140
24 84 140
38 80 140
38 80 130
38 80 130
23 97 140
153 108 140
153 108 130
153 108 130
153 108 130
153 108 130
153 108 130
131 122 140
140 90 140
140 90 130
37 93 140
37 93 130
120 116 140
120 129 140
109 123 140
105 31 140
105 31 130
108 136 140
97 130 140
115 52 140
105 45 140
105 45 130
105 45 130
149 57 140
149 57 130
96 142 140
96 142 130
96 142 130
96 142 130
96 142 130
97 118 140
85 124 140
85 124 130
86 112 140
150 70 140
151 83 140
151 83 130
151 83 130
139 77 140
75 105 332
75 105 118
76 105 328
76 105 118
76 105 118
76 105 118
76 106 322
76 106 118
77 106 313
77 106 118
77 106 118
78 106 303
78 106 118
78 106 118
78 106 118
78 107 290
78 107 118
79 107 277
79 107 118
79 107 118
79 108 262
79 108 118
80 108 245
80 108 118
81 108 229
81 108 118
81 109 211
82 109 193
82 110 175
83 110 157
83 111 139
84 111 121
84 112 105
85 112 89
85 112 118
86 113 61
86 113 118
86 114 49
86 114 118
87 114 37
87 114 118
87 115 27
87 115 118
88 115 19
88 115 118
88 116 15
88 116 118
88 117 15
88 117 118
89 117 15
89 117 118
89 118 15
89 118 118
89 119 15
89 119 118
90 119 15
90 119 118
90 120 15
90 120 118
91 120 15
91 120 118
92 120 15
92 120 118
93 120 15
93 120 118
94 120 15
94 120 118
94 121 15
94 121 118
94 122 15
94 122 118
95 122 15
95 122 118
95 123 15
95 123 118
96 123 15
96 123 118
96 124 15
96 124 118
97 124 15
97 124 118
97 125 15
97 125 118
98 125 15
98 126 16
99 126 15
100 126 15
100 127 15
101 127 15
102 127 15
103 127 15
104 127 15
105 127 15
106 127 15
107 127 15
108 127 15
109 127 15
110 127 15
111 127 15
112 127 15
113 127 15
114 127 15
115 127 15
115 126 15
116 126 15
116 125 15
117 125 15
118 125 15
119 125 15
120 125 15
120 124 15
121 124 15
122 124 15
122 123 15
123 123 15
124 123 15
124 122 15
125 122 15
125 121 15
125 120 15
125 119 15
126 119 15
126 118 15
127 118 15
128 118 15
129 118 15
130 118 15
130 117 15
131 117 15
131 116 15
131 115 15
131 114 15
131 113 15
131 112 15
131 111 31
131 110 51
132 109 51
133 109 32
134 109 16
135 109 15
136 109 15
136 108 15
137 108 15
138 108 15
139 108 15
139 107 15
139 106 15
139 105 15
140 105 20
140 104 28
140 103 39
140 102 52
140 101 68
140 100 85
140 99 103
140 98 121
140 97 139
140 96 156
140 95 171
140 94 184
140 93 194
140 92 201
140 91 204
140 89 200
140 88 193
140 87 183
140 86 170
140 85 156
140 84 140
140 83 124
140 82 108
140 81 93
140 80 80
140 79 69
141 79 57
141 78 47
142 78 39
142 77 30
142 76 25
143 76 19
143 75 15
144 75 15
144 74 15
144 73 15
144 72 15
144 71 21
144 70 30
144 69 41
144 68 53
144 68 118
144 67 65
144 67 118
144 66 76
144 66 118
144 65 87
144 65 118
144 64 96
144 64 118
144 63 103
144 63 118
144 62 108
144 62 118
144 61 112
144 60 114
144 59 114
143 59 113
143 58 110
143 57 107
142 57 104
142 56 98
142 55 95
141 55 90
141 54 86
140 54 82
140 53 80
139 53 77
138 53 76
138 52 76
137 52 75
115 10 39
114 10 15
114 11 15
114 12 15
113 12 15
113 13 15
113 14 15
113 15 15
113 16 15
112 16 15
112 17 15
112 18 15
112 19 15
112 20 15
112 21 15
112 22 15
112 23 15
112 24 18
112 25 23
112 26 28
112 27 32
112 28 36
112 29 40
112 30 45
112 31 49
112 32 53
112 32 118
112 33 57
112 33 118
112 34 61
112 34 118
112 34 118
113 34 63
113 34 118
113 35 65
113 35 118
113 35 118
113 36 66
113 36 118
113 36 118
113 37 67
113 37 118
113 37 118
113 38 68
113 38 118
113 38 118
114 38 69
114 38 118
115 39 72
115 39 118
115 40 66
115 40 118
115 41 61
115 42 55
115 43 49
115 44 45
115 45 41
116 45 36
116 46 31
116 47 28
117 47 24
117 48 22
118 48 20
118 49 19
119 49 20
119 50 21
120 50 24
120 51 29
121 51 32
122 51 38
123 51 46
124 51 54
125 51 61
126 51 69
127 51 75
128 51 80
129 51 84
130 51 86
130 51 118
131 51 87
131 51 118
132 51 86
133 51 85
134 51 83
135 51 81
136 51 80
52 77 57
52 78 39
52 79 24
52 80 15
52 81 15
52 82 15
52 83 15
52 84 15
52 84 118
52 85 15
52 85 118
52 86 15
52 86 118
52 87 15
52 87 118
52 88 16
52 88 118
52 89 26
52 89 118
51 89 49
49 89 99
49 89 118
48 89 124
48 89 118
47 89 148
47 89 118
47 89 118
46 89 169
46 89 118
46 89 118
46 89 118
45 89 189
45 89 118
45 89 118
45 89 118
45 89 118
44 89 205
44 89 118
44 89 118
44 89 118
44 89 118
44 89 118
44 89 118
44 89 118
43 89 217
43 89 118
43 89 118
43 89 118
43 89 118
43 89 118
43 89 118
43 89 118
43 89 118
43 89 118
42 89 225
42 89 118
42 89 118
42 89 118
42 89 118
42 89 118
42 89 118
42 89 118
42 89 118
42 89 118
42 89 118
42 89 118
41 89 230
41 89 118
41 89 118
41 89 118
41 89 118
41 89 118
41 89 118
41 89 118
41 89 118
41 89 118
41 89 118
41 89 118
41 89 118
41 89 118
40 89 229
40 89 118
40 89 118
40 89 118
40 89 118
40 89 118
40 89 118
40 89 118
40 89 118
40 89 118
40 89 118
40 89 118
40 89 118
40 89 118
40 89 118
40 89 118
39 89 225
39 89 118
39 89 118
39 89 118
39 89 118
39 89 118
39 89 118
39 89 118
39 89 118
39 89 118
39 89 118
39 89 118
39 89 118
39 89 118
39 89 118
39 89 118
38 89 216
38 89 118
38 89 118
38 89 118
38 89 118
38 89 118
38 89 118
38 89 118
38 89 118
38 89 118
38 89 118
38 89 118
38 89 118
38 89 118
38 89 118
38 89 118
37 89 203
37 89 118
37 89 118
37 89 118
37 89 118
37 89 118
37 89 118
37 89 118
37 89 118
37 89 118
37 89 118
37 89 118
37 89 118
37 89 118
37 89 118
36 89 187
36 89 118
36 89 118
36 89 118
36 89 118
36 89 118
36 89 118
36 89 118
36 89 118
36 89 118
36 89 118
36 89 118
36 89 118
35 89 168
35 89 118
35 89 118
35 89 118
35 89 118
35 89 118
35 89 118
35 89 118
35 89 118
35 89 118
35 89 118
34 89 147
34 89 118
34 89 118
34 89 118
34 89 118
34 89 118
34 89 118
34 89 118
34 89 118
33 89 125
33 89 118
33 89 118
33 89 118
33 89 118
33 89 118
33 89 118
32 89 101
32 89 118
32 89 118
32 89 118
32 89 118
31 89 77
31 89 118
31 89 118
30 89 54
30 89 118
30 89 118
29 89 31
29 89 118
28 89 15
28 89 118
27 89 15
27 89 118
27 90 15
27 90 118
26 90 15
26 90 118
26 91 15
26 92 15
26 93 15
26 94 15
25 94 15
24 94 15
23 94 15
23 95 15
22 95 15
21 95 15
20 95 15
19 95 15
18 95 15
17 95 15
16 95 15
15 95 15
14 95 15
13 95 15
12 95 15
11 95 15
11 96 15
10 96 15
10 97 15
10 98 19
10 99 33
10 100 52
