134 35 42
192 198 42
30 162 42
30 162 32
30 162 32
30 162 32
30 162 32
30 162 32
30 162 32
30 162 32
30 162 32
30 162 32
30 162 32
30 162 32
21 89 42
90 140 42
128 179 42
168 127 42
181 192 42
181 192 32
181 192 32
181 192 32
181 192 32
32 95 42
21 102 42
21 102 32
21 102 32
21 102 32
21 102 32
123 28 42
123 28 32
123 28 32
123 28 32
123 28 32
123 28 32
123 28 32
123 28 32
193 185 42
193 185 32
193 185 32
193 185 32
193 185 32
193 185 32
193 185 32
193 185 32
193 185 32
135 22 42
135 22 32
135 22 32
135 22 32
135 22 32
139 185 42
128 192 42
128 192 32
33 82 42
30 175 42
30 175 32
30 175 32
30 175 32
30 175 32
30 175 32
30 175 32
30 175 32
30 175 32
30 175 32
30 175 32
30 175 32
30 175 32
30 175 32
30 175 32
30 175 32
30 175 32
30 175 32
30 175 32
30 175 32
30 175 32
30 175 32
30 175 32
30 175 32
30 175 32
30 175 32
30 175 32
30 175 32
41 155 42
41 155 32
41 155 32
41 155 32
41 155 32
41 155 32
41 155 32
41 155 32
30 148 42
42 141 42
42 141 32
30 135 42
147 28 42
147 41 42
22 75 42
32 109 42
31 122 42
31 122 32
31 122 32
183 179 42
183 179 32
183 179 32
183 179 32
183 179 32
183 179 32
183 179 32
183 179 32
183 179 32
183 179 32
183 179 32
183 179 32
183 179 32
183 179 32
183 179 32
183 179 32
183 179 32
183 179 32
183 179 32
183 179 32
183 179 32
183 179 32
183 179 32
170 199 42
170 199 32
170 199 32
170 199 32
170 199 32
170 199 32
170 199 32
170 199 32
170 199 32
170 199 32
170 199 32
170 199 32
170 199 32
170 199 32
170 199 32
170 199 32
170 199 32
179 133 42
180 120 42
180 120 32
180 120 32
180 120 32
180 120 32
159 35 42
159 35 32
159 35 32
159 35 32
159 35 32
159 35 32
159 35 32
171 187 42
171 187 32
171 187 32
171 187 32
171 187 32
171 187 32
171 187 32
171 187 32
171 187 32
171 187 32
171 187 32
171 187 32
171 187 32
171 187 32
171 187 32
171 187 32
171 187 32
171 187 32
171 187 32
171 187 32
171 187 32
171 187 32
171 187 32
171 187 32
171 187 32
171 187 32
171 187 32
139 198 42
160 48 42
160 48 32
160 48 32
160 48 32
160 48 32
160 48 32
160 48 32
160 48 32
160 48 32
160 48 32
160 48 32
160 48 32
160 48 32
160 48 32
160 48 32
160 48 32
160 48 32
160 48 32
160 48 32
160 48 32
160 48 32
160 48 32
160 48 32
135 48 42
135 48 32
123 42 42
123 42 32
123 42 32
123 42 32
123 42 32
123 42 32
123 42 32
123 42 32
123 42 32
123 42 32
123 42 32
123 42 32
123 42 32
123 42 32
123 42 32
160 195 42
160 195 32
160 195 32
160 195 32
160 195 32
160 195 32
160 195 32
160 195 32
160 195 32
160 195 32
160 195 32
160 195 32
160 195 32
160 195 32
160 195 32
160 195 32
160 195 32
160 195 32
160 195 32
160 195 32
160 195 32
160 195 32
160 195 32
160 195 32
160 195 32
160 195 32
160 195 32
160 195 32
160 195 32
127 199 42
127 199 32
127 199 32
127 199 32
127 199 32
127 199 32
127 199 32
127 199 32
127 199 32
127 199 32
127 199 32
195 172 42
195 172 32
195 172 32
195 172 32
195 172 32
195 172 32
195 172 32
195 172 32
195 172 32
195 172 32
195 172 32
195 172 32
195 172 32
195 172 32
195 172 32
195 172 32
195 172 32
195 172 32
195 172 32
195 172 32
195 172 32
195 172 32
195 172 32
195 172 32
195 172 32
195 172 32
195 172 32
195 172 32
195 172 32
195 172 32
195 172 32
195 172 32
195 172 32
195 172 32
195 172 32
159 21 42
159 21 32
159 21 32
159 21 32
159 21 32
159 21 32
159 21 32
159 21 32
159 21 32
159 21 32
159 21 32
159 21 32
159 21 32
159 21 32
159 21 32
159 21 32
159 21 32
159 21 32
159 21 32
159 21 32
159 21 32
42 128 42
42 128 32
42 128 32
42 128 32
42 128 32
42 128 32
42 128 32
42 128 32
42 128 32
42 128 32
42 128 32
42 128 32
136 61 42
136 61 32
136 61 32
136 61 32
136 61 32
136 61 32
136 61 32
136 61 32
136 61 32
136 61 32
136 61 32
136 61 32
136 61 32
136 61 32
136 61 32
136 61 32
183 179 32
183 179 32
183 179 32
183 179 32
183 179 32
183 179 32
183 179 32
183 179 32
183 179 32
183 179 32
183 179 32
183 179 32
183 179 32
183 179 32
183 179 32
183 179 32
183 179 32
183 179 32
183 179 32
183 179 32
183 179 32
183 179 32
183 179 32
183 179 32
183 179 32
183 179 32
183 179 32
183 179 32
183 179 32
183 179 32
183 179 32
183 179 32
183 179 32
183 179 32
183 179 32
183 179 32
183 179 32
183 179 32
183 179 32
183 179 32
183 179 32
183 179 32
183 179 32
183 179 32
183 179 32
183 179 32
183 179 32
183 179 32
183 179 32
183 179 32
78 147 42
78 133 42
123 15 42
123 15 32
123 15 32
123 15 32
123 15 32
123 15 32
123 15 32
123 15 32
123 15 32
123 15 32
123 15 32
123 15 32
123 15 32
123 15 32
123 15 32
123 15 32
123 15 32
123 15 32
123 15 32
123 15 32
123 15 32
123 15 32
65 140 42
65 140 32
65 140 32
53 147 42
53 147 32
53 147 32
53 147 32
53 147 32
171 187 32
171 187 32
171 187 32
171 187 32
171 187 32
171 187 32
171 187 32
171 187 32
171 187 32
171 187 32
171 187 32
171 187 32
171 187 32
171 187 32
171 187 32
171 187 32
171 187 32
171 187 32
148 54 42
148 54 32
148 54 32
148 54 32
148 54 32
148 54 32
148 54 32
148 54 32
148 54 32
148 54 32
160 195 32
160 195 32
160 195 32
160 195 32
160 195 32
160 195 32
160 195 32
160 195 32
160 195 32
160 195 32
160 195 32
160 195 32
160 195 32
160 195 32
160 195 32
160 195 32
160 195 32
160 195 32
160 195 32
160 195 32
160 195 32
160 195 32
160 195 32
160 195 32
149 199 42
149 199 32
149 199 32
149 199 32
147 15 42
147 15 32
147 15 32
147 15 32
147 15 32
147 15 32
147 15 32
147 15 32
135 8 42
135 8 32
135 8 32
135 8 32
135 8 32
135 8 32
135 8 32
135 8 32
135 8 32
148 1 42
148 1 32
111 35 42
111 35 32
111 35 32
111 35 32
111 35 32
111 35 32
111 35 32
111 35 32
111 35 32
111 35 32
111 35 32
111 35 32
111 35 32
111 35 32
111 35 32
111 35 32
111 35 32
111 35 32
111 35 32
111 35 32
111 35 32
111 35 32
111 35 32
111 35 32
111 35 32
111 35 32
111 35 32
111 35 32
111 35 32
111 35 32
149 67 42
149 67 32
149 67 32
149 67 32
151 80 42
163 74 42
163 74 32
163 74 32
163 74 32
163 74 32
163 74 32
163 74 32
165 87 42
165 87 32
165 87 32
165 87 32
165 87 32
165 87 32
165 87 32
153 93 42
155 107 42
168 113 42
168 113 32
168 113 32
128 180 15
128 181 15
128 182 15
128 183 15
128 184 15
128 184 29
129 184 15
129 185 15
130 185 15
130 186 15
130 187 15
130 187 29
130 188 15
130 188 29
130 189 15
130 189 29
130 190 15
130 190 29
131 190 15
131 190 29
132 190 15
132 190 29
133 190 15
133 190 29
134 190 15
134 190 29
135 190 15
135 190 29
136 190 15
137 190 15
138 190 15
138 191 21
138 192 30
139 192 35
139 193 36
139 194 35
140 194 31
140 195 21
140 196 15
140 196 29
140 197 15
140 197 29
140 198 15
140 198 29
141 198 15
141 198 29
142 198 15
142 198 29
143 198 15
143 198 29
144 198 15
144 198 29
144 199 15
144 199 29
145 199 15
145 199 29
146 199 15
146 199 29
146 199 29
147 199 15
147 199 29
147 199 29
148 199 40
148 199 29
148 199 29
150 199 223
151 199 334
152 199 454
153 199 579
154 199 704
155 199 826
156 199 940
157 199 1042
158 199 1128
159 199 1194
160 199 1238
161 199 1259
162 199 1256
163 199 1229
164 199 1178
165 199 1106
166 199 1016
167 199 910
168 199 793
169 199 668
171 199 411
171 199 29
171 199 29
171 199 29
172 199 286
172 199 29
172 199 29
172 199 29
172 199 29
173 199 169
173 199 29
173 199 29
173 199 29
173 199 29
173 199 29
174 199 62
174 199 29
174 199 29
174 199 29
174 199 29
174 199 29
175 199 15
175 199 29
175 199 29
175 199 29
175 199 29
176 199 15
176 199 29
176 199 29
176 199 29
176 198 15
176 198 29
176 198 29
176 198 29
177 198 15
177 198 29
177 198 29
178 198 15
178 198 29
178 198 29
179 198 15
179 198 29
180 198 15
180 198 29
181 198 15
181 198 29
182 198 15
182 198 29
183 198 15
183 198 29
184 198 15
184 198 29
185 198 15
185 198 29
186 198 15
186 198 29
187 198 15
187 198 29
188 198 15
189 198 15
190 198 15
191 198 15
168 126 15
168 125 15
168 124 15
168 123 15
168 122 15
168 121 15
168 121 29
168 120 15
168 120 29
168 119 15
168 119 29
167 119 24
167 119 29
167 118 30
167 118 29
167 117 37
167 117 29
167 117 29
166 117 41
166 117 29
166 117 29
166 116 45
166 116 29
166 116 29
165 116 48
165 116 29
165 116 29
165 115 49
165 115 29
165 115 29
165 115 29
165 114 51
165 114 29
165 114 29
165 114 29
164 114 49
164 114 29
164 114 29
164 114 29
164 113 48
164 113 29
164 113 29
164 113 29
164 113 29
163 113 45
163 113 29
163 113 29
163 113 29
163 113 29
163 112 41
163 112 29
163 112 29
163 112 29
163 112 29
163 111 38
163 111 29
163 111 29
163 111 29
163 111 29
162 111 32
162 111 29
162 111 29
162 111 29
162 111 29
162 110 27
162 110 29
162 110 29
162 110 29
162 110 29
161 110 21
161 110 29
161 110 29
161 110 29
161 110 29
161 109 15
161 109 29
161 109 29
161 109 29
161 109 29
161 108 15
161 108 29
161 108 29
161 108 29
161 108 29
160 108 15
160 108 29
160 108 29
160 108 29
159 108 15
159 108 29
159 108 29
159 107 15
159 107 29
159 107 29
158 107 15
158 107 29
158 107 29
157 107 15
157 107 29
157 107 29
156 107 15
156 107 29
156 107 29
155 106 15
155 106 29
155 105 15
155 105 29
155 104 15
155 104 29
155 104 29
155 103 15
155 103 29
155 103 29
155 102 15
155 102 29
155 102 29
155 101 15
155 101 29
155 101 29
155 100 15
155 100 29
155 100 29
155 100 29
155 99 15
155 99 29
155 99 29
155 99 29
155 98 15
155 98 29
155 98 29
155 98 29
155 97 15
155 97 29
155 97 29
155 97 29
155 96 15
155 96 29
155 96 29
155 95 15
155 95 29
155 95 29
155 94 15
155 94 29
155 93 15
155 93 29
155 92 15
155 92 29
155 91 15
155 91 29
155 90 15
155 90 29
155 89 15
155 89 29
155 88 15
155 88 29
155 87 15
155 87 29
154 87 15
154 87 29
154 86 15
154 86 29
154 85 15
154 85 29
154 84 15
154 84 29
154 84 29
154 83 15
154 83 29
154 83 29
153 83 15
153 83 29
153 83 29
153 82 15
153 82 29
153 82 29
153 81 15
153 81 29
153 81 29
153 80 15
153 80 29
153 80 29
153 80 29
152 80 15
152 80 29
152 80 29
151 79 18
151 79 29
151 79 29
151 78 15
151 78 29
151 78 29
151 77 15
151 77 29
151 77 29
151 77 29
151 76 15
151 76 29
151 76 29
151 76 29
151 75 15
151 75 29
151 75 29
151 75 29
151 75 29
151 74 15
151 74 29
151 74 29
151 74 29
151 74 29
151 74 29
151 73 15
151 73 29
151 73 29
151 73 29
151 73 29
151 73 29
151 72 15
151 72 29
151 72 29
151 72 29
151 72 29
151 72 29
151 71 25
151 71 29
151 71 29
151 71 29
151 71 29
151 71 29
151 70 41
151 70 29
151 70 29
151 70 29
151 70 29
151 70 29
150 70 56
150 70 29
150 70 29
150 70 29
150 70 29
150 69 71
150 69 29
150 69 29
150 69 29
150 68 90
150 68 29
150 68 29
149 68 105
149 68 29
148 67 141
148 66 156
148 65 173
147 65 188
147 64 201
147 63 214
146 63 225
146 62 233
146 61 240
146 61 29
145 61 246
145 60 246
145 60 29
145 59 246
145 59 29
145 58 244
145 58 29
144 58 238
144 57 230
144 56 220
144 55 208
143 55 194
143 54 178
143 53 161
143 52 143
143 51 126
142 51 107
142 50 88
142 49 69
142 48 52
142 47 36
142 47 29
142 46 21
142 46 29
142 45 15
142 45 29
141 45 15
141 45 29
141 44 15
141 44 29
140 44 15
140 44 29
139 44 15
139 44 29
139 44 29
139 43 15
139 43 29
138 43 15
138 43 29
138 43 29
137 43 15
137 43 29
137 43 29
137 42 15
137 42 29
137 42 29
137 41 15
137 41 29
136 41 15
136 41 29
136 40 15
136 40 29
136 39 15
136 39 29
136 38 15
136 38 29
136 37 15
136 37 29
136 36 15
136 36 29
136 35 15
136 35 29
135 35 15
135 35 29
89 140 15
89 141 15
89 142 15
88 142 15
88 143 15
88 143 29
87 143 15
87 143 29
86 143 15
86 143 29
85 143 15
85 143 29
84 143 15
84 143 29
83 143 15
83 143 29
82 143 15
81 143 15
80 143 15
80 144 15
79 144 15
78 144 15
77 144 15
76 144 15
75 144 15
74 144 15
73 144 15
73 144 29
72 144 15
72 144 29
71 144 15
71 144 29
70 144 16
70 144 29
69 144 31
68 144 45
67 144 58
66 144 70
65 144 81
64 144 91
63 144 100
62 144 108
61 144 115
60 144 121
59 144 126
58 144 130
58 144 29
57 144 133
57 144 29
57 144 29
57 144 29
56 144 135
56 144 29
56 144 29
56 144 29
56 144 29
55 144 136
55 144 29
55 144 29
55 144 29
55 144 29
55 144 29
54 144 136
54 144 29
54 144 29
54 144 29
54 144 29
54 144 29
53 144 134
53 144 29
53 144 29
53 144 29
53 144 29
53 144 29
52 144 132
52 144 29
52 144 29
52 144 29
52 144 29
51 144 128
51 144 29
51 144 29
51 144 29
50 144 123
50 144 29
50 144 29
49 144 117
49 144 29
48 144 109
48 144 29
47 144 101
47 144 29
46 144 90
46 144 29
45 144 79
45 144 29
44 144 66
44 144 29
43 144 53
43 144 29
42 144 40
42 144 29
41 144 26
41 144 29
40 144 15
40 144 29
39 144 15
39 144 29
39 145 15
39 145 29
39 146 15
39 146 29
38 146 15
38 146 29
38 147 15
38 147 29
37 147 15
37 147 29
36 147 15
36 147 29
36 148 15
36 148 29
35 148 15
35 148 29
34 148 15
34 148 29
33 148 15
33 148 29
32 148 15
32 148 29
31 148 15
31 148 29
30 149 37
30 150 51
30 151 66
30 152 83
30 153 102
30 154 123
30 155 147
30 156 172
30 157 201
30 158 231
30 159 264
30 160 300
30 161 338
31 147 15
31 147 29
31 146 15
31 146 29
31 145 15
31 145 29
31 144 15
31 144 29
31 143 15
31 143 29
31 142 15
31 142 29
31 141 15
31 141 29
31 140 15
31 140 29
31 139 15
31 139 29
31 138 15
31 138 29
31 137 15
31 137 29
31 136 15
31 136 29
31 135 17
31 135 29
31 134 26
31 134 29
31 133 36
31 133 29
31 132 45
31 132 29
31 131 54
31 131 29
31 130 63
31 130 29
31 129 71
31 129 29
31 128 78
31 128 29
31 127 84
31 127 29
31 126 88
31 125 91
31 124 93
31 123 92
31 121 87
31 121 29
31 120 83
31 120 29
31 120 29
31 119 77
31 119 29
31 119 29
31 118 70
31 118 29
31 118 29
31 117 63
31 117 29
31 116 55
31 116 29
31 115 47
31 115 29
31 114 39
31 114 29
30 114 31
30 114 29
30 114 29
30 113 23
30 113 29
30 113 29
30 112 15
30 112 29
30 112 29
30 111 15
30 111 29
30 111 29
30 110 15
30 110 29
30 110 29
30 109 15
30 109 29
30 109 29
30 108 15
30 108 29
30 108 29
30 107 15
30 107 29
30 107 29
30 106 15
30 106 29
30 106 29
30 105 15
30 105 29
30 105 29
30 104 15
30 104 29
30 104 29
30 103 15
30 103 29
29 103 15
29 103 29
29 103 29
29 102 15
29 102 29
29 101 15
29 101 29
29 100 15
29 100 29
29 99 15
29 99 29
29 98 15
28 98 15
28 98 29
27 98 15
27 98 29
27 97 15
27 96 15
27 95 15
26 95 15
25 95 15
25 95 29
24 95 15
24 95 29
24 94 15
24 94 29
24 93 15
24 93 29
24 92 15
24 92 29
24 91 15
24 90 15
23 90 15
23 90 29
23 89 15
22 89 15
22 89 29
