29 177 26
25 32 26
25 32 16
25 32 16
133 63 26
29 164 26
29 164 16
29 164 16
29 164 16
29 164 16
29 164 16
29 164 16
29 164 16
29 164 16
29 164 16
29 164 16
133 50 26
121 57 26
121 57 16
25 19 26
25 19 16
25 19 16
25 19 16
40 170 26
40 170 16
40 170 16
13 26 26
13 26 16
13 26 16
13 26 16
13 26 16
13 26 16
13 26 16
13 26 16
13 26 16
13 26 16
13 26 16
13 26 16
13 26 16
13 26 16
13 26 16
13 26 16
13 26 16
13 26 16
13 26 16
13 26 16
13 26 16
13 26 16
13 26 16
13 26 16
13 26 16
13 26 16
13 26 16
13 26 16
13 26 16
13 26 16
13 26 16
13 26 16
13 26 16
13 26 16
37 25 26
37 25 16
37 25 16
37 25 16
37 25 16
37 25 16
37 25 16
37 25 16
37 25 16
37 25 16
37 25 16
37 25 16
37 25 16
40 184 26
121 44 26
121 44 16
36 12 26
36 12 16
36 12 16
36 12 16
36 12 16
36 12 16
36 12 16
36 12 16
36 12 16
36 12 16
28 190 26
28 190 16
28 190 16
28 190 16
28 190 16
28 190 16
28 190 16
28 190 16
28 190 16
28 190 16
28 190 16
28 190 16
28 190 16
28 190 16
28 190 16
28 190 16
28 190 16
28 190 16
28 190 16
28 190 16
28 190 16
28 190 16
28 190 16
28 190 16
28 190 16
28 190 16
28 190 16
28 190 16
28 190 16
28 190 16
28 190 16
28 190 16
28 190 16
28 190 16
28 190 16
28 190 16
28 190 16
28 190 16
28 190 16
52 177 26
52 177 16
52 177 16
52 177 16
52 177 16
52 177 16
52 177 16
52 177 16
52 177 16
52 177 16
52 177 16
52 177 16
52 177 16
52 177 16
52 177 16
52 177 16
52 177 16
52 177 16
52 177 16
52 177 16
52 177 16
52 177 16
52 177 16
52 177 16
52 177 16
52 177 16
52 177 16
52 177 16
52 177 16
52 177 16
52 177 16
52 177 16
52 177 16
52 177 16
52 177 16
52 177 16
52 177 16
52 177 16
52 177 16
52 177 16
132 37 26
132 37 16
132 37 16
132 37 16
132 37 16
132 37 16
132 37 16
132 37 16
132 37 16
132 37 16
132 37 16
132 37 16
132 37 16
132 37 16
132 37 16
132 37 16
132 37 16
132 37 16
132 37 16
132 37 16
132 37 16
132 37 16
132 37 16
132 37 16
132 37 16
132 37 16
132 37 16
132 37 16
132 37 16
132 37 16
132 37 16
132 37 16
132 37 16
132 37 16
132 37 16
132 37 16
132 37 16
132 37 16
132 37 16
132 37 16
145 57 26
145 57 16
145 57 16
145 57 16
145 57 16
145 57 16
25 6 26
25 6 16
25 6 16
25 6 16
25 6 16
25 6 16
25 6 16
25 6 16
25 6 16
25 6 16
25 6 16
25 6 16
25 6 16
25 6 16
25 6 16
25 6 16
25 6 16
25 6 16
25 6 16
25 6 16
25 6 16
25 6 16
25 6 16
25 6 16
25 6 16
25 6 16
25 6 16
25 6 16
25 6 16
25 6 16
25 6 16
25 6 16
25 6 16
25 6 16
25 6 16
25 6 16
25 6 16
25 6 16
25 6 16
109 50 26
109 50 16
109 50 16
109 50 16
109 50 16
109 50 16
109 50 16
109 50 16
109 50 16
109 50 16
109 50 16
109 50 16
109 50 16
109 50 16
109 50 16
109 50 16
109 50 16
109 50 16
109 50 16
109 50 16
109 50 16
109 50 16
109 50 16
109 50 16
109 50 16
109 50 16
109 50 16
109 50 16
109 50 16
109 50 16
109 50 16
109 50 16
109 50 16
109 50 16
109 50 16
144 70 26
144 70 16
144 70 16
144 70 16
144 70 16
144 70 16
144 70 16
144 70 16
144 70 16
144 70 16
144 70 16
144 70 16
144 70 16
144 70 16
25 45 26
25 45 16
25 45 16
25 45 16
25 45 16
37 39 26
37 39 16
37 39 16
37 39 16
40 157 26
40 157 16
40 157 16
40 157 16
40 157 16
40 157 16
40 157 16
40 157 16
40 157 16
40 157 16
40 157 16
40 157 16
40 157 16
40 157 16
40 157 16
40 157 16
40 157 16
40 157 16
40 157 16
40 157 16
40 157 16
40 157 16
40 157 16
40 157 16
40 157 16
40 157 16
40 157 16
37 52 26
37 52 16
37 52 16
37 52 16
37 52 16
37 52 16
37 52 16
37 52 16
37 52 16
17 171 26
17 171 16
17 171 16
17 171 16
17 171 16
17 171 16
17 171 16
17 171 16
17 171 16
17 171 16
17 171 16
17 171 16
17 171 16
17 171 16
17 171 16
17 171 16
17 171 16
17 171 16
17 171 16
17 171 16
17 171 16
17 171 16
17 171 16
17 171 16
17 171 16
17 171 16
17 171 16
17 171 16
156 63 26
156 63 16
156 63 16
156 63 16
156 63 16
156 63 16
156 63 16
156 63 16
156 63 16
156 63 16
156 63 16
48 45 26
48 45 16
48 45 16
48 45 16
48 45 16
48 45 16
48 45 16
48 45 16
48 45 16
48 45 16
48 45 16
48 45 16
48 45 16
48 45 16
48 45 16
48 45 16
48 45 16
48 45 16
48 45 16
48 45 16
48 45 16
48 45 16
48 45 16
48 45 16
51 191 26
51 191 16
40 197 26
40 197 16
40 197 16
40 197 16
40 197 16
40 197 16
40 197 16
40 197 16
40 197 16
40 197 16
40 197 16
40 197 16
40 197 16
40 197 16
40 197 16
40 197 16
40 197 16
40 197 16
40 197 16
40 197 16
40 197 16
40 197 16
40 197 16
40 197 16
40 197 16
40 197 16
40 197 16
40 197 16
40 197 16
40 197 16
62 198 26
62 198 16
62 198 16
62 198 16
62 198 16
62 198 16
62 198 16
62 198 16
62 198 16
62 198 16
62 198 16
62 198 16
62 198 16
62 198 16
62 198 16
62 198 16
62 198 16
62 198 16
62 198 16
62 198 16
62 198 16
62 198 16
62 198 16
62 198 16
62 198 16
62 198 16
62 198 16
62 198 16
62 198 16
62 198 16
62 198 16
62 198 16
62 198 16
62 198 16
62 198 16
62 198 16
62 198 16
62 198 16
156 50 26
156 50 16
156 50 16
156 50 16
156 50 16
156 50 16
156 50 16
156 50 16
156 50 16
156 50 16
156 50 16
156 50 16
156 50 16
156 50 16
156 50 16
156 50 16
156 50 16
156 50 16
167 57 26
167 57 16
167 57 16
167 57 16
167 57 16
167 57 16
167 57 16
167 57 16
167 57 16
167 57 16
167 57 16
25 59 26
25 72 26
25 72 16
25 72 16
25 72 16
25 72 16
36 65 26
36 65 16
36 65 16
36 65 16
36 65 16
36 65 16
36 65 16
36 65 16
36 65 16
36 65 16
36 65 16
36 65 16
36 65 16
36 65 16
36 65 16
36 65 16
36 65 16
36 65 16
36 65 16
36 65 16
36 65 16
36 65 16
36 65 16
36 65 16
36 65 16
36 65 16
36 65 16
13 66 26
17 184 26
17 184 16
17 184 16
17 184 16
17 184 16
17 184 16
17 184 16
17 184 16
17 184 16
17 184 16
17 184 16
17 184 16
17 184 16
17 184 16
17 184 16
17 184 16
17 184 16
17 184 16
17 184 16
17 184 16
17 184 16
17 184 16
17 184 16
17 184 16
17 184 16
17 184 16
17 184 16
17 184 16
17 184 16
17 184 16
17 184 16
17 184 16
17 184 16
17 184 16
17 184 16
17 184 16
17 184 16
17 184 16
17 184 16
17 184 16
17 184 16
17 184 16
17 184 16
17 184 16
17 184 16
17 184 16
17 184 16
17 184 16
17 184 16
17 184 16
17 184 16
17 184 16
16 158 26
16 158 16
16 158 16
16 158 16
16 158 16
16 158 16
16 158 16
15 145 26
3 151 26
3 151 16
3 151 16
3 151 16
3 151 16
3 151 16
3 151 16
3 151 16
167 44 26
167 44 16
167 44 16
167 44 16
167 44 16
167 44 16
178 51 26
178 51 16
178 51 16
178 38 26
178 38 16
178 38 16
178 38 16
178 38 16
178 38 16
178 38 16
178 38 16
178 38 16
178 38 16
178 38 16
178 38 16
178 38 16
178 38 16
178 38 16
178 38 16
178 38 16
178 38 16
178 38 16
178 38 16
178 38 16
178 38 16
178 38 16
178 38 16
178 38 16
178 38 16
178 38 16
178 38 16
3 138 26
3 138 16
3 138 16
3 138 16
3 138 16
3 138 16
13 79 26
13 79 16
13 79 16
13 79 16
13 79 16
13 79 16
13 79 16
13 79 16
13 79 16
13 79 16
13 79 16
13 79 16
13 79 16
13 79 16
13 79 16
13 79 16
13 79 16
13 79 16
13 79 16
13 79 16
13 79 16
13 79 16
13 79 16
13 79 16
13 79 16
13 79 16
13 79 16
13 79 16
13 79 16
13 79 16
13 79 16
13 79 16
13 79 16
13 52 26
14 132 26
2 125 26
14 119 26
1 59 26
1 46 26
189 58 26
189 58 16
189 58 16
189 58 16
189 58 16
189 58 16
178 65 26
178 65 16
178 65 16
178 65 16
178 65 16
178 65 16
178 65 16
178 65 16
178 65 16
178 65 16
178 65 16
178 65 16
178 65 16
178 65 16
178 65 16
178 65 16
178 65 16
178 65 16
178 65 16
178 65 16
178 65 16
178 65 16
178 65 16
178 65 16
178 65 16
178 65 16
178 65 16
178 65 16
178 65 16
178 65 16
178 65 16
178 65 16
178 65 16
199 52 26
189 45 26
189 45 16
189 45 16
189 45 16
1 112 26
13 39 26
13 39 16
13 39 16
13 39 16
13 39 16
13 39 16
13 39 16
13 39 16
13 39 16
13 39 16
13 39 16
13 39 16
13 39 16
13 39 16
13 39 16
13 39 16
13 39 16
13 39 16
13 39 16
13 39 16
13 39 16
13 39 16
13 39 16
13 39 16
13 39 16
13 39 16
199 39 26
13 106 26
24 86 26
24 86 16
24 86 16
24 86 16
24 86 16
24 86 16
24 86 16
24 86 16
24 86 16
24 86 16
24 86 16
24 86 16
24 86 16
24 86 16
24 86 16
24 86 16
24 86 16
24 86 16
24 86 16
24 86 16
24 86 16
24 86 16
24 86 16
24 86 16
24 86 16
24 86 16
24 86 16
24 86 16
24 86 16
24 86 16
24 86 16
24 86 16
24 86 16
24 86 16
24 86 16
24 86 16
24 86 16
24 86 16
24 86 16
24 86 16
24 86 16
24 86 16
24 86 16
24 86 16
24 86 16
1 99 26
1 99 16
48 6 26
48 6 16
48 6 16
48 6 16
48 6 16
48 6 16
48 6 16
48 6 16
48 6 16
48 6 16
48 6 16
48 6 16
48 19 26
48 19 16
48 19 16
48 19 16
48 19 16
48 19 16
48 19 16
48 19 16
48 19 16
48 19 16
48 19 16
48 19 16
48 19 16
48 19 16
48 19 16
48 19 16
48 19 16
48 19 16
48 19 16
48 19 16
48 19 16
48 19 16
48 19 16
48 19 16
48 19 16
48 19 16
48 19 16
48 19 16
48 19 16
48 19 16
48 19 16
48 19 16
48 19 16
48 19 16
48 19 16
48 19 16
48 19 16
48 19 16
48 19 16
59 0 26
59 0 16
59 0 16
59 0 16
59 0 16
59 0 16
59 0 16
199 66 26
199 66 16
199 66 16
199 66 16
199 66 16
199 66 16
199 66 16
199 66 16
199 66 16
199 26 26
199 26 16
189 32 26
189 32 16
189 32 16
189 32 16
189 32 16
189 32 16
189 32 16
189 32 16
189 32 16
189 32 16
189 32 16
4 164 26
4 164 16
4 164 16
4 164 16
4 164 16
4 164 16
4 164 16
4 164 16
4 164 16
4 164 16
4 164 16
4 164 16
4 164 16
4 164 16
4 164 16
4 164 16
4 164 16
4 164 16
4 164 16
4 164 16
4 164 16
4 164 16
4 164 16
4 164 16
4 164 16
4 164 16
4 164 16
4 164 16
4 164 16
4 164 16
4 164 16
4 164 16
4 164 16
4 164 16
4 164 16
4 164 16
4 164 16
60 12 26
71 6 26
71 6 16
71 6 16
71 6 16
71 6 16
72 19 26
72 19 16
72 19 16
72 19 16
72 19 16
72 19 16
72 19 16
72 19 16
72 19 16
72 19 16
72 19 16
72 19 16
72 19 16
72 19 16
72 19 16
72 19 16
72 19 16
72 19 16
72 19 16
72 19 16
72 19 16
72 19 16
72 19 16
72 19 16
72 19 16
72 19 16
72 19 16
72 19 16
72 19 16
72 19 16
72 19 16
72 19 16
72 19 16
72 19 16
72 19 16
72 19 16
72 19 16
72 19 16
28 151 26
28 151 16
28 151 16
28 151 16
28 151 16
28 151 16
28 151 16
28 151 16
27 138 26
27 138 16
27 138 16
27 138 16
27 138 16
27 138 16
27 138 16
27 138 16
27 138 16
27 138 16
27 138 16
27 138 16
27 138 16
27 138 16
27 138 16
27 138 16
27 138 16
27 138 16
27 138 16
27 138 16
27 138 16
27 138 16
188 19 26
188 19 16
188 19 16
188 19 16
188 19 16
199 13 26
199 13 16
199 13 16
199 13 16
199 13 16
199 13 16
199 13 16
199 13 16
199 13 16
199 13 16
199 13 16
199 13 16
199 13 16
199 13 16
199 13 16
199 13 16
199 13 16
199 13 16
199 13 16
199 13 16
199 13 16
199 13 16
199 13 16
199 13 16
199 13 16
199 13 16
199 13 16
199 13 16
199 13 16
199 13 16
199 13 16
199 13 16
199 13 16
199 13 16
199 13 16
36 0 26
36 0 16
36 0 16
36 0 16
36 0 16
36 0 16
36 0 16
36 0 16
36 0 16
36 0 16
36 0 16
36 0 16
36 0 16
36 0 16
36 0 16
36 0 16
36 0 16
36 0 16
36 0 16
36 0 16
36 0 16
36 0 16
36 0 16
36 0 16
36 0 16
36 0 16
36 0 16
36 0 16
36 0 16
36 0 16
36 0 16
36 0 16
36 0 16
36 0 16
36 0 16
36 0 16
36 0 16
36 0 16
36 0 16
36 0 16
36 0 16
36 0 16
36 0 16
36 0 16
36 0 16
36 0 16
36 0 16
177 12 26
176 0 26
188 6 26
188 6 16
188 6 16
188 6 16
188 6 16
188 6 16
13 39 16
13 39 16
13 39 16
13 39 16
13 39 16
13 39 16
13 39 16
13 39 16
13 39 16
13 39 16
13 39 16
13 39 16
13 39 16
13 39 16
13 39 16
13 39 16
13 39 16
13 39 16
13 39 16
13 39 16
13 39 16
13 39 16
13 39 16
13 39 16
13 39 16
13 39 16
13 39 16
13 39 16
13 39 16
13 39 16
13 39 16
13 39 16
13 39 16
13 39 16
13 39 16
13 39 16
13 92 26
13 92 16
13 92 16
13 92 16
48 59 26
48 59 16
48 59 16
48 59 16
48 59 16
48 59 16
48 59 16
48 59 16
48 59 16
48 59 16
48 59 16
48 59 16
48 59 16
48 59 16
48 59 16
48 59 16
48 59 16
48 59 16
48 59 16
48 59 16
48 59 16
48 59 16
48 59 16
48 59 16
48 59 16
48 59 16
48 59 16
48 59 16
48 59 16
48 59 16
48 59 16
48 59 16
48 59 16
48 59 16
48 59 16
48 59 16
48 59 16
48 59 16
48 59 16
48 59 16
48 59 16
48 59 16
48 59 16
48 59 16
48 59 16
48 59 16
48 59 16
13 12 26
13 12 16
13 12 16
13 12 16
13 12 16
13 12 16
13 12 16
13 12 16
13 12 16
13 12 16
13 12 16
13 12 16
13 12 16
13 12 16
13 12 16
13 12 16
13 12 16
13 12 16
13 12 16
13 12 16
13 12 16
13 12 16
13 12 16
13 12 16
13 12 16
13 12 16
13 12 16
13 12 16
13 12 16
13 12 16
13 12 16
13 12 16
13 12 16
13 12 16
13 12 16
13 12 16
13 12 16
13 12 16
13 12 16
13 12 16
13 12 16
13 12 16
13 12 16
13 12 16
13 12 16
13 12 16
13 12 16
13 12 16
26 125 26
26 125 16
26 125 16
26 125 16
26 125 16
26 125 16
25 112 26
37 119 26
37 119 16
165 6 26
165 6 16
165 6 16
165 6 16
165 6 16
165 6 16
165 6 16
165 6 16
165 6 16
165 6 16
165 6 16
165 6 16
165 6 16
36 65 16
36 65 16
36 65 16
36 65 16
36 65 16
36 65 16
36 65 16
36 65 16
36 65 16
36 65 16
36 65 16
36 65 16
36 65 16
36 65 16
36 65 16
36 65 16
36 65 16
36 65 16
36 65 16
36 65 16
36 65 16
36 65 16
36 65 16
36 65 16
36 65 16
36 65 16
36 65 16
36 65 16
36 65 16
36 65 16
36 65 16
36 65 16
36 65 16
36 65 16
36 65 16
60 52 26
60 52 16
60 52 16
60 52 16
60 52 16
60 52 16
60 52 16
60 52 16
60 52 16
60 52 16
60 52 16
60 52 16
60 52 16
60 52 16
60 52 16
60 52 16
60 52 16
60 52 16
60 52 16
60 52 16
60 52 16
60 52 16
60 52 16
60 52 16
60 52 16
60 52 16
60 52 16
60 52 16
60 52 16
60 52 16
60 52 16
60 52 16
60 52 16
60 52 16
60 52 16
60 52 16
60 52 16
60 52 16
60 52 16
60 52 16
37 105 26
49 112 26
48 99 26
48 99 16
48 99 16
60 105 26
60 105 16
60 105 16
166 19 26
155 25 26
155 25 16
155 25 16
155 25 16
155 25 16
155 25 16
166 31 26
166 31 16
166 31 16
166 31 16
166 31 16
155 37 26
155 37 16
155 37 16
155 37 16
155 37 16
155 37 16
155 37 16
155 37 16
155 37 16
155 37 16
155 37 16
155 37 16
155 37 16
155 37 16
155 37 16
155 37 16
155 37 16
155 37 16
155 37 16
155 37 16
154 12 26
154 12 16
154 12 16
154 12 16
154 12 16
154 12 16
154 12 16
154 12 16
154 12 16
154 12 16
154 12 16
154 12 16
154 12 16
154 12 16
154 12 16
154 12 16
154 12 16
154 12 16
154 12 16
154 12 16
154 12 16
154 12 16
154 12 16
154 12 16
154 12 16
154 12 16
154 12 16
154 12 16
154 12 16
154 12 16
154 12 16
154 12 16
83 0 26
83 0 16
83 0 16
83 0 16
83 0 16
83 0 16
83 0 16
83 0 16
83 0 16
83 0 16
83 0 16
95 6 26
95 6 16
95 6 16
95 6 16
95 6 16
95 6 16
95 6 16
95 6 16
95 6 16
95 6 16
95 6 16
95 6 16
95 6 16
95 6 16
95 6 16
95 6 16
95 6 16
95 6 16
95 6 16
95 6 16
95 6 16
95 6 16
95 6 16
95 6 16
95 6 16
95 6 16
95 6 16
95 6 16
95 6 16
95 6 16
95 6 16
95 6 16
95 6 16
95 6 16
95 6 16
95 6 16
95 6 16
95 6 16
95 6 16
95 6 16
95 6 16
95 6 16
95 6 16
95 6 16
95 6 16
95 6 16
95 6 16
95 6 16
95 6 16
95 6 16
95 6 16
95 6 16
95 6 16
83 12 26
60 92 26
60 92 16
60 92 16
60 92 16
60 92 16
60 92 16
60 92 16
60 92 16
60 92 16
60 92 16
60 92 16
60 92 16
60 92 16
60 92 16
60 92 16
60 92 16
60 92 16
60 92 16
60 92 16
60 92 16
60 92 16
60 92 16
60 92 16
60 92 16
60 92 16
60 92 16
60 92 16
60 92 16
60 92 16
60 92 16
60 92 16
60 92 16
60 92 16
60 92 16
60 92 16
60 92 16
60 92 16
60 92 16
60 92 16
177 25 26
84 25 26
84 25 16
84 25 16
84 25 16
84 25 16
84 25 16
96 31 26
95 19 26
95 19 16
95 19 16
95 19 16
95 19 16
95 19 16
95 19 16
95 19 16
95 19 16
95 19 16
108 38 26
25 99 26
25 99 16
25 99 16
38 131 26
38 131 16
38 131 16
38 131 16
38 131 16
38 131 16
38 131 16
38 131 16
38 131 16
38 131 16
38 131 16
38 131 16
38 131 16
38 131 16
38 131 16
38 131 16
38 131 16
38 131 16
38 131 16
38 131 16
38 131 16
38 131 16
38 131 16
38 131 16
38 131 16
38 131 16
38 131 16
38 131 16
38 131 16
38 131 16
38 131 16
38 131 16
38 131 16
38 131 16
60 119 26
60 119 16
60 119 16
60 119 16
60 119 16
60 119 16
60 119 16
60 119 16
60 119 16
60 119 16
72 112 26
72 125 26
72 125 16
72 125 16
72 125 16
72 125 16
72 125 16
72 125 16
72 125 16
72 125 16
72 125 16
72 125 16
72 125 16
72 125 16
72 125 16
72 125 16
72 125 16
72 125 16
72 125 16
72 125 16
72 125 16
72 125 16
72 125 16
72 125 16
72 125 16
72 125 16
72 125 16
72 125 16
72 125 16
72 125 16
72 125 16
72 125 16
72 125 16
72 125 16
72 125 16
72 125 16
72 125 16
72 125 16
49 125 26
49 125 16
72 99 26
84 105 26
84 105 16
84 105 16
84 105 16
84 105 16
84 105 16
84 105 16
84 92 26
84 92 16
84 92 16
84 92 16
84 92 16
84 92 16
84 92 16
84 92 16
84 92 16
84 92 16
84 92 16
84 92 16
84 92 16
84 92 16
84 92 16
84 92 16
84 92 16
84 92 16
84 92 16
84 92 16
84 92 16
84 92 16
84 92 16
84 92 16
84 92 16
84 92 16
84 92 16
84 92 16
84 92 16
84 92 16
84 92 16
84 92 16
84 92 16
84 92 16
84 92 16
84 92 16
84 92 16
84 92 16
84 92 16
84 92 16
84 92 16
84 92 16
84 92 16
84 92 16
84 92 16
61 132 26
61 132 16
61 132 16
61 132 16
61 132 16
61 132 16
61 132 16
61 132 16
61 132 16
61 132 16
61 132 16
61 132 16
61 132 16
61 132 16
61 132 16
61 132 16
61 132 16
61 132 16
61 132 16
61 132 16
61 132 16
61 132 16
61 132 16
61 132 16
61 132 16
61 132 16
61 132 16
61 132 16
61 132 16
61 132 16
61 132 16
61 132 16
61 132 16
61 132 16
61 132 16
61 132 16
61 132 16
61 132 16
61 132 16
83 119 26
95 125 26
95 125 16
95 125 16
95 125 16
95 125 16
95 125 16
95 125 16
95 125 16
95 112 26
107 118 26
107 105 26
107 105 16
119 111 26
119 111 16
119 111 16
119 111 16
119 111 16
119 111 16
119 111 16
119 111 16
119 111 16
119 111 16
119 111 16
119 111 16
119 111 16
119 111 16
119 111 16
119 111 16
119 111 16
119 111 16
119 111 16
119 111 16
119 111 16
119 111 16
119 111 16
119 111 16
119 111 16
120 97 26
120 97 16
120 97 16
120 97 16
120 97 16
120 97 16
120 97 16
120 97 16
120 97 16
120 97 16
120 97 16
120 97 16
120 97 16
120 97 16
120 97 16
120 97 16
120 97 16
120 97 16
120 97 16
120 97 16
120 97 16
120 97 16
120 97 16
120 97 16
120 97 16
120 97 16
120 97 16
120 97 16
120 97 16
120 97 16
120 97 16
120 97 16
120 97 16
120 97 16
120 97 16
120 97 16
120 97 16
120 97 16
120 97 16
120 97 16
120 97 16
120 97 16
120 97 16
120 97 16
120 97 16
120 97 16
120 97 16
120 97 16
120 97 16
120 97 16
120 97 16
120 97 16
120 97 16
120 97 16
120 97 16
120 97 16
1 86 26
1 86 16
1 86 16
1 86 16
1 86 16
1 86 16
1 86 16
1 86 16
1 86 16
1 86 16
1 86 16
1 86 16
1 86 16
1 86 16
1 86 16
1 86 16
1 86 16
1 86 16
1 86 16
1 86 16
1 86 16
1 86 16
1 86 16
1 86 16
1 86 16
1 86 16
1 86 16
1 86 16
1 86 16
1 86 16
1 86 16
1 86 16
1 86 16
1 86 16
1 86 16
1 86 16
1 86 16
1 86 16
1 86 16
1 86 16
1 86 16
1 86 16
1 86 16
1 86 16
1 86 16
1 86 16
1 86 16
1 86 16
118 125 26
118 125 16
118 125 16
118 125 16
118 125 16
118 125 16
118 125 16
118 125 16
118 125 16
107 132 26
107 132 16
107 132 16
107 132 16
107 132 16
107 132 16
107 132 16
107 132 16
107 132 16
107 132 16
107 132 16
107 132 16
118 139 26
118 139 16
118 139 16
118 139 16
130 132 26
130 132 16
129 145 26
141 139 26
141 152 26
141 152 16
141 152 16
141 152 16
141 152 16
141 152 16
141 152 16
141 152 16
141 152 16
141 152 16
141 152 16
141 152 16
141 152 16
141 152 16
141 152 16
141 152 16
141 152 16
141 152 16
141 152 16
141 152 16
141 152 16
141 152 16
141 152 16
141 152 16
141 152 16
141 152 16
141 152 16
141 152 16
141 152 16
141 152 16
141 152 16
141 152 16
141 152 16
141 152 16
141 152 16
141 152 16
142 125 26
142 125 16
142 125 16
142 125 16
153 132 26
153 132 16
153 132 16
153 132 16
154 118 26
154 118 16
154 118 16
154 118 16
154 118 16
154 118 16
154 118 16
154 118 16
154 118 16
154 118 16
154 118 16
154 118 16
154 118 16
154 118 16
154 118 16
154 118 16
154 118 16
154 118 16
154 118 16
154 118 16
154 118 16
154 118 16
154 118 16
154 118 16
154 118 16
154 118 16
154 118 16
154 118 16
154 118 16
154 118 16
154 118 16
154 118 16
154 118 16
154 118 16
154 118 16
154 118 16
154 118 16
154 118 16
154 118 16
154 118 16
154 118 16
154 118 16
154 118 16
154 118 16
118 152 26
118 152 16
118 152 16
118 152 16
106 145 26
95 139 26
95 139 16
95 139 16
95 139 16
95 139 16
95 139 16
95 139 16
95 139 16
95 139 16
95 139 16
95 152 26
95 152 16
95 152 16
95 152 16
106 159 26
106 159 16
106 159 16
106 159 16
106 159 16
106 159 16
106 159 16
106 159 16
106 159 16
106 159 16
106 159 16
106 159 16
106 159 16
106 159 16
106 159 16
106 159 16
106 159 16
106 159 16
106 159 16
106 159 16
106 159 16
106 159 16
106 159 16
106 159 16
106 159 16
106 159 16
106 159 16
108 25 26
120 31 26
120 31 16
120 31 16
120 31 16
120 31 16
120 31 16
120 31 16
120 31 16
129 159 26
129 159 16
129 159 16
129 159 16
129 159 16
129 159 16
129 159 16
129 159 16
129 159 16
129 159 16
129 159 16
129 159 16
129 159 16
129 159 16
129 159 16
129 159 16
129 159 16
129 159 16
129 159 16
129 159 16
129 159 16
129 159 16
129 159 16
129 159 16
129 159 16
129 159 16
130 118 26
130 118 16
130 118 16
130 118 16
130 118 16
130 118 16
130 118 16
130 118 16
130 118 16
130 118 16
130 118 16
130 118 16
130 118 16
130 118 16
130 118 16
130 118 16
130 118 16
130 118 16
130 118 16
130 118 16
130 118 16
130 118 16
130 118 16
130 118 16
130 118 16
130 118 16
130 118 16
130 118 16
130 118 16
130 118 16
130 118 16
130 118 16
130 118 16
130 118 16
130 118 16
130 118 16
84 145 26
84 145 16
84 145 16
84 145 16
84 145 16
84 145 16
84 145 16
84 158 26
84 158 16
84 158 16
84 158 16
84 158 16
84 158 16
84 158 16
84 158 16
84 158 16
84 158 16
84 158 16
84 158 16
84 158 16
84 158 16
84 158 16
84 158 16
84 158 16
84 158 16
84 158 16
84 158 16
84 158 16
84 158 16
84 158 16
84 158 16
84 158 16
84 158 16
84 158 16
84 158 16
84 158 16
84 158 16
84 158 16
84 158 16
84 158 16
84 158 16
84 158 16
84 158 16
84 132 26
84 132 16
84 132 16
84 132 16
84 132 16
155 37 16
155 37 16
155 37 16
155 37 16
155 37 16
155 37 16
155 37 16
155 37 16
155 37 16
155 37 16
155 37 16
155 37 16
155 37 16
155 37 16
155 37 16
155 37 16
155 37 16
155 37 16
155 37 16
155 37 16
155 37 16
155 37 16
155 37 16
155 37 16
155 37 16
155 37 16
155 37 16
155 37 16
155 37 16
155 37 16
155 37 16
155 37 16
155 37 16
155 37 16
155 37 16
155 37 16
155 37 16
155 37 16
155 37 16
155 37 16
155 37 16
155 37 16
155 37 16
155 37 16
155 37 16
155 37 16
155 37 16
155 37 16
155 37 16
155 37 16
155 37 16
155 37 16
155 37 16
155 37 16
155 37 16
155 37 16
155 37 16
155 37 16
155 37 16
155 37 16
155 37 16
155 37 16
155 37 16
155 37 16
155 37 16
155 37 16
155 37 16
155 37 16
155 37 16
155 37 16
155 37 16
155 37 16
155 37 16
155 37 16
155 37 16
155 37 16
155 37 16
155 37 16
155 37 16
155 37 16
155 37 16
155 37 16
155 37 16
155 37 16
155 37 16
155 37 16
155 37 16
155 37 16
155 37 16
155 37 16
155 37 16
155 37 16
155 37 16
155 37 16
155 37 16
155 37 16
155 37 16
143 18 26
143 18 16
143 18 16
143 18 16
143 18 16
132 24 26
132 24 16
132 24 16
132 24 16
132 24 16
132 24 16
132 24 16
132 24 16
132 24 16
132 24 16
132 24 16
132 24 16
132 24 16
132 24 16
132 24 16
132 24 16
132 24 16
132 24 16
132 24 16
132 24 16
132 24 16
132 24 16
132 24 16
132 24 16
132 24 16
132 24 16
132 24 16
189 72 26
189 72 16
189 72 16
199 79 26
189 85 26
189 85 16
189 85 16
189 85 16
189 85 16
189 85 16
189 85 16
189 85 16
189 85 16
189 85 16
189 85 16
189 85 16
189 85 16
189 85 16
189 85 16
96 98 26
96 98 16
96 98 16
108 91 26
108 91 16
108 91 16
108 91 16
108 91 16
108 91 16
108 91 16
108 91 16
108 91 16
108 91 16
108 91 16
108 91 16
108 91 16
108 91 16
108 91 16
108 91 16
108 91 16
108 91 16
108 91 16
108 91 16
108 91 16
108 91 16
108 91 16
108 91 16
36 92 26
36 92 16
36 92 16
36 92 16
36 92 16
36 92 16
36 92 16
36 92 16
36 92 16
36 92 16
36 92 16
36 92 16
36 92 16
36 92 16
36 92 16
36 92 16
36 92 16
36 92 16
36 92 16
36 92 16
36 92 16
36 92 16
36 92 16
36 92 16
36 92 16
36 92 16
36 92 16
36 92 16
36 92 16
36 92 16
36 92 16
36 92 16
36 92 16
36 92 16
36 92 16
36 92 16
36 92 16
36 92 16
36 92 16
36 92 16
36 92 16
36 92 16
36 92 16
153 146 26
153 146 16
153 146 16
153 146 16
153 146 16
153 146 16
153 146 16
153 146 16
153 146 16
153 146 16
153 146 16
153 146 16
153 146 16
153 146 16
153 146 16
153 146 16
153 146 16
153 146 16
153 146 16
153 146 16
153 146 16
153 146 16
153 146 16
153 146 16
153 146 16
153 146 16
153 146 16
153 146 16
153 146 16
153 146 16
153 146 16
153 146 16
153 146 16
153 146 16
153 146 16
153 146 16
153 146 16
153 146 16
153 146 16
153 146 16
153 146 16
153 146 16
153 146 16
153 146 16
153 146 16
153 146 16
153 146 16
153 146 16
153 146 16
153 146 16
153 146 16
153 146 16
153 146 16
106 159 16
106 159 16
106 159 16
106 159 16
106 159 16
106 159 16
106 159 16
106 159 16
178 78 26
178 78 16
178 78 16
178 78 16
178 78 16
178 78 16
178 78 16
178 78 16
178 78 16
178 78 16
178 78 16
178 78 16
178 78 16
178 78 16
178 78 16
178 78 16
178 78 16
178 78 16
178 78 16
178 78 16
178 78 16
178 78 16
178 78 16
178 78 16
178 78 16
178 78 16
178 78 16
178 78 16
178 78 16
178 78 16
178 78 16
178 78 16
178 78 16
178 78 16
178 78 16
178 78 16
178 78 16
178 78 16
178 78 16
178 78 16
178 78 16
121 70 26
121 70 16
121 70 16
121 70 16
121 70 16
121 70 16
121 70 16
121 70 16
108 77 26
108 77 16
133 62 15
133 61 15
133 60 15
133 59 15
133 58 15
132 58 15
132 57 15
131 57 15
130 57 15
129 57 15
128 57 15
127 57 15
126 57 15
125 57 15
124 57 15
123 57 15
122 57 15
122 57 14
108 76 21
108 76 14
108 76 14
108 75 15
108 75 14
108 75 14
109 75 15
109 75 14
109 75 14
109 75 14
109 75 14
109 74 15
109 74 14
109 74 14
109 74 14
109 74 14
109 74 14
110 74 15
110 74 14
110 74 14
110 74 14
110 74 14
110 74 14
110 74 14
110 74 14
110 74 14
110 73 15
110 73 14
110 73 14
110 73 14
110 73 14
110 73 14
110 73 14
110 73 14
110 73 14
110 73 14
110 73 14
110 73 14
111 73 15
111 73 14
111 73 14
111 73 14
111 73 14
111 73 14
111 73 14
111 73 14
111 73 14
111 73 14
111 73 14
111 73 14
111 73 14
111 73 14
111 73 14
111 73 14
111 72 20
111 72 14
111 72 14
111 72 14
111 72 14
111 72 14
111 72 14
111 72 14
111 72 14
111 72 14
111 72 14
111 72 14
111 72 14
111 72 14
111 72 14
111 72 14
111 72 14
111 72 14
111 72 14
111 72 14
111 72 14
112 72 24
112 72 14
112 72 14
112 72 14
112 72 14
112 72 14
112 72 14
112 72 14
112 72 14
112 72 14
112 72 14
112 72 14
112 72 14
112 72 14
112 72 14
112 72 14
112 72 14
112 72 14
112 72 14
112 72 14
112 72 14
112 72 14
112 72 14
112 72 14
112 72 14
113 72 32
113 72 14
113 72 14
113 72 14
113 72 14
113 72 14
113 72 14
113 72 14
113 72 14
113 72 14
113 72 14
113 72 14
113 72 14
113 72 14
113 72 14
113 72 14
113 72 14
113 72 14
113 72 14
113 72 14
113 72 14
113 72 14
113 72 14
113 72 14
113 72 14
113 72 14
113 72 14
113 71 38
113 71 14
113 71 14
113 71 14
113 71 14
113 71 14
113 71 14
113 71 14
113 71 14
113 71 14
113 71 14
113 71 14
113 71 14
113 71 14
113 71 14
113 71 14
113 71 14
113 71 14
113 71 14
113 71 14
113 71 14
113 71 14
113 71 14
113 71 14
113 71 14
113 71 14
113 71 14
113 71 14
113 71 14
113 71 14
113 71 14
113 71 14
113 71 14
113 71 14
113 71 14
114 71 46
114 71 14
114 71 14
114 71 14
114 71 14
114 71 14
114 71 14
114 71 14
114 71 14
114 71 14
114 71 14
114 71 14
114 71 14
114 71 14
114 71 14
114 71 14
114 71 14
114 71 14
114 71 14
114 71 14
114 71 14
114 71 14
114 71 14
114 71 14
114 71 14
114 71 14
114 71 14
114 71 14
114 71 14
114 71 14
114 71 14
114 71 14
114 71 14
114 71 14
114 71 14
114 70 54
114 70 14
114 70 14
114 70 14
114 70 14
114 70 14
114 70 14
114 70 14
114 70 14
114 70 14
114 70 14
114 70 14
114 70 14
114 70 14
114 70 14
114 70 14
114 70 14
114 70 14
114 70 14
114 70 14
114 70 14
114 70 14
114 70 14
114 70 14
114 70 14
114 70 14
114 70 14
114 70 14
114 70 14
114 70 14
114 70 14
114 70 14
114 70 14
114 70 14
114 70 14
114 70 14
114 70 14
114 70 14
114 70 14
114 70 14
114 70 14
114 70 14
114 70 14
115 70 60
115 70 14
115 70 14
115 70 14
115 70 14
115 70 14
115 70 14
115 70 14
115 70 14
115 70 14
115 70 14
115 70 14
115 70 14
115 70 14
115 70 14
115 70 14
115 70 14
115 70 14
115 70 14
115 70 14
115 70 14
115 70 14
115 70 14
115 70 14
115 70 14
115 70 14
115 70 14
115 70 14
115 70 14
115 70 14
115 70 14
115 70 14
115 70 14
115 70 14
115 70 14
115 70 14
115 70 14
115 70 14
115 70 14
115 70 14
116 70 68
116 70 14
116 70 14
116 70 14
116 70 14
116 70 14
116 70 14
116 70 14
116 70 14
116 70 14
116 70 14
116 70 14
116 70 14
116 70 14
116 70 14
116 70 14
116 70 14
116 70 14
116 70 14
116 70 14
116 70 14
116 70 14
116 70 14
116 70 14
116 70 14
116 70 14
116 70 14
116 70 14
116 70 14
116 70 14
116 70 14
116 70 14
116 70 14
116 70 14
116 70 14
116 69 74
116 69 14
116 69 14
116 69 14
116 69 14
116 69 14
116 69 14
116 69 14
116 69 14
116 69 14
116 69 14
116 69 14
116 69 14
116 69 14
116 69 14
116 69 14
116 69 14
116 69 14
116 69 14
116 69 14
116 69 14
116 69 14
116 69 14
116 69 14
116 69 14
116 69 14
116 69 14
116 69 14
116 69 14
116 69 14
116 69 14
116 69 14
116 69 14
116 69 14
116 69 14
116 69 14
116 69 14
116 69 14
116 69 14
116 69 14
116 69 14
117 69 79
117 69 14
117 69 14
117 69 14
117 69 14
117 69 14
117 69 14
117 69 14
117 69 14
117 69 14
117 69 14
117 69 14
117 69 14
117 69 14
117 69 14
117 69 14
117 69 14
117 69 14
117 69 14
117 69 14
117 69 14
117 69 14
117 69 14
117 69 14
117 69 14
117 69 14
117 69 14
117 69 14
117 69 14
117 69 14
117 69 14
117 69 14
117 68 84
117 68 14
117 68 14
117 68 14
117 68 14
117 68 14
117 68 14
117 68 14
117 68 14
117 68 14
117 68 14
117 68 14
117 68 14
117 68 14
117 68 14
117 68 14
117 68 14
117 68 14
117 68 14
117 68 14
117 68 14
117 68 14
117 68 14
117 68 14
117 68 14
117 68 14
117 68 14
117 68 14
117 68 14
117 68 14
117 68 14
117 68 14
117 68 14
117 68 14
117 68 14
117 68 14
118 68 86
118 68 14
118 68 14
118 68 14
118 68 14
118 68 14
118 68 14
118 68 14
118 68 14
118 68 14
118 68 14
118 68 14
118 68 14
118 68 14
118 68 14
118 68 14
118 68 14
118 68 14
118 68 14
118 68 14
118 68 14
118 68 14
118 68 14
118 68 14
118 68 14
118 68 14
119 68 88
119 68 14
119 68 14
119 68 14
119 68 14
119 68 14
119 68 14
119 68 14
119 68 14
119 68 14
119 68 14
119 68 14
119 68 14
119 68 14
119 68 14
119 68 14
119 67 87
119 67 14
119 67 14
119 67 14
119 67 14
119 67 14
119 67 14
119 67 14
119 67 14
119 67 14
119 67 14
119 67 14
119 67 14
119 67 14
119 67 14
119 67 14
119 67 14
120 67 85
120 67 14
120 67 14
120 67 14
120 67 14
120 67 14
120 67 14
120 67 14
120 67 14
120 66 81
120 66 14
120 66 14
120 66 14
120 66 14
120 66 14
120 66 14
120 66 14
120 66 14
121 66 75
121 66 14
121 66 14
121 66 14
121 65 67
121 65 14
121 65 14
121 65 14
122 65 57
122 64 45
122 63 35
122 63 14
122 62 25
122 62 14
122 61 15
122 61 14
122 60 15
122 60 14
122 59 15
122 59 14
122 58 15
122 58 14
107 77 37
106 77 46
106 78 58
105 78 72
105 79 85
105 80 102
104 80 116
104 81 131
104 82 146
103 82 161
103 83 172
103 84 182
103 85 190
103 86 196
103 87 199
103 88 198
102 88 193
102 89 185
102 90 173
102 91 158
102 92 140
102 93 120
102 94 98
102 95 75
102 96 51
102 97 28
102 97 14
102 98 15
102 98 14
101 98 15
101 98 14
101 99 15
101 99 14
100 99 15
100 99 14
99 99 15
99 99 14
99 100 15
99 100 14
99 101 15
99 101 14
98 101 15
98 101 14
98 102 15
97 102 15
97 102 14
96 102 15
96 102 14
96 103 15
96 103 14
96 104 15
96 105 15
96 106 15
96 107 15
96 108 15
96 109 15
96 110 15
96 111 15
96 112 15
95 113 24
94 113 27
93 113 29
93 114 29
92 114 27
91 114 23
90 114 19
89 114 15
88 114 15
87 114 15
86 114 15
85 114 15
85 113 15
84 113 15
83 113 15
83 112 15
82 112 15
81 112 15
80 112 15
79 112 15
78 112 15
77 112 15
76 112 15
75 112 15
74 112 15
73 112 15
72 111 15
71 111 15
70 111 15
70 110 15
69 110 15
68 110 15
67 110 15
66 110 15
65 110 15
64 110 25
63 110 38
62 110 49
61 110 58
60 110 65
59 110 70
58 110 72
58 111 72
57 111 70
57 112 66
56 112 59
56 113 51
55 113 41
55 114 29
55 115 17
55 115 14
55 116 15
55 116 14
54 116 15
54 116 14
53 116 15
52 116 15
51 116 15
50 116 15
49 116 15
48 116 15
47 116 15
46 116 15
45 116 15
44 116 15
43 116 15
42 116 15
41 116 15
40 116 15
39 116 15
38 116 15
37 116 15
36 116 15
35 116 15
35 116 14
34 116 15
34 116 14
33 116 15
33 116 14
32 116 15
32 116 14
31 116 15
31 116 14
30 116 15
30 116 14
29 116 15
28 116 15
28 117 15
27 117 16
27 118 19
26 118 20
26 119 23
25 119 23
24 119 23
24 120 22
23 120 21
23 121 19
22 121 15
21 121 15
20 121 15
20 122 15
20 123 15
19 123 15
18 123 15
17 123 15
16 123 15
15 123 15
15 124 15
14 124 15
14 125 15
14 126 15
14 127 15
14 128 15
14 129 15
14 130 15
14 131 15
13 132 15
12 132 15
11 132 15
10 132 15
10 133 15
10 134 26
10 135 37
10 136 46
10 137 51
10 138 54
10 139 54
10 140 52
10 141 47
10 142 40
10 143 32
10 144 23
10 144 14
10 145 15
10 145 14
10 146 15
10 146 14
10 147 15
10 147 14
10 148 15
10 148 14
10 148 14
10 149 15
10 149 14
10 149 14
10 150 15
10 150 14
10 150 14
10 151 15
10 151 14
10 151 14
11 151 15
11 151 14
11 151 14
11 152 15
11 152 14
11 152 14
12 152 15
12 152 14
12 152 14
13 152 15
13 152 14
13 152 14
14 152 15
14 152 14
15 152 15
15 152 14
16 152 15
16 152 14
17 152 15
17 152 14
18 152 15
18 152 14
19 152 15
19 152 14
20 152 15
20 152 14
21 152 15
21 152 14
21 152 14
22 152 20
22 152 14
22 152 14
22 153 31
22 153 14
22 153 14
23 153 42
23 153 14
23 153 14
23 153 14
24 153 56
24 153 14
24 153 14
24 153 14
24 154 69
24 154 14
24 154 14
24 154 14
24 154 14
24 154 14
25 154 83
25 154 14
25 154 14
25 154 14
25 154 14
25 154 14
25 154 14
25 154 14
25 155 98
25 155 14
25 155 14
25 155 14
25 155 14
25 155 14
25 155 14
25 155 14
25 155 14
25 155 14
25 155 14
26 155 112
26 155 14
26 155 14
26 155 14
26 155 14
26 155 14
26 155 14
26 155 14
26 155 14
26 155 14
26 155 14
26 155 14
26 155 14
26 155 14
26 155 14
26 156 127
26 156 14
26 156 14
26 156 14
26 156 14
26 156 14
26 156 14
26 156 14
26 156 14
26 156 14
26 156 14
26 156 14
26 156 14
26 156 14
26 156 14
26 156 14
26 156 14
26 156 14
27 156 141
27 156 14
27 156 14
27 156 14
27 156 14
27 156 14
27 156 14
27 156 14
27 156 14
27 156 14
27 156 14
27 156 14
27 156 14
27 156 14
27 156 14
27 156 14
27 156 14
27 156 14
27 156 14
27 156 14
27 156 14
27 156 14
27 156 14
27 157 154
27 157 14
27 157 14
27 157 14
27 157 14
27 157 14
27 157 14
27 157 14
27 157 14
27 157 14
27 157 14
27 157 14
27 157 14
27 157 14
27 157 14
27 157 14
27 157 14
27 157 14
27 157 14
27 157 14
27 157 14
27 157 14
27 157 14
27 157 14
27 157 14
27 157 14
28 157 166
28 157 14
28 157 14
28 157 14
28 157 14
28 157 14
28 157 14
28 157 14
28 157 14
28 157 14
28 157 14
28 157 14
28 157 14
28 157 14
28 157 14
28 157 14
28 157 14
28 157 14
28 157 14
28 157 14
28 157 14
28 157 14
28 157 14
28 157 14
28 157 14
28 157 14
28 157 14
28 157 14
28 157 14
28 157 14
28 157 14
28 157 14
28 158 176
28 158 14
28 158 14
28 158 14
28 158 14
28 158 14
28 158 14
28 158 14
28 158 14
28 158 14
28 158 14
28 158 14
28 158 14
28 158 14
28 158 14
28 158 14
28 158 14
28 158 14
28 158 14
28 158 14
28 158 14
28 158 14
28 158 14
28 158 14
28 158 14
28 158 14
28 158 14
28 158 14
28 158 14
28 158 14
28 158 14
28 158 14
28 158 14
29 158 186
29 158 14
29 158 14
29 158 14
29 158 14
29 158 14
29 158 14
29 158 14
29 158 14
29 158 14
29 158 14
29 158 14
29 158 14
29 158 14
29 158 14
29 158 14
29 158 14
29 158 14
29 158 14
29 158 14
29 158 14
29 158 14
29 158 14
29 158 14
29 158 14
29 158 14
29 158 14
29 158 14
29 158 14
29 158 14
29 158 14
29 158 14
29 158 14
29 158 14
29 158 14
29 158 14
29 158 14
29 158 14
29 158 14
29 159 192
29 159 14
29 159 14
29 159 14
29 159 14
29 159 14
29 159 14
29 159 14
29 159 14
29 159 14
29 159 14
29 159 14
29 159 14
29 159 14
29 159 14
29 159 14
29 159 14
29 159 14
29 159 14
29 159 14
29 159 14
29 159 14
29 159 14
29 159 14
29 159 14
29 159 14
29 159 14
29 159 14
29 159 14
29 159 14
29 159 14
29 159 14
29 159 14
29 159 14
29 159 14
29 159 14
29 160 195
29 160 14
29 160 14
29 160 14
29 160 14
29 160 14
29 160 14
29 160 14
29 160 14
29 160 14
29 160 14
29 160 14
29 160 14
29 160 14
29 160 14
29 160 14
29 160 14
29 160 14
29 160 14
29 160 14
29 160 14
29 160 14
29 160 14
29 160 14
29 160 14
29 160 14
29 160 14
29 160 14
29 160 14
29 160 14
29 160 14
29 161 196
29 161 14
29 161 14
29 161 14
29 161 14
29 161 14
29 161 14
29 161 14
29 161 14
29 161 14
29 161 14
29 161 14
29 161 14
29 161 14
29 161 14
29 161 14
29 161 14
29 161 14
29 161 14
29 161 14
29 161 14
29 161 14
29 162 194
29 162 14
29 162 14
29 162 14
29 162 14
29 162 14
29 162 14
29 162 14
29 162 14
29 162 14
29 162 14
29 162 14
29 162 14
29 162 14
29 163 188
29 163 14
29 163 14
29 163 14
29 163 14
29 163 14
29 163 14
29 165 165
29 166 149
29 167 130
29 168 109
29 169 88
30 169 65
30 170 42
30 171 20
30 172 15
30 173 15
30 174 15
30 175 15
29 175 15
29 176 15
122 56 15
122 56 14
122 55 15
122 55 14
122 54 15
122 54 14
122 53 15
122 53 14
122 52 15
122 52 14
122 51 15
122 51 14
122 50 15
122 50 14
122 49 15
122 49 14
122 48 15
122 48 14
122 47 15
122 47 14
122 46 15
122 46 14
122 45 15
122 45 14
122 45 14
122 44 15
122 44 14
122 44 14
121 43 40
121 42 46
121 41 52
120 41 53
120 40 53
120 40 14
119 40 50
119 40 14
119 39 44
119 39 14
119 39 14
118 39 36
118 39 14
118 39 14
118 38 25
118 38 14
118 38 14
117 38 15
117 38 14
117 38 14
117 38 14
116 38 15
116 38 14
116 38 14
116 38 14
115 38 15
115 38 14
115 38 14
114 38 15
114 38 14
114 38 14
113 38 15
113 38 14
113 38 14
112 38 15
112 38 14
112 38 14
111 38 15
111 38 14
111 38 14
110 38 15
110 38 14
109 38 15
109 38 14
108 37 15
108 37 14
108 36 15
107 36 15
106 36 15
105 36 15
105 35 15
104 35 15
104 34 15
103 34 15
102 34 15
101 34 15
101 33 15
101 32 15
101 31 15
100 31 15
99 31 15
98 31 15
97 31 15
96 30 15
96 29 15
96 28 15
96 27 15
96 26 15
96 26 14
96 25 15
96 25 14
95 25 15
95 25 14
95 24 15
95 24 14
95 24 14
94 24 15
94 24 14
94 24 14
93 24 15
93 24 14
93 24 14
92 24 15
92 24 14
92 24 14
91 24 15
91 24 14
91 24 14
90 24 15
90 24 14
90 24 14
89 24 15
89 24 14
89 24 14
88 24 15
88 24 14
88 24 14
88 23 15
88 23 14
88 23 14
88 23 14
88 23 14
88 22 15
88 22 14
88 22 14
88 22 14
88 22 14
88 22 14
87 22 15
87 22 14
87 22 14
87 22 14
87 22 14
87 22 14
87 22 14
86 22 15
86 22 14
86 22 14
86 22 14
86 22 14
86 22 14
86 22 14
86 22 14
86 22 14
86 21 15
86 21 14
86 21 14
86 21 14
86 21 14
86 21 14
86 21 14
86 21 14
86 21 14
86 21 14
85 21 15
85 21 14
85 21 14
85 21 14
85 21 14
85 21 14
85 21 14
85 21 14
85 21 14
85 21 14
85 21 14
85 21 14
85 20 15
85 20 14
85 20 14
85 20 14
85 20 14
85 20 14
85 20 14
85 20 14
85 20 14
85 20 14
85 20 14
85 20 14
85 19 15
85 19 14
85 19 14
85 19 14
85 19 14
85 19 14
85 19 14
85 19 14
85 19 14
85 19 14
84 19 15
84 19 14
84 19 14
84 19 14
84 19 14
84 19 14
84 19 14
84 19 14
84 19 14
84 19 14
84 19 14
84 18 15
84 18 14
84 18 14
84 18 14
84 18 14
84 18 14
84 18 14
84 18 14
84 18 14
84 17 15
84 17 14
84 17 14
84 17 14
84 17 14
84 17 14
84 16 15
84 16 14
84 16 14
84 16 14
84 15 15
84 15 14
84 15 14
84 14 15
84 14 14
84 13 15
84 13 14
84 12 15
84 12 14
83 11 22
83 10 28
82 10 30
82 9 32
82 8 36
81 8 36
81 7 39
80 7 42
80 6 44
79 6 49
79 6 14
78 6 59
78 6 14
77 6 70
77 6 14
76 6 81
76 6 14
75 6 89
75 6 14
74 6 95
74 6 14
73 6 96
73 6 14
72 6 92
72 6 14
70 6 67
70 6 14
69 6 46
69 6 14
69 6 14
68 6 21
68 6 14
68 6 14
67 6 15
67 6 14
67 6 14
67 7 15
67 7 14
67 7 14
66 7 15
66 7 14
66 8 15
66 8 14
65 8 15
65 8 14
64 8 15
64 8 14
64 9 15
64 9 14
64 10 15
64 10 14
63 10 15
62 10 15
61 10 15
60 10 15
59 10 15
58 10 15
57 10 15
56 10 15
55 10 15
54 10 15
53 10 15
52 10 34
51 10 70
50 10 105
50 11 137
49 11 167
48 11 193
47 11 215
46 11 232
45 11 244
44 11 250
43 11 251
43 11 14
43 11 14
42 11 247
42 11 14
42 11 14
42 11 14
42 11 14
41 11 240
41 11 14
41 11 14
41 11 14
41 11 14
41 11 14
40 11 231
40 11 14
40 11 14
40 11 14
40 11 14
40 11 14
40 11 14
40 12 219
40 12 14
40 12 14
39 12 203
39 12 14
39 12 14
38 12 188
38 12 14
37 12 174
37 12 14
36 13 137
36 14 116
35 14 99
35 15 78
35 16 62
34 16 41
34 17 24
34 17 14
33 17 15
33 17 14
32 17 15
32 17 14
32 18 15
32 18 14
32 19 15
32 19 14
31 19 15
31 19 14
31 20 15
31 20 14
30 20 15
30 20 14
29 20 15
29 20 14
29 21 15
29 21 14
29 22 15
29 23 15
29 24 15
29 25 15
29 26 15
28 26 15
28 27 15
28 28 15
28 28 14
27 28 15
27 28 14
26 28 15
26 28 14
26 29 15
26 29 14
26 30 15
26 30 14
26 31 15
26 31 14
26 31 14
26 32 15
26 32 14
26 32 14
