158 5 18
84 47 18
84 47 8
84 47 8
84 47 8
84 47 8
84 47 8
84 47 8
84 47 8
84 47 8
84 47 8
84 47 8
84 47 8
84 47 8
84 47 8
84 47 8
84 47 8
84 47 8
84 47 8
84 47 8
84 47 8
84 47 8
84 47 8
84 47 8
84 47 8
84 47 8
84 47 8
84 47 8
84 47 8
84 47 8
84 47 8
84 47 8
84 47 8
84 47 8
84 47 8
84 47 8
84 47 8
84 47 8
84 47 8
84 47 8
84 47 8
84 47 8
84 47 8
84 47 8
143 132 18
34 41 18
34 41 8
95 161 18
95 161 8
95 161 8
95 161 8
95 161 8
95 161 8
95 161 8
95 161 8
95 161 8
95 161 8
95 161 8
95 161 8
95 161 8
95 161 8
95 161 8
95 161 8
95 161 8
95 161 8
95 161 8
95 161 8
95 161 8
95 161 8
95 161 8
95 161 8
95 161 8
95 161 8
95 161 8
95 161 8
95 161 8
95 161 8
95 161 8
95 161 8
95 161 8
95 161 8
95 161 8
95 161 8
95 161 8
95 161 8
95 161 8
95 161 8
95 161 8
95 161 8
95 161 8
95 161 8
95 161 8
95 161 8
95 161 8
95 161 8
95 161 8
95 161 8
95 161 8
95 161 8
95 161 8
95 161 8
95 161 8
95 161 8
95 161 8
95 161 8
95 161 8
95 161 8
95 161 8
95 161 8
95 161 8
95 161 8
95 161 8
95 161 8
95 161 8
95 161 8
95 161 8
95 161 8
95 161 8
95 161 8
95 161 8
95 161 8
95 161 8
95 161 8
95 161 8
95 161 8
95 161 8
95 161 8
95 161 8
95 161 8
95 161 8
95 161 8
95 161 8
95 161 8
95 161 8
95 161 8
95 161 8
95 161 8
95 161 8
95 161 8
95 161 8
95 161 8
95 161 8
95 161 8
95 161 8
95 161 8
95 161 8
95 161 8
95 161 8
95 161 8
95 161 8
95 161 8
95 161 8
95 161 8
95 161 8
95 161 8
95 161 8
95 161 8
95 161 8
95 161 8
95 161 8
95 161 8
95 161 8
95 161 8
95 161 8
95 161 8
95 161 8
95 161 8
95 161 8
95 161 8
95 161 8
95 161 8
95 161 8
95 161 8
95 161 8
95 161 8
95 161 8
95 161 8
95 161 8
95 161 8
95 161 8
95 161 8
95 161 8
10 172 18
10 172 8
197 93 18
168 178 18
168 178 8
168 178 8
10 91 18
10 91 8
174 109 18
79 132 18
185 101 18
153 125 18
163 117 18
0 85 18
0 97 18
34 53 18
34 53 8
22 48 18
22 48 8
22 48 8
22 48 8
22 48 8
22 48 8
22 48 8
22 48 8
22 48 8
22 48 8
22 48 8
22 48 8
22 48 8
22 48 8
22 48 8
22 48 8
22 48 8
22 48 8
22 48 8
22 48 8
22 48 8
22 48 8
22 48 8
22 48 8
22 48 8
22 48 8
22 48 8
22 48 8
22 48 8
22 48 8
22 48 8
22 48 8
22 48 8
22 48 8
22 48 8
22 48 8
22 48 8
22 48 8
22 48 8
22 48 8
22 48 8
22 48 8
22 48 8
22 48 8
22 48 8
22 48 8
22 48 8
22 48 8
22 48 8
22 48 8
22 48 8
22 48 8
22 48 8
22 48 8
22 48 8
22 48 8
22 48 8
22 48 8
22 48 8
22 48 8
22 48 8
22 48 8
22 48 8
22 48 8
22 48 8
22 48 8
22 48 8
47 46 18
147 0 18
147 11 18
168 166 18
168 166 8
168 166 8
168 166 8
168 166 8
168 166 8
168 166 8
168 166 8
168 166 8
168 166 8
168 166 8
168 166 8
168 166 8
168 166 8
168 166 8
168 166 8
168 166 8
168 166 8
168 166 8
168 166 8
168 166 8
168 166 8
168 166 8
168 166 8
168 166 8
168 166 8
168 166 8
168 166 8
168 166 8
168 166 8
168 166 8
168 166 8
168 166 8
168 166 8
168 166 8
168 166 8
168 166 8
168 166 8
168 166 8
168 166 8
168 166 8
168 166 8
168 166 8
168 166 8
168 166 8
168 166 8
168 166 8
168 166 8
168 166 8
168 166 8
168 166 8
168 166 8
168 166 8
168 166 8
168 166 8
168 166 8
168 166 8
168 166 8
168 166 8
168 166 8
168 166 8
168 166 8
168 166 8
168 166 8
168 166 8
168 166 8
168 166 8
168 166 8
168 166 8
168 166 8
168 166 8
168 166 8
168 166 8
168 166 8
168 166 8
168 166 8
168 190 18
168 190 8
168 190 8
168 190 8
168 190 8
168 190 8
168 190 8
168 190 8
168 190 8
168 190 8
168 190 8
168 190 8
168 190 8
168 190 8
168 190 8
168 190 8
168 190 8
168 190 8
168 190 8
157 184 18
157 184 8
157 184 8
157 184 8
157 184 8
157 184 8
157 184 8
157 184 8
157 184 8
157 184 8
157 184 8
157 184 8
157 184 8
157 184 8
157 184 8
157 184 8
157 184 8
157 184 8
157 184 8
157 184 8
157 184 8
157 184 8
157 184 8
157 184 8
157 184 8
157 184 8
157 184 8
0 165 18
10 158 18
10 158 8
10 158 8
10 158 8
46 58 18
46 58 8
21 165 18
179 184 18
179 184 8
179 184 8
179 184 8
179 184 8
179 184 8
179 184 8
179 184 8
179 184 8
179 184 8
179 184 8
179 184 8
179 184 8
179 184 8
179 184 8
179 184 8
179 184 8
179 184 8
179 184 8
179 184 8
179 184 8
179 184 8
179 184 8
179 184 8
179 184 8
179 184 8
179 184 8
179 184 8
179 184 8
179 184 8
179 184 8
179 184 8
179 184 8
179 184 8
179 184 8
179 184 8
179 184 8
179 184 8
179 184 8
179 184 8
179 184 8
179 184 8
179 184 8
179 184 8
197 107 18
197 107 8
197 107 8
197 107 8
197 107 8
197 107 8
197 107 8
197 107 8
197 107 8
197 107 8
197 107 8
197 107 8
197 107 8
197 107 8
197 107 8
197 107 8
197 107 8
197 107 8
197 107 8
186 114 18
186 114 8
186 114 8
186 114 8
186 114 8
175 123 18
175 123 8
72 42 18
72 42 8
72 42 8
72 42 8
72 42 8
72 42 8
72 42 8
72 42 8
72 42 8
72 42 8
72 42 8
72 42 8
72 42 8
72 42 8
72 42 8
72 42 8
72 42 8
72 42 8
72 42 8
59 50 18
71 56 18
71 56 8
71 56 8
71 56 8
71 56 8
71 56 8
71 56 8
71 56 8
71 56 8
71 56 8
71 56 8
71 56 8
71 56 8
71 56 8
71 56 8
10 78 18
10 78 8
10 78 8
10 78 8
10 78 8
10 78 8
10 78 8
10 78 8
10 78 8
10 78 8
10 78 8
10 78 8
159 18 18
165 131 18
165 131 8
154 138 18
148 24 18
159 32 18
159 32 8
159 32 8
159 32 8
159 32 8
159 32 8
159 32 8
159 32 8
159 32 8
159 32 8
159 32 8
159 32 8
159 32 8
159 32 8
159 32 8
159 32 8
159 32 8
159 32 8
159 32 8
159 32 8
159 32 8
159 32 8
159 32 8
159 32 8
159 32 8
159 32 8
159 32 8
159 32 8
159 32 8
159 32 8
159 32 8
159 32 8
159 32 8
159 32 8
159 32 8
159 32 8
159 32 8
159 32 8
159 32 8
159 32 8
159 32 8
159 32 8
159 32 8
159 32 8
159 32 8
159 32 8
159 32 8
159 32 8
159 32 8
159 32 8
159 32 8
159 32 8
159 32 8
159 32 8
159 32 8
159 32 8
159 32 8
159 32 8
159 32 8
159 32 8
159 32 8
159 32 8
159 32 8
159 32 8
159 32 8
159 32 8
159 32 8
159 32 8
159 32 8
159 32 8
159 32 8
10 104 18
10 104 8
10 104 8
0 111 18
0 111 8
0 111 8
0 111 8
0 111 8
0 111 8
0 111 8
0 111 8
0 111 8
0 111 8
0 111 8
0 111 8
0 111 8
0 111 8
0 111 8
0 111 8
0 111 8
0 111 8
0 111 8
0 111 8
0 111 8
0 111 8
0 111 8
0 111 8
0 111 8
0 111 8
0 111 8
0 111 8
0 111 8
0 111 8
0 111 8
0 111 8
0 111 8
0 111 8
0 111 8
0 111 8
0 111 8
0 111 8
0 111 8
0 111 8
0 111 8
0 111 8
0 111 8
0 111 8
0 111 8
0 111 8
0 111 8
0 111 8
0 72 18
0 72 8
0 72 8
0 72 8
0 72 8
0 72 8
0 72 8
0 72 8
0 72 8
22 178 18
22 178 8
22 178 8
22 178 8
22 178 8
22 178 8
22 178 8
22 178 8
22 178 8
22 178 8
22 178 8
22 178 8
22 178 8
22 178 8
22 178 8
0 152 18
0 152 8
0 152 8
0 152 8
0 152 8
0 152 8
0 152 8
33 171 18
33 171 8
33 171 8
33 171 8
33 171 8
33 171 8
33 171 8
33 171 8
33 171 8
33 171 8
33 171 8
33 171 8
33 171 8
33 171 8
33 171 8
33 171 8
33 171 8
33 171 8
33 171 8
33 171 8
94 149 18
94 149 8
94 149 8
94 149 8
94 149 8
94 149 8
94 149 8
94 149 8
94 149 8
94 149 8
94 149 8
94 149 8
94 149 8
94 149 8
94 149 8
94 149 8
94 149 8
94 149 8
94 149 8
94 149 8
94 149 8
94 149 8
94 149 8
94 149 8
94 149 8
94 149 8
94 149 8
94 149 8
94 149 8
94 149 8
94 149 8
94 149 8
94 149 8
94 149 8
94 149 8
94 149 8
94 149 8
94 149 8
94 149 8
94 149 8
94 149 8
94 149 8
94 149 8
94 149 8
94 149 8
94 149 8
94 149 8
94 149 8
94 149 8
94 149 8
94 149 8
94 149 8
94 149 8
94 149 8
94 149 8
94 149 8
94 149 8
94 149 8
94 149 8
94 149 8
94 149 8
94 149 8
94 149 8
94 149 8
94 149 8
94 149 8
94 149 8
94 149 8
94 149 8
94 149 8
94 149 8
94 149 8
94 149 8
94 149 8
94 149 8
94 149 8
94 149 8
94 149 8
94 149 8
94 149 8
94 149 8
94 149 8
94 149 8
94 149 8
94 149 8
94 149 8
94 149 8
94 149 8
94 149 8
94 149 8
94 149 8
94 149 8
94 149 8
94 149 8
94 149 8
94 149 8
94 149 8
94 149 8
94 149 8
94 149 8
94 149 8
94 149 8
94 149 8
94 149 8
94 149 8
94 149 8
94 149 8
94 149 8
94 149 8
94 149 8
94 149 8
94 149 8
94 149 8
94 149 8
94 149 8
94 149 8
94 149 8
94 149 8
94 149 8
94 149 8
94 149 8
94 149 8
94 149 8
94 149 8
94 149 8
94 149 8
94 149 8
94 149 8
94 149 8
94 149 8
94 149 8
94 149 8
94 149 8
94 149 8
58 64 18
58 64 8
58 64 8
58 64 8
58 64 8
157 172 18
157 172 8
157 172 8
157 172 8
157 172 8
157 172 8
157 172 8
144 144 18
144 144 8
144 144 8
145 166 18
145 166 8
145 166 8
145 166 8
145 166 8
145 166 8
145 166 8
145 166 8
145 166 8
145 166 8
145 166 8
145 166 8
145 166 8
145 166 8
145 166 8
145 166 8
145 166 8
145 166 8
145 166 8
145 166 8
145 166 8
145 166 8
145 166 8
145 166 8
145 166 8
145 166 8
145 166 8
145 166 8
145 166 8
145 166 8
145 166 8
145 166 8
145 166 8
145 166 8
145 166 8
145 166 8
145 166 8
145 166 8
145 166 8
145 166 8
145 166 8
145 166 8
145 166 8
145 166 8
145 166 8
145 166 8
145 166 8
145 166 8
145 166 8
145 166 8
145 166 8
145 166 8
145 166 8
145 166 8
145 166 8
145 166 8
145 166 8
145 166 8
145 166 8
145 166 8
145 166 8
145 166 8
145 166 8
145 166 8
145 166 8
145 166 8
145 166 8
145 166 8
145 166 8
145 166 8
145 166 8
145 166 8
145 166 8
10 66 18
10 66 8
10 66 8
10 66 8
10 66 8
10 66 8
10 66 8
10 66 8
10 66 8
10 66 8
10 66 8
10 66 8
10 66 8
10 66 8
10 66 8
10 66 8
10 66 8
10 66 8
10 66 8
10 66 8
10 66 8
10 66 8
10 66 8
10 66 8
10 66 8
10 66 8
10 66 8
10 66 8
10 66 8
10 66 8
10 66 8
10 66 8
10 66 8
10 66 8
10 66 8
10 66 8
10 66 8
10 66 8
10 66 8
10 66 8
10 66 8
10 66 8
10 66 8
10 66 8
10 66 8
10 66 8
10 66 8
10 66 8
10 66 8
10 66 8
10 66 8
10 66 8
10 66 8
10 66 8
10 66 8
10 66 8
10 66 8
10 66 8
10 66 8
10 66 8
10 66 8
10 66 8
10 66 8
10 66 8
10 66 8
10 66 8
79 120 18
67 125 18
137 30 18
136 17 18
126 22 18
126 22 8
126 22 8
126 22 8
126 22 8
126 22 8
126 22 8
126 22 8
126 22 8
126 22 8
126 22 8
126 22 8
126 22 8
126 22 8
126 22 8
126 22 8
126 22 8
126 22 8
126 22 8
126 22 8
126 22 8
126 22 8
126 22 8
126 22 8
126 22 8
126 22 8
126 22 8
136 4 18
136 4 8
136 4 8
136 4 8
136 4 8
136 4 8
136 4 8
136 4 8
136 4 8
136 4 8
136 4 8
136 4 8
136 4 8
136 4 8
136 4 8
136 4 8
136 4 8
136 4 8
136 4 8
136 4 8
170 12 18
170 12 8
170 12 8
170 12 8
170 12 8
170 12 8
170 12 8
170 12 8
170 12 8
170 12 8
170 12 8
157 161 18
157 161 8
157 161 8
157 161 8
157 161 8
157 161 8
157 161 8
157 161 8
157 161 8
157 161 8
157 161 8
157 161 8
157 161 8
157 161 8
157 161 8
157 161 8
157 161 8
157 161 8
157 161 8
157 161 8
157 161 8
157 161 8
157 161 8
157 161 8
157 161 8
157 161 8
157 161 8
157 161 8
157 161 8
157 161 8
157 161 8
157 161 8
157 161 8
157 161 8
157 161 8
157 161 8
157 161 8
156 150 18
156 150 8
156 150 8
156 150 8
156 150 8
156 150 8
156 150 8
156 150 8
156 150 8
156 150 8
156 150 8
156 150 8
156 150 8
156 150 8
156 150 8
156 150 8
156 150 8
156 150 8
156 150 8
156 150 8
82 155 18
82 155 8
82 155 8
82 155 8
82 155 8
82 155 8
82 155 8
82 155 8
82 155 8
82 155 8
82 155 8
82 155 8
82 155 8
82 155 8
82 155 8
82 155 8
82 155 8
82 155 8
82 155 8
82 155 8
82 155 8
82 155 8
82 155 8
82 155 8
82 155 8
82 155 8
82 155 8
82 155 8
82 155 8
82 155 8
82 155 8
82 155 8
82 155 8
82 155 8
82 155 8
82 155 8
82 155 8
82 155 8
82 155 8
82 155 8
82 155 8
82 155 8
82 155 8
82 155 8
82 155 8
82 155 8
82 155 8
82 155 8
82 155 8
82 155 8
82 155 8
82 155 8
82 155 8
82 155 8
82 155 8
82 155 8
82 155 8
82 155 8
82 155 8
82 155 8
82 155 8
82 155 8
82 155 8
82 155 8
82 155 8
82 155 8
82 155 8
82 155 8
82 155 8
82 155 8
82 155 8
82 155 8
82 155 8
82 155 8
82 155 8
82 155 8
82 155 8
82 155 8
82 155 8
82 155 8
80 143 18
80 143 8
80 143 8
80 143 8
80 143 8
21 98 18
21 98 8
21 98 8
21 98 8
21 98 8
21 98 8
21 98 8
21 98 8
21 98 8
21 98 8
21 98 8
21 98 8
21 98 8
21 98 8
21 98 8
21 98 8
21 98 8
21 98 8
21 98 8
21 98 8
21 98 8
21 98 8
21 98 8
21 98 8
21 98 8
21 98 8
21 98 8
21 98 8
21 98 8
21 98 8
21 98 8
21 98 8
21 98 8
21 98 8
21 98 8
21 98 8
21 98 8
21 98 8
21 98 8
21 98 8
21 98 8
21 98 8
21 98 8
21 98 8
21 98 8
21 98 8
21 98 8
21 98 8
21 98 8
21 98 8
21 98 8
21 98 8
21 98 8
21 98 8
21 98 8
21 98 8
21 98 8
21 98 8
21 98 8
21 98 8
21 98 8
21 98 8
21 98 8
21 98 8
21 98 8
21 98 8
21 98 8
21 98 8
21 98 8
21 98 8
21 98 8
21 98 8
21 98 8
21 98 8
21 98 8
21 98 8
21 98 8
21 98 8
21 98 8
21 98 8
21 98 8
21 98 8
21 98 8
21 98 8
21 98 8
21 98 8
33 158 18
33 158 8
33 158 8
33 158 8
33 158 8
33 158 8
21 151 18
21 151 8
21 151 8
10 145 18
10 145 8
10 145 8
10 145 8
10 145 8
10 145 8
10 145 8
10 145 8
10 145 8
10 145 8
10 145 8
10 145 8
10 145 8
10 145 8
10 145 8
10 145 8
10 145 8
10 145 8
10 145 8
10 145 8
10 145 8
10 145 8
10 145 8
10 145 8
10 145 8
10 145 8
10 145 8
10 145 8
10 145 8
10 145 8
10 145 8
10 145 8
10 145 8
10 145 8
10 145 8
10 145 8
10 145 8
10 145 8
10 145 8
10 145 8
10 145 8
10 145 8
10 145 8
10 145 8
10 145 8
32 145 18
32 145 8
32 145 8
32 145 8
32 145 8
10 118 18
10 118 8
10 118 8
10 118 8
10 118 8
10 118 8
10 118 8
10 118 8
10 118 8
10 118 8
10 118 8
10 118 8
10 118 8
10 118 8
10 118 8
10 118 8
10 118 8
10 118 8
10 118 8
10 118 8
10 118 8
10 118 8
10 118 8
10 118 8
10 118 8
10 118 8
10 118 8
10 118 8
10 118 8
10 118 8
10 118 8
10 118 8
10 118 8
10 118 8
10 118 8
10 118 8
10 118 8
10 118 8
10 118 8
10 118 8
10 118 8
10 118 8
10 118 8
10 118 8
10 118 8
10 118 8
10 118 8
10 118 8
10 118 8
10 118 8
10 118 8
10 118 8
10 118 8
10 118 8
10 118 8
10 118 8
10 118 8
10 118 8
10 118 8
10 118 8
10 118 8
10 118 8
10 118 8
10 118 8
10 118 8
10 118 8
10 118 8
10 118 8
10 118 8
10 118 8
10 118 8
10 118 8
10 118 8
10 118 8
10 118 8
10 118 8
10 118 8
10 118 8
10 118 8
10 118 8
10 118 8
10 118 8
10 118 8
10 118 8
10 118 8
10 118 8
10 118 8
10 118 8
10 118 8
10 118 8
10 118 8
10 118 8
10 118 8
10 118 8
10 118 8
10 118 8
10 118 8
10 118 8
10 118 8
10 118 8
10 118 8
10 118 8
59 37 18
47 33 18
59 25 18
170 0 18
170 0 8
170 0 8
170 0 8
170 0 8
170 0 8
22 72 18
22 72 8
22 72 8
22 72 8
22 72 8
22 72 8
22 72 8
22 72 8
22 72 8
22 72 8
22 72 8
22 72 8
22 72 8
22 72 8
22 72 8
22 72 8
22 72 8
22 72 8
22 72 8
22 72 8
22 72 8
22 72 8
22 72 8
22 72 8
22 72 8
22 72 8
22 72 8
22 72 8
22 72 8
22 72 8
22 72 8
22 72 8
22 72 8
22 72 8
22 72 8
22 72 8
22 72 8
22 72 8
22 72 8
22 72 8
22 72 8
22 72 8
22 72 8
22 72 8
22 72 8
22 72 8
22 72 8
22 72 8
22 72 8
22 72 8
22 72 8
22 72 8
22 72 8
22 72 8
22 72 8
22 72 8
22 72 8
22 72 8
22 72 8
22 72 8
22 72 8
22 72 8
22 72 8
22 72 8
22 72 8
22 72 8
22 72 8
22 72 8
22 72 8
22 72 8
22 72 8
22 72 8
22 72 8
22 72 8
22 72 8
22 72 8
22 72 8
22 72 8
22 72 8
22 72 8
22 72 8
22 72 8
22 72 8
22 72 8
22 72 8
22 72 8
22 72 8
22 72 8
22 72 8
22 72 8
22 72 8
22 72 8
22 72 8
22 72 8
22 72 8
22 72 8
22 72 8
22 72 8
22 72 8
22 72 8
22 72 8
22 72 8
22 72 8
22 72 8
22 72 8
22 72 8
22 72 8
22 72 8
22 72 8
22 72 8
22 72 8
22 72 8
22 72 8
22 72 8
0 179 18
0 179 8
0 179 8
10 185 18
10 185 8
10 185 8
10 185 8
10 185 8
10 185 8
10 185 8
10 185 8
10 185 8
10 185 8
10 185 8
10 185 8
10 185 8
10 185 8
10 185 8
10 185 8
10 185 8
10 185 8
10 185 8
10 185 8
10 185 8
10 185 8
10 185 8
10 185 8
10 185 8
10 185 8
10 185 8
10 185 8
10 185 8
10 185 8
10 185 8
10 185 8
10 185 8
10 185 8
10 185 8
10 185 8
10 185 8
10 185 8
10 185 8
10 185 8
10 185 8
10 185 8
10 185 8
10 185 8
47 20 18
47 20 8
47 20 8
47 20 8
47 20 8
47 20 8
47 20 8
47 20 8
47 20 8
47 20 8
47 20 8
47 20 8
47 20 8
47 20 8
47 20 8
47 20 8
47 20 8
0 60 18
0 60 8
0 60 8
0 60 8
0 60 8
0 60 8
0 60 8
0 60 8
0 60 8
0 60 8
0 60 8
0 60 8
0 60 8
0 60 8
0 60 8
0 60 8
0 60 8
0 60 8
0 60 8
0 60 8
0 60 8
0 60 8
0 60 8
0 60 8
0 60 8
0 60 8
0 60 8
0 60 8
0 60 8
0 60 8
0 60 8
0 60 8
0 60 8
0 60 8
0 60 8
0 60 8
0 60 8
0 60 8
0 60 8
0 60 8
0 60 8
0 60 8
0 60 8
0 60 8
0 60 8
0 60 8
0 60 8
0 60 8
0 60 8
0 60 8
0 60 8
0 60 8
0 60 8
0 60 8
0 60 8
0 60 8
0 60 8
0 60 8
0 60 8
0 60 8
0 60 8
0 60 8
0 60 8
0 60 8
0 60 8
0 60 8
0 60 8
0 60 8
0 60 8
0 60 8
0 60 8
0 60 8
0 60 8
0 60 8
0 60 8
0 60 8
0 60 8
0 60 8
0 60 8
0 60 8
0 60 8
0 60 8
0 60 8
0 60 8
0 60 8
0 60 8
0 60 8
0 60 8
0 60 8
0 60 8
0 60 8
0 60 8
0 60 8
0 60 8
0 60 8
0 60 8
0 60 8
0 60 8
0 60 8
0 60 8
0 60 8
0 60 8
0 60 8
0 60 8
0 60 8
0 60 8
0 60 8
0 60 8
0 60 8
0 60 8
0 60 8
127 36 18
117 41 18
10 66 8
10 66 8
10 66 8
10 66 8
10 66 8
10 66 8
10 66 8
10 66 8
10 66 8
10 66 8
10 66 8
10 66 8
10 66 8
10 66 8
10 66 8
10 66 8
10 66 8
10 66 8
10 66 8
10 66 8
10 66 8
10 66 8
10 66 8
10 66 8
10 66 8
10 66 8
10 66 8
10 66 8
10 66 8
10 66 8
10 66 8
10 66 8
10 66 8
10 66 8
10 66 8
10 66 8
10 66 8
10 66 8
10 66 8
10 66 8
10 66 8
10 66 8
10 66 8
10 66 8
10 66 8
10 66 8
10 66 8
10 66 8
10 66 8
10 66 8
10 66 8
10 66 8
10 66 8
10 66 8
10 66 8
10 66 8
10 66 8
10 66 8
10 66 8
10 66 8
10 66 8
10 66 8
10 66 8
10 66 8
10 66 8
10 66 8
10 66 8
10 66 8
10 66 8
10 66 8
10 66 8
10 66 8
10 66 8
10 66 8
10 66 8
10 66 8
10 66 8
10 66 8
10 66 8
10 66 8
10 66 8
10 66 8
10 66 8
10 66 8
10 66 8
10 66 8
10 66 8
10 66 8
10 66 8
10 66 8
10 66 8
10 66 8
10 66 8
10 66 8
10 66 8
10 66 8
10 66 8
10 66 8
10 66 8
10 66 8
10 66 8
10 66 8
10 66 8
10 66 8
10 66 8
10 66 8
10 66 8
10 66 8
10 66 8
10 66 8
10 66 8
10 66 8
10 66 8
10 66 8
10 66 8
10 66 8
10 66 8
10 66 8
10 66 8
10 66 8
10 66 8
10 66 8
10 66 8
10 66 8
10 66 8
10 66 8
10 66 8
10 66 8
10 66 8
10 66 8
10 66 8
10 66 8
10 66 8
10 66 8
10 66 8
10 66 8
10 66 8
10 66 8
10 66 8
10 66 8
10 66 8
10 66 8
10 66 8
10 66 8
10 66 8
10 66 8
10 66 8
10 66 8
10 66 8
10 66 8
10 66 8
10 66 8
10 66 8
10 66 8
10 66 8
10 66 8
10 66 8
10 66 8
10 66 8
10 66 8
10 66 8
10 66 8
10 66 8
10 66 8
10 66 8
10 66 8
10 66 8
10 66 8
10 66 8
10 66 8
10 66 8
10 66 8
10 66 8
10 66 8
10 66 8
10 66 8
10 66 8
10 66 8
10 66 8
10 66 8
10 66 8
10 66 8
10 66 8
10 66 8
10 66 8
10 66 8
10 66 8
10 66 8
10 66 8
10 66 8
10 66 8
10 66 8
10 66 8
10 66 8
10 66 8
10 66 8
10 66 8
10 66 8
10 66 8
10 66 8
10 66 8
10 66 8
10 66 8
10 66 8
10 66 8
10 66 8
10 66 8
10 66 8
10 66 8
10 66 8
10 66 8
10 66 8
10 66 8
10 66 8
10 66 8
10 66 8
10 66 8
10 66 8
10 66 8
10 66 8
10 66 8
10 66 8
10 66 8
10 66 8
10 66 8
10 66 8
10 66 8
10 66 8
10 66 8
10 66 8
10 66 8
10 66 8
10 66 8
10 66 8
10 66 8
10 66 8
10 66 8
10 66 8
10 66 8
10 66 8
10 66 8
10 66 8
10 66 8
10 66 8
10 66 8
10 66 8
10 66 8
10 66 8
10 66 8
10 66 8
10 66 8
10 66 8
10 66 8
10 66 8
10 66 8
10 66 8
10 66 8
10 66 8
10 66 8
10 66 8
10 66 8
10 66 8
10 66 8
10 66 8
10 66 8
10 66 8
10 66 8
10 66 8
10 66 8
10 66 8
10 66 8
10 66 8
10 66 8
10 66 8
10 66 8
10 66 8
10 66 8
10 66 8
10 66 8
10 66 8
10 66 8
21 85 18
21 85 8
21 85 8
21 85 8
21 85 8
21 85 8
21 85 8
21 85 8
21 85 8
21 85 8
21 85 8
21 85 8
21 85 8
21 85 8
21 85 8
21 85 8
21 85 8
21 85 8
21 85 8
21 85 8
21 85 8
21 85 8
21 85 8
21 85 8
21 85 8
21 85 8
21 85 8
21 85 8
21 85 8
21 85 8
21 85 8
21 85 8
21 85 8
21 85 8
21 85 8
21 85 8
21 85 8
21 85 8
21 85 8
21 85 8
21 85 8
21 85 8
21 85 8
21 85 8
21 85 8
21 85 8
21 85 8
21 85 8
21 85 8
21 85 8
21 85 8
21 85 8
21 85 8
21 85 8
21 85 8
21 85 8
21 85 8
21 85 8
21 85 8
21 85 8
21 85 8
21 85 8
21 85 8
21 85 8
21 85 8
21 85 8
21 85 8
21 85 8
21 85 8
21 85 8
21 85 8
21 85 8
21 85 8
21 85 8
21 85 8
21 85 8
21 85 8
21 85 8
21 85 8
21 85 8
21 85 8
21 85 8
21 85 8
21 85 8
21 85 8
21 85 8
21 85 8
21 85 8
21 85 8
21 85 8
21 85 8
21 85 8
21 85 8
21 85 8
21 85 8
21 85 8
21 85 8
21 85 8
21 85 8
21 85 8
21 85 8
21 85 8
21 85 8
21 85 8
21 85 8
21 85 8
21 85 8
21 85 8
21 85 8
21 85 8
21 85 8
21 85 8
21 85 8
21 85 8
21 85 8
21 85 8
21 85 8
21 85 8
21 85 8
21 85 8
21 85 8
21 85 8
21 85 8
21 85 8
21 85 8
21 85 8
21 85 8
21 85 8
21 85 8
21 85 8
21 85 8
21 85 8
21 85 8
21 85 8
21 85 8
21 85 8
21 85 8
21 85 8
21 85 8
21 85 8
21 85 8
21 85 8
21 85 8
21 85 8
21 85 8
21 85 8
21 85 8
21 85 8
21 85 8
21 85 8
21 85 8
21 85 8
21 85 8
21 85 8
21 85 8
21 85 8
21 85 8
21 85 8
21 85 8
21 85 8
21 85 8
21 85 8
21 85 8
21 85 8
21 85 8
21 85 8
21 85 8
21 85 8
21 85 8
21 85 8
21 85 8
21 85 8
21 85 8
21 85 8
21 85 8
21 85 8
21 85 8
21 85 8
21 85 8
21 85 8
21 85 8
21 85 8
21 85 8
21 85 8
21 85 8
21 85 8
21 85 8
21 85 8
21 85 8
21 85 8
21 85 8
21 85 8
21 85 8
21 85 8
21 85 8
21 85 8
21 85 8
21 85 8
21 85 8
21 85 8
21 85 8
21 85 8
21 85 8
21 85 8
21 85 8
21 85 8
21 85 8
21 85 8
21 85 8
21 85 8
21 85 8
21 85 8
21 85 8
21 85 8
21 85 8
21 85 8
21 85 8
21 85 8
21 85 8
21 85 8
21 85 8
21 85 8
21 85 8
21 85 8
21 85 8
21 85 8
21 85 8
21 85 8
21 85 8
21 85 8
21 85 8
21 85 8
21 85 8
21 85 8
21 85 8
21 85 8
21 85 8
21 85 8
21 85 8
21 85 8
21 85 8
21 85 8
21 85 8
21 85 8
21 85 8
21 85 8
21 85 8
21 85 8
21 85 8
21 85 8
21 85 8
21 85 8
21 85 8
21 85 8
21 85 8
21 85 8
21 85 8
21 85 8
21 85 8
21 85 8
21 85 8
21 85 8
21 85 8
21 85 8
21 85 8
21 85 8
21 85 8
21 85 8
21 85 8
21 85 8
21 85 8
21 85 8
21 85 8
21 85 8
21 85 8
21 85 8
21 85 8
21 85 8
21 85 8
21 85 8
21 85 8
21 85 8
21 85 8
21 85 8
21 85 8
21 85 8
21 85 8
21 85 8
21 85 8
21 85 8
21 85 8
21 85 8
21 85 8
21 85 8
21 85 8
21 85 8
21 85 8
21 85 8
21 85 8
21 85 8
21 85 8
21 85 8
21 85 8
21 85 8
21 85 8
21 85 8
21 85 8
21 85 8
21 85 8
21 85 8
21 85 8
21 85 8
21 85 8
21 85 8
21 85 8
21 85 8
21 85 8
21 85 8
21 85 8
21 85 8
21 85 8
21 85 8
21 85 8
21 85 8
21 85 8
21 85 8
21 85 8
21 85 8
21 85 8
21 85 8
21 85 8
21 85 8
21 85 8
21 85 8
21 85 8
21 85 8
21 85 8
21 85 8
21 85 8
21 85 8
21 85 8
21 85 8
21 85 8
21 85 8
21 85 8
21 85 8
21 85 8
21 85 8
21 85 8
21 85 8
21 85 8
21 85 8
21 85 8
21 85 8
21 85 8
21 85 8
21 85 8
21 85 8
21 85 8
21 85 8
21 85 8
21 85 8
21 85 8
21 85 8
21 85 8
21 85 8
21 85 8
21 85 8
21 85 8
21 85 8
21 111 18
21 111 8
34 66 18
34 66 8
21 111 8
21 111 8
21 111 8
21 111 8
21 111 8
21 111 8
21 111 8
21 111 8
21 111 8
21 111 8
21 111 8
21 111 8
21 111 8
21 111 8
21 111 8
21 111 8
21 111 8
21 111 8
21 111 8
21 111 8
21 111 8
21 111 8
21 111 8
21 111 8
21 111 8
21 111 8
21 111 8
32 105 18
32 105 8
32 105 8
32 105 8
32 105 8
32 105 8
32 105 8
32 105 8
32 105 8
32 105 8
32 105 8
32 105 8
32 105 8
32 105 8
32 105 8
32 105 8
32 105 8
32 105 8
32 105 8
32 105 8
32 105 8
32 105 8
32 105 8
32 105 8
32 105 8
32 105 8
32 105 8
32 105 8
32 105 8
32 105 8
32 105 8
32 105 8
32 105 8
32 105 8
32 105 8
32 105 8
32 105 8
32 105 8
32 105 8
22 35 18
22 35 8
22 35 8
22 35 8
22 35 8
22 35 8
22 35 8
22 35 8
22 35 8
22 35 8
22 35 8
22 35 8
22 35 8
22 35 8
22 35 8
22 35 8
22 35 8
22 35 8
22 35 8
22 35 8
22 35 8
22 35 8
22 35 8
22 35 8
22 35 8
34 66 8
34 66 8
34 66 8
34 66 8
34 66 8
34 66 8
34 66 8
34 66 8
34 66 8
34 66 8
34 66 8
34 66 8
34 66 8
34 66 8
34 66 8
34 66 8
34 66 8
34 66 8
34 66 8
34 66 8
34 66 8
34 66 8
34 66 8
34 66 8
34 66 8
34 66 8
34 66 8
34 66 8
34 66 8
34 66 8
34 66 8
34 66 8
34 66 8
34 66 8
34 66 8
34 66 8
34 66 8
34 66 8
34 66 8
34 66 8
34 66 8
34 66 8
34 66 8
34 66 8
34 66 8
34 66 8
34 66 8
34 66 8
34 66 8
34 66 8
44 150 18
44 150 8
44 150 8
44 150 8
44 150 8
44 150 8
44 150 8
44 150 8
44 150 8
44 150 8
44 150 8
44 150 8
44 150 8
44 150 8
44 150 8
44 150 8
44 150 8
44 150 8
44 150 8
44 150 8
44 150 8
44 150 8
44 150 8
44 150 8
44 150 8
44 150 8
44 150 8
55 144 18
55 144 8
55 144 8
55 144 8
55 144 8
55 144 8
55 144 8
55 144 8
55 144 8
55 144 8
55 144 8
55 144 8
55 144 8
55 144 8
55 144 8
55 144 8
55 144 8
55 144 8
55 144 8
55 144 8
55 144 8
55 144 8
55 144 8
55 144 8
55 144 8
55 144 8
55 144 8
55 144 8
55 144 8
55 144 8
55 144 8
55 144 8
55 144 8
55 144 8
55 144 8
55 144 8
55 144 8
55 144 8
55 144 8
55 144 8
55 144 8
55 144 8
55 144 8
55 144 8
55 144 8
55 144 8
55 144 8
55 144 8
55 144 8
55 144 8
55 144 8
55 144 8
55 144 8
55 144 8
55 144 8
67 137 18
0 124 18
0 124 8
0 124 8
0 124 8
0 124 8
0 124 8
0 124 8
0 124 8
0 124 8
0 124 8
0 124 8
0 124 8
0 124 8
0 124 8
0 124 8
0 124 8
0 124 8
0 124 8
0 124 8
0 124 8
0 124 8
0 124 8
0 124 8
0 124 8
0 124 8
0 124 8
0 124 8
0 124 8
0 124 8
0 124 8
0 124 8
0 124 8
0 124 8
0 124 8
0 124 8
0 124 8
0 124 8
0 124 8
0 124 8
0 124 8
0 124 8
0 124 8
0 124 8
0 124 8
0 124 8
0 124 8
0 124 8
0 124 8
0 124 8
0 124 8
0 124 8
0 124 8
0 124 8
0 124 8
0 124 8
0 124 8
0 124 8
0 124 8
0 124 8
0 124 8
0 124 8
0 124 8
0 124 8
0 124 8
0 124 8
0 124 8
0 124 8
0 124 8
0 124 8
0 124 8
0 124 8
0 124 8
0 124 8
0 124 8
0 124 8
0 124 8
0 124 8
0 124 8
0 124 8
0 124 8
0 124 8
0 124 8
0 124 8
0 124 8
0 124 8
0 124 8
0 124 8
0 124 8
0 124 8
0 124 8
0 124 8
0 124 8
32 105 8
32 105 8
32 105 8
32 105 8
32 105 8
32 105 8
32 105 8
32 105 8
32 105 8
32 105 8
32 105 8
32 105 8
32 105 8
32 105 8
32 105 8
32 105 8
32 105 8
32 105 8
32 105 8
32 105 8
32 105 8
117 28 18
117 28 8
117 28 8
117 28 8
117 28 8
117 28 8
117 28 8
117 28 8
117 28 8
117 28 8
117 28 8
117 28 8
117 28 8
117 28 8
117 28 8
117 28 8
117 28 8
117 28 8
117 28 8
117 28 8
117 28 8
117 28 8
117 28 8
117 28 8
117 28 8
106 34 18
106 34 8
106 34 8
106 34 8
106 34 8
106 34 8
106 34 8
106 34 8
106 34 8
106 34 8
106 34 8
106 34 8
106 34 8
106 34 8
106 34 8
106 34 8
106 34 8
106 34 8
106 34 8
106 34 8
106 34 8
106 34 8
106 34 8
106 34 8
106 34 8
106 34 8
106 34 8
106 34 8
106 34 8
106 34 8
106 34 8
106 34 8
106 34 8
106 34 8
106 34 8
106 34 8
106 34 8
106 34 8
106 34 8
106 34 8
106 34 8
106 34 8
106 34 8
106 34 8
106 34 8
106 34 8
106 34 8
106 34 8
106 34 8
106 34 8
106 34 8
106 34 8
106 34 8
106 34 8
106 34 8
106 34 8
106 34 8
106 34 8
106 34 8
106 34 8
106 34 8
106 34 8
106 34 8
72 29 18
72 29 8
72 29 8
72 29 8
72 29 8
72 29 8
72 29 8
72 29 8
72 29 8
128 49 18
118 56 18
118 56 8
84 34 18
84 34 8
84 34 8
84 34 8
84 34 8
84 34 8
84 34 8
84 34 8
84 34 8
84 34 8
84 34 8
84 34 8
84 34 8
84 34 8
84 34 8
84 34 8
84 34 8
84 34 8
84 34 8
84 34 8
84 34 8
84 34 8
84 34 8
84 34 8
84 34 8
84 34 8
84 34 8
84 34 8
84 34 8
84 34 8
84 34 8
84 34 8
84 34 8
84 34 8
84 34 8
84 34 8
84 34 8
84 34 8
84 34 8
84 34 8
84 34 8
84 34 8
84 34 8
84 34 8
84 34 8
84 34 8
84 34 8
84 34 8
84 34 8
84 34 8
84 34 8
84 34 8
84 34 8
84 34 8
84 34 8
84 34 8
84 34 8
84 34 8
84 34 8
84 34 8
84 34 8
84 34 8
84 34 8
84 34 8
84 34 8
84 34 8
84 34 8
84 34 8
84 34 8
84 34 8
84 34 8
34 28 18
34 28 8
34 28 8
34 28 8
34 28 8
34 28 8
34 28 8
34 28 8
34 28 8
34 28 8
34 28 8
34 28 8
34 28 8
34 28 8
34 28 8
34 28 8
34 28 8
34 28 8
34 28 8
34 28 8
34 28 8
34 28 8
34 28 8
34 28 8
34 28 8
34 28 8
34 28 8
34 28 8
34 28 8
34 28 8
34 28 8
34 28 8
34 28 8
34 28 8
34 28 8
34 28 8
34 28 8
34 28 8
34 28 8
34 28 8
34 28 8
34 28 8
34 28 8
34 28 8
34 28 8
34 28 8
138 44 18
107 47 18
106 62 18
95 54 18
21 98 8
21 98 8
21 98 8
21 98 8
21 98 8
21 98 8
21 98 8
21 98 8
21 98 8
21 98 8
21 98 8
21 98 8
21 98 8
21 98 8
21 98 8
21 98 8
21 98 8
21 98 8
21 98 8
21 98 8
21 98 8
21 98 8
32 118 18
32 118 8
32 118 8
32 118 8
32 118 8
32 118 8
32 118 8
32 118 8
32 118 8
32 118 8
32 118 8
32 118 8
32 118 8
32 118 8
32 118 8
32 118 8
32 118 8
32 118 8
32 131 18
32 131 8
32 131 8
32 131 8
32 131 8
32 131 8
32 131 8
32 131 8
32 131 8
32 131 8
32 131 8
32 131 8
32 131 8
32 131 8
32 131 8
32 131 8
32 131 8
32 131 8
32 131 8
32 131 8
32 131 8
32 131 8
32 131 8
32 131 8
32 131 8
32 131 8
32 131 8
32 131 8
32 131 8
32 131 8
32 131 8
32 131 8
43 125 18
43 125 8
43 125 8
43 125 8
43 125 8
43 125 8
43 125 8
43 125 8
43 125 8
43 125 8
43 125 8
43 125 8
43 125 8
43 125 8
43 125 8
43 125 8
43 138 18
43 138 8
43 138 8
43 138 8
43 138 8
43 138 8
43 138 8
43 138 8
43 138 8
43 138 8
43 138 8
43 138 8
43 138 8
43 138 8
43 138 8
43 138 8
43 138 8
43 138 8
43 138 8
43 138 8
43 138 8
43 138 8
43 138 8
43 138 8
43 138 8
43 138 8
43 138 8
43 138 8
43 138 8
43 138 8
43 138 8
43 138 8
43 138 8
43 138 8
43 138 8
43 138 8
43 138 8
43 138 8
43 138 8
43 138 8
55 119 18
83 62 18
83 62 8
94 69 18
70 70 18
70 70 8
70 70 8
70 70 8
70 70 8
70 70 8
70 70 8
70 70 8
70 70 8
70 70 8
70 70 8
70 70 8
70 70 8
70 70 8
70 70 8
70 70 8
70 70 8
70 70 8
70 70 8
70 70 8
70 70 8
70 70 8
70 70 8
70 70 8
70 70 8
70 70 8
70 70 8
70 70 8
70 70 8
70 70 8
70 70 8
70 70 8
70 70 8
70 70 8
70 70 8
70 70 8
70 70 8
70 70 8
70 70 8
70 70 8
70 70 8
70 70 8
70 70 8
70 70 8
70 70 8
70 70 8
70 70 8
70 70 8
70 70 8
70 70 8
70 70 8
70 70 8
70 70 8
70 70 8
70 70 8
70 70 8
70 70 8
70 70 8
70 70 8
70 70 8
70 70 8
70 70 8
70 70 8
70 70 8
70 70 8
148 38 18
148 38 8
148 38 8
148 38 8
148 38 8
148 38 8
148 38 8
148 38 8
148 38 8
148 38 8
148 38 8
148 38 8
148 38 8
148 38 8
148 38 8
22 35 8
22 35 8
22 35 8
22 35 8
22 35 8
22 35 8
22 35 8
22 35 8
22 35 8
22 35 8
22 35 8
22 35 8
22 35 8
22 35 8
22 35 8
22 35 8
22 35 8
22 35 8
22 35 8
22 35 8
22 35 8
22 35 8
22 35 8
22 35 8
22 35 8
22 35 8
22 35 8
22 35 8
22 35 8
22 35 8
22 35 8
22 35 8
22 35 8
22 35 8
22 35 8
22 35 8
22 35 8
22 35 8
22 35 8
22 35 8
22 35 8
22 35 8
22 35 8
22 35 8
22 35 8
22 35 8
22 35 8
22 35 8
22 35 8
22 35 8
22 35 8
22 35 8
22 35 8
22 35 8
22 35 8
22 35 8
22 35 8
22 35 8
22 35 8
22 35 8
22 35 8
22 35 8
22 35 8
22 35 8
22 35 8
22 35 8
22 35 8
22 35 8
22 35 8
22 35 8
22 35 8
22 35 8
22 35 8
22 35 8
22 35 8
22 35 8
22 35 8
22 35 8
22 35 8
22 35 8
22 35 8
22 35 8
22 35 8
22 35 8
22 35 8
22 35 8
22 35 8
22 35 8
22 35 8
22 35 8
22 35 8
22 35 8
22 35 8
22 35 8
22 35 8
22 35 8
22 35 8
22 35 8
22 35 8
22 35 8
22 35 8
22 35 8
22 35 8
22 35 8
22 35 8
22 35 8
22 35 8
22 35 8
22 35 8
22 35 8
22 35 8
22 35 8
22 35 8
22 35 8
22 35 8
22 35 8
22 35 8
22 35 8
22 35 8
22 35 8
22 35 8
22 35 8
22 35 8
22 35 8
22 35 8
22 35 8
22 35 8
22 35 8
22 35 8
22 35 8
22 35 8
22 35 8
22 35 8
22 35 8
22 35 8
22 35 8
22 35 8
22 35 8
22 35 8
22 35 8
22 35 8
22 35 8
22 35 8
22 35 8
22 35 8
22 35 8
22 35 8
22 35 8
22 35 8
22 35 8
22 35 8
22 35 8
22 35 8
22 35 8
22 35 8
22 35 8
22 35 8
22 35 8
22 35 8
22 35 8
22 35 8
22 35 8
22 35 8
22 35 8
22 35 8
22 35 8
22 35 8
22 35 8
22 35 8
22 35 8
22 35 8
22 35 8
22 35 8
22 35 8
22 35 8
22 35 8
22 35 8
22 35 8
22 35 8
22 35 8
22 35 8
22 35 8
22 35 8
22 35 8
22 35 8
22 35 8
22 35 8
22 35 8
22 35 8
22 35 8
22 35 8
22 35 8
22 35 8
22 35 8
22 35 8
22 35 8
22 35 8
22 35 8
22 35 8
22 35 8
22 35 8
22 35 8
22 35 8
22 35 8
22 35 8
22 35 8
22 35 8
22 35 8
22 35 8
22 35 8
22 35 8
22 35 8
22 35 8
22 35 8
22 35 8
22 35 8
22 35 8
22 35 8
22 35 8
22 35 8
22 35 8
22 35 8
22 35 8
22 35 8
22 35 8
22 35 8
22 35 8
22 35 8
22 35 8
22 35 8
22 35 8
22 35 8
22 35 8
22 35 8
22 35 8
22 35 8
22 35 8
22 35 8
22 35 8
22 35 8
22 35 8
22 35 8
22 35 8
22 35 8
22 35 8
22 35 8
22 35 8
22 35 8
22 35 8
22 35 8
22 35 8
22 35 8
22 35 8
22 35 8
22 35 8
22 35 8
22 35 8
22 35 8
22 35 8
22 35 8
22 35 8
22 35 8
22 35 8
22 35 8
22 35 8
22 35 8
22 35 8
22 35 8
22 35 8
22 35 8
22 35 8
22 35 8
22 35 8
22 35 8
22 35 8
22 35 8
22 35 8
22 35 8
22 35 8
22 35 8
22 35 8
22 35 8
22 35 8
22 35 8
22 35 8
22 35 8
22 35 8
22 35 8
22 35 8
22 35 8
22 35 8
22 35 8
22 35 8
22 35 8
22 35 8
22 35 8
22 35 8
22 35 8
22 35 8
22 35 8
22 35 8
22 35 8
22 35 8
22 35 8
22 35 8
22 35 8
22 35 8
22 35 8
22 35 8
22 35 8
22 35 8
22 35 8
22 35 8
22 35 8
22 35 8
22 35 8
22 35 8
22 35 8
22 35 8
22 35 8
22 35 8
22 35 8
22 35 8
22 35 8
22 35 8
22 35 8
22 35 8
22 35 8
22 35 8
22 35 8
22 35 8
22 35 8
22 35 8
22 35 8
22 35 8
22 35 8
22 35 8
22 35 8
22 35 8
22 35 8
22 35 8
22 35 8
22 35 8
22 35 8
22 35 8
22 35 8
22 35 8
22 35 8
22 35 8
22 35 8
22 35 8
22 35 8
22 35 8
22 35 8
22 35 8
34 15 18
34 15 8
34 15 8
34 15 8
34 15 8
34 15 8
34 15 8
34 15 8
34 15 8
34 15 8
34 15 8
34 15 8
34 15 8
34 15 8
34 15 8
34 15 8
34 15 8
34 15 8
34 15 8
34 15 8
34 15 8
34 15 8
34 15 8
34 15 8
34 15 8
34 15 8
34 15 8
34 15 8
34 15 8
34 15 8
34 15 8
34 15 8
34 15 8
34 15 8
34 15 8
34 15 8
34 15 8
34 15 8
34 15 8
34 15 8
34 15 8
34 15 8
34 15 8
34 15 8
34 15 8
34 15 8
34 15 8
34 15 8
34 15 8
34 15 8
34 15 8
34 15 8
34 15 8
34 15 8
34 15 8
34 15 8
34 15 8
34 15 8
34 15 8
34 15 8
149 51 18
149 51 8
149 51 8
149 51 8
149 51 8
149 51 8
149 51 8
149 51 8
149 51 8
149 51 8
149 51 8
149 51 8
149 51 8
149 51 8
149 51 8
149 51 8
149 51 8
149 51 8
149 51 8
149 51 8
149 51 8
149 51 8
149 51 8
149 51 8
149 51 8
149 51 8
149 51 8
149 51 8
149 51 8
149 51 8
149 51 8
149 51 8
149 51 8
149 51 8
149 51 8
149 51 8
149 51 8
149 51 8
149 51 8
149 51 8
149 51 8
149 51 8
149 51 8
149 51 8
149 51 8
149 51 8
149 51 8
149 51 8
149 51 8
149 51 8
149 51 8
149 51 8
149 51 8
149 51 8
149 51 8
149 51 8
149 51 8
149 51 8
149 51 8
149 51 8
149 51 8
149 51 8
149 51 8
149 51 8
149 51 8
149 51 8
149 51 8
149 51 8
149 51 8
149 51 8
149 51 8
149 51 8
149 51 8
149 51 8
149 51 8
149 51 8
149 51 8
149 51 8
149 51 8
149 51 8
149 51 8
149 51 8
149 51 8
149 51 8
149 51 8
149 51 8
149 51 8
71 17 18
59 12 18
71 4 18
59 0 18
59 0 8
59 0 8
59 0 8
59 0 8
47 7 18
47 7 8
47 7 8
47 7 8
47 7 8
47 7 8
47 7 8
47 7 8
47 7 8
47 7 8
47 7 8
47 7 8
47 7 8
47 7 8
47 7 8
47 7 8
47 7 8
47 7 8
47 7 8
47 7 8
47 7 8
47 7 8
47 7 8
47 7 8
47 7 8
47 7 8
47 7 8
47 7 8
47 7 8
47 7 8
47 7 8
47 7 8
47 7 8
47 7 8
47 7 8
47 7 8
47 7 8
47 7 8
47 7 8
47 7 8
47 7 8
47 7 8
47 7 8
47 7 8
47 7 8
47 7 8
47 7 8
47 7 8
47 7 8
47 7 8
47 7 8
47 7 8
47 7 8
47 7 8
47 7 8
47 7 8
47 7 8
47 7 8
47 7 8
47 7 8
47 7 8
47 7 8
47 7 8
47 7 8
47 7 8
47 7 8
47 7 8
47 7 8
47 7 8
47 7 8
47 7 8
47 7 8
47 7 8
47 7 8
47 7 8
47 7 8
47 7 8
47 7 8
47 7 8
47 7 8
47 7 8
47 7 8
126 10 18
126 10 8
126 10 8
126 10 8
126 10 8
126 10 8
126 10 8
126 10 8
126 10 8
126 10 8
126 10 8
126 10 8
126 10 8
126 10 8
126 10 8
126 10 8
126 10 8
126 10 8
126 10 8
126 10 8
126 10 8
126 10 8
126 10 8
126 10 8
126 10 8
126 10 8
126 10 8
126 10 8
126 10 8
126 10 8
126 10 8
126 10 8
126 10 8
126 10 8
126 10 8
126 10 8
126 10 8
126 10 8
126 10 8
126 10 8
126 10 8
126 10 8
126 10 8
126 10 8
126 10 8
126 10 8
126 10 8
126 10 8
126 10 8
126 10 8
126 10 8
126 10 8
126 10 8
126 10 8
126 10 8
126 10 8
126 10 8
126 10 8
126 10 8
126 10 8
126 10 8
126 10 8
126 10 8
126 10 8
126 10 8
126 10 8
126 10 8
126 10 8
126 10 8
126 10 8
126 10 8
126 10 8
126 10 8
126 10 8
126 10 8
126 10 8
126 10 8
126 10 8
126 10 8
128 64 18
128 64 8
128 64 8
128 64 8
128 64 8
128 64 8
128 64 8
128 64 8
128 64 8
128 64 8
128 64 8
128 64 8
128 64 8
128 64 8
128 64 8
128 64 8
128 64 8
128 64 8
128 64 8
128 64 8
128 64 8
128 64 8
128 64 8
128 64 8
128 64 8
128 64 8
128 64 8
128 64 8
128 64 8
128 64 8
128 64 8
128 64 8
128 64 8
128 64 8
128 64 8
128 64 8
128 64 8
128 64 8
128 64 8
128 64 8
128 64 8
128 64 8
117 71 18
117 71 8
117 71 8
117 71 8
117 71 8
117 71 8
117 71 8
117 71 8
117 71 8
117 71 8
117 71 8
117 71 8
117 71 8
117 71 8
117 71 8
117 71 8
117 71 8
117 71 8
117 71 8
117 71 8
117 71 8
117 71 8
117 71 8
117 71 8
117 71 8
117 71 8
117 71 8
117 71 8
117 71 8
117 71 8
117 71 8
117 71 8
117 71 8
117 71 8
117 71 8
117 71 8
117 71 8
117 71 8
117 71 8
117 71 8
117 71 8
117 71 8
117 71 8
117 71 8
117 71 8
117 71 8
117 71 8
106 78 18
106 78 8
106 78 8
106 78 8
106 78 8
106 78 8
106 78 8
106 78 8
106 78 8
106 78 8
93 85 18
93 85 8
93 85 8
93 85 8
93 85 8
93 85 8
93 85 8
93 85 8
93 85 8
93 85 8
93 85 8
93 85 8
93 85 8
93 85 8
93 85 8
93 85 8
93 85 8
93 85 8
93 85 8
93 85 8
93 85 8
93 85 8
93 85 8
93 85 8
93 85 8
93 85 8
93 85 8
93 85 8
93 85 8
93 85 8
93 85 8
93 85 8
93 85 8
93 85 8
93 85 8
93 85 8
93 85 8
93 85 8
93 85 8
93 85 8
93 85 8
93 85 8
93 85 8
93 85 8
93 85 8
93 85 8
93 85 8
93 85 8
93 85 8
93 85 8
93 85 8
93 85 8
93 85 8
93 85 8
93 85 8
67 113 18
67 113 8
67 113 8
67 113 8
67 113 8
67 113 8
67 113 8
67 113 8
67 113 8
67 113 8
67 113 8
67 113 8
67 113 8
67 113 8
67 113 8
105 94 18
105 94 8
105 94 8
105 94 8
105 94 8
105 94 8
105 94 8
105 94 8
105 94 8
105 94 8
105 94 8
105 94 8
105 94 8
105 94 8
105 94 8
105 94 8
105 94 8
105 94 8
117 87 18
117 87 8
117 87 8
117 87 8
117 87 8
117 87 8
117 87 8
117 87 8
117 87 8
117 87 8
117 87 8
117 87 8
117 87 8
117 87 8
117 87 8
117 87 8
117 87 8
117 87 8
117 87 8
68 149 18
68 149 8
68 149 8
68 149 8
68 149 8
68 149 8
68 149 8
68 149 8
68 149 8
68 149 8
68 149 8
68 149 8
68 149 8
68 149 8
68 149 8
68 149 8
68 149 8
68 149 8
68 149 8
117 102 18
117 102 8
117 102 8
117 102 8
117 102 8
117 102 8
117 102 8
117 102 8
117 102 8
117 102 8
117 102 8
117 102 8
117 102 8
117 102 8
117 102 8
105 109 18
105 109 8
105 109 8
105 109 8
105 109 8
105 109 8
105 109 8
105 109 8
105 109 8
105 109 8
105 109 8
105 109 8
105 109 8
105 109 8
105 109 8
105 109 8
105 109 8
105 109 8
105 109 8
105 109 8
105 109 8
105 109 8
105 109 8
105 109 8
105 109 8
105 109 8
105 109 8
105 109 8
105 109 8
105 109 8
105 109 8
105 109 8
105 109 8
105 109 8
105 109 8
105 109 8
105 109 8
105 109 8
105 109 8
105 109 8
105 109 8
105 109 8
105 109 8
105 109 8
105 109 8
105 109 8
105 109 8
105 109 8
105 109 8
105 109 8
105 109 8
105 109 8
105 109 8
105 109 8
105 109 8
105 109 8
105 109 8
105 109 8
105 109 8
105 109 8
105 109 8
105 109 8
105 109 8
105 109 8
105 109 8
105 109 8
105 109 8
105 109 8
105 109 8
105 109 8
105 109 8
105 109 8
105 109 8
105 109 8
105 109 8
105 109 8
105 109 8
105 109 8
129 96 18
129 96 8
129 96 8
129 111 18
129 111 8
129 111 8
129 111 8
129 111 8
129 111 8
129 111 8
129 111 8
129 111 8
129 111 8
129 111 8
129 111 8
129 111 8
129 111 8
129 111 8
129 111 8
129 111 8
129 111 8
129 111 8
129 111 8
129 111 8
129 111 8
129 111 8
129 111 8
129 111 8
141 118 18
141 118 8
141 118 8
141 118 8
141 118 8
141 118 8
141 118 8
141 118 8
141 118 8
141 118 8
141 118 8
141 118 8
141 118 8
174 110 15
174 111 15
173 111 15
172 111 15
172 112 15
172 113 15
172 114 15
171 114 15
170 114 15
170 115 15
170 116 15
170 117 15
169 117 15
168 117 15
167 117 15
166 117 15
165 117 15
164 117 15
163 118 15
163 119 15
163 120 15
163 121 15
162 121 15
161 121 15
161 122 15
160 122 15
159 122 15
159 123 15
158 123 15
158 124 15
157 124 15
156 124 15
156 125 15
155 125 15
154 125 15
153 126 15
153 127 15
153 128 15
153 129 15
153 130 15
153 131 15
153 132 15
152 132 15
151 132 15
150 132 15
149 132 15
148 132 15
147 132 15
146 132 15
145 132 15
144 132 15
129 97 15
129 97 7
129 97 7
129 98 15
129 98 7
129 98 7
129 99 15
129 99 7
129 99 7
129 99 7
129 100 15
129 100 7
129 100 7
129 100 7
129 101 15
129 101 7
129 101 7
129 101 7
129 101 7
129 102 15
129 102 7
129 102 7
129 102 7
129 102 7
129 102 7
130 102 15
130 102 7
130 102 7
130 102 7
130 102 7
130 102 7
130 103 19
130 103 7
130 103 7
130 103 7
130 103 7
130 103 7
130 103 7
131 103 30
131 103 7
131 103 7
131 103 7
131 103 7
131 104 40
131 104 7
131 104 7
131 104 7
131 104 7
131 104 7
132 104 51
132 104 7
132 104 7
132 104 7
132 104 7
132 105 61
132 105 7
132 105 7
132 105 7
132 105 7
132 105 7
132 105 7
133 105 74
133 105 7
133 105 7
133 105 7
133 105 7
133 105 7
133 106 83
133 106 7
133 106 7
133 106 7
133 106 7
133 106 7
133 106 7
133 106 7
133 106 7
133 107 94
133 107 7
133 107 7
133 107 7
133 107 7
133 107 7
133 107 7
133 107 7
133 107 7
133 107 7
133 107 7
133 107 7
133 107 7
134 107 104
134 107 7
134 107 7
134 107 7
134 107 7
134 107 7
134 107 7
134 107 7
134 107 7
134 107 7
134 107 7
134 107 7
134 107 7
134 107 7
134 108 113
134 108 7
134 108 7
134 108 7
134 108 7
134 108 7
134 108 7
134 108 7
134 108 7
134 108 7
134 108 7
134 108 7
134 108 7
134 108 7
134 108 7
134 108 7
134 108 7
134 108 7
134 108 7
135 108 122
135 108 7
135 108 7
135 108 7
135 108 7
135 108 7
135 108 7
135 108 7
135 108 7
135 108 7
135 108 7
135 108 7
135 108 7
135 108 7
135 108 7
135 108 7
135 108 7
135 108 7
135 108 7
135 108 7
135 108 7
135 109 129
135 109 7
135 109 7
135 109 7
135 109 7
135 109 7
135 109 7
135 109 7
135 109 7
135 109 7
135 109 7
135 109 7
135 109 7
135 109 7
135 109 7
135 109 7
135 109 7
135 109 7
135 109 7
135 109 7
135 109 7
135 109 7
135 109 7
135 109 7
135 109 7
135 109 7
135 109 7
135 110 136
135 110 7
135 110 7
135 110 7
135 110 7
135 110 7
135 110 7
135 110 7
135 110 7
135 110 7
135 110 7
135 110 7
135 110 7
135 110 7
135 110 7
135 110 7
135 110 7
135 110 7
135 110 7
135 110 7
135 110 7
135 110 7
135 110 7
135 110 7
135 110 7
135 110 7
135 110 7
135 110 7
135 110 7
135 110 7
135 110 7
136 110 141
136 110 7
136 110 7
136 110 7
136 110 7
136 110 7
136 110 7
136 110 7
136 110 7
136 110 7
136 110 7
136 110 7
136 110 7
136 110 7
136 110 7
136 110 7
136 110 7
136 110 7
136 110 7
136 110 7
136 110 7
136 110 7
136 110 7
136 110 7
136 110 7
136 110 7
136 110 7
136 110 7
136 110 7
136 110 7
136 110 7
136 110 7
136 110 7
136 110 7
136 110 7
136 110 7
136 111 145
136 111 7
136 111 7
136 111 7
136 111 7
136 111 7
136 111 7
136 111 7
136 111 7
136 111 7
136 111 7
136 111 7
136 111 7
136 111 7
136 111 7
136 111 7
136 111 7
136 111 7
136 111 7
136 111 7
136 111 7
136 111 7
136 111 7
136 111 7
136 111 7
136 111 7
136 111 7
136 111 7
136 111 7
136 111 7
136 111 7
136 111 7
136 111 7
136 111 7
136 111 7
136 111 7
136 111 7
136 111 7
137 111 150
137 111 7
137 111 7
137 111 7
137 111 7
137 111 7
137 111 7
137 111 7
137 111 7
137 111 7
137 111 7
137 111 7
137 111 7
137 111 7
137 111 7
137 111 7
137 111 7
137 111 7
137 111 7
137 111 7
137 111 7
137 111 7
137 111 7
137 111 7
137 111 7
137 111 7
137 111 7
137 111 7
137 111 7
137 111 7
137 111 7
137 111 7
137 111 7
137 111 7
137 111 7
137 111 7
137 111 7
137 111 7
137 111 7
137 111 7
137 111 7
137 111 7
137 111 7
137 112 150
137 112 7
137 112 7
137 112 7
137 112 7
137 112 7
137 112 7
137 112 7
137 112 7
137 112 7
137 112 7
137 112 7
137 112 7
137 112 7
137 112 7
137 112 7
137 112 7
137 112 7
137 112 7
137 112 7
137 112 7
137 112 7
137 112 7
137 112 7
137 112 7
137 112 7
137 112 7
137 112 7
137 112 7
137 112 7
137 112 7
137 112 7
137 112 7
137 112 7
137 112 7
137 112 7
137 112 7
137 112 7
137 112 7
137 112 7
137 112 7
137 112 7
137 113 151
137 113 7
137 113 7
137 113 7
137 113 7
137 113 7
137 113 7
137 113 7
137 113 7
137 113 7
137 113 7
137 113 7
137 113 7
137 113 7
137 113 7
137 113 7
137 113 7
137 113 7
137 113 7
137 113 7
137 113 7
137 113 7
137 113 7
137 113 7
137 113 7
137 113 7
137 113 7
137 113 7
137 113 7
137 113 7
137 113 7
137 113 7
137 113 7
137 113 7
137 113 7
137 113 7
137 113 7
138 113 151
138 113 7
138 113 7
138 113 7
138 113 7
138 113 7
138 113 7
138 113 7
138 113 7
138 113 7
138 113 7
138 113 7
138 113 7
138 113 7
138 113 7
138 113 7
138 113 7
138 113 7
138 113 7
138 113 7
138 113 7
138 113 7
138 113 7
138 113 7
138 113 7
138 113 7
138 113 7
138 113 7
138 113 7
138 113 7
138 113 7
138 113 7
138 113 7
138 113 7
138 113 7
138 113 7
138 113 7
138 113 7
138 113 7
138 113 7
138 113 7
138 114 148
138 114 7
138 114 7
138 114 7
138 114 7
138 114 7
138 114 7
138 114 7
138 114 7
138 114 7
138 114 7
138 114 7
138 114 7
138 114 7
138 114 7
138 114 7
138 114 7
138 114 7
138 114 7
138 114 7
138 114 7
138 114 7
138 114 7
138 114 7
138 114 7
138 114 7
138 114 7
138 114 7
138 114 7
138 114 7
138 114 7
138 114 7
138 114 7
138 114 7
138 115 146
138 115 7
138 115 7
138 115 7
138 115 7
138 115 7
138 115 7
138 115 7
138 115 7
138 115 7
138 115 7
138 115 7
138 115 7
138 115 7
138 115 7
138 115 7
138 115 7
138 115 7
138 115 7
138 115 7
138 115 7
138 115 7
138 115 7
138 115 7
138 115 7
139 115 142
139 115 7
139 115 7
139 115 7
139 115 7
139 115 7
139 115 7
139 115 7
139 115 7
139 115 7
139 115 7
139 115 7
139 115 7
139 115 7
139 115 7
139 115 7
139 115 7
139 115 7
139 115 7
139 115 7
139 115 7
139 115 7
139 115 7
139 115 7
139 115 7
139 115 7
139 116 136
139 116 7
139 116 7
139 116 7
139 116 7
139 116 7
139 116 7
139 116 7
139 116 7
139 116 7
139 116 7
139 116 7
139 116 7
139 116 7
139 116 7
139 116 7
139 116 7
139 117 131
139 117 7
139 117 7
139 117 7
139 117 7
139 117 7
139 117 7
139 117 7
139 117 7
139 117 7
140 117 124
140 117 7
140 117 7
140 117 7
140 117 7
140 117 7
140 117 7
140 117 7
140 118 117
140 118 7
140 118 7
141 119 102
141 120 94
142 120 86
142 121 77
142 122 69
143 122 61
143 123 53
143 124 46
144 124 38
144 125 32
144 126 26
144 127 21
144 128 17
144 129 15
144 130 15
144 131 15
128 96 15
128 96 7
128 96 7
128 96 7
127 96 15
127 96 7
127 96 7
127 96 7
126 96 15
126 96 7
126 96 7
126 96 7
125 96 15
125 96 7
125 96 7
125 96 7
125 96 7
124 96 15
124 96 7
124 96 7
124 96 7
124 96 7
123 96 15
123 96 7
123 96 7
123 96 7
123 96 7
123 96 7
122 96 15
122 96 7
122 96 7
122 96 7
122 96 7
122 96 7
122 95 15
122 95 7
122 95 7
122 95 7
122 95 7
121 95 15
121 95 7
121 95 7
121 95 7
121 95 7
121 95 7
120 95 15
120 95 7
120 95 7
120 95 7
120 95 7
120 95 7
120 95 7
119 95 15
119 95 7
119 95 7
119 95 7
119 95 7
119 95 7
119 95 7
119 95 7
118 95 19
118 95 7
118 95 7
118 95 7
118 95 7
118 95 7
118 95 7
118 95 7
118 95 7
117 95 25
117 95 7
117 95 7
117 95 7
117 95 7
117 95 7
117 95 7
117 95 7
117 95 7
117 95 7
117 94 30
117 94 7
117 94 7
117 94 7
117 94 7
117 94 7
117 94 7
117 94 7
116 94 33
116 94 7
116 94 7
116 94 7
116 94 7
116 94 7
116 94 7
116 94 7
116 94 7
115 94 38
115 94 7
115 94 7
115 94 7
115 94 7
115 94 7
115 94 7
115 94 7
115 94 7
115 94 7
115 93 41
115 93 7
115 93 7
115 93 7
115 93 7
115 93 7
115 93 7
115 93 7
115 93 7
114 93 43
114 93 7
114 93 7
114 93 7
114 93 7
114 93 7
114 93 7
114 93 7
114 93 7
114 93 7
114 93 7
113 93 46
113 93 7
113 93 7
113 93 7
113 93 7
113 93 7
113 93 7
113 93 7
113 93 7
113 93 7
113 93 7
113 92 48
113 92 7
113 92 7
113 92 7
113 92 7
113 92 7
113 92 7
113 92 7
113 92 7
113 92 7
113 92 7
112 92 49
112 92 7
112 92 7
112 92 7
112 92 7
112 92 7
112 92 7
112 92 7
112 92 7
112 92 7
112 92 7
112 91 52
112 91 7
112 91 7
112 91 7
112 91 7
112 91 7
112 91 7
112 91 7
112 91 7
112 91 7
112 91 7
112 91 7
111 91 51
111 91 7
111 91 7
111 91 7
111 91 7
111 91 7
111 91 7
111 91 7
111 91 7
111 91 7
111 91 7
111 91 7
110 91 53
110 91 7
110 91 7
110 91 7
110 91 7
110 91 7
110 91 7
110 91 7
110 91 7
110 91 7
110 91 7
110 90 52
110 90 7
110 90 7
110 90 7
110 90 7
110 90 7
110 90 7
110 90 7
110 90 7
110 90 7
110 90 7
110 90 7
109 90 53
109 90 7
109 90 7
109 90 7
109 90 7
109 90 7
109 90 7
109 90 7
109 90 7
109 90 7
109 90 7
109 89 53
109 89 7
109 89 7
109 89 7
109 89 7
109 89 7
109 89 7
109 89 7
109 89 7
109 89 7
109 89 7
109 89 7
108 89 54
108 89 7
108 89 7
108 89 7
108 89 7
108 89 7
108 89 7
108 89 7
108 89 7
108 89 7
108 89 7
108 88 53
108 88 7
108 88 7
108 88 7
108 88 7
108 88 7
108 88 7
108 88 7
108 88 7
108 88 7
108 88 7
108 88 7
108 87 54
108 87 7
108 87 7
108 87 7
108 87 7
108 87 7
108 87 7
108 87 7
108 87 7
108 87 7
108 87 7
108 87 7
108 87 7
108 87 7
107 87 53
107 87 7
107 87 7
107 87 7
107 87 7
107 87 7
107 87 7
107 87 7
107 87 7
107 87 7
107 87 7
107 87 7
107 86 53
107 86 7
107 86 7
107 86 7
107 86 7
107 86 7
107 86 7
107 86 7
107 86 7
107 86 7
107 86 7
107 86 7
107 86 7
107 86 7
106 86 54
106 86 7
106 86 7
106 86 7
106 86 7
106 86 7
106 86 7
106 86 7
106 86 7
106 86 7
106 86 7
106 86 7
106 85 53
106 85 7
106 85 7
106 85 7
106 85 7
106 85 7
106 85 7
106 85 7
106 85 7
106 85 7
106 85 7
106 85 7
106 85 7
106 84 55
106 84 7
106 84 7
106 84 7
106 84 7
106 84 7
106 84 7
106 84 7
106 84 7
106 84 7
106 84 7
106 84 7
106 84 7
105 84 54
105 84 7
105 84 7
105 84 7
105 84 7
105 84 7
105 84 7
105 84 7
105 84 7
105 84 7
105 84 7
105 84 7
105 84 7
105 83 54
105 83 7
105 83 7
105 83 7
105 83 7
105 83 7
105 83 7
105 83 7
105 83 7
105 83 7
105 83 7
105 83 7
105 82 56
105 82 7
105 82 7
105 82 7
105 82 7
105 82 7
105 82 7
105 82 7
105 82 7
105 82 7
104 82 55
104 82 7
104 82 7
104 82 7
104 82 7
104 82 7
104 82 7
104 82 7
104 82 7
104 82 7
104 81 56
104 81 7
104 81 7
104 81 7
104 81 7
104 81 7
104 81 7
104 80 57
104 80 7
104 80 7
104 80 7
104 80 7
103 80 56
103 80 7
103 80 7
103 80 7
103 79 56
103 79 7
103 78 56
102 78 55
102 77 54
102 76 52
101 76 51
101 75 48
101 74 44
101 73 41
101 72 37
101 71 32
101 70 26
101 69 20
101 68 15
101 67 15
101 66 15
102 66 15
102 65 15
102 64 15
103 64 15
103 63 15
103 62 15
104 62 15
105 62 15
84 62 15
84 62 7
85 62 15
86 62 15
87 62 15
88 62 15
89 62 15
90 62 15
91 62 15
92 62 15
93 62 15
94 62 15
95 62 15
96 62 15
97 62 15
98 62 15
99 62 15
100 62 15
101 62 15
102 62 15
83 61 15
83 61 7
83 60 15
83 60 7
83 59 15
83 59 7
82 59 23
82 58 31
81 58 38
80 58 46
79 58 55
79 57 63
78 57 71
78 57 7
77 57 79
77 57 7
77 57 7
77 57 7
76 57 88
76 57 7
76 57 7
76 57 7
76 57 7
76 57 7
76 56 95
76 56 7
76 56 7
76 56 7
76 56 7
76 56 7
75 56 103
75 56 7
75 56 7
75 56 7
75 56 7
75 56 7
75 56 7
75 56 7
74 56 110
74 56 7
74 56 7
74 56 7
74 56 7
74 56 7
74 56 7
74 56 7
73 56 117
73 56 7
73 56 7
73 56 7
73 56 7
73 56 7
72 56 122
72 56 7
72 56 7
72 56 7
70 56 129
69 56 128
68 56 124
67 56 117
66 56 106
65 56 90
64 56 71
63 56 49
62 56 24
62 56 7
61 56 15
61 56 7
61 56 7
61 55 15
61 55 7
60 55 15
60 55 7
60 54 15
60 54 7
59 54 15
59 54 7
59 53 15
59 53 7
59 52 15
59 52 7
59 51 15
59 51 7
58 50 15
57 50 15
56 50 15
55 50 15
54 50 15
54 49 15
54 48 15
53 48 15
52 48 15
51 48 15
50 48 15
49 48 15
49 47 15
48 47 15
47 47 15
46 46 15
45 46 15
44 46 15
43 46 15
43 45 15
43 44 15
43 43 15
43 42 15
43 41 15
42 41 15
41 41 15
40 41 15
39 41 15
38 41 15
37 41 15
36 41 15
35 41 15
35 41 7
84 61 15
84 61 7
84 60 15
84 60 7
84 59 15
84 59 7
84 58 18
84 57 34
84 56 54
84 55 79
84 54 108
84 53 139
84 52 172
84 51 207
84 50 243
84 49 280
84 48 315
106 61 15
107 61 15
107 60 15
107 59 15
107 58 15
107 57 15
107 56 15
107 55 15
107 54 15
107 53 15
107 52 15
107 51 15
107 50 15
107 49 15
107 48 15
108 47 15
109 47 15
110 47 15
111 47 15
112 47 15
113 47 15
114 47 15
114 46 15
115 46 15
116 46 15
117 46 15
117 45 15
117 44 15
117 43 15
117 42 15
118 41 15
119 41 15
119 40 15
120 40 15
121 40 15
122 40 15
122 39 15
122 38 15
123 38 15
124 38 15
125 38 15
126 38 15
127 38 15
128 38 15
129 38 15
130 38 15
130 37 15
131 37 15
132 37 15
133 37 15
134 37 15
134 36 15
135 36 15
136 36 15
137 36 15
137 35 15
137 34 15
137 33 15
137 32 15
137 31 15
138 30 15
139 30 15
140 30 15
141 30 15
141 29 15
141 28 15
141 27 15
141 26 15
142 26 15
143 26 15
143 25 15
143 24 15
144 24 15
145 24 15
146 24 15
147 24 15
148 23 15
148 23 7
148 22 15
148 21 15
149 21 15
149 20 15
149 19 15
150 19 15
150 18 15
150 17 15
151 17 15
152 17 15
153 17 15
154 17 15
155 17 15
156 17 15
157 17 15
158 17 15
158 16 15
158 15 15
158 14 15
158 13 15
158 12 15
158 11 15
158 10 15
158 9 15
158 8 15
158 7 15
158 6 15
157 171 84
156 171 101
156 170 121
156 169 143
155 169 161
155 169 7
155 168 180
155 168 7
155 168 7
155 168 7
155 167 199
155 167 7
155 167 7
155 167 7
155 167 7
155 167 7
155 166 217
155 166 7
155 166 7
155 166 7
155 166 7
155 166 7
155 166 7
154 166 232
154 166 7
154 166 7
154 166 7
154 166 7
154 166 7
154 166 7
154 166 7
154 166 7
154 166 7
154 166 7
154 166 7
154 165 245
154 165 7
154 165 7
154 165 7
154 165 7
154 165 7
154 165 7
154 165 7
154 165 7
154 165 7
154 165 7
154 165 7
154 165 7
154 164 255
154 164 7
154 164 7
154 164 7
154 164 7
154 164 7
154 164 7
154 164 7
154 164 7
154 164 7
154 164 7
154 164 7
154 163 263
154 163 7
154 163 7
154 163 7
154 163 7
154 163 7
154 163 7
154 163 7
154 163 7
154 163 7
154 163 7
154 162 267
154 162 7
154 162 7
154 162 7
154 162 7
154 162 7
154 162 7
154 162 7
154 162 7
154 161 269
154 161 7
154 161 7
154 161 7
154 161 7
154 161 7
154 161 7
154 161 7
154 160 266
154 160 7
154 160 7
154 160 7
154 160 7
154 160 7
154 159 260
154 159 7
154 159 7
154 159 7
154 158 251
154 158 7
154 158 7
154 157 239
154 157 7
154 156 224
154 156 7
154 155 208
154 155 7
154 155 7
154 154 189
154 154 7
154 154 7
154 154 7
154 153 170
154 153 7
154 153 7
154 153 7
154 153 7
154 153 7
154 152 151
154 152 7
154 152 7
154 152 7
154 152 7
154 152 7
154 152 7
154 152 7
154 151 132
154 151 7
154 151 7
154 151 7
154 151 7
154 151 7
154 151 7
154 151 7
154 151 7
154 150 113
154 150 7
154 150 7
154 150 7
154 150 7
154 150 7
154 150 7
154 150 7
154 150 7
154 150 7
153 150 95
153 150 7
153 150 7
153 150 7
153 150 7
153 150 7
153 150 7
153 150 7
153 150 7
153 150 7
153 150 7
153 150 7
153 150 7
153 150 7
153 149 77
153 149 7
153 149 7
153 149 7
153 149 7
153 149 7
153 149 7
153 149 7
153 149 7
153 149 7
153 149 7
153 149 7
153 149 7
153 148 61
153 148 7
153 148 7
153 148 7
153 148 7
153 148 7
153 148 7
153 148 7
153 148 7
153 148 7
153 148 7
153 148 7
153 147 47
153 147 7
153 147 7
153 147 7
153 147 7
153 147 7
153 147 7
153 147 7
153 147 7
153 147 7
153 146 36
153 146 7
153 146 7
153 146 7
153 146 7
153 146 7
153 146 7
153 146 7
153 146 7
153 145 26
153 145 7
153 145 7
153 145 7
153 145 7
153 145 7
153 145 7
153 144 18
153 144 7
153 144 7
153 144 7
153 144 7
153 144 7
153 143 15
153 143 7
153 143 7
153 143 7
153 143 7
153 142 15
153 142 7
153 142 7
153 141 15
153 141 7
153 140 15
153 140 7
153 139 15
153 138 15
153 137 15
153 136 15
153 135 15
153 134 15
153 133 15
157 173 45
157 173 7
157 173 7
158 173 28
158 173 7
158 173 7
158 173 7
158 174 15
158 174 7
158 174 7
158 174 7
158 174 7
158 175 15
158 175 7
158 175 7
158 175 7
158 175 7
158 175 7
158 176 15
158 176 7
158 176 7
158 176 7
158 176 7
158 176 7
159 176 15
159 176 7
159 176 7
159 176 7
159 176 7
160 176 15
160 176 7
160 176 7
160 176 7
160 176 7
161 176 15
161 176 7
161 176 7
161 176 7
161 176 7
162 176 15
162 176 7
162 176 7
162 176 7
162 177 15
162 177 7
162 177 7
162 177 7
162 177 7
162 178 15
162 178 7
162 178 7
162 178 7
162 178 7
162 178 7
163 178 15
163 178 7
163 178 7
163 178 7
163 178 7
163 178 7
164 178 15
164 178 7
164 178 7
164 178 7
164 178 7
165 178 15
165 178 7
165 178 7
165 178 7
165 178 7
166 178 15
166 178 7
166 178 7
166 178 7
166 178 7
167 178 15
167 178 7
167 178 7
167 178 7
78 132 15
77 132 15
77 131 15
76 131 15
75 131 15
75 130 15
75 129 15
74 129 15
73 129 15
72 129 15
72 128 15
72 127 15
72 126 15
72 125 15
71 125 15
70 125 15
69 125 15
68 125 15
67 124 15
67 123 15
67 122 15
66 122 15
66 121 15
65 121 15
64 121 15
63 121 15
63 120 15
63 120 7
63 119 15
63 119 7
62 119 15
62 119 7
61 119 15
61 119 7
60 119 15
60 119 7
59 119 15
59 119 7
58 119 15
58 119 7
57 119 15
57 119 7
56 119 15
56 119 7
54 119 16
53 119 17
52 119 19
51 119 22
50 119 24
49 119 26
48 119 29
47 119 31
46 119 33
45 119 35
44 119 37
44 119 7
43 119 39
43 119 7
43 119 7
42 119 41
42 119 7
42 119 7
42 119 7
41 119 44
41 119 7
41 119 7
41 119 7
41 119 7
41 119 7
40 119 48
40 119 7
40 119 7
40 119 7
40 119 7
40 119 7
40 119 7
40 119 7
40 118 52
40 118 7
40 118 7
40 118 7
40 118 7
39 118 56
39 118 7
39 118 7
39 118 7
39 118 7
39 118 7
39 118 7
38 118 61
38 118 7
38 118 7
38 118 7
38 118 7
38 118 7
38 118 7
38 118 7
37 118 68
37 118 7
37 118 7
37 118 7
37 118 7
37 118 7
37 118 7
37 118 7
36 118 78
36 118 7
36 118 7
36 118 7
36 118 7
36 118 7
36 118 7
36 118 7
35 118 90
35 118 7
35 118 7
35 118 7
35 118 7
35 118 7
35 118 7
34 118 106
34 118 7
34 118 7
34 118 7
34 118 7
33 118 126
33 118 7
33 118 7
35 119 98
35 119 7
35 119 7
35 119 7
35 119 7
35 119 7
35 119 7
35 119 7
35 120 109
35 120 7
35 120 7
35 120 7
35 120 7
35 120 7
35 120 7
35 120 7
35 120 7
35 121 122
35 121 7
35 121 7
35 121 7
35 121 7
35 121 7
35 121 7
35 121 7
35 121 7
35 121 7
35 122 138
35 122 7
35 122 7
35 122 7
35 122 7
35 122 7
35 122 7
35 122 7
35 122 7
35 122 7
35 122 7
35 123 155
35 123 7
35 123 7
35 123 7
35 123 7
35 123 7
35 123 7
35 123 7
35 123 7
35 123 7
35 123 7
35 123 7
35 124 174
35 124 7
35 124 7
35 124 7
35 124 7
35 124 7
35 124 7
35 124 7
35 124 7
35 124 7
35 124 7
35 124 7
35 124 7
35 125 194
35 125 7
35 125 7
35 125 7
35 125 7
35 125 7
35 125 7
35 125 7
35 125 7
35 125 7
35 125 7
35 125 7
35 125 7
35 125 7
35 125 7
35 126 214
35 126 7
35 126 7
35 126 7
35 126 7
35 126 7
35 126 7
35 126 7
35 126 7
35 126 7
35 126 7
35 126 7
35 126 7
35 126 7
35 126 7
35 126 7
35 126 7
35 127 234
35 127 7
35 127 7
35 127 7
35 127 7
35 127 7
35 127 7
35 127 7
35 127 7
35 127 7
35 127 7
35 127 7
35 127 7
35 127 7
35 127 7
35 127 7
35 127 7
35 127 7
35 127 7
35 127 7
35 127 7
35 128 253
35 128 7
35 128 7
35 128 7
35 128 7
35 128 7
35 128 7
35 128 7
35 128 7
35 128 7
35 128 7
35 128 7
35 128 7
35 128 7
35 128 7
35 128 7
35 128 7
35 128 7
35 128 7
35 128 7
35 128 7
35 128 7
35 128 7
35 128 7
35 128 7
35 128 7
35 129 270
35 129 7
35 129 7
35 129 7
35 129 7
35 129 7
35 129 7
35 129 7
35 129 7
35 129 7
35 129 7
35 129 7
35 129 7
35 129 7
35 129 7
35 129 7
35 129 7
35 129 7
35 129 7
35 129 7
35 129 7
35 129 7
35 129 7
35 129 7
35 129 7
35 129 7
35 129 7
35 129 7
35 129 7
35 129 7
35 129 7
35 129 7
35 129 7
35 129 7
35 130 284
35 130 7
35 130 7
35 130 7
35 130 7
35 130 7
35 130 7
35 130 7
35 130 7
35 130 7
35 130 7
35 130 7
35 130 7
35 130 7
35 130 7
35 130 7
35 130 7
35 130 7
35 130 7
35 130 7
35 130 7
35 130 7
35 130 7
35 130 7
35 130 7
35 130 7
35 130 7
35 130 7
35 130 7
35 130 7
35 130 7
35 130 7
35 130 7
35 130 7
35 130 7
35 130 7
35 130 7
35 130 7
35 130 7
35 130 7
35 130 7
35 130 7
35 130 7
35 131 295
35 131 7
35 131 7
35 131 7
35 131 7
35 131 7
35 131 7
35 131 7
35 131 7
35 131 7
35 131 7
35 131 7
35 131 7
35 131 7
35 131 7
35 131 7
35 131 7
35 131 7
35 131 7
35 131 7
35 131 7
35 131 7
35 131 7
35 131 7
35 131 7
35 131 7
35 131 7
35 131 7
35 131 7
35 131 7
35 131 7
35 131 7
35 131 7
35 131 7
35 131 7
35 131 7
35 131 7
35 131 7
35 131 7
35 131 7
35 131 7
35 131 7
35 131 7
35 131 7
35 131 7
35 131 7
35 131 7
35 131 7
35 131 7
35 131 7
35 131 7
35 131 7
35 131 7
35 131 7
35 131 7
35 132 303
35 132 7
35 132 7
35 132 7
35 132 7
35 132 7
35 132 7
35 132 7
35 132 7
35 132 7
35 132 7
35 132 7
35 132 7
35 132 7
35 132 7
35 132 7
35 132 7
35 132 7
35 132 7
35 132 7
35 132 7
35 132 7
35 132 7
35 132 7
35 132 7
35 132 7
35 132 7
35 132 7
35 132 7
35 132 7
35 132 7
35 132 7
35 132 7
35 132 7
35 132 7
35 132 7
35 132 7
35 132 7
35 132 7
35 132 7
35 132 7
35 132 7
35 132 7
35 132 7
35 132 7
35 132 7
35 132 7
35 132 7
35 132 7
35 132 7
35 132 7
35 132 7
35 132 7
35 132 7
35 132 7
35 132 7
35 132 7
35 132 7
35 132 7
35 132 7
35 132 7
35 132 7
35 132 7
35 132 7
35 132 7
35 132 7
35 132 7
35 133 306
35 133 7
35 133 7
35 133 7
35 133 7
35 133 7
35 133 7
35 133 7
35 133 7
35 133 7
35 133 7
35 133 7
35 133 7
35 133 7
35 133 7
35 133 7
35 133 7
35 133 7
35 133 7
35 133 7
35 133 7
35 133 7
35 133 7
35 133 7
35 133 7
35 133 7
35 133 7
35 133 7
35 133 7
35 133 7
35 133 7
35 133 7
35 133 7
35 133 7
35 133 7
35 133 7
35 133 7
35 133 7
35 133 7
35 133 7
35 133 7
35 133 7
35 133 7
35 133 7
35 133 7
35 133 7
35 133 7
35 133 7
35 133 7
35 133 7
35 133 7
35 133 7
35 133 7
35 133 7
35 133 7
35 133 7
35 133 7
35 133 7
35 133 7
35 133 7
35 133 7
35 133 7
35 133 7
35 133 7
35 133 7
35 133 7
35 133 7
35 133 7
35 133 7
35 133 7
35 133 7
35 133 7
35 133 7
35 133 7
35 133 7
35 133 7
35 133 7
35 133 7
35 133 7
35 133 7
35 134 305
35 134 7
35 134 7
35 134 7
35 134 7
35 134 7
35 134 7
35 134 7
35 134 7
35 134 7
35 134 7
35 134 7
35 134 7
35 134 7
35 134 7
35 134 7
35 134 7
35 134 7
35 134 7
35 134 7
35 134 7
35 134 7
35 134 7
35 134 7
35 134 7
35 134 7
35 134 7
35 134 7
35 134 7
35 134 7
35 134 7
35 134 7
35 134 7
35 134 7
35 134 7
35 134 7
35 134 7
35 134 7
35 134 7
35 134 7
35 134 7
35 134 7
35 134 7
35 134 7
35 134 7
35 134 7
35 134 7
35 134 7
35 134 7
35 134 7
35 134 7
35 134 7
35 134 7
35 134 7
35 134 7
35 134 7
35 134 7
35 134 7
35 134 7
35 134 7
35 134 7
35 134 7
35 134 7
35 134 7
35 134 7
35 134 7
35 134 7
35 134 7
35 134 7
35 134 7
35 134 7
35 134 7
35 134 7
35 134 7
35 134 7
35 134 7
35 134 7
35 134 7
35 134 7
35 134 7
35 134 7
35 134 7
35 134 7
35 134 7
35 134 7
35 134 7
35 134 7
35 134 7
35 134 7
35 134 7
35 134 7
35 135 299
35 135 7
35 135 7
35 135 7
35 135 7
35 135 7
35 135 7
35 135 7
35 135 7
35 135 7
35 135 7
35 135 7
35 135 7
35 135 7
35 135 7
35 135 7
35 135 7
35 135 7
35 135 7
35 135 7
35 135 7
35 135 7
35 135 7
35 135 7
35 135 7
35 135 7
35 135 7
35 135 7
35 135 7
35 135 7
35 135 7
35 135 7
35 135 7
35 135 7
35 135 7
35 135 7
35 135 7
35 135 7
35 135 7
35 135 7
35 135 7
35 135 7
35 135 7
35 135 7
35 135 7
35 135 7
35 135 7
35 135 7
35 135 7
35 135 7
35 135 7
35 135 7
35 135 7
35 135 7
35 135 7
35 135 7
35 135 7
35 135 7
35 135 7
35 135 7
35 135 7
35 135 7
35 135 7
35 135 7
35 135 7
35 135 7
35 135 7
35 135 7
35 135 7
35 135 7
35 135 7
35 135 7
35 135 7
35 135 7
35 135 7
35 135 7
35 135 7
35 135 7
35 135 7
35 135 7
35 135 7
35 135 7
35 135 7
35 135 7
35 135 7
35 135 7
35 135 7
35 135 7
35 135 7
35 135 7
35 135 7
35 135 7
35 135 7
35 135 7
35 135 7
35 135 7
35 135 7
35 136 288
35 136 7
35 136 7
35 136 7
35 136 7
35 136 7
35 136 7
35 136 7
35 136 7
35 136 7
35 136 7
35 136 7
35 136 7
35 136 7
35 136 7
35 136 7
35 136 7
35 136 7
35 136 7
35 136 7
35 136 7
35 136 7
35 136 7
35 136 7
35 136 7
35 136 7
35 136 7
35 136 7
35 136 7
35 136 7
35 136 7
35 136 7
35 136 7
35 136 7
35 136 7
35 136 7
35 136 7
35 136 7
35 136 7
35 136 7
35 136 7
35 136 7
35 136 7
35 136 7
35 136 7
35 136 7
35 136 7
35 136 7
35 136 7
35 136 7
35 136 7
35 136 7
35 136 7
35 136 7
35 136 7
35 136 7
35 136 7
35 136 7
35 136 7
35 136 7
35 136 7
35 136 7
35 136 7
35 136 7
35 136 7
35 136 7
35 136 7
35 136 7
35 136 7
35 136 7
35 136 7
35 136 7
35 136 7
35 136 7
35 136 7
35 136 7
35 136 7
35 136 7
35 136 7
35 136 7
35 136 7
35 136 7
35 136 7
35 136 7
35 136 7
35 136 7
35 136 7
35 136 7
35 136 7
35 136 7
35 136 7
35 136 7
35 136 7
35 136 7
35 136 7
35 136 7
35 136 7
35 137 273
35 137 7
35 137 7
35 137 7
35 137 7
35 137 7
35 137 7
35 137 7
35 137 7
35 137 7
35 137 7
35 137 7
35 137 7
35 137 7
35 137 7
35 137 7
35 137 7
35 137 7
35 137 7
35 137 7
35 137 7
35 137 7
35 137 7
35 137 7
35 137 7
35 137 7
35 137 7
35 137 7
35 137 7
35 137 7
35 137 7
35 137 7
35 137 7
35 137 7
35 137 7
35 137 7
35 137 7
35 137 7
35 137 7
35 137 7
35 137 7
35 137 7
35 137 7
35 137 7
35 137 7
35 137 7
35 137 7
35 137 7
35 137 7
35 137 7
35 137 7
35 137 7
35 137 7
35 137 7
35 137 7
35 137 7
35 137 7
35 137 7
35 137 7
35 137 7
35 137 7
35 137 7
35 137 7
35 137 7
35 137 7
35 137 7
35 137 7
35 137 7
35 137 7
35 137 7
35 137 7
35 137 7
35 137 7
35 137 7
35 137 7
35 137 7
35 137 7
35 137 7
35 137 7
35 137 7
35 137 7
35 137 7
35 137 7
35 137 7
35 137 7
35 137 7
35 137 7
35 137 7
35 137 7
35 137 7
35 138 254
35 138 7
35 138 7
35 138 7
35 138 7
35 138 7
35 138 7
35 138 7
35 138 7
35 138 7
35 138 7
35 138 7
35 138 7
35 138 7
35 138 7
35 138 7
35 138 7
35 138 7
35 138 7
35 138 7
35 138 7
35 138 7
35 138 7
35 138 7
35 138 7
35 138 7
35 138 7
35 138 7
35 138 7
35 138 7
35 138 7
35 138 7
35 138 7
35 138 7
35 138 7
35 138 7
35 138 7
35 138 7
35 138 7
35 138 7
35 138 7
35 138 7
35 138 7
35 138 7
35 138 7
35 138 7
35 138 7
35 138 7
35 138 7
35 138 7
35 138 7
35 138 7
35 138 7
35 138 7
35 138 7
35 138 7
35 138 7
35 138 7
35 138 7
35 138 7
35 138 7
35 138 7
35 138 7
35 138 7
35 138 7
35 138 7
35 138 7
35 138 7
35 138 7
35 138 7
35 138 7
35 138 7
35 138 7
35 138 7
35 138 7
35 139 232
35 139 7
35 139 7
35 139 7
35 139 7
35 139 7
35 139 7
35 139 7
35 139 7
35 139 7
35 139 7
35 139 7
35 139 7
35 139 7
35 139 7
35 139 7
35 139 7
35 139 7
35 139 7
35 139 7
35 139 7
35 139 7
35 139 7
35 139 7
35 139 7
35 139 7
35 139 7
35 139 7
35 139 7
35 139 7
35 139 7
35 139 7
35 139 7
35 139 7
35 139 7
35 139 7
35 139 7
35 139 7
35 139 7
35 139 7
35 139 7
35 139 7
35 139 7
35 139 7
35 139 7
35 139 7
35 139 7
35 139 7
35 139 7
35 139 7
35 139 7
35 139 7
35 139 7
35 139 7
35 139 7
35 139 7
35 140 206
35 140 7
35 140 7
35 140 7
35 140 7
35 140 7
35 140 7
35 140 7
35 140 7
35 140 7
35 140 7
35 140 7
35 140 7
35 140 7
35 140 7
35 140 7
35 140 7
35 140 7
35 140 7
35 140 7
35 140 7
35 140 7
35 140 7
35 140 7
35 140 7
35 140 7
35 140 7
35 140 7
35 140 7
35 140 7
35 140 7
35 140 7
35 140 7
35 140 7
35 140 7
35 140 7
35 140 7
35 141 179
35 141 7
35 141 7
35 141 7
35 141 7
35 141 7
35 141 7
35 141 7
35 141 7
35 141 7
35 141 7
35 141 7
35 141 7
35 141 7
35 141 7
35 141 7
35 141 7
35 141 7
35 141 7
35 141 7
35 142 151
35 142 7
35 142 7
35 142 7
35 142 7
35 142 7
35 142 7
35 142 7
35 143 124
35 143 7
35 144 97
35 145 72
35 146 50
35 147 32
35 148 17
35 148 7
34 148 15
34 148 7
34 149 15
34 149 7
34 150 15
34 150 7
33 150 15
33 150 7
32 150 15
32 150 7
32 151 15
32 151 7
31 151 15
31 151 7
30 151 15
30 151 7
29 151 15
29 151 7
28 151 15
28 151 7
27 151 15
27 151 7
26 151 15
26 151 7
26 151 7
25 151 15
25 151 7
25 151 7
24 151 15
24 151 7
24 151 7
23 151 15
23 151 7
23 151 7
22 151 15
22 151 7
22 151 7
21 152 15
21 152 7
21 152 7
21 153 15
21 153 7
21 154 15
21 154 7
21 155 15
21 155 7
21 156 15
21 157 15
21 158 15
21 159 15
21 160 15
21 161 15
21 162 15
21 163 15
21 164 15
21 166 15
21 167 15
21 168 15
21 168 7
21 169 15
21 169 7
21 170 15
21 170 7
20 170 16
20 170 7
19 170 20
19 170 7
18 170 24
18 170 7
17 170 28
17 170 7
16 170 32
16 170 7
15 170 34
14 170 35
13 170 34
12 170 32
11 170 28
10 170 22
10 171 22
10 171 7
32 117 134
32 116 120
32 116 7
32 115 107
32 115 7
32 115 7
32 114 97
32 114 7
32 114 7
32 114 7
32 113 92
32 113 7
32 113 7
32 113 7
32 113 7
31 113 91
31 113 7
31 113 7
31 113 7
31 113 7
31 113 7
31 113 7
31 112 84
31 112 7
31 112 7
31 112 7
31 112 7
31 112 7
31 112 7
31 112 7
31 112 7
31 112 7
31 112 7
30 112 80
30 112 7
30 112 7
30 112 7
30 112 7
30 112 7
30 112 7
30 112 7
30 112 7
30 112 7
30 112 7
30 112 7
30 112 7
30 112 7
30 111 72
30 111 7
30 111 7
30 111 7
30 111 7
30 111 7
30 111 7
30 111 7
30 111 7
30 111 7
30 111 7
30 111 7
30 111 7
30 111 7
30 111 7
30 111 7
30 111 7
30 111 7
30 111 7
30 111 7
29 111 65
29 111 7
29 111 7
29 111 7
29 111 7
29 111 7
29 111 7
29 111 7
29 111 7
29 111 7
29 111 7
29 111 7
29 111 7
29 111 7
29 111 7
29 111 7
29 111 7
29 111 7
29 111 7
29 111 7
29 111 7
29 111 7
29 111 7
29 111 7
29 111 7
29 110 59
29 110 7
29 110 7
29 110 7
29 110 7
29 110 7
29 110 7
29 110 7
29 110 7
29 110 7
29 110 7
29 110 7
29 110 7
29 110 7
29 110 7
29 110 7
29 110 7
29 110 7
29 110 7
29 110 7
29 110 7
29 110 7
29 110 7
29 110 7
29 110 7
29 110 7
29 110 7
29 110 7
29 110 7
29 110 7
29 110 7
29 110 7
29 110 7
28 110 48
28 110 7
28 110 7
28 110 7
28 110 7
28 110 7
28 110 7
28 110 7
28 110 7
28 110 7
28 110 7
28 110 7
28 110 7
28 110 7
28 110 7
28 110 7
28 110 7
28 110 7
28 110 7
28 110 7
28 110 7
28 110 7
28 110 7
28 110 7
28 110 7
28 110 7
28 110 7
28 110 7
28 110 7
28 110 7
28 110 7
28 110 7
28 110 7
28 110 7
28 110 7
28 110 7
28 110 7
28 110 7
28 110 7
28 110 7
27 110 45
27 110 7
27 110 7
27 110 7
27 110 7
27 110 7
27 110 7
27 110 7
27 110 7
27 110 7
27 110 7
27 110 7
27 110 7
27 110 7
27 110 7
27 110 7
27 110 7
27 110 7
27 110 7
27 110 7
27 110 7
27 110 7
27 110 7
27 110 7
27 110 7
27 110 7
27 110 7
27 110 7
27 110 7
27 110 7
27 110 7
27 110 7
27 110 7
27 110 7
27 110 7
27 110 7
27 110 7
27 110 7
27 110 7
27 110 7
27 110 7
27 110 7
27 110 7
27 110 7
27 110 7
27 110 7
27 109 32
27 109 7
27 109 7
27 109 7
27 109 7
27 109 7
27 109 7
27 109 7
27 109 7
27 109 7
27 109 7
27 109 7
27 109 7
27 109 7
27 109 7
27 109 7
27 109 7
27 109 7
27 109 7
27 109 7
27 109 7
27 109 7
27 109 7
27 109 7
27 109 7
27 109 7
27 109 7
27 109 7
27 109 7
27 109 7
27 109 7
27 109 7
27 109 7
27 109 7
27 109 7
27 109 7
27 109 7
27 109 7
27 109 7
27 109 7
27 109 7
27 109 7
27 109 7
27 109 7
27 109 7
27 109 7
27 109 7
27 109 7
27 109 7
27 109 7
27 109 7
27 109 7
27 109 7
27 109 7
27 109 7
27 109 7
27 109 7
27 109 7
26 109 26
26 109 7
26 109 7
26 109 7
26 109 7
26 109 7
26 109 7
26 109 7
26 109 7
26 109 7
26 109 7
26 109 7
26 109 7
26 109 7
26 109 7
26 109 7
26 109 7
26 109 7
26 109 7
26 109 7
26 109 7
26 109 7
26 109 7
26 109 7
26 109 7
26 109 7
26 109 7
26 109 7
26 109 7
26 109 7
26 109 7
26 109 7
26 109 7
26 109 7
26 109 7
26 109 7
26 109 7
26 109 7
26 109 7
26 109 7
26 109 7
26 109 7
26 109 7
26 109 7
26 109 7
26 109 7
26 109 7
26 109 7
26 109 7
26 109 7
26 109 7
26 109 7
26 109 7
26 109 7
26 109 7
26 109 7
26 109 7
26 109 7
26 109 7
26 109 7
26 109 7
26 109 7
26 109 7
26 108 20
26 108 7
26 108 7
26 108 7
26 108 7
26 108 7
26 108 7
26 108 7
26 108 7
26 108 7
26 108 7
26 108 7
26 108 7
26 108 7
26 108 7
26 108 7
26 108 7
26 108 7
26 108 7
26 108 7
26 108 7
26 108 7
26 108 7
26 108 7
26 108 7
26 108 7
26 108 7
26 108 7
26 108 7
26 108 7
26 108 7
26 108 7
26 108 7
26 108 7
26 108 7
26 108 7
26 108 7
26 108 7
26 108 7
26 108 7
26 108 7
26 108 7
26 108 7
26 108 7
26 108 7
26 108 7
26 108 7
26 108 7
26 108 7
26 108 7
26 108 7
26 108 7
26 108 7
26 108 7
26 108 7
26 108 7
26 108 7
26 108 7
26 108 7
26 108 7
26 108 7
26 108 7
26 108 7
26 108 7
26 108 7
26 108 7
26 108 7
26 108 7
26 108 7
26 108 7
26 108 7
26 108 7
26 108 7
26 108 7
26 108 7
26 108 7
25 108 15
25 108 7
25 108 7
25 108 7
25 108 7
25 108 7
25 108 7
25 108 7
25 108 7
25 108 7
25 108 7
25 108 7
25 108 7
25 108 7
25 108 7
25 108 7
25 108 7
25 108 7
25 108 7
25 108 7
25 108 7
25 108 7
25 108 7
25 108 7
25 108 7
25 108 7
25 108 7
25 108 7
25 108 7
25 108 7
25 108 7
25 108 7
25 108 7
25 108 7
25 108 7
25 108 7
25 108 7
25 108 7
25 108 7
25 108 7
25 108 7
25 108 7
25 108 7
25 108 7
25 108 7
25 108 7
25 108 7
25 108 7
25 108 7
25 108 7
25 108 7
25 108 7
25 108 7
25 108 7
25 108 7
25 108 7
25 108 7
25 108 7
25 108 7
25 108 7
25 108 7
25 108 7
25 108 7
25 108 7
25 108 7
25 108 7
25 108 7
25 108 7
25 108 7
25 108 7
25 108 7
25 108 7
25 108 7
25 108 7
25 108 7
25 108 7
25 108 7
25 108 7
24 108 15
24 108 7
24 108 7
24 108 7
24 108 7
24 108 7
24 108 7
24 108 7
24 108 7
24 108 7
24 108 7
24 108 7
24 108 7
24 108 7
24 108 7
24 108 7
24 108 7
24 108 7
24 108 7
24 108 7
24 108 7
24 108 7
24 108 7
24 108 7
24 108 7
24 108 7
24 108 7
24 108 7
24 108 7
24 108 7
24 108 7
24 108 7
24 108 7
24 108 7
24 108 7
24 108 7
24 108 7
24 108 7
24 108 7
24 108 7
24 108 7
24 108 7
24 108 7
24 108 7
24 108 7
24 108 7
24 108 7
24 108 7
24 108 7
24 108 7
24 108 7
24 108 7
24 108 7
24 108 7
24 108 7
24 108 7
24 108 7
24 108 7
24 108 7
24 108 7
24 108 7
24 108 7
24 108 7
24 108 7
24 108 7
24 108 7
24 108 7
24 108 7
24 108 7
24 108 7
24 108 7
24 108 7
24 108 7
24 108 7
24 108 7
24 108 7
24 108 7
24 107 15
24 107 7
24 107 7
24 107 7
24 107 7
24 107 7
24 107 7
24 107 7
24 107 7
24 107 7
24 107 7
24 107 7
24 107 7
24 107 7
24 107 7
24 107 7
24 107 7
24 107 7
24 107 7
24 107 7
24 107 7
24 107 7
24 107 7
24 107 7
24 107 7
24 107 7
24 107 7
24 107 7
24 107 7
24 107 7
24 107 7
24 107 7
24 107 7
24 107 7
24 107 7
24 107 7
24 107 7
24 107 7
24 107 7
24 107 7
24 107 7
24 107 7
24 107 7
24 107 7
24 107 7
24 107 7
24 107 7
24 107 7
24 107 7
24 107 7
24 107 7
24 107 7
24 107 7
24 107 7
24 107 7
24 107 7
24 107 7
24 107 7
24 107 7
24 107 7
24 107 7
24 107 7
24 107 7
24 107 7
24 107 7
24 107 7
24 107 7
24 107 7
24 107 7
24 107 7
24 107 7
24 107 7
24 107 7
24 107 7
24 107 7
24 107 7
24 107 7
24 107 7
24 107 7
24 107 7
24 107 7
24 107 7
24 107 7
24 107 7
24 107 7
24 107 7
24 107 7
24 107 7
24 107 7
24 107 7
23 107 15
23 107 7
23 107 7
23 107 7
23 107 7
23 107 7
23 107 7
23 107 7
23 107 7
23 107 7
23 107 7
23 107 7
23 107 7
23 107 7
23 107 7
23 107 7
23 107 7
23 107 7
23 107 7
23 107 7
23 107 7
23 107 7
23 107 7
23 107 7
23 107 7
23 107 7
23 107 7
23 107 7
23 107 7
23 107 7
23 107 7
23 107 7
23 107 7
23 107 7
23 107 7
23 107 7
23 107 7
23 107 7
23 107 7
23 107 7
23 107 7
23 107 7
23 107 7
23 107 7
23 107 7
23 107 7
23 107 7
23 107 7
23 107 7
23 107 7
23 107 7
23 107 7
23 107 7
23 107 7
23 107 7
23 107 7
23 107 7
23 107 7
23 107 7
23 107 7
23 107 7
23 107 7
23 107 7
23 107 7
23 107 7
23 107 7
23 107 7
23 107 7
23 107 7
23 107 7
23 107 7
23 107 7
23 107 7
23 107 7
23 107 7
23 107 7
23 107 7
23 107 7
23 107 7
23 107 7
23 107 7
23 107 7
23 107 7
23 107 7
22 107 15
22 107 7
22 107 7
22 107 7
22 107 7
22 107 7
22 107 7
22 107 7
22 107 7
22 107 7
22 107 7
22 107 7
22 107 7
22 107 7
22 107 7
22 107 7
22 107 7
22 107 7
22 107 7
22 107 7
22 107 7
22 107 7
22 107 7
22 107 7
22 107 7
22 107 7
22 107 7
22 107 7
22 107 7
22 107 7
22 107 7
22 107 7
22 107 7
22 107 7
22 107 7
22 107 7
22 107 7
22 107 7
22 107 7
22 107 7
22 107 7
22 107 7
22 107 7
22 107 7
22 107 7
22 107 7
22 107 7
22 107 7
22 107 7
22 107 7
22 107 7
22 107 7
22 107 7
22 107 7
22 107 7
22 107 7
22 107 7
22 107 7
22 107 7
22 107 7
22 107 7
22 107 7
22 107 7
22 107 7
22 107 7
22 107 7
22 107 7
22 107 7
22 107 7
22 107 7
22 107 7
22 107 7
22 107 7
22 107 7
22 106 15
22 106 7
22 106 7
22 106 7
22 106 7
22 106 7
22 106 7
22 106 7
22 106 7
22 106 7
22 106 7
22 106 7
22 106 7
22 106 7
22 106 7
22 106 7
22 106 7
22 106 7
22 106 7
22 106 7
22 106 7
22 106 7
22 106 7
22 106 7
22 106 7
22 106 7
22 106 7
22 106 7
22 106 7
22 106 7
22 106 7
22 106 7
22 106 7
22 106 7
22 106 7
22 106 7
22 106 7
22 106 7
22 106 7
22 106 7
22 106 7
22 106 7
22 106 7
22 106 7
22 106 7
22 106 7
22 106 7
22 106 7
22 106 7
22 106 7
22 106 7
22 106 7
22 106 7
22 106 7
22 106 7
22 106 7
22 106 7
22 106 7
22 106 7
22 106 7
22 106 7
22 106 7
22 106 7
22 106 7
22 106 7
22 106 7
22 106 7
22 106 7
22 106 7
22 106 7
22 106 7
22 106 7
22 106 7
22 106 7
22 106 7
22 106 7
22 106 7
22 106 7
22 106 7
22 106 7
22 106 7
22 106 7
22 106 7
22 106 7
22 106 7
22 106 7
21 106 15
21 106 7
21 106 7
21 106 7
21 106 7
21 106 7
21 106 7
21 106 7
21 106 7
21 106 7
21 106 7
21 106 7
21 106 7
21 106 7
21 106 7
21 106 7
21 106 7
21 106 7
21 106 7
21 106 7
21 106 7
21 106 7
21 106 7
21 106 7
21 106 7
21 106 7
21 106 7
21 106 7
21 106 7
21 106 7
21 106 7
21 106 7
21 106 7
21 106 7
21 106 7
21 106 7
21 106 7
21 106 7
21 106 7
21 106 7
21 106 7
21 106 7
21 106 7
21 106 7
21 106 7
21 106 7
21 106 7
21 106 7
21 106 7
21 106 7
21 106 7
21 106 7
21 106 7
21 106 7
21 106 7
21 106 7
21 106 7
21 106 7
21 106 7
21 106 7
21 106 7
21 106 7
21 106 7
21 106 7
21 106 7
21 106 7
21 106 7
21 106 7
21 106 7
21 106 7
21 106 7
21 106 7
21 105 15
21 105 7
21 105 7
21 105 7
21 105 7
21 105 7
21 105 7
21 105 7
21 105 7
21 105 7
21 105 7
21 105 7
21 105 7
21 105 7
21 105 7
21 105 7
21 105 7
21 105 7
21 105 7
21 105 7
21 105 7
21 105 7
21 105 7
21 105 7
21 105 7
21 105 7
21 105 7
21 105 7
21 105 7
21 105 7
21 105 7
21 105 7
21 105 7
21 105 7
21 105 7
21 105 7
21 105 7
21 105 7
21 105 7
21 105 7
21 105 7
21 105 7
21 105 7
21 105 7
21 105 7
21 105 7
21 105 7
21 105 7
21 105 7
21 105 7
21 105 7
21 105 7
21 105 7
21 105 7
21 105 7
21 105 7
21 105 7
21 105 7
21 105 7
21 105 7
21 105 7
21 105 7
21 105 7
21 105 7
21 105 7
21 105 7
21 105 7
21 105 7
21 105 7
21 105 7
21 105 7
21 105 7
21 105 7
21 105 7
21 105 7
21 105 7
21 105 7
21 105 7
21 105 7
21 105 7
21 105 7
21 105 7
20 105 15
20 105 7
20 105 7
20 105 7
20 105 7
20 105 7
20 105 7
20 105 7
20 105 7
20 105 7
20 105 7
20 105 7
20 105 7
20 105 7
20 105 7
20 105 7
20 105 7
20 105 7
20 105 7
20 105 7
20 105 7
20 105 7
20 105 7
20 105 7
20 105 7
20 105 7
20 105 7
20 105 7
20 105 7
20 105 7
20 105 7
20 105 7
20 105 7
20 105 7
20 105 7
20 105 7
20 105 7
20 105 7
20 105 7
20 105 7
20 105 7
20 105 7
20 105 7
20 105 7
20 105 7
20 105 7
20 105 7
20 105 7
20 105 7
20 105 7
20 105 7
20 105 7
20 105 7
20 105 7
20 105 7
20 105 7
20 105 7
20 105 7
20 105 7
20 105 7
20 105 7
20 105 7
20 105 7
20 105 7
20 105 7
19 105 15
19 105 7
19 105 7
19 105 7
19 105 7
19 105 7
19 105 7
19 105 7
19 105 7
19 105 7
19 105 7
19 105 7
19 105 7
19 105 7
19 105 7
19 105 7
19 105 7
19 105 7
19 105 7
19 105 7
19 105 7
19 105 7
19 105 7
19 105 7
19 105 7
19 105 7
19 105 7
19 105 7
19 105 7
19 105 7
19 105 7
19 105 7
19 105 7
19 105 7
19 105 7
19 105 7
19 105 7
19 105 7
19 105 7
19 105 7
19 105 7
19 105 7
19 105 7
19 105 7
19 105 7
19 105 7
19 105 7
19 105 7
19 105 7
19 104 15
19 104 7
19 104 7
19 104 7
19 104 7
19 104 7
19 104 7
19 104 7
19 104 7
19 104 7
19 104 7
19 104 7
19 104 7
19 104 7
19 104 7
19 104 7
19 104 7
19 104 7
19 104 7
19 104 7
19 104 7
19 104 7
19 104 7
19 104 7
19 104 7
19 104 7
19 104 7
19 104 7
19 104 7
19 104 7
19 104 7
19 104 7
19 104 7
19 104 7
19 104 7
19 104 7
19 104 7
19 104 7
19 104 7
19 104 7
19 104 7
19 104 7
19 104 7
19 104 7
19 104 7
19 104 7
19 104 7
19 104 7
19 104 7
19 104 7
19 104 7
19 104 7
19 104 7
19 104 7
19 104 7
18 104 15
18 104 7
18 104 7
18 104 7
18 104 7
18 104 7
18 104 7
18 104 7
18 104 7
18 104 7
18 104 7
18 104 7
18 104 7
18 104 7
18 104 7
18 104 7
18 104 7
18 104 7
18 104 7
18 104 7
18 104 7
18 104 7
18 104 7
18 104 7
18 104 7
18 104 7
18 104 7
18 104 7
18 104 7
18 104 7
18 104 7
18 104 7
18 104 7
18 104 7
18 104 7
18 104 7
18 104 7
18 104 7
18 104 7
17 104 15
17 104 7
17 104 7
17 104 7
17 104 7
17 104 7
17 104 7
17 104 7
17 104 7
17 104 7
17 104 7
17 104 7
17 104 7
17 104 7
17 104 7
17 104 7
17 104 7
17 104 7
17 104 7
17 104 7
17 104 7
17 104 7
17 104 7
17 104 7
17 104 7
17 104 7
17 104 7
16 104 15
16 104 7
16 104 7
16 104 7
16 104 7
16 104 7
16 104 7
16 104 7
16 104 7
16 104 7
16 104 7
16 104 7
16 104 7
16 104 7
16 104 7
16 104 7
16 104 7
16 104 7
15 104 15
15 104 7
15 104 7
15 104 7
15 104 7
15 104 7
15 104 7
15 104 7
15 104 7
15 104 7
15 104 7
15 104 7
14 104 15
14 104 7
14 104 7
14 104 7
14 104 7
14 104 7
14 104 7
14 104 7
14 103 15
14 103 7
14 103 7
14 103 7
14 103 7
14 103 7
14 103 7
14 103 7
14 103 7
14 102 15
14 102 7
14 102 7
14 102 7
14 102 7
14 102 7
14 102 7
14 102 7
14 102 7
13 102 15
13 102 7
13 102 7
13 102 7
13 102 7
13 102 7
13 101 15
13 101 7
13 101 7
13 101 7
13 101 7
13 101 7
13 101 7
13 100 15
13 100 7
13 100 7
13 100 7
13 100 7
13 100 7
13 100 7
12 100 15
12 100 7
12 100 7
12 100 7
12 100 7
12 99 15
12 99 7
12 99 7
12 99 7
12 99 7
11 99 15
11 99 7
11 99 7
11 99 7
10 99 15
10 99 7
10 99 7
10 98 15
10 98 7
10 98 7
10 97 15
10 97 7
10 97 7
10 96 15
10 96 7
10 96 7
10 95 15
10 95 7
10 95 7
10 94 15
10 94 7
10 94 7
10 93 15
10 93 7
10 92 15
10 92 7
78 133 15
78 134 15
78 135 15
78 136 15
78 137 15
78 138 15
78 138 7
78 139 15
78 139 7
78 140 15
78 140 7
78 141 15
78 141 7
78 142 15
78 142 7
78 142 7
78 143 15
78 143 7
78 143 7
78 143 7
78 144 15
78 144 7
78 144 7
78 144 7
78 144 7
78 145 15
78 145 7
78 145 7
78 145 7
78 145 7
78 145 7
78 145 7
78 145 7
78 146 29
78 146 7
78 146 7
78 146 7
78 146 7
78 146 7
78 146 7
78 146 7
78 146 7
78 147 68
78 147 7
78 147 7
78 147 7
78 147 7
78 147 7
78 147 7
78 147 7
79 147 110
79 147 7
79 147 7
79 147 7
79 147 7
79 148 153
79 148 7
79 148 7
79 148 7
79 148 7
79 149 200
79 149 7
79 149 7
79 149 7
79 149 7
79 149 7
79 149 7
80 149 246
80 149 7
80 149 7
80 149 7
80 149 7
80 149 7
80 149 7
80 150 296
80 150 7
80 150 7
80 150 7
80 150 7
80 150 7
80 150 7
80 150 7
80 150 7
81 150 345
81 150 7
81 150 7
81 150 7
81 150 7
81 150 7
81 150 7
81 150 7
81 150 7
81 150 7
81 150 7
81 150 7
81 150 7
81 150 7
81 151 395
81 151 7
81 151 7
81 151 7
81 151 7
81 151 7
81 151 7
81 151 7
81 151 7
81 151 7
81 151 7
81 151 7
81 151 7
81 151 7
81 151 7
81 151 7
82 151 447
82 151 7
82 151 7
82 151 7
82 151 7
82 151 7
82 151 7
82 151 7
82 151 7
82 151 7
82 151 7
82 151 7
82 151 7
82 151 7
82 151 7
82 151 7
82 151 7
82 151 7
82 151 7
82 151 7
82 151 7
82 151 7
82 151 7
82 151 7
82 152 495
82 152 7
82 152 7
82 152 7
82 152 7
82 152 7
82 152 7
82 152 7
82 152 7
82 152 7
82 152 7
82 152 7
82 152 7
82 152 7
82 152 7
82 152 7
82 152 7
82 152 7
82 152 7
82 152 7
82 152 7
82 152 7
82 152 7
82 152 7
82 153 545
82 153 7
82 153 7
82 153 7
82 153 7
82 153 7
82 153 7
82 153 7
82 153 7
82 153 7
82 153 7
82 153 7
82 153 7
82 153 7
82 153 7
82 153 7
82 153 7
82 153 7
82 153 7
82 154 596
82 154 7
82 154 7
82 154 7
82 154 7
82 154 7
82 154 7
82 154 7
82 154 7
82 154 7
82 154 7
83 155 684
83 155 7
83 155 7
83 155 7
83 155 7
83 155 7
83 155 7
83 155 7
84 155 724
84 155 7
84 155 7
84 155 7
84 155 7
84 155 7
84 155 7
84 155 7
84 155 7
84 155 7
84 155 7
84 155 7
84 155 7
84 155 7
84 155 7
84 155 7
84 155 7
84 156 765
84 156 7
84 156 7
85 156 801
85 156 7
85 156 7
85 156 7
85 156 7
85 156 7
85 156 7
85 156 7
85 156 7
85 156 7
85 156 7
85 156 7
85 157 835
86 157 867
86 157 7
86 157 7
86 157 7
86 157 7
86 157 7
86 157 7
86 157 7
86 158 895
87 158 922
87 158 7
87 158 7
87 158 7
87 158 7
87 159 944
87 160 965
88 160 981
88 161 997
89 161 1009
90 161 1022
90 161 7
90 161 7
90 161 7
90 161 7
91 161 1034
91 161 7
91 161 7
91 161 7
91 161 7
91 161 7
91 161 7
91 161 7
91 161 7
91 161 7
91 161 7
92 161 1047
92 161 7
92 161 7
92 161 7
92 161 7
92 161 7
92 161 7
92 161 7
92 161 7
92 161 7
92 161 7
92 161 7
93 161 1060
93 161 7
93 161 7
93 161 7
93 161 7
93 161 7
93 161 7
93 161 7
93 161 7
93 161 7
94 161 1073
94 161 7
94 161 7
94 161 7
94 161 7
94 161 7
175 109 15
176 109 15
177 109 15
178 109 15
178 108 15
178 107 15
179 107 15
179 106 15
180 106 15
181 106 15
181 105 15
182 105 15
183 105 15
184 105 15
184 104 15
185 104 15
185 104 7
185 103 15
185 102 15
186 101 15
187 101 15
187 100 15
187 99 15
188 99 15
189 99 15
190 99 15
191 99 15
192 99 15
193 99 15
194 99 15
194 98 15
194 97 15
194 96 15
194 95 15
195 95 15
195 94 15
196 94 15
197 94 15
